#the gain was set to: 2	the bias was set to: 30
#Sent triggers per delay setting: 100000	and with a frequency [Hz] of: 40000
#160MHz delay setting	400MHz delay setting	Frequency	correct transmitted H+T		error rate [%]	uncertainty [%]	bad or missed events	error count	missing headers	missing trailers	flipped H/T	event nr errors	tbm missed trigger	unknown errors	event nr resets
0	0	G	40000	389	99.611	65.3175	99611	20863	156	0	0	17902	1951	854	20284
0	0	A	40000	579	99.421	98.263	99421	1158	156	0	0	28	123	851	579
0	0	B	40000	47923	52.077	32.372	52077	19705	0	0	0	17874	1828	3	19705
0	0	cSpy was 86 spamed and the readout avoided!
0	1	G	40000	12719	87.281	69.146	87281	24614	162	0	0	23971	250	231	24395
0	1	A	40000	19272	80.728	67.785	80728	12943	74	0	0	12474	197	198	12784
0	1	B	40000	17822	82.178	70.507	82178	11671	88	0	0	11497	53	33	11611
0	2	G	40000	0	100	100	100000	200000	200000	200000	200000	200000	200000	200000	200002
0	2	A	40000	0	100	100	100000	100000	100000	100000	100000	100000	100000	100000	100001
0	2	B	40000	0	100	100	100000	100000	100000	100000	100000	100000	100000	100000	100001
0	3	G	40000	100000	0	0	0	0	0	0	0	0	0	0	2
0	3	A	40000	100000	0	0	0	0	0	0	0	0	0	0	1
0	3	B	40000	100000	0	0	0	0	0	0	0	0	0	0	1
0	4	G	40000	100000	0	0	0	0	0	0	0	0	0	0	2
0	4	A	40000	100000	0	0	0	0	0	0	0	0	0	0	1
0	4	B	40000	100000	0	0	0	0	0	0	0	0	0	0	1
0	5	G	40000	50218	49.782	22.7325	49782	32919	16	0	0	32578	264	61	32895
0	5	A	40000	62233	37.767	20.764	37767	17003	8	0	0	16742	192	61	16980
0	5	B	40000	59383	40.617	24.701	40617	15916	8	0	0	15836	72	0	15915
0	6	G	40000	0	100	100	100000	200000	200000	200000	200000	200000	200000	200000	200002
0	6	A	40000	0	100	100	100000	100000	100000	100000	100000	100000	100000	100000	100001
0	6	B	40000	0	100	100	100000	100000	100000	100000	100000	100000	100000	100000	100001
0	7	G	40000	95637	4.363	2.507	4363	3704	0	0	0	3688	16	0	3706
0	7	A	40000	95640	4.36	2.508	4360	1852	0	0	0	1844	8	0	1853
0	7	B	40000	95642	4.358	2.506	4358	1852	0	0	0	1844	8	0	1853
1	0	G	40000	107	99.893	97.218	99893	2889	203	2	0	2302	223	159	2660
1	0	A	40000	238	99.762	99.51	99762	252	1	0	0	179	53	19	237
1	0	B	40000	2437	97.563	94.926	97563	2637	202	2	0	2123	170	140	2423
1	0	cSpy was 13 spamed and the readout avoided!
1	1	G	40000	95661	4.339	2.569	4339	3540	0	0	0	3522	18	0	3542
1	1	A	40000	95661	4.339	2.569	4339	1770	0	0	0	1761	9	0	1771
1	1	B	40000	95661	4.339	2.569	4339	1770	0	0	0	1761	9	0	1771
1	2	G	40000	100000	0	0	0	0	0	0	0	0	0	0	2
1	2	A	40000	100000	0	0	0	0	0	0	0	0	0	0	1
1	2	B	40000	100000	0	0	0	0	0	0	0	0	0	0	1
1	3	G	40000	99773	0.226998	0.084	227	242	0	0	0	242	0	0	244
1	3	A	40000	99817	0.182998	0.062	183	121	0	0	0	121	0	0	122
1	3	B	40000	99773	0.226998	0.106	227	121	0	0	0	121	0	0	122
1	4	G	40000	0	100	100	100000	200000	200000	200000	200000	200000	200000	200000	200002
1	4	A	40000	0	100	100	100000	100000	100000	100000	100000	100000	100000	100000	100001
1	4	B	40000	0	100	100	100000	100000	100000	100000	100000	100000	100000	100000	100001
1	5	G	40000	75379	24.621	8.961	24621	27859	7	0	0	24928	2892	32	27850
1	5	A	40000	77056	22.944	9.028	22944	13916	7	0	0	12450	1427	32	13906
1	5	B	40000	77163	22.837	8.894	22837	13943	0	0	0	12478	1465	0	13944
1	6	G	40000	100000	0	0	0	0	0	0	0	0	0	0	2
1	6	A	40000	100000	0	0	0	0	0	0	0	0	0	0	1
1	6	B	40000	100000	0	0	0	0	0	0	0	0	0	0	1
1	7	G	40000	99997	0.00299811	0.0005	3	4	0	0	0	4	0	0	6
1	7	A	40000	99998	0.00200272	0	2	2	0	0	0	2	0	0	3
1	7	B	40000	99997	0.00299811	0.001	3	2	0	0	0	2	0	0	3
2	0	G	40000	3794	96.206	46.242	96206	4935	163	0	0	3977	347	448	4562
2	0	A	40000	3842	96.158	92.066	96158	4092	163	0	0	3436	45	448	3718
2	0	B	40000	98739	1.261	0.418	1261	843	0	0	0	541	302	0	844
2	1	G	40000	99929	0.0710011	0.0285	71	76	0	0	0	76	0	0	78
2	1	A	40000	99937	0.0630021	0.025	63	38	0	0	0	38	0	0	39
2	1	B	40000	99930	0.0699997	0.032	70	38	0	0	0	38	0	0	39
2	2	G	40000	60	99.94	99.575	99940	603	0	0	0	118	1	484	245
2	2	A	40000	87	99.913	99.578	99913	335	0	0	0	28	1	306	86
2	2	B	40000	160	99.84	99.572	99840	268	0	0	0	90	0	178	159
2	2	cSpy was 20 spamed and the readout avoided!
2	3	G	40000	775	99.225	95.19	99225	5102	170	1	0	2932	1005	994	4460
2	3	A	40000	3181	96.819	93.219	96819	3600	82	0	0	1822	921	775	3150
2	3	B	40000	1337	98.663	97.161	98663	1502	88	1	0	1110	84	219	1310
2	3	cSpy was 45 spamed and the readout avoided!
2	4	G	40000	100000	0	0	0	0	0	0	0	0	0	0	2
2	4	A	40000	100000	0	0	0	0	0	0	0	0	0	0	1
2	4	B	40000	100000	0	0	0	0	0	0	0	0	0	0	1
2	5	G	40000	100000	0	0	0	0	0	0	0	0	0	0	2
2	5	A	40000	100000	0	0	0	0	0	0	0	0	0	0	1
2	5	B	40000	100000	0	0	0	0	0	0	0	0	0	0	1
2	6	G	40000	7281	92.719	81.0165	92719	17792	194	1	0	17206	97	294	17513
2	6	A	40000	10326	89.674	80.524	89674	9150	88	0	0	8773	52	237	8957
2	6	B	40000	9849	90.151	81.509	90151	8642	106	1	0	8433	45	57	8556
2	6	cSpy was 3 spamed and the readout avoided!
2	7	G	40000	0	100	100	100000	200000	200000	200000	200000	200000	200000	200000	200002
2	7	A	40000	0	100	100	100000	100000	100000	100000	100000	100000	100000	100000	100001
2	7	B	40000	0	100	100	100000	100000	100000	100000	100000	100000	100000	100000	100001
3	0	G	40000	0	100	100	100000	200000	200000	200000	200000	200000	200000	200000	200002
3	0	A	40000	0	100	100	100000	100000	100000	100000	100000	100000	100000	100000	100001
3	0	B	40000	0	100	100	100000	100000	100000	100000	100000	100000	100000	100000	100001
3	1	G	40000	1789	98.211	92.197	98211	7924	373	91	0	5411	1709	340	7392
3	1	A	40000	3957	96.043	92.039	96043	4004	180	0	0	2392	1223	209	3719
3	1	B	40000	3725	96.275	92.355	96275	3920	193	91	0	3019	486	131	3673
3	1	cSpy was 3 spamed and the readout avoided!
3	2	G	40000	99377	0.623	0.206	623	834	0	0	0	831	0	3	836
3	2	A	40000	99377	0.623	0.206	623	417	0	0	0	414	0	3	418
3	2	B	40000	99377	0.623	0.206	623	417	0	0	0	417	0	0	418
3	3	G	40000	100000	0	0	0	0	0	0	0	0	0	0	2
3	3	A	40000	100000	0	0	0	0	0	0	0	0	0	0	1
3	3	B	40000	100000	0	0	0	0	0	0	0	0	0	0	1
3	4	G	40000	99139	0.861001	0.27	861	1038	0	0	0	1035	0	3	1040
3	4	A	40000	99205	0.795001	0.276	795	519	0	0	0	516	0	3	520
3	4	B	40000	99217	0.783002	0.264	783	519	0	0	0	519	0	0	520
3	5	G	40000	69	99.931	98.916	99931	1160	34	1	1	190	726	208	1005
3	5	A	40000	214	99.786	99.549	99786	237	1	0	0	32	170	34	211
3	5	B	40000	794	99.206	98.283	99206	923	33	1	1	158	556	174	794
3	6	G	40000	58108	41.892	31.2055	41892	19564	169	7	0	18093	956	339	19279
3	6	A	40000	58989	41.011	31.261	41011	9750	81	0	0	8820	588	261	9564
3	6	B	40000	59036	40.964	31.15	40964	9814	88	7	0	9273	368	78	9715
3	6	cSpy was 13 spamed and the readout avoided!
3	7	G	40000	100000	0	0	0	0	0	0	0	0	0	0	2
3	7	A	40000	100000	0	0	0	0	0	0	0	0	0	0	1
3	7	B	40000	100000	0	0	0	0	0	0	0	0	0	0	1
4	0	G	40000	362	99.638	84.697	99638	11480	179	1	0	9890	762	648	10923
4	0	A	40000	1106	98.894	97.327	98894	1567	138	1	0	689	190	549	1099
4	0	B	40000	18020	81.98	72.067	81980	9913	41	0	0	9201	572	99	9824
4	0	cSpy was 38 spamed and the readout avoided!
4	1	G	40000	100000	0	0	0	0	0	0	0	0	0	0	2
4	1	A	40000	100000	0	0	0	0	0	0	0	0	0	0	1
4	1	B	40000	100000	0	0	0	0	0	0	0	0	0	0	1
4	2	G	40000	99999	0.00100136	0	1	2	0	0	0	2	0	0	4
4	2	A	40000	99999	0.00100136	0	1	1	0	0	0	1	0	0	2
4	2	B	40000	99999	0.00100136	0	1	1	0	0	0	1	0	0	2
4	3	G	40000	24522	75.478	34.713	75478	46998	0	0	0	46382	522	94	46992
4	3	A	40000	36791	63.209	40.766	63209	22443	0	0	0	22252	97	94	22436
4	3	B	40000	46785	53.215	28.66	53215	24555	0	0	0	24130	425	0	24556
4	4	G	40000	20503	79.497	61.1725	79497	31578	22	0	0	26713	4700	143	31506
4	4	A	40000	23161	76.839	60.978	76839	15861	14	0	0	12799	2917	131	15802
4	4	B	40000	22916	77.084	61.367	77084	15717	8	0	0	13914	1783	12	15704
4	5	G	40000	100000	0	0	0	0	0	0	0	0	0	0	2
4	5	A	40000	100000	0	0	0	0	0	0	0	0	0	0	1
4	5	B	40000	100000	0	0	0	0	0	0	0	0	0	0	1
4	6	G	40000	100000	0	0	0	0	0	0	0	0	0	0	2
4	6	A	40000	100000	0	0	0	0	0	0	0	0	0	0	1
4	6	B	40000	100000	0	0	0	0	0	0	0	0	0	0	1
4	7	G	40000	44259	55.741	23.0895	55741	36570	0	0	0	35217	1278	75	36555
4	7	A	40000	55283	44.717	26.96	44717	17757	0	0	0	17189	494	74	17741
4	7	B	40000	61968	38.032	19.219	38032	18813	0	0	0	18028	784	1	18814
5	0	G	40000	547	99.453	56.6965	99453	15830	116	0	0	14608	343	763	15237
5	0	A	40000	646	99.354	98.114	99354	1240	114	0	0	134	229	763	646
5	0	B	40000	70131	29.869	15.279	29869	14590	2	0	0	14474	114	0	14591
5	0	cSpy was 30 spamed and the readout avoided!
5	1	G	40000	84774	15.226	6.857	15226	16193	0	0	0	15818	323	52	16184
5	1	A	40000	85061	14.939	6.857	14939	8082	0	0	0	7821	209	52	8072
5	1	B	40000	85032	14.968	6.857	14968	8111	0	0	0	7997	114	0	8112
5	2	G	40000	0	100	100	100000	200000	200000	200000	200000	200000	200000	200000	200002
5	2	A	40000	0	100	100	100000	100000	100000	100000	100000	100000	100000	100000	100001
5	2	B	40000	0	100	100	100000	100000	100000	100000	100000	100000	100000	100000	100001
5	3	G	40000	99732	0.268	0.125	268	286	0	0	0	286	0	0	288
5	3	A	40000	99732	0.268	0.125	268	143	0	0	0	143	0	0	144
5	3	B	40000	99732	0.268	0.125	268	143	0	0	0	143	0	0	144
5	4	G	40000	100000	0	0	0	0	0	0	0	0	0	0	2
5	4	A	40000	100000	0	0	0	0	0	0	0	0	0	0	1
5	4	B	40000	100000	0	0	0	0	0	0	0	0	0	0	1
5	5	G	40000	97969	2.031	0.707	2031	2505	0	0	0	2497	2	6	2507
5	5	A	40000	98041	1.959	0.707	1959	1252	0	0	0	1245	1	6	1253
5	5	B	40000	98040	1.96	0.707	1960	1253	0	0	0	1252	1	0	1254
5	6	G	40000	0	100	100	100000	200000	200000	200000	200000	200000	200000	200000	200002
5	6	A	40000	0	100	100	100000	100000	100000	100000	100000	100000	100000	100000	100001
5	6	B	40000	0	100	100	100000	100000	100000	100000	100000	100000	100000	100000	100001
5	7	G	40000	13191	86.809	67.368	86809	30667	151	0	0	29200	634	682	30214
5	7	A	40000	17455	82.545	66.779	82545	15766	73	0	0	14755	350	588	15400
5	7	B	40000	17142	82.858	67.957	82858	14901	78	0	0	14445	284	94	14814
6	0	G	40000	208	99.792	98.1465	99792	2115	176	0	0	1072	293	574	1587
6	0	A	40000	1056	98.944	97.521	98944	1423	140	0	0	781	130	372	1051
6	0	B	40000	536	99.464	98.772	99464	692	36	0	0	291	163	202	536
6	0	cSpy was 37 spamed and the readout avoided!
6	1	G	40000	21602	78.398	67.416	78398	14176	119	5	0	11978	1589	485	13862
6	1	A	40000	26905	73.095	64.741	73095	8354	5	0	0	6789	1151	409	8153
6	1	B	40000	24087	75.913	70.091	75913	5822	114	5	0	5189	438	76	5709
6	1	cSpy was 24 spamed and the readout avoided!
6	2	G	40000	100000	0	0	0	0	0	0	0	0	0	0	2
6	2	A	40000	100000	0	0	0	0	0	0	0	0	0	0	1
6	2	B	40000	100000	0	0	0	0	0	0	0	0	0	0	1
6	3	G	40000	100000	0	0	0	0	0	0	0	0	0	0	2
6	3	A	40000	100000	0	0	0	0	0	0	0	0	0	0	1
6	3	B	40000	100000	0	0	0	0	0	0	0	0	0	0	1
6	4	G	40000	68022	31.978	18.981	31978	25648	0	0	0	25518	11	119	25649
6	4	A	40000	68195	31.805	18.983	31805	12822	0	0	0	12694	9	119	12822
6	4	B	40000	68195	31.805	18.979	31805	12826	0	0	0	12824	2	0	12827
6	5	G	40000	895	99.105	94.519	99105	5551	183	5	1	3479	1298	586	5134
6	5	A	40000	3726	96.274	92.521	96274	3753	83	4	1	2369	883	414	3492
6	5	B	40000	1685	98.315	96.517	98315	1798	100	1	0	1110	415	172	1642
6	5	cSpy was 50 spamed and the readout avoided!
6	6	G	40000	100000	0	0	0	0	0	0	0	0	0	0	2
6	6	A	40000	100000	0	0	0	0	0	0	0	0	0	0	1
6	6	B	40000	100000	0	0	0	0	0	0	0	0	0	0	1
6	7	G	40000	100000	0	0	0	0	0	0	0	0	0	0	2
6	7	A	40000	100000	0	0	0	0	0	0	0	0	0	0	1
6	7	B	40000	100000	0	0	0	0	0	0	0	0	0	0	1
7	0	G	40000	1630	98.37	48.9845	98370	4552	164	1	0	3717	366	304	4231
7	0	A	40000	1677	98.323	96.327	98323	1996	164	1	0	1240	288	303	1674
7	0	B	40000	95802	4.198	1.642	4198	2556	0	0	0	2477	78	1	2557
7	0	cSpy was 17 spamed and the readout avoided!
7	1	G	40000	100000	0	0	0	0	0	0	0	0	0	0	2
7	1	A	40000	100000	0	0	0	0	0	0	0	0	0	0	1
7	1	B	40000	100000	0	0	0	0	0	0	0	0	0	0	1
7	2	G	40000	98583	1.417	0.4315	1417	1880	0	0	0	1875	2	3	1882
7	2	A	40000	98628	1.372	0.432	1372	940	0	0	0	937	0	3	941
7	2	B	40000	98629	1.371	0.431	1371	940	0	0	0	938	2	0	941
7	3	G	40000	0	100	100	100000	200000	200000	200000	200000	200000	200000	200000	200002
7	3	A	40000	0	100	100	100000	100000	100000	100000	100000	100000	100000	100000	100001
7	3	B	40000	0	100	100	100000	100000	100000	100000	100000	100000	100000	100000	100001
7	4	G	40000	42511	57.489	41.9045	57489	27036	14	1	0	25767	894	360	26895
7	4	A	40000	44903	55.097	41.192	55097	13905	6	0	0	13025	523	351	13771
7	4	B	40000	44252	55.748	42.617	55748	13131	8	1	0	12742	371	9	13124
7	4	cSpy was 1 spamed and the readout avoided!
7	5	G	40000	100000	0	0	0	0	0	0	0	0	0	0	2
7	5	A	40000	100000	0	0	0	0	0	0	0	0	0	0	1
7	5	B	40000	100000	0	0	0	0	0	0	0	0	0	0	1
7	6	G	40000	99883	0.116998	0.035	117	160	0	0	0	159	0	1	162
7	6	A	40000	99885	0.115001	0.035	115	80	0	0	0	79	0	1	81
7	6	B	40000	99885	0.115001	0.035	115	80	0	0	0	80	0	0	81
7	7	G	40000	62685	37.315	20.609	37315	27424	1	0	0	27288	0	135	27424
7	7	A	40000	65372	34.628	20.841	34628	13787	0	0	0	13652	0	135	13786
7	7	B	40000	65986	34.014	20.377	34014	13637	1	0	0	13636	0	0	13638
