#the gain was set to: 2	the bias was set to: 30
#Sent triggers per delay setting: 100000	and with a frequency [Hz] of: 40000
#160MHz delay setting	400MHz delay setting	Frequency	correct transmitted H+T		error rate [%]	uncertainty [%]	bad or missed events	error count	missing headers	missing trailers	flipped H/T	event nr errors	tbm missed trigger	unknown errors	event nr resets
0	0	G	40000	365	99.635	65.379	99635	20863	154	0	0	17985	1861	863	20253
0	0	A	40000	557	99.443	98.279	99443	1164	154	0	0	28	123	859	557
0	0	B	40000	47822	52.178	32.479	52178	19699	0	0	0	17957	1738	4	19696
0	0	cSpy was 71 spamed and the readout avoided!
0	1	G	40000	20462	79.538	74.453	79538	7336	205	0	0	6814	44	273	7031
0	1	A	40000	22075	77.925	74.031	77925	3894	95	0	0	3540	32	227	3681
0	1	B	40000	21683	78.317	74.875	78317	3442	110	0	0	3274	12	46	3350
0	2	G	40000	0	100	100	100000	200000	200000	200000	200000	200000	200000	200000	200002
0	2	A	40000	0	100	100	100000	100000	100000	100000	100000	100000	100000	100000	100001
0	2	B	40000	0	100	100	100000	100000	100000	100000	100000	100000	100000	100000	100001
0	3	G	40000	100000	0	0	0	0	0	0	0	0	0	0	2
0	3	A	40000	100000	0	0	0	0	0	0	0	0	0	0	1
0	3	B	40000	100000	0	0	0	0	0	0	0	0	0	0	1
0	4	G	40000	100000	0	0	0	0	0	0	0	0	0	0	2
0	4	A	40000	100000	0	0	0	0	0	0	0	0	0	0	1
0	4	B	40000	100000	0	0	0	0	0	0	0	0	0	0	1
0	5	G	40000	42024	57.976	30.2695	57976	34970	36	0	0	34490	345	99	34915
0	5	A	40000	53516	46.484	28.294	46484	18190	17	0	0	17825	257	91	18144
0	5	B	40000	50975	49.025	32.245	49025	16780	19	0	0	16665	88	8	16771
0	6	G	40000	0	100	100	100000	200000	200000	200000	200000	200000	200000	200000	200002
0	6	A	40000	0	100	100	100000	100000	100000	100000	100000	100000	100000	100000	100001
0	6	B	40000	0	100	100	100000	100000	100000	100000	100000	100000	100000	100000	100001
0	7	G	40000	98995	1.005	0.555	1005	900	0	0	0	900	0	0	902
0	7	A	40000	98995	1.005	0.555	1005	450	0	0	0	450	0	0	451
0	7	B	40000	98995	1.005	0.555	1005	450	0	0	0	450	0	0	451
1	0	G	40000	174	99.826	97.1385	99826	2956	212	5	0	2325	274	140	2742
1	0	A	40000	363	99.637	99.245	99637	392	2	0	0	277	79	34	362
1	0	B	40000	2404	97.596	95.032	97596	2564	210	5	0	2048	195	106	2380
1	0	cSpy was 18 spamed and the readout avoided!
1	1	G	40000	88263	11.737	4.387	11737	8765	3	5	0	5461	3177	119	8762
1	1	A	40000	90455	9.545	5.206	9545	4339	0	2	0	2667	1557	113	4338
1	1	B	40000	92006	7.994	3.568	7994	4426	3	3	0	2794	1620	6	4424
1	2	G	40000	100000	0	0	0	0	0	0	0	0	0	0	2
1	2	A	40000	100000	0	0	0	0	0	0	0	0	0	0	1
1	2	B	40000	100000	0	0	0	0	0	0	0	0	0	0	1
1	3	G	40000	99976	0.0240028	0.002	24	44	0	0	0	44	0	0	46
1	3	A	40000	99976	0.0240028	0.002	24	22	0	0	0	22	0	0	23
1	3	B	40000	99976	0.0240028	0.002	24	22	0	0	0	22	0	0	23
1	4	G	40000	0	100	99.452	100000	776	76	0	0	137	21	542	320
1	4	A	40000	1	99.999	99.995	99999	4	0	0	0	0	0	4	1
1	4	B	40000	319	99.681	98.909	99681	772	76	0	0	137	21	538	319
1	4	cSpy was 80 spamed and the readout avoided!
1	5	G	40000	46364	53.636	26.008	53636	32087	286	82	1	20694	10374	653	31782
1	5	A	40000	57503	42.497	26.738	42497	15759	6	1	0	9968	5189	595	15708
1	5	B	40000	58394	41.606	25.278	41606	16328	280	81	1	10726	5185	58	16074
1	5	cSpy was 22 spamed and the readout avoided!
1	6	G	40000	100000	0	0	0	0	0	0	0	0	0	0	2
1	6	A	40000	100000	0	0	0	0	0	0	0	0	0	0	1
1	6	B	40000	100000	0	0	0	0	0	0	0	0	0	0	1
1	7	G	40000	100000	0	0	0	0	0	0	0	0	0	0	2
1	7	A	40000	100000	0	0	0	0	0	0	0	0	0	0	1
1	7	B	40000	100000	0	0	0	0	0	0	0	0	0	0	1
2	0	G	40000	3583	96.417	46.4805	96417	4773	155	0	0	3800	372	446	4402
2	0	A	40000	3606	96.394	92.513	96394	3881	155	0	0	3213	67	446	3509
2	0	B	40000	98660	1.34	0.448	1340	892	0	0	0	587	305	0	893
2	1	G	40000	100000	0	0	0	0	0	0	0	0	0	0	2
2	1	A	40000	100000	0	0	0	0	0	0	0	0	0	0	1
2	1	B	40000	100000	0	0	0	0	0	0	0	0	0	0	1
2	2	G	40000	4	99.996	99.968	99996	44	0	0	0	4	0	40	20
2	2	A	40000	5	99.995	99.967	99995	28	0	0	0	0	0	28	5
2	2	B	40000	15	99.985	99.969	99985	16	0	0	0	4	0	12	15
2	2	cSpy was 2 spamed and the readout avoided!
2	3	G	40000	0	100	100	100000	200000	200000	200000	200000	200000	200000	200000	200002
2	3	A	40000	0	100	100	100000	100000	100000	100000	100000	100000	100000	100000	100001
2	3	B	40000	0	100	100	100000	100000	100000	100000	100000	100000	100000	100000	100001
2	4	G	40000	100000	0	0	0	0	0	0	0	0	0	0	2
2	4	A	40000	100000	0	0	0	0	0	0	0	0	0	0	1
2	4	B	40000	100000	0	0	0	0	0	0	0	0	0	0	1
2	5	G	40000	100000	0	0	0	0	0	0	0	0	0	0	2
2	5	A	40000	100000	0	0	0	0	0	0	0	0	0	0	1
2	5	B	40000	100000	0	0	0	0	0	0	0	0	0	0	1
2	6	G	40000	30390	69.61	65.81	69610	5814	233	0	0	5262	23	296	5491
2	6	A	40000	31334	68.666	65.652	68666	3014	109	0	0	2666	12	227	2791
2	6	B	40000	31232	68.768	65.968	68768	2800	124	0	0	2596	11	69	2700
2	6	cSpy was 4 spamed and the readout avoided!
2	7	G	40000	0	100	100	100000	200000	200000	200000	200000	200000	200000	200000	200002
2	7	A	40000	0	100	100	100000	100000	100000	100000	100000	100000	100000	100000	100001
2	7	B	40000	0	100	100	100000	100000	100000	100000	100000	100000	100000	100000	100001
3	0	G	40000	604	99.396	75.0345	99396	15247	219	2	0	14225	298	503	14722
3	0	A	40000	926	99.074	97.674	99074	1400	144	0	0	633	134	489	925
3	0	B	40000	33758	66.242	52.395	66242	13847	75	2	0	13592	164	14	13797
3	0	cSpy was 65 spamed and the readout avoided!
3	1	G	40000	0	100	100	100000	200000	200000	200000	200000	200000	200000	200000	200002
3	1	A	40000	0	100	100	100000	100000	100000	100000	100000	100000	100000	100000	100001
3	1	B	40000	0	100	100	100000	100000	100000	100000	100000	100000	100000	100000	100001
3	2	G	40000	99652	0.348002	0.112	348	472	0	0	0	471	0	1	474
3	2	A	40000	99652	0.348002	0.112	348	236	0	0	0	235	0	1	237
3	2	B	40000	99652	0.348002	0.112	348	236	0	0	0	236	0	0	237
3	3	G	40000	100000	0	0	0	0	0	0	0	0	0	0	2
3	3	A	40000	100000	0	0	0	0	0	0	0	0	0	0	1
3	3	B	40000	100000	0	0	0	0	0	0	0	0	0	0	1
3	4	G	40000	98000	2	0.659	2000	2299	0	0	0	2294	0	5	2301
3	4	A	40000	98171	1.829	0.68	1829	1149	0	0	0	1144	0	5	1150
3	4	B	40000	98212	1.788	0.638	1788	1150	0	0	0	1150	0	0	1151
3	5	G	40000	178	99.822	98.3205	99822	1769	55	18	2	478	991	225	1578
3	5	A	40000	514	99.486	98.912	99486	574	12	0	0	129	342	91	502
3	5	B	40000	1076	98.924	97.729	98924	1195	43	18	2	349	649	134	1076
3	6	G	40000	84153	15.847	3.819	15847	24050	0	0	0	23818	148	84	24051
3	6	A	40000	84156	15.844	3.819	15844	12025	0	0	0	11823	125	77	12025
3	6	B	40000	84156	15.844	3.819	15844	12025	0	0	0	11995	23	7	12026
3	7	G	40000	100000	0	0	0	0	0	0	0	0	0	0	2
3	7	A	40000	100000	0	0	0	0	0	0	0	0	0	0	1
3	7	B	40000	100000	0	0	0	0	0	0	0	0	0	0	1
4	0	G	40000	438	99.562	82.534	99562	16058	201	0	0	14460	792	605	15519
4	0	A	40000	843	99.157	97.801	99157	1356	150	0	0	467	145	594	843
4	0	B	40000	18031	81.969	67.267	81969	14702	51	0	0	13993	647	11	14676
4	0	cSpy was 51 spamed and the readout avoided!
4	1	G	40000	100000	0	0	0	0	0	0	0	0	0	0	2
4	1	A	40000	100000	0	0	0	0	0	0	0	0	0	0	1
4	1	B	40000	100000	0	0	0	0	0	0	0	0	0	0	1
4	2	G	40000	100000	0	0	0	0	0	0	0	0	0	0	2
4	2	A	40000	100000	0	0	0	0	0	0	0	0	0	0	1
4	2	B	40000	100000	0	0	0	0	0	0	0	0	0	0	1
4	3	G	40000	23216	76.784	35.8445	76784	47435	0	0	0	47097	238	100	47431
4	3	A	40000	35337	64.663	42.07	64663	22593	0	0	0	22465	30	98	22589
4	3	B	40000	45539	54.461	29.619	54461	24842	0	0	0	24632	208	2	24842
4	4	G	40000	17928	82.072	66.246	82072	24679	237	15	0	20098	3979	350	24316
4	4	A	40000	21577	78.423	65.991	78423	12432	118	0	0	9542	2514	258	12200
4	4	B	40000	21252	78.748	66.501	78748	12247	119	15	0	10556	1465	92	12116
4	4	cSpy was 3 spamed and the readout avoided!
4	5	G	40000	100000	0	0	0	0	0	0	0	0	0	0	2
4	5	A	40000	100000	0	0	0	0	0	0	0	0	0	0	1
4	5	B	40000	100000	0	0	0	0	0	0	0	0	0	0	1
4	6	G	40000	100000	0	0	0	0	0	0	0	0	0	0	2
4	6	A	40000	100000	0	0	0	0	0	0	0	0	0	0	1
4	6	B	40000	100000	0	0	0	0	0	0	0	0	0	0	1
4	7	G	40000	55987	44.013	18.024	44013	29069	0	0	0	28067	945	57	29052
4	7	A	40000	64815	35.185	21.033	35185	14152	0	0	0	13738	357	57	14134
4	7	B	40000	70068	29.932	15.015	29932	14917	0	0	0	14329	588	0	14918
5	0	G	40000	561	99.439	56.2075	99439	15366	124	0	0	14094	371	777	14741
5	0	A	40000	666	99.334	98.043	99334	1291	123	0	0	131	261	776	666
5	0	B	40000	71553	28.447	14.372	28447	14075	1	0	0	13963	110	1	14075
5	0	cSpy was 38 spamed and the readout avoided!
5	1	G	40000	80005	19.995	6.9455	19995	15315	0	0	0	15124	164	27	15314
5	1	A	40000	84353	15.647	7.924	15647	7723	0	0	0	7627	69	27	7721
5	1	B	40000	86441	13.559	5.967	13559	7592	0	0	0	7497	95	0	7593
5	2	G	40000	1268	98.732	94.356	98732	5929	459	46	0	3640	1226	558	5215
5	2	A	40000	2983	97.017	93.763	97017	3254	225	4	0	1804	924	297	2869
5	2	B	40000	2376	97.624	94.949	97624	2675	234	42	0	1836	302	261	2346
5	2	cSpy was 9 spamed and the readout avoided!
5	3	G	40000	99958	0.0419974	0.017	42	50	0	0	0	49	0	1	52
5	3	A	40000	99958	0.0419974	0.017	42	25	0	0	0	24	0	1	26
5	3	B	40000	99958	0.0419974	0.017	42	25	0	0	0	25	0	0	26
5	4	G	40000	100000	0	0	0	0	0	0	0	0	0	0	2
5	4	A	40000	100000	0	0	0	0	0	0	0	0	0	0	1
5	4	B	40000	100000	0	0	0	0	0	0	0	0	0	0	1
5	5	G	40000	99269	0.730997	0.2545	731	796	0	0	0	795	0	1	798
5	5	A	40000	99303	0.696999	0.28	697	417	0	0	0	416	0	1	418
5	5	B	40000	99392	0.607997	0.229	608	379	0	0	0	379	0	0	380
5	6	G	40000	51	99.949	99.436	99949	684	9	0	0	63	316	296	443
5	6	A	40000	223	99.777	99.529	99777	248	1	0	0	3	208	36	222
5	6	B	40000	221	99.779	99.343	99779	436	8	0	0	60	108	260	221
5	6	cSpy was 57 spamed and the readout avoided!
5	7	G	40000	70903	29.097	4.355	29097	35721	4	0	0	33912	1721	84	35714
5	7	A	40000	78125	21.875	3.921	21875	17954	2	0	0	16590	1279	83	17948
5	7	B	40000	77444	22.556	4.789	22556	17767	2	0	0	17322	442	1	17766
6	0	G	40000	201	99.799	98.371	99799	1841	168	0	0	1004	208	461	1410
6	0	A	40000	912	99.088	97.873	99088	1215	129	0	0	682	106	298	906
6	0	B	40000	505	99.495	98.869	99495	626	39	0	0	322	102	163	504
6	0	cSpy was 36 spamed and the readout avoided!
6	1	G	40000	39416	60.584	26.0015	60584	47205	22	0	0	40355	6736	92	47174
6	1	A	40000	50797	49.203	25.208	49203	23995	14	0	0	19638	4252	91	23969
6	1	B	40000	49995	50.005	26.795	50005	23210	8	0	0	20717	2484	1	23205
6	2	G	40000	100000	0	0	0	0	0	0	0	0	0	0	2
6	2	A	40000	100000	0	0	0	0	0	0	0	0	0	0	1
6	2	B	40000	100000	0	0	0	0	0	0	0	0	0	0	1
6	3	G	40000	100000	0	0	0	0	0	0	0	0	0	0	2
6	3	A	40000	100000	0	0	0	0	0	0	0	0	0	0	1
6	3	B	40000	100000	0	0	0	0	0	0	0	0	0	0	1
6	4	G	40000	23577	76.423	35.397	76423	47478	0	0	0	47050	334	94	47478
6	4	A	40000	35762	64.238	41.607	64238	22631	0	0	0	22513	24	94	22630
6	4	B	40000	45966	54.034	29.187	54034	24847	0	0	0	24537	310	0	24848
6	5	G	40000	10684	89.316	74.2735	89316	20913	286	13	0	16275	3743	596	20389
6	5	A	40000	15644	84.356	73.498	84356	10858	149	3	0	8078	2177	451	10502
6	5	B	40000	14896	85.104	75.049	85104	10055	137	10	0	8197	1566	145	9887
6	5	cSpy was 41 spamed and the readout avoided!
6	6	G	40000	100000	0	0	0	0	0	0	0	0	0	0	2
6	6	A	40000	100000	0	0	0	0	0	0	0	0	0	0	1
6	6	B	40000	100000	0	0	0	0	0	0	0	0	0	0	1
6	7	G	40000	100000	0	0	0	0	0	0	0	0	0	0	2
6	7	A	40000	100000	0	0	0	0	0	0	0	0	0	0	1
6	7	B	40000	100000	0	0	0	0	0	0	0	0	0	0	1
7	0	G	40000	1647	98.353	48.6815	98353	3886	194	1	0	3050	318	323	3529
7	0	A	40000	1672	98.328	96.301	98328	2027	194	1	0	1229	280	323	1669
7	0	B	40000	97079	2.921	1.062	2921	1859	0	0	0	1821	38	0	1860
7	0	cSpy was 11 spamed and the readout avoided!
7	1	G	40000	100000	0	0	0	0	0	0	0	0	0	0	2
7	1	A	40000	100000	0	0	0	0	0	0	0	0	0	0	1
7	1	B	40000	100000	0	0	0	0	0	0	0	0	0	0	1
7	2	G	40000	95057	4.943	1.749	4943	4465	0	0	0	4457	3	5	4467
7	2	A	40000	95619	4.381	1.977	4381	2404	0	0	0	2399	0	5	2405
7	2	B	40000	96418	3.582	1.521	3582	2061	0	0	0	2058	3	0	2062
7	3	G	40000	550	99.45	96.8815	99450	3287	215	17	1	1789	918	347	2893
7	3	A	40000	1450	98.55	97.017	98550	1533	79	0	0	877	487	90	1402
7	3	B	40000	1500	98.5	96.746	98500	1754	136	17	1	912	431	257	1491
7	3	cSpy was 21 spamed and the readout avoided!
7	4	G	40000	94810	5.19	1.465	5190	7425	0	0	0	7376	13	36	7427
7	4	A	40000	94828	5.172	1.459	5172	3713	0	0	0	3664	13	36	3714
7	4	B	40000	94817	5.183	1.471	5183	3712	0	0	0	3712	0	0	3713
7	5	G	40000	100000	0	0	0	0	0	0	0	0	0	0	2
7	5	A	40000	100000	0	0	0	0	0	0	0	0	0	0	1
7	5	B	40000	100000	0	0	0	0	0	0	0	0	0	0	1
7	6	G	40000	99686	0.313997	0.1115	314	308	0	0	0	308	0	0	310
7	6	A	40000	99708	0.291997	0.126	292	166	0	0	0	166	0	0	167
7	6	B	40000	99761	0.239003	0.097	239	142	0	0	0	142	0	0	143
7	7	G	40000	23762	76.238	35.6135	76238	47139	0	0	0	46328	713	98	47132
7	7	A	40000	35859	64.141	41.684	64141	22457	0	0	0	21995	364	98	22449
7	7	B	40000	45775	54.225	29.543	54225	24682	0	0	0	24333	349	0	24683
