#the gain was set to: 2	the bias was set to: 30
#Sent triggers per delay setting: 100000	and with a frequency [Hz] of: 40000
#160MHz delay setting	400MHz delay setting	Frequency	correct transmitted H+T		error rate [%]	uncertainty [%]	bad or missed events	error count	missing headers	missing trailers	flipped H/T	event nr errors	tbm missed trigger	unknown errors	event nr resets
0	0	G	40000	2604	97.396	56.3965	97396	12476	119	1	0	11702	531	123	12322
0	0	A	40000	2949	97.051	94.039	97051	3012	72	1	0	2776	59	104	2889
0	0	B	40000	71782	28.218	18.754	28218	9464	47	0	0	8926	472	19	9433
0	0	cSpy was 1 spamed and the readout avoided!
0	1	G	40000	0	100	100	100000	200000	200000	200000	200000	200000	200000	200000	200002
0	1	A	40000	0	100	100	100000	100000	100000	100000	100000	100000	100000	100000	100001
0	1	B	40000	0	100	100	100000	100000	100000	100000	100000	100000	100000	100000	100001
0	2	G	40000	2677	97.323	84.3495	97323	15455	166	2	0	11355	3510	422	15050
0	2	A	40000	9323	90.677	81.578	90677	9099	21	0	0	6043	2802	233	8898
0	2	B	40000	6523	93.477	87.121	93477	6356	145	2	0	5312	708	189	6152
0	2	cSpy was 13 spamed and the readout avoided!
0	3	G	40000	75026	24.974	11.054	24974	15373	37	7	0	13755	1531	43	15337
0	3	A	40000	85849	14.151	2.765	14151	11386	0	0	0	10010	1376	0	11386
0	3	B	40000	76670	23.33	19.343	23330	3987	37	7	0	3745	155	43	3951
0	4	G	40000	100000	0	0	0	0	0	0	0	0	0	0	2
0	4	A	40000	100000	0	0	0	0	0	0	0	0	0	0	1
0	4	B	40000	100000	0	0	0	0	0	0	0	0	0	0	1
0	5	G	40000	0	100	100	100000	200000	200000	200000	200000	200000	200000	200000	200002
0	5	A	40000	0	100	100	100000	100000	100000	100000	100000	100000	100000	100000	100001
0	5	B	40000	0	100	100	100000	100000	100000	100000	100000	100000	100000	100000	100001
0	6	G	40000	1895	98.105	89.8375	98105	10184	493	39	2	7752	1504	394	9577
0	6	A	40000	3646	96.354	92.507	96354	3847	244	0	0	2617	667	319	3429
0	6	B	40000	6495	93.505	87.168	93505	6337	249	39	2	5135	837	75	6148
0	6	cSpy was 5 spamed and the readout avoided!
0	7	G	40000	22738	77.262	34.8085	77262	42030	37	0	0	40981	939	73	41961
0	7	A	40000	54184	45.816	21.606	45816	24210	0	0	0	23758	452	0	24211
0	7	B	40000	34169	65.831	48.011	65831	17820	37	0	0	17223	487	73	17750
0	7	cSpy was 4 spamed and the readout avoided!
1	0	G	40000	984	99.016	95.636	99016	4418	276	15	0	3694	362	71	4215
1	0	A	40000	1964	98.036	95.967	98036	2069	225	6	0	1599	185	54	1909
1	0	B	40000	2346	97.654	95.305	97654	2349	51	9	0	2095	177	17	2306
1	0	cSpy was 12 spamed and the readout avoided!
1	1	G	40000	74863	25.137	20.8925	25137	7714	202	0	0	5637	1683	192	7432
1	1	A	40000	75288	24.712	20.73	24712	3982	126	0	0	2830	903	123	3802
1	1	B	40000	75213	24.787	21.055	24787	3732	76	0	0	2807	780	69	3630
1	2	G	40000	100000	0	0	0	0	0	0	0	0	0	0	2
1	2	A	40000	100000	0	0	0	0	0	0	0	0	0	0	1
1	2	B	40000	100000	0	0	0	0	0	0	0	0	0	0	1
1	3	G	40000	87510	12.49	4.652	12490	14718	0	0	0	6423	8223	72	14720
1	3	A	40000	87949	12.051	4.635	12051	7416	0	0	0	3243	4101	72	7417
1	3	B	40000	88029	11.971	4.669	11971	7302	0	0	0	3180	4122	0	7303
1	4	G	40000	2118	97.882	92.323	97882	8193	961	0	0	4939	1371	922	6836
1	4	A	40000	3866	96.134	91.708	96134	4426	529	0	0	2552	834	511	3667
1	4	B	40000	3295	96.705	92.938	96705	3767	432	0	0	2387	537	411	3169
1	5	G	40000	92599	7.401	0.6015	7401	13105	0	0	0	9319	3786	0	13107
1	5	A	40000	92638	7.362	0.6	7362	6762	0	0	0	4763	1999	0	6763
1	5	B	40000	93054	6.946	0.603	6946	6343	0	0	0	4556	1787	0	6344
1	6	G	40000	100000	0	0	0	0	0	0	0	0	0	0	2
1	6	A	40000	100000	0	0	0	0	0	0	0	0	0	0	1
1	6	B	40000	100000	0	0	0	0	0	0	0	0	0	0	1
1	7	G	40000	96607	3.393	0.999	3393	4655	0	0	0	2822	1781	52	4657
1	7	A	40000	96667	3.333	0.983	3333	2350	0	0	0	1410	888	52	2351
1	7	B	40000	96680	3.32	1.015	3320	2305	0	0	0	1412	893	0	2306
2	0	G	40000	21162	78.838	33.242	78838	12361	26	0	0	12274	18	43	12320
2	0	A	40000	21163	78.837	66.48	78837	12357	26	0	0	12270	18	43	12315
2	0	B	40000	99992	0.00799894	0.004	8	4	0	0	0	4	0	0	5
2	1	G	40000	97554	2.446	0.863	2446	2760	0	0	0	970	1779	11	2762
2	1	A	40000	97754	2.246	0.864	2246	1382	0	0	0	486	885	11	1383
2	1	B	40000	97760	2.24	0.862	2240	1378	0	0	0	484	894	0	1379
2	2	G	40000	26491	73.509	58.899	73509	22965	17	11	0	16102	6226	609	22640
2	2	A	40000	29677	70.323	59.045	70323	11278	0	0	0	8452	2823	3	11277
2	2	B	40000	29560	70.44	58.753	70440	11687	17	11	0	7650	3403	606	11363
2	3	G	40000	40379	59.621	37.4165	59621	33473	302	0	0	22810	10071	290	33066
2	3	A	40000	45151	54.849	37.351	54849	17498	172	0	0	12048	5098	180	17255
2	3	B	40000	46543	53.457	37.482	53457	15975	130	0	0	10762	4973	110	15811
2	3	cSpy was 2 spamed and the readout avoided!
2	4	G	40000	100000	0	0	0	0	0	0	0	0	0	0	2
2	4	A	40000	100000	0	0	0	0	0	0	0	0	0	0	1
2	4	B	40000	100000	0	0	0	0	0	0	0	0	0	0	1
2	5	G	40000	100000	0	0	0	0	0	0	0	0	0	0	2
2	5	A	40000	100000	0	0	0	0	0	0	0	0	0	0	1
2	5	B	40000	100000	0	0	0	0	0	0	0	0	0	0	1
2	6	G	40000	41168	58.832	44.739	58832	22622	13	0	0	14925	7522	162	22536
2	6	A	40000	44546	55.454	43.744	55454	11710	0	0	0	8057	3642	11	11711
2	6	B	40000	43354	56.646	45.734	56646	10912	13	0	0	6868	3880	151	10825
2	6	cSpy was 1 spamed and the readout avoided!
2	7	G	40000	26956	73.044	40.6855	73044	42876	31	1	0	30392	12415	37	42847
2	7	A	40000	36472	63.528	40.678	63528	22850	18	1	0	16599	6196	36	22833
2	7	B	40000	39281	60.719	40.693	60719	20026	13	0	0	13793	6219	1	20014
3	0	G	40000	0	100	100	100000	200000	200000	200000	200000	200000	200000	200000	200002
3	0	A	40000	0	100	100	100000	100000	100000	100000	100000	100000	100000	100000	100001
3	0	B	40000	0	100	100	100000	100000	100000	100000	100000	100000	100000	100000	100001
3	1	G	40000	18680	81.32	63.6075	81320	23232	370	116	1	21614	1122	9	23123
3	1	A	40000	25010	74.99	63.293	74990	11697	216	49	1	10847	579	5	11648
3	1	B	40000	24543	75.457	63.922	75457	11535	154	67	0	10767	543	4	11475
3	1	cSpy was 2 spamed and the readout avoided!
3	2	G	40000	100000	0	0	0	0	0	0	0	0	0	0	2
3	2	A	40000	100000	0	0	0	0	0	0	0	0	0	0	1
3	2	B	40000	100000	0	0	0	0	0	0	0	0	0	0	1
3	3	G	40000	100000	0	0	0	0	0	0	0	0	0	0	2
3	3	A	40000	100000	0	0	0	0	0	0	0	0	0	0	1
3	3	B	40000	100000	0	0	0	0	0	0	0	0	0	0	1
3	4	G	40000	17558	82.442	61.333	82442	27018	30	0	0	25025	1852	111	26948
3	4	A	40000	22386	77.614	66.865	77614	10749	8	0	0	10629	19	93	10695
3	4	B	40000	27930	72.07	55.801	72070	16269	22	0	0	14396	1833	18	16253
3	4	cSpy was 24 spamed and the readout avoided!
3	5	G	40000	37641	62.359	36.462	62359	33916	106	48	0	32310	1447	5	33877
3	5	A	40000	46997	53.003	35.947	53003	17056	78	30	0	16191	754	3	17028
3	5	B	40000	46163	53.837	36.977	53837	16860	28	18	0	16119	693	2	16849
3	6	G	40000	99959	0.041002	0.019	41	37	0	0	0	35	2	0	39
3	6	A	40000	99964	0.0360012	0.018	36	18	0	0	0	17	1	0	19
3	6	B	40000	99961	0.0389993	0.02	39	19	0	0	0	18	1	0	20
3	7	G	40000	100000	0	0	0	0	0	0	0	0	0	0	2
3	7	A	40000	100000	0	0	0	0	0	0	0	0	0	0	1
3	7	B	40000	100000	0	0	0	0	0	0	0	0	0	0	1
4	0	G	40000	1746	98.254	48.019	98254	2698	220	0	0	1760	42	676	2143
4	0	A	40000	1754	98.246	95.954	98246	2292	220	0	0	1355	41	676	1736
4	0	B	40000	99510	0.489998	0.084	490	406	0	0	0	405	1	0	407
4	1	G	40000	100000	0	0	0	0	0	0	0	0	0	0	2
4	1	A	40000	100000	0	0	0	0	0	0	0	0	0	0	1
4	1	B	40000	100000	0	0	0	0	0	0	0	0	0	0	1
4	2	G	40000	42875	57.125	46.694	57125	19226	928	1	0	17516	2	779	18010
4	2	A	40000	43706	56.294	46.51	56294	9784	482	1	0	8781	2	518	8996
4	2	B	40000	43680	56.32	46.878	56320	9442	446	0	0	8735	0	261	9014
4	3	G	40000	0	100	100	100000	200000	200000	200000	200000	200000	200000	200000	200002
4	3	A	40000	0	100	100	100000	100000	100000	100000	100000	100000	100000	100000	100001
4	3	B	40000	0	100	100	100000	100000	100000	100000	100000	100000	100000	100000	100001
4	4	G	40000	99978	0.0220001	0.0075	22	22	0	0	0	22	0	0	24
4	4	A	40000	99982	0.0180006	0.007	18	11	0	0	0	11	0	0	12
4	4	B	40000	99981	0.019002	0.008	19	11	0	0	0	11	0	0	12
4	5	G	40000	100000	0	0	0	0	0	0	0	0	0	0	2
4	5	A	40000	100000	0	0	0	0	0	0	0	0	0	0	1
4	5	B	40000	100000	0	0	0	0	0	0	0	0	0	0	1
4	6	G	40000	63880	36.12	18.047	36120	27267	0	1	0	26887	0	379	27136
4	6	A	40000	68691	31.309	17.581	31309	13728	0	1	0	13348	0	379	13596
4	6	B	40000	67948	32.052	18.513	32052	13539	0	0	0	13539	0	0	13540
4	6	cSpy was 18 spamed and the readout avoided!
4	7	G	40000	0	100	100	100000	200000	200000	200000	200000	200000	200000	200000	200002
4	7	A	40000	0	100	100	100000	100000	100000	100000	100000	100000	100000	100000	100001
4	7	B	40000	0	100	100	100000	100000	100000	100000	100000	100000	100000	100000	100001
5	0	G	40000	1018	98.982	53.913	98982	8835	232	0	0	7729	122	752	8172
5	0	A	40000	1135	98.865	97.071	98865	1794	228	0	0	742	74	750	1131
5	0	B	40000	82204	17.796	10.755	17796	7041	4	0	0	6987	48	2	7041
5	0	cSpy was 89 spamed and the readout avoided!
5	1	G	40000	0	100	100	100000	200000	200000	200000	200000	200000	200000	200000	200002
5	1	A	40000	0	100	100	100000	100000	100000	100000	100000	100000	100000	100000	100001
5	1	B	40000	0	100	100	100000	100000	100000	100000	100000	100000	100000	100000	100001
5	2	G	40000	57963	42.037	24.468	42037	26433	12	1	0	24513	1719	188	26334
5	2	A	40000	61908	38.092	25.187	38092	12905	5	0	0	11776	943	181	12813
5	2	B	40000	62723	37.277	23.749	37277	13528	7	1	0	12737	776	7	13521
5	2	cSpy was 28 spamed and the readout avoided!
5	3	G	40000	0	100	100	100000	200000	200000	200000	200000	200000	200000	200000	200002
5	3	A	40000	0	100	100	100000	100000	100000	100000	100000	100000	100000	100000	100001
5	3	B	40000	0	100	100	100000	100000	100000	100000	100000	100000	100000	100000	100001
5	4	G	40000	100000	0	0	0	0	0	0	0	0	0	0	2
5	4	A	40000	100000	0	0	0	0	0	0	0	0	0	0	1
5	4	B	40000	100000	0	0	0	0	0	0	0	0	0	0	1
5	5	G	40000	99785	0.215	0.009	215	408	0	0	0	408	0	0	410
5	5	A	40000	99785	0.215	0.011	215	204	0	0	0	204	0	0	205
5	5	B	40000	99789	0.211	0.007	211	204	0	0	0	204	0	0	205
5	6	G	40000	6613	93.387	85.0075	93387	12717	334	0	0	11736	186	461	12177
5	6	A	40000	8071	91.929	86.071	91929	5858	96	0	0	5451	10	301	5549
5	6	B	40000	9197	90.803	83.944	90803	6859	238	0	0	6285	176	160	6628
5	6	cSpy was 73 spamed and the readout avoided!
5	7	G	40000	12346	87.654	55.682	87654	41535	40	0	0	36740	4253	502	41201
5	7	A	40000	22341	77.659	57.747	77659	19912	9	0	0	17240	2244	419	19650
5	7	B	40000	24760	75.24	53.617	75240	21623	31	0	0	19500	2009	83	21551
5	7	cSpy was 39 spamed and the readout avoided!
6	0	G	40000	0	100	100	100000	200000	200000	200000	200000	200000	200000	200000	200002
6	0	A	40000	0	100	100	100000	100000	100000	100000	100000	100000	100000	100000	100001
6	0	B	40000	0	100	100	100000	100000	100000	100000	100000	100000	100000	100000	100001
6	1	G	40000	4328	95.672	81.572	95672	18293	72	5	0	16402	1215	599	17947
6	1	A	40000	8729	91.271	82.486	91271	8785	5	0	0	7733	503	544	8503
6	1	B	40000	9834	90.166	80.658	90166	9508	67	5	0	8669	712	55	9444
6	1	cSpy was 16 spamed and the readout avoided!
6	2	G	40000	100000	0	0	0	0	0	0	0	0	0	0	2
6	2	A	40000	100000	0	0	0	0	0	0	0	0	0	0	1
6	2	B	40000	100000	0	0	0	0	0	0	0	0	0	0	1
6	3	G	40000	100000	0	0	0	0	0	0	0	0	0	0	2
6	3	A	40000	100000	0	0	0	0	0	0	0	0	0	0	1
6	3	B	40000	100000	0	0	0	0	0	0	0	0	0	0	1
6	4	G	40000	24994	75.006	54.689	75006	33018	672	0	0	31728	119	499	32148
6	4	A	40000	28539	71.461	54.944	71461	16517	322	0	0	15834	0	361	15916
6	4	B	40000	29065	70.935	54.434	70935	16501	350	0	0	15894	119	138	16232
6	4	cSpy was 7 spamed and the readout avoided!
6	5	G	40000	0	100	100	100000	200000	200000	200000	200000	200000	200000	200000	200002
6	5	A	40000	0	100	100	100000	100000	100000	100000	100000	100000	100000	100000	100001
6	5	B	40000	0	100	100	100000	100000	100000	100000	100000	100000	100000	100000	100001
6	6	G	40000	100000	0	0	0	0	0	0	0	0	0	0	2
6	6	A	40000	100000	0	0	0	0	0	0	0	0	0	0	1
6	6	B	40000	100000	0	0	0	0	0	0	0	0	0	0	1
6	7	G	40000	100000	0	0	0	0	0	0	0	0	0	0	2
6	7	A	40000	100000	0	0	0	0	0	0	0	0	0	0	1
6	7	B	40000	100000	0	0	0	0	0	0	0	0	0	0	1
7	0	G	40000	6548	93.452	43.5025	93452	6974	136	0	0	6379	56	403	6630
7	0	A	40000	6582	93.418	86.971	93418	6447	136	0	0	5852	56	403	6102
7	0	B	40000	99439	0.560999	0.034	561	527	0	0	0	527	0	0	528
7	1	G	40000	100000	0	0	0	0	0	0	0	0	0	0	2
7	1	A	40000	100000	0	0	0	0	0	0	0	0	0	0	1
7	1	B	40000	100000	0	0	0	0	0	0	0	0	0	0	1
7	2	G	40000	99644	0.356001	0.0085	356	688	0	0	0	687	0	1	690
7	2	A	40000	99646	0.353998	0.01	354	344	0	0	0	343	0	1	345
7	2	B	40000	99649	0.351	0.007	351	344	0	0	0	344	0	0	345
7	3	G	40000	0	100	100	100000	200000	200000	200000	200000	200000	200000	200000	200002
7	3	A	40000	0	100	100	100000	100000	100000	100000	100000	100000	100000	100000	100001
7	3	B	40000	0	100	100	100000	100000	100000	100000	100000	100000	100000	100000	100001
7	4	G	40000	35914	64.086	33.065	64086	41989	73	8	0	37425	4298	185	41844
7	4	A	40000	44646	55.354	34.105	55354	21249	11	8	0	18267	2818	145	21167
7	4	B	40000	47235	52.765	32.025	52765	20740	62	0	0	19158	1480	40	20677
7	4	cSpy was 20 spamed and the readout avoided!
7	5	G	40000	100000	0	0	0	0	0	0	0	0	0	0	2
7	5	A	40000	100000	0	0	0	0	0	0	0	0	0	0	1
7	5	B	40000	100000	0	0	0	0	0	0	0	0	0	0	1
7	6	G	40000	100000	0	0	0	0	0	0	0	0	0	0	2
7	6	A	40000	100000	0	0	0	0	0	0	0	0	0	0	1
7	6	B	40000	100000	0	0	0	0	0	0	0	0	0	0	1
7	7	G	40000	67482	32.518	12.047	32518	28099	27	113	0	27476	388	95	28045
7	7	A	40000	72984	27.016	12.767	27016	14249	27	113	0	13865	149	95	14194
7	7	B	40000	74823	25.177	11.327	25177	13850	0	0	0	13611	239	0	13851
7	7	cSpy was 7 spamed and the readout avoided!
