#the gain was set to: 2	the bias was set to: 30
#Sent triggers per delay setting: 100000	and with a frequency [Hz] of: 40000
#160MHz delay setting	400MHz delay setting	Frequency	correct transmitted H+T		error rate [%]	uncertainty [%]	bad or missed events	error count	missing headers	missing trailers	flipped H/T	event nr errors	tbm missed trigger	unknown errors	event nr resets
0	0	G	40000	391	99.609	74.713	99609	18653	97	0	0	17615	331	610	18158
0	0	A	40000	603	99.397	98.303	99397	1094	82	0	0	157	253	602	603
0	0	B	40000	31318	68.682	51.123	68682	17559	15	0	0	17458	78	8	17555
0	0	cSpy was 29 spamed and the readout avoided!
0	1	G	40000	37543	62.457	44.7495	62457	24380	398	0	0	23000	448	534	24051
0	1	A	40000	45201	54.799	44.307	54799	10492	203	0	0	9896	3	390	10285
0	1	B	40000	40920	59.08	45.192	59080	13888	195	0	0	13104	445	144	13766
0	2	G	40000	5551	94.449	74.1735	94449	25199	50	4	0	21641	3334	170	25075
0	2	A	40000	15493	84.507	69.851	84507	14656	14	0	0	12220	2274	148	14567
0	2	B	40000	10961	89.039	78.496	89039	10543	36	4	0	9421	1060	22	10508
0	2	cSpy was 3 spamed and the readout avoided!
0	3	G	40000	100000	0	0	0	0	0	0	0	0	0	0	2
0	3	A	40000	100000	0	0	0	0	0	0	0	0	0	0	1
0	3	B	40000	100000	0	0	0	0	0	0	0	0	0	0	1
0	4	G	40000	100000	0	0	0	0	0	0	0	0	0	0	2
0	4	A	40000	100000	0	0	0	0	0	0	0	0	0	0	1
0	4	B	40000	100000	0	0	0	0	0	0	0	0	0	0	1
0	5	G	40000	31197	68.803	48.8425	68803	26504	81	0	0	25678	299	446	26423
0	5	A	40000	40228	59.772	48.275	59772	11497	51	0	0	11019	12	415	11427
0	5	B	40000	35583	64.417	49.41	64417	15007	30	0	0	14659	287	31	14996
0	6	G	40000	2612	97.388	87.4005	97388	12498	208	7	0	9791	1970	522	11989
0	6	A	40000	6389	93.611	87.395	93611	6216	79	0	0	4563	1289	285	5974
0	6	B	40000	6312	93.688	87.406	93688	6282	129	7	0	5228	681	237	6015
0	6	cSpy was 41 spamed and the readout avoided!
0	7	G	40000	99916	0.0840008	0	84	168	0	0	0	168	0	0	170
0	7	A	40000	99916	0.0840008	0	84	84	0	0	0	84	0	0	85
0	7	B	40000	99916	0.0840008	0	84	84	0	0	0	84	0	0	85
1	0	G	40000	406	99.594	95.4335	99594	4087	215	7	0	2984	391	490	3633
1	0	A	40000	2275	97.725	95.138	97725	2587	173	6	0	1730	257	421	2199
1	0	B	40000	2771	97.229	95.729	97229	1500	42	1	0	1254	134	69	1434
1	0	cSpy was 34 spamed and the readout avoided!
1	1	G	40000	99719	0.281	0.085	281	392	0	0	0	392	0	0	394
1	1	A	40000	99719	0.281	0.085	281	196	0	0	0	196	0	0	197
1	1	B	40000	99719	0.281	0.085	281	196	0	0	0	196	0	0	197
1	2	G	40000	100000	0	0	0	0	0	0	0	0	0	0	2
1	2	A	40000	100000	0	0	0	0	0	0	0	0	0	0	1
1	2	B	40000	100000	0	0	0	0	0	0	0	0	0	0	1
1	3	G	40000	86414	13.586	5.1855	13586	11479	0	0	0	11262	180	37	11475
1	3	A	40000	89717	10.283	4.712	10283	5571	0	0	0	5399	135	37	5566
1	3	B	40000	88433	11.567	5.659	11567	5908	0	0	0	5863	45	0	5909
1	4	G	40000	0	100	100	100000	200000	200000	200000	200000	200000	200000	200000	200002
1	4	A	40000	0	100	100	100000	100000	100000	100000	100000	100000	100000	100000	100001
1	4	B	40000	0	100	100	100000	100000	100000	100000	100000	100000	100000	100000	100001
1	5	G	40000	87373	12.627	2.1305	12627	12113	0	0	0	11312	801	0	12115
1	5	A	40000	92809	7.191	1.137	7191	6054	0	0	0	5700	354	0	6055
1	5	B	40000	90817	9.183	3.124	9183	6059	0	0	0	5612	447	0	6060
1	6	G	40000	100000	0	0	0	0	0	0	0	0	0	0	2
1	6	A	40000	100000	0	0	0	0	0	0	0	0	0	0	1
1	6	B	40000	100000	0	0	0	0	0	0	0	0	0	0	1
1	7	G	40000	99892	0.107998	0	108	216	0	0	0	216	0	0	218
1	7	A	40000	99892	0.107998	0	108	108	0	0	0	108	0	0	109
1	7	B	40000	99892	0.107998	0	108	108	0	0	0	108	0	0	109
2	0	G	40000	2123	97.877	48.754	97877	4196	43	1	0	3950	133	69	4128
2	0	A	40000	2166	97.834	95.617	97834	2217	43	1	0	1971	133	69	2148
2	0	B	40000	96130	3.87	1.891	3870	1979	0	0	0	1979	0	0	1980
2	1	G	40000	95354	4.646	1.921	4646	3386	0	0	0	3308	62	16	3384
2	1	A	40000	96592	3.408	1.766	3408	1642	0	0	0	1582	44	16	1639
2	1	B	40000	96180	3.82	2.076	3820	1744	0	0	0	1726	18	0	1745
2	2	G	40000	22153	77.847	54.307	77847	28396	762	3	0	25482	1391	758	27674
2	2	A	40000	34742	65.258	51.865	65258	13393	388	1	0	11345	1151	508	12965
2	2	B	40000	28248	71.752	56.749	71752	15003	374	2	0	14137	240	250	14709
2	2	cSpy was 1 spamed and the readout avoided!
2	3	G	40000	7000	93	66.3165	93000	31856	133	0	0	27550	4019	154	31690
2	3	A	40000	21559	78.441	58.537	78441	19904	21	0	0	17067	2737	79	19834
2	3	B	40000	13952	86.048	74.096	86048	11952	112	0	0	10483	1282	75	11856
2	3	cSpy was 22 spamed and the readout avoided!
2	4	G	40000	100000	0	0	0	0	0	0	0	0	0	0	2
2	4	A	40000	100000	0	0	0	0	0	0	0	0	0	0	1
2	4	B	40000	100000	0	0	0	0	0	0	0	0	0	0	1
2	5	G	40000	100000	0	0	0	0	0	0	0	0	0	0	2
2	5	A	40000	100000	0	0	0	0	0	0	0	0	0	0	1
2	5	B	40000	100000	0	0	0	0	0	0	0	0	0	0	1
2	6	G	40000	36056	63.944	42.912	63944	24999	275	1	0	22900	1310	513	24745
2	6	A	40000	47810	52.19	40.566	52190	11624	138	1	0	9786	1300	399	11464
2	6	B	40000	41367	58.633	45.258	58633	13375	137	0	0	13114	10	114	13281
2	7	G	40000	0	100	100	100000	200000	200000	200000	200000	200000	200000	200000	200002
2	7	A	40000	0	100	100	100000	100000	100000	100000	100000	100000	100000	100000	100001
2	7	B	40000	0	100	100	100000	100000	100000	100000	100000	100000	100000	100000	100001
3	0	G	40000	716	99.284	80.62	99284	17199	310	2	0	15708	465	714	16561
3	0	A	40000	1280	98.72	96.907	98720	1813	193	0	0	916	45	659	1265
3	0	B	40000	20281	79.719	64.333	79719	15386	117	2	0	14792	420	55	15296
3	0	cSpy was 27 spamed and the readout avoided!
3	1	G	40000	0	100	100	100000	200000	200000	200000	200000	200000	200000	200000	200002
3	1	A	40000	0	100	100	100000	100000	100000	100000	100000	100000	100000	100000	100001
3	1	B	40000	0	100	100	100000	100000	100000	100000	100000	100000	100000	100000	100001
3	2	G	40000	93641	6.359	1.411	6359	8989	4	3	0	8585	397	0	8989
3	2	A	40000	93837	6.163	1.407	6163	4756	2	0	0	4370	384	0	4757
3	2	B	40000	94352	5.648	1.415	5648	4233	2	3	0	4215	13	0	4232
3	2	cSpy was 2 spamed and the readout avoided!
3	3	G	40000	100000	0	0	0	0	0	0	0	0	0	0	2
3	3	A	40000	100000	0	0	0	0	0	0	0	0	0	0	1
3	3	B	40000	100000	0	0	0	0	0	0	0	0	0	0	1
3	4	G	40000	83249	16.751	7.76	16751	14881	16	0	0	14773	70	22	14861
3	4	A	40000	84873	15.127	7.642	15127	7485	8	0	0	7443	14	20	7470
3	4	B	40000	84726	15.274	7.878	15274	7396	8	0	0	7330	56	2	7391
3	5	G	40000	0	100	100	100000	200000	200000	200000	200000	200000	200000	200000	200002
3	5	A	40000	0	100	100	100000	100000	100000	100000	100000	100000	100000	100000	100001
3	5	B	40000	0	100	100	100000	100000	100000	100000	100000	100000	100000	100000	100001
3	6	G	40000	61309	38.691	24.549	38691	21883	93	5	0	20396	1179	211	21721
3	6	A	40000	64119	35.881	24.803	35881	11078	53	3	0	10071	763	189	10949
3	6	B	40000	64900	35.1	24.295	35100	10805	40	2	0	10325	416	22	10772
3	6	cSpy was 15 spamed and the readout avoided!
3	7	G	40000	100000	0	0	0	0	0	0	0	0	0	0	2
3	7	A	40000	100000	0	0	0	0	0	0	0	0	0	0	1
3	7	B	40000	100000	0	0	0	0	0	0	0	0	0	0	1
4	0	G	40000	719	99.281	65.5745	99281	16293	189	3	0	13783	1875	443	15876
4	0	A	40000	992	99.008	97.657	99008	1351	124	1	0	535	284	407	989
4	0	B	40000	51566	48.434	33.492	48434	14942	65	2	0	13248	1591	36	14887
4	0	cSpy was 17 spamed and the readout avoided!
4	1	G	40000	100000	0	0	0	0	0	0	0	0	0	0	2
4	1	A	40000	100000	0	0	0	0	0	0	0	0	0	0	1
4	1	B	40000	100000	0	0	0	0	0	0	0	0	0	0	1
4	2	G	40000	99916	0.0840008	0.002	84	164	0	0	0	164	0	0	166
4	2	A	40000	99916	0.0840008	0.002	84	82	0	0	0	82	0	0	83
4	2	B	40000	99916	0.0840008	0.002	84	82	0	0	0	82	0	0	83
4	3	G	40000	21786	78.214	55.4745	78214	34063	630	1	0	32690	118	624	33199
4	3	A	40000	27160	72.84	55.85	72840	16990	319	1	0	16183	13	474	16389
4	3	B	40000	27828	72.172	55.099	72172	17073	311	0	0	16507	105	150	16810
4	3	cSpy was 16 spamed and the readout avoided!
4	4	G	40000	11563	88.437	58.804	88437	38951	40	5	0	34984	3624	299	38795
4	4	A	40000	21472	78.528	59.248	78528	19280	23	2	0	16806	2162	288	19133
4	4	B	40000	21969	78.031	58.36	78031	19671	17	3	0	18178	1462	11	19662
4	4	cSpy was 17 spamed and the readout avoided!
4	5	G	40000	100000	0	0	0	0	0	0	0	0	0	0	2
4	5	A	40000	100000	0	0	0	0	0	0	0	0	0	0	1
4	5	B	40000	100000	0	0	0	0	0	0	0	0	0	0	1
4	6	G	40000	100000	0	0	0	0	0	0	0	0	0	0	2
4	6	A	40000	100000	0	0	0	0	0	0	0	0	0	0	1
4	6	B	40000	100000	0	0	0	0	0	0	0	0	0	0	1
4	7	G	40000	22551	77.449	56.6285	77449	33885	667	0	0	32576	116	526	32951
4	7	A	40000	26187	73.813	56.87	73813	16943	324	0	0	16255	0	364	16330
4	7	B	40000	26671	73.329	56.387	73329	16942	343	0	0	16321	116	162	16621
4	7	cSpy was 8 spamed and the readout avoided!
5	0	G	40000	439	99.561	58.8765	99561	16729	134	0	0	15650	104	841	16173
5	0	A	40000	572	99.428	98.299	99428	1129	134	0	0	61	95	839	572
5	0	B	40000	64946	35.054	19.454	35054	15600	0	0	0	15589	9	2	15601
5	0	cSpy was 76 spamed and the readout avoided!
5	1	G	40000	38478	61.522	39.4115	61522	34048	192	0	0	33645	2	209	33839
5	1	A	40000	43540	56.46	39.509	56460	16951	96	0	0	16680	2	173	16784
5	1	B	40000	43589	56.411	39.314	56411	17097	96	0	0	16965	0	36	17055
5	1	cSpy was 6 spamed and the readout avoided!
5	2	G	40000	51	99.949	98.2535	99949	2129	92	1	0	1077	69	890	1355
5	2	A	40000	143	99.857	99.093	99857	764	2	0	0	14	2	746	143
5	2	B	40000	1221	98.779	97.414	98779	1365	90	1	0	1063	67	144	1212
5	2	cSpy was 54 spamed and the readout avoided!
5	3	G	40000	99828	0.172001	0	172	344	0	0	0	344	0	0	346
5	3	A	40000	99828	0.172001	0	172	172	0	0	0	172	0	0	173
5	3	B	40000	99828	0.172001	0	172	172	0	0	0	172	0	0	173
5	4	G	40000	100000	0	0	0	0	0	0	0	0	0	0	2
5	4	A	40000	100000	0	0	0	0	0	0	0	0	0	0	1
5	4	B	40000	100000	0	0	0	0	0	0	0	0	0	0	1
5	5	G	40000	78504	21.496	7.3685	21496	22085	2	1	0	22064	6	12	22082
5	5	A	40000	81500	18.5	7.622	18500	10878	1	0	0	10859	6	12	10874
5	5	B	40000	81678	18.322	7.115	18322	11207	1	1	0	11205	0	0	11208
5	5	cSpy was 1 spamed and the readout avoided!
5	6	G	40000	4	99.996	97.9145	99996	2198	178	2	0	647	1209	162	1971
5	6	A	40000	6	99.994	99.929	99994	65	0	0	0	0	1	64	6
5	6	B	40000	1967	98.033	95.9	98033	2133	178	2	0	647	1208	98	1965
5	6	cSpy was 24 spamed and the readout avoided!
5	7	G	40000	59091	40.909	8.7755	40909	45558	3	0	0	41080	4387	88	45523
5	7	A	40000	66726	33.274	9.152	33274	24122	3	0	0	20791	3240	88	24086
5	7	B	40000	70165	29.835	8.399	29835	21436	0	0	0	20289	1147	0	21437
5	7	cSpy was 1 spamed and the readout avoided!
6	0	G	40000	576	99.424	95.6615	99424	4603	229	2	0	2397	1280	695	4060
6	0	A	40000	1320	98.68	96.901	98680	1779	124	0	0	139	866	650	1320
6	0	B	40000	2754	97.246	94.422	97246	2824	105	2	0	2258	414	45	2740
6	0	cSpy was 41 spamed and the readout avoided!
6	1	G	40000	15457	84.543	41.645	84543	55128	1	0	0	49087	5802	238	55012
6	1	A	40000	29298	70.702	44.42	70702	26282	0	0	0	22855	3191	236	26169
6	1	B	40000	32284	67.716	38.87	67716	28846	1	0	0	26232	2611	2	28843
6	1	cSpy was 4 spamed and the readout avoided!
6	2	G	40000	100000	0	0	0	0	0	0	0	0	0	0	2
6	2	A	40000	100000	0	0	0	0	0	0	0	0	0	0	1
6	2	B	40000	100000	0	0	0	0	0	0	0	0	0	0	1
6	3	G	40000	100000	0	0	0	0	0	0	0	0	0	0	2
6	3	A	40000	100000	0	0	0	0	0	0	0	0	0	0	1
6	3	B	40000	100000	0	0	0	0	0	0	0	0	0	0	1
6	4	G	40000	19213	80.787	59.083	80787	33950	805	0	0	32422	126	597	32876
6	4	A	40000	23622	76.378	59.395	76378	16983	393	0	0	16162	3	425	16263
6	4	B	40000	24262	75.738	58.771	75738	16967	412	0	0	16260	123	172	16613
6	4	cSpy was 7 spamed and the readout avoided!
6	5	G	40000	5767	94.233	75.931	94233	23891	128	2	1	21305	1637	818	23434
6	5	A	40000	11359	88.641	77.233	88641	11408	15	0	0	9926	731	736	11046
6	5	B	40000	12888	87.112	74.629	87112	12483	113	2	1	11379	906	82	12388
6	5	cSpy was 20 spamed and the readout avoided!
6	6	G	40000	100000	0	0	0	0	0	0	0	0	0	0	2
6	6	A	40000	100000	0	0	0	0	0	0	0	0	0	0	1
6	6	B	40000	100000	0	0	0	0	0	0	0	0	0	0	1
6	7	G	40000	100000	0	0	0	0	0	0	0	0	0	0	2
6	7	A	40000	100000	0	0	0	0	0	0	0	0	0	0	1
6	7	B	40000	100000	0	0	0	0	0	0	0	0	0	0	1
7	0	G	40000	1804	98.196	48.2875	98196	3783	188	0	0	2958	81	556	3308
7	0	A	40000	1835	98.165	95.869	98165	2296	188	0	0	1471	81	556	1820
7	0	B	40000	97807	2.193	0.706	2193	1487	0	0	0	1487	0	0	1488
7	0	cSpy was 1 spamed and the readout avoided!
7	1	G	40000	100000	0	0	0	0	0	0	0	0	0	0	2
7	1	A	40000	100000	0	0	0	0	0	0	0	0	0	0	1
7	1	B	40000	100000	0	0	0	0	0	0	0	0	0	0	1
7	2	G	40000	91201	8.799	2.1505	8799	9765	5	13	0	9639	91	17	9758
7	2	A	40000	92754	7.246	2.398	7246	4848	5	13	0	4769	44	17	4840
7	2	B	40000	93180	6.82	1.903	6820	4917	0	0	0	4870	47	0	4918
7	2	cSpy was 1 spamed and the readout avoided!
7	3	G	40000	0	100	100	100000	200000	200000	200000	200000	200000	200000	200000	200002
7	3	A	40000	0	100	100	100000	100000	100000	100000	100000	100000	100000	100000	100001
7	3	B	40000	0	100	100	100000	100000	100000	100000	100000	100000	100000	100000	100001
7	4	G	40000	93617	6.383	0.386	6383	11530	0	0	0	11147	377	6	11531
7	4	A	40000	93648	6.352	0.386	6352	5966	0	0	0	5614	346	6	5966
7	4	B	40000	94050	5.95	0.386	5950	5564	0	0	0	5533	31	0	5565
7	5	G	40000	100000	0	0	0	0	0	0	0	0	0	0	2
7	5	A	40000	100000	0	0	0	0	0	0	0	0	0	0	1
7	5	B	40000	100000	0	0	0	0	0	0	0	0	0	0	1
7	6	G	40000	99873	0.127	0	127	254	0	0	0	254	0	0	256
7	6	A	40000	99873	0.127	0	127	127	0	0	0	127	0	0	128
7	6	B	40000	99873	0.127	0	127	127	0	0	0	127	0	0	128
7	7	G	40000	40413	59.587	29.9275	59587	44433	9	0	0	42720	1526	178	44354
7	7	A	40000	47269	52.731	30.407	52731	22324	3	0	0	21458	685	178	22249
7	7	B	40000	48443	51.557	29.448	51557	22109	6	0	0	21262	841	0	22105
7	7	cSpy was 8 spamed and the readout avoided!
