#the gain was set to: 2	the bias was set to: 30
#Sent triggers per delay setting: 100000	and with a frequency [Hz] of: 40000
#160MHz delay setting	400MHz delay setting	Frequency	correct transmitted H+T		error rate [%]	uncertainty [%]	bad or missed events	error count	missing headers	missing trailers	flipped H/T	event nr errors	tbm missed trigger	unknown errors	event nr resets
0	0	G	40000	399	99.601	74.5005	99601	18724	106	0	0	17654	285	679	18178
0	0	A	40000	586	99.414	98.292	99414	1122	84	0	0	158	219	661	586
0	0	B	40000	31689	68.311	50.709	68311	17602	22	0	0	17496	66	18	17592
0	0	cSpy was 26 spamed and the readout avoided!
0	1	G	40000	36478	63.522	45.946	63522	24792	594	0	0	23541	0	657	24247
0	1	A	40000	43885	56.115	45.683	56115	10432	277	0	0	9738	0	417	10154
0	1	B	40000	39431	60.569	46.209	60569	14360	317	0	0	13803	0	240	14093
0	2	G	40000	4007	95.993	81.5695	95993	18200	82	0	0	15336	2445	337	17955
0	2	A	40000	8053	91.947	84.106	91947	7841	50	0	0	6164	1300	327	7617
0	2	B	40000	10608	89.392	79.033	89392	10359	32	0	0	9172	1145	10	10338
0	3	G	40000	100000	0	0	0	0	0	0	0	0	0	0	2
0	3	A	40000	100000	0	0	0	0	0	0	0	0	0	0	1
0	3	B	40000	100000	0	0	0	0	0	0	0	0	0	0	1
0	4	G	40000	100000	0	0	0	0	0	0	0	0	0	0	2
0	4	A	40000	100000	0	0	0	0	0	0	0	0	0	0	1
0	4	B	40000	100000	0	0	0	0	0	0	0	0	0	0	1
0	5	G	40000	30287	69.713	46.734	69713	29640	86	0	0	29033	62	459	29508
0	5	A	40000	40804	59.196	46.025	59196	13171	49	0	0	12667	25	430	13070
0	5	B	40000	36088	63.912	47.443	63912	16469	37	0	0	16366	37	29	16438
0	6	G	40000	2104	97.896	90.388	97896	9689	319	14	0	7056	1936	364	9259
0	6	A	40000	4880	95.12	90.209	95120	4911	138	0	0	3303	1231	239	4669
0	6	B	40000	4655	95.345	90.567	95345	4778	181	14	0	3753	705	125	4590
0	6	cSpy was 35 spamed and the readout avoided!
0	7	G	40000	99724	0.275999	0.088	276	376	0	0	0	376	0	0	378
0	7	A	40000	99724	0.275999	0.088	276	188	0	0	0	188	0	0	189
0	7	B	40000	99724	0.275999	0.088	276	188	0	0	0	188	0	0	189
1	0	G	40000	391	99.609	96.603	99609	3588	216	4	0	2602	300	466	3139
1	0	A	40000	2391	97.609	94.903	97609	2706	186	4	0	1912	213	391	2327
1	0	B	40000	815	99.185	98.303	99185	882	30	0	0	690	87	75	812
1	0	cSpy was 23 spamed and the readout avoided!
1	1	G	40000	99732	0.268	0.072	268	392	0	0	0	392	0	0	394
1	1	A	40000	99732	0.268	0.072	268	196	0	0	0	196	0	0	197
1	1	B	40000	99732	0.268	0.072	268	196	0	0	0	196	0	0	197
1	2	G	40000	100000	0	0	0	0	0	0	0	0	0	0	2
1	2	A	40000	100000	0	0	0	0	0	0	0	0	0	0	1
1	2	B	40000	100000	0	0	0	0	0	0	0	0	0	0	1
1	3	G	40000	82869	17.131	5.4135	17131	16339	3	0	0	16136	166	34	16338
1	3	A	40000	87238	12.762	4.863	12762	7899	1	0	0	7761	104	33	7898
1	3	B	40000	85596	14.404	5.964	14404	8440	2	0	0	8375	62	1	8440
1	4	G	40000	0	100	100	100000	200000	200000	200000	200000	200000	200000	200000	200002
1	4	A	40000	0	100	100	100000	100000	100000	100000	100000	100000	100000	100000	100001
1	4	B	40000	0	100	100	100000	100000	100000	100000	100000	100000	100000	100000	100001
1	5	G	40000	92013	7.987	1.3395	7987	8909	0	0	0	8535	374	0	8911
1	5	A	40000	94696	5.304	0.853	5304	4451	0	0	0	4295	156	0	4452
1	5	B	40000	93716	6.284	1.826	6284	4458	0	0	0	4240	218	0	4459
1	6	G	40000	100000	0	0	0	0	0	0	0	0	0	0	2
1	6	A	40000	100000	0	0	0	0	0	0	0	0	0	0	1
1	6	B	40000	100000	0	0	0	0	0	0	0	0	0	0	1
1	7	G	40000	99863	0.137001	0	137	273	0	0	0	273	0	0	275
1	7	A	40000	99864	0.136	0	136	136	0	0	0	136	0	0	137
1	7	B	40000	99863	0.137001	0	137	137	0	0	0	137	0	0	138
2	0	G	40000	1936	98.064	49.1305	98064	4407	51	0	0	4122	149	85	4314
2	0	A	40000	1983	98.017	95.96	98017	2057	51	0	0	1772	149	85	1963
2	0	B	40000	95349	4.651	2.301	4651	2350	0	0	0	2350	0	0	2351
2	1	G	40000	99052	0.948	0.268	948	1077	0	0	0	1072	4	1	1079
2	1	A	40000	99225	0.774997	0.247	775	528	0	0	0	526	1	1	529
2	1	B	40000	99162	0.838	0.289	838	549	0	0	0	546	3	0	550
2	2	G	40000	20877	79.123	55.8695	79123	28431	892	4	0	25427	1289	819	27563
2	2	A	40000	32876	67.124	53.558	67124	13566	456	2	0	11652	933	523	13074
2	2	B	40000	26954	73.046	58.181	73046	14865	436	2	0	13775	356	296	14489
2	2	cSpy was 3 spamed and the readout avoided!
2	3	G	40000	12941	87.059	63.402	87059	27183	98	0	0	24109	2821	155	27031
2	3	A	40000	27063	72.937	56.277	72937	16660	37	0	0	14393	2149	81	16580
2	3	B	40000	18950	81.05	70.527	81050	10523	61	0	0	9716	672	74	10451
2	3	cSpy was 5 spamed and the readout avoided!
2	4	G	40000	100000	0	0	0	0	0	0	0	0	0	0	2
2	4	A	40000	100000	0	0	0	0	0	0	0	0	0	0	1
2	4	B	40000	100000	0	0	0	0	0	0	0	0	0	0	1
2	5	G	40000	100000	0	0	0	0	0	0	0	0	0	0	2
2	5	A	40000	100000	0	0	0	0	0	0	0	0	0	0	1
2	5	B	40000	100000	0	0	0	0	0	0	0	0	0	0	1
2	6	G	40000	35382	64.618	43.2155	64618	25277	260	2	0	23165	1332	518	25037
2	6	A	40000	47463	52.537	40.794	52537	11743	138	0	0	9892	1323	390	11581
2	6	B	40000	40829	59.171	45.637	59171	13534	122	2	0	13273	9	128	13456
2	7	G	40000	0	100	100	100000	200000	200000	200000	200000	200000	200000	200000	200002
2	7	A	40000	0	100	100	100000	100000	100000	100000	100000	100000	100000	100000	100001
2	7	B	40000	0	100	100	100000	100000	100000	100000	100000	100000	100000	100000	100001
3	0	G	40000	936	99.064	69.92	99064	14899	264	2	0	13685	263	685	14318
3	0	A	40000	1329	98.671	96.807	98671	1864	208	0	0	977	30	649	1318
3	0	B	40000	43932	56.068	43.033	56068	13035	56	2	0	12708	233	36	13000
3	0	cSpy was 32 spamed and the readout avoided!
3	1	G	40000	0	100	100	100000	200000	200000	200000	200000	200000	200000	200000	200002
3	1	A	40000	0	100	100	100000	100000	100000	100000	100000	100000	100000	100000	100001
3	1	B	40000	0	100	100	100000	100000	100000	100000	100000	100000	100000	100000	100001
3	2	G	40000	99983	0.0169992	0	17	34	0	0	0	34	0	0	36
3	2	A	40000	99983	0.0169992	0	17	17	0	0	0	17	0	0	18
3	2	B	40000	99983	0.0169992	0	17	17	0	0	0	17	0	0	18
3	3	G	40000	100000	0	0	0	0	0	0	0	0	0	0	2
3	3	A	40000	100000	0	0	0	0	0	0	0	0	0	0	1
3	3	B	40000	100000	0	0	0	0	0	0	0	0	0	0	1
3	4	G	40000	84623	15.377	4.862	15377	17683	0	0	0	17640	36	7	17685
3	4	A	40000	86392	13.608	4.695	13608	8913	0	0	0	8886	20	7	8914
3	4	B	40000	86201	13.799	5.029	13799	8770	0	0	0	8754	16	0	8771
3	5	G	40000	0	100	100	100000	200000	200000	200000	200000	200000	200000	200000	200002
3	5	A	40000	0	100	100	100000	100000	100000	100000	100000	100000	100000	100000	100001
3	5	B	40000	0	100	100	100000	100000	100000	100000	100000	100000	100000	100000	100001
3	6	G	40000	87952	12.048	2.383	12048	18160	5	2	0	17581	569	3	18162
3	6	A	40000	88168	11.832	2.379	11832	9453	0	0	0	8916	534	3	9454
3	6	B	40000	88906	11.094	2.387	11094	8707	5	2	0	8665	35	0	8708
3	6	cSpy was 1 spamed and the readout avoided!
3	7	G	40000	100000	0	0	0	0	0	0	0	0	0	0	2
3	7	A	40000	100000	0	0	0	0	0	0	0	0	0	0	1
3	7	B	40000	100000	0	0	0	0	0	0	0	0	0	0	1
4	0	G	40000	992	99.008	53.3965	99008	22505	177	2	0	20885	970	471	22032
4	0	A	40000	1241	98.759	97.047	98759	1712	173	0	0	665	405	469	1240
4	0	B	40000	69461	30.539	9.746	30539	20793	4	2	0	20220	565	2	20792
4	0	cSpy was 1 spamed and the readout avoided!
4	1	G	40000	100000	0	0	0	0	0	0	0	0	0	0	2
4	1	A	40000	100000	0	0	0	0	0	0	0	0	0	0	1
4	1	B	40000	100000	0	0	0	0	0	0	0	0	0	0	1
4	2	G	40000	96298	3.702	2.1725	3702	2347	8	0	0	2326	0	13	2339
4	2	A	40000	96658	3.342	2.182	3342	1160	4	0	0	1144	0	12	1153
4	2	B	40000	96650	3.35	2.163	3350	1187	4	0	0	1182	0	1	1186
4	2	cSpy was 1 spamed and the readout avoided!
4	3	G	40000	18989	81.011	59.22	81011	33976	807	0	0	32444	122	603	32922
4	3	A	40000	23457	76.543	59.526	76543	17017	394	0	0	16182	4	437	16291
4	3	B	40000	24127	75.873	58.914	75873	16959	413	0	0	16262	118	166	16631
4	3	cSpy was 7 spamed and the readout avoided!
4	4	G	40000	11588	88.412	59.6935	88412	37782	70	4	0	33745	3546	417	37488
4	4	A	40000	21169	78.831	60.193	78831	18638	18	3	0	16215	2088	314	18453
4	4	B	40000	21662	78.338	59.194	78338	19144	52	1	0	17530	1458	103	19035
4	4	cSpy was 50 spamed and the readout avoided!
4	5	G	40000	100000	0	0	0	0	0	0	0	0	0	0	2
4	5	A	40000	100000	0	0	0	0	0	0	0	0	0	0	1
4	5	B	40000	100000	0	0	0	0	0	0	0	0	0	0	1
4	6	G	40000	100000	0	0	0	0	0	0	0	0	0	0	2
4	6	A	40000	100000	0	0	0	0	0	0	0	0	0	0	1
4	6	B	40000	100000	0	0	0	0	0	0	0	0	0	0	1
4	7	G	40000	38245	61.755	43.17	61755	29401	318	0	0	28788	19	276	28997
4	7	A	40000	42021	57.979	43.279	57979	14700	153	0	0	14341	1	205	14416
4	7	B	40000	42238	57.762	43.061	57762	14701	165	0	0	14447	18	71	14581
4	7	cSpy was 6 spamed and the readout avoided!
5	0	G	40000	449	99.551	58.3365	99551	16389	141	0	0	15294	98	856	15823
5	0	A	40000	574	99.426	98.287	99426	1139	141	0	0	57	85	856	573
5	0	B	40000	66364	33.636	18.386	33636	15250	0	0	0	15237	13	0	15250
5	0	cSpy was 64 spamed and the readout avoided!
5	1	G	40000	46509	53.491	34.945	53491	29073	148	0	0	28773	2	150	28920
5	1	A	40000	50501	49.499	35.033	49499	14466	72	0	0	14268	2	124	14348
5	1	B	40000	50536	49.464	34.857	49464	14607	76	0	0	14505	0	26	14572
5	1	cSpy was 3 spamed and the readout avoided!
5	2	G	40000	0	100	100	100000	200000	200000	200000	200000	200000	200000	200000	200002
5	2	A	40000	0	100	100	100000	100000	100000	100000	100000	100000	100000	100000	100001
5	2	B	40000	0	100	100	100000	100000	100000	100000	100000	100000	100000	100000	100001
5	3	G	40000	99761	0.239003	0	239	478	0	0	0	478	0	0	480
5	3	A	40000	99761	0.239003	0	239	239	0	0	0	239	0	0	240
5	3	B	40000	99761	0.239003	0	239	239	0	0	0	239	0	0	240
5	4	G	40000	100000	0	0	0	0	0	0	0	0	0	0	2
5	4	A	40000	100000	0	0	0	0	0	0	0	0	0	0	1
5	4	B	40000	100000	0	0	0	0	0	0	0	0	0	0	1
5	5	G	40000	79328	20.672	6.8825	20672	21818	3	1	0	21789	2	23	21817
5	5	A	40000	82104	17.896	7.125	17896	10771	2	0	0	10744	2	23	10770
5	5	B	40000	82313	17.687	6.64	17687	11047	1	1	0	11045	0	0	11047
5	6	G	40000	43	99.957	98.151	99957	2028	162	0	0	785	714	367	1664
5	6	A	40000	98	99.902	99.645	99902	257	0	0	0	40	13	204	98
5	6	B	40000	1572	98.428	96.657	98428	1771	162	0	0	745	701	163	1566
5	6	cSpy was 72 spamed and the readout avoided!
5	7	G	40000	57658	42.342	9.2395	42342	48596	1	0	0	43708	4802	85	48568
5	7	A	40000	64387	35.613	9.554	35613	26059	1	0	0	22299	3674	85	26030
5	7	B	40000	68538	31.462	8.925	31462	22537	0	0	0	21409	1128	0	22538
6	0	G	40000	656	99.344	95.1075	99344	5197	260	7	0	2635	1475	820	4574
6	0	A	40000	1461	98.539	96.541	98539	1998	142	5	0	169	907	775	1461
6	0	B	40000	3127	96.873	93.674	96873	3199	118	2	0	2466	568	45	3113
6	0	cSpy was 45 spamed and the readout avoided!
6	1	G	40000	18427	81.573	33.225	81573	63052	2	0	0	56025	6749	276	62911
6	1	A	40000	33509	66.491	36.394	66491	30097	0	0	0	26061	3761	275	29956
6	1	B	40000	36989	63.011	30.056	63011	32955	2	0	0	29964	2988	1	32955
6	1	cSpy was 6 spamed and the readout avoided!
6	2	G	40000	100000	0	0	0	0	0	0	0	0	0	0	2
6	2	A	40000	100000	0	0	0	0	0	0	0	0	0	0	1
6	2	B	40000	100000	0	0	0	0	0	0	0	0	0	0	1
6	3	G	40000	99985	0.0150025	0.003	15	24	0	0	0	24	0	0	26
6	3	A	40000	99985	0.0150025	0.003	15	12	0	0	0	12	0	0	13
6	3	B	40000	99985	0.0150025	0.003	15	12	0	0	0	12	0	0	13
6	4	G	40000	18823	81.177	59.5465	81177	33593	790	1	0	32067	125	610	32530
6	4	A	40000	23322	76.678	59.895	76678	16783	388	1	0	15950	1	443	16065
6	4	B	40000	23992	76.008	59.198	76008	16810	402	0	0	16117	124	167	16465
6	4	cSpy was 18 spamed and the readout avoided!
6	5	G	40000	10932	89.068	73.7505	89068	20650	114	0	0	18028	2035	473	20353
6	5	A	40000	14818	85.182	75.396	85182	9786	4	0	0	8487	882	413	9567
6	5	B	40000	17031	82.969	72.105	82969	10864	110	0	0	9541	1153	60	10786
6	5	cSpy was 28 spamed and the readout avoided!
6	6	G	40000	100000	0	0	0	0	0	0	0	0	0	0	2
6	6	A	40000	100000	0	0	0	0	0	0	0	0	0	0	1
6	6	B	40000	100000	0	0	0	0	0	0	0	0	0	0	1
6	7	G	40000	100000	0	0	0	0	0	0	0	0	0	0	2
6	7	A	40000	100000	0	0	0	0	0	0	0	0	0	0	1
6	7	B	40000	100000	0	0	0	0	0	0	0	0	0	0	1
7	0	G	40000	1712	98.288	48.3675	98288	3551	222	0	0	2651	85	593	3021
7	0	A	40000	1743	98.257	96.003	98257	2254	222	0	0	1355	84	593	1723
7	0	B	40000	97971	2.029	0.732	2029	1297	0	0	0	1296	1	0	1298
7	0	cSpy was 1 spamed and the readout avoided!
7	1	G	40000	100000	0	0	0	0	0	0	0	0	0	0	2
7	1	A	40000	100000	0	0	0	0	0	0	0	0	0	0	1
7	1	B	40000	100000	0	0	0	0	0	0	0	0	0	0	1
7	2	G	40000	92614	7.386	1.2555	7386	10120	1	0	0	10035	68	16	10120
7	2	A	40000	93526	6.474	1.409	6474	5065	1	0	0	4995	53	16	5064
7	2	B	40000	93843	6.157	1.102	6157	5055	0	0	0	5040	15	0	5056
7	3	G	40000	0	100	100	100000	200000	200000	200000	200000	200000	200000	200000	200002
7	3	A	40000	0	100	100	100000	100000	100000	100000	100000	100000	100000	100000	100001
7	3	B	40000	0	100	100	100000	100000	100000	100000	100000	100000	100000	100000	100001
7	4	G	40000	72238	27.762	24.092	27762	6884	21	0	0	6401	177	285	6629
7	4	A	40000	72273	27.727	24.236	27727	3491	0	0	0	3120	145	226	3286
7	4	B	40000	72659	27.341	23.948	27341	3393	21	0	0	3281	32	59	3343
7	4	cSpy was 12 spamed and the readout avoided!
7	5	G	40000	100000	0	0	0	0	0	0	0	0	0	0	2
7	5	A	40000	100000	0	0	0	0	0	0	0	0	0	0	1
7	5	B	40000	100000	0	0	0	0	0	0	0	0	0	0	1
7	6	G	40000	99756	0.243998	0.0015	244	484	0	0	0	484	0	0	486
7	6	A	40000	99756	0.243998	0.002	244	242	0	0	0	242	0	0	243
7	6	B	40000	99757	0.243002	0.001	243	242	0	0	0	242	0	0	243
7	7	G	40000	37478	62.522	33.195	62522	42918	9	6	0	41202	1512	189	42842
7	7	A	40000	44729	55.271	33.798	55271	21473	6	6	0	20603	674	184	21402
7	7	B	40000	45963	54.037	32.592	54037	21445	3	0	0	20599	838	5	21440
7	7	cSpy was 6 spamed and the readout avoided!
