#the gain was set to: 2	the bias was set to: 30
#Sent triggers per delay setting: 100000	and with a frequency [Hz] of: 40000
#160MHz delay setting	400MHz delay setting	Frequency	correct transmitted H+T		error rate [%]	uncertainty [%]	bad or missed events	error count	missing headers	missing trailers	flipped H/T	event nr errors	tbm missed trigger	unknown errors	event nr resets
0	0	G	40000	386	99.614	73.858	99614	18703	93	0	0	17671	290	649	18168
0	0	A	40000	579	99.421	98.32	99421	1101	81	0	0	145	244	631	579
0	0	B	40000	33002	66.998	49.396	66998	17602	12	0	0	17526	46	18	17589
0	0	cSpy was 30 spamed and the readout avoided!
0	1	G	40000	38335	61.665	42.594	61665	25038	146	0	0	24417	33	442	24900
0	1	A	40000	47133	52.867	41.999	52867	10868	75	0	0	10396	13	384	10767
0	1	B	40000	42641	57.359	43.189	57359	14170	71	0	0	14021	20	58	14133
0	2	G	40000	3805	96.195	82.1975	96195	17610	70	0	0	14885	2305	350	17385
0	2	A	40000	7346	92.654	85.465	92654	7189	49	0	0	5696	1098	346	6974
0	2	B	40000	10649	89.351	78.93	89351	10421	21	0	0	9189	1207	4	10411
0	2	cSpy was 1 spamed and the readout avoided!
0	3	G	40000	100000	0	0	0	0	0	0	0	0	0	0	2
0	3	A	40000	100000	0	0	0	0	0	0	0	0	0	0	1
0	3	B	40000	100000	0	0	0	0	0	0	0	0	0	0	1
0	4	G	40000	100000	0	0	0	0	0	0	0	0	0	0	2
0	4	A	40000	100000	0	0	0	0	0	0	0	0	0	0	1
0	4	B	40000	100000	0	0	0	0	0	0	0	0	0	0	1
0	5	G	40000	30247	69.753	46.5595	69753	29805	64	0	0	29225	83	433	29719
0	5	A	40000	40935	59.065	45.84	59065	13225	33	0	0	12749	34	409	13149
0	5	B	40000	36141	63.859	47.279	63859	16580	31	0	0	16476	49	24	16570
0	6	G	40000	1882	98.118	91.245	98118	8847	269	9	0	6183	2013	373	8421
0	6	A	40000	4503	95.497	90.927	95497	4570	119	0	0	2928	1301	222	4336
0	6	B	40000	4160	95.84	91.563	95840	4277	150	9	0	3255	712	151	4085
0	6	cSpy was 22 spamed and the readout avoided!
0	7	G	40000	98687	1.313	0.267	1313	2076	0	0	0	2075	1	0	2078
0	7	A	40000	98699	1.301	0.265	1301	1036	0	0	0	1036	0	0	1037
0	7	B	40000	98691	1.309	0.269	1309	1040	0	0	0	1039	1	0	1041
1	0	G	40000	373	99.627	97.366	99627	2886	230	0	0	1650	452	554	2360
1	0	A	40000	1281	98.719	97.012	98719	1707	178	0	0	840	219	470	1269
1	0	B	40000	1101	98.899	97.72	98899	1179	52	0	0	810	233	84	1091
1	0	cSpy was 33 spamed and the readout avoided!
1	1	G	40000	98112	1.888	0.352	1888	3005	0	0	0	2994	11	0	3007
1	1	A	40000	98157	1.843	0.341	1843	1502	0	0	0	1496	6	0	1503
1	1	B	40000	98134	1.866	0.363	1866	1503	0	0	0	1498	5	0	1504
1	2	G	40000	100000	0	0	0	0	0	0	0	0	0	0	2
1	2	A	40000	100000	0	0	0	0	0	0	0	0	0	0	1
1	2	B	40000	100000	0	0	0	0	0	0	0	0	0	0	1
1	3	G	40000	86955	13.045	6.7335	13045	8537	8	0	0	8255	215	59	8532
1	3	A	40000	89673	10.327	6.255	10327	4072	6	0	0	3809	201	56	4066
1	3	B	40000	88323	11.677	7.212	11677	4465	2	0	0	4446	14	3	4466
1	4	G	40000	0	100	100	100000	200000	200000	200000	200000	200000	200000	200000	200002
1	4	A	40000	0	100	100	100000	100000	100000	100000	100000	100000	100000	100000	100001
1	4	B	40000	0	100	100	100000	100000	100000	100000	100000	100000	100000	100000	100001
1	5	G	40000	61851	38.149	8.0665	38149	29531	0	0	0	26123	3408	0	29533
1	5	A	40000	81897	18.103	2.651	18103	15452	0	0	0	13588	1864	0	15453
1	5	B	40000	72439	27.561	13.482	27561	14079	0	0	0	12535	1544	0	14080
1	6	G	40000	100000	0	0	0	0	0	0	0	0	0	0	2
1	6	A	40000	100000	0	0	0	0	0	0	0	0	0	0	1
1	6	B	40000	100000	0	0	0	0	0	0	0	0	0	0	1
1	7	G	40000	99998	0.00200272	0	2	4	0	0	0	4	0	0	6
1	7	A	40000	99998	0.00200272	0	2	2	0	0	0	2	0	0	3
1	7	B	40000	99998	0.00200272	0	2	2	0	0	0	2	0	0	3
2	0	G	40000	2181	97.819	48.6445	97819	4168	53	0	0	3917	106	92	4064
2	0	A	40000	2223	97.777	95.489	97777	2288	53	0	0	2037	106	92	2183
2	0	B	40000	96320	3.68	1.8	3680	1880	0	0	0	1880	0	0	1881
2	1	G	40000	99464	0.536001	0.0905	536	778	0	0	0	775	0	3	779
2	1	A	40000	99538	0.462002	0.08	462	382	0	0	0	379	0	3	382
2	1	B	40000	99503	0.497001	0.101	497	396	0	0	0	396	0	0	397
2	2	G	40000	30014	69.986	44.6875	69986	30257	592	2	0	27662	1384	617	29682
2	2	A	40000	43639	56.361	42.225	56361	14136	298	2	0	12098	1320	418	13812
2	2	B	40000	36729	63.271	47.15	63271	16121	294	0	0	15564	64	199	15870
2	3	G	40000	4950	95.05	74.217	95050	25106	98	2	0	20326	4485	195	24932
2	3	A	40000	16959	83.041	66.954	83041	16087	44	0	0	12576	3309	158	15963
2	3	B	40000	9501	90.499	81.48	90499	9019	54	2	0	7750	1176	37	8969
2	3	cSpy was 7 spamed and the readout avoided!
2	4	G	40000	100000	0	0	0	0	0	0	0	0	0	0	2
2	4	A	40000	100000	0	0	0	0	0	0	0	0	0	0	1
2	4	B	40000	100000	0	0	0	0	0	0	0	0	0	0	1
2	5	G	40000	100000	0	0	0	0	0	0	0	0	0	0	2
2	5	A	40000	100000	0	0	0	0	0	0	0	0	0	0	1
2	5	B	40000	100000	0	0	0	0	0	0	0	0	0	0	1
2	6	G	40000	32099	67.901	43.032	67901	28739	94	0	0	26818	1433	394	28645
2	6	A	40000	46237	53.763	40.317	53763	13446	56	0	0	11628	1395	367	13369
2	6	B	40000	38960	61.04	45.747	61040	15293	38	0	0	15190	38	27	15276
2	7	G	40000	0	100	100	100000	200000	200000	200000	200000	200000	200000	200000	200002
2	7	A	40000	0	100	100	100000	100000	100000	100000	100000	100000	100000	100000	100001
2	7	B	40000	0	100	100	100000	100000	100000	100000	100000	100000	100000	100000	100001
3	0	G	40000	867	99.133	74.631	99133	18602	258	5	0	17295	367	677	18011
3	0	A	40000	1416	98.584	96.626	98584	1958	206	0	0	1069	24	659	1402
3	0	B	40000	30720	69.28	52.636	69280	16644	52	5	0	16226	343	18	16609
3	0	cSpy was 12 spamed and the readout avoided!
3	1	G	40000	0	100	100	100000	200000	200000	200000	200000	200000	200000	200000	200002
3	1	A	40000	0	100	100	100000	100000	100000	100000	100000	100000	100000	100000	100001
3	1	B	40000	0	100	100	100000	100000	100000	100000	100000	100000	100000	100000	100001
3	2	G	40000	99444	0.555998	0.002	556	1108	0	0	0	1108	0	0	1110
3	2	A	40000	99444	0.555998	0.002	556	554	0	0	0	554	0	0	555
3	2	B	40000	99444	0.555998	0.002	556	554	0	0	0	554	0	0	555
3	3	G	40000	100000	0	0	0	0	0	0	0	0	0	0	2
3	3	A	40000	100000	0	0	0	0	0	0	0	0	0	0	1
3	3	B	40000	100000	0	0	0	0	0	0	0	0	0	0	1
3	4	G	40000	95408	4.592	0.618	4592	7617	0	0	0	7612	5	0	7619
3	4	A	40000	95615	4.385	0.57	4385	3815	0	0	0	3810	5	0	3816
3	4	B	40000	95532	4.468	0.666	4468	3802	0	0	0	3802	0	0	3803
3	5	G	40000	0	100	100	100000	200000	200000	200000	200000	200000	200000	200000	200002
3	5	A	40000	0	100	100	100000	100000	100000	100000	100000	100000	100000	100000	100001
3	5	B	40000	0	100	100	100000	100000	100000	100000	100000	100000	100000	100000	100001
3	6	G	40000	66348	33.652	8.76	33652	39015	10	11	0	36180	2770	44	38997
3	6	A	40000	70747	29.253	8.644	29253	20609	6	0	0	18009	2576	18	20609
3	6	B	40000	72718	27.282	8.876	27282	18406	4	11	0	18171	194	26	18388
3	6	cSpy was 8 spamed and the readout avoided!
3	7	G	40000	100000	0	0	0	0	0	0	0	0	0	0	2
3	7	A	40000	100000	0	0	0	0	0	0	0	0	0	0	1
3	7	B	40000	100000	0	0	0	0	0	0	0	0	0	0	1
4	0	G	40000	797	99.203	69.7735	99203	20350	175	3	0	16729	3076	367	19992
4	0	A	40000	1252	98.748	97.204	98748	1544	94	0	0	736	372	342	1245
4	0	B	40000	38851	61.149	42.343	61149	18806	81	3	0	15993	2704	25	18747
4	0	cSpy was 36 spamed and the readout avoided!
4	1	G	40000	100000	0	0	0	0	0	0	0	0	0	0	2
4	1	A	40000	100000	0	0	0	0	0	0	0	0	0	0	1
4	1	B	40000	100000	0	0	0	0	0	0	0	0	0	0	1
4	2	G	40000	97591	2.409	0.6885	2409	2733	0	0	0	2728	2	3	2735
4	2	A	40000	97935	2.065	0.718	2065	1347	0	0	0	1342	2	3	1348
4	2	B	40000	97955	2.045	0.659	2045	1386	0	0	0	1386	0	0	1387
4	3	G	40000	22405	77.595	55.543	77595	35264	677	0	0	33972	101	514	34372
4	3	A	40000	26583	73.417	55.781	73417	17636	327	0	0	16935	5	369	17037
4	3	B	40000	27067	72.933	55.305	72933	17628	350	0	0	17037	96	145	17335
4	3	cSpy was 8 spamed and the readout avoided!
4	4	G	40000	7828	92.172	71.0045	92172	28146	111	15	0	25300	2336	384	27877
4	4	A	40000	14642	85.358	71.415	85358	13943	50	9	0	12286	1249	349	13730
4	4	B	40000	15203	84.797	70.594	84797	14203	61	6	0	13014	1087	35	14147
4	4	cSpy was 20 spamed and the readout avoided!
4	5	G	40000	100000	0	0	0	0	0	0	0	0	0	0	2
4	5	A	40000	100000	0	0	0	0	0	0	0	0	0	0	1
4	5	B	40000	100000	0	0	0	0	0	0	0	0	0	0	1
4	6	G	40000	100000	0	0	0	0	0	0	0	0	0	0	2
4	6	A	40000	100000	0	0	0	0	0	0	0	0	0	0	1
4	6	B	40000	100000	0	0	0	0	0	0	0	0	0	0	1
4	7	G	40000	34490	65.51	46.397	65510	30235	410	0	0	29448	23	354	29679
4	7	A	40000	38341	61.659	46.539	61659	15120	198	0	0	14670	1	251	14749
4	7	B	40000	38630	61.37	46.255	61370	15115	212	0	0	14778	22	103	14930
4	7	cSpy was 6 spamed and the readout avoided!
5	0	G	40000	483	99.517	57.624	99517	15525	129	0	0	14459	99	838	15000
5	0	A	40000	600	99.4	98.275	99400	1125	129	0	0	66	94	836	600
5	0	B	40000	68627	31.373	16.973	31373	14400	0	0	0	14393	5	2	14400
5	0	cSpy was 67 spamed and the readout avoided!
5	1	G	40000	67030	32.97	16.8025	32970	25028	18	0	0	24954	3	53	25009
5	1	A	40000	70698	29.302	16.93	29302	12372	9	0	0	12308	3	52	12353
5	1	B	40000	70669	29.331	16.675	29331	12656	9	0	0	12646	0	1	12656
5	1	cSpy was 4 spamed and the readout avoided!
5	2	G	40000	0	100	100	100000	200000	200000	200000	200000	200000	200000	200000	200002
5	2	A	40000	0	100	100	100000	100000	100000	100000	100000	100000	100000	100000	100001
5	2	B	40000	0	100	100	100000	100000	100000	100000	100000	100000	100000	100000	100001
5	3	G	40000	97610	2.39	0.008	2390	4734	0	0	0	4709	25	0	4736
5	3	A	40000	97610	2.39	0.008	2390	2382	0	0	0	2357	25	0	2383
5	3	B	40000	97640	2.36	0.008	2360	2352	0	0	0	2352	0	0	2353
5	4	G	40000	100000	0	0	0	0	0	0	0	0	0	0	2
5	4	A	40000	100000	0	0	0	0	0	0	0	0	0	0	1
5	4	B	40000	100000	0	0	0	0	0	0	0	0	0	0	1
5	5	G	40000	95313	4.687	0.779	4687	7114	0	0	0	7114	0	0	7116
5	5	A	40000	95613	4.387	0.847	4387	3540	0	0	0	3540	0	0	3541
5	5	B	40000	95715	4.285	0.711	4285	3574	0	0	0	3574	0	0	3575
5	6	G	40000	4	99.996	97.801	99996	2303	194	1	0	878	1088	142	2089
5	6	A	40000	10	99.99	99.926	99990	64	0	0	0	0	1	63	10
5	6	B	40000	2085	97.915	95.676	97915	2239	194	1	0	878	1087	79	2079
5	6	cSpy was 41 spamed and the readout avoided!
5	7	G	40000	21510	78.49	28.713	78490	64358	0	1	0	56512	7677	168	64281
5	7	A	40000	37583	62.417	31.548	62417	30869	0	1	0	26297	4406	165	30794
5	7	B	40000	40633	59.367	25.878	59367	33489	0	0	0	30215	3271	3	33487
5	7	cSpy was 6 spamed and the readout avoided!
6	0	G	40000	481	99.519	96.7155	99519	3579	324	1	1	1729	933	591	2980
6	0	A	40000	1136	98.864	97.283	98864	1581	177	1	0	281	627	495	1136
6	0	B	40000	1854	98.146	96.148	98146	1998	147	0	1	1448	306	96	1844
6	0	cSpy was 68 spamed and the readout avoided!
6	1	G	40000	9020	90.98	62.7935	90980	36341	18	0	0	32527	3337	459	36122
6	1	A	40000	17963	82.037	64.679	82037	17358	2	0	0	15262	1649	445	17154
6	1	B	40000	20109	79.891	60.908	79891	18983	16	0	0	17265	1688	14	18968
6	1	cSpy was 4 spamed and the readout avoided!
6	2	G	40000	100000	0	0	0	0	0	0	0	0	0	0	2
6	2	A	40000	100000	0	0	0	0	0	0	0	0	0	0	1
6	2	B	40000	100000	0	0	0	0	0	0	0	0	0	0	1
6	3	G	40000	100000	0	0	0	0	0	0	0	0	0	0	2
6	3	A	40000	100000	0	0	0	0	0	0	0	0	0	0	1
6	3	B	40000	100000	0	0	0	0	0	0	0	0	0	0	1
6	4	G	40000	20377	79.623	58.7125	79623	34192	816	0	0	32620	155	601	33107
6	4	A	40000	23902	76.098	58.993	76098	17105	394	0	0	16286	0	425	16382
6	4	B	40000	24481	75.519	58.432	75519	17087	422	0	0	16334	155	176	16725
6	4	cSpy was 8 spamed and the readout avoided!
6	5	G	40000	2011	97.989	90.028	97989	10162	286	10	2	8475	536	855	9533
6	5	A	40000	4523	95.477	90.658	95477	4819	47	1	2	3851	241	678	4442
6	5	B	40000	5259	94.741	89.398	94741	5343	239	9	0	4624	295	177	5091
6	5	cSpy was 74 spamed and the readout avoided!
6	6	G	40000	100000	0	0	0	0	0	0	0	0	0	0	2
6	6	A	40000	100000	0	0	0	0	0	0	0	0	0	0	1
6	6	B	40000	100000	0	0	0	0	0	0	0	0	0	0	1
6	7	G	40000	100000	0	0	0	0	0	0	0	0	0	0	2
6	7	A	40000	100000	0	0	0	0	0	0	0	0	0	0	1
6	7	B	40000	100000	0	0	0	0	0	0	0	0	0	0	1
7	0	G	40000	1866	98.134	48.116	98134	3475	224	0	0	2594	80	577	2922
7	0	A	40000	1885	98.115	95.695	98115	2420	224	0	0	1539	80	577	1866
7	0	B	40000	98408	1.592	0.537	1592	1055	0	0	0	1055	0	0	1056
7	0	cSpy was 4 spamed and the readout avoided!
7	1	G	40000	100000	0	0	0	0	0	0	0	0	0	0	2
7	1	A	40000	100000	0	0	0	0	0	0	0	0	0	0	1
7	1	B	40000	100000	0	0	0	0	0	0	0	0	0	0	1
7	2	G	40000	96527	3.473	0.6275	3473	4593	1	2	0	4546	33	11	4593
7	2	A	40000	96995	3.005	0.712	3005	2293	1	2	0	2255	24	11	2292
7	2	B	40000	97157	2.843	0.543	2843	2300	0	0	0	2291	9	0	2301
7	3	G	40000	1373	98.627	92.5625	98627	7435	145	3	0	6028	804	455	7039
7	3	A	40000	2541	97.459	94.832	97459	2627	52	1	0	2240	35	299	2389
7	3	B	40000	4899	95.101	90.293	95101	4808	93	2	0	3788	769	156	4650
7	3	cSpy was 99 spamed and the readout avoided!
7	4	G	40000	77200	22.8	4.816	22800	30878	0	0	0	28029	2800	49	30868
7	4	A	40000	78182	21.818	4.833	21818	16985	0	0	0	14575	2361	49	16974
7	4	B	40000	81308	18.692	4.799	18692	13893	0	0	0	13454	439	0	13894
7	5	G	40000	100000	0	0	0	0	0	0	0	0	0	0	2
7	5	A	40000	100000	0	0	0	0	0	0	0	0	0	0	1
7	5	B	40000	100000	0	0	0	0	0	0	0	0	0	0	1
7	6	G	40000	98106	1.894	0.5845	1894	1677	2	3	0	1654	13	5	1676
7	6	A	40000	98524	1.476	0.649	1476	827	2	3	0	813	4	5	825
7	6	B	40000	98630	1.37	0.52	1370	850	0	0	0	841	9	0	851
7	7	G	40000	55471	44.529	17.6845	44529	39903	19	33	0	38854	782	215	39791
7	7	A	40000	61527	38.473	18.137	38473	20336	18	33	0	19742	329	214	20225
7	7	B	40000	63201	36.799	17.232	36799	19567	1	0	0	19112	453	1	19566
7	7	cSpy was 8 spamed and the readout avoided!
