#the gain was set to: 2	the bias was set to: 30
#Sent triggers per delay setting: 100000	and with a frequency [Hz] of: 40000
#160MHz delay setting	400MHz delay setting	Frequency	correct transmitted H+T		error rate [%]	uncertainty [%]	bad or missed events	error count	missing headers	missing trailers	flipped H/T	event nr errors	tbm missed trigger	unknown errors	event nr resets
0	0	G	40000	445	99.555	73.044	99555	18874	98	0	0	17864	294	618	18372
0	0	A	40000	635	99.365	98.241	99365	1124	83	0	0	177	263	601	635
0	0	B	40000	34403	65.597	47.847	65597	17750	15	0	0	17687	31	17	17737
0	0	cSpy was 30 spamed and the readout avoided!
0	1	G	40000	31888	68.112	49.24	68112	24951	227	0	0	23822	393	509	24780
0	1	A	40000	40618	59.382	48.682	59382	10700	126	0	0	10151	3	420	10572
0	1	B	40000	35951	64.049	49.798	64049	14251	101	0	0	13671	390	89	14208
0	2	G	40000	3525	96.475	81.8225	96475	17987	107	0	0	15390	2029	461	17676
0	2	A	40000	7146	92.854	85.732	92854	7122	59	0	0	5560	1059	444	6846
0	2	B	40000	11222	88.778	77.913	88778	10865	48	0	0	9830	970	17	10830
0	2	cSpy was 11 spamed and the readout avoided!
0	3	G	40000	100000	0	0	0	0	0	0	0	0	0	0	2
0	3	A	40000	100000	0	0	0	0	0	0	0	0	0	0	1
0	3	B	40000	100000	0	0	0	0	0	0	0	0	0	0	1
0	4	G	40000	99987	0.0129998	0.001	13	21	0	0	0	21	0	0	23
0	4	A	40000	99990	0.0100017	0.001	10	9	0	0	0	9	0	0	10
0	4	B	40000	99987	0.0129998	0.001	13	12	0	0	0	12	0	0	13
0	5	G	40000	58810	41.19	21.134	41190	29445	2	0	0	29205	52	186	29418
0	5	A	40000	65645	34.355	20.796	34355	13559	2	0	0	13353	19	185	13531
0	5	B	40000	62642	37.358	21.472	37358	15886	0	0	0	15852	33	1	15887
0	6	G	40000	0	100	100	100000	200000	200000	200000	200000	200000	200000	200000	200002
0	6	A	40000	0	100	100	100000	100000	100000	100000	100000	100000	100000	100000	100001
0	6	B	40000	0	100	100	100000	100000	100000	100000	100000	100000	100000	100000	100001
0	7	G	40000	94693	5.307	0.7725	5307	6703	0	0	0	6426	276	1	6705
0	7	A	40000	96167	3.833	0.493	3833	3340	0	0	0	3220	119	1	3341
0	7	B	40000	95585	4.415	1.052	4415	3363	0	0	0	3206	157	0	3364
1	0	G	40000	242	99.758	98.2545	99758	1961	135	1	0	1088	185	552	1526
1	0	A	40000	811	99.189	98.004	99189	1185	114	0	0	453	129	489	808
1	0	B	40000	719	99.281	98.505	99281	776	21	1	0	635	56	63	718
1	0	cSpy was 28 spamed and the readout avoided!
1	1	G	40000	92365	7.635	1.188	7635	8450	0	0	0	7920	527	3	8452
1	1	A	40000	95180	4.82	0.65	4820	4170	0	0	0	3951	216	3	4171
1	1	B	40000	93994	6.006	1.726	6006	4280	0	0	0	3969	311	0	4281
1	2	G	40000	100000	0	0	0	0	0	0	0	0	0	0	2
1	2	A	40000	100000	0	0	0	0	0	0	0	0	0	0	1
1	2	B	40000	100000	0	0	0	0	0	0	0	0	0	0	1
1	3	G	40000	99363	0.637001	0.021	637	1216	0	0	0	1216	0	0	1218
1	3	A	40000	99378	0.621998	0.02	622	602	0	0	0	602	0	0	603
1	3	B	40000	99364	0.635999	0.022	636	614	0	0	0	614	0	0	615
1	4	G	40000	366	99.634	97.6025	99634	2610	191	0	0	1026	971	422	2182
1	4	A	40000	1191	98.809	97.511	98809	1298	39	0	0	512	641	106	1188
1	4	B	40000	994	99.006	97.694	99006	1312	152	0	0	514	330	316	994
1	4	cSpy was 52 spamed and the readout avoided!
1	5	G	40000	31110	68.89	20.4515	68890	50456	18	0	0	42298	8099	41	50425
1	5	A	40000	63404	36.596	7.276	36596	29320	0	0	0	24111	5169	40	29306
1	5	B	40000	45237	54.763	33.627	54763	21136	18	0	0	18187	2930	1	21119
1	6	G	40000	100000	0	0	0	0	0	0	0	0	0	0	2
1	6	A	40000	100000	0	0	0	0	0	0	0	0	0	0	1
1	6	B	40000	100000	0	0	0	0	0	0	0	0	0	0	1
1	7	G	40000	99389	0.611001	0.1695	611	778	0	0	0	775	2	1	780
1	7	A	40000	99466	0.533998	0.164	534	370	0	0	0	367	2	1	371
1	7	B	40000	99417	0.582999	0.175	583	408	0	0	0	408	0	0	409
2	0	G	40000	2142	97.858	48.693	97858	4171	48	2	0	3921	129	71	4079
2	0	A	40000	2190	97.81	95.558	97810	2252	48	2	0	2002	129	71	2159
2	0	B	40000	96253	3.747	1.828	3747	1919	0	0	0	1919	0	0	1920
2	1	G	40000	100000	0	0	0	0	0	0	0	0	0	0	2
2	1	A	40000	100000	0	0	0	0	0	0	0	0	0	0	1
2	1	B	40000	100000	0	0	0	0	0	0	0	0	0	0	1
2	2	G	40000	37594	62.406	42.7425	62406	24022	499	1	0	21922	1057	543	23638
2	2	A	40000	48293	51.707	41.067	51707	10640	283	1	0	9324	645	387	10377
2	2	B	40000	42200	57.8	44.418	57800	13382	216	0	0	12598	412	156	13261
2	3	G	40000	5730	94.27	68.7405	94270	30358	58	0	0	26762	3431	107	30281
2	3	A	40000	20621	79.379	59.581	79379	19798	6	0	0	17120	2598	74	19760
2	3	B	40000	11540	88.46	77.9	88460	10560	52	0	0	9642	833	33	10521
2	3	cSpy was 1 spamed and the readout avoided!
2	4	G	40000	100000	0	0	0	0	0	0	0	0	0	0	2
2	4	A	40000	100000	0	0	0	0	0	0	0	0	0	0	1
2	4	B	40000	100000	0	0	0	0	0	0	0	0	0	0	1
2	5	G	40000	100000	0	0	0	0	0	0	0	0	0	0	2
2	5	A	40000	100000	0	0	0	0	0	0	0	0	0	0	1
2	5	B	40000	100000	0	0	0	0	0	0	0	0	0	0	1
2	6	G	40000	51307	48.693	23.4685	48693	31233	1	0	0	30481	575	176	31221
2	6	A	40000	63524	36.476	22.147	36476	14329	1	0	0	13647	506	175	14317
2	6	B	40000	58306	41.694	24.79	41694	16904	0	0	0	16834	69	1	16904
2	7	G	40000	0	100	100	100000	200000	200000	200000	200000	200000	200000	200000	200002
2	7	A	40000	0	100	100	100000	100000	100000	100000	100000	100000	100000	100000	100001
2	7	B	40000	0	100	100	100000	100000	100000	100000	100000	100000	100000	100000	100001
3	0	G	40000	999	99.001	68.2255	99001	19017	229	0	0	17874	329	585	18510
3	0	A	40000	1455	98.545	96.613	98545	1932	198	0	0	1132	23	579	1440
3	0	B	40000	43077	56.923	39.838	56923	17085	31	0	0	16742	306	6	17070
3	0	cSpy was 11 spamed and the readout avoided!
3	1	G	40000	0	100	100	100000	200000	200000	200000	200000	200000	200000	200000	200002
3	1	A	40000	0	100	100	100000	100000	100000	100000	100000	100000	100000	100000	100001
3	1	B	40000	0	100	100	100000	100000	100000	100000	100000	100000	100000	100000	100001
3	2	G	40000	97002	2.998	0.121	2998	5723	0	0	0	5710	13	0	5725
3	2	A	40000	97003	2.997	0.121	2997	2876	0	0	0	2863	13	0	2877
3	2	B	40000	97032	2.968	0.121	2968	2847	0	0	0	2847	0	0	2848
3	3	G	40000	100000	0	0	0	0	0	0	0	0	0	0	2
3	3	A	40000	100000	0	0	0	0	0	0	0	0	0	0	1
3	3	B	40000	100000	0	0	0	0	0	0	0	0	0	0	1
3	4	G	40000	85754	14.246	8.8065	14246	8269	66	0	0	8120	26	57	8190
3	4	A	40000	87035	12.965	8.78	12965	4185	32	0	0	4106	6	41	4130
3	4	B	40000	87083	12.917	8.833	12917	4084	34	0	0	4014	20	16	4060
3	5	G	40000	0	100	100	100000	200000	200000	200000	200000	200000	200000	200000	200002
3	5	A	40000	0	100	100	100000	100000	100000	100000	100000	100000	100000	100000	100001
3	5	B	40000	0	100	100	100000	100000	100000	100000	100000	100000	100000	100000	100001
3	6	G	40000	36487	63.513	38.7915	63513	32890	62	5	0	29742	2908	173	32728
3	6	A	40000	44620	55.38	39.032	55380	16348	4	0	0	14159	2116	69	16294
3	6	B	40000	44907	55.093	38.551	55093	16542	58	5	0	15583	792	104	16434
3	6	cSpy was 71 spamed and the readout avoided!
3	7	G	40000	100000	0	0	0	0	0	0	0	0	0	0	2
3	7	A	40000	100000	0	0	0	0	0	0	0	0	0	0	1
3	7	B	40000	100000	0	0	0	0	0	0	0	0	0	0	1
4	0	G	40000	0	100	100	100000	200000	200000	200000	200000	200000	200000	200000	200002
4	0	A	40000	0	100	100	100000	100000	100000	100000	100000	100000	100000	100000	100001
4	0	B	40000	0	100	100	100000	100000	100000	100000	100000	100000	100000	100000	100001
4	1	G	40000	100000	0	0	0	0	0	0	0	0	0	0	2
4	1	A	40000	100000	0	0	0	0	0	0	0	0	0	0	1
4	1	B	40000	100000	0	0	0	0	0	0	0	0	0	0	1
4	2	G	40000	100000	0	0	0	0	0	0	0	0	0	0	2
4	2	A	40000	100000	0	0	0	0	0	0	0	0	0	0	1
4	2	B	40000	100000	0	0	0	0	0	0	0	0	0	0	1
4	3	G	40000	24906	75.094	54.22	75094	33898	739	0	0	32474	140	545	32915
4	3	A	40000	28565	71.435	54.478	71435	16957	356	0	0	16214	2	385	16302
4	3	B	40000	29097	70.903	53.962	70903	16941	383	0	0	16260	138	160	16613
4	3	cSpy was 7 spamed and the readout avoided!
4	4	G	40000	3804	96.196	85.3365	96196	14675	373	21	2	12608	1110	566	14095
4	4	A	40000	7083	92.917	85.678	92917	7239	194	11	1	6052	530	456	6853
4	4	B	40000	7569	92.431	84.995	92431	7436	179	10	1	6556	580	110	7242
4	4	cSpy was 67 spamed and the readout avoided!
4	5	G	40000	100000	0	0	0	0	0	0	0	0	0	0	2
4	5	A	40000	100000	0	0	0	0	0	0	0	0	0	0	1
4	5	B	40000	100000	0	0	0	0	0	0	0	0	0	0	1
4	6	G	40000	100000	0	0	0	0	0	0	0	0	0	0	2
4	6	A	40000	100000	0	0	0	0	0	0	0	0	0	0	1
4	6	B	40000	100000	0	0	0	0	0	0	0	0	0	0	1
4	7	G	40000	48925	51.075	27.792	51075	35119	49	0	0	34982	4	84	35073
4	7	A	40000	54701	45.299	27.944	45299	17355	24	0	0	17251	4	76	17312
4	7	B	40000	54596	45.404	27.64	45404	17764	25	0	0	17731	0	8	17761
4	7	cSpy was 1 spamed and the readout avoided!
5	0	G	40000	488	99.512	57.5285	99512	15408	141	0	0	14324	102	841	14869
5	0	A	40000	600	99.4	98.261	99400	1139	141	0	0	66	91	841	600
5	0	B	40000	68935	31.065	16.796	31065	14269	0	0	0	14258	11	0	14269
5	0	cSpy was 68 spamed and the readout avoided!
5	1	G	40000	70154	29.846	13.5605	29846	25279	6	0	0	25234	2	37	25272
5	1	A	40000	73794	26.206	13.739	26206	12467	3	0	0	12425	2	37	12460
5	1	B	40000	73806	26.194	13.382	26194	12812	3	0	0	12809	0	0	12812
5	1	cSpy was 1 spamed and the readout avoided!
5	2	G	40000	4	99.996	98.6015	99996	1526	95	1	0	467	728	235	1271
5	2	A	40000	9	99.991	99.847	99991	144	0	0	0	0	1	143	9
5	2	B	40000	1262	98.738	97.356	98738	1382	95	1	0	467	727	92	1262
5	2	cSpy was 29 spamed and the readout avoided!
5	3	G	40000	93477	6.523	0.316	6523	11793	0	0	0	11254	538	1	11795
5	3	A	40000	93512	6.488	0.316	6488	6172	0	0	0	5668	503	1	6173
5	3	B	40000	94063	5.937	0.316	5937	5621	0	0	0	5586	35	0	5622
5	4	G	40000	100000	0	0	0	0	0	0	0	0	0	0	2
5	4	A	40000	100000	0	0	0	0	0	0	0	0	0	0	1
5	4	B	40000	100000	0	0	0	0	0	0	0	0	0	0	1
5	5	G	40000	99340	0.660002	0.025	660	1253	0	0	0	1253	0	0	1255
5	5	A	40000	99344	0.656003	0.03	656	626	0	0	0	626	0	0	627
5	5	B	40000	99353	0.647002	0.02	647	627	0	0	0	627	0	0	628
5	6	G	40000	41	99.959	98.1025	99959	2058	160	1	0	1109	451	337	1726
5	6	A	40000	100	99.9	99.667	99900	233	4	0	0	43	8	178	100
5	6	B	40000	1637	98.363	96.538	98363	1825	156	1	0	1066	443	159	1626
5	6	cSpy was 90 spamed and the readout avoided!
5	7	G	40000	16907	83.093	37.5215	83093	58716	4	0	0	51860	6586	266	58598
5	7	A	40000	31499	68.501	40.564	68501	27937	0	0	0	24046	3631	260	27825
5	7	B	40000	34742	65.258	34.479	65258	30779	4	0	0	27814	2955	6	30773
5	7	cSpy was 5 spamed and the readout avoided!
6	0	G	40000	0	100	100	100000	200000	200000	200000	200000	200000	200000	200000	200002
6	0	A	40000	0	100	100	100000	100000	100000	100000	100000	100000	100000	100000	100001
6	0	B	40000	0	100	100	100000	100000	100000	100000	100000	100000	100000	100000	100001
6	1	G	40000	11885	88.115	65.9545	88115	29230	93	2	0	26040	2665	430	28953
6	1	A	40000	18151	81.849	67.941	81849	13908	1	0	0	12144	1382	381	13709
6	1	B	40000	20710	79.29	63.968	79290	15322	92	2	0	13896	1283	49	15244
6	1	cSpy was 22 spamed and the readout avoided!
6	2	G	40000	100000	0	0	0	0	0	0	0	0	0	0	2
6	2	A	40000	100000	0	0	0	0	0	0	0	0	0	0	1
6	2	B	40000	100000	0	0	0	0	0	0	0	0	0	0	1
6	3	G	40000	100000	0	0	0	0	0	0	0	0	0	0	2
6	3	A	40000	100000	0	0	0	0	0	0	0	0	0	0	1
6	3	B	40000	100000	0	0	0	0	0	0	0	0	0	0	1
6	4	G	40000	33507	66.493	47.4105	66493	31301	638	0	0	30065	124	474	30449
6	4	A	40000	36700	63.3	47.674	63300	15626	307	0	0	14985	0	334	15066
6	4	B	40000	37178	62.822	47.147	62822	15675	331	0	0	15080	124	140	15383
6	4	cSpy was 6 spamed and the readout avoided!
6	5	G	40000	0	100	100	100000	200000	200000	200000	200000	200000	200000	200000	200002
6	5	A	40000	0	100	100	100000	100000	100000	100000	100000	100000	100000	100000	100001
6	5	B	40000	0	100	100	100000	100000	100000	100000	100000	100000	100000	100000	100001
6	6	G	40000	100000	0	0	0	0	0	0	0	0	0	0	2
6	6	A	40000	100000	0	0	0	0	0	0	0	0	0	0	1
6	6	B	40000	100000	0	0	0	0	0	0	0	0	0	0	1
6	7	G	40000	100000	0	0	0	0	0	0	0	0	0	0	2
6	7	A	40000	100000	0	0	0	0	0	0	0	0	0	0	1
6	7	B	40000	100000	0	0	0	0	0	0	0	0	0	0	1
7	0	G	40000	1536	98.464	59.9425	98464	4282	329	4	0	3186	74	689	3622
7	0	A	40000	1746	98.254	95.965	98254	2289	226	0	0	1381	64	618	1732
7	0	B	40000	74087	25.913	23.92	25913	1993	103	4	0	1805	10	71	1890
7	0	cSpy was 43 spamed and the readout avoided!
7	1	G	40000	100000	0	0	0	0	0	0	0	0	0	0	2
7	1	A	40000	100000	0	0	0	0	0	0	0	0	0	0	1
7	1	B	40000	100000	0	0	0	0	0	0	0	0	0	0	1
7	2	G	40000	95042	4.958	1.34	4958	5069	8	6	0	5014	28	13	5066
7	2	A	40000	95996	4.004	1.471	4004	2533	8	6	0	2492	14	13	2529
7	2	B	40000	96255	3.745	1.209	3745	2536	0	0	0	2522	14	0	2537
7	2	cSpy was 2 spamed and the readout avoided!
7	3	G	40000	0	100	100	100000	200000	200000	200000	200000	200000	200000	200000	200002
7	3	A	40000	0	100	100	100000	100000	100000	100000	100000	100000	100000	100000	100001
7	3	B	40000	0	100	100	100000	100000	100000	100000	100000	100000	100000	100000	100001
7	4	G	40000	39391	60.609	13.795	60609	61464	6	11	0	54834	6478	135	61402
7	4	A	40000	54013	45.987	15.112	45987	30875	6	11	0	26558	4165	135	30813
7	4	B	40000	56933	43.067	12.478	43067	30589	0	0	0	28276	2313	0	30589
7	4	cSpy was 2 spamed and the readout avoided!
7	5	G	40000	100000	0	0	0	0	0	0	0	0	0	0	2
7	5	A	40000	100000	0	0	0	0	0	0	0	0	0	0	1
7	5	B	40000	100000	0	0	0	0	0	0	0	0	0	0	1
7	6	G	40000	98228	1.772	0.3385	1772	2228	1	1	0	2212	13	1	2230
7	6	A	40000	98505	1.495	0.38	1495	1115	1	1	0	1101	11	1	1116
7	6	B	40000	98590	1.41	0.297	1410	1113	0	0	0	1111	2	0	1114
7	7	G	40000	67474	32.526	11.869	32526	27444	27	113	0	26913	304	87	27396
7	7	A	40000	73466	26.534	12.705	26534	13829	27	113	0	13505	97	87	13780
7	7	B	40000	75352	24.648	11.033	24648	13615	0	0	0	13408	207	0	13616
7	7	cSpy was 7 spamed and the readout avoided!
