#the gain was set to: 2	the bias was set to: 30
#Sent triggers per delay setting: 100000	and with a frequency [Hz] of: 40000
#160MHz delay setting	400MHz delay setting	Frequency	correct transmitted H+T		error rate [%]	uncertainty [%]	bad or missed events	error count	missing headers	missing trailers	flipped H/T	event nr errors	tbm missed trigger	unknown errors	event nr resets
0	0	G	40000	466	99.534	72.403	99534	19065	127	0	0	18036	292	610	18539
0	0	A	40000	656	99.344	98.173	99344	1171	114	0	0	187	271	599	656
0	0	B	40000	35473	64.527	46.633	64527	17894	13	0	0	17849	21	11	17883
0	0	cSpy was 31 spamed and the readout avoided!
0	1	G	40000	28940	71.06	48.9555	71060	28564	127	0	0	27868	56	513	28424
0	1	A	40000	39193	60.807	48.262	60807	12545	64	0	0	12000	25	456	12441
0	1	B	40000	34332	65.668	49.649	65668	16019	63	0	0	15868	31	57	15983
0	2	G	40000	2484	97.516	86.9135	97516	13004	224	1	0	10369	2020	390	12652
0	2	A	40000	5594	94.406	88.912	94406	5494	68	0	0	4096	1012	318	5270
0	2	B	40000	7575	92.425	84.915	92425	7510	156	1	0	6273	1008	72	7382
0	2	cSpy was 15 spamed and the readout avoided!
0	3	G	40000	100000	0	0	0	0	0	0	0	0	0	0	2
0	3	A	40000	100000	0	0	0	0	0	0	0	0	0	0	1
0	3	B	40000	100000	0	0	0	0	0	0	0	0	0	0	1
0	4	G	40000	100000	0	0	0	0	0	0	0	0	0	0	2
0	4	A	40000	100000	0	0	0	0	0	0	0	0	0	0	1
0	4	B	40000	100000	0	0	0	0	0	0	0	0	0	0	1
0	5	G	40000	67322	32.678	16.3355	32678	23599	4	0	0	23388	54	153	23569
0	5	A	40000	72939	27.061	16.015	27061	11046	3	0	0	10865	25	153	11015
0	5	B	40000	70791	29.209	16.656	29209	12553	1	0	0	12523	29	0	12554
0	6	G	40000	1525	98.475	92.972	98475	7090	372	7	0	5180	1254	277	6711
0	6	A	40000	4079	95.921	91.854	95921	4067	109	0	0	2896	890	172	3879
0	6	B	40000	2887	97.113	94.09	97113	3023	263	7	0	2284	364	105	2832
0	6	cSpy was 42 spamed and the readout avoided!
0	7	G	40000	69881	30.119	22.615	30119	10299	16	0	0	9205	976	102	10240
0	7	A	40000	72169	27.831	22.926	27831	4905	11	0	0	4256	537	101	4848
0	7	B	40000	72302	27.698	22.304	27698	5394	5	0	0	4949	439	1	5392
0	7	cSpy was 2 spamed and the readout avoided!
1	0	G	40000	0	100	100	100000	200000	200000	200000	200000	200000	200000	200000	200002
1	0	A	40000	0	100	100	100000	100000	100000	100000	100000	100000	100000	100000	100001
1	0	B	40000	0	100	100	100000	100000	100000	100000	100000	100000	100000	100000	100001
1	1	G	40000	93517	6.483	1.0405	6483	7418	0	0	0	7105	313	0	7420
1	1	A	40000	95637	4.363	0.673	4363	3690	0	0	0	3555	135	0	3691
1	1	B	40000	94864	5.136	1.408	5136	3728	0	0	0	3550	178	0	3729
1	2	G	40000	100000	0	0	0	0	0	0	0	0	0	0	2
1	2	A	40000	100000	0	0	0	0	0	0	0	0	0	0	1
1	2	B	40000	100000	0	0	0	0	0	0	0	0	0	0	1
1	3	G	40000	99291	0.708997	0.0475	709	1294	0	0	0	1294	0	0	1296
1	3	A	40000	99315	0.685	0.043	685	642	0	0	0	642	0	0	643
1	3	B	40000	99296	0.704002	0.052	704	652	0	0	0	652	0	0	653
1	4	G	40000	372	99.628	97.586	99628	2535	91	0	0	860	1316	268	2288
1	4	A	40000	1418	98.582	97.083	98582	1499	41	0	0	437	952	69	1413
1	4	B	40000	875	99.125	98.089	99125	1036	50	0	0	423	364	199	875
1	4	cSpy was 7 spamed and the readout avoided!
1	5	G	40000	29474	70.526	19.9435	70526	53514	2	0	0	46838	6664	10	53513
1	5	A	40000	62132	37.868	5.776	37868	32092	0	0	0	27142	4943	7	32091
1	5	B	40000	44467	55.533	34.111	55533	21422	2	0	0	19696	1721	3	21422
1	6	G	40000	100000	0	0	0	0	0	0	0	0	0	0	2
1	6	A	40000	100000	0	0	0	0	0	0	0	0	0	0	1
1	6	B	40000	100000	0	0	0	0	0	0	0	0	0	0	1
1	7	G	40000	98542	1.458	0.47	1458	1475	0	0	0	1463	11	1	1477
1	7	A	40000	98857	1.143	0.432	1143	711	0	0	0	702	8	1	712
1	7	B	40000	98728	1.272	0.508	1272	764	0	0	0	761	3	0	765
2	0	G	40000	2291	97.709	48.3975	97709	3985	46	1	0	3729	128	81	3892
2	0	A	40000	2328	97.672	95.283	97672	2389	46	1	0	2133	128	81	2295
2	0	B	40000	96892	3.108	1.512	3108	1596	0	0	0	1596	0	0	1597
2	1	G	40000	100000	0	0	0	0	0	0	0	0	0	0	2
2	1	A	40000	100000	0	0	0	0	0	0	0	0	0	0	1
2	1	B	40000	100000	0	0	0	0	0	0	0	0	0	0	1
2	2	G	40000	36046	63.954	42.8075	63954	25543	339	0	0	23731	973	500	25270
2	2	A	40000	47634	52.366	41.032	52366	11334	201	0	0	10071	670	392	11138
2	2	B	40000	41208	58.792	44.583	58792	14209	138	0	0	13660	303	108	14132
2	3	G	40000	2705	97.295	85.484	97295	14312	118	14	0	12435	1479	266	14091
2	3	A	40000	9289	90.711	81.806	90711	8905	9	0	0	7670	1033	193	8799
2	3	B	40000	5431	94.569	89.162	94569	5407	109	14	0	4765	446	73	5292
2	3	cSpy was 22 spamed and the readout avoided!
2	4	G	40000	100000	0	0	0	0	0	0	0	0	0	0	2
2	4	A	40000	100000	0	0	0	0	0	0	0	0	0	0	1
2	4	B	40000	100000	0	0	0	0	0	0	0	0	0	0	1
2	5	G	40000	100000	0	0	0	0	0	0	0	0	0	0	2
2	5	A	40000	100000	0	0	0	0	0	0	0	0	0	0	1
2	5	B	40000	100000	0	0	0	0	0	0	0	0	0	0	1
2	6	G	40000	44494	55.506	31.0155	55506	29918	27	0	0	28989	643	259	29882
2	6	A	40000	56941	43.059	29.425	43059	13634	21	0	0	12788	574	251	13599
2	6	B	40000	51110	48.89	32.606	48890	16284	6	0	0	16201	69	8	16283
2	7	G	40000	0	100	100	100000	200000	200000	200000	200000	200000	200000	200000	200002
2	7	A	40000	0	100	100	100000	100000	100000	100000	100000	100000	100000	100000	100001
2	7	B	40000	0	100	100	100000	100000	100000	100000	100000	100000	100000	100000	100001
3	0	G	40000	919	99.081	74.031	99081	20220	266	3	0	18867	413	671	19640
3	0	A	40000	1515	98.485	96.445	98485	2040	209	0	0	1165	19	647	1496
3	0	B	40000	30203	69.797	51.617	69797	18180	57	3	0	17702	394	24	18144
3	0	cSpy was 16 spamed and the readout avoided!
3	1	G	40000	0	100	100	100000	200000	200000	200000	200000	200000	200000	200000	200002
3	1	A	40000	0	100	100	100000	100000	100000	100000	100000	100000	100000	100000	100001
3	1	B	40000	0	100	100	100000	100000	100000	100000	100000	100000	100000	100000	100001
3	2	G	40000	96958	3.042	0.117	3042	5818	0	0	0	5804	14	0	5820
3	2	A	40000	96962	3.038	0.117	3038	2921	0	0	0	2907	14	0	2922
3	2	B	40000	96986	3.014	0.117	3014	2897	0	0	0	2897	0	0	2898
3	3	G	40000	100000	0	0	0	0	0	0	0	0	0	0	2
3	3	A	40000	100000	0	0	0	0	0	0	0	0	0	0	1
3	3	B	40000	100000	0	0	0	0	0	0	0	0	0	0	1
3	4	G	40000	98086	1.914	0.164	1914	3431	0	0	0	3429	2	0	3433
3	4	A	40000	98132	1.868	0.151	1868	1717	0	0	0	1715	2	0	1718
3	4	B	40000	98109	1.891	0.177	1891	1714	0	0	0	1714	0	0	1715
3	5	G	40000	0	100	100	100000	200000	200000	200000	200000	200000	200000	200000	200002
3	5	A	40000	0	100	100	100000	100000	100000	100000	100000	100000	100000	100000	100001
3	5	B	40000	0	100	100	100000	100000	100000	100000	100000	100000	100000	100000	100001
3	6	G	40000	0	100	100	100000	200000	200000	200000	200000	200000	200000	200000	200002
3	6	A	40000	0	100	100	100000	100000	100000	100000	100000	100000	100000	100000	100001
3	6	B	40000	0	100	100	100000	100000	100000	100000	100000	100000	100000	100000	100001
3	7	G	40000	100000	0	0	0	0	0	0	0	0	0	0	2
3	7	A	40000	100000	0	0	0	0	0	0	0	0	0	0	1
3	7	B	40000	100000	0	0	0	0	0	0	0	0	0	0	1
4	0	G	40000	874	99.126	78.4685	99126	16844	204	2	0	13848	2516	274	16553
4	0	A	40000	1699	98.301	96.412	98301	1889	77	1	0	1162	420	229	1693
4	0	B	40000	24520	75.48	60.525	75480	14955	127	1	0	12686	2096	45	14860
4	0	cSpy was 13 spamed and the readout avoided!
4	1	G	40000	100000	0	0	0	0	0	0	0	0	0	0	2
4	1	A	40000	100000	0	0	0	0	0	0	0	0	0	0	1
4	1	B	40000	100000	0	0	0	0	0	0	0	0	0	0	1
4	2	G	40000	99992	0.00799894	0	8	16	0	0	0	16	0	0	18
4	2	A	40000	99992	0.00799894	0	8	8	0	0	0	8	0	0	9
4	2	B	40000	99992	0.00799894	0	8	8	0	0	0	8	0	0	9
4	3	G	40000	30072	69.928	48.9615	69928	33938	628	1	0	32725	113	471	33101
4	3	A	40000	33850	66.15	49.2	66150	16950	304	0	0	16309	1	336	16392
4	3	B	40000	34289	65.711	48.723	65711	16988	324	1	0	16416	112	135	16709
4	3	cSpy was 6 spamed and the readout avoided!
4	4	G	40000	2690	97.31	89.2885	97310	10774	334	16	2	9173	751	501	10251
4	4	A	40000	5087	94.913	89.636	94913	5277	176	9	2	4313	376	402	4906
4	4	B	40000	5562	94.438	88.941	94438	5497	158	7	0	4860	375	99	5345
4	4	cSpy was 69 spamed and the readout avoided!
4	5	G	40000	99677	0.322998	0.004	323	638	0	0	0	638	0	0	640
4	5	A	40000	99677	0.322998	0.004	323	319	0	0	0	319	0	0	320
4	5	B	40000	99677	0.322998	0.004	323	319	0	0	0	319	0	0	320
4	6	G	40000	100000	0	0	0	0	0	0	0	0	0	0	2
4	6	A	40000	100000	0	0	0	0	0	0	0	0	0	0	1
4	6	B	40000	100000	0	0	0	0	0	0	0	0	0	0	1
4	7	G	40000	52189	47.811	27.5495	47811	31303	60	0	0	31155	3	85	31244
4	7	A	40000	56842	43.158	27.664	43158	15494	30	0	0	15383	3	78	15447
4	7	B	40000	56756	43.244	27.435	43244	15809	30	0	0	15772	0	7	15797
4	7	cSpy was 2 spamed and the readout avoided!
5	0	G	40000	510	99.49	56.9725	99490	14920	135	0	0	13854	110	821	14394
5	0	A	40000	602	99.398	98.27	99398	1128	135	0	0	71	102	820	602
5	0	B	40000	70533	29.467	15.675	29467	13792	0	0	0	13783	8	1	13792
5	0	cSpy was 65 spamed and the readout avoided!
5	1	G	40000	86310	13.69	4.519	13690	15220	2	0	0	15206	0	12	15221
5	1	A	40000	87815	12.185	4.665	12185	7520	1	0	0	7507	0	12	7520
5	1	B	40000	87927	12.073	4.373	12073	7700	1	0	0	7699	0	0	7701
5	1	cSpy was 1 spamed and the readout avoided!
5	2	G	40000	0	100	100	100000	200000	200000	200000	200000	200000	200000	200000	200002
5	2	A	40000	0	100	100	100000	100000	100000	100000	100000	100000	100000	100000	100001
5	2	B	40000	0	100	100	100000	100000	100000	100000	100000	100000	100000	100000	100001
5	3	G	40000	94684	5.316	0.185	5316	9825	0	0	0	9445	377	3	9827
5	3	A	40000	94703	5.297	0.185	5297	5112	0	0	0	4755	354	3	5113
5	3	B	40000	95102	4.898	0.185	4898	4713	0	0	0	4690	23	0	4714
5	4	G	40000	100000	0	0	0	0	0	0	0	0	0	0	2
5	4	A	40000	100000	0	0	0	0	0	0	0	0	0	0	1
5	4	B	40000	100000	0	0	0	0	0	0	0	0	0	0	1
5	5	G	40000	97090	2.91	0.463	2910	4441	0	0	0	4441	0	0	4443
5	5	A	40000	97292	2.708	0.503	2708	2205	0	0	0	2205	0	0	2206
5	5	B	40000	97341	2.659	0.423	2659	2236	0	0	0	2236	0	0	2237
5	6	G	40000	2	99.998	97.7045	99998	2380	188	0	0	1250	836	106	2206
5	6	A	40000	6	99.994	99.949	99994	45	0	0	0	2	0	43	6
5	6	B	40000	2205	97.795	95.46	97795	2335	188	0	0	1248	836	63	2200
5	6	cSpy was 37 spamed and the readout avoided!
5	7	G	40000	16303	83.697	38.0215	83697	58969	3	0	0	52255	6438	273	58839
5	7	A	40000	30681	69.319	41.341	69319	27978	2	0	0	24041	3667	268	27850
5	7	B	40000	34307	65.693	34.702	65693	30991	1	0	0	28214	2771	5	30989
5	7	cSpy was 4 spamed and the readout avoided!
6	0	G	40000	308	99.692	97.6785	99692	2596	299	0	0	1124	623	550	2038
6	0	A	40000	713	99.287	98.189	99287	1098	140	0	0	242	285	431	712
6	0	B	40000	1334	98.666	97.168	98666	1498	159	0	0	882	338	119	1326
6	0	cSpy was 98 spamed and the readout avoided!
6	1	G	40000	10294	89.706	59.606	89706	39191	22	2	0	34902	3766	499	38897
6	1	A	40000	19531	80.469	61.785	80469	18684	13	2	0	16242	1940	487	18400
6	1	B	40000	22066	77.934	57.427	77934	20507	9	0	0	18660	1826	12	20497
6	1	cSpy was 29 spamed and the readout avoided!
6	2	G	40000	100000	0	0	0	0	0	0	0	0	0	0	2
6	2	A	40000	100000	0	0	0	0	0	0	0	0	0	0	1
6	2	B	40000	100000	0	0	0	0	0	0	0	0	0	0	1
6	3	G	40000	100000	0	0	0	0	0	0	0	0	0	0	2
6	3	A	40000	100000	0	0	0	0	0	0	0	0	0	0	1
6	3	B	40000	100000	0	0	0	0	0	0	0	0	0	0	1
6	4	G	40000	31412	68.588	49.484	68588	31443	609	0	0	30227	125	482	30609
6	4	A	40000	34554	65.446	49.734	65446	15712	295	0	0	15080	1	336	15161
6	4	B	40000	35035	64.965	49.234	64965	15731	314	0	0	15147	124	146	15448
6	4	cSpy was 6 spamed and the readout avoided!
6	5	G	40000	901	99.099	95.0395	99099	5143	207	1	0	4052	245	639	4678
6	5	A	40000	2093	97.907	95.56	97907	2347	28	0	0	1694	114	511	2052
6	5	B	40000	2685	97.315	94.519	97315	2796	179	1	0	2358	131	128	2626
6	5	cSpy was 87 spamed and the readout avoided!
6	6	G	40000	97445	2.555	0.145	2555	4508	0	0	0	4261	245	2	4510
6	6	A	40000	97463	2.537	0.145	2537	2392	0	0	0	2163	227	2	2393
6	6	B	40000	97739	2.261	0.145	2261	2116	0	0	0	2098	18	0	2117
6	7	G	40000	100000	0	0	0	0	0	0	0	0	0	0	2
6	7	A	40000	100000	0	0	0	0	0	0	0	0	0	0	1
6	7	B	40000	100000	0	0	0	0	0	0	0	0	0	0	1
7	0	G	40000	2015	97.985	47.9635	97985	3562	228	0	0	2691	72	571	3051
7	0	A	40000	2033	97.967	95.449	97967	2518	228	0	0	1647	72	571	2006
7	0	B	40000	98478	1.522	0.478	1522	1044	0	0	0	1044	0	0	1045
7	0	cSpy was 1 spamed and the readout avoided!
7	1	G	40000	100000	0	0	0	0	0	0	0	0	0	0	2
7	1	A	40000	100000	0	0	0	0	0	0	0	0	0	0	1
7	1	B	40000	100000	0	0	0	0	0	0	0	0	0	0	1
7	2	G	40000	99554	0.445998	0.011	446	860	0	0	0	859	1	0	862
7	2	A	40000	99556	0.444001	0.014	444	430	0	0	0	429	1	0	431
7	2	B	40000	99562	0.437999	0.008	438	430	0	0	0	430	0	0	431
7	3	G	40000	0	100	100	100000	200000	200000	200000	200000	200000	200000	200000	200002
7	3	A	40000	0	100	100	100000	100000	100000	100000	100000	100000	100000	100000	100001
7	3	B	40000	0	100	100	100000	100000	100000	100000	100000	100000	100000	100000	100001
7	4	G	40000	50829	49.171	31.3725	49171	27608	17	0	0	24890	2563	138	27510
7	4	A	40000	53595	46.405	31.731	46405	14674	0	0	0	12648	1916	110	14601
7	4	B	40000	56052	43.948	31.014	43948	12934	17	0	0	12242	647	28	12909
7	4	cSpy was 6 spamed and the readout avoided!
7	5	G	40000	100000	0	0	0	0	0	0	0	0	0	0	2
7	5	A	40000	100000	0	0	0	0	0	0	0	0	0	0	1
7	5	B	40000	100000	0	0	0	0	0	0	0	0	0	0	1
7	6	G	40000	100000	0	0	0	0	0	0	0	0	0	0	2
7	6	A	40000	100000	0	0	0	0	0	0	0	0	0	0	1
7	6	B	40000	100000	0	0	0	0	0	0	0	0	0	0	1
7	7	G	40000	64693	35.307	12.9915	35307	30770	40	105	0	30084	435	106	30703
7	7	A	40000	70694	29.306	13.669	29306	15637	40	105	0	15223	163	106	15569
7	7	B	40000	72553	27.447	12.314	27447	15133	0	0	0	14861	272	0	15134
7	7	cSpy was 7 spamed and the readout avoided!
