#the gain was set to: 2	the bias was set to: 30
#Sent triggers per delay setting: 100000	and with a frequency [Hz] of: 40000
#160MHz delay setting	400MHz delay setting	Frequency	correct transmitted H+T		error rate [%]	uncertainty [%]	bad or missed events	error count	missing headers	missing trailers	flipped H/T	event nr errors	tbm missed trigger	unknown errors	event nr resets
0	0	G	40000	438	99.562	72.4555	99562	18967	115	0	0	17942	300	610	18460
0	0	A	40000	641	99.359	98.221	99359	1138	99	0	0	182	260	597	641
0	0	B	40000	35481	64.519	46.69	64519	17829	16	0	0	17760	40	13	17819
0	0	cSpy was 21 spamed and the readout avoided!
0	1	G	40000	33113	66.887	46.617	66887	27250	69	0	0	26554	202	425	27179
0	1	A	40000	41996	58.004	46.068	58004	11936	42	0	0	11472	25	397	11876
0	1	B	40000	37520	62.48	47.166	62480	15314	27	0	0	15082	177	28	15303
0	2	G	40000	4640	95.36	79.7805	95360	19936	42	0	0	17164	2352	378	19718
0	2	A	40000	9028	90.972	82.166	90972	8806	22	0	0	7094	1323	367	8605
0	2	B	40000	11475	88.525	77.395	88525	11130	20	0	0	10070	1029	11	11113
0	2	cSpy was 3 spamed and the readout avoided!
0	3	G	40000	100000	0	0	0	0	0	0	0	0	0	0	2
0	3	A	40000	100000	0	0	0	0	0	0	0	0	0	0	1
0	3	B	40000	100000	0	0	0	0	0	0	0	0	0	0	1
0	4	G	40000	100000	0	0	0	0	0	0	0	0	0	0	2
0	4	A	40000	100000	0	0	0	0	0	0	0	0	0	0	1
0	4	B	40000	100000	0	0	0	0	0	0	0	0	0	0	1
0	5	G	40000	61771	38.229	22.7925	38229	21625	7	0	0	21328	75	215	21604
0	5	A	40000	67696	32.304	22.464	32304	9840	5	0	0	9593	29	213	9819
0	5	B	40000	65094	34.906	23.121	34906	11785	2	0	0	11735	46	2	11785
0	6	G	40000	0	100	100	100000	200000	200000	200000	200000	200000	200000	200000	200002
0	6	A	40000	0	100	100	100000	100000	100000	100000	100000	100000	100000	100000	100001
0	6	B	40000	0	100	100	100000	100000	100000	100000	100000	100000	100000	100000	100001
0	7	G	40000	98117	1.883	0.122	1883	3372	0	0	0	3348	23	1	3374
0	7	A	40000	98210	1.79	0.103	1790	1687	0	0	0	1679	7	1	1688
0	7	B	40000	98174	1.826	0.141	1826	1685	0	0	0	1669	16	0	1686
1	0	G	40000	300	99.7	97.6845	99700	2505	188	0	0	1713	168	436	2101
1	0	A	40000	1429	98.571	96.809	98571	1762	165	0	0	1107	109	381	1405
1	0	B	40000	697	99.303	98.56	99303	743	23	0	0	606	59	55	696
1	0	cSpy was 30 spamed and the readout avoided!
1	1	G	40000	97819	2.181	0.1475	2181	3780	0	0	0	3728	52	0	3782
1	1	A	40000	98007	1.993	0.105	1993	1888	0	0	0	1866	22	0	1889
1	1	B	40000	97918	2.082	0.19	2082	1892	0	0	0	1862	30	0	1893
1	2	G	40000	100000	0	0	0	0	0	0	0	0	0	0	2
1	2	A	40000	100000	0	0	0	0	0	0	0	0	0	0	1
1	2	B	40000	100000	0	0	0	0	0	0	0	0	0	0	1
1	3	G	40000	97221	2.779	0.4945	2779	4276	0	0	0	4270	2	4	4278
1	3	A	40000	97448	2.552	0.471	2552	2081	0	0	0	2075	2	4	2082
1	3	B	40000	97287	2.713	0.518	2713	2195	0	0	0	2195	0	0	2196
1	4	G	40000	690	99.31	96.1205	99310	4102	330	1	0	1976	1403	392	3623
1	4	A	40000	2196	97.804	95.483	97804	2321	108	0	0	1039	1059	115	2163
1	4	B	40000	1461	98.539	96.758	98539	1781	222	1	0	937	344	277	1460
1	4	cSpy was 33 spamed and the readout avoided!
1	5	G	40000	43682	56.318	14.962	56318	41632	12	0	0	34991	6597	32	41613
1	5	A	40000	71702	28.298	5.469	28298	22829	0	0	0	18994	3805	30	22823
1	5	B	40000	56742	43.258	24.455	43258	18803	12	0	0	15997	2792	2	18790
1	6	G	40000	100000	0	0	0	0	0	0	0	0	0	0	2
1	6	A	40000	100000	0	0	0	0	0	0	0	0	0	0	1
1	6	B	40000	100000	0	0	0	0	0	0	0	0	0	0	1
1	7	G	40000	99393	0.607002	0.2165	607	587	0	0	0	585	1	1	589
1	7	A	40000	99519	0.480998	0.207	481	274	0	0	0	272	1	1	275
1	7	B	40000	99461	0.538999	0.226	539	313	0	0	0	313	0	0	314
2	0	G	40000	2228	97.772	48.528	97772	4047	48	1	0	3792	124	82	3956
2	0	A	40000	2261	97.739	95.41	97739	2329	48	1	0	2075	123	82	2237
2	0	B	40000	96636	3.364	1.646	3364	1718	0	0	0	1717	1	0	1719
2	1	G	40000	99949	0.0509977	0.001	51	100	0	0	0	100	0	0	102
2	1	A	40000	99949	0.0509977	0.001	51	50	0	0	0	50	0	0	51
2	1	B	40000	99949	0.0509977	0.001	51	50	0	0	0	50	0	0	51
2	2	G	40000	38780	61.22	39.401	61220	26559	539	3	0	24264	1209	544	26042
2	2	A	40000	50302	49.698	37.257	49698	12441	273	3	0	10632	1176	357	12150
2	2	B	40000	44337	55.663	41.545	55663	14118	266	0	0	13632	33	187	13892
2	3	G	40000	4264	95.736	77.523	95736	21983	123	1	0	17095	4480	284	21744
2	3	A	40000	14679	85.321	71.303	85321	14018	60	0	0	10400	3338	220	13842
2	3	B	40000	8292	91.708	83.743	91708	7965	63	1	0	6695	1142	64	7902
2	3	cSpy was 20 spamed and the readout avoided!
2	4	G	40000	100000	0	0	0	0	0	0	0	0	0	0	2
2	4	A	40000	100000	0	0	0	0	0	0	0	0	0	0	1
2	4	B	40000	100000	0	0	0	0	0	0	0	0	0	0	1
2	5	G	40000	100000	0	0	0	0	0	0	0	0	0	0	2
2	5	A	40000	100000	0	0	0	0	0	0	0	0	0	0	1
2	5	B	40000	100000	0	0	0	0	0	0	0	0	0	0	1
2	6	G	40000	41707	58.293	33.036	58293	29452	30	0	0	27866	1280	276	29401
2	6	A	40000	55286	44.714	30.64	44714	14074	17	0	0	12640	1152	265	14030
2	6	B	40000	49190	50.81	35.432	50810	15378	13	0	0	15226	128	11	15371
2	7	G	40000	0	100	100	100000	200000	200000	200000	200000	200000	200000	200000	200002
2	7	A	40000	0	100	100	100000	100000	100000	100000	100000	100000	100000	100000	100001
2	7	B	40000	0	100	100	100000	100000	100000	100000	100000	100000	100000	100000	100001
3	0	G	40000	1256	98.744	65.3545	98744	16373	228	7	0	15180	309	650	15824
3	0	A	40000	1699	98.301	96.125	98301	2176	194	0	0	1356	45	581	1683
3	0	B	40000	51219	48.781	34.584	48781	14197	34	7	0	13824	264	69	14141
3	0	cSpy was 17 spamed and the readout avoided!
3	1	G	40000	0	100	100	100000	200000	200000	200000	200000	200000	200000	200000	200002
3	1	A	40000	0	100	100	100000	100000	100000	100000	100000	100000	100000	100000	100001
3	1	B	40000	0	100	100	100000	100000	100000	100000	100000	100000	100000	100000	100001
3	2	G	40000	98609	1.391	0.016	1391	2746	0	0	0	2743	3	0	2748
3	2	A	40000	98609	1.391	0.016	1391	1375	0	0	0	1372	3	0	1376
3	2	B	40000	98613	1.387	0.016	1387	1371	0	0	0	1371	0	0	1372
3	3	G	40000	100000	0	0	0	0	0	0	0	0	0	0	2
3	3	A	40000	100000	0	0	0	0	0	0	0	0	0	0	1
3	3	B	40000	100000	0	0	0	0	0	0	0	0	0	0	1
3	4	G	40000	96561	3.439	0.5605	3439	5388	0	0	0	5382	5	1	5390
3	4	A	40000	96776	3.224	0.521	3224	2703	0	0	0	2697	5	1	2704
3	4	B	40000	96715	3.285	0.6	3285	2685	0	0	0	2685	0	0	2686
3	5	G	40000	0	100	100	100000	200000	200000	200000	200000	200000	200000	200000	200002
3	5	A	40000	0	100	100	100000	100000	100000	100000	100000	100000	100000	100000	100001
3	5	B	40000	0	100	100	100000	100000	100000	100000	100000	100000	100000	100000	100001
3	6	G	40000	49739	50.261	12.461	50261	52423	10	8	0	48319	4048	38	52412
3	6	A	40000	60992	39.008	12.201	39008	26807	6	0	0	23396	3372	33	26802
3	6	B	40000	61663	38.337	12.721	38337	25616	4	8	0	24923	676	5	25610
3	6	cSpy was 6 spamed and the readout avoided!
3	7	G	40000	100000	0	0	0	0	0	0	0	0	0	0	2
3	7	A	40000	100000	0	0	0	0	0	0	0	0	0	0	1
3	7	B	40000	100000	0	0	0	0	0	0	0	0	0	0	1
4	0	G	40000	0	100	100	100000	200000	200000	200000	200000	200000	200000	200000	200002
4	0	A	40000	0	100	100	100000	100000	100000	100000	100000	100000	100000	100000	100001
4	0	B	40000	0	100	100	100000	100000	100000	100000	100000	100000	100000	100000	100001
4	1	G	40000	100000	0	0	0	0	0	0	0	0	0	0	2
4	1	A	40000	100000	0	0	0	0	0	0	0	0	0	0	1
4	1	B	40000	100000	0	0	0	0	0	0	0	0	0	0	1
4	2	G	40000	99999	0.00100136	0	1	2	0	0	0	2	0	0	4
4	2	A	40000	99999	0.00100136	0	1	1	0	0	0	1	0	0	2
4	2	B	40000	99999	0.00100136	0	1	1	0	0	0	1	0	0	2
4	3	G	40000	26292	73.708	51.895	73708	35023	655	0	0	33779	98	491	34176
4	3	A	40000	30363	69.637	52.131	69637	17506	317	0	0	16831	1	357	16929
4	3	B	40000	30824	69.176	51.659	69176	17517	338	0	0	16948	97	134	17247
4	3	cSpy was 6 spamed and the readout avoided!
4	4	G	40000	2736	97.264	89.122	97264	11000	337	26	2	9389	755	494	10495
4	4	A	40000	5128	94.872	89.503	94872	5369	173	17	1	4442	336	401	5014
4	4	B	40000	5628	94.372	88.741	94372	5631	164	9	1	4947	419	93	5481
4	4	cSpy was 47 spamed and the readout avoided!
4	5	G	40000	98279	1.721	0.218	1721	2971	0	0	0	2958	13	0	2973
4	5	A	40000	98284	1.716	0.218	1716	1498	0	0	0	1486	12	0	1499
4	5	B	40000	98309	1.691	0.218	1691	1473	0	0	0	1472	1	0	1474
4	6	G	40000	100000	0	0	0	0	0	0	0	0	0	0	2
4	6	A	40000	100000	0	0	0	0	0	0	0	0	0	0	1
4	6	B	40000	100000	0	0	0	0	0	0	0	0	0	0	1
4	7	G	40000	41776	58.224	38.2705	58224	31352	178	0	0	30994	7	173	31169
4	7	A	40000	46032	53.968	38.337	53968	15631	86	0	0	15394	5	146	15487
4	7	B	40000	46075	53.925	38.204	53925	15721	92	0	0	15600	2	27	15682
4	7	cSpy was 5 spamed and the readout avoided!
5	0	G	40000	540	99.46	56.539	99460	14401	165	0	0	13292	108	836	13859
5	0	A	40000	636	99.364	98.185	99364	1179	165	0	0	78	100	836	636
5	0	B	40000	71885	28.115	14.893	28115	13222	0	0	0	13214	8	0	13223
5	0	cSpy was 61 spamed and the readout avoided!
5	1	G	40000	65482	34.518	17.8335	34518	25728	34	0	0	25621	6	67	25689
5	1	A	40000	69292	30.708	18.01	30708	12698	17	0	0	12617	5	59	12666
5	1	B	40000	69313	30.687	17.657	30687	13030	17	0	0	13004	1	8	13023
5	1	cSpy was 2 spamed and the readout avoided!
5	2	G	40000	13	99.987	99.17	99987	1003	28	0	0	381	204	390	656
5	2	A	40000	27	99.973	99.687	99973	286	0	0	0	7	1	278	27
5	2	B	40000	630	99.37	98.653	99370	717	28	0	0	374	203	112	629
5	2	cSpy was 22 spamed and the readout avoided!
5	3	G	40000	96511	3.489	0.031	3489	6803	0	0	0	6702	100	1	6805
5	3	A	40000	96512	3.488	0.031	3488	3457	0	0	0	3357	99	1	3458
5	3	B	40000	96623	3.377	0.031	3377	3346	0	0	0	3345	1	0	3347
5	4	G	40000	100000	0	0	0	0	0	0	0	0	0	0	2
5	4	A	40000	100000	0	0	0	0	0	0	0	0	0	0	1
5	4	B	40000	100000	0	0	0	0	0	0	0	0	0	0	1
5	5	G	40000	97286	2.714	0.303	2714	4570	0	0	0	4570	0	0	4572
5	5	A	40000	97380	2.62	0.341	2620	2279	0	0	0	2279	0	0	2280
5	5	B	40000	97444	2.556	0.265	2556	2291	0	0	0	2291	0	0	2292
5	6	G	40000	11	99.989	97.685	99989	2420	203	2	0	1380	676	159	2198
5	6	A	40000	28	99.972	99.902	99972	70	0	0	0	5	0	65	28
5	6	B	40000	2182	97.818	95.468	97818	2350	203	2	0	1375	676	94	2170
5	6	cSpy was 59 spamed and the readout avoided!
5	7	G	40000	19470	80.53	30.2945	80530	64792	0	0	0	57177	7406	209	64706
5	7	A	40000	35505	64.495	33.619	64495	30876	0	0	0	26329	4340	207	30791
5	7	B	40000	39114	60.886	26.97	60886	33916	0	0	0	30848	3066	2	33915
5	7	cSpy was 7 spamed and the readout avoided!
6	0	G	40000	468	99.532	96.866	99532	3404	347	1	0	1614	898	544	2853
6	0	A	40000	1070	98.93	97.45	98930	1480	175	0	0	272	569	464	1069
6	0	B	40000	1794	98.206	96.282	98206	1924	172	1	0	1342	329	80	1784
6	0	cSpy was 85 spamed and the readout avoided!
6	1	G	40000	8051	91.949	68.518	91949	30932	32	0	0	27795	2616	489	30686
6	1	A	40000	15082	84.918	70.146	84918	14772	0	0	0	13053	1250	469	14547
6	1	B	40000	16950	83.05	66.89	83050	16160	32	0	0	14742	1366	20	16139
6	1	cSpy was 10 spamed and the readout avoided!
6	2	G	40000	100000	0	0	0	0	0	0	0	0	0	0	2
6	2	A	40000	100000	0	0	0	0	0	0	0	0	0	0	1
6	2	B	40000	100000	0	0	0	0	0	0	0	0	0	0	1
6	3	G	40000	100000	0	0	0	0	0	0	0	0	0	0	2
6	3	A	40000	100000	0	0	0	0	0	0	0	0	0	0	1
6	3	B	40000	100000	0	0	0	0	0	0	0	0	0	0	1
6	4	G	40000	20568	79.432	58.594	79432	34306	800	0	0	32752	162	592	33244
6	4	A	40000	23964	76.036	58.873	76036	17163	387	0	0	16354	0	422	16448
6	4	B	40000	24542	75.458	58.315	75458	17143	413	0	0	16398	162	170	16796
6	4	cSpy was 8 spamed and the readout avoided!
6	5	G	40000	1532	98.468	92.329	98468	7881	285	7	1	6341	424	824	7294
6	5	A	40000	3415	96.585	92.88	96585	3705	35	2	0	2825	191	653	3349
6	5	B	40000	4046	95.954	91.778	95954	4176	250	5	1	3516	233	171	3945
6	5	cSpy was 95 spamed and the readout avoided!
6	6	G	40000	100000	0	0	0	0	0	0	0	0	0	0	2
6	6	A	40000	100000	0	0	0	0	0	0	0	0	0	0	1
6	6	B	40000	100000	0	0	0	0	0	0	0	0	0	0	1
6	7	G	40000	100000	0	0	0	0	0	0	0	0	0	0	2
6	7	A	40000	100000	0	0	0	0	0	0	0	0	0	0	1
6	7	B	40000	100000	0	0	0	0	0	0	0	0	0	0	1
7	0	G	40000	1993	98.007	47.9945	98007	3464	215	0	0	2591	74	584	2972
7	0	A	40000	2018	97.982	95.491	97982	2491	215	0	0	1618	74	584	1998
7	0	B	40000	98529	1.471	0.498	1471	973	0	0	0	973	0	0	974
7	1	G	40000	100000	0	0	0	0	0	0	0	0	0	0	2
7	1	A	40000	100000	0	0	0	0	0	0	0	0	0	0	1
7	1	B	40000	100000	0	0	0	0	0	0	0	0	0	0	1
7	2	G	40000	98069	1.931	0.2865	1931	2945	0	1	0	2926	17	1	2946
7	2	A	40000	98213	1.787	0.314	1787	1473	0	1	0	1459	12	1	1473
7	2	B	40000	98269	1.731	0.259	1731	1472	0	0	0	1467	5	0	1473
7	3	G	40000	3727	96.273	86.0805	96273	13047	117	2	0	11765	697	466	12667
7	3	A	40000	6285	93.715	88.117	93715	5598	44	2	0	5079	163	310	5355
7	3	B	40000	8507	91.493	84.044	91493	7449	73	0	0	6686	534	156	7312
7	3	cSpy was 87 spamed and the readout avoided!
7	4	G	40000	67320	32.68	7.6275	32680	40322	1	0	0	36398	3851	72	40305
7	4	A	40000	70286	29.714	7.726	29714	21988	1	0	0	18778	3137	72	21970
7	4	B	40000	74137	25.863	7.529	25863	18334	0	0	0	17620	714	0	18335
7	5	G	40000	100000	0	0	0	0	0	0	0	0	0	0	2
7	5	A	40000	100000	0	0	0	0	0	0	0	0	0	0	1
7	5	B	40000	100000	0	0	0	0	0	0	0	0	0	0	1
7	6	G	40000	97878	2.122	0.5785	2122	2006	2	2	0	1993	5	4	2005
7	6	A	40000	98363	1.637	0.641	1637	996	2	2	0	986	2	4	994
7	6	B	40000	98474	1.526	0.516	1526	1010	0	0	0	1007	3	0	1011
7	6	cSpy was 1 spamed and the readout avoided!
7	7	G	40000	58331	41.669	16.097	41669	37795	45	56	0	36820	667	207	37660
7	7	A	40000	64100	35.9	16.612	35900	19288	44	56	0	18705	277	206	19152
7	7	B	40000	65911	34.089	15.582	34089	18507	1	0	0	18115	390	1	18508
7	7	cSpy was 8 spamed and the readout avoided!
