#the gain was set to: 2	the bias was set to: 30
#Sent triggers per delay setting: 100000	and with a frequency [Hz] of: 40000
#160MHz delay setting	400MHz delay setting	Frequency	correct transmitted H+T		error rate [%]	uncertainty [%]	bad or missed events	error count	missing headers	missing trailers	flipped H/T	event nr errors	tbm missed trigger	unknown errors	event nr resets
0	0	G	40000	457	99.543	72.1785	99543	19029	98	0	0	18005	319	607	18539
0	0	A	40000	656	99.344	98.206	99344	1138	82	0	0	175	286	595	656
0	0	B	40000	35958	64.042	46.151	64042	17891	16	0	0	17830	33	12	17883
0	0	cSpy was 29 spamed and the readout avoided!
0	1	G	40000	28893	71.107	49.4685	71107	28169	191	0	0	27400	64	514	27984
0	1	A	40000	38962	61.038	48.807	61038	12231	102	0	0	11672	27	430	12101
0	1	B	40000	33932	66.068	50.13	66068	15938	89	0	0	15728	37	84	15883
0	2	G	40000	4658	95.342	78.7165	95342	21038	95	2	0	17758	2810	373	20790
0	2	A	40000	9121	90.879	81.991	90879	8888	61	0	0	7000	1464	363	8665
0	2	B	40000	12408	87.592	75.442	87592	12150	34	2	0	10758	1346	10	12125
0	2	cSpy was 1 spamed and the readout avoided!
0	3	G	40000	100000	0	0	0	0	0	0	0	0	0	0	2
0	3	A	40000	100000	0	0	0	0	0	0	0	0	0	0	1
0	3	B	40000	100000	0	0	0	0	0	0	0	0	0	0	1
0	4	G	40000	100000	0	0	0	0	0	0	0	0	0	0	2
0	4	A	40000	100000	0	0	0	0	0	0	0	0	0	0	1
0	4	B	40000	100000	0	0	0	0	0	0	0	0	0	0	1
0	5	G	40000	58580	41.42	22.8405	41420	25342	5	0	0	25029	93	215	25309
0	5	A	40000	65832	34.168	22.416	34168	11752	3	0	0	11489	46	214	11720
0	5	B	40000	63145	36.855	23.265	36855	13590	2	0	0	13540	47	1	13589
0	6	G	40000	0	100	100	100000	200000	200000	200000	200000	200000	200000	200000	200002
0	6	A	40000	0	100	100	100000	100000	100000	100000	100000	100000	100000	100000	100001
0	6	B	40000	0	100	100	100000	100000	100000	100000	100000	100000	100000	100000	100001
0	7	G	40000	97760	2.24	0.414	2240	3475	0	0	0	3453	22	0	3477
0	7	A	40000	97885	2.115	0.389	2115	1726	0	0	0	1721	5	0	1727
0	7	B	40000	97812	2.188	0.439	2188	1749	0	0	0	1732	17	0	1750
1	0	G	40000	292	99.708	97.753	99708	2441	185	0	0	1647	179	430	2037
1	0	A	40000	1342	98.658	96.966	98658	1692	171	0	0	1026	105	390	1326
1	0	B	40000	711	99.289	98.54	99289	749	14	0	0	621	74	40	711
1	0	cSpy was 27 spamed and the readout avoided!
1	1	G	40000	97233	2.767	0.485	2767	4154	0	0	0	4103	51	0	4156
1	1	A	40000	97491	2.509	0.429	2509	2080	0	0	0	2056	24	0	2081
1	1	B	40000	97385	2.615	0.541	2615	2074	0	0	0	2047	27	0	2075
1	2	G	40000	100000	0	0	0	0	0	0	0	0	0	0	2
1	2	A	40000	100000	0	0	0	0	0	0	0	0	0	0	1
1	2	B	40000	100000	0	0	0	0	0	0	0	0	0	0	1
1	3	G	40000	97873	2.127	0.3315	2127	3260	0	0	0	3257	2	1	3262
1	3	A	40000	98094	1.906	0.298	1906	1608	0	0	0	1606	1	1	1609
1	3	B	40000	97983	2.017	0.365	2017	1652	0	0	0	1651	1	0	1653
1	4	G	40000	0	100	100	100000	200000	200000	200000	200000	200000	200000	200000	200002
1	4	A	40000	0	100	100	100000	100000	100000	100000	100000	100000	100000	100000	100001
1	4	B	40000	0	100	100	100000	100000	100000	100000	100000	100000	100000	100000	100001
1	5	G	40000	50879	49.121	12.1245	49121	37512	0	0	0	32929	4581	2	37514
1	5	A	40000	75470	24.53	3.442	24530	21088	0	0	0	18103	2984	1	21089
1	5	B	40000	62769	37.231	20.807	37231	16424	0	0	0	14826	1597	1	16425
1	6	G	40000	100000	0	0	0	0	0	0	0	0	0	0	2
1	6	A	40000	100000	0	0	0	0	0	0	0	0	0	0	1
1	6	B	40000	100000	0	0	0	0	0	0	0	0	0	0	1
1	7	G	40000	100000	0	0	0	0	0	0	0	0	0	0	2
1	7	A	40000	100000	0	0	0	0	0	0	0	0	0	0	1
1	7	B	40000	100000	0	0	0	0	0	0	0	0	0	0	1
2	0	G	40000	2292	97.708	48.4095	97708	4024	62	0	0	3766	109	87	3916
2	0	A	40000	2331	97.669	95.269	97669	2400	62	0	0	2142	109	87	2291
2	0	B	40000	96826	3.174	1.55	3174	1624	0	0	0	1624	0	0	1625
2	0	cSpy was 1 spamed and the readout avoided!
2	1	G	40000	99972	0.0280023	0.0085	28	35	0	0	0	35	0	0	37
2	1	A	40000	99975	0.0249982	0.008	25	17	0	0	0	17	0	0	18
2	1	B	40000	99973	0.0270009	0.009	27	18	0	0	0	18	0	0	19
2	2	G	40000	24299	75.701	52.188	75701	28223	699	14	0	25253	1526	731	27562
2	2	A	40000	37378	62.622	49.613	62622	13009	355	5	0	10645	1521	483	12633
2	2	B	40000	30023	69.977	54.763	69977	15214	344	9	0	14608	5	248	14929
2	3	G	40000	7791	92.209	69.2035	92209	26739	116	0	0	23291	3143	189	26544
2	3	A	40000	21267	78.733	61.997	78733	16736	27	0	0	14291	2323	95	16653
2	3	B	40000	13587	86.413	76.41	86413	10003	89	0	0	9000	820	94	9891
2	3	cSpy was 10 spamed and the readout avoided!
2	4	G	40000	100000	0	0	0	0	0	0	0	0	0	0	2
2	4	A	40000	100000	0	0	0	0	0	0	0	0	0	0	1
2	4	B	40000	100000	0	0	0	0	0	0	0	0	0	0	1
2	5	G	40000	100000	0	0	0	0	0	0	0	0	0	0	2
2	5	A	40000	100000	0	0	0	0	0	0	0	0	0	0	1
2	5	B	40000	100000	0	0	0	0	0	0	0	0	0	0	1
2	6	G	40000	44986	55.014	30.6795	55014	28558	37	0	0	27070	1184	267	28502
2	6	A	40000	57897	42.103	28.436	42103	13667	18	0	0	12333	1066	250	13624
2	6	B	40000	52186	47.814	32.923	47814	14891	19	0	0	14737	118	17	14878
2	7	G	40000	0	100	100	100000	200000	200000	200000	200000	200000	200000	200000	200002
2	7	A	40000	0	100	100	100000	100000	100000	100000	100000	100000	100000	100000	100001
2	7	B	40000	0	100	100	100000	100000	100000	100000	100000	100000	100000	100000	100001
3	0	G	40000	1017	98.983	72.3265	98983	17056	263	1	0	15792	353	647	16489
3	0	A	40000	1537	98.463	96.415	98463	2048	204	0	0	1209	18	617	1521
3	0	B	40000	36754	63.246	48.238	63246	15008	59	1	0	14583	335	30	14968
3	0	cSpy was 12 spamed and the readout avoided!
3	1	G	40000	0	100	100	100000	200000	200000	200000	200000	200000	200000	200000	200002
3	1	A	40000	0	100	100	100000	100000	100000	100000	100000	100000	100000	100000	100001
3	1	B	40000	0	100	100	100000	100000	100000	100000	100000	100000	100000	100000	100001
3	2	G	40000	98142	1.858	0.042	1858	3615	0	0	0	3607	8	0	3617
3	2	A	40000	98142	1.858	0.042	1858	1816	0	0	0	1808	8	0	1817
3	2	B	40000	98159	1.841	0.042	1841	1799	0	0	0	1799	0	0	1800
3	3	G	40000	100000	0	0	0	0	0	0	0	0	0	0	2
3	3	A	40000	100000	0	0	0	0	0	0	0	0	0	0	1
3	3	B	40000	100000	0	0	0	0	0	0	0	0	0	0	1
3	4	G	40000	96205	3.795	0.49	3795	6313	0	0	0	6309	4	0	6315
3	4	A	40000	96384	3.616	0.454	3616	3162	0	0	0	3158	4	0	3163
3	4	B	40000	96323	3.677	0.526	3677	3151	0	0	0	3151	0	0	3152
3	5	G	40000	0	100	100	100000	200000	200000	200000	200000	200000	200000	200000	200002
3	5	A	40000	0	100	100	100000	100000	100000	100000	100000	100000	100000	100000	100001
3	5	B	40000	0	100	100	100000	100000	100000	100000	100000	100000	100000	100000	100001
3	6	G	40000	55172	44.828	11.0215	44828	46048	5	4	0	42292	3717	30	46041
3	6	A	40000	65821	34.179	10.764	34179	23415	4	0	0	20364	3021	26	23411
3	6	B	40000	66088	33.912	11.279	33912	22633	1	4	0	21928	696	4	22630
3	6	cSpy was 4 spamed and the readout avoided!
3	7	G	40000	100000	0	0	0	0	0	0	0	0	0	0	2
3	7	A	40000	100000	0	0	0	0	0	0	0	0	0	0	1
3	7	B	40000	100000	0	0	0	0	0	0	0	0	0	0	1
4	0	G	40000	1064	98.936	70.4995	98936	26515	138	0	0	23847	2389	141	26343
4	0	A	40000	1988	98.012	95.909	98012	2103	69	0	0	1378	538	118	1979
4	0	B	40000	30498	69.502	45.09	69502	24412	69	0	0	22469	1851	23	24364
4	0	cSpy was 4 spamed and the readout avoided!
4	1	G	40000	100000	0	0	0	0	0	0	0	0	0	0	2
4	1	A	40000	100000	0	0	0	0	0	0	0	0	0	0	1
4	1	B	40000	100000	0	0	0	0	0	0	0	0	0	0	1
4	2	G	40000	100000	0	0	0	0	0	0	0	0	0	0	2
4	2	A	40000	100000	0	0	0	0	0	0	0	0	0	0	1
4	2	B	40000	100000	0	0	0	0	0	0	0	0	0	0	1
4	3	G	40000	19673	80.327	58.9005	80327	34132	803	0	0	32603	133	593	33071
4	3	A	40000	23725	76.275	59.178	76275	17097	392	0	0	16279	1	425	16382
4	3	B	40000	24342	75.658	58.623	75658	17035	411	0	0	16324	132	168	16689
4	3	cSpy was 7 spamed and the readout avoided!
4	4	G	40000	0	100	100	100000	200000	200000	200000	200000	200000	200000	200000	200002
4	4	A	40000	0	100	100	100000	100000	100000	100000	100000	100000	100000	100000	100001
4	4	B	40000	0	100	100	100000	100000	100000	100000	100000	100000	100000	100000	100001
4	5	G	40000	100000	0	0	0	0	0	0	0	0	0	0	2
4	5	A	40000	100000	0	0	0	0	0	0	0	0	0	0	1
4	5	B	40000	100000	0	0	0	0	0	0	0	0	0	0	1
4	6	G	40000	99973	0.0270009	0	27	54	0	0	0	54	0	0	56
4	6	A	40000	99973	0.0270009	0	27	27	0	0	0	27	0	0	28
4	6	B	40000	99973	0.0270009	0	27	27	0	0	0	27	0	0	28
4	7	G	40000	58520	41.48	20.5	41480	32269	20	0	0	32201	2	46	32247
4	7	A	40000	63386	36.614	20.693	36614	15921	10	0	0	15863	2	46	15900
4	7	B	40000	63345	36.655	20.307	36655	16348	10	0	0	16338	0	0	16347
4	7	cSpy was 2 spamed and the readout avoided!
5	0	G	40000	488	99.512	57.1685	99512	15057	132	0	0	13995	87	843	14511
5	0	A	40000	597	99.403	98.26	99403	1143	132	0	0	88	81	842	597
5	0	B	40000	70009	29.991	16.077	29991	13914	0	0	0	13907	6	1	13914
5	0	cSpy was 56 spamed and the readout avoided!
5	1	G	40000	72744	27.256	13.2375	27256	21880	20	0	0	21813	3	44	21855
5	1	A	40000	75808	24.192	13.397	24192	10795	9	0	0	10744	2	40	10776
5	1	B	40000	75837	24.163	13.078	24163	11085	11	0	0	11069	1	4	11079
5	2	G	40000	0	100	100	100000	200000	200000	200000	200000	200000	200000	200000	200002
5	2	A	40000	0	100	100	100000	100000	100000	100000	100000	100000	100000	100000	100001
5	2	B	40000	0	100	100	100000	100000	100000	100000	100000	100000	100000	100000	100001
5	3	G	40000	96901	3.099	0.021	3099	6082	0	0	0	6015	67	0	6084
5	3	A	40000	96903	3.097	0.021	3097	3076	0	0	0	3011	65	0	3077
5	3	B	40000	96973	3.027	0.021	3027	3006	0	0	0	3004	2	0	3007
5	4	G	40000	100000	0	0	0	0	0	0	0	0	0	0	2
5	4	A	40000	100000	0	0	0	0	0	0	0	0	0	0	1
5	4	B	40000	100000	0	0	0	0	0	0	0	0	0	0	1
5	5	G	40000	95799	4.201	0.596	4201	6583	0	0	0	6582	0	1	6585
5	5	A	40000	96062	3.938	0.661	3938	3277	0	0	0	3276	0	1	3278
5	5	B	40000	96163	3.837	0.531	3837	3306	0	0	0	3306	0	0	3307
5	6	G	40000	6	99.994	97.617	99994	2466	200	0	0	1282	868	116	2286
5	6	A	40000	15	99.985	99.936	99985	49	0	0	0	2	2	45	15
5	6	B	40000	2285	97.715	95.298	97715	2417	200	0	0	1280	866	71	2271
5	6	cSpy was 46 spamed and the readout avoided!
5	7	G	40000	22085	77.915	25.5745	77915	67416	1	2	0	59158	8087	168	67337
5	7	A	40000	39097	60.903	28.638	60903	32265	1	2	0	27464	4630	168	32186
5	7	B	40000	42338	57.662	22.511	57662	35151	0	0	0	31694	3457	0	35151
5	7	cSpy was 5 spamed and the readout avoided!
6	0	G	40000	614	99.386	96.0875	99386	4211	366	5	0	2051	1138	651	3598
6	0	A	40000	1295	98.705	96.916	98705	1789	196	2	0	224	783	584	1295
6	0	B	40000	2319	97.681	95.259	97681	2422	170	3	0	1827	355	67	2303
6	0	cSpy was 49 spamed and the readout avoided!
6	1	G	40000	9640	90.36	62.44	90360	36789	15	1	0	33077	3195	501	36545
6	1	A	40000	17988	82.012	64.507	82012	17505	1	0	0	15433	1579	492	17274
6	1	B	40000	20343	79.657	60.373	79657	19284	14	1	0	17644	1616	9	19271
6	1	cSpy was 8 spamed and the readout avoided!
6	2	G	40000	100000	0	0	0	0	0	0	0	0	0	0	2
6	2	A	40000	100000	0	0	0	0	0	0	0	0	0	0	1
6	2	B	40000	100000	0	0	0	0	0	0	0	0	0	0	1
6	3	G	40000	100000	0	0	0	0	0	0	0	0	0	0	2
6	3	A	40000	100000	0	0	0	0	0	0	0	0	0	0	1
6	3	B	40000	100000	0	0	0	0	0	0	0	0	0	0	1
6	4	G	40000	20540	79.46	58.658	79460	34233	824	0	0	32647	158	604	33139
6	4	A	40000	23936	76.064	58.939	76064	17125	397	0	0	16298	0	430	16393
6	4	B	40000	24515	75.485	58.377	75485	17108	427	0	0	16349	158	174	16746
6	4	cSpy was 8 spamed and the readout avoided!
6	5	G	40000	3239	96.761	86.291	96761	13761	213	7	0	11856	878	807	13236
6	5	A	40000	6362	93.638	87.121	93638	6517	20	1	0	5444	390	662	6191
6	5	B	40000	7295	92.705	85.461	92705	7244	193	6	0	6412	488	145	7045
6	5	cSpy was 83 spamed and the readout avoided!
6	6	G	40000	100000	0	0	0	0	0	0	0	0	0	0	2
6	6	A	40000	100000	0	0	0	0	0	0	0	0	0	0	1
6	6	B	40000	100000	0	0	0	0	0	0	0	0	0	0	1
6	7	G	40000	100000	0	0	0	0	0	0	0	0	0	0	2
6	7	A	40000	100000	0	0	0	0	0	0	0	0	0	0	1
6	7	B	40000	100000	0	0	0	0	0	0	0	0	0	0	1
7	0	G	40000	2006	97.994	48.003	97994	3360	177	1	0	2586	79	517	2912
7	0	A	40000	2024	97.976	95.524	97976	2452	177	1	0	1679	78	517	2003
7	0	B	40000	98610	1.39	0.482	1390	908	0	0	0	907	1	0	909
7	1	G	40000	100000	0	0	0	0	0	0	0	0	0	0	2
7	1	A	40000	100000	0	0	0	0	0	0	0	0	0	0	1
7	1	B	40000	100000	0	0	0	0	0	0	0	0	0	0	1
7	2	G	40000	96891	3.109	0.749	3109	3564	5	4	0	3519	28	8	3562
7	2	A	40000	97405	2.595	0.831	2595	1764	5	4	0	1738	9	8	1761
7	2	B	40000	97533	2.467	0.667	2467	1800	0	0	0	1781	19	0	1801
7	2	cSpy was 1 spamed and the readout avoided!
7	3	G	40000	2747	97.253	88.459	97253	11159	164	3	0	9798	700	494	10744
7	3	A	40000	4794	95.206	90.668	95206	4538	78	1	0	4022	127	310	4287
7	3	B	40000	7129	92.871	86.25	92871	6621	86	2	0	5776	573	184	6457
7	3	cSpy was 100 spamed and the readout avoided!
7	4	G	40000	72487	27.513	6.297	27513	35255	0	0	0	31840	3343	72	35229
7	4	A	40000	74338	25.662	6.343	25662	19319	0	0	0	16480	2767	72	19292
7	4	B	40000	77813	22.187	6.251	22187	15936	0	0	0	15360	576	0	15937
7	5	G	40000	100000	0	0	0	0	0	0	0	0	0	0	2
7	5	A	40000	100000	0	0	0	0	0	0	0	0	0	0	1
7	5	B	40000	100000	0	0	0	0	0	0	0	0	0	0	1
7	6	G	40000	97948	2.052	0.624	2052	1839	5	2	0	1812	10	10	1839
7	6	A	40000	98398	1.602	0.687	1602	915	5	2	0	894	4	10	914
7	6	B	40000	98515	1.485	0.561	1485	924	0	0	0	918	6	0	925
7	6	cSpy was 1 spamed and the readout avoided!
7	7	G	40000	56807	43.193	16.864	43193	39041	21	52	0	38071	673	224	38912
7	7	A	40000	62749	37.251	17.346	37251	19905	20	52	0	19328	282	223	19777
7	7	B	40000	64482	35.518	16.382	35518	19136	1	0	0	18743	391	1	19135
7	7	cSpy was 8 spamed and the readout avoided!
