#the gain was set to: 2	the bias was set to: 30
#Sent triggers per delay setting: 100000	and with a frequency [Hz] of: 40000
#160MHz delay setting	400MHz delay setting	Frequency	correct transmitted H+T		error rate [%]	uncertainty [%]	bad or missed events	error count	missing headers	missing trailers	flipped H/T	event nr errors	tbm missed trigger	unknown errors	event nr resets
0	0	G	40000	412	99.588	71.603	99588	19082	97	0	0	18053	311	621	18577
0	0	A	40000	650	99.35	98.199	99350	1151	88	0	0	190	261	612	650
0	0	B	40000	37062	62.938	45.007	62938	17931	9	0	0	17863	50	9	17927
0	0	cSpy was 30 spamed and the readout avoided!
0	1	G	40000	28540	71.46	52.739	71460	25066	546	0	0	23266	617	637	24624
0	1	A	40000	37134	62.866	52.223	62866	10643	283	0	0	9896	0	464	10367
0	1	B	40000	32322	67.678	53.255	67678	14423	263	0	0	13370	617	173	14257
0	2	G	40000	4839	95.161	79.4275	95161	19630	145	1	0	16209	2973	302	19342
0	2	A	40000	11851	88.149	77.5	88149	10649	46	0	0	8377	2016	210	10485
0	2	B	40000	9664	90.336	81.355	90336	8981	99	1	0	7832	957	92	8857
0	2	cSpy was 10 spamed and the readout avoided!
0	3	G	40000	100000	0	0	0	0	0	0	0	0	0	0	2
0	3	A	40000	100000	0	0	0	0	0	0	0	0	0	0	1
0	3	B	40000	100000	0	0	0	0	0	0	0	0	0	0	1
0	4	G	40000	100000	0	0	0	0	0	0	0	0	0	0	2
0	4	A	40000	100000	0	0	0	0	0	0	0	0	0	0	1
0	4	B	40000	100000	0	0	0	0	0	0	0	0	0	0	1
0	5	G	40000	48911	51.089	33.8815	51089	23913	29	0	0	23454	128	302	23879
0	5	A	40000	55914	44.086	33.476	44086	10610	17	0	0	10269	32	292	10581
0	5	B	40000	52410	47.59	34.287	47590	13303	12	0	0	13185	96	10	13298
0	6	G	40000	2655	97.345	86.563	97345	13330	179	4	0	10976	1777	394	12982
0	6	A	40000	5207	94.793	89.544	94793	5249	101	0	0	3857	929	362	4955
0	6	B	40000	8337	91.663	83.582	91663	8081	78	4	0	7119	848	32	8027
0	6	cSpy was 7 spamed and the readout avoided!
0	7	G	40000	99673	0.326997	0.003	327	648	0	0	0	648	0	0	650
0	7	A	40000	99673	0.326997	0.003	327	324	0	0	0	324	0	0	325
0	7	B	40000	99673	0.326997	0.003	327	324	0	0	0	324	0	0	325
1	0	G	40000	338	99.662	96.991	99662	3168	215	1	0	2416	189	347	2803
1	0	A	40000	2113	97.887	95.503	97887	2384	194	1	0	1751	144	294	2068
1	0	B	40000	737	99.263	98.479	99263	784	21	0	0	665	45	53	735
1	0	cSpy was 33 spamed and the readout avoided!
1	1	G	40000	99323	0.677001	0.1555	677	1041	0	0	0	1040	1	0	1043
1	1	A	40000	99325	0.674999	0.155	675	520	0	0	0	520	0	0	521
1	1	B	40000	99323	0.677001	0.156	677	521	0	0	0	520	1	0	522
1	2	G	40000	100000	0	0	0	0	0	0	0	0	0	0	2
1	2	A	40000	100000	0	0	0	0	0	0	0	0	0	0	1
1	2	B	40000	100000	0	0	0	0	0	0	0	0	0	0	1
1	3	G	40000	94339	5.661	1.2445	5661	7290	0	0	0	7263	22	5	7291
1	3	A	40000	95342	4.658	1.094	4658	3564	0	0	0	3552	7	5	3564
1	3	B	40000	94879	5.121	1.395	5121	3726	0	0	0	3711	15	0	3727
1	4	G	40000	524	99.476	96.383	99476	3824	321	1	0	1925	1227	350	3378
1	4	A	40000	1893	98.107	96.063	98107	2044	74	0	0	873	929	168	1866
1	4	B	40000	1517	98.483	96.703	98483	1780	247	1	0	1052	298	182	1512
1	4	cSpy was 45 spamed and the readout avoided!
1	5	G	40000	77419	22.581	4.048	22581	18887	0	0	0	17151	1736	0	18889
1	5	A	40000	88820	11.18	1.707	11180	9473	0	0	0	8643	830	0	9474
1	5	B	40000	84197	15.803	6.389	15803	9414	0	0	0	8508	906	0	9415
1	6	G	40000	100000	0	0	0	0	0	0	0	0	0	0	2
1	6	A	40000	100000	0	0	0	0	0	0	0	0	0	0	1
1	6	B	40000	100000	0	0	0	0	0	0	0	0	0	0	1
1	7	G	40000	92952	7.048	3.5365	7048	4183	1	0	0	4044	109	29	4180
1	7	A	40000	94713	5.287	3.282	5287	2005	1	0	0	1887	89	28	2001
1	7	B	40000	94031	5.969	3.791	5969	2178	0	0	0	2157	20	1	2179
2	0	G	40000	2321	97.679	48.428	97679	4114	41	0	0	3900	105	68	4037
2	0	A	40000	2361	97.639	95.231	97639	2408	41	0	0	2194	105	68	2330
2	0	B	40000	96669	3.331	1.625	3331	1706	0	0	0	1706	0	0	1707
2	1	G	40000	100000	0	0	0	0	0	0	0	0	0	0	2
2	1	A	40000	100000	0	0	0	0	0	0	0	0	0	0	1
2	1	B	40000	100000	0	0	0	0	0	0	0	0	0	0	1
2	2	G	40000	29520	70.48	46.8125	70480	28645	733	8	0	25879	1350	675	27930
2	2	A	40000	42148	57.852	44.481	57852	13371	370	3	0	11277	1274	447	12973
2	2	B	40000	35582	64.418	49.144	64418	15274	363	5	0	14602	76	228	14957
2	3	G	40000	6954	93.046	65.7665	93046	32749	86	0	0	28479	4116	68	32664
2	3	A	40000	22381	77.619	56.841	77619	20778	2	0	0	17717	3024	35	20761
2	3	B	40000	13337	86.663	74.692	86663	11971	84	0	0	10762	1092	33	11903
2	3	cSpy was 4 spamed and the readout avoided!
2	4	G	40000	100000	0	0	0	0	0	0	0	0	0	0	2
2	4	A	40000	100000	0	0	0	0	0	0	0	0	0	0	1
2	4	B	40000	100000	0	0	0	0	0	0	0	0	0	0	1
2	5	G	40000	100000	0	0	0	0	0	0	0	0	0	0	2
2	5	A	40000	100000	0	0	0	0	0	0	0	0	0	0	1
2	5	B	40000	100000	0	0	0	0	0	0	0	0	0	0	1
2	6	G	40000	24670	75.33	51.2805	75330	28240	350	1	0	25733	1558	598	27936
2	6	A	40000	38411	61.589	48.527	61589	13062	182	0	0	10870	1554	456	12857
2	6	B	40000	30788	69.212	54.034	69212	15178	168	1	0	14863	4	142	15079
2	7	G	40000	0	100	100	100000	200000	200000	200000	200000	200000	200000	200000	200002
2	7	A	40000	0	100	100	100000	100000	100000	100000	100000	100000	100000	100000	100001
2	7	B	40000	0	100	100	100000	100000	100000	100000	100000	100000	100000	100000	100001
3	0	G	40000	1042	98.958	72.9565	98958	15826	261	3	0	14585	317	660	15249
3	0	A	40000	1542	98.458	96.391	98458	2067	202	0	0	1195	35	635	1526
3	0	B	40000	36719	63.281	49.522	63281	13759	59	3	0	13390	282	25	13723
3	0	cSpy was 12 spamed and the readout avoided!
3	1	G	40000	0	100	100	100000	200000	200000	200000	200000	200000	200000	200000	200002
3	1	A	40000	0	100	100	100000	100000	100000	100000	100000	100000	100000	100000	100001
3	1	B	40000	0	100	100	100000	100000	100000	100000	100000	100000	100000	100000	100001
3	2	G	40000	99899	0.101	0	101	202	0	0	0	202	0	0	204
3	2	A	40000	99899	0.101	0	101	101	0	0	0	101	0	0	102
3	2	B	40000	99899	0.101	0	101	101	0	0	0	101	0	0	102
3	3	G	40000	100000	0	0	0	0	0	0	0	0	0	0	2
3	3	A	40000	100000	0	0	0	0	0	0	0	0	0	0	1
3	3	B	40000	100000	0	0	0	0	0	0	0	0	0	0	1
3	4	G	40000	85276	14.724	4.0725	14724	18322	0	0	0	18294	26	2	18324
3	4	A	40000	86875	13.125	3.898	13125	9227	0	0	0	9209	16	2	9228
3	4	B	40000	86658	13.342	4.247	13342	9095	0	0	0	9085	10	0	9096
3	5	G	40000	0	100	100	100000	200000	200000	200000	200000	200000	200000	200000	200002
3	5	A	40000	0	100	100	100000	100000	100000	100000	100000	100000	100000	100000	100001
3	5	B	40000	0	100	100	100000	100000	100000	100000	100000	100000	100000	100000	100001
3	6	G	40000	75490	24.51	6.2725	24510	30974	20	20	0	29203	1703	28	30957
3	6	A	40000	77457	22.543	6.216	22543	16327	4	0	0	14687	1630	6	16326
3	6	B	40000	79024	20.976	6.329	20976	14647	16	20	0	14516	73	22	14631
3	6	cSpy was 4 spamed and the readout avoided!
3	7	G	40000	100000	0	0	0	0	0	0	0	0	0	0	2
3	7	A	40000	100000	0	0	0	0	0	0	0	0	0	0	1
3	7	B	40000	100000	0	0	0	0	0	0	0	0	0	0	1
4	0	G	40000	1172	98.828	63.2495	98828	26563	154	3	0	24322	1849	235	26289
4	0	A	40000	1927	98.073	95.901	98073	2172	123	0	0	1325	503	221	1918
4	0	B	40000	45011	54.989	30.598	54989	24391	31	3	0	22997	1346	14	24371
4	0	cSpy was 3 spamed and the readout avoided!
4	1	G	40000	100000	0	0	0	0	0	0	0	0	0	0	2
4	1	A	40000	100000	0	0	0	0	0	0	0	0	0	0	1
4	1	B	40000	100000	0	0	0	0	0	0	0	0	0	0	1
4	2	G	40000	97788	2.212	0.6085	2212	2625	0	0	0	2623	0	2	2627
4	2	A	40000	98066	1.934	0.64	1934	1294	0	0	0	1292	0	2	1295
4	2	B	40000	98092	1.908	0.577	1908	1331	0	0	0	1331	0	0	1332
4	3	G	40000	19586	80.414	58.487	80414	34375	722	0	0	32978	99	576	33398
4	3	A	40000	24034	75.966	58.757	75966	17209	355	0	0	16441	3	410	16555
4	3	B	40000	24617	75.383	58.217	75383	17166	367	0	0	16537	96	166	16843
4	3	cSpy was 6 spamed and the readout avoided!
4	4	G	40000	6439	93.561	75.5935	93561	23883	154	21	0	21335	1953	421	23573
4	4	A	40000	12162	87.838	76.049	87838	11789	82	14	0	10354	976	364	11544
4	4	B	40000	12768	87.232	75.138	87232	12094	72	7	0	10981	977	57	12029
4	4	cSpy was 23 spamed and the readout avoided!
4	5	G	40000	100000	0	0	0	0	0	0	0	0	0	0	2
4	5	A	40000	100000	0	0	0	0	0	0	0	0	0	0	1
4	5	B	40000	100000	0	0	0	0	0	0	0	0	0	0	1
4	6	G	40000	100000	0	0	0	0	0	0	0	0	0	0	2
4	6	A	40000	100000	0	0	0	0	0	0	0	0	0	0	1
4	6	B	40000	100000	0	0	0	0	0	0	0	0	0	0	1
4	7	G	40000	27545	72.455	50.7495	72455	34145	399	0	0	33378	26	342	33627
4	7	A	40000	32047	67.953	50.875	67953	17078	192	0	0	16638	1	247	16735
4	7	B	40000	32309	67.691	50.624	67691	17067	207	0	0	16740	25	95	16892
4	7	cSpy was 6 spamed and the readout avoided!
5	0	G	40000	503	99.497	56.1585	99497	14127	139	0	0	13047	110	831	13577
5	0	A	40000	620	99.38	98.209	99380	1171	139	0	0	95	106	831	620
5	0	B	40000	72936	27.064	14.108	27064	12956	0	0	0	12952	4	0	12957
5	0	cSpy was 54 spamed and the readout avoided!
5	1	G	40000	52315	47.685	24.6825	47685	35096	47	0	0	34970	2	77	35048
5	1	A	40000	57806	42.194	24.88	42194	17314	24	0	0	17217	2	71	17274
5	1	B	40000	57733	42.267	24.485	42267	17782	23	0	0	17753	0	6	17774
5	1	cSpy was 6 spamed and the readout avoided!
5	2	G	40000	29	99.971	98.938	99971	1363	24	0	0	551	107	681	760
5	2	A	40000	61	99.939	99.364	99939	575	1	0	0	7	1	566	61
5	2	B	40000	700	99.3	98.512	99300	788	23	0	0	544	106	115	699
5	2	cSpy was 19 spamed and the readout avoided!
5	3	G	40000	98871	1.129	0.001	1129	2256	0	0	0	2256	0	0	2258
5	3	A	40000	98871	1.129	0.001	1129	1128	0	0	0	1128	0	0	1129
5	3	B	40000	98871	1.129	0.001	1129	1128	0	0	0	1128	0	0	1129
5	4	G	40000	100000	0	0	0	0	0	0	0	0	0	0	2
5	4	A	40000	100000	0	0	0	0	0	0	0	0	0	0	1
5	4	B	40000	100000	0	0	0	0	0	0	0	0	0	0	1
5	5	G	40000	90666	9.334	4.479	9334	8404	18	0	0	8370	1	15	8388
5	5	A	40000	91283	8.717	4.527	8717	4190	9	0	0	4167	0	14	4176
5	5	B	40000	91355	8.645	4.431	8645	4214	9	0	0	4203	1	1	4212
5	6	G	40000	0	100	100	100000	200000	200000	200000	200000	200000	200000	200000	200002
5	6	A	40000	0	100	100	100000	100000	100000	100000	100000	100000	100000	100000	100001
5	6	B	40000	0	100	100	100000	100000	100000	100000	100000	100000	100000	100000	100001
5	7	G	40000	44876	55.124	11.914	55124	55894	14	18	0	49750	6003	109	55838
5	7	A	40000	58905	41.095	13.163	41095	27932	14	18	0	24023	3769	108	27875
5	7	B	40000	61373	38.627	10.665	38627	27962	0	0	0	25727	2234	1	27963
5	7	cSpy was 2 spamed and the readout avoided!
6	0	G	40000	499	99.501	96.417	99501	3862	329	1	0	1919	1030	583	3298
6	0	A	40000	1177	98.823	97.221	98823	1602	182	0	0	193	720	507	1177
6	0	B	40000	2127	97.873	95.613	97873	2260	147	1	0	1726	310	76	2121
6	0	cSpy was 55 spamed and the readout avoided!
6	1	G	40000	12247	87.753	52.3985	87753	45670	9	0	0	40843	4491	327	45495
6	1	A	40000	23428	76.572	54.82	76572	21752	0	0	0	19010	2421	321	21586
6	1	B	40000	26105	73.895	49.977	73895	23918	9	0	0	21833	2070	6	23909
6	1	cSpy was 6 spamed and the readout avoided!
6	2	G	40000	100000	0	0	0	0	0	0	0	0	0	0	2
6	2	A	40000	100000	0	0	0	0	0	0	0	0	0	0	1
6	2	B	40000	100000	0	0	0	0	0	0	0	0	0	0	1
6	3	G	40000	100000	0	0	0	0	0	0	0	0	0	0	2
6	3	A	40000	100000	0	0	0	0	0	0	0	0	0	0	1
6	3	B	40000	100000	0	0	0	0	0	0	0	0	0	0	1
6	4	G	40000	19215	80.785	59.2395	80785	33831	788	1	0	32320	125	597	32763
6	4	A	40000	23530	76.47	59.546	76470	16924	385	1	0	16114	1	423	16211
6	4	B	40000	24160	75.84	58.933	75840	16907	403	0	0	16206	124	174	16552
6	4	cSpy was 7 spamed and the readout avoided!
6	5	G	40000	3725	96.275	84.384	96275	15647	207	10	0	13597	1003	830	15122
6	5	A	40000	7322	92.678	85.184	92678	7494	22	0	0	6309	467	696	7147
6	5	B	40000	8263	91.737	83.584	91737	8153	185	10	0	7288	536	134	7975
6	5	cSpy was 65 spamed and the readout avoided!
6	6	G	40000	100000	0	0	0	0	0	0	0	0	0	0	2
6	6	A	40000	100000	0	0	0	0	0	0	0	0	0	0	1
6	6	B	40000	100000	0	0	0	0	0	0	0	0	0	0	1
6	7	G	40000	100000	0	0	0	0	0	0	0	0	0	0	2
6	7	A	40000	100000	0	0	0	0	0	0	0	0	0	0	1
6	7	B	40000	100000	0	0	0	0	0	0	0	0	0	0	1
7	0	G	40000	2114	97.886	47.8795	97886	3456	199	0	0	2660	62	535	2987
7	0	A	40000	2135	97.865	95.294	97865	2571	199	0	0	1775	62	535	2101
7	0	B	40000	98650	1.35	0.465	1350	885	0	0	0	885	0	0	886
7	0	cSpy was 1 spamed and the readout avoided!
7	1	G	40000	100000	0	0	0	0	0	0	0	0	0	0	2
7	1	A	40000	100000	0	0	0	0	0	0	0	0	0	0	1
7	1	B	40000	100000	0	0	0	0	0	0	0	0	0	0	1
7	2	G	40000	95614	4.386	1.097	4386	4945	4	7	0	4875	52	7	4944
7	2	A	40000	96330	3.67	1.214	3670	2456	4	7	0	2417	21	7	2454
7	2	B	40000	96531	3.469	0.98	3469	2489	0	0	0	2458	31	0	2490
7	2	cSpy was 1 spamed and the readout avoided!
7	3	G	40000	0	100	100	100000	200000	200000	200000	200000	200000	200000	200000	200002
7	3	A	40000	0	100	100	100000	100000	100000	100000	100000	100000	100000	100000	100001
7	3	B	40000	0	100	100	100000	100000	100000	100000	100000	100000	100000	100000	100001
7	4	G	40000	86367	13.633	2.2465	13633	20639	0	0	0	19155	1466	18	20639
7	4	A	40000	86638	13.362	2.247	13362	11115	0	0	0	9843	1254	18	11114
7	4	B	40000	88230	11.77	2.246	11770	9524	0	0	0	9312	212	0	9525
7	5	G	40000	100000	0	0	0	0	0	0	0	0	0	0	2
7	5	A	40000	100000	0	0	0	0	0	0	0	0	0	0	1
7	5	B	40000	100000	0	0	0	0	0	0	0	0	0	0	1
7	6	G	40000	99810	0.190002	0.004	190	370	0	0	0	370	0	0	372
7	6	A	40000	99811	0.189	0.004	189	185	0	0	0	185	0	0	186
7	6	B	40000	99811	0.189	0.004	189	185	0	0	0	185	0	0	186
7	7	G	40000	46390	53.61	26.425	53610	40689	36	13	0	39169	1234	237	40570
7	7	A	40000	52464	47.536	27.009	47536	20527	18	13	0	19757	514	225	20421
7	7	B	40000	53997	46.003	25.841	46003	20162	18	0	0	19412	720	12	20149
7	7	cSpy was 12 spamed and the readout avoided!
