#the gain was set to: 2	the bias was set to: 30
#Sent triggers per delay setting: 100000	and with a frequency [Hz] of: 40000
#160MHz delay setting	400MHz delay setting	Frequency	correct transmitted H+T		error rate [%]	uncertainty [%]	bad or missed events	error count	missing headers	missing trailers	flipped H/T	event nr errors	tbm missed trigger	unknown errors	event nr resets
0	0	G	40000	441	99.559	72.2805	99559	19284	123	0	0	18219	336	606	18776
0	0	A	40000	656	99.344	98.19	99344	1154	102	0	0	195	262	595	656
0	0	B	40000	35499	64.501	46.371	64501	18130	21	0	0	18024	74	11	18120
0	0	cSpy was 25 spamed and the readout avoided!
0	1	G	40000	28687	71.313	52.5995	71313	25127	551	0	0	23339	605	632	24695
0	1	A	40000	37206	62.794	52.097	62794	10697	285	0	0	9945	2	465	10413
0	1	B	40000	32468	67.532	53.102	67532	14430	266	0	0	13394	603	167	14282
0	2	G	40000	5535	94.465	75.4385	94465	24116	63	1	0	20779	2970	303	23926
0	2	A	40000	12827	87.173	74.843	87173	12330	31	0	0	10191	1824	284	12164
0	2	B	40000	12180	87.82	76.034	87820	11786	32	1	0	10588	1146	19	11762
0	2	cSpy was 9 spamed and the readout avoided!
0	3	G	40000	100000	0	0	0	0	0	0	0	0	0	0	2
0	3	A	40000	100000	0	0	0	0	0	0	0	0	0	0	1
0	3	B	40000	100000	0	0	0	0	0	0	0	0	0	0	1
0	4	G	40000	100000	0	0	0	0	0	0	0	0	0	0	2
0	4	A	40000	100000	0	0	0	0	0	0	0	0	0	0	1
0	4	B	40000	100000	0	0	0	0	0	0	0	0	0	0	1
0	5	G	40000	47743	52.257	37.0965	52257	20381	67	0	0	19750	231	333	20321
0	5	A	40000	54495	45.505	36.674	45505	8831	39	0	0	8466	12	314	8783
0	5	B	40000	50931	49.069	37.519	49069	11550	28	0	0	11284	219	19	11538
0	6	G	40000	2708	97.292	88.212	97292	11692	208	11	0	9505	1638	330	11375
0	6	A	40000	5126	94.874	89.777	94874	5097	101	0	0	3773	933	290	4859
0	6	B	40000	6758	93.242	86.647	93242	6595	107	11	0	5732	705	40	6516
0	6	cSpy was 16 spamed and the readout avoided!
0	7	G	40000	99910	0.0899971	0	90	180	0	0	0	180	0	0	182
0	7	A	40000	99910	0.0899971	0	90	90	0	0	0	90	0	0	91
0	7	B	40000	99910	0.0899971	0	90	90	0	0	0	90	0	0	91
1	0	G	40000	293	99.707	97.6285	99707	2555	201	0	0	1782	168	404	2160
1	0	A	40000	1518	98.482	96.641	98482	1841	181	0	0	1199	114	347	1492
1	0	B	40000	670	99.33	98.616	99330	714	20	0	0	583	54	57	668
1	0	cSpy was 20 spamed and the readout avoided!
1	1	G	40000	99903	0.0970006	0	97	194	0	0	0	194	0	0	196
1	1	A	40000	99903	0.0970006	0	97	97	0	0	0	97	0	0	98
1	1	B	40000	99903	0.0970006	0	97	97	0	0	0	97	0	0	98
1	2	G	40000	100000	0	0	0	0	0	0	0	0	0	0	2
1	2	A	40000	100000	0	0	0	0	0	0	0	0	0	0	1
1	2	B	40000	100000	0	0	0	0	0	0	0	0	0	0	1
1	3	G	40000	91244	8.756	2.4855	8756	10129	0	0	0	10085	30	14	10129
1	3	A	40000	92895	7.105	2.346	7105	4759	0	0	0	4720	25	14	4758
1	3	B	40000	92005	7.995	2.625	7995	5370	0	0	0	5365	5	0	5371
1	4	G	40000	780	99.22	95.626	99220	4571	300	2	0	2752	1068	449	4068
1	4	A	40000	2582	97.418	94.749	97418	2669	75	0	0	1537	886	171	2502
1	4	B	40000	1595	98.405	96.503	98405	1902	225	2	0	1215	182	278	1566
1	4	cSpy was 63 spamed and the readout avoided!
1	5	G	40000	87345	12.655	2.284	12655	12157	0	0	0	11195	958	4	12159
1	5	A	40000	92693	7.307	1.286	7307	6021	0	0	0	5609	408	4	6022
1	5	B	40000	90582	9.418	3.282	9418	6136	0	0	0	5586	550	0	6137
1	6	G	40000	100000	0	0	0	0	0	0	0	0	0	0	2
1	6	A	40000	100000	0	0	0	0	0	0	0	0	0	0	1
1	6	B	40000	100000	0	0	0	0	0	0	0	0	0	0	1
1	7	G	40000	98490	1.51	0.6815	1510	1088	0	0	0	1074	8	6	1090
1	7	A	40000	98842	1.158	0.653	1158	505	0	0	0	493	7	5	506
1	7	B	40000	98707	1.293	0.71	1293	583	0	0	0	581	1	1	584
2	0	G	40000	2329	97.671	48.405	97671	4071	51	3	0	3816	113	88	3971
2	0	A	40000	2360	97.64	95.22	97640	2420	51	3	0	2165	113	88	2319
2	0	B	40000	96759	3.241	1.59	3241	1651	0	0	0	1651	0	0	1652
2	1	G	40000	99849	0.151002	0.0085	151	282	0	0	0	282	0	0	284
2	1	A	40000	99852	0.147998	0.008	148	140	0	0	0	140	0	0	141
2	1	B	40000	99849	0.151002	0.009	151	142	0	0	0	142	0	0	143
2	2	G	40000	28763	71.237	48.8045	71237	28062	697	0	0	25491	1225	649	27415
2	2	A	40000	40194	59.806	47.026	59806	12780	387	0	0	11515	447	431	12387
2	2	B	40000	34135	65.865	50.583	65865	15282	310	0	0	13976	778	218	15028
2	2	cSpy was 3 spamed and the readout avoided!
2	3	G	40000	7264	92.736	64.1	92736	34397	91	0	0	30507	3696	103	34300
2	3	A	40000	23437	76.563	54.412	76563	22151	7	0	0	19270	2826	48	22122
2	3	B	40000	13966	86.034	73.788	86034	12246	84	0	0	11237	870	55	12178
2	4	G	40000	100000	0	0	0	0	0	0	0	0	0	0	2
2	4	A	40000	100000	0	0	0	0	0	0	0	0	0	0	1
2	4	B	40000	100000	0	0	0	0	0	0	0	0	0	0	1
2	5	G	40000	100000	0	0	0	0	0	0	0	0	0	0	2
2	5	A	40000	100000	0	0	0	0	0	0	0	0	0	0	1
2	5	B	40000	100000	0	0	0	0	0	0	0	0	0	0	1
2	6	G	40000	27916	72.084	49.88	72084	26152	349	0	0	24191	1049	563	25882
2	6	A	40000	40682	59.318	47.788	59318	11530	212	0	0	10089	770	459	11326
2	6	B	40000	33406	66.594	51.972	66594	14622	137	0	0	14102	279	104	14556
2	7	G	40000	0	100	100	100000	200000	200000	200000	200000	200000	200000	200000	200002
2	7	A	40000	0	100	100	100000	100000	100000	100000	100000	100000	100000	100000	100001
2	7	B	40000	0	100	100	100000	100000	100000	100000	100000	100000	100000	100000	100001
3	0	G	40000	915	99.085	74.8865	99085	15811	248	2	0	14582	339	640	15253
3	0	A	40000	1425	98.575	96.655	98575	1920	183	0	0	1100	28	609	1409
3	0	B	40000	32991	67.009	53.118	67009	13891	65	2	0	13482	311	31	13844
3	0	cSpy was 7 spamed and the readout avoided!
3	1	G	40000	0	100	100	100000	200000	200000	200000	200000	200000	200000	200000	200002
3	1	A	40000	0	100	100	100000	100000	100000	100000	100000	100000	100000	100000	100001
3	1	B	40000	0	100	100	100000	100000	100000	100000	100000	100000	100000	100000	100001
3	2	G	40000	99989	0.0109971	0	11	22	0	0	0	22	0	0	24
3	2	A	40000	99989	0.0109971	0	11	11	0	0	0	11	0	0	12
3	2	B	40000	99989	0.0109971	0	11	11	0	0	0	11	0	0	12
3	3	G	40000	100000	0	0	0	0	0	0	0	0	0	0	2
3	3	A	40000	100000	0	0	0	0	0	0	0	0	0	0	1
3	3	B	40000	100000	0	0	0	0	0	0	0	0	0	0	1
3	4	G	40000	80821	19.179	6.813	19179	20677	2	0	0	20627	38	10	20676
3	4	A	40000	82961	17.039	6.609	17039	10430	1	0	0	10401	19	9	10429
3	4	B	40000	82736	17.264	7.017	17264	10247	1	0	0	10226	19	1	10247
3	5	G	40000	0	100	100	100000	200000	200000	200000	200000	200000	200000	200000	200002
3	5	A	40000	0	100	100	100000	100000	100000	100000	100000	100000	100000	100000	100001
3	5	B	40000	0	100	100	100000	100000	100000	100000	100000	100000	100000	100000	100001
3	6	G	40000	85121	14.879	3.2445	14879	21686	8	4	0	20934	738	2	21688
3	6	A	40000	85510	14.49	3.234	14490	11256	0	0	0	10560	694	2	11257
3	6	B	40000	86315	13.685	3.255	13685	10430	8	4	0	10374	44	0	10431
3	6	cSpy was 1 spamed and the readout avoided!
3	7	G	40000	100000	0	0	0	0	0	0	0	0	0	0	2
3	7	A	40000	100000	0	0	0	0	0	0	0	0	0	0	1
3	7	B	40000	100000	0	0	0	0	0	0	0	0	0	0	1
4	0	G	40000	1000	99	67.117	99000	17170	327	6	0	14674	1595	569	16580
4	0	A	40000	1523	98.477	96.442	98477	2035	243	4	0	801	469	519	1517
4	0	B	40000	47073	52.927	37.792	52927	15135	84	2	0	13873	1126	50	15063
4	0	cSpy was 53 spamed and the readout avoided!
4	1	G	40000	100000	0	0	0	0	0	0	0	0	0	0	2
4	1	A	40000	100000	0	0	0	0	0	0	0	0	0	0	1
4	1	B	40000	100000	0	0	0	0	0	0	0	0	0	0	1
4	2	G	40000	98806	1.194	0.6775	1194	771	2	0	0	765	0	4	770
4	2	A	40000	98938	1.062	0.682	1062	380	1	0	0	375	0	4	378
4	2	B	40000	98936	1.064	0.673	1064	391	1	0	0	390	0	0	392
4	3	G	40000	18933	81.067	59.1715	81067	34110	801	4	0	32564	128	613	33028
4	3	A	40000	23455	76.545	59.449	76545	17096	387	2	0	16266	6	435	16382
4	3	B	40000	24092	75.908	58.894	75908	17014	414	2	0	16298	122	178	16646
4	3	cSpy was 37 spamed and the readout avoided!
4	4	G	40000	0	100	100	100000	200000	200000	200000	200000	200000	200000	200000	200002
4	4	A	40000	0	100	100	100000	100000	100000	100000	100000	100000	100000	100000	100001
4	4	B	40000	0	100	100	100000	100000	100000	100000	100000	100000	100000	100000	100001
4	5	G	40000	100000	0	0	0	0	0	0	0	0	0	0	2
4	5	A	40000	100000	0	0	0	0	0	0	0	0	0	0	1
4	5	B	40000	100000	0	0	0	0	0	0	0	0	0	0	1
4	6	G	40000	99888	0.111997	0.004	112	210	0	0	0	210	0	0	212
4	6	A	40000	99889	0.111002	0.006	111	105	0	0	0	105	0	0	106
4	6	B	40000	99893	0.107002	0.002	107	105	0	0	0	105	0	0	106
4	7	G	40000	39399	60.601	43.4335	60601	28267	514	0	0	27275	77	401	27557
4	7	A	40000	42245	57.755	43.621	57755	14134	246	0	0	13613	0	275	13676
4	7	B	40000	42621	57.379	43.246	57379	14133	268	0	0	13662	77	126	13881
4	7	cSpy was 6 spamed and the readout avoided!
5	0	G	40000	516	99.484	56.8325	99484	14777	147	0	0	13686	103	841	14247
5	0	A	40000	630	99.37	98.209	99370	1161	147	0	0	82	91	841	630
5	0	B	40000	70928	29.072	15.456	29072	13616	0	0	0	13604	12	0	13617
5	0	cSpy was 64 spamed and the readout avoided!
5	1	G	40000	50017	49.983	32.2775	49983	27690	152	0	0	27387	1	150	27523
5	1	A	40000	53843	46.157	32.361	46157	13796	74	0	0	13595	1	126	13662
5	1	B	40000	53912	46.088	32.194	46088	13894	78	0	0	13792	0	24	13861
5	1	cSpy was 7 spamed and the readout avoided!
5	2	G	40000	0	100	100	100000	200000	200000	200000	200000	200000	200000	200000	200002
5	2	A	40000	0	100	100	100000	100000	100000	100000	100000	100000	100000	100000	100001
5	2	B	40000	0	100	100	100000	100000	100000	100000	100000	100000	100000	100000	100001
5	3	G	40000	99712	0.287998	0	288	576	0	0	0	576	0	0	578
5	3	A	40000	99712	0.287998	0	288	288	0	0	0	288	0	0	289
5	3	B	40000	99712	0.287998	0	288	288	0	0	0	288	0	0	289
5	4	G	40000	100000	0	0	0	0	0	0	0	0	0	0	2
5	4	A	40000	100000	0	0	0	0	0	0	0	0	0	0	1
5	4	B	40000	100000	0	0	0	0	0	0	0	0	0	0	1
5	5	G	40000	95619	4.381	0.5485	4381	7225	0	0	0	7224	0	1	7227
5	5	A	40000	95803	4.197	0.596	4197	3601	0	0	0	3600	0	1	3602
5	5	B	40000	95875	4.125	0.501	4125	3624	0	0	0	3624	0	0	3625
5	6	G	40000	40	99.96	98.0965	99960	2077	186	0	0	785	750	356	1724
5	6	A	40000	111	99.889	99.639	99889	250	7	0	0	50	7	186	111
5	6	B	40000	1619	98.381	96.554	98381	1827	179	0	0	735	743	170	1613
5	6	cSpy was 59 spamed and the readout avoided!
5	7	G	40000	48820	51.18	11.128	51180	54500	6	2	0	49185	5207	100	54471
5	7	A	40000	59890	40.11	11.752	40110	28358	6	2	0	24524	3726	100	28328
5	7	B	40000	63354	36.646	10.504	36646	26142	0	0	0	24661	1481	0	26143
6	0	G	40000	657	99.343	95.178	99343	5135	292	9	0	2648	1423	763	4496
6	0	A	40000	1470	98.53	96.526	98530	2004	166	2	0	163	957	716	1470
6	0	B	40000	3039	96.961	93.83	96961	3131	126	7	0	2485	466	47	3026
6	0	cSpy was 45 spamed and the readout avoided!
6	1	G	40000	16853	83.147	35.7865	83147	61181	1	0	0	54366	6513	301	61036
6	1	A	40000	31851	68.149	39.011	68149	29138	0	0	0	25199	3645	294	28997
6	1	B	40000	35395	64.605	32.562	64605	32043	1	0	0	29167	2868	7	32039
6	1	cSpy was 5 spamed and the readout avoided!
6	2	G	40000	100000	0	0	0	0	0	0	0	0	0	0	2
6	2	A	40000	100000	0	0	0	0	0	0	0	0	0	0	1
6	2	B	40000	100000	0	0	0	0	0	0	0	0	0	0	1
6	3	G	40000	100000	0	0	0	0	0	0	0	0	0	0	2
6	3	A	40000	100000	0	0	0	0	0	0	0	0	0	0	1
6	3	B	40000	100000	0	0	0	0	0	0	0	0	0	0	1
6	4	G	40000	19764	80.236	59.0115	80236	34019	820	1	0	32445	138	616	32927
6	4	A	40000	23679	76.321	59.288	76321	17033	396	1	0	16198	1	437	16305
6	4	B	40000	24279	75.721	58.735	75721	16986	424	0	0	16247	137	179	16622
6	4	cSpy was 29 spamed and the readout avoided!
6	5	G	40000	7395	92.605	83.5135	92605	11940	132	3	0	10119	752	934	11252
6	5	A	40000	9905	90.095	84.505	90095	5590	12	1	0	4458	314	805	5052
6	5	B	40000	11128	88.872	82.522	88872	6350	120	2	0	5661	438	129	6200
6	5	cSpy was 54 spamed and the readout avoided!
6	6	G	40000	100000	0	0	0	0	0	0	0	0	0	0	2
6	6	A	40000	100000	0	0	0	0	0	0	0	0	0	0	1
6	6	B	40000	100000	0	0	0	0	0	0	0	0	0	0	1
6	7	G	40000	100000	0	0	0	0	0	0	0	0	0	0	2
6	7	A	40000	100000	0	0	0	0	0	0	0	0	0	0	1
6	7	B	40000	100000	0	0	0	0	0	0	0	0	0	0	1
7	0	G	40000	1933	98.067	48.079	98067	4409	203	0	0	3565	84	557	3922
7	0	A	40000	1978	98.022	95.566	98022	2456	203	0	0	1627	69	557	1968
7	0	B	40000	97455	2.545	0.592	2545	1953	0	0	0	1938	15	0	1954
7	1	G	40000	100000	0	0	0	0	0	0	0	0	0	0	2
7	1	A	40000	100000	0	0	0	0	0	0	0	0	0	0	1
7	1	B	40000	100000	0	0	0	0	0	0	0	0	0	0	1
7	2	G	40000	89882	10.118	2.4735	10118	11006	9	8	0	10903	68	18	10998
7	2	A	40000	91785	8.215	2.752	8215	5463	9	8	0	5397	31	18	5454
7	2	B	40000	92262	7.738	2.195	7738	5543	0	0	0	5506	37	0	5544
7	2	cSpy was 1 spamed and the readout avoided!
7	3	G	40000	0	100	100	100000	200000	200000	200000	200000	200000	200000	200000	200002
7	3	A	40000	0	100	100	100000	100000	100000	100000	100000	100000	100000	100000	100001
7	3	B	40000	0	100	100	100000	100000	100000	100000	100000	100000	100000	100000	100001
7	4	G	40000	93496	6.504	0.457	6504	11649	0	0	0	11298	347	4	11649
7	4	A	40000	93541	6.459	0.457	6459	6002	0	0	0	5695	303	4	6002
7	4	B	40000	93896	6.104	0.457	6104	5647	0	0	0	5603	44	0	5647
7	5	G	40000	100000	0	0	0	0	0	0	0	0	0	0	2
7	5	A	40000	100000	0	0	0	0	0	0	0	0	0	0	1
7	5	B	40000	100000	0	0	0	0	0	0	0	0	0	0	1
7	6	G	40000	96772	3.228	0.6765	3228	3749	0	1	0	3723	15	10	3749
7	6	A	40000	97373	2.627	0.754	2627	1873	0	1	0	1851	11	10	1872
7	6	B	40000	97525	2.475	0.599	2475	1876	0	0	0	1872	4	0	1877
7	6	cSpy was 1 spamed and the readout avoided!
7	7	G	40000	48374	51.626	24.485	51626	40209	19	13	0	38760	1260	157	40151
7	7	A	40000	54764	45.236	25.008	45236	20228	16	13	0	19491	553	155	20170
7	7	B	40000	56057	43.943	23.962	43943	19981	3	0	0	19269	707	2	19981
7	7	cSpy was 8 spamed and the readout avoided!
