#the gain was set to: 2	the bias was set to: 30
#Sent triggers per delay setting: 100000	and with a frequency [Hz] of: 40000
#160MHz delay setting	400MHz delay setting	Frequency	correct transmitted H+T		error rate [%]	uncertainty [%]	bad or missed events	error count	missing headers	missing trailers	flipped H/T	event nr errors	tbm missed trigger	unknown errors	event nr resets
0	0	G	40000	422	99.578	72.5715	99578	19012	128	0	0	17926	299	659	18452
0	0	A	40000	629	99.371	98.189	99371	1182	105	0	0	170	257	650	629
0	0	B	40000	35216	64.784	46.954	64784	17830	23	0	0	17756	42	9	17823
0	0	cSpy was 42 spamed and the readout avoided!
0	1	G	40000	32297	67.703	47.6555	67703	26909	74	0	0	26185	239	411	26834
0	1	A	40000	41229	58.771	47.08	58771	11691	41	0	0	11244	15	391	11630
0	1	B	40000	36551	63.449	48.231	63449	15218	33	0	0	14941	224	20	15204
0	2	G	40000	2291	97.709	87.3845	97709	12543	147	5	0	10103	1905	383	12225
0	2	A	40000	4744	95.256	90.461	95256	4795	79	0	0	3331	1038	347	4542
0	2	B	40000	7944	92.056	84.308	92056	7748	68	5	0	6772	867	36	7683
0	2	cSpy was 9 spamed and the readout avoided!
0	3	G	40000	77808	22.192	10.0035	22192	14057	11	2	0	11588	2440	16	14040
0	3	A	40000	85272	14.728	5.726	14728	9002	0	0	0	7141	1848	13	8991
0	3	B	40000	80664	19.336	14.281	19336	5055	11	2	0	4447	592	3	5049
0	3	cSpy was 4 spamed and the readout avoided!
0	4	G	40000	100000	0	0	0	0	0	0	0	0	0	0	2
0	4	A	40000	100000	0	0	0	0	0	0	0	0	0	0	1
0	4	B	40000	100000	0	0	0	0	0	0	0	0	0	0	1
0	5	G	40000	73105	26.895	12.566	26895	21969	1	0	0	21827	41	100	21962
0	5	A	40000	77496	22.504	12.36	22504	10144	1	0	0	10024	19	100	10136
0	5	B	40000	75403	24.597	12.772	24597	11825	0	0	0	11803	22	0	11826
0	6	G	40000	1638	98.362	92.517	98362	7565	378	18	0	5685	1186	298	7122
0	6	A	40000	4331	95.669	91.326	95669	4343	113	0	0	3174	869	187	4132
0	6	B	40000	3070	96.93	93.708	96930	3222	265	18	0	2511	317	111	2990
0	6	cSpy was 47 spamed and the readout avoided!
0	7	G	40000	73676	26.324	21.1975	26324	7250	115	5	0	6321	693	116	7105
0	7	A	40000	75543	24.457	20.656	24457	3801	37	0	0	3220	466	78	3727
0	7	B	40000	74812	25.188	21.739	25188	3449	78	5	0	3101	227	38	3378
0	7	cSpy was 17 spamed and the readout avoided!
1	0	G	40000	0	100	100	100000	200000	200000	200000	200000	200000	200000	200000	200002
1	0	A	40000	0	100	100	100000	100000	100000	100000	100000	100000	100000	100000	100001
1	0	B	40000	0	100	100	100000	100000	100000	100000	100000	100000	100000	100000	100001
1	1	G	40000	94645	5.355	0.7705	5355	6735	0	0	0	6428	306	1	6737
1	1	A	40000	96177	3.823	0.463	3823	3360	0	0	0	3206	153	1	3361
1	1	B	40000	95547	4.453	1.078	4453	3375	0	0	0	3222	153	0	3376
1	2	G	40000	100000	0	0	0	0	0	0	0	0	0	0	2
1	2	A	40000	100000	0	0	0	0	0	0	0	0	0	0	1
1	2	B	40000	100000	0	0	0	0	0	0	0	0	0	0	1
1	3	G	40000	99205	0.795001	0.0425	795	1474	0	0	0	1473	1	0	1476
1	3	A	40000	99228	0.771999	0.04	772	732	0	0	0	731	1	0	733
1	3	B	40000	99213	0.787002	0.045	787	742	0	0	0	742	0	0	743
1	4	G	40000	568	99.432	96.876	99432	3301	245	0	0	1459	1255	342	2933
1	4	A	40000	1643	98.357	96.637	98357	1720	50	0	0	724	853	93	1629
1	4	B	40000	1304	98.696	97.115	98696	1581	195	0	0	735	402	249	1304
1	4	cSpy was 10 spamed and the readout avoided!
1	5	G	40000	29594	70.406	21.285	70406	51778	22	0	0	43501	8201	54	51751
1	5	A	40000	62134	37.866	7.496	37866	30370	0	0	0	24987	5338	45	30364
1	5	B	40000	43518	56.482	35.074	56482	21408	22	0	0	18514	2863	9	21387
1	6	G	40000	100000	0	0	0	0	0	0	0	0	0	0	2
1	6	A	40000	100000	0	0	0	0	0	0	0	0	0	0	1
1	6	B	40000	100000	0	0	0	0	0	0	0	0	0	0	1
1	7	G	40000	97518	2.482	0.8875	2482	2309	0	0	0	2297	7	5	2311
1	7	A	40000	98080	1.92	0.843	1920	1077	0	0	0	1067	6	4	1078
1	7	B	40000	97836	2.164	0.932	2164	1232	0	0	0	1230	1	1	1233
2	0	G	40000	2233	97.767	48.496	97767	3963	50	0	0	3709	119	85	3872
2	0	A	40000	2268	97.732	95.411	97732	2321	50	0	0	2067	119	85	2229
2	0	B	40000	96777	3.223	1.581	3223	1642	0	0	0	1642	0	0	1643
2	0	cSpy was 1 spamed and the readout avoided!
2	1	G	40000	100000	0	0	0	0	0	0	0	0	0	0	2
2	1	A	40000	100000	0	0	0	0	0	0	0	0	0	0	1
2	1	B	40000	100000	0	0	0	0	0	0	0	0	0	0	1
2	2	G	40000	33720	66.28	44.8475	66280	25744	361	0	0	23849	998	536	25457
2	2	A	40000	45633	54.367	42.983	54367	11384	212	0	0	10055	701	416	11181
2	2	B	40000	38928	61.072	46.712	61072	14360	149	0	0	13794	297	120	14276
2	3	G	40000	4369	95.631	77.694	95631	21869	90	4	0	19221	2357	197	21723
2	3	A	40000	14427	85.573	71.664	85573	13909	7	0	0	12091	1657	154	13827
2	3	B	40000	8316	91.684	83.724	91684	7960	83	4	0	7130	700	43	7896
2	3	cSpy was 13 spamed and the readout avoided!
2	4	G	40000	100000	0	0	0	0	0	0	0	0	0	0	2
2	4	A	40000	100000	0	0	0	0	0	0	0	0	0	0	1
2	4	B	40000	100000	0	0	0	0	0	0	0	0	0	0	1
2	5	G	40000	100000	0	0	0	0	0	0	0	0	0	0	2
2	5	A	40000	100000	0	0	0	0	0	0	0	0	0	0	1
2	5	B	40000	100000	0	0	0	0	0	0	0	0	0	0	1
2	6	G	40000	41388	58.612	33.4815	58612	29995	49	0	0	28970	708	268	29943
2	6	A	40000	54583	45.417	31.788	45417	13629	35	0	0	12707	625	262	13581
2	6	B	40000	48459	51.541	35.175	51541	16366	14	0	0	16263	83	6	16362
2	7	G	40000	0	100	100	100000	200000	200000	200000	200000	200000	200000	200000	200002
2	7	A	40000	0	100	100	100000	100000	100000	100000	100000	100000	100000	100000	100001
2	7	B	40000	0	100	100	100000	100000	100000	100000	100000	100000	100000	100000	100001
3	0	G	40000	1099	98.901	63.2445	98901	20543	241	0	0	19315	358	629	19965
3	0	A	40000	1567	98.433	96.308	98433	2125	226	0	0	1248	25	626	1555
3	0	B	40000	51401	48.599	30.181	48599	18418	15	0	0	18067	333	3	18410
3	0	cSpy was 7 spamed and the readout avoided!
3	1	G	40000	0	100	100	100000	200000	200000	200000	200000	200000	200000	200000	200002
3	1	A	40000	0	100	100	100000	100000	100000	100000	100000	100000	100000	100000	100001
3	1	B	40000	0	100	100	100000	100000	100000	100000	100000	100000	100000	100000	100001
3	2	G	40000	97207	2.793	0.096	2793	5378	0	0	0	5372	6	0	5380
3	2	A	40000	97209	2.791	0.096	2791	2695	0	0	0	2689	6	0	2696
3	2	B	40000	97221	2.779	0.096	2779	2683	0	0	0	2683	0	0	2684
3	3	G	40000	100000	0	0	0	0	0	0	0	0	0	0	2
3	3	A	40000	100000	0	0	0	0	0	0	0	0	0	0	1
3	3	B	40000	100000	0	0	0	0	0	0	0	0	0	0	1
3	4	G	40000	90289	9.711	6.343	9711	5236	52	0	0	5104	20	60	5159
3	4	A	40000	90914	9.086	6.549	9086	2537	26	0	0	2466	6	39	2490
3	4	B	40000	91164	8.836	6.137	8836	2699	26	0	0	2638	14	21	2669
3	5	G	40000	0	100	100	100000	200000	200000	200000	200000	200000	200000	200000	200002
3	5	A	40000	0	100	100	100000	100000	100000	100000	100000	100000	100000	100000	100001
3	5	B	40000	0	100	100	100000	100000	100000	100000	100000	100000	100000	100000	100001
3	6	G	40000	42434	57.566	14.225	57566	57812	12	7	0	52898	4858	37	57792
3	6	A	40000	56861	43.139	13.908	43139	29231	8	1	0	25389	3800	33	29217
3	6	B	40000	56877	43.123	14.542	43123	28581	4	6	0	27509	1058	4	28575
3	6	cSpy was 8 spamed and the readout avoided!
3	7	G	40000	100000	0	0	0	0	0	0	0	0	0	0	2
3	7	A	40000	100000	0	0	0	0	0	0	0	0	0	0	1
3	7	B	40000	100000	0	0	0	0	0	0	0	0	0	0	1
4	0	G	40000	0	100	100	100000	200000	200000	200000	200000	200000	200000	200000	200002
4	0	A	40000	0	100	100	100000	100000	100000	100000	100000	100000	100000	100000	100001
4	0	B	40000	0	100	100	100000	100000	100000	100000	100000	100000	100000	100000	100001
4	1	G	40000	100000	0	0	0	0	0	0	0	0	0	0	2
4	1	A	40000	100000	0	0	0	0	0	0	0	0	0	0	1
4	1	B	40000	100000	0	0	0	0	0	0	0	0	0	0	1
4	2	G	40000	99992	0.00799894	0	8	16	0	0	0	16	0	0	18
4	2	A	40000	99992	0.00799894	0	8	8	0	0	0	8	0	0	9
4	2	B	40000	99992	0.00799894	0	8	8	0	0	0	8	0	0	9
4	3	G	40000	28895	71.105	50.0005	71105	33987	658	0	0	32728	114	487	33117
4	3	A	40000	32773	67.227	50.252	67227	16975	318	0	0	16307	1	349	16391
4	3	B	40000	33239	66.761	49.749	66761	17012	340	0	0	16421	113	138	16726
4	3	cSpy was 6 spamed and the readout avoided!
4	4	G	40000	1813	98.187	92.952	98187	7269	410	20	4	5888	426	523	6681
4	4	A	40000	3200	96.8	93.273	96800	3527	210	12	4	2704	200	399	3138
4	4	B	40000	3627	96.373	92.631	96373	3742	200	8	0	3184	226	124	3543
4	4	cSpy was 69 spamed and the readout avoided!
4	5	G	40000	100000	0	0	0	0	0	0	0	0	0	0	2
4	5	A	40000	100000	0	0	0	0	0	0	0	0	0	0	1
4	5	B	40000	100000	0	0	0	0	0	0	0	0	0	0	1
4	6	G	40000	100000	0	0	0	0	0	0	0	0	0	0	2
4	6	A	40000	100000	0	0	0	0	0	0	0	0	0	0	1
4	6	B	40000	100000	0	0	0	0	0	0	0	0	0	0	1
4	7	G	40000	52109	47.891	28.0425	47891	30613	92	1	0	30418	5	97	30537
4	7	A	40000	56685	43.315	28.143	43315	15172	46	1	0	15033	5	87	15109
4	7	B	40000	56617	43.383	27.942	43383	15441	46	0	0	15385	0	10	15428
4	7	cSpy was 6 spamed and the readout avoided!
5	0	G	40000	494	99.506	56.9105	99506	14772	157	0	0	13680	110	825	14236
5	0	A	40000	616	99.384	98.233	99384	1151	157	0	0	67	103	824	615
5	0	B	40000	70791	29.209	15.588	29209	13621	0	0	0	13613	7	1	13621
5	0	cSpy was 60 spamed and the readout avoided!
5	1	G	40000	85459	14.541	4.827	14541	15972	0	1	0	15958	1	12	15974
5	1	A	40000	87142	12.858	4.968	12858	7890	0	1	0	7876	1	12	7891
5	1	B	40000	87232	12.768	4.686	12768	8082	0	0	0	8082	0	0	8083
5	2	G	40000	0	100	100	100000	200000	200000	200000	200000	200000	200000	200000	200002
5	2	A	40000	0	100	100	100000	100000	100000	100000	100000	100000	100000	100000	100001
5	2	B	40000	0	100	100	100000	100000	100000	100000	100000	100000	100000	100000	100001
5	3	G	40000	94835	5.165	0.149	5165	9650	0	0	0	9324	326	0	9652
5	3	A	40000	94851	5.149	0.149	5149	5000	0	0	0	4691	309	0	5001
5	3	B	40000	95201	4.799	0.149	4799	4650	0	0	0	4633	17	0	4651
5	4	G	40000	100000	0	0	0	0	0	0	0	0	0	0	2
5	4	A	40000	100000	0	0	0	0	0	0	0	0	0	0	1
5	4	B	40000	100000	0	0	0	0	0	0	0	0	0	0	1
5	5	G	40000	98920	1.08	0.061	1080	2002	0	0	0	2002	0	0	2004
5	5	A	40000	98930	1.07	0.07	1070	1000	0	0	0	1000	0	0	1001
5	5	B	40000	98946	1.054	0.052	1054	1002	0	0	0	1002	0	0	1003
5	6	G	40000	6	99.994	97.615	99994	2473	202	1	0	1096	1055	119	2294
5	6	A	40000	11	99.989	99.942	99989	47	0	0	0	2	0	45	11
5	6	B	40000	2286	97.714	95.288	97714	2426	202	1	0	1094	1055	74	2283
5	6	cSpy was 49 spamed and the readout avoided!
5	7	G	40000	18869	81.131	29.897	81131	66053	0	0	0	58274	7521	258	65930
5	7	A	40000	35121	64.879	33.498	64879	31381	0	0	0	26843	4280	258	31257
5	7	B	40000	39032	60.968	26.296	60968	34672	0	0	0	31431	3241	0	34673
5	7	cSpy was 3 spamed and the readout avoided!
6	0	G	40000	366	99.634	97.3135	99634	2986	340	0	0	1315	754	577	2379
6	0	A	40000	850	99.15	97.865	99150	1285	177	0	0	266	384	458	850
6	0	B	40000	1537	98.463	96.762	98463	1701	163	0	0	1049	370	119	1529
6	0	cSpy was 97 spamed and the readout avoided!
6	1	G	40000	10450	89.55	57.9805	89550	40699	10	3	0	36490	3842	354	40516
6	1	A	40000	20341	79.659	60.302	79659	19357	1	1	0	16984	2024	347	19184
6	1	B	40000	22999	77.001	55.659	77001	21342	9	2	0	19506	1818	7	21332
6	1	cSpy was 9 spamed and the readout avoided!
6	2	G	40000	100000	0	0	0	0	0	0	0	0	0	0	2
6	2	A	40000	100000	0	0	0	0	0	0	0	0	0	0	1
6	2	B	40000	100000	0	0	0	0	0	0	0	0	0	0	1
6	3	G	40000	100000	0	0	0	0	0	0	0	0	0	0	2
6	3	A	40000	100000	0	0	0	0	0	0	0	0	0	0	1
6	3	B	40000	100000	0	0	0	0	0	0	0	0	0	0	1
6	4	G	40000	20492	79.508	58.5745	79508	34328	808	0	0	32777	142	601	33233
6	4	A	40000	23983	76.017	58.847	76017	17170	391	0	0	16355	0	424	16446
6	4	B	40000	24540	75.46	58.302	75460	17158	417	0	0	16422	142	177	16787
6	4	cSpy was 8 spamed and the readout avoided!
6	5	G	40000	1621	98.379	91.5645	98379	8612	256	8	2	7088	452	809	8048
6	5	A	40000	3758	96.242	92.216	96242	4026	35	2	1	3148	181	660	3676
6	5	B	40000	4501	95.499	90.913	95499	4586	221	6	1	3940	271	149	4372
6	5	cSpy was 86 spamed and the readout avoided!
6	6	G	40000	100000	0	0	0	0	0	0	0	0	0	0	2
6	6	A	40000	100000	0	0	0	0	0	0	0	0	0	0	1
6	6	B	40000	100000	0	0	0	0	0	0	0	0	0	0	1
6	7	G	40000	100000	0	0	0	0	0	0	0	0	0	0	2
6	7	A	40000	100000	0	0	0	0	0	0	0	0	0	0	1
6	7	B	40000	100000	0	0	0	0	0	0	0	0	0	0	1
7	0	G	40000	2114	97.886	47.8605	97886	3642	244	0	0	2764	84	550	3143
7	0	A	40000	2139	97.861	95.245	97861	2616	244	0	0	1738	84	550	2116
7	0	B	40000	98498	1.502	0.476	1502	1026	0	0	0	1026	0	0	1027
7	0	cSpy was 1 spamed and the readout avoided!
7	1	G	40000	100000	0	0	0	0	0	0	0	0	0	0	2
7	1	A	40000	100000	0	0	0	0	0	0	0	0	0	0	1
7	1	B	40000	100000	0	0	0	0	0	0	0	0	0	0	1
7	2	G	40000	99190	0.809997	0.1765	810	1052	1	0	0	1043	7	1	1053
7	2	A	40000	99285	0.714999	0.192	715	523	1	0	0	519	2	1	523
7	2	B	40000	99310	0.690001	0.161	690	529	0	0	0	524	5	0	530
7	2	cSpy was 1 spamed and the readout avoided!
7	3	G	40000	8749	91.251	76.5945	91251	19231	67	3	0	17802	965	394	18950
7	3	A	40000	12856	87.144	78.164	87144	8980	20	3	0	8386	320	251	8821
7	3	B	40000	14724	85.276	75.025	85276	10251	47	0	0	9416	645	143	10129
7	3	cSpy was 77 spamed and the readout avoided!
7	4	G	40000	59358	40.642	9.443	40642	46913	1	0	0	42304	4522	86	46880
7	4	A	40000	65147	34.853	9.674	34853	25179	1	0	0	21593	3499	86	25146
7	4	B	40000	69054	30.946	9.212	30946	21734	0	0	0	20711	1023	0	21734
7	5	G	40000	100000	0	0	0	0	0	0	0	0	0	0	2
7	5	A	40000	100000	0	0	0	0	0	0	0	0	0	0	1
7	5	B	40000	100000	0	0	0	0	0	0	0	0	0	0	1
7	6	G	40000	98731	1.269	0.4115	1269	1122	0	3	0	1104	10	5	1122
7	6	A	40000	98995	1.005	0.453	1005	552	0	3	0	542	2	5	551
7	6	B	40000	99060	0.940001	0.37	940	570	0	0	0	562	8	0	571
7	7	G	40000	55811	44.189	18.018	44189	39906	12	29	0	38940	715	210	39800
7	7	A	40000	61226	38.774	18.424	38774	20350	11	29	0	19798	302	210	20245
7	7	B	40000	62832	37.168	17.612	37168	19556	1	0	0	19142	413	0	19555
7	7	cSpy was 8 spamed and the readout avoided!
