#the gain was set to: 2	the bias was set to: 30
#Sent triggers per delay setting: 100000	and with a frequency [Hz] of: 40000
#160MHz delay setting	400MHz delay setting	Frequency	correct transmitted H+T		error rate [%]	uncertainty [%]	bad or missed events	error count	missing headers	missing trailers	flipped H/T	event nr errors	tbm missed trigger	unknown errors	event nr resets
0	0	G	40000	441	99.559	72.3775	99559	19048	111	0	0	17997	283	657	18518
0	0	A	40000	630	99.37	98.221	99370	1149	87	0	0	184	240	638	630
0	0	B	40000	35567	64.433	46.534	64433	17899	24	0	0	17813	43	19	17888
0	0	cSpy was 27 spamed and the readout avoided!
0	1	G	40000	42737	57.263	41.4055	57263	21711	337	0	0	20476	422	476	21437
0	1	A	40000	49718	50.282	40.963	50282	9319	176	0	0	8790	0	353	9145
0	1	B	40000	45760	54.24	41.848	54240	12392	161	0	0	11686	422	123	12292
0	2	G	40000	4925	95.075	77.197	95075	22350	57	4	0	19164	2909	216	22214
0	2	A	40000	12836	87.164	74.897	87164	12267	14	0	0	10149	1913	191	12161
0	2	B	40000	10420	89.58	79.497	89580	10083	43	4	0	9015	996	25	10053
0	2	cSpy was 3 spamed and the readout avoided!
0	3	G	40000	100000	0	0	0	0	0	0	0	0	0	0	2
0	3	A	40000	100000	0	0	0	0	0	0	0	0	0	0	1
0	3	B	40000	100000	0	0	0	0	0	0	0	0	0	0	1
0	4	G	40000	100000	0	0	0	0	0	0	0	0	0	0	2
0	4	A	40000	100000	0	0	0	0	0	0	0	0	0	0	1
0	4	B	40000	100000	0	0	0	0	0	0	0	0	0	0	1
0	5	G	40000	31287	68.713	48.6585	68713	26619	91	0	0	25771	290	467	26532
0	5	A	40000	40364	59.636	48.09	59636	11546	56	0	0	11044	16	430	11471
0	5	B	40000	35700	64.3	49.227	64300	15073	35	0	0	14727	274	37	15061
0	6	G	40000	3145	96.855	85.801	96855	14142	346	7	0	11422	1937	430	13663
0	6	A	40000	6458	93.542	87.076	93542	6466	166	0	0	4713	1229	358	6124
0	6	B	40000	7798	92.202	84.526	92202	7676	180	7	0	6709	708	72	7539
0	6	cSpy was 32 spamed and the readout avoided!
0	7	G	40000	99853	0.147003	0.001	147	292	0	0	0	292	0	0	294
0	7	A	40000	99853	0.147003	0.001	147	146	0	0	0	146	0	0	147
0	7	B	40000	99853	0.147003	0.001	147	146	0	0	0	146	0	0	147
1	0	G	40000	466	99.534	95.7785	99534	4358	268	7	0	3364	376	343	3951
1	0	A	40000	3172	96.828	93.437	96828	3391	232	7	0	2592	276	284	3040
1	0	B	40000	913	99.087	98.12	99087	967	36	0	0	772	100	59	911
1	0	cSpy was 20 spamed and the readout avoided!
1	1	G	40000	99826	0.173998	0	174	348	0	0	0	348	0	0	350
1	1	A	40000	99826	0.173998	0	174	174	0	0	0	174	0	0	175
1	1	B	40000	99826	0.173998	0	174	174	0	0	0	174	0	0	175
1	2	G	40000	100000	0	0	0	0	0	0	0	0	0	0	2
1	2	A	40000	100000	0	0	0	0	0	0	0	0	0	0	1
1	2	B	40000	100000	0	0	0	0	0	0	0	0	0	0	1
1	3	G	40000	84654	15.346	5.061	15346	15872	0	0	0	15795	54	23	15874
1	3	A	40000	87733	12.267	4.794	12267	7473	0	0	0	7400	50	23	7474
1	3	B	40000	86273	13.727	5.328	13727	8399	0	0	0	8395	4	0	8400
1	4	G	40000	790	99.21	95.218	99210	5001	373	7	0	3026	1131	464	4429
1	4	A	40000	2823	97.177	94.193	97177	2984	127	0	0	1744	885	228	2716
1	4	B	40000	1740	98.26	96.243	98260	2017	246	7	0	1282	246	236	1713
1	4	cSpy was 45 spamed and the readout avoided!
1	5	G	40000	89971	10.029	1.7275	10029	10551	0	0	0	9913	635	3	10553
1	5	A	40000	93719	6.281	1.046	6281	5235	0	0	0	4984	248	3	5236
1	5	B	40000	92275	7.725	2.409	7725	5316	0	0	0	4929	387	0	5317
1	6	G	40000	100000	0	0	0	0	0	0	0	0	0	0	2
1	6	A	40000	100000	0	0	0	0	0	0	0	0	0	0	1
1	6	B	40000	100000	0	0	0	0	0	0	0	0	0	0	1
1	7	G	40000	98885	1.115	0.492	1115	834	2	0	0	821	5	6	835
1	7	A	40000	99148	0.852001	0.466	852	386	1	0	0	376	4	5	386
1	7	B	40000	99034	0.966001	0.518	966	448	1	0	0	445	1	1	449
2	0	G	40000	2357	97.643	48.367	97643	4094	45	0	0	3866	109	74	4011
2	0	A	40000	2395	97.605	95.163	97605	2442	45	0	0	2214	109	74	2358
2	0	B	40000	96777	3.223	1.571	3223	1652	0	0	0	1652	0	0	1653
2	1	G	40000	97622	2.378	0.714	2378	2397	0	0	0	2374	19	4	2399
2	1	A	40000	98184	1.816	0.644	1816	1172	0	0	0	1155	13	4	1173
2	1	B	40000	97991	2.009	0.784	2009	1225	0	0	0	1219	6	0	1226
2	2	G	40000	22964	77.036	52.8185	77036	29009	679	5	0	26262	1353	710	28329
2	2	A	40000	35898	64.102	50.387	64102	13715	349	4	0	11754	1117	491	13326
2	2	B	40000	29456	70.544	55.25	70544	15294	330	1	0	14508	236	219	15003
2	2	cSpy was 2 spamed and the readout avoided!
2	3	G	40000	7011	92.989	66.944	92989	31443	130	0	0	26915	4260	138	31275
2	3	A	40000	21426	78.574	58.719	78574	19855	34	0	0	16735	3020	66	19780
2	3	B	40000	13243	86.757	75.169	86757	11588	96	0	0	10180	1240	72	11495
2	3	cSpy was 7 spamed and the readout avoided!
2	4	G	40000	100000	0	0	0	0	0	0	0	0	0	0	2
2	4	A	40000	100000	0	0	0	0	0	0	0	0	0	0	1
2	4	B	40000	100000	0	0	0	0	0	0	0	0	0	0	1
2	5	G	40000	100000	0	0	0	0	0	0	0	0	0	0	2
2	5	A	40000	100000	0	0	0	0	0	0	0	0	0	0	1
2	5	B	40000	100000	0	0	0	0	0	0	0	0	0	0	1
2	6	G	40000	29887	70.113	47.146	70113	26830	255	4	0	24599	1447	525	26598
2	6	A	40000	43034	56.966	44.531	56966	12435	141	1	0	10423	1443	427	12271
2	6	B	40000	35844	64.156	49.761	64156	14395	114	3	0	14176	4	98	14327
2	7	G	40000	0	100	100	100000	200000	200000	200000	200000	200000	200000	200000	200002
2	7	A	40000	0	100	100	100000	100000	100000	100000	100000	100000	100000	100000	100001
2	7	B	40000	0	100	100	100000	100000	100000	100000	100000	100000	100000	100000	100001
3	0	G	40000	715	99.285	80.4005	99285	17473	309	0	0	16105	374	686	16833
3	0	A	40000	1362	98.638	96.715	98638	1923	207	0	0	1048	19	649	1350
3	0	B	40000	20364	79.636	64.086	79636	15550	102	0	0	15057	355	37	15483
3	0	cSpy was 17 spamed and the readout avoided!
3	1	G	40000	0	100	100	100000	200000	200000	200000	200000	200000	200000	200000	200002
3	1	A	40000	0	100	100	100000	100000	100000	100000	100000	100000	100000	100000	100001
3	1	B	40000	0	100	100	100000	100000	100000	100000	100000	100000	100000	100000	100001
3	2	G	40000	96456	3.544	0.528	3544	5792	1	1	0	5665	125	0	5791
3	2	A	40000	96496	3.504	0.527	3504	2977	0	0	0	2857	120	0	2977
3	2	B	40000	96656	3.344	0.529	3344	2815	1	1	0	2808	5	0	2814
3	3	G	40000	100000	0	0	0	0	0	0	0	0	0	0	2
3	3	A	40000	100000	0	0	0	0	0	0	0	0	0	0	1
3	3	B	40000	100000	0	0	0	0	0	0	0	0	0	0	1
3	4	G	40000	81679	18.321	8.778	18321	15656	16	0	0	15542	72	26	15638
3	4	A	40000	83474	16.526	8.648	16526	7878	8	0	0	7830	18	22	7862
3	4	B	40000	83314	16.686	8.908	16686	7778	8	0	0	7712	54	4	7776
3	5	G	40000	0	100	100	100000	200000	200000	200000	200000	200000	200000	200000	200002
3	5	A	40000	0	100	100	100000	100000	100000	100000	100000	100000	100000	100000	100001
3	5	B	40000	0	100	100	100000	100000	100000	100000	100000	100000	100000	100000	100001
3	6	G	40000	62424	37.576	28.1475	37576	15815	201	19	1	14648	669	277	15520
3	6	A	40000	63705	36.295	28.153	36295	8142	110	10	1	7310	491	220	7937
3	6	B	40000	64185	35.815	28.142	35815	7673	91	9	0	7338	178	57	7583
3	6	cSpy was 43 spamed and the readout avoided!
3	7	G	40000	100000	0	0	0	0	0	0	0	0	0	0	2
3	7	A	40000	100000	0	0	0	0	0	0	0	0	0	0	1
3	7	B	40000	100000	0	0	0	0	0	0	0	0	0	0	1
4	0	G	40000	0	100	100	100000	200000	200000	200000	200000	200000	200000	200000	200002
4	0	A	40000	0	100	100	100000	100000	100000	100000	100000	100000	100000	100000	100001
4	0	B	40000	0	100	100	100000	100000	100000	100000	100000	100000	100000	100000	100001
4	1	G	40000	100000	0	0	0	0	0	0	0	0	0	0	2
4	1	A	40000	100000	0	0	0	0	0	0	0	0	0	0	1
4	1	B	40000	100000	0	0	0	0	0	0	0	0	0	0	1
4	2	G	40000	99988	0.0119984	0.0005	12	22	0	0	0	22	0	0	24
4	2	A	40000	99988	0.0119984	0.001	12	11	0	0	0	11	0	0	12
4	2	B	40000	99989	0.0109971	0	11	11	0	0	0	11	0	0	12
4	3	G	40000	20732	79.268	56.3245	79268	34262	624	5	0	32839	110	684	33377
4	3	A	40000	26253	73.747	56.628	73747	17119	316	2	0	16270	21	510	16512
4	3	B	40000	26836	73.164	56.021	73164	17143	308	3	0	16569	89	174	16865
4	3	cSpy was 30 spamed and the readout avoided!
4	4	G	40000	11236	88.764	60.079	88764	37750	44	15	0	33915	3496	280	37582
4	4	A	40000	20884	79.116	60.341	79116	18775	21	8	0	16407	2073	266	18629
4	4	B	40000	21208	78.792	59.817	78792	18975	23	7	0	17508	1423	14	18953
4	4	cSpy was 13 spamed and the readout avoided!
4	5	G	40000	100000	0	0	0	0	0	0	0	0	0	0	2
4	5	A	40000	100000	0	0	0	0	0	0	0	0	0	0	1
4	5	B	40000	100000	0	0	0	0	0	0	0	0	0	0	1
4	6	G	40000	100000	0	0	0	0	0	0	0	0	0	0	2
4	6	A	40000	100000	0	0	0	0	0	0	0	0	0	0	1
4	6	B	40000	100000	0	0	0	0	0	0	0	0	0	0	1
4	7	G	40000	25968	74.032	52.7725	74032	34274	499	0	0	33311	62	402	33633
4	7	A	40000	29923	70.077	52.931	70077	17146	242	0	0	16611	3	290	16716
4	7	B	40000	30258	69.742	52.614	69742	17128	257	0	0	16700	59	112	16917
4	7	cSpy was 6 spamed and the readout avoided!
5	0	G	40000	482	99.518	56.816	99518	14873	128	0	0	13790	111	844	14307
5	0	A	40000	585	99.415	98.264	99415	1151	128	0	0	75	105	843	585
5	0	B	40000	70910	29.09	15.368	29090	13722	0	0	0	13715	6	1	13722
5	0	cSpy was 55 spamed and the readout avoided!
5	1	G	40000	56387	43.613	21.792	43613	33511	41	0	0	33390	5	75	33469
5	1	A	40000	61459	38.541	21.998	38541	16543	20	0	0	16445	5	73	16505
5	1	B	40000	61446	38.554	21.586	38554	16968	21	0	0	16945	0	2	16964
5	1	cSpy was 2 spamed and the readout avoided!
5	2	G	40000	37	99.963	98.285	99963	2135	95	1	0	1017	74	948	1287
5	2	A	40000	129	99.871	99.035	99871	836	1	0	0	17	1	817	129
5	2	B	40000	1166	98.834	97.535	98834	1299	94	1	0	1000	73	131	1158
5	2	cSpy was 47 spamed and the readout avoided!
5	3	G	40000	99718	0.282001	0	282	564	0	0	0	564	0	0	566
5	3	A	40000	99718	0.282001	0	282	282	0	0	0	282	0	0	283
5	3	B	40000	99718	0.282001	0	282	282	0	0	0	282	0	0	283
5	4	G	40000	100000	0	0	0	0	0	0	0	0	0	0	2
5	4	A	40000	100000	0	0	0	0	0	0	0	0	0	0	1
5	4	B	40000	100000	0	0	0	0	0	0	0	0	0	0	1
5	5	G	40000	94166	5.834	0.8905	5834	8988	0	0	0	8986	0	2	8990
5	5	A	40000	94561	5.439	0.97	5439	4469	0	0	0	4467	0	2	4470
5	5	B	40000	94670	5.33	0.811	5330	4519	0	0	0	4519	0	0	4520
5	6	G	40000	7	99.993	97.8765	99993	2243	161	0	0	669	1221	192	2003
5	6	A	40000	10	99.99	99.904	99990	86	0	0	0	0	1	85	10
5	6	B	40000	1994	98.006	95.849	98006	2157	161	0	0	669	1220	107	1993
5	6	cSpy was 32 spamed and the readout avoided!
5	7	G	40000	54253	45.747	10.0825	45747	50849	2	3	0	45871	4880	93	50815
5	7	A	40000	62635	37.365	10.508	37365	26857	2	3	0	23134	3625	93	26822
5	7	B	40000	66351	33.649	9.657	33649	23992	0	0	0	22737	1255	0	23993
6	0	G	40000	630	99.37	95.1485	99370	5172	278	10	0	2734	1358	792	4515
6	0	A	40000	1427	98.573	96.599	98573	1974	148	1	0	186	899	740	1427
6	0	B	40000	3104	96.896	93.698	96896	3198	130	9	0	2548	459	52	3088
6	0	cSpy was 51 spamed and the readout avoided!
6	1	G	40000	18304	81.696	33.7645	81696	62307	2	0	0	55307	6766	232	62203
6	1	A	40000	33392	66.608	36.866	66608	29742	1	0	0	25629	3880	232	29638
6	1	B	40000	36772	63.228	30.663	63228	32565	1	0	0	29678	2886	0	32565
6	1	cSpy was 8 spamed and the readout avoided!
6	2	G	40000	100000	0	0	0	0	0	0	0	0	0	0	2
6	2	A	40000	100000	0	0	0	0	0	0	0	0	0	0	1
6	2	B	40000	100000	0	0	0	0	0	0	0	0	0	0	1
6	3	G	40000	100000	0	0	0	0	0	0	0	0	0	0	2
6	3	A	40000	100000	0	0	0	0	0	0	0	0	0	0	1
6	3	B	40000	100000	0	0	0	0	0	0	0	0	0	0	1
6	4	G	40000	18743	81.257	59.4965	81257	33658	800	1	0	32146	118	593	32608
6	4	A	40000	23333	76.667	59.815	76667	16852	394	0	0	16024	3	431	16136
6	4	B	40000	24016	75.984	59.178	75984	16806	406	1	0	16122	115	162	16472
6	4	cSpy was 11 spamed and the readout avoided!
6	5	G	40000	7218	92.782	80.232	92782	16448	138	3	0	14338	1245	724	16004
6	5	A	40000	10903	89.097	81.362	89097	7735	10	0	0	6555	543	627	7425
6	5	B	40000	12185	87.815	79.102	87815	8713	128	3	0	7783	702	97	8579
6	5	cSpy was 88 spamed and the readout avoided!
6	6	G	40000	100000	0	0	0	0	0	0	0	0	0	0	2
6	6	A	40000	100000	0	0	0	0	0	0	0	0	0	0	1
6	6	B	40000	100000	0	0	0	0	0	0	0	0	0	0	1
6	7	G	40000	100000	0	0	0	0	0	0	0	0	0	0	2
6	7	A	40000	100000	0	0	0	0	0	0	0	0	0	0	1
6	7	B	40000	100000	0	0	0	0	0	0	0	0	0	0	1
7	0	G	40000	2048	97.952	47.93	97952	3476	196	0	0	2638	78	564	2980
7	0	A	40000	2072	97.928	95.384	97928	2544	196	0	0	1706	78	564	2047
7	0	B	40000	98592	1.408	0.476	1408	932	0	0	0	932	0	0	933
7	1	G	40000	100000	0	0	0	0	0	0	0	0	0	0	2
7	1	A	40000	100000	0	0	0	0	0	0	0	0	0	0	1
7	1	B	40000	100000	0	0	0	0	0	0	0	0	0	0	1
7	2	G	40000	88723	11.277	2.3595	11277	13858	6	2	0	13749	78	23	13854
7	2	A	40000	90427	9.573	2.635	9573	6938	6	2	0	6853	54	23	6933
7	2	B	40000	90996	9.004	2.084	9004	6920	0	0	0	6896	24	0	6921
7	3	G	40000	0	100	100	100000	200000	200000	200000	200000	200000	200000	200000	200002
7	3	A	40000	0	100	100	100000	100000	100000	100000	100000	100000	100000	100000	100001
7	3	B	40000	0	100	100	100000	100000	100000	100000	100000	100000	100000	100000	100001
7	4	G	40000	74441	25.559	20.554	25559	9228	43	0	0	8724	439	22	9192
7	4	A	40000	74472	25.528	21.056	25528	4472	0	0	0	4269	194	9	4466
7	4	B	40000	75192	24.808	20.052	24808	4756	43	0	0	4455	245	13	4726
7	4	cSpy was 14 spamed and the readout avoided!
7	5	G	40000	100000	0	0	0	0	0	0	0	0	0	0	2
7	5	A	40000	100000	0	0	0	0	0	0	0	0	0	0	1
7	5	B	40000	100000	0	0	0	0	0	0	0	0	0	0	1
7	6	G	40000	99834	0.165999	0.0045	166	318	0	0	0	316	2	0	320
7	6	A	40000	99835	0.164998	0.006	165	159	0	0	0	158	1	0	160
7	6	B	40000	99838	0.161999	0.003	162	159	0	0	0	158	1	0	160
7	7	G	40000	45015	54.985	27.2505	54985	41553	14	10	0	39920	1432	177	41491
7	7	A	40000	51353	48.647	27.754	48647	20893	9	10	0	20065	632	177	20834
7	7	B	40000	52593	47.407	26.747	47407	20660	5	0	0	19855	800	0	20657
7	7	cSpy was 9 spamed and the readout avoided!
