#the gain was set to: 2	the bias was set to: 30
#Sent triggers per delay setting: 100000	and with a frequency [Hz] of: 40000
#160MHz delay setting	400MHz delay setting	Frequency	correct transmitted H+T		error rate [%]	uncertainty [%]	bad or missed events	error count	missing headers	missing trailers	flipped H/T	event nr errors	tbm missed trigger	unknown errors	event nr resets
0	0	G	40000	412	99.588	72.114	99588	19148	109	0	0	18122	320	597	18651
0	0	A	40000	644	99.356	98.221	99356	1135	97	0	0	191	260	587	644
0	0	B	40000	35980	64.02	46.007	64020	18013	12	0	0	17931	60	10	18007
0	0	cSpy was 47 spamed and the readout avoided!
0	1	G	40000	25949	74.051	54.249	74051	26006	576	0	0	24668	0	762	25480
0	1	A	40000	35496	64.504	53.745	64504	10759	288	0	0	9967	0	504	10473
0	1	B	40000	30000	70	54.753	70000	15247	288	0	0	14701	0	258	15007
0	2	G	40000	5557	94.443	76.7945	94443	22794	64	0	0	19424	2993	313	22595
0	2	A	40000	11274	88.726	77.942	88726	10784	33	0	0	8753	1699	299	10609
0	2	B	40000	12343	87.657	75.647	87657	12010	31	0	0	10671	1294	14	11986
0	2	cSpy was 2 spamed and the readout avoided!
0	3	G	40000	100000	0	0	0	0	0	0	0	0	0	0	2
0	3	A	40000	100000	0	0	0	0	0	0	0	0	0	0	1
0	3	B	40000	100000	0	0	0	0	0	0	0	0	0	0	1
0	4	G	40000	100000	0	0	0	0	0	0	0	0	0	0	2
0	4	A	40000	100000	0	0	0	0	0	0	0	0	0	0	1
0	4	B	40000	100000	0	0	0	0	0	0	0	0	0	0	1
0	5	G	40000	42517	57.483	40.537	57483	21765	124	0	0	21195	16	430	21643
0	5	A	40000	50704	49.296	39.963	49296	9333	65	0	0	8888	5	375	9247
0	5	B	40000	46457	53.543	41.111	53543	12432	59	0	0	12307	11	55	12396
0	6	G	40000	2926	97.074	85.888	97074	14028	176	4	0	11394	2080	374	13717
0	6	A	40000	5687	94.313	88.644	94313	5669	100	0	0	4198	1028	343	5419
0	6	B	40000	8509	91.491	83.132	91491	8359	76	4	0	7196	1052	31	8298
0	6	cSpy was 11 spamed and the readout avoided!
0	7	G	40000	99793	0.207001	0.07	207	274	0	0	0	274	0	0	276
0	7	A	40000	99793	0.207001	0.07	207	137	0	0	0	137	0	0	138
0	7	B	40000	99793	0.207001	0.07	207	137	0	0	0	137	0	0	138
1	0	G	40000	375	99.625	96.5795	99625	3545	200	3	0	2663	330	349	3198
1	0	A	40000	2505	97.495	94.787	97495	2708	167	3	0	1994	234	310	2407
1	0	B	40000	791	99.209	98.372	99209	837	33	0	0	669	96	39	791
1	0	cSpy was 27 spamed and the readout avoided!
1	1	G	40000	99923	0.0769973	0	77	154	0	0	0	154	0	0	156
1	1	A	40000	99923	0.0769973	0	77	77	0	0	0	77	0	0	78
1	1	B	40000	99923	0.0769973	0	77	77	0	0	0	77	0	0	78
1	2	G	40000	100000	0	0	0	0	0	0	0	0	0	0	2
1	2	A	40000	100000	0	0	0	0	0	0	0	0	0	0	1
1	2	B	40000	100000	0	0	0	0	0	0	0	0	0	0	1
1	3	G	40000	87311	12.689	4.1505	12689	13127	0	0	0	13061	43	23	13128
1	3	A	40000	89861	10.139	3.943	10139	6196	0	0	0	6135	38	23	6196
1	3	B	40000	88711	11.289	4.358	11289	6931	0	0	0	6926	5	0	6932
1	4	G	40000	753	99.247	95.368	99247	4823	338	8	0	2996	1051	430	4287
1	4	A	40000	2857	97.143	94.249	97143	2894	73	1	0	1851	819	150	2733
1	4	B	40000	1584	98.416	96.487	98416	1929	265	7	0	1145	232	280	1554
1	4	cSpy was 68 spamed and the readout avoided!
1	5	G	40000	93164	6.836	1.0695	6836	8078	0	0	0	7663	413	2	8080
1	5	A	40000	95338	4.662	0.661	4662	4001	0	0	0	3837	162	2	4002
1	5	B	40000	94445	5.555	1.478	5555	4077	0	0	0	3826	251	0	4078
1	6	G	40000	100000	0	0	0	0	0	0	0	0	0	0	2
1	6	A	40000	100000	0	0	0	0	0	0	0	0	0	0	1
1	6	B	40000	100000	0	0	0	0	0	0	0	0	0	0	1
1	7	G	40000	99834	0.165999	0.003	166	324	0	0	0	324	0	0	326
1	7	A	40000	99835	0.164998	0.003	165	162	0	0	0	162	0	0	163
1	7	B	40000	99835	0.164998	0.003	165	162	0	0	0	162	0	0	163
2	0	G	40000	2349	97.651	48.3545	97651	4116	44	1	0	3885	107	79	4027
2	0	A	40000	2404	97.596	95.136	97596	2460	44	1	0	2229	107	79	2370
2	0	B	40000	96771	3.229	1.573	3229	1656	0	0	0	1656	0	0	1657
2	1	G	40000	97153	2.847	1.084	2847	2575	0	0	0	2557	11	7	2577
2	1	A	40000	97755	2.245	1.033	2245	1212	0	0	0	1194	11	7	1213
2	1	B	40000	97502	2.498	1.135	2498	1363	0	0	0	1363	0	0	1364
2	2	G	40000	24344	75.656	53.9745	75656	26908	773	1	0	24042	1363	729	26226
2	2	A	40000	35604	64.396	52.118	64396	12278	437	1	0	10860	492	488	11851
2	2	B	40000	29539	70.461	55.831	70461	14630	336	0	0	13182	871	241	14375
2	2	cSpy was 1 spamed and the readout avoided!
2	3	G	40000	7836	92.164	62.9735	92164	35149	142	47	0	30228	4482	250	34925
2	3	A	40000	23942	76.058	53.639	76058	22419	44	0	0	18780	3492	103	22330
2	3	B	40000	14962	85.038	72.308	85038	12730	98	47	0	11448	990	147	12595
2	4	G	40000	100000	0	0	0	0	0	0	0	0	0	0	2
2	4	A	40000	100000	0	0	0	0	0	0	0	0	0	0	1
2	4	B	40000	100000	0	0	0	0	0	0	0	0	0	0	1
2	5	G	40000	100000	0	0	0	0	0	0	0	0	0	0	2
2	5	A	40000	100000	0	0	0	0	0	0	0	0	0	0	1
2	5	B	40000	100000	0	0	0	0	0	0	0	0	0	0	1
2	6	G	40000	30399	69.601	48.405	69601	25288	431	1	0	23199	1102	555	24960
2	6	A	40000	42381	57.619	46.467	57619	11152	254	1	0	9715	739	443	10911
2	6	B	40000	35521	64.479	50.343	64479	14136	177	0	0	13484	363	112	14049
2	7	G	40000	0	100	100	100000	200000	200000	200000	200000	200000	200000	200000	200002
2	7	A	40000	0	100	100	100000	100000	100000	100000	100000	100000	100000	100000	100001
2	7	B	40000	0	100	100	100000	100000	100000	100000	100000	100000	100000	100000	100001
3	0	G	40000	787	99.213	80.9045	99213	17178	272	2	0	15851	345	710	16576
3	0	A	40000	1392	98.608	96.691	98608	1917	185	0	0	1046	19	667	1372
3	0	B	40000	19621	80.379	65.118	80379	15261	87	2	0	14805	326	43	15204
3	0	cSpy was 18 spamed and the readout avoided!
3	1	G	40000	0	100	100	100000	200000	200000	200000	200000	200000	200000	200000	200002
3	1	A	40000	0	100	100	100000	100000	100000	100000	100000	100000	100000	100000	100001
3	1	B	40000	0	100	100	100000	100000	100000	100000	100000	100000	100000	100000	100001
3	2	G	40000	89801	10.199	2.6425	10199	12009	3	3	0	11215	769	19	11996
3	2	A	40000	91037	8.963	2.61	8963	6353	1	0	0	5629	719	4	6353
3	2	B	40000	91669	8.331	2.675	8331	5656	2	3	0	5586	50	15	5643
3	2	cSpy was 2 spamed and the readout avoided!
3	3	G	40000	100000	0	0	0	0	0	0	0	0	0	0	2
3	3	A	40000	100000	0	0	0	0	0	0	0	0	0	0	1
3	3	B	40000	100000	0	0	0	0	0	0	0	0	0	0	1
3	4	G	40000	89215	10.785	2.662	10785	14423	0	0	0	14409	11	3	14425
3	4	A	40000	90208	9.792	2.528	9792	7264	0	0	0	7250	11	3	7265
3	4	B	40000	90045	9.955	2.796	9955	7159	0	0	0	7159	0	0	7160
3	5	G	40000	0	100	100	100000	200000	200000	200000	200000	200000	200000	200000	200002
3	5	A	40000	0	100	100	100000	100000	100000	100000	100000	100000	100000	100000	100001
3	5	B	40000	0	100	100	100000	100000	100000	100000	100000	100000	100000	100000	100001
3	6	G	40000	68562	31.438	25.4425	31438	11162	34	1	0	10636	351	140	11029
3	6	A	40000	68686	31.314	25.718	31314	5596	0	0	0	5301	248	47	5552
3	6	B	40000	69267	30.733	25.167	30733	5566	34	1	0	5335	103	93	5477
3	6	cSpy was 51 spamed and the readout avoided!
3	7	G	40000	100000	0	0	0	0	0	0	0	0	0	0	2
3	7	A	40000	100000	0	0	0	0	0	0	0	0	0	0	1
3	7	B	40000	100000	0	0	0	0	0	0	0	0	0	0	1
4	0	G	40000	787	99.213	64.6575	99213	15325	211	1	0	13940	700	473	14882
4	0	A	40000	1110	98.89	97.391	98890	1499	146	0	0	634	282	437	1108
4	0	B	40000	54250	45.75	31.924	45750	13826	65	1	0	13306	418	36	13774
4	0	cSpy was 27 spamed and the readout avoided!
4	1	G	40000	100000	0	0	0	0	0	0	0	0	0	0	2
4	1	A	40000	100000	0	0	0	0	0	0	0	0	0	0	1
4	1	B	40000	100000	0	0	0	0	0	0	0	0	0	0	1
4	2	G	40000	99976	0.0240028	0.001	24	46	0	0	0	46	0	0	48
4	2	A	40000	99976	0.0240028	0.001	24	23	0	0	0	23	0	0	24
4	2	B	40000	99976	0.0240028	0.001	24	23	0	0	0	23	0	0	24
4	3	G	40000	20735	79.265	56.236	79265	34222	580	9	0	32847	132	654	33386
4	3	A	40000	26322	73.678	56.599	73678	17079	291	6	0	16243	32	507	16490
4	3	B	40000	26984	73.016	55.873	73016	17143	289	3	0	16604	100	147	16896
4	3	cSpy was 57 spamed and the readout avoided!
4	4	G	40000	12828	87.172	55.972	87172	40900	70	6	0	36534	3965	325	40672
4	4	A	40000	23374	76.626	56.459	76626	20167	16	3	0	17439	2442	267	20012
4	4	B	40000	23782	76.218	55.485	76218	20733	54	3	0	19095	1523	58	20660
4	4	cSpy was 21 spamed and the readout avoided!
4	5	G	40000	100000	0	0	0	0	0	0	0	0	0	0	2
4	5	A	40000	100000	0	0	0	0	0	0	0	0	0	0	1
4	5	B	40000	100000	0	0	0	0	0	0	0	0	0	0	1
4	6	G	40000	100000	0	0	0	0	0	0	0	0	0	0	2
4	6	A	40000	100000	0	0	0	0	0	0	0	0	0	0	1
4	6	B	40000	100000	0	0	0	0	0	0	0	0	0	0	1
4	7	G	40000	29721	70.279	51.4795	70279	30959	657	0	0	29659	127	516	30047
4	7	A	40000	32807	67.193	51.718	67193	15475	317	0	0	14802	0	356	14881
4	7	B	40000	33275	66.725	51.241	66725	15484	340	0	0	14857	127	160	15166
4	7	cSpy was 7 spamed and the readout avoided!
5	0	G	40000	508	99.492	56.9575	99492	14969	143	0	0	13884	94	848	14415
5	0	A	40000	610	99.39	98.225	99390	1165	143	0	0	88	87	847	610
5	0	B	40000	70506	29.494	15.69	29494	13804	0	0	0	13796	7	1	13805
5	0	cSpy was 51 spamed and the readout avoided!
5	1	G	40000	34029	65.971	44.7205	65971	33627	216	0	0	33175	8	228	33351
5	1	A	40000	38400	61.6	44.828	61600	16772	105	0	0	16486	0	181	16569
5	1	B	40000	38532	61.468	44.613	61468	16855	111	0	0	16689	8	47	16782
5	1	cSpy was 7 spamed and the readout avoided!
5	2	G	40000	52	99.948	98.192	99948	2200	118	1	0	1099	86	896	1401
5	2	A	40000	153	99.847	99.086	99847	761	1	0	0	17	0	743	153
5	2	B	40000	1263	98.737	97.298	98737	1439	117	1	0	1082	86	153	1248
5	2	cSpy was 66 spamed and the readout avoided!
5	3	G	40000	99846	0.154001	0	154	308	0	0	0	308	0	0	310
5	3	A	40000	99846	0.154001	0	154	154	0	0	0	154	0	0	155
5	3	B	40000	99846	0.154001	0	154	154	0	0	0	154	0	0	155
5	4	G	40000	100000	0	0	0	0	0	0	0	0	0	0	2
5	4	A	40000	100000	0	0	0	0	0	0	0	0	0	0	1
5	4	B	40000	100000	0	0	0	0	0	0	0	0	0	0	1
5	5	G	40000	92901	7.099	1.281	7099	10335	0	0	0	10332	2	1	10337
5	5	A	40000	93489	6.511	1.383	6511	5128	0	0	0	5125	2	1	5129
5	5	B	40000	93614	6.386	1.179	6386	5207	0	0	0	5207	0	0	5208
5	6	G	40000	4	99.996	98.102	99996	2026	162	0	0	555	1105	204	1770
5	6	A	40000	9	99.991	99.893	99991	98	0	0	0	0	1	97	9
5	6	B	40000	1761	98.239	96.311	98239	1928	162	0	0	555	1104	107	1761
5	6	cSpy was 35 spamed and the readout avoided!
5	7	G	40000	57944	42.056	9.3185	42056	48036	0	2	0	43248	4696	90	48004
5	7	A	40000	64653	35.347	9.633	35347	25714	0	2	0	21972	3650	90	25682
5	7	B	40000	68674	31.326	9.004	31326	22322	0	0	0	21276	1046	0	22322
6	0	G	40000	625	99.375	95.0165	99375	5296	274	5	0	2827	1393	797	4656
6	0	A	40000	1447	98.553	96.56	98553	1993	151	4	0	193	886	759	1447
6	0	B	40000	3224	96.776	93.473	96776	3303	123	1	0	2634	507	38	3209
6	0	cSpy was 44 spamed and the readout avoided!
6	1	G	40000	19663	80.337	30.3315	80337	64971	0	0	0	57599	7146	226	64869
6	1	A	40000	35553	64.447	33.415	64447	31032	0	0	0	26674	4133	225	30930
6	1	B	40000	38813	61.187	27.248	61187	33939	0	0	0	30925	3013	1	33939
6	1	cSpy was 7 spamed and the readout avoided!
6	2	G	40000	100000	0	0	0	0	0	0	0	0	0	0	2
6	2	A	40000	100000	0	0	0	0	0	0	0	0	0	0	1
6	2	B	40000	100000	0	0	0	0	0	0	0	0	0	0	1
6	3	G	40000	100000	0	0	0	0	0	0	0	0	0	0	2
6	3	A	40000	100000	0	0	0	0	0	0	0	0	0	0	1
6	3	B	40000	100000	0	0	0	0	0	0	0	0	0	0	1
6	4	G	40000	19221	80.779	59.2505	80779	33838	788	3	0	32326	121	600	32782
6	4	A	40000	23509	76.491	59.554	76491	16937	386	3	0	16123	0	425	16234
6	4	B	40000	24152	75.848	58.947	75848	16901	402	0	0	16203	121	175	16548
6	4	cSpy was 23 spamed and the readout avoided!
6	5	G	40000	8897	91.103	77.4965	91103	17668	121	3	0	15319	1340	885	17050
6	5	A	40000	12883	87.117	78.849	87117	8268	1	0	0	6903	612	752	7808
6	5	B	40000	14456	85.544	76.144	85544	9400	120	3	0	8416	728	133	9242
6	5	cSpy was 52 spamed and the readout avoided!
6	6	G	40000	100000	0	0	0	0	0	0	0	0	0	0	2
6	6	A	40000	100000	0	0	0	0	0	0	0	0	0	0	1
6	6	B	40000	100000	0	0	0	0	0	0	0	0	0	0	1
6	7	G	40000	100000	0	0	0	0	0	0	0	0	0	0	2
6	7	A	40000	100000	0	0	0	0	0	0	0	0	0	0	1
6	7	B	40000	100000	0	0	0	0	0	0	0	0	0	0	1
7	0	G	40000	1939	98.061	48.0475	98061	5498	236	1	0	4623	70	568	4997
7	0	A	40000	2010	97.99	95.508	97990	2482	236	1	0	1611	66	568	1980
7	0	B	40000	96397	3.603	0.587	3603	3016	0	0	0	3012	4	0	3017
7	0	cSpy was 7 spamed and the readout avoided!
7	1	G	40000	100000	0	0	0	0	0	0	0	0	0	0	2
7	1	A	40000	100000	0	0	0	0	0	0	0	0	0	0	1
7	1	B	40000	100000	0	0	0	0	0	0	0	0	0	0	1
7	2	G	40000	93675	6.325	1.456	6325	7424	8	5	0	7363	38	10	7421
7	2	A	40000	94680	5.32	1.612	5320	3708	8	5	0	3663	22	10	3704
7	2	B	40000	94984	5.016	1.3	5016	3716	0	0	0	3700	16	0	3717
7	3	G	40000	0	100	100	100000	200000	200000	200000	200000	200000	200000	200000	200002
7	3	A	40000	0	100	100	100000	100000	100000	100000	100000	100000	100000	100000	100001
7	3	B	40000	0	100	100	100000	100000	100000	100000	100000	100000	100000	100000	100001
7	4	G	40000	86137	13.863	2.578	13863	19740	0	0	0	18367	1352	21	19738
7	4	A	40000	86809	13.191	2.595	13191	10596	0	0	0	9443	1132	21	10593
7	4	B	40000	88295	11.705	2.561	11705	9144	0	0	0	8924	220	0	9145
7	5	G	40000	100000	0	0	0	0	0	0	0	0	0	0	2
7	5	A	40000	100000	0	0	0	0	0	0	0	0	0	0	1
7	5	B	40000	100000	0	0	0	0	0	0	0	0	0	0	1
7	6	G	40000	96012	3.988	0.9665	3988	4247	3	2	0	4211	19	12	4247
7	6	A	40000	96808	3.192	1.073	3192	2119	3	2	0	2088	14	12	2118
7	6	B	40000	97012	2.988	0.86	2988	2128	0	0	0	2123	5	0	2129
7	7	G	40000	42305	57.695	29.6145	57695	40482	27	21	0	38755	1489	190	40394
7	7	A	40000	49480	50.52	30.239	50520	20281	14	21	0	19396	662	188	20205
7	7	B	40000	50809	49.191	28.99	49191	20201	13	0	0	19359	827	2	20189
7	7	cSpy was 7 spamed and the readout avoided!
