#the gain was set to: 2	the bias was set to: 30
#Sent triggers per delay setting: 100000	and with a frequency [Hz] of: 40000
#160MHz delay setting	400MHz delay setting	Frequency	correct transmitted H+T		error rate [%]	uncertainty [%]	bad or missed events	error count	missing headers	missing trailers	flipped H/T	event nr errors	tbm missed trigger	unknown errors	event nr resets
0	0	G	40000	447	99.553	72.585	99553	19219	152	0	0	18109	319	639	18647
0	0	A	40000	645	99.355	98.169	99355	1186	108	0	0	209	250	619	645
0	0	B	40000	34966	65.034	47.001	65034	18033	44	0	0	17900	69	20	18002
0	0	cSpy was 26 spamed and the readout avoided!
0	1	G	40000	26588	73.412	52.979	73412	26592	414	0	0	25487	15	676	26209
0	1	A	40000	36428	63.572	52.388	63572	11184	210	0	0	10480	5	489	10960
0	1	B	40000	31022	68.978	53.57	68978	15408	204	0	0	15007	10	187	15249
0	2	G	40000	4307	95.693	81.7245	95693	17998	72	0	0	15009	2674	243	17817
0	2	A	40000	8687	91.313	82.943	91313	8370	27	0	0	6683	1427	233	8220
0	2	B	40000	9866	90.134	80.506	90134	9628	45	0	0	8326	1247	10	9597
0	2	cSpy was 1 spamed and the readout avoided!
0	3	G	40000	100000	0	0	0	0	0	0	0	0	0	0	2
0	3	A	40000	100000	0	0	0	0	0	0	0	0	0	0	1
0	3	B	40000	100000	0	0	0	0	0	0	0	0	0	0	1
0	4	G	40000	100000	0	0	0	0	0	0	0	0	0	0	2
0	4	A	40000	100000	0	0	0	0	0	0	0	0	0	0	1
0	4	B	40000	100000	0	0	0	0	0	0	0	0	0	0	1
0	5	G	40000	31672	68.328	48.152	68328	25760	159	1	0	25062	20	518	25617
0	5	A	40000	41490	58.51	47.464	58510	11046	87	0	0	10507	7	445	10937
0	5	B	40000	36446	63.554	48.84	63554	14714	72	1	0	14555	13	73	14680
0	6	G	40000	3182	96.818	84.763	96818	15206	273	6	0	12144	2353	431	14792
0	6	A	40000	6285	93.715	87.394	93715	6321	139	0	0	4628	1177	377	6014
0	6	B	40000	8983	91.017	82.132	91017	8885	134	6	0	7516	1176	54	8778
0	6	cSpy was 26 spamed and the readout avoided!
0	7	G	40000	99777	0.222999	0.073	223	300	0	0	0	300	0	0	302
0	7	A	40000	99777	0.222999	0.073	223	150	0	0	0	150	0	0	151
0	7	B	40000	99777	0.222999	0.073	223	150	0	0	0	150	0	0	151
1	0	G	40000	415	99.585	96.5155	99585	3630	222	2	0	2712	327	367	3260
1	0	A	40000	2493	97.507	94.773	97507	2734	194	2	0	1982	245	311	2415
1	0	B	40000	846	99.154	98.258	99154	896	28	0	0	730	82	56	845
1	0	cSpy was 28 spamed and the readout avoided!
1	1	G	40000	99903	0.0970006	0.001	97	192	0	0	0	192	0	0	194
1	1	A	40000	99903	0.0970006	0.001	97	96	0	0	0	96	0	0	97
1	1	B	40000	99903	0.0970006	0.001	97	96	0	0	0	96	0	0	97
1	2	G	40000	100000	0	0	0	0	0	0	0	0	0	0	2
1	2	A	40000	100000	0	0	0	0	0	0	0	0	0	0	1
1	2	B	40000	100000	0	0	0	0	0	0	0	0	0	0	1
1	3	G	40000	77552	22.448	8.2565	22448	20469	0	0	0	20319	103	47	20471
1	3	A	40000	82532	17.468	7.817	17468	9651	0	0	0	9517	89	45	9652
1	3	B	40000	80486	19.514	8.696	19514	10818	0	0	0	10802	14	2	10819
1	4	G	40000	642	99.358	96.216	99358	4026	306	2	0	2086	1173	459	3489
1	4	A	40000	2127	97.873	95.555	97873	2318	113	0	0	1070	926	209	2080
1	4	B	40000	1415	98.585	96.877	98585	1708	193	2	0	1016	247	250	1409
1	4	cSpy was 45 spamed and the readout avoided!
1	5	G	40000	92921	7.079	1.1285	7079	8446	0	0	0	8055	388	3	8448
1	5	A	40000	95065	4.935	0.733	4935	4202	0	0	0	4038	161	3	4203
1	5	B	40000	94232	5.768	1.524	5768	4244	0	0	0	4017	227	0	4245
1	6	G	40000	100000	0	0	0	0	0	0	0	0	0	0	2
1	6	A	40000	100000	0	0	0	0	0	0	0	0	0	0	1
1	6	B	40000	100000	0	0	0	0	0	0	0	0	0	0	1
1	7	G	40000	97781	2.219	0.8425	2219	1891	0	0	0	1875	10	6	1893
1	7	A	40000	98327	1.673	0.799	1673	874	0	0	0	860	8	6	875
1	7	B	40000	98097	1.903	0.886	1903	1017	0	0	0	1015	2	0	1018
2	0	G	40000	2521	97.479	48.12	97479	4112	62	0	0	3878	100	72	4013
2	0	A	40000	2558	97.442	94.833	97442	2609	62	0	0	2375	100	72	2509
2	0	B	40000	97090	2.91	1.407	2910	1503	0	0	0	1503	0	0	1504
2	1	G	40000	99998	0.00200272	0	2	4	0	0	0	4	0	0	6
2	1	A	40000	99998	0.00200272	0	2	2	0	0	0	2	0	0	3
2	1	B	40000	99998	0.00200272	0	2	2	0	0	0	2	0	0	3
2	2	G	40000	27374	72.626	50.1465	72626	27847	717	1	0	25176	1282	671	27192
2	2	A	40000	38926	61.074	48.338	61074	12736	402	1	0	11427	457	449	12333
2	2	B	40000	32934	67.066	51.955	67066	15111	315	0	0	13749	825	222	14859
2	2	cSpy was 1 spamed and the readout avoided!
2	3	G	40000	7933	92.067	61.8875	92067	36250	84	1	0	32162	3921	82	36175
2	3	A	40000	24861	75.139	51.861	75139	23278	3	0	0	20129	3107	39	23263
2	3	B	40000	15114	84.886	71.914	84886	12972	81	1	0	12033	814	43	12912
2	4	G	40000	100000	0	0	0	0	0	0	0	0	0	0	2
2	4	A	40000	100000	0	0	0	0	0	0	0	0	0	0	1
2	4	B	40000	100000	0	0	0	0	0	0	0	0	0	0	1
2	5	G	40000	100000	0	0	0	0	0	0	0	0	0	0	2
2	5	A	40000	100000	0	0	0	0	0	0	0	0	0	0	1
2	5	B	40000	100000	0	0	0	0	0	0	0	0	0	0	1
2	6	G	40000	27900	72.1	49.8385	72100	26158	311	0	0	24218	1066	563	25906
2	6	A	40000	40739	59.261	47.727	59261	11534	191	0	0	10107	776	460	11350
2	6	B	40000	33426	66.574	51.95	66574	14624	120	0	0	14111	290	103	14556
2	6	cSpy was 1 spamed and the readout avoided!
2	7	G	40000	0	100	100	100000	200000	200000	200000	200000	200000	200000	200000	200002
2	7	A	40000	0	100	100	100000	100000	100000	100000	100000	100000	100000	100000	100001
2	7	B	40000	0	100	100	100000	100000	100000	100000	100000	100000	100000	100000	100001
3	0	G	40000	960	99.04	75.3625	99040	15935	292	5	0	14606	356	676	15325
3	0	A	40000	1531	98.469	96.411	98469	2058	213	0	0	1175	27	643	1508
3	0	B	40000	31809	68.191	54.314	68191	13877	79	5	0	13431	329	33	13817
3	0	cSpy was 9 spamed and the readout avoided!
3	1	G	40000	0	100	100	100000	200000	200000	200000	200000	200000	200000	200000	200002
3	1	A	40000	0	100	100	100000	100000	100000	100000	100000	100000	100000	100000	100001
3	1	B	40000	0	100	100	100000	100000	100000	100000	100000	100000	100000	100000	100001
3	2	G	40000	99984	0.0159979	0	16	32	0	0	0	32	0	0	34
3	2	A	40000	99984	0.0159979	0	16	16	0	0	0	16	0	0	17
3	2	B	40000	99984	0.0159979	0	16	16	0	0	0	16	0	0	17
3	3	G	40000	100000	0	0	0	0	0	0	0	0	0	0	2
3	3	A	40000	100000	0	0	0	0	0	0	0	0	0	0	1
3	3	B	40000	100000	0	0	0	0	0	0	0	0	0	0	1
3	4	G	40000	67723	32.277	13.4985	32277	29388	10	0	0	29236	112	30	29378
3	4	A	40000	71996	28.004	13.171	28004	14833	5	0	0	14766	33	29	14823
3	4	B	40000	71619	28.381	13.826	28381	14555	5	0	0	14470	79	1	14555
3	5	G	40000	0	100	100	100000	200000	200000	200000	200000	200000	200000	200000	200002
3	5	A	40000	0	100	100	100000	100000	100000	100000	100000	100000	100000	100000	100001
3	5	B	40000	0	100	100	100000	100000	100000	100000	100000	100000	100000	100000	100001
3	6	G	40000	86030	13.97	2.947	13970	20661	6	4	0	20025	619	7	20661
3	6	A	40000	86346	13.654	2.94	13654	10714	1	0	0	10112	596	5	10715
3	6	B	40000	87099	12.901	2.954	12901	9947	5	4	0	9913	23	2	9946
3	6	cSpy was 2 spamed and the readout avoided!
3	7	G	40000	100000	0	0	0	0	0	0	0	0	0	0	2
3	7	A	40000	100000	0	0	0	0	0	0	0	0	0	0	1
3	7	B	40000	100000	0	0	0	0	0	0	0	0	0	0	1
4	0	G	40000	751	99.249	64.471	99249	15774	200	6	0	13432	1662	474	15343
4	0	A	40000	1003	98.997	97.629	98997	1368	132	0	0	536	252	448	1001
4	0	B	40000	54281	45.719	31.313	45719	14406	68	6	0	12896	1410	26	14342
4	0	cSpy was 15 spamed and the readout avoided!
4	1	G	40000	100000	0	0	0	0	0	0	0	0	0	0	2
4	1	A	40000	100000	0	0	0	0	0	0	0	0	0	0	1
4	1	B	40000	100000	0	0	0	0	0	0	0	0	0	0	1
4	2	G	40000	99998	0.00200272	0	2	4	0	0	0	4	0	0	6
4	2	A	40000	99998	0.00200272	0	2	2	0	0	0	2	0	0	3
4	2	B	40000	99998	0.00200272	0	2	2	0	0	0	2	0	0	3
4	3	G	40000	21104	78.896	56.751	78896	34630	712	0	0	33276	95	547	33689
4	3	A	40000	25648	74.352	57.006	74352	17346	351	0	0	16594	2	399	16709
4	3	B	40000	26220	73.78	56.496	73780	17284	361	0	0	16682	93	148	16980
4	3	cSpy was 6 spamed and the readout avoided!
4	4	G	40000	13333	86.667	53.528	86667	43838	57	12	0	39367	4085	317	43646
4	4	A	40000	24360	75.64	53.891	75640	21749	27	5	0	19018	2397	302	21581
4	4	B	40000	24746	75.254	53.165	75254	22089	30	7	0	20349	1688	15	22065
4	4	cSpy was 14 spamed and the readout avoided!
4	5	G	40000	100000	0	0	0	0	0	0	0	0	0	0	2
4	5	A	40000	100000	0	0	0	0	0	0	0	0	0	0	1
4	5	B	40000	100000	0	0	0	0	0	0	0	0	0	0	1
4	6	G	40000	100000	0	0	0	0	0	0	0	0	0	0	2
4	6	A	40000	100000	0	0	0	0	0	0	0	0	0	0	1
4	6	B	40000	100000	0	0	0	0	0	0	0	0	0	0	1
4	7	G	40000	22739	77.261	54.2815	77261	36253	457	1	0	35363	28	404	35654
4	7	A	40000	27437	72.563	54.439	72563	18124	222	1	0	17604	3	294	17713
4	7	B	40000	27747	72.253	54.124	72253	18129	235	0	0	17759	25	110	17941
4	7	cSpy was 9 spamed and the readout avoided!
5	0	G	40000	518	99.482	56.0815	99482	14070	141	0	0	12975	117	837	13492
5	0	A	40000	618	99.382	98.186	99382	1196	141	0	0	106	112	837	618
5	0	B	40000	73149	26.851	13.977	26851	12874	0	0	0	12869	5	0	12874
5	0	cSpy was 44 spamed and the readout avoided!
5	1	G	40000	51224	48.776	24.9005	48776	36367	34	0	0	36256	4	73	36337
5	1	A	40000	56941	43.059	25.109	43059	17950	18	0	0	17858	4	70	17922
5	1	B	40000	56891	43.109	24.692	43109	18417	16	0	0	18398	0	3	18415
5	1	cSpy was 2 spamed and the readout avoided!
5	2	G	40000	57	99.943	97.936	99943	2380	124	0	0	1020	511	725	1738
5	2	A	40000	140	99.86	99.248	99860	612	3	0	0	35	3	571	140
5	2	B	40000	1608	98.392	96.624	98392	1768	121	0	0	985	508	154	1598
5	2	cSpy was 41 spamed and the readout avoided!
5	3	G	40000	99672	0.327998	0	328	656	0	0	0	656	0	0	658
5	3	A	40000	99672	0.327998	0	328	328	0	0	0	328	0	0	329
5	3	B	40000	99672	0.327998	0	328	328	0	0	0	328	0	0	329
5	4	G	40000	100000	0	0	0	0	0	0	0	0	0	0	2
5	4	A	40000	100000	0	0	0	0	0	0	0	0	0	0	1
5	4	B	40000	100000	0	0	0	0	0	0	0	0	0	0	1
5	5	G	40000	83442	16.558	6.301	16558	16282	4	0	0	16257	2	19	16281
5	5	A	40000	85503	14.497	6.464	14497	8033	2	0	0	8011	2	18	8031
5	5	B	40000	85613	14.387	6.138	14387	8249	2	0	0	8246	0	1	8250
5	6	G	40000	0	100	100	100000	200000	200000	200000	200000	200000	200000	200000	200002
5	6	A	40000	0	100	100	100000	100000	100000	100000	100000	100000	100000	100000	100001
5	6	B	40000	0	100	100	100000	100000	100000	100000	100000	100000	100000	100000	100001
5	7	G	40000	44642	55.358	23.3945	55358	44657	5	1	0	40167	4402	82	44626
5	7	A	40000	52673	47.327	23.815	47327	23512	5	1	0	20153	3271	82	23480
5	7	B	40000	55881	44.119	22.974	44119	21145	0	0	0	20014	1131	0	21146
5	7	cSpy was 1 spamed and the readout avoided!
6	0	G	40000	538	99.462	95.8475	99462	4435	258	7	0	2316	1152	702	3855
6	0	A	40000	1230	98.77	97.05	98770	1720	142	2	0	157	768	651	1230
6	0	B	40000	2640	97.36	94.645	97360	2715	116	5	0	2159	384	51	2625
6	0	cSpy was 43 spamed and the readout avoided!
6	1	G	40000	16361	83.639	39.8775	83639	56849	3	2	0	50572	6033	239	56738
6	1	A	40000	30144	69.856	42.762	69856	27094	0	2	0	23399	3454	239	26986
6	1	B	40000	33252	66.748	36.993	66748	29755	3	0	0	27173	2579	0	29752
6	1	cSpy was 6 spamed and the readout avoided!
6	2	G	40000	100000	0	0	0	0	0	0	0	0	0	0	2
6	2	A	40000	100000	0	0	0	0	0	0	0	0	0	0	1
6	2	B	40000	100000	0	0	0	0	0	0	0	0	0	0	1
6	3	G	40000	100000	0	0	0	0	0	0	0	0	0	0	2
6	3	A	40000	100000	0	0	0	0	0	0	0	0	0	0	1
6	3	B	40000	100000	0	0	0	0	0	0	0	0	0	0	1
6	4	G	40000	19789	80.211	58.9815	80211	34032	805	0	0	32494	138	595	32971
6	4	A	40000	23703	76.297	59.257	76297	17040	393	0	0	16224	0	423	16328
6	4	B	40000	24302	75.698	58.706	75698	16992	412	0	0	16270	138	172	16643
6	4	cSpy was 7 spamed and the readout avoided!
6	5	G	40000	6852	93.148	82.9275	93148	13286	159	6	1	11523	817	780	12772
6	5	A	40000	9850	90.15	83.945	90150	6205	15	2	0	5165	353	670	5854
6	5	B	40000	11009	88.991	81.91	88991	7081	144	4	1	6358	464	110	6918
6	5	cSpy was 82 spamed and the readout avoided!
6	6	G	40000	100000	0	0	0	0	0	0	0	0	0	0	2
6	6	A	40000	100000	0	0	0	0	0	0	0	0	0	0	1
6	6	B	40000	100000	0	0	0	0	0	0	0	0	0	0	1
6	7	G	40000	100000	0	0	0	0	0	0	0	0	0	0	2
6	7	A	40000	100000	0	0	0	0	0	0	0	0	0	0	1
6	7	B	40000	100000	0	0	0	0	0	0	0	0	0	0	1
7	0	G	40000	2173	97.827	47.8085	97827	3510	200	0	0	2697	60	553	3022
7	0	A	40000	2185	97.815	95.163	97815	2652	200	0	0	1839	60	553	2163
7	0	B	40000	98688	1.312	0.454	1312	858	0	0	0	858	0	0	859
7	1	G	40000	100000	0	0	0	0	0	0	0	0	0	0	2
7	1	A	40000	100000	0	0	0	0	0	0	0	0	0	0	1
7	1	B	40000	100000	0	0	0	0	0	0	0	0	0	0	1
7	2	G	40000	92861	7.139	1.6545	7139	8356	4	7	0	8266	68	11	8356
7	2	A	40000	93989	6.011	1.837	6011	4174	4	7	0	4108	44	11	4173
7	2	B	40000	94346	5.654	1.472	5654	4182	0	0	0	4158	24	0	4183
7	2	cSpy was 1 spamed and the readout avoided!
7	3	G	40000	0	100	100	100000	200000	200000	200000	200000	200000	200000	200000	200002
7	3	A	40000	0	100	100	100000	100000	100000	100000	100000	100000	100000	100000	100001
7	3	B	40000	0	100	100	100000	100000	100000	100000	100000	100000	100000	100000	100001
7	4	G	40000	92799	7.201	0.527	7201	12810	0	0	0	12354	449	7	12812
7	4	A	40000	92842	7.158	0.527	7158	6631	0	0	0	6220	404	7	6632
7	4	B	40000	93294	6.706	0.527	6706	6179	0	0	0	6134	45	0	6180
7	5	G	40000	100000	0	0	0	0	0	0	0	0	0	0	2
7	5	A	40000	100000	0	0	0	0	0	0	0	0	0	0	1
7	5	B	40000	100000	0	0	0	0	0	0	0	0	0	0	1
7	6	G	40000	98631	1.369	0.386	1369	1308	2	1	0	1290	9	6	1309
7	6	A	40000	98925	1.075	0.426	1075	649	2	1	0	637	3	6	649
7	6	B	40000	98995	1.005	0.346	1005	659	0	0	0	653	6	0	660
7	6	cSpy was 1 spamed and the readout avoided!
7	7	G	40000	42856	57.144	28.2195	57144	44457	3	0	0	42728	1544	182	44391
7	7	A	40000	49021	50.979	28.611	50979	22368	0	0	0	21507	679	182	22304
7	7	B	40000	50083	49.917	27.828	49917	22089	3	0	0	21221	865	0	22087
7	7	cSpy was 10 spamed and the readout avoided!
