#the gain was set to: 2	the bias was set to: 30
#Sent triggers per delay setting: 100000	and with a frequency [Hz] of: 40000
#160MHz delay setting	400MHz delay setting	Frequency	correct transmitted H+T		error rate [%]	uncertainty [%]	bad or missed events	error count	missing headers	missing trailers	flipped H/T	event nr errors	tbm missed trigger	unknown errors	event nr resets
0	0	G	40000	402	99.598	71.9415	99598	18946	103	0	0	17950	269	624	18433
0	0	A	40000	625	99.375	98.256	99375	1119	84	0	0	189	243	603	625
0	0	B	40000	36546	63.454	45.627	63454	17827	19	0	0	17761	26	21	17808
0	0	cSpy was 29 spamed and the readout avoided!
0	1	G	40000	38654	61.346	40.342	61346	27777	124	0	0	27161	82	410	27642
0	1	A	40000	47809	52.191	39.757	52191	12434	68	0	0	11964	37	365	12334
0	1	B	40000	43730	56.27	40.927	56270	15343	56	0	0	15197	45	45	15308
0	2	G	40000	3499	96.501	82.02	96501	17849	115	2	0	14820	2477	435	17545
0	2	A	40000	6945	93.055	86.17	93055	6885	87	1	0	5211	1167	419	6613
0	2	B	40000	11166	88.834	77.87	88834	10964	28	1	0	9609	1310	16	10932
0	2	cSpy was 8 spamed and the readout avoided!
0	3	G	40000	100000	0	0	0	0	0	0	0	0	0	0	2
0	3	A	40000	100000	0	0	0	0	0	0	0	0	0	0	1
0	3	B	40000	100000	0	0	0	0	0	0	0	0	0	0	1
0	4	G	40000	100000	0	0	0	0	0	0	0	0	0	0	2
0	4	A	40000	100000	0	0	0	0	0	0	0	0	0	0	1
0	4	B	40000	100000	0	0	0	0	0	0	0	0	0	0	1
0	5	G	40000	56673	43.327	21.078	43327	32019	8	0	0	31734	81	196	31979
0	5	A	40000	64322	35.678	20.669	35678	15009	5	0	0	14776	39	189	14972
0	5	B	40000	61503	38.497	21.487	38497	17010	3	0	0	16958	42	7	17007
0	6	G	40000	1622	98.378	91.9725	98378	8150	371	13	0	5844	1497	425	7645
0	6	A	40000	4104	95.896	91.753	95896	4143	87	0	0	2973	833	250	3902
0	6	B	40000	3801	96.199	92.192	96199	4007	284	13	0	2871	664	175	3743
0	6	cSpy was 49 spamed and the readout avoided!
0	7	G	40000	95985	4.015	0.6905	4015	5590	0	0	0	5483	107	0	5592
0	7	A	40000	96634	3.366	0.564	3366	2802	0	0	0	2748	54	0	2803
0	7	B	40000	96395	3.605	0.817	3605	2788	0	0	0	2735	53	0	2789
1	0	G	40000	338	99.662	97.7015	99662	2568	187	0	0	1523	230	628	2017
1	0	A	40000	1026	98.974	97.473	98974	1501	147	0	0	661	149	544	1024
1	0	B	40000	1003	98.997	97.93	98997	1067	40	0	0	862	81	84	993
1	0	cSpy was 40 spamed and the readout avoided!
1	1	G	40000	95932	4.068	0.6635	4068	5675	0	0	0	5565	110	0	5677
1	1	A	40000	96646	3.354	0.523	3354	2831	0	0	0	2789	42	0	2832
1	1	B	40000	96352	3.648	0.804	3648	2844	0	0	0	2776	68	0	2845
1	2	G	40000	100000	0	0	0	0	0	0	0	0	0	0	2
1	2	A	40000	100000	0	0	0	0	0	0	0	0	0	0	1
1	2	B	40000	100000	0	0	0	0	0	0	0	0	0	0	1
1	3	G	40000	95023	4.977	2.1365	4977	3838	0	0	0	3751	76	11	3840
1	3	A	40000	96171	3.829	1.981	3829	1848	0	0	0	1771	66	11	1849
1	3	B	40000	95718	4.282	2.292	4282	1990	0	0	0	1980	10	0	1991
1	4	G	40000	0	100	100	100000	200000	200000	200000	200000	200000	200000	200000	200002
1	4	A	40000	0	100	100	100000	100000	100000	100000	100000	100000	100000	100000	100001
1	4	B	40000	0	100	100	100000	100000	100000	100000	100000	100000	100000	100000	100001
1	5	G	40000	43933	56.067	14.956	56067	42766	0	0	0	37437	5325	4	42766
1	5	A	40000	70875	29.125	4.23	29125	24895	0	0	0	21126	3765	4	24894
1	5	B	40000	56447	43.553	25.682	43553	17871	0	0	0	16311	1560	0	17872
1	6	G	40000	100000	0	0	0	0	0	0	0	0	0	0	2
1	6	A	40000	100000	0	0	0	0	0	0	0	0	0	0	1
1	6	B	40000	100000	0	0	0	0	0	0	0	0	0	0	1
1	7	G	40000	100000	0	0	0	0	0	0	0	0	0	0	2
1	7	A	40000	100000	0	0	0	0	0	0	0	0	0	0	1
1	7	B	40000	100000	0	0	0	0	0	0	0	0	0	0	1
2	0	G	40000	2259	97.741	48.4995	97741	4083	56	0	0	3820	113	94	3979
2	0	A	40000	2294	97.706	95.332	97706	2374	56	0	0	2111	113	94	2269
2	0	B	40000	96624	3.376	1.667	3376	1709	0	0	0	1709	0	0	1710
2	1	G	40000	99883	0.116998	0.019	117	187	0	0	0	187	0	0	189
2	1	A	40000	99891	0.108999	0.018	109	91	0	0	0	91	0	0	92
2	1	B	40000	99884	0.116003	0.02	116	96	0	0	0	96	0	0	97
2	2	G	40000	27268	72.732	51.2335	72732	26067	668	0	0	23409	1313	677	25523
2	2	A	40000	39188	60.812	49.278	60812	11534	373	0	0	9954	730	477	11180
2	2	B	40000	32278	67.722	53.189	67722	14533	295	0	0	13455	583	200	14343
2	3	G	40000	4173	95.827	79.626	95827	19455	155	5	0	16904	2041	350	19138
2	3	A	40000	13023	86.977	74.975	86977	12002	18	0	0	10359	1434	191	11874
2	3	B	40000	8270	91.73	84.277	91730	7453	137	5	0	6545	607	159	7264
2	3	cSpy was 50 spamed and the readout avoided!
2	4	G	40000	100000	0	0	0	0	0	0	0	0	0	0	2
2	4	A	40000	100000	0	0	0	0	0	0	0	0	0	0	1
2	4	B	40000	100000	0	0	0	0	0	0	0	0	0	0	1
2	5	G	40000	99962	0.037998	0.001	38	74	0	0	0	74	0	0	76
2	5	A	40000	99962	0.037998	0.001	38	37	0	0	0	37	0	0	38
2	5	B	40000	99962	0.037998	0.001	38	37	0	0	0	37	0	0	38
2	6	G	40000	58126	41.874	22.906	41874	22915	28	0	0	22194	500	193	22891
2	6	A	40000	67850	32.15	21.698	32150	10452	19	0	0	9809	437	187	10428
2	6	B	40000	63423	36.577	24.114	36577	12463	9	0	0	12385	63	6	12463
2	7	G	40000	0	100	100	100000	200000	200000	200000	200000	200000	200000	200000	200002
2	7	A	40000	0	100	100	100000	100000	100000	100000	100000	100000	100000	100000	100001
2	7	B	40000	0	100	100	100000	100000	100000	100000	100000	100000	100000	100000	100001
3	0	G	40000	1042	98.958	70.138	98958	15492	281	3	0	14241	313	654	14895
3	0	A	40000	1541	98.459	96.376	98459	2083	220	0	0	1209	27	627	1527
3	0	B	40000	42691	57.309	43.9	57309	13409	61	3	0	13032	286	27	13368
3	0	cSpy was 12 spamed and the readout avoided!
3	1	G	40000	0	100	100	100000	200000	200000	200000	200000	200000	200000	200000	200002
3	1	A	40000	0	100	100	100000	100000	100000	100000	100000	100000	100000	100000	100001
3	1	B	40000	0	100	100	100000	100000	100000	100000	100000	100000	100000	100000	100001
3	2	G	40000	0	100	100	100000	200000	200000	200000	200000	200000	200000	200000	200002
3	2	A	40000	0	100	100	100000	100000	100000	100000	100000	100000	100000	100000	100001
3	2	B	40000	0	100	100	100000	100000	100000	100000	100000	100000	100000	100000	100001
3	3	G	40000	100000	0	0	0	0	0	0	0	0	0	0	2
3	3	A	40000	100000	0	0	0	0	0	0	0	0	0	0	1
3	3	B	40000	100000	0	0	0	0	0	0	0	0	0	0	1
3	4	G	40000	85741	14.259	8.8265	14259	8708	95	0	0	8525	12	76	8577
3	4	A	40000	86789	13.211	8.805	13211	4406	45	0	0	4306	2	53	4319
3	4	B	40000	86850	13.15	8.848	13150	4302	50	0	0	4219	10	23	4258
3	5	G	40000	0	100	100	100000	200000	200000	200000	200000	200000	200000	200000	200002
3	5	A	40000	0	100	100	100000	100000	100000	100000	100000	100000	100000	100000	100001
3	5	B	40000	0	100	100	100000	100000	100000	100000	100000	100000	100000	100000	100001
3	6	G	40000	50090	49.91	12.365	49910	51787	11	5	0	47635	4099	37	51773
3	6	A	40000	61393	38.607	12.11	38607	26497	8	0	0	23090	3366	33	26487
3	6	B	40000	62090	37.91	12.62	37910	25290	3	5	0	24545	733	4	25286
3	6	cSpy was 8 spamed and the readout avoided!
3	7	G	40000	100000	0	0	0	0	0	0	0	0	0	0	2
3	7	A	40000	100000	0	0	0	0	0	0	0	0	0	0	1
3	7	B	40000	100000	0	0	0	0	0	0	0	0	0	0	1
4	0	G	40000	0	100	100	100000	200000	200000	200000	200000	200000	200000	200000	200002
4	0	A	40000	0	100	100	100000	100000	100000	100000	100000	100000	100000	100000	100001
4	0	B	40000	0	100	100	100000	100000	100000	100000	100000	100000	100000	100000	100001
4	1	G	40000	100000	0	0	0	0	0	0	0	0	0	0	2
4	1	A	40000	100000	0	0	0	0	0	0	0	0	0	0	1
4	1	B	40000	100000	0	0	0	0	0	0	0	0	0	0	1
4	2	G	40000	100000	0	0	0	0	0	0	0	0	0	0	2
4	2	A	40000	100000	0	0	0	0	0	0	0	0	0	0	1
4	2	B	40000	100000	0	0	0	0	0	0	0	0	0	0	1
4	3	G	40000	29009	70.991	50.097	70991	33814	646	0	0	32554	127	487	32953
4	3	A	40000	32761	67.239	50.353	67239	16886	312	0	0	16226	1	347	16314
4	3	B	40000	33231	66.769	49.841	66769	16928	334	0	0	16328	126	140	16639
4	3	cSpy was 6 spamed and the readout avoided!
4	4	G	40000	1598	98.402	93.4695	98402	6743	442	18	1	5380	408	499	6178
4	4	A	40000	2935	97.065	93.781	97065	3284	235	9	1	2435	213	396	2870
4	4	B	40000	3383	96.617	93.158	96617	3459	207	9	0	2945	195	103	3308
4	4	cSpy was 74 spamed and the readout avoided!
4	5	G	40000	100000	0	0	0	0	0	0	0	0	0	0	2
4	5	A	40000	100000	0	0	0	0	0	0	0	0	0	0	1
4	5	B	40000	100000	0	0	0	0	0	0	0	0	0	0	1
4	6	G	40000	100000	0	0	0	0	0	0	0	0	0	0	2
4	6	A	40000	100000	0	0	0	0	0	0	0	0	0	0	1
4	6	B	40000	100000	0	0	0	0	0	0	0	0	0	0	1
4	7	G	40000	52379	47.621	28.5875	47621	29148	90	0	0	28951	2	105	29056
4	7	A	40000	56861	43.139	28.678	43139	14461	43	0	0	14322	2	94	14388
4	7	B	40000	56816	43.184	28.497	43184	14687	47	0	0	14629	0	11	14668
4	7	cSpy was 2 spamed and the readout avoided!
5	0	G	40000	507	99.493	56.642	99493	14556	154	0	0	13458	105	839	14000
5	0	A	40000	613	99.387	98.218	99387	1169	154	0	0	82	95	838	613
5	0	B	40000	71547	28.453	15.066	28453	13387	0	0	0	13376	10	1	13387
5	0	cSpy was 52 spamed and the readout avoided!
5	1	G	40000	82999	17.001	6.2865	17001	17214	2	0	0	17187	2	23	17212
5	1	A	40000	85069	14.931	6.443	14931	8488	1	0	0	8465	1	21	8486
5	1	B	40000	85144	14.856	6.13	14856	8726	1	0	0	8722	1	2	8726
5	2	G	40000	0	100	100	100000	200000	200000	200000	200000	200000	200000	200000	200002
5	2	A	40000	0	100	100	100000	100000	100000	100000	100000	100000	100000	100000	100001
5	2	B	40000	0	100	100	100000	100000	100000	100000	100000	100000	100000	100000	100001
5	3	G	40000	95308	4.692	0.125	4692	8831	0	0	0	8571	257	3	8833
5	3	A	40000	95316	4.684	0.125	4684	4559	0	0	0	4306	250	3	4560
5	3	B	40000	95603	4.397	0.125	4397	4272	0	0	0	4265	7	0	4273
5	4	G	40000	100000	0	0	0	0	0	0	0	0	0	0	2
5	4	A	40000	100000	0	0	0	0	0	0	0	0	0	0	1
5	4	B	40000	100000	0	0	0	0	0	0	0	0	0	0	1
5	5	G	40000	96119	3.881	0.6975	3881	5741	0	0	0	5736	0	5	5743
5	5	A	40000	96394	3.606	0.752	3606	2854	0	0	0	2849	0	5	2855
5	5	B	40000	96470	3.53	0.643	3530	2887	0	0	0	2887	0	0	2888
5	6	G	40000	4516	95.484	88.8435	95484	9651	333	0	0	8277	829	212	9271
5	6	A	40000	5323	94.677	90.849	94677	3828	81	0	0	3630	0	117	3660
5	6	B	40000	7339	92.661	86.838	92661	5823	252	0	0	4647	829	95	5611
5	6	cSpy was 35 spamed and the readout avoided!
5	7	G	40000	14347	85.653	46.6065	85653	50882	25	0	0	44961	5507	389	50645
5	7	A	40000	26431	73.569	49.293	73569	24276	21	0	0	20749	3119	387	24042
5	7	B	40000	29474	70.526	43.92	70526	26606	4	0	0	24212	2388	2	26603
5	7	cSpy was 68 spamed and the readout avoided!
6	0	G	40000	0	100	100	100000	200000	200000	200000	200000	200000	200000	200000	200002
6	0	A	40000	0	100	100	100000	100000	100000	100000	100000	100000	100000	100000	100001
6	0	B	40000	0	100	100	100000	100000	100000	100000	100000	100000	100000	100000	100001
6	1	G	40000	9372	90.628	63.4985	90628	35594	32	2	0	31921	3114	525	35323
6	1	A	40000	17584	82.416	65.451	82416	16965	4	0	0	14878	1580	503	16718
6	1	B	40000	19825	80.175	61.546	80175	18629	28	2	0	17043	1534	22	18605
6	1	cSpy was 11 spamed and the readout avoided!
6	2	G	40000	100000	0	0	0	0	0	0	0	0	0	0	2
6	2	A	40000	100000	0	0	0	0	0	0	0	0	0	0	1
6	2	B	40000	100000	0	0	0	0	0	0	0	0	0	0	1
6	3	G	40000	100000	0	0	0	0	0	0	0	0	0	0	2
6	3	A	40000	100000	0	0	0	0	0	0	0	0	0	0	1
6	3	B	40000	100000	0	0	0	0	0	0	0	0	0	0	1
6	4	G	40000	22073	77.927	57.068	77927	34047	753	0	0	32596	137	561	33043
6	4	A	40000	25638	74.362	57.327	74362	17035	363	0	0	16278	0	394	16367
6	4	B	40000	26179	73.821	56.809	73821	17012	390	0	0	16318	137	167	16676
6	4	cSpy was 7 spamed and the readout avoided!
6	5	G	40000	1671	98.329	91.569	98329	8613	235	4	1	7135	441	797	8047
6	5	A	40000	3806	96.194	92.105	96194	4089	25	0	0	3217	201	646	3722
6	5	B	40000	4443	95.557	91.033	95557	4524	210	4	1	3918	240	151	4325
6	5	cSpy was 70 spamed and the readout avoided!
6	6	G	40000	100000	0	0	0	0	0	0	0	0	0	0	2
6	6	A	40000	100000	0	0	0	0	0	0	0	0	0	0	1
6	6	B	40000	100000	0	0	0	0	0	0	0	0	0	0	1
6	7	G	40000	100000	0	0	0	0	0	0	0	0	0	0	2
6	7	A	40000	100000	0	0	0	0	0	0	0	0	0	0	1
6	7	B	40000	100000	0	0	0	0	0	0	0	0	0	0	1
7	0	G	40000	1984	98.016	47.9855	98016	3461	207	0	0	2596	85	573	2954
7	0	A	40000	2003	97.997	95.51	97997	2487	207	0	0	1622	85	573	1979
7	0	B	40000	98565	1.435	0.461	1435	974	0	0	0	974	0	0	975
7	1	G	40000	100000	0	0	0	0	0	0	0	0	0	0	2
7	1	A	40000	100000	0	0	0	0	0	0	0	0	0	0	1
7	1	B	40000	100000	0	0	0	0	0	0	0	0	0	0	1
7	2	G	40000	99325	0.674999	0.0195	675	1292	0	0	0	1288	4	0	1294
7	2	A	40000	99330	0.669998	0.024	670	646	0	0	0	642	4	0	647
7	2	B	40000	99339	0.660998	0.015	661	646	0	0	0	646	0	0	647
7	3	G	40000	0	100	100	100000	200000	200000	200000	200000	200000	200000	200000	200002
7	3	A	40000	0	100	100	100000	100000	100000	100000	100000	100000	100000	100000	100001
7	3	B	40000	0	100	100	100000	100000	100000	100000	100000	100000	100000	100000	100001
7	4	G	40000	54225	45.775	29.058	45775	26837	44	0	0	24108	2587	98	26761
7	4	A	40000	56099	43.901	29.605	43901	14296	0	0	0	12298	1936	62	14270
7	4	B	40000	58948	41.052	28.511	41052	12541	44	0	0	11810	651	36	12491
7	4	cSpy was 7 spamed and the readout avoided!
7	5	G	40000	100000	0	0	0	0	0	0	0	0	0	0	2
7	5	A	40000	100000	0	0	0	0	0	0	0	0	0	0	1
7	5	B	40000	100000	0	0	0	0	0	0	0	0	0	0	1
7	6	G	40000	99999	0.00100136	0	1	2	0	0	0	2	0	0	4
7	6	A	40000	99999	0.00100136	0	1	1	0	0	0	1	0	0	2
7	6	B	40000	99999	0.00100136	0	1	1	0	0	0	1	0	0	2
7	7	G	40000	62638	37.362	14.2165	37362	33538	36	56	0	32770	555	121	33458
7	7	A	40000	68216	31.784	14.774	31784	17010	36	56	0	16569	229	120	16930
7	7	B	40000	69813	30.187	13.659	30187	16528	0	0	0	16201	326	1	16528
7	7	cSpy was 6 spamed and the readout avoided!
