#the gain was set to: 2	the bias was set to: 30
#Sent triggers per delay setting: 100000	and with a frequency [Hz] of: 40000
#160MHz delay setting	400MHz delay setting	Frequency	correct transmitted H+T		error rate [%]	uncertainty [%]	bad or missed events	error count	missing headers	missing trailers	flipped H/T	event nr errors	tbm missed trigger	unknown errors	event nr resets
0	0	G	40000	416	99.584	73.1505	99584	18891	106	0	0	17858	293	634	18367
0	0	A	40000	658	99.342	98.172	99342	1170	80	0	0	224	244	622	658
0	0	B	40000	34150	65.85	48.129	65850	17721	26	0	0	17634	49	12	17709
0	0	cSpy was 35 spamed and the readout avoided!
0	1	G	40000	26413	73.587	54.4925	73587	26060	729	2	0	24523	2	804	25363
0	1	A	40000	35090	64.91	54.156	64910	10754	341	0	0	9911	0	502	10412
0	1	B	40000	29865	70.135	54.829	70135	15306	388	2	0	14612	2	302	14951
0	2	G	40000	4902	95.098	77.8965	95098	21555	70	0	0	17986	3288	211	21406
0	2	A	40000	12494	87.506	75.776	87506	11730	15	0	0	9537	1998	180	11625
0	2	B	40000	10158	89.842	80.017	89842	9825	55	0	0	8449	1290	31	9781
0	2	cSpy was 2 spamed and the readout avoided!
0	3	G	40000	100000	0	0	0	0	0	0	0	0	0	0	2
0	3	A	40000	100000	0	0	0	0	0	0	0	0	0	0	1
0	3	B	40000	100000	0	0	0	0	0	0	0	0	0	0	1
0	4	G	40000	100000	0	0	0	0	0	0	0	0	0	0	2
0	4	A	40000	100000	0	0	0	0	0	0	0	0	0	0	1
0	4	B	40000	100000	0	0	0	0	0	0	0	0	0	0	1
0	5	G	40000	31147	68.853	47.236	68853	27699	94	0	0	27042	68	495	27581
0	5	A	40000	41330	58.67	46.513	58670	12157	50	0	0	11626	30	451	12068
0	5	B	40000	36499	63.501	47.959	63501	15542	44	0	0	15416	38	44	15513
0	6	G	40000	3307	96.693	82.324	96693	17589	175	2	0	14361	2566	485	17202
0	6	A	40000	6367	93.633	87.234	93633	6399	119	0	0	4645	1182	453	6063
0	6	B	40000	11396	88.604	77.414	88604	11190	56	2	0	9716	1384	32	11139
0	6	cSpy was 7 spamed and the readout avoided!
0	7	G	40000	99657	0.343001	0.104	343	478	0	0	0	478	0	0	480
0	7	A	40000	99657	0.343001	0.104	343	239	0	0	0	239	0	0	240
0	7	B	40000	99657	0.343001	0.104	343	239	0	0	0	239	0	0	240
1	0	G	40000	468	99.532	95.8205	99532	4316	243	5	0	3366	341	361	3937
1	0	A	40000	3149	96.851	93.476	96851	3375	209	5	0	2592	256	313	3043
1	0	B	40000	894	99.106	98.165	99106	941	34	0	0	774	85	48	894
1	0	cSpy was 25 spamed and the readout avoided!
1	1	G	40000	99805	0.195003	0.001	195	388	0	0	0	388	0	0	390
1	1	A	40000	99805	0.195003	0.001	195	194	0	0	0	194	0	0	195
1	1	B	40000	99805	0.195003	0.001	195	194	0	0	0	194	0	0	195
1	2	G	40000	100000	0	0	0	0	0	0	0	0	0	0	2
1	2	A	40000	100000	0	0	0	0	0	0	0	0	0	0	1
1	2	B	40000	100000	0	0	0	0	0	0	0	0	0	0	1
1	3	G	40000	86284	13.716	6.057	13716	11137	1	0	0	11007	90	39	11136
1	3	A	40000	89009	10.991	5.762	10991	5229	1	0	0	5110	79	39	5227
1	3	B	40000	87740	12.26	6.352	12260	5908	0	0	0	5897	11	0	5909
1	4	G	40000	0	100	100	100000	200000	200000	200000	200000	200000	200000	200000	200002
1	4	A	40000	0	100	100	100000	100000	100000	100000	100000	100000	100000	100000	100001
1	4	B	40000	0	100	100	100000	100000	100000	100000	100000	100000	100000	100000	100001
1	5	G	40000	87738	12.262	2.2075	12262	11668	0	0	0	10752	914	2	11670
1	5	A	40000	92969	7.031	1.239	7031	5792	0	0	0	5386	404	2	5793
1	5	B	40000	90948	9.052	3.176	9052	5876	0	0	0	5366	510	0	5877
1	6	G	40000	100000	0	0	0	0	0	0	0	0	0	0	2
1	6	A	40000	100000	0	0	0	0	0	0	0	0	0	0	1
1	6	B	40000	100000	0	0	0	0	0	0	0	0	0	0	1
1	7	G	40000	99864	0.136	0.002	136	267	0	0	0	267	0	0	269
1	7	A	40000	99865	0.134999	0.002	135	133	0	0	0	133	0	0	134
1	7	B	40000	99864	0.136	0.002	136	134	0	0	0	134	0	0	135
2	0	G	40000	2573	97.427	48.0545	97427	4091	44	0	0	3860	119	68	4017
2	0	A	40000	2621	97.379	94.738	97379	2641	44	0	0	2410	119	68	2566
2	0	B	40000	97179	2.821	1.371	2821	1450	0	0	0	1450	0	0	1451
2	0	cSpy was 2 spamed and the readout avoided!
2	1	G	40000	96596	3.404	1.4055	3404	2472	0	0	0	2426	40	6	2474
2	1	A	40000	97501	2.499	1.294	2499	1205	0	0	0	1170	29	6	1206
2	1	B	40000	97216	2.784	1.517	2784	1267	0	0	0	1256	11	0	1268
2	2	G	40000	22614	77.386	53.915	77386	28538	931	6	0	25512	1307	782	27647
2	2	A	40000	34987	65.013	51.618	65013	13395	467	2	0	11311	1098	517	12887
2	2	B	40000	28645	71.355	56.212	71355	15143	464	4	0	14201	209	265	14760
2	3	G	40000	9540	90.46	64.879	90460	29759	136	1	0	26061	3400	161	29577
2	3	A	40000	24346	75.654	57.233	75654	18421	18	0	0	15879	2452	72	18363
2	3	B	40000	16137	83.863	72.525	83863	11338	118	1	0	10182	948	89	11214
2	3	cSpy was 19 spamed and the readout avoided!
2	4	G	40000	100000	0	0	0	0	0	0	0	0	0	0	2
2	4	A	40000	100000	0	0	0	0	0	0	0	0	0	0	1
2	4	B	40000	100000	0	0	0	0	0	0	0	0	0	0	1
2	5	G	40000	100000	0	0	0	0	0	0	0	0	0	0	2
2	5	A	40000	100000	0	0	0	0	0	0	0	0	0	0	1
2	5	B	40000	100000	0	0	0	0	0	0	0	0	0	0	1
2	6	G	40000	34989	65.011	43.2245	65011	25384	168	0	0	23444	1336	436	25230
2	6	A	40000	47442	52.558	40.75	52558	11808	96	0	0	10001	1328	383	11689
2	6	B	40000	40725	59.275	45.699	59275	13576	72	0	0	13443	8	53	13541
2	7	G	40000	2147	97.853	88.888	97853	11029	237	9	0	9046	1428	309	10727
2	7	A	40000	7039	92.961	86.123	92961	6838	28	0	0	5589	1009	212	6701
2	7	B	40000	4156	95.844	91.653	95844	4191	209	9	0	3457	419	97	4026
2	7	cSpy was 50 spamed and the readout avoided!
3	0	G	40000	1135	98.865	72.0755	98865	15675	224	2	0	14492	328	629	15145
3	0	A	40000	1652	98.348	96.23	98348	2118	173	0	0	1313	27	605	1632
3	0	B	40000	38522	61.478	47.921	61478	13557	51	2	0	13179	301	24	13513
3	0	cSpy was 8 spamed and the readout avoided!
3	1	G	40000	0	100	100	100000	200000	200000	200000	200000	200000	200000	200000	200002
3	1	A	40000	0	100	100	100000	100000	100000	100000	100000	100000	100000	100000	100001
3	1	B	40000	0	100	100	100000	100000	100000	100000	100000	100000	100000	100000	100001
3	2	G	40000	99974	0.0259995	0	26	52	0	0	0	52	0	0	54
3	2	A	40000	99974	0.0259995	0	26	26	0	0	0	26	0	0	27
3	2	B	40000	99974	0.0259995	0	26	26	0	0	0	26	0	0	27
3	3	G	40000	100000	0	0	0	0	0	0	0	0	0	0	2
3	3	A	40000	100000	0	0	0	0	0	0	0	0	0	0	1
3	3	B	40000	100000	0	0	0	0	0	0	0	0	0	0	1
3	4	G	40000	77316	22.684	7.8805	22684	24175	4	0	0	24093	60	18	24173
3	4	A	40000	80185	19.815	7.62	19815	12195	1	0	0	12142	34	18	12193
3	4	B	40000	79879	20.121	8.141	20121	11980	3	0	0	11951	26	0	11980
3	5	G	40000	0	100	100	100000	200000	200000	200000	200000	200000	200000	200000	200002
3	5	A	40000	0	100	100	100000	100000	100000	100000	100000	100000	100000	100000	100001
3	5	B	40000	0	100	100	100000	100000	100000	100000	100000	100000	100000	100000	100001
3	6	G	40000	80391	19.609	4.8095	19609	26557	6	11	0	25344	1177	19	26547
3	6	A	40000	81278	18.722	4.792	18722	13930	0	0	0	12784	1139	7	13930
3	6	B	40000	82546	17.454	4.827	17454	12627	6	11	0	12560	38	12	12617
3	6	cSpy was 3 spamed and the readout avoided!
3	7	G	40000	100000	0	0	0	0	0	0	0	0	0	0	2
3	7	A	40000	100000	0	0	0	0	0	0	0	0	0	0	1
3	7	B	40000	100000	0	0	0	0	0	0	0	0	0	0	1
4	0	G	40000	1116	98.884	59.9805	98884	26505	156	6	0	24445	1659	239	26232
4	0	A	40000	1729	98.271	96.291	98271	1980	134	1	0	1143	470	232	1722
4	0	B	40000	51805	48.195	23.67	48195	24525	22	5	0	23302	1189	7	24510
4	0	cSpy was 2 spamed and the readout avoided!
4	1	G	40000	100000	0	0	0	0	0	0	0	0	0	0	2
4	1	A	40000	100000	0	0	0	0	0	0	0	0	0	0	1
4	1	B	40000	100000	0	0	0	0	0	0	0	0	0	0	1
4	2	G	40000	98816	1.184	0.1945	1184	1741	0	0	0	1741	0	0	1743
4	2	A	40000	98922	1.078	0.216	1078	862	0	0	0	862	0	0	863
4	2	B	40000	98948	1.052	0.173	1052	879	0	0	0	879	0	0	880
4	3	G	40000	19821	80.179	57.931	80179	34372	670	0	0	33059	104	539	33467
4	3	A	40000	24592	75.408	58.224	75408	17184	328	0	0	16459	4	393	16583
4	3	B	40000	25174	74.826	57.638	74826	17188	342	0	0	16600	100	146	16884
4	3	cSpy was 7 spamed and the readout avoided!
4	4	G	40000	9268	90.732	65.783	90732	32992	88	22	0	29584	2936	362	32752
4	4	A	40000	17481	82.519	66.12	82519	16399	42	10	0	14423	1580	344	16193
4	4	B	40000	17961	82.039	65.446	82039	16593	46	12	0	15161	1356	18	16559
4	4	cSpy was 19 spamed and the readout avoided!
4	5	G	40000	100000	0	0	0	0	0	0	0	0	0	0	2
4	5	A	40000	100000	0	0	0	0	0	0	0	0	0	0	1
4	5	B	40000	100000	0	0	0	0	0	0	0	0	0	0	1
4	6	G	40000	100000	0	0	0	0	0	0	0	0	0	0	2
4	6	A	40000	100000	0	0	0	0	0	0	0	0	0	0	1
4	6	B	40000	100000	0	0	0	0	0	0	0	0	0	0	1
4	7	G	40000	20909	79.091	57.0755	79091	35205	522	0	0	34157	77	449	34471
4	7	A	40000	25123	74.877	57.281	74877	17596	248	0	0	17036	0	312	17119
4	7	B	40000	25521	74.479	56.87	74479	17609	274	0	0	17121	77	137	17352
4	7	cSpy was 8 spamed and the readout avoided!
5	0	G	40000	523	99.477	56.1115	99477	14064	142	0	0	12963	112	847	13513
5	0	A	40000	627	99.373	98.194	99373	1179	142	0	0	90	101	846	627
5	0	B	40000	73086	26.914	14.029	26914	12885	0	0	0	12873	11	1	12886
5	0	cSpy was 55 spamed and the readout avoided!
5	1	G	40000	34238	65.762	40.312	65762	39071	154	0	0	38733	3	181	38903
5	1	A	40000	40171	59.829	40.455	59829	19374	77	0	0	19141	3	153	19249
5	1	B	40000	40134	59.866	40.169	59866	19697	77	0	0	19592	0	28	19654
5	1	cSpy was 4 spamed and the readout avoided!
5	2	G	40000	57	99.943	98.3535	99943	2107	55	0	0	918	74	1060	1177
5	2	A	40000	117	99.883	98.964	99883	919	3	0	0	12	0	904	117
5	2	B	40000	1069	98.931	97.743	98931	1188	52	0	0	906	74	156	1060
5	2	cSpy was 35 spamed and the readout avoided!
5	3	G	40000	99553	0.446999	0	447	894	0	0	0	894	0	0	896
5	3	A	40000	99553	0.446999	0	447	447	0	0	0	447	0	0	448
5	3	B	40000	99553	0.446999	0	447	447	0	0	0	447	0	0	448
5	4	G	40000	100000	0	0	0	0	0	0	0	0	0	0	2
5	4	A	40000	100000	0	0	0	0	0	0	0	0	0	0	1
5	4	B	40000	100000	0	0	0	0	0	0	0	0	0	0	1
5	5	G	40000	84652	15.348	6.1555	15348	15081	16	0	0	15043	0	22	15061
5	5	A	40000	86225	13.775	6.301	13775	7474	8	0	0	7447	0	19	7458
5	5	B	40000	86383	13.617	6.01	13617	7607	8	0	0	7596	0	3	7603
5	6	G	40000	0	100	100	100000	200000	200000	200000	200000	200000	200000	200000	200002
5	6	A	40000	0	100	100	100000	100000	100000	100000	100000	100000	100000	100000	100001
5	6	B	40000	0	100	100	100000	100000	100000	100000	100000	100000	100000	100000	100001
5	7	G	40000	52201	47.799	10.25	47799	50600	7	5	0	45558	4946	84	50568
5	7	A	40000	62931	37.069	10.921	37069	26148	7	5	0	22620	3432	84	26115
5	7	B	40000	65969	34.031	9.579	34031	24452	0	0	0	22938	1514	0	24453
6	0	G	40000	573	99.427	95.779	99427	4499	289	5	0	2340	1209	656	3931
6	0	A	40000	1284	98.716	96.974	98716	1742	153	0	0	178	804	607	1284
6	0	B	40000	2659	97.341	94.584	97341	2757	136	5	0	2162	405	49	2647
6	0	cSpy was 53 spamed and the readout avoided!
6	1	G	40000	14128	85.872	45.845	85872	51779	3	1	0	46073	5411	291	51639
6	1	A	40000	26733	73.267	48.594	73267	24673	0	1	0	21392	2989	291	24534
6	1	B	40000	29798	70.202	43.096	70202	27106	3	0	0	24681	2422	0	27105
6	1	cSpy was 4 spamed and the readout avoided!
6	2	G	40000	100000	0	0	0	0	0	0	0	0	0	0	2
6	2	A	40000	100000	0	0	0	0	0	0	0	0	0	0	1
6	2	B	40000	100000	0	0	0	0	0	0	0	0	0	0	1
6	3	G	40000	100000	0	0	0	0	0	0	0	0	0	0	2
6	3	A	40000	100000	0	0	0	0	0	0	0	0	0	0	1
6	3	B	40000	100000	0	0	0	0	0	0	0	0	0	0	1
6	4	G	40000	19970	80.03	58.835	80030	34145	816	1	0	32596	130	602	33067
6	4	A	40000	23792	76.208	59.107	76208	17101	395	1	0	16277	0	428	16375
6	4	B	40000	24393	75.607	58.563	75607	17044	421	0	0	16319	130	174	16692
6	4	cSpy was 8 spamed and the readout avoided!
6	5	G	40000	5176	94.824	85.9935	94824	11413	169	3	1	9706	663	872	10834
6	5	A	40000	7755	92.245	86.944	92245	5301	19	1	0	4296	268	718	4910
6	5	B	40000	8845	91.155	85.043	91155	6112	150	2	1	5410	395	154	5924
6	5	cSpy was 78 spamed and the readout avoided!
6	6	G	40000	100000	0	0	0	0	0	0	0	0	0	0	2
6	6	A	40000	100000	0	0	0	0	0	0	0	0	0	0	1
6	6	B	40000	100000	0	0	0	0	0	0	0	0	0	0	1
6	7	G	40000	100000	0	0	0	0	0	0	0	0	0	0	2
6	7	A	40000	100000	0	0	0	0	0	0	0	0	0	0	1
6	7	B	40000	100000	0	0	0	0	0	0	0	0	0	0	1
7	0	G	40000	2189	97.811	47.778	97811	3436	181	0	0	2644	63	548	2977
7	0	A	40000	2209	97.791	95.15	97791	2641	181	0	0	1849	63	548	2181
7	0	B	40000	98799	1.201	0.406	1201	795	0	0	0	795	0	0	796
7	0	cSpy was 1 spamed and the readout avoided!
7	1	G	40000	100000	0	0	0	0	0	0	0	0	0	0	2
7	1	A	40000	100000	0	0	0	0	0	0	0	0	0	0	1
7	1	B	40000	100000	0	0	0	0	0	0	0	0	0	0	1
7	2	G	40000	92294	7.706	1.778	7706	8919	6	5	0	8827	66	15	8913
7	2	A	40000	93582	6.418	1.981	6418	4437	6	5	0	4375	36	15	4430
7	2	B	40000	93943	6.057	1.575	6057	4482	0	0	0	4452	30	0	4483
7	3	G	40000	0	100	100	100000	200000	200000	200000	200000	200000	200000	200000	200002
7	3	A	40000	0	100	100	100000	100000	100000	100000	100000	100000	100000	100000	100001
7	3	B	40000	0	100	100	100000	100000	100000	100000	100000	100000	100000	100000	100001
7	4	G	40000	92161	7.839	0.675	7839	13660	0	0	0	13133	522	5	13662
7	4	A	40000	92219	7.781	0.675	7781	7106	0	0	0	6637	464	5	7107
7	4	B	40000	92771	7.229	0.675	7229	6554	0	0	0	6496	58	0	6555
7	5	G	40000	100000	0	0	0	0	0	0	0	0	0	0	2
7	5	A	40000	100000	0	0	0	0	0	0	0	0	0	0	1
7	5	B	40000	100000	0	0	0	0	0	0	0	0	0	0	1
7	6	G	40000	98795	1.205	0.345	1205	1162	1	1	0	1148	8	4	1162
7	6	A	40000	99047	0.953001	0.382	953	571	1	1	0	562	3	4	570
7	6	B	40000	99101	0.898999	0.308	899	591	0	0	0	586	5	0	592
7	7	G	40000	44407	55.593	26.763	55593	44013	1	0	0	42555	1293	164	43946
7	7	A	40000	50662	49.338	27.136	49338	22202	0	0	0	21465	575	162	22135
7	7	B	40000	51799	48.201	26.39	48201	21811	1	0	0	21090	718	2	21811
7	7	cSpy was 6 spamed and the readout avoided!
