#the gain was set to: 2	the bias was set to: 30
#Sent triggers per delay setting: 100000	and with a frequency [Hz] of: 40000
#160MHz delay setting	400MHz delay setting	Frequency	correct transmitted H+T		error rate [%]	uncertainty [%]	bad or missed events	error count	missing headers	missing trailers	flipped H/T	event nr errors	tbm missed trigger	unknown errors	event nr resets
0	0	G	40000	463	99.537	71.673	99537	19280	116	0	0	18270	340	554	18811
0	0	A	40000	668	99.332	98.199	99332	1133	100	0	0	217	271	545	668
0	0	B	40000	36706	63.294	45.147	63294	18147	16	0	0	18053	69	9	18143
0	0	cSpy was 27 spamed and the readout avoided!
0	1	G	40000	25828	74.172	53.735	74172	26235	449	0	0	25087	2	697	25839
0	1	A	40000	35995	64.005	53.093	64005	10912	226	0	0	10182	1	503	10680
0	1	B	40000	30300	69.7	54.377	69700	15323	223	0	0	14905	1	194	15159
0	2	G	40000	4663	95.337	78.654	95337	21087	87	1	0	17792	2823	384	20835
0	2	A	40000	9438	90.562	81.388	90562	9174	58	1	0	7208	1535	372	8937
0	2	B	40000	12167	87.833	75.92	87833	11913	29	0	0	10584	1288	12	11898
0	2	cSpy was 1 spamed and the readout avoided!
0	3	G	40000	100000	0	0	0	0	0	0	0	0	0	0	2
0	3	A	40000	100000	0	0	0	0	0	0	0	0	0	0	1
0	3	B	40000	100000	0	0	0	0	0	0	0	0	0	0	1
0	4	G	40000	100000	0	0	0	0	0	0	0	0	0	0	2
0	4	A	40000	100000	0	0	0	0	0	0	0	0	0	0	1
0	4	B	40000	100000	0	0	0	0	0	0	0	0	0	0	1
0	5	G	40000	46575	53.425	37.228	53425	20792	90	0	0	20295	33	374	20690
0	5	A	40000	54329	45.671	36.683	45671	8988	49	0	0	8590	10	339	8909
0	5	B	40000	50423	49.577	37.773	49577	11804	41	0	0	11705	23	35	11781
0	6	G	40000	2490	97.51	88.44	97510	11569	258	7	0	9014	1917	373	11169
0	6	A	40000	4942	95.058	90.045	95058	5013	133	0	0	3580	988	312	4717
0	6	B	40000	6609	93.391	86.835	93391	6556	125	7	0	5434	929	61	6452
0	6	cSpy was 22 spamed and the readout avoided!
0	7	G	40000	99826	0.173998	0.056	174	236	0	0	0	236	0	0	238
0	7	A	40000	99826	0.173998	0.056	174	118	0	0	0	118	0	0	119
0	7	B	40000	99826	0.173998	0.056	174	118	0	0	0	118	0	0	119
1	0	G	40000	261	99.739	97.8995	99739	2274	160	0	0	1577	154	383	1920
1	0	A	40000	1297	98.703	97.091	98703	1612	148	0	0	1017	100	347	1290
1	0	B	40000	630	99.37	98.708	99370	662	12	0	0	560	54	36	630
1	0	cSpy was 22 spamed and the readout avoided!
1	1	G	40000	99857	0.142998	0.001	143	284	0	0	0	284	0	0	286
1	1	A	40000	99857	0.142998	0.001	143	142	0	0	0	142	0	0	143
1	1	B	40000	99857	0.142998	0.001	143	142	0	0	0	142	0	0	143
1	2	G	40000	100000	0	0	0	0	0	0	0	0	0	0	2
1	2	A	40000	100000	0	0	0	0	0	0	0	0	0	0	1
1	2	B	40000	100000	0	0	0	0	0	0	0	0	0	0	1
1	3	G	40000	83988	16.012	5.3345	16012	16631	0	0	0	16546	52	33	16633
1	3	A	40000	87104	12.896	5.076	12896	7820	0	0	0	7741	47	32	7821
1	3	B	40000	85596	14.404	5.593	14404	8811	0	0	0	8805	5	1	8812
1	4	G	40000	997	99.003	94.768	99003	5411	411	6	0	3323	1301	370	4901
1	4	A	40000	3142	96.858	93.68	96858	3178	100	0	0	1900	1027	151	3014
1	4	B	40000	1911	98.089	95.856	98089	2233	311	6	0	1423	274	219	1887
1	4	cSpy was 39 spamed and the readout avoided!
1	5	G	40000	90177	9.823	1.7275	9823	10205	0	0	0	9521	679	5	10207
1	5	A	40000	93899	6.101	1.047	6101	5054	0	0	0	4807	242	5	5055
1	5	B	40000	92441	7.559	2.408	7559	5151	0	0	0	4714	437	0	5152
1	6	G	40000	100000	0	0	0	0	0	0	0	0	0	0	2
1	6	A	40000	100000	0	0	0	0	0	0	0	0	0	0	1
1	6	B	40000	100000	0	0	0	0	0	0	0	0	0	0	1
1	7	G	40000	99894	0.106001	0.001	106	210	0	0	0	210	0	0	212
1	7	A	40000	99894	0.106001	0.001	106	105	0	0	0	105	0	0	106
1	7	B	40000	99894	0.106001	0.001	106	105	0	0	0	105	0	0	106
2	0	G	40000	2476	97.524	48.153	97524	3981	42	1	0	3746	108	84	3894
2	0	A	40000	2521	97.479	94.928	97479	2551	42	1	0	2316	108	84	2463
2	0	B	40000	97192	2.808	1.378	2808	1430	0	0	0	1430	0	0	1431
2	1	G	40000	98195	1.805	0.6055	1805	2038	0	0	0	2027	4	7	2040
2	1	A	40000	98438	1.562	0.589	1562	973	0	0	0	962	4	7	974
2	1	B	40000	98313	1.687	0.622	1687	1065	0	0	0	1065	0	0	1066
2	2	G	40000	26913	73.087	51.011	73087	27157	653	0	0	24631	1222	651	26571
2	2	A	40000	38619	61.381	49.129	61381	12252	363	0	0	10917	528	444	11889
2	2	B	40000	32202	67.798	52.893	67798	14905	290	0	0	13714	694	207	14682
2	2	cSpy was 2 spamed and the readout avoided!
2	3	G	40000	6706	93.294	65.998	93294	32790	161	16	2	27994	4325	293	32520
2	3	A	40000	22114	77.886	56.761	77886	21125	42	1	0	17653	3252	177	20999
2	3	B	40000	13100	86.9	75.235	86900	11665	119	15	2	10341	1073	116	11521
2	3	cSpy was 7 spamed and the readout avoided!
2	4	G	40000	100000	0	0	0	0	0	0	0	0	0	0	2
2	4	A	40000	100000	0	0	0	0	0	0	0	0	0	0	1
2	4	B	40000	100000	0	0	0	0	0	0	0	0	0	0	1
2	5	G	40000	100000	0	0	0	0	0	0	0	0	0	0	2
2	5	A	40000	100000	0	0	0	0	0	0	0	0	0	0	1
2	5	B	40000	100000	0	0	0	0	0	0	0	0	0	0	1
2	6	G	40000	29967	70.033	48.3815	70033	25783	406	1	0	23720	1079	577	25465
2	6	A	40000	42216	57.784	46.406	57784	11378	229	1	0	9949	748	451	11152
2	6	B	40000	35238	64.762	50.357	64762	14405	177	0	0	13771	331	126	14313
2	7	G	40000	0	100	100	100000	200000	200000	200000	200000	200000	200000	200000	200002
2	7	A	40000	0	100	100	100000	100000	100000	100000	100000	100000	100000	100000	100001
2	7	B	40000	0	100	100	100000	100000	100000	100000	100000	100000	100000	100000	100001
3	0	G	40000	1099	98.901	73.7635	98901	16013	316	3	0	14690	333	671	15404
3	0	A	40000	1613	98.387	96.229	98387	2158	238	0	0	1270	24	626	1598
3	0	B	40000	34847	65.153	51.298	65153	13855	78	3	0	13420	309	45	13806
3	0	cSpy was 21 spamed and the readout avoided!
3	1	G	40000	0	100	100	100000	200000	200000	200000	200000	200000	200000	200000	200002
3	1	A	40000	0	100	100	100000	100000	100000	100000	100000	100000	100000	100000	100001
3	1	B	40000	0	100	100	100000	100000	100000	100000	100000	100000	100000	100000	100001
3	2	G	40000	99977	0.0230014	0	23	46	0	0	0	46	0	0	48
3	2	A	40000	99977	0.0230014	0	23	23	0	0	0	23	0	0	24
3	2	B	40000	99977	0.0230014	0	23	23	0	0	0	23	0	0	24
3	3	G	40000	100000	0	0	0	0	0	0	0	0	0	0	2
3	3	A	40000	100000	0	0	0	0	0	0	0	0	0	0	1
3	3	B	40000	100000	0	0	0	0	0	0	0	0	0	0	1
3	4	G	40000	70916	29.084	11.344	29084	28537	10	0	0	28420	88	19	28531
3	4	A	40000	74548	25.452	11.047	25452	14405	5	0	0	14350	31	19	14400
3	4	B	40000	74227	25.773	11.641	25773	14132	5	0	0	14070	57	0	14131
3	5	G	40000	0	100	100	100000	200000	200000	200000	200000	200000	200000	200000	200002
3	5	A	40000	0	100	100	100000	100000	100000	100000	100000	100000	100000	100000	100001
3	5	B	40000	0	100	100	100000	100000	100000	100000	100000	100000	100000	100000	100001
3	6	G	40000	84767	15.233	3.451	15233	21929	9	6	0	21189	718	7	21927
3	6	A	40000	85163	14.837	3.441	14837	11396	1	0	0	10700	692	3	11397
3	6	B	40000	86006	13.994	3.461	13994	10533	8	6	0	10489	26	4	10530
3	6	cSpy was 2 spamed and the readout avoided!
3	7	G	40000	100000	0	0	0	0	0	0	0	0	0	0	2
3	7	A	40000	100000	0	0	0	0	0	0	0	0	0	0	1
3	7	B	40000	100000	0	0	0	0	0	0	0	0	0	0	1
4	0	G	40000	0	100	100	100000	200000	200000	200000	200000	200000	200000	200000	200002
4	0	A	40000	0	100	100	100000	100000	100000	100000	100000	100000	100000	100000	100001
4	0	B	40000	0	100	100	100000	100000	100000	100000	100000	100000	100000	100000	100001
4	1	G	40000	100000	0	0	0	0	0	0	0	0	0	0	2
4	1	A	40000	100000	0	0	0	0	0	0	0	0	0	0	1
4	1	B	40000	100000	0	0	0	0	0	0	0	0	0	0	1
4	2	G	40000	99998	0.00200272	0	2	4	0	0	0	4	0	0	6
4	2	A	40000	99998	0.00200272	0	2	2	0	0	0	2	0	0	3
4	2	B	40000	99998	0.00200272	0	2	2	0	0	0	2	0	0	3
4	3	G	40000	22194	77.806	55.6105	77806	34780	705	0	0	33439	106	530	33854
4	3	A	40000	26724	73.276	55.879	73276	17397	346	0	0	16665	0	386	16766
4	3	B	40000	27275	72.725	55.342	72725	17383	359	0	0	16774	106	144	17088
4	3	cSpy was 7 spamed and the readout avoided!
4	4	G	40000	11419	88.581	58.39	88581	39675	62	12	0	35752	3507	342	39479
4	4	A	40000	21574	78.426	58.69	78426	19736	29	7	0	17382	1992	326	19566
4	4	B	40000	21971	78.029	58.09	78029	19939	33	5	0	18370	1515	16	19913
4	4	cSpy was 20 spamed and the readout avoided!
4	5	G	40000	100000	0	0	0	0	0	0	0	0	0	0	2
4	5	A	40000	100000	0	0	0	0	0	0	0	0	0	0	1
4	5	B	40000	100000	0	0	0	0	0	0	0	0	0	0	1
4	6	G	40000	100000	0	0	0	0	0	0	0	0	0	0	2
4	6	A	40000	100000	0	0	0	0	0	0	0	0	0	0	1
4	6	B	40000	100000	0	0	0	0	0	0	0	0	0	0	1
4	7	G	40000	23929	76.071	52.6805	76071	36638	355	0	0	35974	12	297	36195
4	7	A	40000	28892	71.108	52.82	71108	18288	169	0	0	17893	1	225	17984
4	7	B	40000	29109	70.891	52.541	70891	18350	186	0	0	18081	11	72	18211
4	7	cSpy was 7 spamed and the readout avoided!
5	0	G	40000	518	99.482	56.5015	99482	14516	142	0	0	13412	113	849	13950
5	0	A	40000	616	99.384	98.202	99384	1182	142	0	0	85	107	848	616
5	0	B	40000	71865	28.135	14.801	28135	13334	0	0	0	13327	6	1	13334
5	0	cSpy was 57 spamed and the readout avoided!
5	1	G	40000	28142	71.858	47.216	71858	38142	228	1	0	37693	4	216	37890
5	1	A	40000	33659	66.341	47.317	66341	19024	112	1	0	18725	3	183	18829
5	1	B	40000	33767	66.233	47.115	66233	19118	116	0	0	18968	1	33	19061
5	1	cSpy was 6 spamed and the readout avoided!
5	2	G	40000	60	99.94	98.123	99940	2334	83	1	0	1087	86	1077	1406
5	2	A	40000	144	99.856	98.948	99856	908	3	0	0	11	0	894	144
5	2	B	40000	1276	98.724	97.298	98724	1426	80	1	0	1076	86	183	1262
5	2	cSpy was 52 spamed and the readout avoided!
5	3	G	40000	99653	0.347	0	347	694	0	0	0	694	0	0	696
5	3	A	40000	99653	0.347	0	347	347	0	0	0	347	0	0	348
5	3	B	40000	99653	0.347	0	347	347	0	0	0	347	0	0	348
5	4	G	40000	100000	0	0	0	0	0	0	0	0	0	0	2
5	4	A	40000	100000	0	0	0	0	0	0	0	0	0	0	1
5	4	B	40000	100000	0	0	0	0	0	0	0	0	0	0	1
5	5	G	40000	80082	19.918	6.657	19918	21428	2	0	0	21404	2	20	21426
5	5	A	40000	82526	17.474	6.895	17474	10579	2	0	0	10555	2	20	10576
5	5	B	40000	82732	17.268	6.419	17268	10849	0	0	0	10849	0	0	10850
5	6	G	40000	0	100	100	100000	200000	200000	200000	200000	200000	200000	200000	200002
5	6	A	40000	0	100	100	100000	100000	100000	100000	100000	100000	100000	100000	100001
5	6	B	40000	0	100	100	100000	100000	100000	100000	100000	100000	100000	100000	100001
5	7	G	40000	54091	45.909	9.7695	45909	48786	9	1	0	43901	4790	85	48756
5	7	A	40000	64245	35.755	10.333	35755	25422	9	1	0	21888	3439	85	25391
5	7	B	40000	67430	32.57	9.206	32570	23364	0	0	0	22013	1351	0	23365
5	7	cSpy was 1 spamed and the readout avoided!
6	0	G	40000	551	99.449	95.688	99449	4615	294	4	1	2402	1209	705	4001
6	0	A	40000	1262	98.738	96.957	98738	1781	164	2	0	152	791	672	1262
6	0	B	40000	2747	97.253	94.419	97253	2834	130	2	1	2250	418	33	2739
6	0	cSpy was 42 spamed and the readout avoided!
6	1	G	40000	16261	83.739	39.859	83739	56944	0	0	0	50702	5981	261	56822
6	1	A	40000	30129	69.871	42.698	69871	27173	0	0	0	23518	3397	258	27051
6	1	B	40000	33209	66.791	37.02	66791	29771	0	0	0	27184	2584	3	29771
6	1	cSpy was 6 spamed and the readout avoided!
6	2	G	40000	100000	0	0	0	0	0	0	0	0	0	0	2
6	2	A	40000	100000	0	0	0	0	0	0	0	0	0	0	1
6	2	B	40000	100000	0	0	0	0	0	0	0	0	0	0	1
6	3	G	40000	100000	0	0	0	0	0	0	0	0	0	0	2
6	3	A	40000	100000	0	0	0	0	0	0	0	0	0	0	1
6	3	B	40000	100000	0	0	0	0	0	0	0	0	0	0	1
6	4	G	40000	19686	80.314	59.0595	80314	33986	811	0	0	32434	138	603	32910
6	4	A	40000	23631	76.369	59.354	76369	17015	396	0	0	16186	2	431	16291
6	4	B	40000	24264	75.736	58.765	75736	16971	415	0	0	16248	136	172	16619
6	4	cSpy was 10 spamed and the readout avoided!
6	5	G	40000	5567	94.433	82.038	94433	16195	202	6	0	14142	1059	786	15658
6	5	A	40000	9415	90.585	82.798	90585	7787	27	0	0	6609	478	673	7413
6	5	B	40000	10314	89.686	81.278	89686	8408	175	6	0	7533	581	113	8245
6	5	cSpy was 66 spamed and the readout avoided!
6	6	G	40000	100000	0	0	0	0	0	0	0	0	0	0	2
6	6	A	40000	100000	0	0	0	0	0	0	0	0	0	0	1
6	6	B	40000	100000	0	0	0	0	0	0	0	0	0	0	1
6	7	G	40000	100000	0	0	0	0	0	0	0	0	0	0	2
6	7	A	40000	100000	0	0	0	0	0	0	0	0	0	0	1
6	7	B	40000	100000	0	0	0	0	0	0	0	0	0	0	1
7	0	G	40000	2172	97.828	47.831	97828	3515	202	0	0	2734	68	511	3061
7	0	A	40000	2192	97.808	95.193	97808	2615	202	0	0	1834	68	511	2160
7	0	B	40000	98631	1.369	0.469	1369	900	0	0	0	900	0	0	901
7	1	G	40000	100000	0	0	0	0	0	0	0	0	0	0	2
7	1	A	40000	100000	0	0	0	0	0	0	0	0	0	0	1
7	1	B	40000	100000	0	0	0	0	0	0	0	0	0	0	1
7	2	G	40000	92730	7.27	1.3815	7270	9153	4	2	0	9098	37	12	9154
7	2	A	40000	93858	6.142	1.558	6142	4584	4	2	0	4532	34	12	4584
7	2	B	40000	94226	5.774	1.205	5774	4569	0	0	0	4566	3	0	4570
7	2	cSpy was 1 spamed and the readout avoided!
7	3	G	40000	0	100	100	100000	200000	200000	200000	200000	200000	200000	200000	200002
7	3	A	40000	0	100	100	100000	100000	100000	100000	100000	100000	100000	100000	100001
7	3	B	40000	0	100	100	100000	100000	100000	100000	100000	100000	100000	100000	100001
7	4	G	40000	92991	7.009	0.519	7009	12442	0	0	0	12014	425	3	12444
7	4	A	40000	93042	6.958	0.519	6958	6439	0	0	0	6058	378	3	6440
7	4	B	40000	93478	6.522	0.519	6522	6003	0	0	0	5956	47	0	6004
7	5	G	40000	100000	0	0	0	0	0	0	0	0	0	0	2
7	5	A	40000	100000	0	0	0	0	0	0	0	0	0	0	1
7	5	B	40000	100000	0	0	0	0	0	0	0	0	0	0	1
7	6	G	40000	98859	1.141	0.2885	1141	1158	1	0	0	1151	5	1	1160
7	6	A	40000	99106	0.893998	0.319	894	575	1	0	0	572	1	1	576
7	6	B	40000	99159	0.840998	0.258	841	583	0	0	0	579	4	0	584
7	7	G	40000	37509	62.491	32.867	62491	43931	10	0	0	42097	1626	198	43847
7	7	A	40000	44592	55.408	33.417	55408	21991	4	0	0	21065	725	197	21908
7	7	B	40000	45743	54.257	32.317	54257	21940	6	0	0	21032	901	1	21939
7	7	cSpy was 8 spamed and the readout avoided!
