#the gain was set to: 2	the bias was set to: 30
#Sent triggers per delay setting: 100000	and with a frequency [Hz] of: 40000
#160MHz delay setting	400MHz delay setting	Frequency	correct transmitted H+T		error rate [%]	uncertainty [%]	bad or missed events	error count	missing headers	missing trailers	flipped H/T	event nr errors	tbm missed trigger	unknown errors	event nr resets
0	0	G	40000	422	99.578	72.063	99578	19370	117	0	0	18329	345	579	18872
0	0	A	40000	647	99.353	98.228	99353	1125	92	0	0	197	277	559	647
0	0	B	40000	35857	64.143	45.898	64143	18245	25	0	0	18132	68	20	18225
0	0	cSpy was 33 spamed and the readout avoided!
0	1	G	40000	26213	73.787	54.4535	73787	25962	693	0	0	24496	0	773	25324
0	1	A	40000	35241	64.759	54.047	64759	10712	330	0	0	9879	0	503	10380
0	1	B	40000	29890	70.11	54.86	70110	15250	363	0	0	14617	0	270	14944
0	2	G	40000	6195	93.805	73.891	93805	25505	48	1	0	21754	3457	245	25355
0	2	A	40000	14258	85.742	72.269	85742	13473	21	1	0	11060	2161	230	13340
0	2	B	40000	12455	87.545	75.513	87545	12032	27	0	0	10694	1296	15	12015
0	2	cSpy was 1 spamed and the readout avoided!
0	3	G	40000	100000	0	0	0	0	0	0	0	0	0	0	2
0	3	A	40000	100000	0	0	0	0	0	0	0	0	0	0	1
0	3	B	40000	100000	0	0	0	0	0	0	0	0	0	0	1
0	4	G	40000	100000	0	0	0	0	0	0	0	0	0	0	2
0	4	A	40000	100000	0	0	0	0	0	0	0	0	0	0	1
0	4	B	40000	100000	0	0	0	0	0	0	0	0	0	0	1
0	5	G	40000	41688	58.312	41.313	58312	21816	206	0	0	21119	6	485	21639
0	5	A	40000	50021	49.979	40.742	49979	9237	110	0	0	8735	3	389	9120
0	5	B	40000	45537	54.463	41.884	54463	12579	96	0	0	12384	3	96	12519
0	6	G	40000	2702	97.298	86.1895	97298	13759	163	5	0	11046	2168	377	13426
0	6	A	40000	5194	94.806	89.566	94806	5240	102	0	0	3807	986	345	4968
0	6	B	40000	8668	91.332	82.813	91332	8519	61	5	0	7239	1182	32	8458
0	6	cSpy was 12 spamed and the readout avoided!
0	7	G	40000	99888	0.111997	0.04	112	144	0	0	0	144	0	0	146
0	7	A	40000	99888	0.111997	0.04	112	72	0	0	0	72	0	0	73
0	7	B	40000	99888	0.111997	0.04	112	72	0	0	0	72	0	0	73
1	0	G	40000	340	99.66	97.248	99660	2913	202	0	0	2168	197	346	2551
1	0	A	40000	1888	98.112	95.947	98112	2165	186	0	0	1542	140	297	1850
1	0	B	40000	703	99.297	98.549	99297	748	16	0	0	626	57	49	701
1	0	cSpy was 23 spamed and the readout avoided!
1	1	G	40000	99877	0.123	0.039	123	168	0	0	0	168	0	0	170
1	1	A	40000	99877	0.123	0.039	123	84	0	0	0	84	0	0	85
1	1	B	40000	99877	0.123	0.039	123	84	0	0	0	84	0	0	85
1	2	G	40000	100000	0	0	0	0	0	0	0	0	0	0	2
1	2	A	40000	100000	0	0	0	0	0	0	0	0	0	0	1
1	2	B	40000	100000	0	0	0	0	0	0	0	0	0	0	1
1	3	G	40000	84220	15.78	4.8055	15780	15045	0	0	0	14823	190	32	15043
1	3	A	40000	88389	11.611	4.268	11611	7343	0	0	0	7173	138	32	7341
1	3	B	40000	86955	13.045	5.343	13045	7702	0	0	0	7650	52	0	7702
1	4	G	40000	842	99.158	94.865	99158	5270	314	4	0	3044	1614	294	4861
1	4	A	40000	3290	96.71	93.383	96710	3327	98	0	0	1827	1274	128	3170
1	4	B	40000	1710	98.29	96.347	98290	1943	216	4	0	1217	340	166	1691
1	4	cSpy was 55 spamed and the readout avoided!
1	5	G	40000	94394	5.606	0.9325	5606	7092	0	0	0	6883	209	0	7094
1	5	A	40000	95811	4.189	0.673	4189	3516	0	0	0	3447	69	0	3517
1	5	B	40000	95232	4.768	1.192	4768	3576	0	0	0	3436	140	0	3577
1	6	G	40000	100000	0	0	0	0	0	0	0	0	0	0	2
1	6	A	40000	100000	0	0	0	0	0	0	0	0	0	0	1
1	6	B	40000	100000	0	0	0	0	0	0	0	0	0	0	1
1	7	G	40000	99546	0.454003	0.147	454	432	0	0	0	427	4	1	434
1	7	A	40000	99658	0.342	0.133	342	209	0	0	0	204	4	1	210
1	7	B	40000	99616	0.384003	0.161	384	223	0	0	0	223	0	0	224
2	0	G	40000	2534	97.466	48.114	97466	4063	45	1	0	3833	107	77	3981
2	0	A	40000	2572	97.428	94.83	97428	2598	45	1	0	2368	107	77	2515
2	0	B	40000	97137	2.863	1.398	2863	1465	0	0	0	1465	0	0	1466
2	0	cSpy was 1 spamed and the readout avoided!
2	1	G	40000	95874	4.126	1.633	4126	3534	0	0	0	3512	14	8	3535
2	1	A	40000	96779	3.221	1.561	3221	1660	0	0	0	1639	13	8	1660
2	1	B	40000	96421	3.579	1.705	3579	1874	0	0	0	1873	1	0	1875
2	2	G	40000	25748	74.252	51.5625	74252	28114	644	0	0	25592	1205	673	27477
2	2	A	40000	37251	62.749	49.719	62749	13030	362	0	0	11764	453	451	12641
2	2	B	40000	31510	68.49	53.406	68490	15084	282	0	0	13828	752	222	14836
2	2	cSpy was 1 spamed and the readout avoided!
2	3	G	40000	7993	92.007	62.643	92007	35422	106	0	0	31358	3849	109	35299
2	3	A	40000	24231	75.769	53.165	75769	22604	8	0	0	19501	3048	47	22572
2	3	B	40000	15061	84.939	72.121	84939	12818	98	0	0	11857	801	62	12727
2	4	G	40000	100000	0	0	0	0	0	0	0	0	0	0	2
2	4	A	40000	100000	0	0	0	0	0	0	0	0	0	0	1
2	4	B	40000	100000	0	0	0	0	0	0	0	0	0	0	1
2	5	G	40000	100000	0	0	0	0	0	0	0	0	0	0	2
2	5	A	40000	100000	0	0	0	0	0	0	0	0	0	0	1
2	5	B	40000	100000	0	0	0	0	0	0	0	0	0	0	1
2	6	G	40000	27543	72.457	50.7155	72457	25996	519	1	0	23662	1201	613	25598
2	6	A	40000	39828	60.172	48.72	60172	11452	300	1	0	9909	776	466	11165
2	6	B	40000	32745	67.255	52.711	67255	14544	219	0	0	13753	425	147	14433
2	7	G	40000	1453	98.547	91.426	98547	8644	340	3	0	7042	811	448	8176
2	7	A	40000	5460	94.54	89.195	94540	5345	23	0	0	4449	598	275	5179
2	7	B	40000	3044	96.956	93.657	96956	3299	317	3	0	2593	213	173	2997
2	7	cSpy was 84 spamed and the readout avoided!
3	0	G	40000	1020	98.98	74.4595	98980	15131	281	2	0	13902	276	670	14538
3	0	A	40000	1515	98.485	96.437	98485	2048	209	0	0	1180	22	637	1498
3	0	B	40000	34435	65.565	52.482	65565	13083	72	2	0	12722	254	33	13040
3	0	cSpy was 12 spamed and the readout avoided!
3	1	G	40000	0	100	100	100000	200000	200000	200000	200000	200000	200000	200000	200002
3	1	A	40000	0	100	100	100000	100000	100000	100000	100000	100000	100000	100000	100001
3	1	B	40000	0	100	100	100000	100000	100000	100000	100000	100000	100000	100000	100001
3	2	G	40000	99996	0.00399947	0	4	8	0	0	0	8	0	0	10
3	2	A	40000	99996	0.00399947	0	4	4	0	0	0	4	0	0	5
3	2	B	40000	99996	0.00399947	0	4	4	0	0	0	4	0	0	5
3	3	G	40000	100000	0	0	0	0	0	0	0	0	0	0	2
3	3	A	40000	100000	0	0	0	0	0	0	0	0	0	0	1
3	3	B	40000	100000	0	0	0	0	0	0	0	0	0	0	1
3	4	G	40000	85178	14.822	3.751	14822	19210	0	0	0	19181	24	5	19212
3	4	A	40000	86745	13.255	3.578	13255	9677	0	0	0	9649	23	5	9678
3	4	B	40000	86543	13.457	3.924	13457	9533	0	0	0	9532	1	0	9534
3	5	G	40000	0	100	100	100000	200000	200000	200000	200000	200000	200000	200000	200002
3	5	A	40000	0	100	100	100000	100000	100000	100000	100000	100000	100000	100000	100001
3	5	B	40000	0	100	100	100000	100000	100000	100000	100000	100000	100000	100000	100001
3	6	G	40000	89512	10.488	1.9375	10488	16420	3	1	0	16106	307	3	16420
3	6	A	40000	89639	10.361	1.935	10361	8426	1	0	0	8125	297	3	8427
3	6	B	40000	90066	9.934	1.94	9934	7994	2	1	0	7981	10	0	7993
3	6	cSpy was 1 spamed and the readout avoided!
3	7	G	40000	100000	0	0	0	0	0	0	0	0	0	0	2
3	7	A	40000	100000	0	0	0	0	0	0	0	0	0	0	1
3	7	B	40000	100000	0	0	0	0	0	0	0	0	0	0	1
4	0	G	40000	941	99.059	52.117	99059	20590	220	2	0	19095	718	555	20053
4	0	A	40000	1159	98.841	97.148	98841	1693	218	0	0	596	324	555	1156
4	0	B	40000	74017	25.983	7.086	25983	18897	2	2	0	18499	394	0	18897
4	0	cSpy was 7 spamed and the readout avoided!
4	1	G	40000	100000	0	0	0	0	0	0	0	0	0	0	2
4	1	A	40000	100000	0	0	0	0	0	0	0	0	0	0	1
4	1	B	40000	100000	0	0	0	0	0	0	0	0	0	0	1
4	2	G	40000	92621	7.379	3.71	7379	5452	2	0	0	5438	2	10	5452
4	2	A	40000	93572	6.428	3.75	6428	2678	1	0	0	2665	2	10	2677
4	2	B	40000	93556	6.444	3.67	6444	2774	1	0	0	2773	0	0	2775
4	3	G	40000	0	100	100	100000	200000	200000	200000	200000	200000	200000	200000	200002
4	3	A	40000	0	100	100	100000	100000	100000	100000	100000	100000	100000	100000	100001
4	3	B	40000	0	100	100	100000	100000	100000	100000	100000	100000	100000	100000	100001
4	4	G	40000	15682	84.318	48.1475	84318	47401	25	2	0	42629	4524	221	47278
4	4	A	40000	28164	71.836	48.332	71836	23504	13	1	0	20416	2858	216	23394
4	4	B	40000	28140	71.86	47.963	71860	23897	12	1	0	22213	1666	5	23884
4	4	cSpy was 14 spamed and the readout avoided!
4	5	G	40000	100000	0	0	0	0	0	0	0	0	0	0	2
4	5	A	40000	100000	0	0	0	0	0	0	0	0	0	0	1
4	5	B	40000	100000	0	0	0	0	0	0	0	0	0	0	1
4	6	G	40000	100000	0	0	0	0	0	0	0	0	0	0	2
4	6	A	40000	100000	0	0	0	0	0	0	0	0	0	0	1
4	6	B	40000	100000	0	0	0	0	0	0	0	0	0	0	1
4	7	G	40000	21081	78.919	56.5885	78919	35482	559	0	0	34398	63	462	34723
4	7	A	40000	25485	74.515	56.772	74515	17743	272	0	0	17144	1	326	17234
4	7	B	40000	25856	74.144	56.405	74144	17739	287	0	0	17254	62	136	17489
4	7	cSpy was 9 spamed and the readout avoided!
5	0	G	40000	495	99.505	56.7155	99505	14789	147	0	0	13688	111	843	14225
5	0	A	40000	611	99.389	98.214	99389	1175	147	0	0	90	97	841	610
5	0	B	40000	71169	28.831	15.217	28831	13614	0	0	0	13598	14	2	13615
5	0	cSpy was 57 spamed and the readout avoided!
5	1	G	40000	40109	59.891	34.569	59891	38987	85	0	0	38759	8	135	38904
5	1	A	40000	45996	54.004	34.709	54004	19295	43	0	0	19122	8	122	19220
5	1	B	40000	45879	54.121	34.429	54121	19692	42	0	0	19637	0	13	19684
5	1	cSpy was 5 spamed and the readout avoided!
5	2	G	40000	83	99.917	97.84	99917	2521	162	3	0	1381	99	876	1786
5	2	A	40000	224	99.776	99.004	99776	772	6	0	0	42	5	719	223
5	2	B	40000	1575	98.425	96.676	98425	1749	156	3	0	1339	94	157	1563
5	2	cSpy was 97 spamed and the readout avoided!
5	3	G	40000	99919	0.0810027	0	81	162	0	0	0	162	0	0	164
5	3	A	40000	99919	0.0810027	0	81	81	0	0	0	81	0	0	82
5	3	B	40000	99919	0.0810027	0	81	81	0	0	0	81	0	0	82
5	4	G	40000	100000	0	0	0	0	0	0	0	0	0	0	2
5	4	A	40000	100000	0	0	0	0	0	0	0	0	0	0	1
5	4	B	40000	100000	0	0	0	0	0	0	0	0	0	0	1
5	5	G	40000	91080	8.92	1.8225	8920	12516	0	0	0	12512	2	2	12518
5	5	A	40000	91849	8.151	1.938	8151	6213	0	0	0	6209	2	2	6214
5	5	B	40000	91990	8.01	1.707	8010	6303	0	0	0	6303	0	0	6304
5	6	G	40000	4	99.996	98.233	99996	1905	155	0	0	527	981	242	1629
5	6	A	40000	10	99.99	99.865	99990	125	0	0	0	0	0	125	10
5	6	B	40000	1619	98.381	96.601	98381	1780	155	0	0	527	981	117	1619
5	6	cSpy was 29 spamed and the readout avoided!
5	7	G	40000	59862	40.138	8.935	40138	46061	1	1	0	41478	4493	88	46037
5	7	A	40000	65977	34.023	9.209	34023	24814	1	1	0	21204	3520	88	24790
5	7	B	40000	70092	29.908	8.661	29908	21247	0	0	0	20274	973	0	21247
6	0	G	40000	638	99.362	95.0125	99362	5302	273	4	0	2813	1410	802	4656
6	0	A	40000	1417	98.583	96.622	98583	1961	150	3	0	175	874	759	1417
6	0	B	40000	3256	96.744	93.403	96744	3341	123	1	0	2638	536	43	3239
6	0	cSpy was 54 spamed and the readout avoided!
6	1	G	40000	20407	79.593	27.9415	79593	66651	1	0	0	59170	7271	209	66559
6	1	A	40000	37086	62.914	31.027	62914	31887	1	0	0	27420	4258	208	31796
6	1	B	40000	40380	59.62	24.856	59620	34764	0	0	0	31750	3013	1	34763
6	1	cSpy was 6 spamed and the readout avoided!
6	2	G	40000	100000	0	0	0	0	0	0	0	0	0	0	2
6	2	A	40000	100000	0	0	0	0	0	0	0	0	0	0	1
6	2	B	40000	100000	0	0	0	0	0	0	0	0	0	0	1
6	3	G	40000	100000	0	0	0	0	0	0	0	0	0	0	2
6	3	A	40000	100000	0	0	0	0	0	0	0	0	0	0	1
6	3	B	40000	100000	0	0	0	0	0	0	0	0	0	0	1
6	4	G	40000	19471	80.529	59.063	80529	34005	802	2	0	32456	146	599	32931
6	4	A	40000	23624	76.376	59.368	76376	17008	392	1	0	16187	1	427	16291
6	4	B	40000	24245	75.755	58.758	75755	16997	410	1	0	16269	145	172	16640
6	4	cSpy was 32 spamed and the readout avoided!
6	5	G	40000	8809	91.191	77.8265	91191	17402	123	6	0	15157	1243	873	16787
6	5	A	40000	12647	87.353	79.256	87353	8097	4	1	0	6804	541	747	7623
6	5	B	40000	14298	85.702	76.397	85702	9305	119	5	0	8353	702	126	9164
6	5	cSpy was 57 spamed and the readout avoided!
6	6	G	40000	100000	0	0	0	0	0	0	0	0	0	0	2
6	6	A	40000	100000	0	0	0	0	0	0	0	0	0	0	1
6	6	B	40000	100000	0	0	0	0	0	0	0	0	0	0	1
6	7	G	40000	100000	0	0	0	0	0	0	0	0	0	0	2
6	7	A	40000	100000	0	0	0	0	0	0	0	0	0	0	1
6	7	B	40000	100000	0	0	0	0	0	0	0	0	0	0	1
7	0	G	40000	2081	97.919	47.885	97919	5130	221	0	0	4304	58	547	4639
7	0	A	40000	2143	97.857	95.249	97857	2608	221	0	0	1783	57	547	2116
7	0	B	40000	96957	3.043	0.521	3043	2522	0	0	0	2521	1	0	2523
7	0	cSpy was 2 spamed and the readout avoided!
7	1	G	40000	100000	0	0	0	0	0	0	0	0	0	0	2
7	1	A	40000	100000	0	0	0	0	0	0	0	0	0	0	1
7	1	B	40000	100000	0	0	0	0	0	0	0	0	0	0	1
7	2	G	40000	91121	8.879	1.6225	8879	11669	0	0	0	11599	57	13	11667
7	2	A	40000	92344	7.656	1.8	7656	5856	0	0	0	5795	48	13	5853
7	2	B	40000	92742	7.258	1.445	7258	5813	0	0	0	5804	9	0	5814
7	3	G	40000	10	99.99	99.397	99990	748	20	0	0	31	340	357	452
7	3	A	40000	24	99.976	99.795	99976	181	0	0	0	4	1	176	24
7	3	B	40000	434	99.566	98.999	99566	567	20	0	0	27	339	181	428
7	3	cSpy was 92 spamed and the readout avoided!
7	4	G	40000	72905	27.095	23.6245	27095	6445	24	0	0	6011	143	267	6229
7	4	A	40000	72961	27.039	23.835	27039	3204	0	0	0	2879	98	227	3031
7	4	B	40000	73345	26.655	23.414	26655	3241	24	0	0	3132	45	40	3198
7	4	cSpy was 18 spamed and the readout avoided!
7	5	G	40000	100000	0	0	0	0	0	0	0	0	0	0	2
7	5	A	40000	100000	0	0	0	0	0	0	0	0	0	0	1
7	5	B	40000	100000	0	0	0	0	0	0	0	0	0	0	1
7	6	G	40000	99594	0.405997	0.006	406	798	0	0	0	796	2	0	800
7	6	A	40000	99594	0.405997	0.007	406	399	0	0	0	397	2	0	400
7	6	B	40000	99596	0.404	0.005	404	399	0	0	0	399	0	0	400
7	7	G	40000	31168	68.832	40.0125	68832	40423	24	9	0	38498	1655	237	40305
7	7	A	40000	39006	60.994	40.934	60994	20060	10	9	0	19037	769	235	19949
7	7	B	40000	40546	59.454	39.091	59454	20363	14	0	0	19461	886	2	20356
7	7	cSpy was 5 spamed and the readout avoided!
