#the gain was set to: 2	the bias was set to: 30
#Sent triggers per delay setting: 100000	and with a frequency [Hz] of: 40000
#160MHz delay setting	400MHz delay setting	Frequency	correct transmitted H+T		error rate [%]	uncertainty [%]	bad or missed events	error count	missing headers	missing trailers	flipped H/T	event nr errors	tbm missed trigger	unknown errors	event nr resets
0	0	G	40000	393	99.607	74.8875	99607	18640	100	0	0	17579	306	655	18085
0	0	A	40000	584	99.416	98.287	99416	1129	79	0	0	169	235	646	584
0	0	B	40000	31001	68.999	51.488	68999	17511	21	0	0	17410	71	9	17501
0	0	cSpy was 27 spamed and the readout avoided!
0	1	G	40000	32132	67.868	49.512	67868	24776	477	0	0	23180	526	593	24378
0	1	A	40000	40384	59.616	49.035	59616	10581	247	0	0	9901	2	431	10336
0	1	B	40000	35816	64.184	49.989	64184	14195	230	0	0	13279	524	162	14042
0	2	G	40000	6269	93.731	73.6735	93731	25838	54	3	0	22202	3359	220	25700
0	2	A	40000	14848	85.152	70.924	85152	14228	10	1	0	11787	2233	197	14123
0	2	B	40000	11967	88.033	76.423	88033	11610	44	2	0	10415	1126	23	11577
0	2	cSpy was 5 spamed and the readout avoided!
0	3	G	40000	100000	0	0	0	0	0	0	0	0	0	0	2
0	3	A	40000	100000	0	0	0	0	0	0	0	0	0	0	1
0	3	B	40000	100000	0	0	0	0	0	0	0	0	0	0	1
0	4	G	40000	100000	0	0	0	0	0	0	0	0	0	0	2
0	4	A	40000	100000	0	0	0	0	0	0	0	0	0	0	1
0	4	B	40000	100000	0	0	0	0	0	0	0	0	0	0	1
0	5	G	40000	34544	65.456	44.744	65456	27879	58	0	0	27235	187	399	27809
0	5	A	40000	43531	56.469	44.194	56469	12275	35	0	0	11829	30	381	12213
0	5	B	40000	39102	60.898	45.294	60898	15604	23	0	0	15406	157	18	15596
0	6	G	40000	2355	97.645	87.479	97645	12434	172	4	0	9994	1763	501	11999
0	6	A	40000	5533	94.467	89.02	94467	5447	75	0	0	4063	993	316	5197
0	6	B	40000	7075	92.925	85.938	92925	6987	97	4	0	5931	770	185	6802
0	6	cSpy was 39 spamed and the readout avoided!
0	7	G	40000	99779	0.221002	0.004	221	434	0	0	0	434	0	0	436
0	7	A	40000	99779	0.221002	0.004	221	217	0	0	0	217	0	0	218
0	7	B	40000	99779	0.221002	0.004	221	217	0	0	0	217	0	0	218
1	0	G	40000	339	99.661	96.9725	99661	3265	249	1	0	2176	299	540	2725
1	0	A	40000	1724	98.276	96.158	98276	2118	190	1	0	1285	198	444	1685
1	0	B	40000	1066	98.934	97.787	98934	1147	59	0	0	891	101	96	1040
1	0	cSpy was 40 spamed and the readout avoided!
1	1	G	40000	99474	0.525999	0.128	526	796	0	0	0	796	0	0	798
1	1	A	40000	99474	0.525999	0.128	526	398	0	0	0	398	0	0	399
1	1	B	40000	99474	0.525999	0.128	526	398	0	0	0	398	0	0	399
1	2	G	40000	100000	0	0	0	0	0	0	0	0	0	0	2
1	2	A	40000	100000	0	0	0	0	0	0	0	0	0	0	1
1	2	B	40000	100000	0	0	0	0	0	0	0	0	0	0	1
1	3	G	40000	90071	9.929	3.632	9929	8776	1	0	0	8633	116	26	8776
1	3	A	40000	92471	7.529	3.268	7529	4261	1	0	0	4141	94	25	4260
1	3	B	40000	91489	8.511	3.996	8511	4515	0	0	0	4492	22	1	4516
1	4	G	40000	0	100	100	100000	200000	200000	200000	200000	200000	200000	200000	200002
1	4	A	40000	0	100	100	100000	100000	100000	100000	100000	100000	100000	100000	100001
1	4	B	40000	0	100	100	100000	100000	100000	100000	100000	100000	100000	100000	100001
1	5	G	40000	83813	16.187	2.819	16187	14319	0	0	0	13192	1127	0	14321
1	5	A	40000	91492	8.508	1.352	8508	7156	0	0	0	6646	510	0	7157
1	5	B	40000	88551	11.449	4.286	11449	7163	0	0	0	6546	617	0	7164
1	6	G	40000	100000	0	0	0	0	0	0	0	0	0	0	2
1	6	A	40000	100000	0	0	0	0	0	0	0	0	0	0	1
1	6	B	40000	100000	0	0	0	0	0	0	0	0	0	0	1
1	7	G	40000	99960	0.0400007	0	40	80	0	0	0	80	0	0	82
1	7	A	40000	99960	0.0400007	0	40	40	0	0	0	40	0	0	41
1	7	B	40000	99960	0.0400007	0	40	40	0	0	0	40	0	0	41
2	0	G	40000	2120	97.88	48.822	97880	4330	48	2	0	4074	123	83	4234
2	0	A	40000	2155	97.845	95.625	97845	2220	48	2	0	1964	123	83	2123
2	0	B	40000	95871	4.129	2.019	4129	2110	0	0	0	2110	0	0	2111
2	1	G	40000	100000	0	0	0	0	0	0	0	0	0	0	2
2	1	A	40000	100000	0	0	0	0	0	0	0	0	0	0	1
2	1	B	40000	100000	0	0	0	0	0	0	0	0	0	0	1
2	2	G	40000	26583	73.417	52.11	73417	26262	855	4	0	23233	1440	730	25524
2	2	A	40000	38005	61.995	50.249	61995	11746	472	1	0	10191	606	476	11294
2	2	B	40000	31513	68.487	53.971	68487	14516	383	3	0	13042	834	254	14230
2	2	cSpy was 21 spamed and the readout avoided!
2	3	G	40000	6889	93.111	64.107	93111	34886	76	0	0	30724	3962	124	34784
2	3	A	40000	23522	76.478	53.896	76478	22582	4	0	0	19544	2959	75	22538
2	3	B	40000	13378	86.622	74.318	86622	12304	72	0	0	11180	1003	49	12246
2	3	cSpy was 1 spamed and the readout avoided!
2	4	G	40000	100000	0	0	0	0	0	0	0	0	0	0	2
2	4	A	40000	100000	0	0	0	0	0	0	0	0	0	0	1
2	4	B	40000	100000	0	0	0	0	0	0	0	0	0	0	1
2	5	G	40000	99957	0.0429988	0	43	86	0	0	0	86	0	0	88
2	5	A	40000	99957	0.0429988	0	43	43	0	0	0	43	0	0	44
2	5	B	40000	99957	0.0429988	0	43	43	0	0	0	43	0	0	44
2	6	G	40000	45442	54.558	35.215	54558	23257	72	0	0	22214	668	303	23192
2	6	A	40000	56004	43.996	33.592	43996	10404	52	0	0	9491	568	293	10348
2	6	B	40000	50309	49.691	36.838	49691	12853	20	0	0	12723	100	10	12844
2	7	G	40000	743	99.257	95.1495	99257	4949	280	4	0	3883	463	319	4584
2	7	A	40000	3151	96.849	93.724	96849	3125	31	0	0	2531	366	197	3000
2	7	B	40000	1601	98.399	96.575	98399	1824	249	4	0	1352	97	122	1584
2	7	cSpy was 72 spamed and the readout avoided!
3	0	G	40000	707	99.293	81.1755	99293	16810	317	1	0	15357	408	727	16165
3	0	A	40000	1256	98.744	96.936	98744	1808	209	0	0	892	34	673	1247
3	0	B	40000	19583	80.417	65.415	80417	15002	108	1	0	14465	374	54	14918
3	0	cSpy was 37 spamed and the readout avoided!
3	1	G	40000	0	100	100	100000	200000	200000	200000	200000	200000	200000	200000	200002
3	1	A	40000	0	100	100	100000	100000	100000	100000	100000	100000	100000	100000	100001
3	1	B	40000	0	100	100	100000	100000	100000	100000	100000	100000	100000	100000	100001
3	2	G	40000	99865	0.134999	0	135	270	0	0	0	270	0	0	272
3	2	A	40000	99865	0.134999	0	135	135	0	0	0	135	0	0	136
3	2	B	40000	99865	0.134999	0	135	135	0	0	0	135	0	0	136
3	3	G	40000	100000	0	0	0	0	0	0	0	0	0	0	2
3	3	A	40000	100000	0	0	0	0	0	0	0	0	0	0	1
3	3	B	40000	100000	0	0	0	0	0	0	0	0	0	0	1
3	4	G	40000	93137	6.863	1.36	6863	10122	0	0	0	10112	9	1	10124
3	4	A	40000	93617	6.383	1.29	6383	5093	0	0	0	5084	8	1	5094
3	4	B	40000	93541	6.459	1.43	6459	5029	0	0	0	5028	1	0	5030
3	5	G	40000	0	100	100	100000	200000	200000	200000	200000	200000	200000	200000	200002
3	5	A	40000	0	100	100	100000	100000	100000	100000	100000	100000	100000	100000	100001
3	5	B	40000	0	100	100	100000	100000	100000	100000	100000	100000	100000	100000	100001
3	6	G	40000	54682	45.318	19.3075	45318	37960	24	14	0	34841	2921	160	37856
3	6	A	40000	61277	38.723	19.288	38723	19435	10	2	0	17225	2069	129	19361
3	6	B	40000	62148	37.852	19.327	37852	18525	14	12	0	17616	852	31	18495
3	6	cSpy was 9 spamed and the readout avoided!
3	7	G	40000	100000	0	0	0	0	0	0	0	0	0	0	2
3	7	A	40000	100000	0	0	0	0	0	0	0	0	0	0	1
3	7	B	40000	100000	0	0	0	0	0	0	0	0	0	0	1
4	0	G	40000	838	99.162	68.1	99162	18667	165	2	0	16886	1306	308	18352
4	0	A	40000	1303	98.697	97.149	98697	1548	97	0	0	794	397	260	1298
4	0	B	40000	43830	56.17	39.051	56170	17119	68	2	0	16092	909	48	17054
4	0	cSpy was 24 spamed and the readout avoided!
4	1	G	40000	100000	0	0	0	0	0	0	0	0	0	0	2
4	1	A	40000	100000	0	0	0	0	0	0	0	0	0	0	1
4	1	B	40000	100000	0	0	0	0	0	0	0	0	0	0	1
4	2	G	40000	100000	0	0	0	0	0	0	0	0	0	0	2
4	2	A	40000	100000	0	0	0	0	0	0	0	0	0	0	1
4	2	B	40000	100000	0	0	0	0	0	0	0	0	0	0	1
4	3	G	40000	22373	77.627	55.194	77627	34986	688	0	0	33678	100	520	34073
4	3	A	40000	27056	72.944	55.461	72944	17483	334	0	0	16775	1	373	16874
4	3	B	40000	27570	72.43	54.927	72430	17503	354	0	0	16903	99	147	17199
4	3	cSpy was 7 spamed and the readout avoided!
4	4	G	40000	5565	94.435	77.8925	94435	21820	225	25	0	19371	1711	490	21412
4	4	A	40000	10866	89.134	78.369	89134	10765	129	15	0	9364	828	431	10448
4	4	B	40000	11529	88.471	77.416	88471	11055	96	10	0	10007	883	59	10964
4	4	cSpy was 20 spamed and the readout avoided!
4	5	G	40000	100000	0	0	0	0	0	0	0	0	0	0	2
4	5	A	40000	100000	0	0	0	0	0	0	0	0	0	0	1
4	5	B	40000	100000	0	0	0	0	0	0	0	0	0	0	1
4	6	G	40000	100000	0	0	0	0	0	0	0	0	0	0	2
4	6	A	40000	100000	0	0	0	0	0	0	0	0	0	0	1
4	6	B	40000	100000	0	0	0	0	0	0	0	0	0	0	1
4	7	G	40000	25281	74.719	51.683	74719	35950	356	0	0	35250	16	328	35503
4	7	A	40000	30222	69.778	51.811	69778	17967	170	0	0	17549	3	245	17650
4	7	B	40000	30462	69.538	51.555	69538	17983	186	0	0	17701	13	83	17853
4	7	cSpy was 5 spamed and the readout avoided!
5	0	G	40000	459	99.541	58.0625	99541	16058	147	0	0	14965	110	836	15510
5	0	A	40000	596	99.404	98.26	99404	1144	147	0	0	63	99	835	596
5	0	B	40000	67221	32.779	17.865	32779	14914	0	0	0	14902	11	1	14914
5	0	cSpy was 67 spamed and the readout avoided!
5	1	G	40000	54177	45.823	23.3375	45823	34391	23	0	0	34286	8	74	34367
5	1	A	40000	59493	40.507	23.548	40507	16959	12	0	0	16869	8	70	16937
5	1	B	40000	59441	40.559	23.127	40559	17432	11	0	0	17417	0	4	17430
5	2	G	40000	18	99.982	98.8855	99982	1376	39	0	0	528	217	592	849
5	2	A	40000	52	99.948	99.479	99948	469	0	0	0	5	0	464	52
5	2	B	40000	801	99.199	98.292	99199	907	39	0	0	523	217	128	797
5	2	cSpy was 25 spamed and the readout avoided!
5	3	G	40000	98727	1.273	0.001	1273	2544	0	0	0	2544	0	0	2546
5	3	A	40000	98727	1.273	0.001	1273	1272	0	0	0	1272	0	0	1273
5	3	B	40000	98727	1.273	0.001	1273	1272	0	0	0	1272	0	0	1273
5	4	G	40000	100000	0	0	0	0	0	0	0	0	0	0	2
5	4	A	40000	100000	0	0	0	0	0	0	0	0	0	0	1
5	4	B	40000	100000	0	0	0	0	0	0	0	0	0	0	1
5	5	G	40000	94437	5.563	1.1075	5563	7974	0	0	0	7973	0	1	7975
5	5	A	40000	94842	5.158	1.19	5158	3968	0	0	0	3967	0	1	3968
5	5	B	40000	94969	5.031	1.025	5031	4006	0	0	0	4006	0	0	4007
5	6	G	40000	0	100	100	100000	200000	200000	200000	200000	200000	200000	200000	200002
5	6	A	40000	0	100	100	100000	100000	100000	100000	100000	100000	100000	100000	100001
5	6	B	40000	0	100	100	100000	100000	100000	100000	100000	100000	100000	100000	100001
5	7	G	40000	30530	69.47	25.324	69470	56875	17	22	0	50571	6156	109	56811
5	7	A	40000	45115	54.885	26.654	54885	28231	17	22	0	24316	3767	109	28166
5	7	B	40000	47362	52.638	23.994	52638	28644	0	0	0	26255	2389	0	28645
5	7	cSpy was 3 spamed and the readout avoided!
6	0	G	40000	470	99.53	96.684	99530	3596	334	3	0	1742	961	556	3030
6	0	A	40000	1100	98.9	97.367	98900	1533	174	2	0	210	659	488	1100
6	0	B	40000	1936	98.064	96.001	98064	2063	160	1	0	1532	302	68	1930
6	0	cSpy was 75 spamed and the readout avoided!
6	1	G	40000	9614	90.386	61.9635	90386	37184	28	0	0	33093	3468	595	36847
6	1	A	40000	18379	81.621	63.768	81621	17853	15	0	0	15497	1762	579	17530
6	1	B	40000	20510	79.49	60.159	79490	19331	13	0	0	17596	1706	16	19317
6	1	cSpy was 79 spamed and the readout avoided!
6	2	G	40000	100000	0	0	0	0	0	0	0	0	0	0	2
6	2	A	40000	100000	0	0	0	0	0	0	0	0	0	0	1
6	2	B	40000	100000	0	0	0	0	0	0	0	0	0	0	1
6	3	G	40000	99995	0.00500083	0	5	10	0	0	0	10	0	0	12
6	3	A	40000	99995	0.00500083	0	5	5	0	0	0	5	0	0	6
6	3	B	40000	99995	0.00500083	0	5	5	0	0	0	5	0	0	6
6	4	G	40000	23909	76.091	53.918	76091	35338	658	0	0	34067	118	495	34460
6	4	A	40000	28196	71.804	54.165	71804	17639	320	0	0	16966	1	352	17052
6	4	B	40000	28630	71.37	53.671	71370	17699	338	0	0	17101	117	143	17408
6	4	cSpy was 7 spamed and the readout avoided!
6	5	G	40000	3726	96.274	83.4865	96274	16464	102	8	0	14565	1152	637	16104
6	5	A	40000	7823	92.177	84.287	92177	7890	6	1	0	6810	512	561	7628
6	5	B	40000	8740	91.26	82.686	91260	8574	96	7	0	7755	640	76	8476
6	5	cSpy was 28 spamed and the readout avoided!
6	6	G	40000	100000	0	0	0	0	0	0	0	0	0	0	2
6	6	A	40000	100000	0	0	0	0	0	0	0	0	0	0	1
6	6	B	40000	100000	0	0	0	0	0	0	0	0	0	0	1
6	7	G	40000	100000	0	0	0	0	0	0	0	0	0	0	2
6	7	A	40000	100000	0	0	0	0	0	0	0	0	0	0	1
6	7	B	40000	100000	0	0	0	0	0	0	0	0	0	0	1
7	0	G	40000	1879	98.121	48.1735	98121	3450	200	0	0	2604	76	570	2970
7	0	A	40000	1902	98.098	95.74	98098	2358	200	0	0	1512	76	570	1877
7	0	B	40000	98301	1.699	0.607	1699	1092	0	0	0	1092	0	0	1093
7	0	cSpy was 1 spamed and the readout avoided!
7	1	G	40000	100000	0	0	0	0	0	0	0	0	0	0	2
7	1	A	40000	100000	0	0	0	0	0	0	0	0	0	0	1
7	1	B	40000	100000	0	0	0	0	0	0	0	0	0	0	1
7	2	G	40000	98184	1.816	0.1205	1816	3282	0	0	0	3263	18	1	3284
7	2	A	40000	98223	1.777	0.138	1777	1639	0	0	0	1624	14	1	1640
7	2	B	40000	98254	1.746	0.103	1746	1643	0	0	0	1639	4	0	1644
7	3	G	40000	0	100	100	100000	200000	200000	200000	200000	200000	200000	200000	200002
7	3	A	40000	0	100	100	100000	100000	100000	100000	100000	100000	100000	100000	100001
7	3	B	40000	0	100	100	100000	100000	100000	100000	100000	100000	100000	100000	100001
7	4	G	40000	84980	15.02	2.5855	15020	22414	0	0	0	20724	1662	28	22410
7	4	A	40000	85284	14.716	2.59	14716	12126	0	0	0	10647	1451	28	12122
7	4	B	40000	87131	12.869	2.581	12869	10288	0	0	0	10077	211	0	10288
7	5	G	40000	100000	0	0	0	0	0	0	0	0	0	0	2
7	5	A	40000	100000	0	0	0	0	0	0	0	0	0	0	1
7	5	B	40000	100000	0	0	0	0	0	0	0	0	0	0	1
7	6	G	40000	97495	2.505	0.4925	2505	3107	1	0	0	3091	11	4	3108
7	6	A	40000	97897	2.103	0.552	2103	1551	1	0	0	1536	10	4	1551
7	6	B	40000	98011	1.989	0.433	1989	1556	0	0	0	1555	1	0	1557
7	7	G	40000	43879	56.121	28.3545	56121	39850	25	17	0	38307	1316	185	39767
7	7	A	40000	51032	48.968	29.004	48968	19964	20	17	0	19172	573	182	19884
7	7	B	40000	52409	47.591	27.705	47591	19886	5	0	0	19135	743	3	19883
7	7	cSpy was 7 spamed and the readout avoided!
