#the gain was set to: 2	the bias was set to: 30
#Sent triggers per delay setting: 100000	and with a frequency [Hz] of: 40000
#160MHz delay setting	400MHz delay setting	Frequency	correct transmitted H+T		error rate [%]	uncertainty [%]	bad or missed events	error count	missing headers	missing trailers	flipped H/T	event nr errors	tbm missed trigger	unknown errors	event nr resets
0	0	G	40000	403	99.597	74.125	99597	18645	110	0	0	17591	256	688	18075
0	0	A	40000	604	99.396	98.244	99396	1152	90	0	0	175	214	673	604
0	0	B	40000	32501	67.499	50.006	67499	17493	20	0	0	17416	42	15	17471
0	0	cSpy was 31 spamed and the readout avoided!
0	1	G	40000	29576	70.424	47.6225	70424	29230	88	0	0	28619	70	453	29110
0	1	A	40000	40200	59.8	46.907	59800	12893	45	0	0	12402	26	420	12801
0	1	B	40000	35325	64.675	48.338	64675	16337	43	0	0	16217	44	33	16309
0	2	G	40000	2571	97.429	86.2335	97429	13698	133	3	0	10982	2190	390	13381
0	2	A	40000	5224	94.776	89.548	94776	5228	61	1	0	3867	954	345	4976
0	2	B	40000	8611	91.389	82.919	91389	8470	72	2	0	7115	1236	45	8405
0	2	cSpy was 8 spamed and the readout avoided!
0	3	G	40000	81034	18.966	5.817	18966	14138	0	0	0	12281	1854	3	14139
0	3	A	40000	89413	10.587	1.842	10587	8745	0	0	0	7298	1444	3	8746
0	3	B	40000	84815	15.185	9.792	15185	5393	0	0	0	4983	410	0	5393
0	4	G	40000	100000	0	0	0	0	0	0	0	0	0	0	2
0	4	A	40000	100000	0	0	0	0	0	0	0	0	0	0	1
0	4	B	40000	100000	0	0	0	0	0	0	0	0	0	0	1
0	5	G	40000	49733	50.267	28.543	50267	29384	9	0	0	28987	121	267	29332
0	5	A	40000	58505	41.495	28.032	41495	13463	8	0	0	13131	59	265	13410
0	5	B	40000	55025	44.975	29.054	44975	15921	1	0	0	15856	62	2	15922
0	6	G	40000	2129	97.871	90.616	97871	9431	346	17	0	7216	1544	308	9033
0	6	A	40000	4772	95.228	90.445	95228	4783	123	0	0	3501	941	218	4565
0	6	B	40000	4565	95.435	90.787	95435	4648	223	17	0	3715	603	90	4468
0	6	cSpy was 38 spamed and the readout avoided!
0	7	G	40000	97914	2.086	0.3845	2086	3251	0	0	0	3232	19	0	3253
0	7	A	40000	98011	1.989	0.366	1989	1623	0	0	0	1615	8	0	1624
0	7	B	40000	97969	2.031	0.403	2031	1628	0	0	0	1617	11	0	1629
1	0	G	40000	275	99.725	97.83	99725	2364	182	0	0	1581	167	434	1964
1	0	A	40000	1287	98.713	97.099	98713	1614	156	0	0	989	101	368	1276
1	0	B	40000	689	99.311	98.561	99311	750	26	0	0	592	66	66	688
1	0	cSpy was 18 spamed and the readout avoided!
1	1	G	40000	97480	2.52	0.2205	2520	4160	0	0	0	4102	58	0	4162
1	1	A	40000	97764	2.236	0.16	2236	2076	0	0	0	2053	23	0	2077
1	1	B	40000	97635	2.365	0.281	2365	2084	0	0	0	2049	35	0	2085
1	2	G	40000	100000	0	0	0	0	0	0	0	0	0	0	2
1	2	A	40000	100000	0	0	0	0	0	0	0	0	0	0	1
1	2	B	40000	100000	0	0	0	0	0	0	0	0	0	0	1
1	3	G	40000	97294	2.706	0.363	2706	4391	0	0	0	4388	2	1	4393
1	3	A	40000	97526	2.474	0.34	2474	2134	0	0	0	2131	2	1	2135
1	3	B	40000	97357	2.643	0.386	2643	2257	0	0	0	2257	0	0	2258
1	4	G	40000	615	99.385	96.3565	99385	3864	285	0	0	1668	1513	398	3402
1	4	A	40000	2045	97.955	95.763	97955	2192	100	0	0	811	1149	132	2024
1	4	B	40000	1378	98.622	96.95	98622	1672	185	0	0	857	364	266	1378
1	4	cSpy was 15 spamed and the readout avoided!
1	5	G	40000	38162	61.838	17.318	61838	45219	19	0	0	37891	7269	40	45191
1	5	A	40000	68375	31.625	6.193	31625	25432	0	0	0	21044	4350	38	25425
1	5	B	40000	51770	48.23	28.443	48230	19787	19	0	0	16847	2919	2	19766
1	6	G	40000	100000	0	0	0	0	0	0	0	0	0	0	2
1	6	A	40000	100000	0	0	0	0	0	0	0	0	0	0	1
1	6	B	40000	100000	0	0	0	0	0	0	0	0	0	0	1
1	7	G	40000	97743	2.257	0.7215	2257	2351	0	0	0	2343	2	6	2353
1	7	A	40000	98224	1.776	0.686	1776	1090	0	0	0	1082	2	6	1091
1	7	B	40000	97982	2.018	0.757	2018	1261	0	0	0	1261	0	0	1262
2	0	G	40000	2278	97.722	48.5245	97722	4188	51	0	0	3956	104	77	4099
2	0	A	40000	2317	97.683	95.307	97683	2376	51	0	0	2144	104	77	2286
2	0	B	40000	96446	3.554	1.742	3554	1812	0	0	0	1812	0	0	1813
2	1	G	40000	100000	0	0	0	0	0	0	0	0	0	0	2
2	1	A	40000	100000	0	0	0	0	0	0	0	0	0	0	1
2	1	B	40000	100000	0	0	0	0	0	0	0	0	0	0	1
2	2	G	40000	30552	69.448	46.785	69448	27370	556	10	0	24768	1383	653	26846
2	2	A	40000	42914	57.086	44.393	57086	12693	286	5	0	10606	1362	434	12388
2	2	B	40000	36146	63.854	49.177	63854	14677	270	5	0	14162	21	219	14458
2	3	G	40000	5968	94.032	68.894	94032	29994	66	3	0	25827	3998	100	29905
2	3	A	40000	20333	79.667	60.644	79667	19023	2	0	0	16066	2883	72	18986
2	3	B	40000	11885	88.115	77.144	88115	10971	64	3	0	9761	1115	28	10919
2	3	cSpy was 4 spamed and the readout avoided!
2	4	G	40000	100000	0	0	0	0	0	0	0	0	0	0	2
2	4	A	40000	100000	0	0	0	0	0	0	0	0	0	0	1
2	4	B	40000	100000	0	0	0	0	0	0	0	0	0	0	1
2	5	G	40000	100000	0	0	0	0	0	0	0	0	0	0	2
2	5	A	40000	100000	0	0	0	0	0	0	0	0	0	0	1
2	5	B	40000	100000	0	0	0	0	0	0	0	0	0	0	1
2	6	G	40000	32818	67.182	38.9505	67182	32984	46	0	0	31083	1504	351	32909
2	6	A	40000	48116	51.884	36.172	51884	15712	26	0	0	13973	1376	337	15654
2	6	B	40000	40999	59.001	41.729	59001	17272	20	0	0	17110	128	14	17255
2	7	G	40000	0	100	100	100000	200000	200000	200000	200000	200000	200000	200000	200002
2	7	A	40000	0	100	100	100000	100000	100000	100000	100000	100000	100000	100000	100001
2	7	B	40000	0	100	100	100000	100000	100000	100000	100000	100000	100000	100000	100001
3	0	G	40000	906	99.094	71.7885	99094	20690	275	0	0	19331	423	661	20097
3	0	A	40000	1467	98.533	96.503	98533	2030	234	0	0	1125	21	650	1457
3	0	B	40000	34266	65.734	47.074	65734	18660	41	0	0	18206	402	11	18640
3	0	cSpy was 18 spamed and the readout avoided!
3	1	G	40000	0	100	100	100000	200000	200000	200000	200000	200000	200000	200000	200002
3	1	A	40000	0	100	100	100000	100000	100000	100000	100000	100000	100000	100000	100001
3	1	B	40000	0	100	100	100000	100000	100000	100000	100000	100000	100000	100000	100001
3	2	G	40000	98622	1.378	0.015	1378	2724	0	0	0	2723	1	0	2724
3	2	A	40000	98622	1.378	0.015	1378	1363	0	0	0	1362	1	0	1363
3	2	B	40000	98624	1.376	0.015	1376	1361	0	0	0	1361	0	0	1361
3	3	G	40000	100000	0	0	0	0	0	0	0	0	0	0	2
3	3	A	40000	100000	0	0	0	0	0	0	0	0	0	0	1
3	3	B	40000	100000	0	0	0	0	0	0	0	0	0	0	1
3	4	G	40000	97801	2.199	0.348	2199	3567	0	0	0	3564	3	0	3569
3	4	A	40000	97882	2.118	0.33	2118	1788	0	0	0	1786	2	0	1789
3	4	B	40000	97855	2.145	0.366	2145	1779	0	0	0	1778	1	0	1780
3	5	G	40000	0	100	100	100000	200000	200000	200000	200000	200000	200000	200000	200002
3	5	A	40000	0	100	100	100000	100000	100000	100000	100000	100000	100000	100000	100001
3	5	B	40000	0	100	100	100000	100000	100000	100000	100000	100000	100000	100000	100001
3	6	G	40000	53861	46.139	11.621	46139	48653	11	5	0	44965	3636	36	48639
3	6	A	40000	63525	36.475	11.366	36475	25109	8	0	0	21905	3174	22	25107
3	6	B	40000	64580	35.42	11.876	35420	23544	3	5	0	23060	462	14	23532
3	6	cSpy was 8 spamed and the readout avoided!
3	7	G	40000	100000	0	0	0	0	0	0	0	0	0	0	2
3	7	A	40000	100000	0	0	0	0	0	0	0	0	0	0	1
3	7	B	40000	100000	0	0	0	0	0	0	0	0	0	0	1
4	0	G	40000	1073	98.927	66.937	98927	28688	132	1	0	25848	2565	142	28514
4	0	A	40000	1867	98.133	96.143	98133	1990	72	1	0	1221	581	115	1857
4	0	B	40000	35571	64.429	37.731	64429	26698	60	0	0	24627	1984	27	26657
4	0	cSpy was 4 spamed and the readout avoided!
4	1	G	40000	100000	0	0	0	0	0	0	0	0	0	0	2
4	1	A	40000	100000	0	0	0	0	0	0	0	0	0	0	1
4	1	B	40000	100000	0	0	0	0	0	0	0	0	0	0	1
4	2	G	40000	96811	3.189	1.248	3189	2986	2	0	0	2979	1	4	2986
4	2	A	40000	97254	2.746	1.28	2746	1466	1	0	0	1460	1	4	1465
4	2	B	40000	97264	2.736	1.216	2736	1520	1	0	0	1519	0	0	1521
4	3	G	40000	20511	79.489	58.484	79489	34397	781	0	0	32878	152	586	33342
4	3	A	40000	24041	75.959	58.749	75959	17210	376	0	0	16423	0	411	16514
4	3	B	40000	24594	75.406	58.219	75406	17187	405	0	0	16455	152	175	16828
4	3	cSpy was 8 spamed and the readout avoided!
4	4	G	40000	3702	96.298	84.6055	96298	15478	364	28	0	12599	1881	608	14866
4	4	A	40000	7678	92.322	84.371	92322	7951	226	18	0	6085	1160	462	7506
4	4	B	40000	7633	92.367	84.84	92367	7527	138	10	0	6514	721	146	7360
4	4	cSpy was 47 spamed and the readout avoided!
4	5	G	40000	100000	0	0	0	0	0	0	0	0	0	0	2
4	5	A	40000	100000	0	0	0	0	0	0	0	0	0	0	1
4	5	B	40000	100000	0	0	0	0	0	0	0	0	0	0	1
4	6	G	40000	100000	0	0	0	0	0	0	0	0	0	0	2
4	6	A	40000	100000	0	0	0	0	0	0	0	0	0	0	1
4	6	B	40000	100000	0	0	0	0	0	0	0	0	0	0	1
4	7	G	40000	53532	46.468	27.698	46468	29073	95	0	0	28870	6	102	28979
4	7	A	40000	57763	42.237	27.816	42237	14421	47	0	0	14282	3	89	14347
4	7	B	40000	57768	42.232	27.58	42232	14652	48	0	0	14588	3	13	14632
4	7	cSpy was 1 spamed and the readout avoided!
5	0	G	40000	481	99.519	56.909	99519	14754	141	0	0	13691	97	825	14225
5	0	A	40000	607	99.393	98.256	99393	1137	141	0	0	81	90	825	607
5	0	B	40000	70821	29.179	15.562	29179	13617	0	0	0	13610	7	0	13618
5	0	cSpy was 60 spamed and the readout avoided!
5	1	G	40000	71610	28.39	12.8895	28390	24026	16	0	0	23976	1	33	24013
5	1	A	40000	75092	24.908	13.074	24908	11834	8	0	0	11794	1	31	11823
5	1	B	40000	75103	24.897	12.705	24897	12192	8	0	0	12182	0	2	12190
5	2	G	40000	0	100	100	100000	200000	200000	200000	200000	200000	200000	200000	200002
5	2	A	40000	0	100	100	100000	100000	100000	100000	100000	100000	100000	100000	100001
5	2	B	40000	0	100	100	100000	100000	100000	100000	100000	100000	100000	100000	100001
5	3	G	40000	96752	3.248	0.033	3248	6340	0	0	0	6259	80	1	6342
5	3	A	40000	96755	3.245	0.033	3245	3212	0	0	0	3134	77	1	3213
5	3	B	40000	96839	3.161	0.033	3161	3128	0	0	0	3125	3	0	3129
5	4	G	40000	100000	0	0	0	0	0	0	0	0	0	0	2
5	4	A	40000	100000	0	0	0	0	0	0	0	0	0	0	1
5	4	B	40000	100000	0	0	0	0	0	0	0	0	0	0	1
5	5	G	40000	95364	4.636	0.6665	4636	7365	0	0	0	7364	1	0	7367
5	5	A	40000	95601	4.399	0.731	4399	3668	0	0	0	3667	1	0	3669
5	5	B	40000	95701	4.299	0.602	4299	3697	0	0	0	3697	0	0	3698
5	6	G	40000	4	99.996	97.6995	99996	2416	209	2	0	939	1095	171	2177
5	6	A	40000	12	99.988	99.922	99988	66	0	0	0	1	0	65	12
5	6	B	40000	2173	97.827	95.477	97827	2350	209	2	0	938	1095	106	2165
5	6	cSpy was 46 spamed and the readout avoided!
5	7	G	40000	21576	78.424	27.727	78424	65314	1	0	0	57270	7869	174	65228
5	7	A	40000	38034	61.966	30.716	61966	31250	1	0	0	26490	4586	173	31165
5	7	B	40000	41198	58.802	24.738	58802	34064	0	0	0	30780	3283	1	34063
5	7	cSpy was 6 spamed and the readout avoided!
6	0	G	40000	541	99.459	96.3495	99459	3953	350	6	1	1899	1089	608	3336
6	0	A	40000	1242	98.758	97.052	98758	1706	186	1	0	240	752	527	1242
6	0	B	40000	2106	97.894	95.647	97894	2247	164	5	1	1659	337	81	2094
6	0	cSpy was 64 spamed and the readout avoided!
6	1	G	40000	9550	90.45	61.0825	90450	38009	32	0	0	33992	3533	452	37765
6	1	A	40000	18740	81.26	63.099	81260	18161	4	0	0	15924	1802	431	17943
6	1	B	40000	21086	78.914	59.066	78914	19848	28	0	0	18068	1731	21	19822
6	1	cSpy was 11 spamed and the readout avoided!
6	2	G	40000	100000	0	0	0	0	0	0	0	0	0	0	2
6	2	A	40000	100000	0	0	0	0	0	0	0	0	0	0	1
6	2	B	40000	100000	0	0	0	0	0	0	0	0	0	0	1
6	3	G	40000	100000	0	0	0	0	0	0	0	0	0	0	2
6	3	A	40000	100000	0	0	0	0	0	0	0	0	0	0	1
6	3	B	40000	100000	0	0	0	0	0	0	0	0	0	0	1
6	4	G	40000	20456	79.544	58.6595	79544	34256	824	0	0	32664	163	605	33158
6	4	A	40000	23917	76.083	58.942	76083	17141	399	0	0	16312	0	430	16406
6	4	B	40000	24508	75.492	58.377	75492	17115	425	0	0	16352	163	175	16752
6	4	cSpy was 8 spamed and the readout avoided!
6	5	G	40000	0	100	100	100000	200000	200000	200000	200000	200000	200000	200000	200002
6	5	A	40000	0	100	100	100000	100000	100000	100000	100000	100000	100000	100000	100001
6	5	B	40000	0	100	100	100000	100000	100000	100000	100000	100000	100000	100000	100001
6	6	G	40000	94921	5.079	0.84	5079	7376	0	0	0	6629	737	10	7377
6	6	A	40000	95063	4.937	0.841	4937	4096	0	0	0	3446	640	10	4096
6	6	B	40000	95881	4.119	0.839	4119	3280	0	0	0	3183	97	0	3281
6	7	G	40000	100000	0	0	0	0	0	0	0	0	0	0	2
6	7	A	40000	100000	0	0	0	0	0	0	0	0	0	0	1
6	7	B	40000	100000	0	0	0	0	0	0	0	0	0	0	1
7	0	G	40000	2062	97.938	47.9465	97938	3551	218	1	0	2678	66	588	3045
7	0	A	40000	2080	97.92	95.36	97920	2560	218	1	0	1687	66	588	2053
7	0	B	40000	98476	1.524	0.533	1524	991	0	0	0	991	0	0	992
7	0	cSpy was 1 spamed and the readout avoided!
7	1	G	40000	100000	0	0	0	0	0	0	0	0	0	0	2
7	1	A	40000	100000	0	0	0	0	0	0	0	0	0	0	1
7	1	B	40000	100000	0	0	0	0	0	0	0	0	0	0	1
7	2	G	40000	97790	2.21	0.1635	2210	3947	0	0	0	3927	20	0	3949
7	2	A	40000	97840	2.16	0.188	2160	1972	0	0	0	1957	15	0	1973
7	2	B	40000	97886	2.114	0.139	2114	1975	0	0	0	1970	5	0	1976
7	3	G	40000	0	100	100	100000	200000	200000	200000	200000	200000	200000	200000	200002
7	3	A	40000	0	100	100	100000	100000	100000	100000	100000	100000	100000	100000	100001
7	3	B	40000	0	100	100	100000	100000	100000	100000	100000	100000	100000	100000	100001
7	4	G	40000	77896	22.104	5.038	22104	28728	0	0	0	26058	2629	41	28720
7	4	A	40000	79190	20.81	5.069	20810	15741	0	0	0	13505	2195	41	15732
7	4	B	40000	82006	17.994	5.007	17994	12987	0	0	0	12553	434	0	12988
7	5	G	40000	100000	0	0	0	0	0	0	0	0	0	0	2
7	5	A	40000	100000	0	0	0	0	0	0	0	0	0	0	1
7	5	B	40000	100000	0	0	0	0	0	0	0	0	0	0	1
7	6	G	40000	99981	0.019002	0	19	38	0	0	0	38	0	0	40
7	6	A	40000	99981	0.019002	0	19	19	0	0	0	19	0	0	20
7	6	B	40000	99981	0.019002	0	19	19	0	0	0	19	0	0	20
7	7	G	40000	55183	44.817	17.7965	44817	40531	8	25	0	39492	771	235	40426
7	7	A	40000	61126	38.874	18.259	38874	20615	8	25	0	20026	321	235	20509
7	7	B	40000	62750	37.25	17.334	37250	19916	0	0	0	19466	450	0	19917
7	7	cSpy was 7 spamed and the readout avoided!
