#the gain was set to: 2	the bias was set to: 30
#Sent triggers per delay setting: 100000	and with a frequency [Hz] of: 40000
#160MHz delay setting	400MHz delay setting	Frequency	correct transmitted H+T		error rate [%]	uncertainty [%]	bad or missed events	error count	missing headers	missing trailers	flipped H/T	event nr errors	tbm missed trigger	unknown errors	event nr resets
0	0	G	40000	431	99.569	72.7685	99569	18909	106	0	0	17903	313	587	18399
0	0	A	40000	632	99.368	98.234	99368	1134	88	0	0	186	278	582	632
0	0	B	40000	34922	65.078	47.303	65078	17775	18	0	0	17717	35	5	17767
0	0	cSpy was 26 spamed and the readout avoided!
0	1	G	40000	33546	66.454	45.9605	66454	27680	75	0	0	26989	204	412	27613
0	1	A	40000	42433	57.567	45.416	57567	12151	43	0	0	11696	31	381	12091
0	1	B	40000	37966	62.034	46.505	62034	15529	32	0	0	15293	173	31	15522
0	2	G	40000	3641	96.359	82.441	96359	16963	119	3	0	13929	2533	379	16648
0	2	A	40000	9236	90.764	82.263	90764	8501	41	0	0	6546	1654	260	8311
0	2	B	40000	8919	91.081	82.619	91081	8462	78	3	0	7383	879	119	8337
0	2	cSpy was 8 spamed and the readout avoided!
0	3	G	40000	95511	4.489	0.8	4489	4083	0	0	0	3702	377	4	4085
0	3	A	40000	97591	2.409	0.405	2409	2004	0	0	0	1842	158	4	2005
0	3	B	40000	96726	3.274	1.195	3274	2079	0	0	0	1860	219	0	2080
0	4	G	40000	100000	0	0	0	0	0	0	0	0	0	0	2
0	4	A	40000	100000	0	0	0	0	0	0	0	0	0	0	1
0	4	B	40000	100000	0	0	0	0	0	0	0	0	0	0	1
0	5	G	40000	56342	43.658	25.862	43658	25362	8	0	0	25022	100	232	25337
0	5	A	40000	62977	37.023	25.512	37023	11511	6	0	0	11235	40	230	11485
0	5	B	40000	59937	40.063	26.212	40063	13851	2	0	0	13787	60	2	13852
0	6	G	40000	1837	98.163	91.474	98163	8564	360	14	0	6551	1320	319	8138
0	6	A	40000	4435	95.565	91.121	95565	4444	133	0	0	3184	903	224	4209
0	6	B	40000	4053	95.947	91.827	95947	4120	227	14	0	3367	417	95	3929
0	6	cSpy was 37 spamed and the readout avoided!
0	7	G	40000	98158	1.842	0.1395	1842	3228	0	0	0	3194	34	0	3230
0	7	A	40000	98276	1.724	0.11	1724	1614	0	0	0	1599	15	0	1615
0	7	B	40000	98217	1.783	0.169	1783	1614	0	0	0	1595	19	0	1615
1	0	G	40000	205	99.795	98.417	99795	1798	129	1	0	972	173	523	1365
1	0	A	40000	682	99.318	98.259	99318	1059	106	0	0	377	114	462	682
1	0	B	40000	686	99.314	98.575	99314	739	23	1	0	595	59	61	683
1	0	cSpy was 32 spamed and the readout avoided!
1	1	G	40000	97728	2.272	0.3985	2272	3536	0	0	0	3514	22	0	3538
1	1	A	40000	97857	2.143	0.372	2143	1771	0	0	0	1763	8	0	1772
1	1	B	40000	97810	2.19	0.425	2190	1765	0	0	0	1751	14	0	1766
1	2	G	40000	100000	0	0	0	0	0	0	0	0	0	0	2
1	2	A	40000	100000	0	0	0	0	0	0	0	0	0	0	1
1	2	B	40000	100000	0	0	0	0	0	0	0	0	0	0	1
1	3	G	40000	97306	2.694	0.4045	2694	4144	0	0	0	4137	5	2	4146
1	3	A	40000	97605	2.395	0.355	2395	2040	0	0	0	2037	1	2	2041
1	3	B	40000	97442	2.558	0.454	2558	2104	0	0	0	2100	4	0	2105
1	4	G	40000	518	99.482	96.4995	99482	3658	214	1	0	1500	1640	303	3313
1	4	A	40000	2151	97.849	95.578	97849	2271	103	0	0	767	1288	113	2122
1	4	B	40000	1192	98.808	97.421	98808	1387	111	1	0	733	352	190	1191
1	4	cSpy was 22 spamed and the readout avoided!
1	5	G	40000	43643	56.357	13.693	56357	43143	1	0	0	37886	5252	4	43143
1	5	A	40000	72024	27.976	3.91	27976	24066	0	0	0	20710	3354	2	24067
1	5	B	40000	57447	42.553	23.476	42553	19077	1	0	0	17176	1898	2	19076
1	6	G	40000	100000	0	0	0	0	0	0	0	0	0	0	2
1	6	A	40000	100000	0	0	0	0	0	0	0	0	0	0	1
1	6	B	40000	100000	0	0	0	0	0	0	0	0	0	0	1
1	7	G	40000	95974	4.026	1.8	4026	2661	1	0	0	2576	68	16	2661
1	7	A	40000	97064	2.936	1.655	2936	1281	1	0	0	1208	56	16	1280
1	7	B	40000	96675	3.325	1.945	3325	1380	0	0	0	1368	12	0	1381
2	0	G	40000	2372	97.628	48.3495	97628	4164	49	2	0	3915	116	82	4067
2	0	A	40000	2413	97.587	95.109	97587	2478	49	2	0	2229	116	82	2380
2	0	B	40000	96724	3.276	1.59	3276	1686	0	0	0	1686	0	0	1687
2	1	G	40000	100000	0	0	0	0	0	0	0	0	0	0	2
2	1	A	40000	100000	0	0	0	0	0	0	0	0	0	0	1
2	1	B	40000	100000	0	0	0	0	0	0	0	0	0	0	1
2	2	G	40000	32839	67.161	44.572	67161	27355	630	6	0	24767	1323	629	26752
2	2	A	40000	45021	54.979	42.259	54979	12720	319	4	0	10683	1295	419	12380
2	2	B	40000	38480	61.52	46.885	61520	14635	311	2	0	14084	28	210	14372
2	3	G	40000	5523	94.477	71.8495	94477	27233	65	3	0	23323	3730	112	27135
2	3	A	40000	18386	81.614	64.338	81614	17276	6	0	0	14502	2679	89	17224
2	3	B	40000	10682	89.318	79.361	89318	9957	59	3	0	8821	1051	23	9911
2	3	cSpy was 6 spamed and the readout avoided!
2	4	G	40000	100000	0	0	0	0	0	0	0	0	0	0	2
2	4	A	40000	100000	0	0	0	0	0	0	0	0	0	0	1
2	4	B	40000	100000	0	0	0	0	0	0	0	0	0	0	1
2	5	G	40000	100000	0	0	0	0	0	0	0	0	0	0	2
2	5	A	40000	100000	0	0	0	0	0	0	0	0	0	0	1
2	5	B	40000	100000	0	0	0	0	0	0	0	0	0	0	1
2	6	G	40000	32300	67.7	39.2995	67700	32844	59	0	0	30946	1500	339	32760
2	6	A	40000	47895	52.105	36.502	52105	15603	29	0	0	13887	1367	320	15541
2	6	B	40000	40662	59.338	42.097	59338	17241	30	0	0	17059	133	19	17219
2	7	G	40000	0	100	100	100000	200000	200000	200000	200000	200000	200000	200000	200002
2	7	A	40000	0	100	100	100000	100000	100000	100000	100000	100000	100000	100000	100001
2	7	B	40000	0	100	100	100000	100000	100000	100000	100000	100000	100000	100000	100001
3	0	G	40000	1262	98.738	65.4025	98738	18361	245	7	0	17185	323	601	17839
3	0	A	40000	1755	98.245	96.006	98245	2239	216	0	0	1396	34	593	1736
3	0	B	40000	49079	50.921	34.799	50921	16122	29	7	0	15789	289	8	16103
3	0	cSpy was 4 spamed and the readout avoided!
3	1	G	40000	0	100	100	100000	200000	200000	200000	200000	200000	200000	200000	200002
3	1	A	40000	0	100	100	100000	100000	100000	100000	100000	100000	100000	100000	100001
3	1	B	40000	0	100	100	100000	100000	100000	100000	100000	100000	100000	100000	100001
3	2	G	40000	78699	21.301	4.973	21301	22411	6	1	0	20588	1805	11	22407
3	2	A	40000	83858	16.142	4.854	16142	11288	3	1	0	9881	1392	11	11283
3	2	B	40000	83785	16.215	5.092	16215	11123	3	0	0	10707	413	0	11124
3	2	cSpy was 4 spamed and the readout avoided!
3	3	G	40000	100000	0	0	0	0	0	0	0	0	0	0	2
3	3	A	40000	100000	0	0	0	0	0	0	0	0	0	0	1
3	3	B	40000	100000	0	0	0	0	0	0	0	0	0	0	1
3	4	G	40000	84828	15.172	6.5825	15172	13827	11	0	0	13744	57	15	13821
3	4	A	40000	86583	13.417	6.465	13417	6952	5	0	0	6917	16	14	6948
3	4	B	40000	86425	13.575	6.7	13575	6875	6	0	0	6827	41	1	6873
3	5	G	40000	0	100	100	100000	200000	200000	200000	200000	200000	200000	200000	200002
3	5	A	40000	0	100	100	100000	100000	100000	100000	100000	100000	100000	100000	100001
3	5	B	40000	0	100	100	100000	100000	100000	100000	100000	100000	100000	100000	100001
3	6	G	40000	42769	57.231	35.0255	57231	30917	278	17	0	27955	2319	349	30510
3	6	A	40000	49204	50.796	34.932	50796	15864	158	8	0	13531	1901	267	15584
3	6	B	40000	49828	50.172	35.119	50172	15053	120	9	0	14424	418	82	14926
3	6	cSpy was 64 spamed and the readout avoided!
3	7	G	40000	100000	0	0	0	0	0	0	0	0	0	0	2
3	7	A	40000	100000	0	0	0	0	0	0	0	0	0	0	1
3	7	B	40000	100000	0	0	0	0	0	0	0	0	0	0	1
4	0	G	40000	1125	98.875	67.9065	98875	28507	121	1	0	25676	2578	131	28346
4	0	A	40000	2013	97.987	95.868	97987	2119	63	1	0	1375	573	107	2000
4	0	B	40000	33667	66.333	39.945	66333	26388	58	0	0	24301	2005	24	26346
4	0	cSpy was 6 spamed and the readout avoided!
4	1	G	40000	100000	0	0	0	0	0	0	0	0	0	0	2
4	1	A	40000	100000	0	0	0	0	0	0	0	0	0	0	1
4	1	B	40000	100000	0	0	0	0	0	0	0	0	0	0	1
4	2	G	40000	97721	2.279	0.811	2279	2353	0	0	0	2351	1	1	2355
4	2	A	40000	98006	1.994	0.838	1994	1156	0	0	0	1154	1	1	1157
4	2	B	40000	98019	1.981	0.784	1981	1197	0	0	0	1197	0	0	1198
4	3	G	40000	20538	79.462	58.3035	79462	34509	760	0	0	33034	148	567	33504
4	3	A	40000	24167	75.833	58.561	75833	17272	365	0	0	16504	0	403	16594
4	3	B	40000	24717	75.283	58.046	75283	17237	395	0	0	16530	148	164	16910
4	3	cSpy was 7 spamed and the readout avoided!
4	4	G	40000	2756	97.244	88.8675	97244	11198	298	23	2	9639	782	454	10742
4	4	A	40000	5311	94.689	89.194	94689	5495	159	11	2	4553	391	379	5168
4	4	B	40000	5756	94.244	88.541	94244	5703	139	12	0	5086	391	75	5574
4	4	cSpy was 46 spamed and the readout avoided!
4	5	G	40000	99832	0.168002	0.001	168	334	0	0	0	334	0	0	336
4	5	A	40000	99832	0.168002	0.001	168	167	0	0	0	167	0	0	168
4	5	B	40000	99832	0.168002	0.001	168	167	0	0	0	167	0	0	168
4	6	G	40000	100000	0	0	0	0	0	0	0	0	0	0	2
4	6	A	40000	100000	0	0	0	0	0	0	0	0	0	0	1
4	6	B	40000	100000	0	0	0	0	0	0	0	0	0	0	1
4	7	G	40000	41645	58.355	38.522	58355	30865	195	1	0	30479	2	188	30654
4	7	A	40000	46004	53.996	38.616	53996	15380	94	1	0	15129	1	155	15220
4	7	B	40000	46087	53.913	38.428	53913	15485	101	0	0	15350	1	33	15434
4	7	cSpy was 6 spamed and the readout avoided!
5	0	G	40000	495	99.505	56.9955	99505	14842	137	0	0	13765	101	839	14302
5	0	A	40000	613	99.387	98.233	99387	1154	137	0	0	82	97	838	613
5	0	B	40000	70554	29.446	15.758	29446	13688	0	0	0	13683	4	1	13689
5	0	cSpy was 58 spamed and the readout avoided!
5	1	G	40000	74517	25.483	10.4335	25483	23631	11	0	0	23581	3	36	23620
5	1	A	40000	77719	22.281	10.64	22281	11641	6	0	0	11598	3	34	11630
5	1	B	40000	77783	22.217	10.227	22217	11990	5	0	0	11983	0	2	11990
5	1	cSpy was 1 spamed and the readout avoided!
5	2	G	40000	10	99.99	99.0995	99990	1124	34	0	0	412	202	476	676
5	2	A	40000	24	99.976	99.616	99976	360	0	0	0	2	0	358	23
5	2	B	40000	653	99.347	98.583	99347	764	34	0	0	410	202	118	653
5	2	cSpy was 25 spamed and the readout avoided!
5	3	G	40000	96453	3.547	0.038	3547	6907	0	0	0	6814	93	0	6909
5	3	A	40000	96460	3.54	0.038	3540	3502	0	0	0	3416	86	0	3503
5	3	B	40000	96557	3.443	0.038	3443	3405	0	0	0	3398	7	0	3406
5	4	G	40000	100000	0	0	0	0	0	0	0	0	0	0	2
5	4	A	40000	100000	0	0	0	0	0	0	0	0	0	0	1
5	4	B	40000	100000	0	0	0	0	0	0	0	0	0	0	1
5	5	G	40000	97030	2.97	0.38	2970	4902	0	0	0	4902	0	0	4904
5	5	A	40000	97136	2.864	0.421	2864	2443	0	0	0	2443	0	0	2444
5	5	B	40000	97202	2.798	0.339	2798	2459	0	0	0	2459	0	0	2460
5	6	G	40000	11	99.989	97.73	99989	2382	203	1	0	1360	637	181	2146
5	6	A	40000	26	99.974	99.893	99974	81	0	0	0	3	1	77	26
5	6	B	40000	2132	97.868	95.567	97868	2301	203	1	0	1357	636	104	2120
5	6	cSpy was 61 spamed and the readout avoided!
5	7	G	40000	20627	79.373	29.604	79373	64462	0	0	0	56644	7649	169	64383
5	7	A	40000	36495	63.505	32.702	63505	30803	0	0	0	26232	4405	166	30725
5	7	B	40000	39835	60.165	26.506	60165	33659	0	0	0	30412	3244	3	33658
5	7	cSpy was 7 spamed and the readout avoided!
6	0	G	40000	431	99.569	96.6935	99569	3594	374	3	0	1720	909	588	3009
6	0	A	40000	1116	98.884	97.352	98884	1532	191	0	0	254	594	493	1116
6	0	B	40000	1903	98.097	96.035	98097	2062	183	3	0	1466	315	95	1893
6	0	cSpy was 66 spamed and the readout avoided!
6	1	G	40000	8205	91.795	66.159	91795	33189	29	2	0	29742	2935	481	32916
6	1	A	40000	16269	83.731	67.877	83731	15854	1	0	0	13976	1419	458	15614
6	1	B	40000	18224	81.776	64.441	81776	17335	28	2	0	15766	1516	23	17302
6	1	cSpy was 10 spamed and the readout avoided!
6	2	G	40000	100000	0	0	0	0	0	0	0	0	0	0	2
6	2	A	40000	100000	0	0	0	0	0	0	0	0	0	0	1
6	2	B	40000	100000	0	0	0	0	0	0	0	0	0	0	1
6	3	G	40000	100000	0	0	0	0	0	0	0	0	0	0	2
6	3	A	40000	100000	0	0	0	0	0	0	0	0	0	0	1
6	3	B	40000	100000	0	0	0	0	0	0	0	0	0	0	1
6	4	G	40000	20486	79.514	58.6445	79514	34247	810	0	0	32678	168	591	33170
6	4	A	40000	23944	76.056	58.924	76056	17132	391	0	0	16318	0	423	16412
6	4	B	40000	24520	75.48	58.365	75480	17115	419	0	0	16360	168	168	16758
6	4	cSpy was 7 spamed and the readout avoided!
6	5	G	40000	0	100	100	100000	200000	200000	200000	200000	200000	200000	200000	200002
6	5	A	40000	0	100	100	100000	100000	100000	100000	100000	100000	100000	100000	100001
6	5	B	40000	0	100	100	100000	100000	100000	100000	100000	100000	100000	100000	100001
6	6	G	40000	100000	0	0	0	0	0	0	0	0	0	0	2
6	6	A	40000	100000	0	0	0	0	0	0	0	0	0	0	1
6	6	B	40000	100000	0	0	0	0	0	0	0	0	0	0	1
6	7	G	40000	100000	0	0	0	0	0	0	0	0	0	0	2
6	7	A	40000	100000	0	0	0	0	0	0	0	0	0	0	1
6	7	B	40000	100000	0	0	0	0	0	0	0	0	0	0	1
7	0	G	40000	2131	97.869	47.836	97869	3489	209	0	0	2668	76	536	3001
7	0	A	40000	2156	97.844	95.229	97844	2615	209	0	0	1794	76	536	2126
7	0	B	40000	98683	1.317	0.443	1317	874	0	0	0	874	0	0	875
7	0	cSpy was 1 spamed and the readout avoided!
7	1	G	40000	100000	0	0	0	0	0	0	0	0	0	0	2
7	1	A	40000	100000	0	0	0	0	0	0	0	0	0	0	1
7	1	B	40000	100000	0	0	0	0	0	0	0	0	0	0	1
7	2	G	40000	98357	1.643	0.098	1643	3010	0	0	0	2994	16	0	3012
7	2	A	40000	98384	1.616	0.111	1616	1505	0	0	0	1493	12	0	1506
7	2	B	40000	98410	1.59	0.085	1590	1505	0	0	0	1501	4	0	1506
7	3	G	40000	0	100	100	100000	200000	200000	200000	200000	200000	200000	200000	200002
7	3	A	40000	0	100	100	100000	100000	100000	100000	100000	100000	100000	100000	100001
7	3	B	40000	0	100	100	100000	100000	100000	100000	100000	100000	100000	100000	100001
7	4	G	40000	57592	42.408	28.7355	42408	22649	3	0	0	20492	2038	116	22583
7	4	A	40000	58822	41.178	28.906	41178	12272	0	0	0	10526	1658	88	12226
7	4	B	40000	61058	38.942	28.565	38942	10377	3	0	0	9966	380	28	10357
7	4	cSpy was 2 spamed and the readout avoided!
7	5	G	40000	100000	0	0	0	0	0	0	0	0	0	0	2
7	5	A	40000	100000	0	0	0	0	0	0	0	0	0	0	1
7	5	B	40000	100000	0	0	0	0	0	0	0	0	0	0	1
7	6	G	40000	99997	0.00299811	0	3	6	0	0	0	6	0	0	8
7	6	A	40000	99997	0.00299811	0	3	3	0	0	0	3	0	0	4
7	6	B	40000	99997	0.00299811	0	3	3	0	0	0	3	0	0	4
7	7	G	40000	60201	39.799	14.7845	39799	35953	54	70	0	35102	549	178	35840
7	7	A	40000	66305	33.695	15.353	33695	18342	54	70	0	17821	219	178	18228
7	7	B	40000	68173	31.827	14.216	31827	17611	0	0	0	17281	330	0	17612
7	7	cSpy was 7 spamed and the readout avoided!
