#the gain was set to: 2	the bias was set to: 30
#Sent triggers per delay setting: 100000	and with a frequency [Hz] of: 40000
#160MHz delay setting	400MHz delay setting	Frequency	correct transmitted H+T		error rate [%]	uncertainty [%]	bad or missed events	error count	missing headers	missing trailers	flipped H/T	event nr errors	tbm missed trigger	unknown errors	event nr resets
0	0	G	40000	406	99.594	73.4075	99594	18681	124	0	0	17609	277	671	18117
0	0	A	40000	614	99.386	98.224	99386	1162	97	0	0	185	228	652	614
0	0	B	40000	33890	66.11	48.591	66110	17519	27	0	0	17424	49	19	17503
0	0	cSpy was 28 spamed and the readout avoided!
0	1	G	40000	32735	67.265	47.443	67265	26880	137	0	0	25980	287	476	26759
0	1	A	40000	41374	58.626	46.895	58626	11731	78	0	0	11223	20	410	11635
0	1	B	40000	36860	63.14	47.991	63140	15149	59	0	0	14757	267	66	15124
0	2	G	40000	2484	97.516	86.621	97516	13282	127	2	0	10985	1796	372	12996
0	2	A	40000	5137	94.863	89.714	94863	5149	68	0	0	3771	969	341	4908
0	2	B	40000	8339	91.661	83.528	91661	8133	59	2	0	7214	827	31	8088
0	2	cSpy was 6 spamed and the readout avoided!
0	3	G	40000	100000	0	0	0	0	0	0	0	0	0	0	2
0	3	A	40000	100000	0	0	0	0	0	0	0	0	0	0	1
0	3	B	40000	100000	0	0	0	0	0	0	0	0	0	0	1
0	4	G	40000	100000	0	0	0	0	0	0	0	0	0	0	2
0	4	A	40000	100000	0	0	0	0	0	0	0	0	0	0	1
0	4	B	40000	100000	0	0	0	0	0	0	0	0	0	0	1
0	5	G	40000	56824	43.176	23.8825	43176	28188	6	0	0	27866	88	228	28162
0	5	A	40000	63494	36.506	23.538	36506	12968	5	0	0	12699	40	224	12942
0	5	B	40000	60553	39.447	24.227	39447	15220	1	0	0	15167	48	4	15220
0	6	G	40000	2479	97.521	88.8995	97521	11076	406	12	0	8657	1635	366	10620
0	6	A	40000	5767	94.233	88.518	94233	5715	151	0	0	4197	1099	268	5455
0	6	B	40000	5358	94.642	89.281	94642	5361	255	12	0	4460	536	98	5165
0	6	cSpy was 45 spamed and the readout avoided!
0	7	G	40000	97342	2.658	0.2555	2658	4343	0	0	0	4273	70	0	4345
0	7	A	40000	97630	2.37	0.195	2370	2175	0	0	0	2149	26	0	2176
0	7	B	40000	97516	2.484	0.316	2484	2168	0	0	0	2124	44	0	2169
1	0	G	40000	254	99.746	98.2435	99746	1984	157	0	0	1146	187	494	1526
1	0	A	40000	833	99.167	97.924	99167	1243	128	0	0	549	124	442	831
1	0	B	40000	696	99.304	98.563	99304	741	29	0	0	597	63	52	695
1	0	cSpy was 47 spamed and the readout avoided!
1	1	G	40000	96920	3.08	0.529	3080	4490	0	0	0	4418	72	0	4492
1	1	A	40000	97315	2.685	0.448	2685	2237	0	0	0	2197	40	0	2238
1	1	B	40000	97137	2.863	0.61	2863	2253	0	0	0	2221	32	0	2254
1	2	G	40000	100000	0	0	0	0	0	0	0	0	0	0	2
1	2	A	40000	100000	0	0	0	0	0	0	0	0	0	0	1
1	2	B	40000	100000	0	0	0	0	0	0	0	0	0	0	1
1	3	G	40000	98195	1.805	0.286	1805	2758	0	0	0	2753	2	3	2760
1	3	A	40000	98383	1.617	0.251	1617	1366	0	0	0	1363	0	3	1367
1	3	B	40000	98287	1.713	0.321	1713	1392	0	0	0	1390	2	0	1393
1	4	G	40000	481	99.519	97.1015	99519	3047	150	0	0	927	1677	293	2738
1	4	A	40000	1770	98.23	96.349	98230	1881	73	0	0	433	1281	94	1759
1	4	B	40000	980	99.02	97.854	99020	1166	77	0	0	494	396	199	979
1	4	cSpy was 7 spamed and the readout avoided!
1	5	G	40000	30716	69.284	20.439	69284	51982	2	0	0	45306	6667	7	51981
1	5	A	40000	62239	37.761	6.164	37761	31597	0	0	0	26536	5055	6	31597
1	5	B	40000	44901	55.099	34.714	55099	20385	2	0	0	18770	1612	1	20384
1	6	G	40000	100000	0	0	0	0	0	0	0	0	0	0	2
1	6	A	40000	100000	0	0	0	0	0	0	0	0	0	0	1
1	6	B	40000	100000	0	0	0	0	0	0	0	0	0	0	1
1	7	G	40000	99652	0.348002	0.044	348	555	0	0	0	555	0	0	557
1	7	A	40000	99686	0.313997	0.039	314	275	0	0	0	275	0	0	276
1	7	B	40000	99671	0.329	0.049	329	280	0	0	0	280	0	0	281
2	0	G	40000	2352	97.648	48.3395	97648	4017	48	0	0	3770	117	82	3929
2	0	A	40000	2392	97.608	95.176	97608	2432	48	0	0	2185	117	82	2343
2	0	B	40000	96912	3.088	1.503	3088	1585	0	0	0	1585	0	0	1586
2	1	G	40000	100000	0	0	0	0	0	0	0	0	0	0	2
2	1	A	40000	100000	0	0	0	0	0	0	0	0	0	0	1
2	1	B	40000	100000	0	0	0	0	0	0	0	0	0	0	1
2	2	G	40000	30113	69.887	47.375	69887	27167	585	8	0	24516	1419	639	26608
2	2	A	40000	42461	57.539	44.953	57539	12586	302	4	0	10435	1408	437	12259
2	2	B	40000	35622	64.378	49.797	64378	14581	283	4	0	14081	11	202	14349
2	3	G	40000	6621	93.379	66.0445	93379	32761	65	0	0	28396	4219	81	32687
2	3	A	40000	22304	77.696	56.735	77696	20961	3	0	0	17832	3072	54	20935
2	3	B	40000	12846	87.154	75.354	87154	11800	62	0	0	10564	1147	27	11752
2	3	cSpy was 6 spamed and the readout avoided!
2	4	G	40000	100000	0	0	0	0	0	0	0	0	0	0	2
2	4	A	40000	100000	0	0	0	0	0	0	0	0	0	0	1
2	4	B	40000	100000	0	0	0	0	0	0	0	0	0	0	1
2	5	G	40000	100000	0	0	0	0	0	0	0	0	0	0	2
2	5	A	40000	100000	0	0	0	0	0	0	0	0	0	0	1
2	5	B	40000	100000	0	0	0	0	0	0	0	0	0	0	1
2	6	G	40000	36813	63.187	34.163	63187	34229	31	0	0	32492	1413	293	34168
2	6	A	40000	51956	48.044	31.568	48044	16476	16	0	0	14926	1254	280	16422
2	6	B	40000	45489	54.511	36.758	54511	17753	15	0	0	17566	159	13	17746
2	7	G	40000	0	100	100	100000	200000	200000	200000	200000	200000	200000	200000	200002
2	7	A	40000	0	100	100	100000	100000	100000	100000	100000	100000	100000	100000	100001
2	7	B	40000	0	100	100	100000	100000	100000	100000	100000	100000	100000	100000	100001
3	0	G	40000	1040	98.96	68.1665	98960	21314	248	2	0	19999	415	650	20753
3	0	A	40000	1609	98.391	96.253	98391	2138	220	0	0	1255	22	641	1594
3	0	B	40000	40744	59.256	40.08	59256	19176	28	2	0	18744	393	9	19159
3	0	cSpy was 13 spamed and the readout avoided!
3	1	G	40000	0	100	100	100000	200000	200000	200000	200000	200000	200000	200000	200002
3	1	A	40000	0	100	100	100000	100000	100000	100000	100000	100000	100000	100000	100001
3	1	B	40000	0	100	100	100000	100000	100000	100000	100000	100000	100000	100000	100001
3	2	G	40000	98080	1.92	0.039	1920	3755	0	0	0	3753	2	0	3757
3	2	A	40000	98081	1.919	0.039	1919	1880	0	0	0	1879	1	0	1881
3	2	B	40000	98086	1.914	0.039	1914	1875	0	0	0	1874	1	0	1876
3	3	G	40000	100000	0	0	0	0	0	0	0	0	0	0	2
3	3	A	40000	100000	0	0	0	0	0	0	0	0	0	0	1
3	3	B	40000	100000	0	0	0	0	0	0	0	0	0	0	1
3	4	G	40000	95627	4.373	0.562	4373	7325	0	0	0	7321	3	1	7327
3	4	A	40000	95807	4.193	0.522	4193	3671	0	0	0	3667	3	1	3672
3	4	B	40000	95744	4.256	0.602	4256	3654	0	0	0	3654	0	0	3655
3	5	G	40000	0	100	100	100000	200000	200000	200000	200000	200000	200000	200000	200002
3	5	A	40000	0	100	100	100000	100000	100000	100000	100000	100000	100000	100000	100001
3	5	B	40000	0	100	100	100000	100000	100000	100000	100000	100000	100000	100000	100001
3	6	G	40000	55213	44.787	11.0615	44787	46146	7	3	0	42372	3734	30	46133
3	6	A	40000	65671	34.329	10.813	34329	23516	6	0	0	20402	3083	25	23507
3	6	B	40000	66060	33.94	11.31	33940	22630	1	3	0	21970	651	5	22626
3	6	cSpy was 7 spamed and the readout avoided!
3	7	G	40000	100000	0	0	0	0	0	0	0	0	0	0	2
3	7	A	40000	100000	0	0	0	0	0	0	0	0	0	0	1
3	7	B	40000	100000	0	0	0	0	0	0	0	0	0	0	1
4	0	G	40000	1107	98.893	71.149	98893	26208	155	2	0	23574	2331	146	26020
4	0	A	40000	2055	97.945	95.764	97945	2181	80	0	0	1451	535	115	2046
4	0	B	40000	29439	70.561	46.534	70561	24027	75	2	0	22123	1796	31	23974
4	0	cSpy was 5 spamed and the readout avoided!
4	1	G	40000	100000	0	0	0	0	0	0	0	0	0	0	2
4	1	A	40000	100000	0	0	0	0	0	0	0	0	0	0	1
4	1	B	40000	100000	0	0	0	0	0	0	0	0	0	0	1
4	2	G	40000	100000	0	0	0	0	0	0	0	0	0	0	2
4	2	A	40000	100000	0	0	0	0	0	0	0	0	0	0	1
4	2	B	40000	100000	0	0	0	0	0	0	0	0	0	0	1
4	3	G	40000	20548	79.452	58.5945	79452	34318	792	0	0	32777	160	589	33258
4	3	A	40000	23962	76.038	58.871	76038	17167	380	0	0	16372	0	415	16465
4	3	B	40000	24531	75.469	58.318	75469	17151	412	0	0	16405	160	174	16793
4	3	cSpy was 20 spamed and the readout avoided!
4	4	G	40000	0	100	100	100000	200000	200000	200000	200000	200000	200000	200000	200002
4	4	A	40000	0	100	100	100000	100000	100000	100000	100000	100000	100000	100000	100001
4	4	B	40000	0	100	100	100000	100000	100000	100000	100000	100000	100000	100000	100001
4	5	G	40000	100000	0	0	0	0	0	0	0	0	0	0	2
4	5	A	40000	100000	0	0	0	0	0	0	0	0	0	0	1
4	5	B	40000	100000	0	0	0	0	0	0	0	0	0	0	1
4	6	G	40000	100000	0	0	0	0	0	0	0	0	0	0	2
4	6	A	40000	100000	0	0	0	0	0	0	0	0	0	0	1
4	6	B	40000	100000	0	0	0	0	0	0	0	0	0	0	1
4	7	G	40000	35510	64.49	40.7475	64490	36455	184	2	0	36075	6	188	36271
4	7	A	40000	41040	58.96	40.832	58960	18128	89	1	0	17877	6	155	17992
4	7	B	40000	41010	58.99	40.663	58990	18327	95	1	0	18198	0	33	18279
4	7	cSpy was 4 spamed and the readout avoided!
5	0	G	40000	496	99.504	56.646	99504	14492	140	0	0	13398	105	849	13926
5	0	A	40000	605	99.395	98.223	99395	1172	140	0	0	84	100	848	605
5	0	B	40000	71611	28.389	15.069	28389	13320	0	0	0	13314	5	1	13321
5	0	cSpy was 50 spamed and the readout avoided!
5	1	G	40000	74080	25.92	10.2785	25920	24902	2	0	0	24873	0	27	24897
5	1	A	40000	77218	22.782	10.499	22782	12283	1	0	0	12257	0	25	12279
5	1	B	40000	77323	22.677	10.058	22677	12619	1	0	0	12616	0	2	12618
5	1	cSpy was 2 spamed and the readout avoided!
5	2	G	40000	5	99.995	98.8695	99995	1297	66	0	0	424	455	352	964
5	2	A	40000	18	99.982	99.743	99982	239	0	0	0	0	3	236	18
5	2	B	40000	946	99.054	97.996	99054	1058	66	0	0	424	452	116	946
5	2	cSpy was 18 spamed and the readout avoided!
5	3	G	40000	94898	5.102	0.123	5102	9682	0	0	0	9437	244	1	9684
5	3	A	40000	94910	5.09	0.123	5090	4967	0	0	0	4733	233	1	4968
5	3	B	40000	95162	4.838	0.123	4838	4715	0	0	0	4704	11	0	4716
5	4	G	40000	100000	0	0	0	0	0	0	0	0	0	0	2
5	4	A	40000	100000	0	0	0	0	0	0	0	0	0	0	1
5	4	B	40000	100000	0	0	0	0	0	0	0	0	0	0	1
5	5	G	40000	97962	2.038	0.203	2038	3555	0	0	0	3555	0	0	3557
5	5	A	40000	98000	2	0.223	2000	1777	0	0	0	1777	0	0	1778
5	5	B	40000	98039	1.961	0.183	1961	1778	0	0	0	1778	0	0	1779
5	6	G	40000	0	100	100	100000	200000	200000	200000	200000	200000	200000	200000	200002
5	6	A	40000	0	100	100	100000	100000	100000	100000	100000	100000	100000	100000	100001
5	6	B	40000	0	100	100	100000	100000	100000	100000	100000	100000	100000	100000	100001
5	7	G	40000	17657	82.343	35.2775	82343	60727	1	1	0	53686	6822	217	60608
5	7	A	40000	32589	67.411	38.522	67411	28889	0	1	0	24745	3931	212	28771
5	7	B	40000	36129	63.871	32.033	63871	31838	1	0	0	28941	2891	5	31837
5	7	cSpy was 5 spamed and the readout avoided!
6	0	G	40000	335	99.665	97.524	99665	2726	301	2	0	1247	697	479	2219
6	0	A	40000	804	99.196	98.016	99196	1180	156	1	0	240	387	396	804
6	0	B	40000	1422	98.578	97.032	98578	1546	145	1	0	1007	310	83	1415
6	0	cSpy was 94 spamed and the readout avoided!
6	1	G	40000	8937	91.063	66.992	91063	31784	46	0	0	28147	2998	593	31417
6	1	A	40000	16229	83.771	68.533	83771	15238	17	0	0	13100	1555	566	14906
6	1	B	40000	18003	81.997	65.451	81997	16546	29	0	0	15047	1443	27	16511
6	1	cSpy was 39 spamed and the readout avoided!
6	2	G	40000	100000	0	0	0	0	0	0	0	0	0	0	2
6	2	A	40000	100000	0	0	0	0	0	0	0	0	0	0	1
6	2	B	40000	100000	0	0	0	0	0	0	0	0	0	0	1
6	3	G	40000	100000	0	0	0	0	0	0	0	0	0	0	2
6	3	A	40000	100000	0	0	0	0	0	0	0	0	0	0	1
6	3	B	40000	100000	0	0	0	0	0	0	0	0	0	0	1
6	4	G	40000	33868	66.132	47.006	66132	31453	629	1	0	30224	128	471	30608
6	4	A	40000	37028	62.972	47.271	62972	15701	303	1	0	15066	0	331	15143
6	4	B	40000	37507	62.493	46.741	62493	15752	326	0	0	15158	128	140	15465
6	4	cSpy was 6 spamed and the readout avoided!
6	5	G	40000	2090	97.91	90.3535	97910	9744	185	9	1	8298	607	644	9307
6	5	A	40000	4495	95.505	90.806	95505	4699	22	2	0	3859	283	533	4409
6	5	B	40000	5054	94.946	89.901	94946	5045	163	7	1	4439	324	111	4898
6	5	cSpy was 48 spamed and the readout avoided!
6	6	G	40000	100000	0	0	0	0	0	0	0	0	0	0	2
6	6	A	40000	100000	0	0	0	0	0	0	0	0	0	0	1
6	6	B	40000	100000	0	0	0	0	0	0	0	0	0	0	1
6	7	G	40000	100000	0	0	0	0	0	0	0	0	0	0	2
6	7	A	40000	100000	0	0	0	0	0	0	0	0	0	0	1
6	7	B	40000	100000	0	0	0	0	0	0	0	0	0	0	1
7	0	G	40000	1997	98.003	47.9955	98003	3552	219	0	0	2698	75	560	3044
7	0	A	40000	2026	97.974	95.462	97974	2512	219	0	0	1658	75	560	2003
7	0	B	40000	98431	1.569	0.529	1569	1040	0	0	0	1040	0	0	1041
7	0	cSpy was 1 spamed and the readout avoided!
7	1	G	40000	100000	0	0	0	0	0	0	0	0	0	0	2
7	1	A	40000	100000	0	0	0	0	0	0	0	0	0	0	1
7	1	B	40000	100000	0	0	0	0	0	0	0	0	0	0	1
7	2	G	40000	99126	0.874001	0.045	874	1625	0	0	0	1620	5	0	1627
7	2	A	40000	99135	0.865	0.052	865	813	0	0	0	809	4	0	814
7	2	B	40000	99150	0.849998	0.038	850	812	0	0	0	811	1	0	813
7	3	G	40000	0	100	100	100000	200000	200000	200000	200000	200000	200000	200000	200002
7	3	A	40000	0	100	100	100000	100000	100000	100000	100000	100000	100000	100000	100001
7	3	B	40000	0	100	100	100000	100000	100000	100000	100000	100000	100000	100000	100001
7	4	G	40000	71331	28.669	6.783	28669	34614	1	0	0	31332	3220	61	34598
7	4	A	40000	74331	25.669	6.888	25669	18781	1	0	0	16109	2610	61	18764
7	4	B	40000	77489	22.511	6.678	22511	15833	0	0	0	15223	610	0	15834
7	5	G	40000	100000	0	0	0	0	0	0	0	0	0	0	2
7	5	A	40000	100000	0	0	0	0	0	0	0	0	0	0	1
7	5	B	40000	100000	0	0	0	0	0	0	0	0	0	0	1
7	6	G	40000	99996	0.00399947	0	4	8	0	0	0	8	0	0	10
7	6	A	40000	99996	0.00399947	0	4	4	0	0	0	4	0	0	5
7	6	B	40000	99996	0.00399947	0	4	4	0	0	0	4	0	0	5
7	7	G	40000	59631	40.369	15.254	40369	36349	58	73	0	35521	530	167	36246
7	7	A	40000	65649	34.351	15.798	34351	18553	58	73	0	18056	199	167	18449
7	7	B	40000	67494	32.506	14.71	32506	17796	0	0	0	17465	331	0	17797
7	7	cSpy was 8 spamed and the readout avoided!
