#the gain was set to: 2	the bias was set to: 30
#Sent triggers per delay setting: 100000	and with a frequency [Hz] of: 40000
#160MHz delay setting	400MHz delay setting	Frequency	correct transmitted H+T		error rate [%]	uncertainty [%]	bad or missed events	error count	missing headers	missing trailers	flipped H/T	event nr errors	tbm missed trigger	unknown errors	event nr resets
0	0	G	40000	419	99.581	73.169	99581	18764	119	0	0	17757	285	603	18260
0	0	A	40000	641	99.359	98.228	99359	1131	91	0	0	201	254	585	641
0	0	B	40000	34257	65.743	48.11	65743	17633	28	0	0	17556	31	18	17619
0	0	cSpy was 44 spamed and the readout avoided!
0	1	G	40000	29783	70.217	50.8915	70217	25778	180	0	0	24723	348	527	25622
0	1	A	40000	38625	61.375	50.324	61375	11051	102	0	0	10498	5	446	10940
0	1	B	40000	33814	66.186	51.459	66186	14727	78	0	0	14225	343	81	14682
0	2	G	40000	2896	97.104	85.334	97104	14300	127	0	0	11616	2140	417	13974
0	2	A	40000	7017	92.983	86.409	92983	6574	36	0	0	4980	1286	272	6397
0	2	B	40000	8015	91.985	84.259	91985	7726	91	0	0	6636	854	145	7577
0	2	cSpy was 14 spamed and the readout avoided!
0	3	G	40000	100000	0	0	0	0	0	0	0	0	0	0	2
0	3	A	40000	100000	0	0	0	0	0	0	0	0	0	0	1
0	3	B	40000	100000	0	0	0	0	0	0	0	0	0	0	1
0	4	G	40000	100000	0	0	0	0	0	0	0	0	0	0	2
0	4	A	40000	100000	0	0	0	0	0	0	0	0	0	0	1
0	4	B	40000	100000	0	0	0	0	0	0	0	0	0	0	1
0	5	G	40000	60021	39.979	23.651	39979	23391	13	0	0	23093	68	217	23358
0	5	A	40000	66058	33.942	23.334	33942	10608	10	0	0	10363	22	213	10575
0	5	B	40000	63249	36.751	23.968	36751	12783	3	0	0	12730	46	4	12783
0	6	G	40000	2421	97.579	89.877	97579	10081	296	15	0	8000	1456	314	9704
0	6	A	40000	5050	94.95	89.943	94950	5007	122	0	0	3671	973	241	4778
0	6	B	40000	5115	94.885	89.811	94885	5074	174	15	0	4329	483	73	4926
0	6	cSpy was 27 spamed and the readout avoided!
0	7	G	40000	77520	22.48	19.254	22480	5292	108	3	0	4732	363	86	5175
0	7	A	40000	78319	21.681	18.922	21681	2759	26	0	0	2440	260	33	2724
0	7	B	40000	77881	22.119	19.586	22119	2533	82	3	0	2292	103	53	2451
0	7	cSpy was 15 spamed and the readout avoided!
1	0	G	40000	226	99.774	98.447	99774	1737	130	0	0	1025	161	421	1368
1	0	A	40000	778	99.222	98.121	99222	1101	109	0	0	520	101	371	778
1	0	B	40000	591	99.409	98.773	99409	636	21	0	0	505	60	50	590
1	0	cSpy was 31 spamed and the readout avoided!
1	1	G	40000	96718	3.282	0.362	3282	4772	0	0	0	4645	126	1	4774
1	1	A	40000	97396	2.604	0.22	2604	2384	0	0	0	2333	50	1	2385
1	1	B	40000	97108	2.892	0.504	2892	2388	0	0	0	2312	76	0	2389
1	2	G	40000	100000	0	0	0	0	0	0	0	0	0	0	2
1	2	A	40000	100000	0	0	0	0	0	0	0	0	0	0	1
1	2	B	40000	100000	0	0	0	0	0	0	0	0	0	0	1
1	3	G	40000	98172	1.828	0.243	1828	3017	0	0	0	3015	1	1	3019
1	3	A	40000	98297	1.703	0.232	1703	1471	0	0	0	1469	1	1	1472
1	3	B	40000	98200	1.8	0.254	1800	1546	0	0	0	1546	0	0	1547
1	4	G	40000	551	99.449	96.754	99449	3443	255	0	0	1412	1424	352	3032
1	4	A	40000	1764	98.236	96.353	98236	1883	69	0	0	668	1028	118	1747
1	4	B	40000	1285	98.715	97.155	98715	1560	186	0	0	744	396	234	1285
1	4	cSpy was 11 spamed and the readout avoided!
1	5	G	40000	35994	64.006	18.1435	64006	47003	12	0	0	39519	7435	37	46986
1	5	A	40000	66859	33.141	6.434	33141	26707	0	0	0	22084	4587	36	26702
1	5	B	40000	49851	50.149	29.853	50149	20296	12	0	0	17435	2848	1	20284
1	6	G	40000	100000	0	0	0	0	0	0	0	0	0	0	2
1	6	A	40000	100000	0	0	0	0	0	0	0	0	0	0	1
1	6	B	40000	100000	0	0	0	0	0	0	0	0	0	0	1
1	7	G	40000	99411	0.589001	0.1825	589	655	0	0	0	650	3	2	657
1	7	A	40000	99519	0.480998	0.172	481	309	0	0	0	304	3	2	310
1	7	B	40000	99461	0.538999	0.193	539	346	0	0	0	346	0	0	347
2	0	G	40000	2157	97.843	48.7205	97843	4228	42	0	0	3993	121	72	4157
2	0	A	40000	2202	97.798	95.551	97798	2247	42	0	0	2012	121	72	2175
2	0	B	40000	96129	3.871	1.89	3871	1981	0	0	0	1981	0	0	1982
2	0	cSpy was 1 spamed and the readout avoided!
2	1	G	40000	100000	0	0	0	0	0	0	0	0	0	0	2
2	1	A	40000	100000	0	0	0	0	0	0	0	0	0	0	1
2	1	B	40000	100000	0	0	0	0	0	0	0	0	0	0	1
2	2	G	40000	40640	59.36	39.7205	59360	24219	509	0	0	22182	1013	515	23801
2	2	A	40000	51083	48.917	38.128	48917	10789	285	0	0	9537	606	361	10519
2	2	B	40000	45257	54.743	41.313	54743	13430	224	0	0	12645	407	154	13282
2	3	G	40000	4397	95.603	77.9465	95603	21619	40	1	0	19061	2362	155	21529
2	3	A	40000	14389	85.611	71.726	85611	13885	4	0	0	12091	1661	129	13818
2	3	B	40000	8099	91.901	84.167	91901	7734	36	1	0	6970	701	26	7711
2	3	cSpy was 3 spamed and the readout avoided!
2	4	G	40000	100000	0	0	0	0	0	0	0	0	0	0	2
2	4	A	40000	100000	0	0	0	0	0	0	0	0	0	0	1
2	4	B	40000	100000	0	0	0	0	0	0	0	0	0	0	1
2	5	G	40000	100000	0	0	0	0	0	0	0	0	0	0	2
2	5	A	40000	100000	0	0	0	0	0	0	0	0	0	0	1
2	5	B	40000	100000	0	0	0	0	0	0	0	0	0	0	1
2	6	G	40000	37410	62.59	36.7165	62590	30257	38	0	0	29171	753	295	30214
2	6	A	40000	51481	48.519	34.833	48519	13686	26	0	0	12706	666	288	13645
2	6	B	40000	44829	55.171	38.6	55171	16571	12	0	0	16465	87	7	16569
2	7	G	40000	0	100	100	100000	200000	200000	200000	200000	200000	200000	200000	200002
2	7	A	40000	0	100	100	100000	100000	100000	100000	100000	100000	100000	100000	100001
2	7	B	40000	0	100	100	100000	100000	100000	100000	100000	100000	100000	100000	100001
3	0	G	40000	1002	98.998	70.074	98998	21082	240	2	0	19788	415	637	20531
3	0	A	40000	1575	98.425	96.325	98425	2100	214	0	0	1234	27	625	1558
3	0	B	40000	37195	62.805	43.823	62805	18982	26	2	0	18554	388	12	18973
3	0	cSpy was 10 spamed and the readout avoided!
3	1	G	40000	0	100	100	100000	200000	200000	200000	200000	200000	200000	200000	200002
3	1	A	40000	0	100	100	100000	100000	100000	100000	100000	100000	100000	100000	100001
3	1	B	40000	0	100	100	100000	100000	100000	100000	100000	100000	100000	100000	100001
3	2	G	40000	98461	1.539	0.02	1539	3035	0	0	0	3035	0	0	3037
3	2	A	40000	98461	1.539	0.02	1539	1519	0	0	0	1519	0	0	1520
3	2	B	40000	98464	1.536	0.02	1536	1516	0	0	0	1516	0	0	1517
3	3	G	40000	100000	0	0	0	0	0	0	0	0	0	0	2
3	3	A	40000	100000	0	0	0	0	0	0	0	0	0	0	1
3	3	B	40000	100000	0	0	0	0	0	0	0	0	0	0	1
3	4	G	40000	96685	3.315	0.4625	3315	5479	0	0	0	5472	7	0	5481
3	4	A	40000	96819	3.181	0.439	3181	2742	0	0	0	2737	5	0	2743
3	4	B	40000	96777	3.223	0.486	3223	2737	0	0	0	2735	2	0	2738
3	5	G	40000	0	100	100	100000	200000	200000	200000	200000	200000	200000	200000	200002
3	5	A	40000	0	100	100	100000	100000	100000	100000	100000	100000	100000	100000	100001
3	5	B	40000	0	100	100	100000	100000	100000	100000	100000	100000	100000	100000	100001
3	6	G	40000	50787	49.213	12.1965	49213	51306	9	6	0	47401	3861	29	51293
3	6	A	40000	61827	38.173	11.925	38173	26248	6	0	0	22970	3247	25	26241
3	6	B	40000	62474	37.526	12.468	37526	25058	3	6	0	24431	614	4	25052
3	6	cSpy was 7 spamed and the readout avoided!
3	7	G	40000	100000	0	0	0	0	0	0	0	0	0	0	2
3	7	A	40000	100000	0	0	0	0	0	0	0	0	0	0	1
3	7	B	40000	100000	0	0	0	0	0	0	0	0	0	0	1
4	0	G	40000	1125	98.875	68.5455	98875	28153	156	2	0	25306	2528	161	27939
4	0	A	40000	2113	97.887	95.604	97887	2283	97	1	0	1509	538	138	2108
4	0	B	40000	32643	67.357	41.487	67357	25870	59	1	0	23797	1990	23	25831
4	0	cSpy was 2 spamed and the readout avoided!
4	1	G	40000	100000	0	0	0	0	0	0	0	0	0	0	2
4	1	A	40000	100000	0	0	0	0	0	0	0	0	0	0	1
4	1	B	40000	100000	0	0	0	0	0	0	0	0	0	0	1
4	2	G	40000	99775	0.225002	0.0155	225	400	0	0	0	400	0	0	402
4	2	A	40000	99783	0.217003	0.018	217	199	0	0	0	199	0	0	200
4	2	B	40000	99786	0.213999	0.013	214	201	0	0	0	201	0	0	202
4	3	G	40000	27712	72.288	50.7335	72288	35072	616	0	0	33863	123	470	34258
4	3	A	40000	31530	68.47	50.98	68470	17490	296	0	0	16853	2	339	16941
4	3	B	40000	31931	68.069	50.487	68069	17582	320	0	0	17010	121	131	17317
4	3	cSpy was 7 spamed and the readout avoided!
4	4	G	40000	2901	97.099	88.326	97099	11736	283	31	3	10143	826	450	11264
4	4	A	40000	5575	94.425	88.665	94425	5760	155	20	2	4800	413	370	5415
4	4	B	40000	6037	93.963	87.987	93963	5976	128	11	1	5343	413	80	5849
4	4	cSpy was 48 spamed and the readout avoided!
4	5	G	40000	99861	0.138998	0	139	278	0	0	0	278	0	0	280
4	5	A	40000	99861	0.138998	0	139	139	0	0	0	139	0	0	140
4	5	B	40000	99861	0.138998	0	139	139	0	0	0	139	0	0	140
4	6	G	40000	100000	0	0	0	0	0	0	0	0	0	0	2
4	6	A	40000	100000	0	0	0	0	0	0	0	0	0	0	1
4	6	B	40000	100000	0	0	0	0	0	0	0	0	0	0	1
4	7	G	40000	43233	56.767	36.567	56767	31236	158	0	0	30936	0	142	31066
4	7	A	40000	47796	52.204	36.657	52204	15547	74	0	0	15354	0	119	15419
4	7	B	40000	47834	52.166	36.477	52166	15689	84	0	0	15582	0	23	15647
4	7	cSpy was 3 spamed and the readout avoided!
5	0	G	40000	497	99.503	56.6905	99503	14605	157	0	0	13513	100	835	14061
5	0	A	40000	625	99.375	98.205	99375	1170	157	0	0	80	98	835	625
5	0	B	40000	71389	28.611	15.176	28611	13435	0	0	0	13433	2	0	13436
5	0	cSpy was 59 spamed and the readout avoided!
5	1	G	40000	86233	13.767	4.7395	13767	14938	2	0	0	14918	4	14	14936
5	1	A	40000	87734	12.266	4.883	12266	7383	1	0	0	7365	4	13	7381
5	1	B	40000	87849	12.151	4.596	12151	7555	1	0	0	7553	0	1	7555
5	2	G	40000	11	99.989	99.034	99989	1124	37	0	0	402	336	349	808
5	2	A	40000	24	99.976	99.714	99976	262	0	0	0	2	0	260	24
5	2	B	40000	784	99.216	98.354	99216	862	37	0	0	400	336	89	784
5	2	cSpy was 22 spamed and the readout avoided!
5	3	G	40000	95931	4.069	0.06	4069	7855	0	0	0	7706	148	1	7857
5	3	A	40000	95937	4.063	0.06	4063	4003	0	0	0	3860	142	1	4004
5	3	B	40000	96088	3.912	0.06	3912	3852	0	0	0	3846	6	0	3853
5	4	G	40000	100000	0	0	0	0	0	0	0	0	0	0	2
5	4	A	40000	100000	0	0	0	0	0	0	0	0	0	0	1
5	4	B	40000	100000	0	0	0	0	0	0	0	0	0	0	1
5	5	G	40000	97969	2.031	0.202	2031	3480	0	0	0	3478	0	2	3482
5	5	A	40000	98033	1.967	0.229	1967	1738	0	0	0	1736	0	2	1739
5	5	B	40000	98083	1.917	0.175	1917	1742	0	0	0	1742	0	0	1743
5	6	G	40000	18	99.982	97.7055	99982	2411	190	2	1	1440	576	202	2168
5	6	A	40000	45	99.955	99.837	99955	118	0	0	0	12	2	104	45
5	6	B	40000	2133	97.867	95.574	97867	2293	190	2	1	1428	574	98	2123
5	6	cSpy was 59 spamed and the readout avoided!
5	7	G	40000	18480	81.52	33.3225	81520	62462	0	1	0	55200	7043	218	62348
5	7	A	40000	33675	66.325	36.608	66325	29717	0	1	0	25487	4013	216	29604
5	7	B	40000	37218	62.782	30.037	62782	32745	0	0	0	29713	3030	2	32744
5	7	cSpy was 8 spamed and the readout avoided!
6	0	G	40000	363	99.637	97.2515	99637	3019	311	1	1	1380	781	545	2469
6	0	A	40000	896	99.104	97.819	99104	1285	160	0	0	255	427	443	896
6	0	B	40000	1582	98.418	96.684	98418	1734	151	1	1	1125	354	102	1573
6	0	cSpy was 79 spamed and the readout avoided!
6	1	G	40000	11286	88.714	57.0295	88714	41695	16	2	0	37089	4048	540	41395
6	1	A	40000	20876	79.124	59.173	79124	19951	10	1	0	17233	2175	532	19658
6	1	B	40000	23370	76.63	54.886	76630	21744	6	1	0	19856	1873	8	21737
6	1	cSpy was 71 spamed and the readout avoided!
6	2	G	40000	100000	0	0	0	0	0	0	0	0	0	0	2
6	2	A	40000	100000	0	0	0	0	0	0	0	0	0	0	1
6	2	B	40000	100000	0	0	0	0	0	0	0	0	0	0	1
6	3	G	40000	100000	0	0	0	0	0	0	0	0	0	0	2
6	3	A	40000	100000	0	0	0	0	0	0	0	0	0	0	1
6	3	B	40000	100000	0	0	0	0	0	0	0	0	0	0	1
6	4	G	40000	35079	64.921	46.3595	64921	30569	606	1	0	29392	112	458	29752
6	4	A	40000	38116	61.884	46.61	61884	15274	291	0	0	14660	1	322	14734
6	4	B	40000	38596	61.404	46.109	61404	15295	315	1	0	14732	111	136	15018
6	4	cSpy was 7 spamed and the readout avoided!
6	5	G	40000	626	99.374	96.078	99374	4091	164	5	0	3110	210	602	3684
6	5	A	40000	1587	98.413	96.6	98413	1813	14	0	0	1242	86	471	1564
6	5	B	40000	2166	97.834	95.556	97834	2278	150	5	0	1868	124	131	2120
6	5	cSpy was 93 spamed and the readout avoided!
6	6	G	40000	100000	0	0	0	0	0	0	0	0	0	0	2
6	6	A	40000	100000	0	0	0	0	0	0	0	0	0	0	1
6	6	B	40000	100000	0	0	0	0	0	0	0	0	0	0	1
6	7	G	40000	100000	0	0	0	0	0	0	0	0	0	0	2
6	7	A	40000	100000	0	0	0	0	0	0	0	0	0	0	1
6	7	B	40000	100000	0	0	0	0	0	0	0	0	0	0	1
7	0	G	40000	2055	97.945	47.973	97945	3531	207	0	0	2694	85	545	3051
7	0	A	40000	2067	97.933	95.427	97933	2506	207	0	0	1669	85	545	2025
7	0	B	40000	98456	1.544	0.519	1544	1025	0	0	0	1025	0	0	1026
7	0	cSpy was 1 spamed and the readout avoided!
7	1	G	40000	100000	0	0	0	0	0	0	0	0	0	0	2
7	1	A	40000	100000	0	0	0	0	0	0	0	0	0	0	1
7	1	B	40000	100000	0	0	0	0	0	0	0	0	0	0	1
7	2	G	40000	99174	0.826001	0.0445	826	1534	0	0	0	1530	4	0	1536
7	2	A	40000	99182	0.818002	0.051	818	767	0	0	0	764	3	0	768
7	2	B	40000	99195	0.805002	0.038	805	767	0	0	0	766	1	0	768
7	3	G	40000	0	100	100	100000	200000	200000	200000	200000	200000	200000	200000	200002
7	3	A	40000	0	100	100	100000	100000	100000	100000	100000	100000	100000	100000	100001
7	3	B	40000	0	100	100	100000	100000	100000	100000	100000	100000	100000	100000	100001
7	4	G	40000	48439	51.561	28.317	51561	34711	21	2	0	31232	3145	311	34533
7	4	A	40000	52896	47.104	28.955	47104	18149	4	0	0	15663	2189	293	17995
7	4	B	40000	55759	44.241	27.679	44241	16562	17	2	0	15569	956	18	16538
7	4	cSpy was 5 spamed and the readout avoided!
7	5	G	40000	100000	0	0	0	0	0	0	0	0	0	0	2
7	5	A	40000	100000	0	0	0	0	0	0	0	0	0	0	1
7	5	B	40000	100000	0	0	0	0	0	0	0	0	0	0	1
7	6	G	40000	99430	0.569999	0.0495	570	962	0	0	0	960	1	1	964
7	6	A	40000	99462	0.537997	0.057	538	481	0	0	0	479	1	1	482
7	6	B	40000	99477	0.523001	0.042	523	481	0	0	0	481	0	0	482
7	7	G	40000	63296	36.704	13.2865	36704	33257	55	78	0	32580	419	125	33183
7	7	A	40000	69225	30.775	13.874	30775	16901	55	78	0	16475	168	125	16826
7	7	B	40000	70945	29.055	12.699	29055	16356	0	0	0	16105	251	0	16357
7	7	cSpy was 7 spamed and the readout avoided!
