#the gain was set to: 2	the bias was set to: 30
#Sent triggers per delay setting: 100000	and with a frequency [Hz] of: 40000
#160MHz delay setting	400MHz delay setting	Frequency	correct transmitted H+T		error rate [%]	uncertainty [%]	bad or missed events	error count	missing headers	missing trailers	flipped H/T	event nr errors	tbm missed trigger	unknown errors	event nr resets
0	0	G	40000	432	99.568	72.503	99568	18849	111	0	0	17847	294	597	18368
0	0	A	40000	639	99.361	98.247	99361	1114	92	0	0	174	261	587	639
0	0	B	40000	35506	64.494	46.759	64494	17735	19	0	0	17673	33	10	17729
0	0	cSpy was 24 spamed and the readout avoided!
0	1	G	40000	29747	70.253	50.7875	70253	25759	218	0	0	24673	346	522	25586
0	1	A	40000	38736	61.264	50.203	61264	11061	121	0	0	10500	8	432	10934
0	1	B	40000	33930	66.07	51.372	66070	14698	97	0	0	14173	338	90	14652
0	2	G	40000	2781	97.219	85.7505	97219	14206	322	8	0	11661	1762	453	13717
0	2	A	40000	6316	93.684	87.36	93684	6324	112	0	0	4756	1078	378	6005
0	2	B	40000	7977	92.023	84.141	92023	7882	210	8	0	6905	684	75	7712
0	2	cSpy was 37 spamed and the readout avoided!
0	3	G	40000	100000	0	0	0	0	0	0	0	0	0	0	2
0	3	A	40000	100000	0	0	0	0	0	0	0	0	0	0	1
0	3	B	40000	100000	0	0	0	0	0	0	0	0	0	0	1
0	4	G	40000	100000	0	0	0	0	0	0	0	0	0	0	2
0	4	A	40000	100000	0	0	0	0	0	0	0	0	0	0	1
0	4	B	40000	100000	0	0	0	0	0	0	0	0	0	0	1
0	5	G	40000	52434	47.566	26.823	47566	30255	1	0	0	29955	68	231	30235
0	5	A	40000	59696	40.304	26.449	40304	13855	1	0	0	13604	22	228	13834
0	5	B	40000	56403	43.597	27.197	43597	16400	0	0	0	16351	46	3	16401
0	6	G	40000	0	100	100	100000	200000	200000	200000	200000	200000	200000	200000	200002
0	6	A	40000	0	100	100	100000	100000	100000	100000	100000	100000	100000	100000	100001
0	6	B	40000	0	100	100	100000	100000	100000	100000	100000	100000	100000	100000	100001
0	7	G	40000	97012	2.988	0.329	2988	4695	0	0	0	4606	89	0	4697
0	7	A	40000	97402	2.598	0.249	2598	2349	0	0	0	2309	40	0	2350
0	7	B	40000	97245	2.755	0.409	2755	2346	0	0	0	2297	49	0	2347
1	0	G	40000	250	99.75	98.076	99750	2141	150	0	0	1316	161	514	1704
1	0	A	40000	995	99.005	97.642	99005	1363	122	0	0	699	97	445	992
1	0	B	40000	712	99.288	98.51	99288	778	28	0	0	617	64	69	712
1	0	cSpy was 36 spamed and the readout avoided!
1	1	G	40000	96265	3.735	0.41	3735	5475	0	0	0	5326	147	2	5477
1	1	A	40000	97004	2.996	0.262	2996	2734	0	0	0	2667	65	2	2735
1	1	B	40000	96701	3.299	0.558	3299	2741	0	0	0	2659	82	0	2742
1	2	G	40000	100000	0	0	0	0	0	0	0	0	0	0	2
1	2	A	40000	100000	0	0	0	0	0	0	0	0	0	0	1
1	2	B	40000	100000	0	0	0	0	0	0	0	0	0	0	1
1	3	G	40000	98796	1.204	0.1045	1204	2143	0	0	0	2142	1	0	2145
1	3	A	40000	98847	1.153	0.1	1153	1053	0	0	0	1052	1	0	1054
1	3	B	40000	98801	1.199	0.109	1199	1090	0	0	0	1090	0	0	1091
1	4	G	40000	424	99.576	97.276	99576	2956	232	0	0	1195	1078	451	2487
1	4	A	40000	1383	98.617	97.095	98617	1522	55	0	0	588	738	141	1378
1	4	B	40000	1109	98.891	97.457	98891	1434	177	0	0	607	340	310	1109
1	4	cSpy was 23 spamed and the readout avoided!
1	5	G	40000	34098	65.902	19.2105	65902	48287	16	0	0	40460	7764	47	48260
1	5	A	40000	65423	34.577	6.856	34577	27721	0	0	0	22831	4849	41	27712
1	5	B	40000	47869	52.131	31.565	52131	20566	16	0	0	17629	2915	6	20548
1	6	G	40000	100000	0	0	0	0	0	0	0	0	0	0	2
1	6	A	40000	100000	0	0	0	0	0	0	0	0	0	0	1
1	6	B	40000	100000	0	0	0	0	0	0	0	0	0	0	1
1	7	G	40000	99925	0.0750005	0.003	75	144	0	0	0	144	0	0	146
1	7	A	40000	99925	0.0750005	0.003	75	72	0	0	0	72	0	0	73
1	7	B	40000	99925	0.0750005	0.003	75	72	0	0	0	72	0	0	73
2	0	G	40000	2341	97.659	48.372	97659	4091	55	2	0	3849	104	81	3994
2	0	A	40000	2382	97.618	95.18	97618	2438	55	2	0	2197	103	81	2340
2	0	B	40000	96783	3.217	1.564	3217	1653	0	0	0	1652	1	0	1654
2	1	G	40000	100000	0	0	0	0	0	0	0	0	0	0	2
2	1	A	40000	100000	0	0	0	0	0	0	0	0	0	0	1
2	1	B	40000	100000	0	0	0	0	0	0	0	0	0	0	1
2	2	G	40000	31312	68.688	47.738	68688	25468	622	0	0	23027	1208	611	24971
2	2	A	40000	42838	57.162	45.909	57162	11253	346	0	0	9759	707	441	10925
2	2	B	40000	36218	63.782	49.567	63782	14215	276	0	0	13268	501	170	14046
2	3	G	40000	4828	95.172	75.537	95172	24001	64	4	0	21070	2621	242	23846
2	3	A	40000	15992	84.008	68.634	84008	15374	6	0	0	13339	1837	192	15276
2	3	B	40000	8933	91.067	82.44	91067	8627	58	4	0	7731	784	50	8570
2	3	cSpy was 4 spamed and the readout avoided!
2	4	G	40000	100000	0	0	0	0	0	0	0	0	0	0	2
2	4	A	40000	100000	0	0	0	0	0	0	0	0	0	0	1
2	4	B	40000	100000	0	0	0	0	0	0	0	0	0	0	1
2	5	G	40000	100000	0	0	0	0	0	0	0	0	0	0	2
2	5	A	40000	100000	0	0	0	0	0	0	0	0	0	0	1
2	5	B	40000	100000	0	0	0	0	0	0	0	0	0	0	1
2	6	G	40000	38554	61.446	35.1915	61446	30880	24	0	0	29835	720	301	30843
2	6	A	40000	52666	47.334	33.356	47334	13978	19	0	0	13026	639	294	13944
2	6	B	40000	46071	53.929	37.027	53929	16902	5	0	0	16809	81	7	16899
2	7	G	40000	0	100	100	100000	200000	200000	200000	200000	200000	200000	200000	200002
2	7	A	40000	0	100	100	100000	100000	100000	100000	100000	100000	100000	100000	100001
2	7	B	40000	0	100	100	100000	100000	100000	100000	100000	100000	100000	100000	100001
3	0	G	40000	1282	98.718	61.363	98718	17130	248	8	0	15997	254	623	16589
3	0	A	40000	1733	98.267	96.047	98267	2220	220	0	0	1366	33	601	1710
3	0	B	40000	58411	41.589	26.679	41589	14910	28	8	0	14631	221	22	14879
3	0	cSpy was 62 spamed and the readout avoided!
3	1	G	40000	0	100	100	100000	200000	200000	200000	200000	200000	200000	200000	200002
3	1	A	40000	0	100	100	100000	100000	100000	100000	100000	100000	100000	100000	100001
3	1	B	40000	0	100	100	100000	100000	100000	100000	100000	100000	100000	100000	100001
3	2	G	40000	98207	1.793	0.037	1793	3506	0	0	0	3505	1	0	3508
3	2	A	40000	98208	1.792	0.037	1792	1755	0	0	0	1754	1	0	1756
3	2	B	40000	98212	1.788	0.037	1788	1751	0	0	0	1751	0	0	1752
3	3	G	40000	100000	0	0	0	0	0	0	0	0	0	0	2
3	3	A	40000	100000	0	0	0	0	0	0	0	0	0	0	1
3	3	B	40000	100000	0	0	0	0	0	0	0	0	0	0	1
3	4	G	40000	95101	4.899	0.718	4899	7953	0	0	0	7946	6	1	7955
3	4	A	40000	95349	4.651	0.665	4651	3986	0	0	0	3979	6	1	3987
3	4	B	40000	95262	4.738	0.771	4738	3967	0	0	0	3967	0	0	3968
3	5	G	40000	0	100	100	100000	200000	200000	200000	200000	200000	200000	200000	200002
3	5	A	40000	0	100	100	100000	100000	100000	100000	100000	100000	100000	100000	100001
3	5	B	40000	0	100	100	100000	100000	100000	100000	100000	100000	100000	100000	100001
3	6	G	40000	54816	45.184	11.208	45184	46965	15	3	0	43159	3759	29	46952
3	6	A	40000	64962	35.038	10.947	35038	24091	9	0	0	20927	3130	25	24085
3	6	B	40000	65657	34.343	11.469	34343	22874	6	3	0	22232	629	4	22867
3	6	cSpy was 9 spamed and the readout avoided!
3	7	G	40000	100000	0	0	0	0	0	0	0	0	0	0	2
3	7	A	40000	100000	0	0	0	0	0	0	0	0	0	0	1
3	7	B	40000	100000	0	0	0	0	0	0	0	0	0	0	1
4	0	G	40000	1178	98.822	68.696	98822	27944	141	1	0	25140	2507	155	27756
4	0	A	40000	2039	97.961	95.779	97961	2182	78	0	0	1422	550	132	2032
4	0	B	40000	32625	67.375	41.613	67375	25762	63	1	0	23718	1957	23	25724
4	0	cSpy was 5 spamed and the readout avoided!
4	1	G	40000	100000	0	0	0	0	0	0	0	0	0	0	2
4	1	A	40000	100000	0	0	0	0	0	0	0	0	0	0	1
4	1	B	40000	100000	0	0	0	0	0	0	0	0	0	0	1
4	2	G	40000	99385	0.615001	0.193	615	600	0	0	0	600	0	0	602
4	2	A	40000	99503	0.497001	0.204	497	293	0	0	0	293	0	0	294
4	2	B	40000	99511	0.489002	0.182	489	307	0	0	0	307	0	0	308
4	3	G	40000	19959	80.041	58.7875	80041	34247	829	0	0	32686	127	605	33152
4	3	A	40000	23784	76.216	59.048	76216	17168	401	0	0	16335	0	432	16430
4	3	B	40000	24394	75.606	58.527	75606	17079	428	0	0	16351	127	173	16722
4	3	cSpy was 7 spamed and the readout avoided!
4	4	G	40000	4178	95.822	84.08	95822	15387	298	17	0	13100	1414	560	14842
4	4	A	40000	7843	92.157	84.836	92157	7321	128	11	0	6120	679	385	7000
4	4	B	40000	8610	91.39	83.324	91390	8066	170	6	0	6980	735	175	7842
4	4	cSpy was 98 spamed and the readout avoided!
4	5	G	40000	100000	0	0	0	0	0	0	0	0	0	0	2
4	5	A	40000	100000	0	0	0	0	0	0	0	0	0	0	1
4	5	B	40000	100000	0	0	0	0	0	0	0	0	0	0	1
4	6	G	40000	100000	0	0	0	0	0	0	0	0	0	0	2
4	6	A	40000	100000	0	0	0	0	0	0	0	0	0	0	1
4	6	B	40000	100000	0	0	0	0	0	0	0	0	0	0	1
4	7	G	40000	27774	72.226	47.6495	72226	38164	235	1	0	37685	9	234	37885
4	7	A	40000	33248	66.752	47.711	66752	19041	112	1	0	18729	6	193	18829
4	7	B	40000	33289	66.711	47.588	66711	19123	123	0	0	18956	3	41	19056
4	7	cSpy was 10 spamed and the readout avoided!
5	0	G	40000	516	99.484	56.92	99484	14855	137	0	0	13772	105	841	14324
5	0	A	40000	619	99.381	98.23	99381	1151	137	0	0	78	96	840	619
5	0	B	40000	70686	29.314	15.61	29314	13704	0	0	0	13694	9	1	13705
5	0	cSpy was 63 spamed and the readout avoided!
5	1	G	40000	67555	32.445	13.4635	32445	29312	19	1	0	29251	4	37	29301
5	1	A	40000	71843	28.157	13.707	28157	14450	9	1	0	14401	4	35	14439
5	1	B	40000	71918	28.082	13.22	28082	14862	10	0	0	14850	0	2	14862
5	1	cSpy was 2 spamed and the readout avoided!
5	2	G	40000	17	99.983	98.888	99983	1313	52	0	0	473	335	453	910
5	2	A	40000	35	99.965	99.639	99965	326	0	0	0	1	1	324	34
5	2	B	40000	876	99.124	98.137	99124	987	52	0	0	472	334	129	876
5	2	cSpy was 27 spamed and the readout avoided!
5	3	G	40000	95493	4.507	0.082	4507	8679	0	0	0	8532	146	1	8681
5	3	A	40000	95501	4.499	0.082	4499	4417	0	0	0	4278	138	1	4418
5	3	B	40000	95656	4.344	0.082	4344	4262	0	0	0	4254	8	0	4263
5	4	G	40000	100000	0	0	0	0	0	0	0	0	0	0	2
5	4	A	40000	100000	0	0	0	0	0	0	0	0	0	0	1
5	4	B	40000	100000	0	0	0	0	0	0	0	0	0	0	1
5	5	G	40000	92649	7.351	3.775	7351	6006	14	0	0	5980	0	12	5994
5	5	A	40000	93201	6.799	3.81	6799	2989	7	0	0	2971	0	11	2978
5	5	B	40000	93243	6.757	3.74	6757	3017	7	0	0	3009	0	1	3016
5	6	G	40000	0	100	100	100000	200000	200000	200000	200000	200000	200000	200000	200002
5	6	A	40000	0	100	100	100000	100000	100000	100000	100000	100000	100000	100000	100001
5	6	B	40000	0	100	100	100000	100000	100000	100000	100000	100000	100000	100000	100001
5	7	G	40000	18318	81.682	34.227	81682	61197	2	0	0	53883	7122	190	61115
5	7	A	40000	33459	66.541	37.362	66541	29179	0	0	0	24868	4122	189	29096
5	7	B	40000	36890	63.11	31.092	63110	32018	2	0	0	29015	3000	1	32019
5	7	cSpy was 8 spamed and the readout avoided!
6	0	G	40000	392	99.608	97.396	99608	2860	325	2	0	1324	699	510	2340
6	0	A	40000	856	99.144	97.948	99144	1196	149	1	0	268	389	389	856
6	0	B	40000	1492	98.508	96.844	98508	1664	176	1	0	1056	310	121	1484
6	0	cSpy was 91 spamed and the readout avoided!
6	1	G	40000	7309	92.691	70.779	92691	28648	61	1	0	25466	2432	688	28219
6	1	A	40000	14029	85.971	72.198	85971	13773	24	0	0	11908	1184	657	13376
6	1	B	40000	15765	84.235	69.36	84235	14875	37	1	0	13558	1248	31	14843
6	1	cSpy was 86 spamed and the readout avoided!
6	2	G	40000	100000	0	0	0	0	0	0	0	0	0	0	2
6	2	A	40000	100000	0	0	0	0	0	0	0	0	0	0	1
6	2	B	40000	100000	0	0	0	0	0	0	0	0	0	0	1
6	3	G	40000	99931	0.0689983	0.0015	69	134	0	0	0	134	0	0	136
6	3	A	40000	99931	0.0689983	0.002	69	67	0	0	0	67	0	0	68
6	3	B	40000	99932	0.0680029	0.001	68	67	0	0	0	67	0	0	68
6	4	G	40000	24275	75.725	52.7595	75725	36209	503	1	0	35199	94	412	35535
6	4	A	40000	28982	71.018	52.952	71018	18066	242	1	0	17517	9	297	17612
6	4	B	40000	29290	70.71	52.567	70710	18143	261	0	0	17682	85	115	17923
6	4	cSpy was 77 spamed and the readout avoided!
6	5	G	40000	5246	94.754	89.345	94754	7341	178	6	0	5892	604	664	6820
6	5	A	40000	6540	93.46	89.99	93460	3470	25	1	0	2706	241	498	3133
6	5	B	40000	7429	92.571	88.7	92571	3871	153	5	0	3186	363	166	3687
6	5	cSpy was 38 spamed and the readout avoided!
6	6	G	40000	100000	0	0	0	0	0	0	0	0	0	0	2
6	6	A	40000	100000	0	0	0	0	0	0	0	0	0	0	1
6	6	B	40000	100000	0	0	0	0	0	0	0	0	0	0	1
6	7	G	40000	100000	0	0	0	0	0	0	0	0	0	0	2
6	7	A	40000	100000	0	0	0	0	0	0	0	0	0	0	1
6	7	B	40000	100000	0	0	0	0	0	0	0	0	0	0	1
7	0	G	40000	1961	98.039	48.2965	98039	9197	192	0	0	8308	150	547	8724
7	0	A	40000	2125	97.875	95.311	97875	2564	192	0	0	1753	72	547	2090
7	0	B	40000	92085	7.915	1.282	7915	6633	0	0	0	6555	78	0	6634
7	0	cSpy was 5 spamed and the readout avoided!
7	1	G	40000	100000	0	0	0	0	0	0	0	0	0	0	2
7	1	A	40000	100000	0	0	0	0	0	0	0	0	0	0	1
7	1	B	40000	100000	0	0	0	0	0	0	0	0	0	0	1
7	2	G	40000	99305	0.695002	0.0335	695	1300	0	0	0	1298	2	0	1302
7	2	A	40000	99312	0.687999	0.038	688	650	0	0	0	648	2	0	651
7	2	B	40000	99321	0.678998	0.029	679	650	0	0	0	650	0	0	651
7	3	G	40000	0	100	100	100000	200000	200000	200000	200000	200000	200000	200000	200002
7	3	A	40000	0	100	100	100000	100000	100000	100000	100000	100000	100000	100000	100001
7	3	B	40000	0	100	100	100000	100000	100000	100000	100000	100000	100000	100000	100001
7	4	G	40000	53526	46.474	10.696	46474	50314	7	4	0	44960	5241	102	50269
7	4	A	40000	62545	37.455	11.573	37455	25882	7	4	0	22105	3664	102	25836
7	4	B	40000	65749	34.251	9.819	34251	24432	0	0	0	22855	1577	0	24433
7	4	cSpy was 2 spamed and the readout avoided!
7	5	G	40000	100000	0	0	0	0	0	0	0	0	0	0	2
7	5	A	40000	100000	0	0	0	0	0	0	0	0	0	0	1
7	5	B	40000	100000	0	0	0	0	0	0	0	0	0	0	1
7	6	G	40000	99387	0.612998	0.057	613	1060	0	0	0	1050	9	1	1062
7	6	A	40000	99404	0.595999	0.064	596	532	0	0	0	523	8	1	533
7	6	B	40000	99422	0.577998	0.05	578	528	0	0	0	527	1	0	529
7	7	G	40000	61728	38.272	14.119	38272	33664	54	87	0	32923	461	139	33566
7	7	A	40000	68127	31.873	14.793	31873	17080	54	87	0	16634	167	138	16982
7	7	B	40000	69971	30.029	13.445	30029	16584	0	0	0	16289	294	1	16584
7	7	cSpy was 8 spamed and the readout avoided!
