#the gain was set to: 2	the bias was set to: 30
#Sent triggers per delay setting: 100000	and with a frequency [Hz] of: 40000
#160MHz delay setting	400MHz delay setting	Frequency	correct transmitted H+T		error rate [%]	uncertainty [%]	bad or missed events	error count	missing headers	missing trailers	flipped H/T	event nr errors	tbm missed trigger	unknown errors	event nr resets
0	0	G	40000	444	99.556	71.7095	99556	19131	112	0	0	18125	283	611	18627
0	0	A	40000	652	99.348	98.208	99348	1140	90	0	0	215	241	594	652
0	0	B	40000	36798	63.202	45.211	63202	17991	22	0	0	17910	42	17	17975
0	0	cSpy was 34 spamed and the readout avoided!
0	1	G	40000	27019	72.981	51.7255	72981	27297	229	0	0	26456	31	581	27079
0	1	A	40000	37277	62.723	51.044	62723	11679	120	0	0	11063	11	485	11531
0	1	B	40000	31975	68.025	52.407	68025	15618	109	0	0	15393	20	96	15548
0	2	G	40000	3184	96.816	83.6105	96816	15866	105	4	0	12895	2506	356	15595
0	2	A	40000	7837	92.163	84.825	92163	7338	59	0	0	5548	1449	282	7139
0	2	B	40000	9076	90.924	82.396	90924	8528	46	4	0	7347	1057	74	8456
0	2	cSpy was 5 spamed and the readout avoided!
0	3	G	40000	91823	8.177	1.5335	8177	6676	0	0	0	5997	679	0	6678
0	3	A	40000	96016	3.984	0.62	3984	3364	0	0	0	3023	341	0	3365
0	3	B	40000	94241	5.759	2.447	5759	3312	0	0	0	2974	338	0	3313
0	4	G	40000	100000	0	0	0	0	0	0	0	0	0	0	2
0	4	A	40000	100000	0	0	0	0	0	0	0	0	0	0	1
0	4	B	40000	100000	0	0	0	0	0	0	0	0	0	0	1
0	5	G	40000	45563	54.437	35.1225	54437	25230	13	0	0	24798	86	333	25170
0	5	A	40000	54088	45.912	34.55	45912	11362	8	0	0	10993	36	325	11305
0	5	B	40000	50437	49.563	35.695	49563	13868	5	0	0	13805	50	8	13865
0	6	G	40000	2298	97.702	90.1025	97702	9937	332	18	0	7605	1690	292	9539
0	6	A	40000	5057	94.943	89.898	94943	5045	130	0	0	3672	1028	215	4823
0	6	B	40000	4801	95.199	90.307	95199	4892	202	18	0	3933	662	77	4716
0	6	cSpy was 34 spamed and the readout avoided!
0	7	G	40000	98692	1.308	0.267	1308	2055	0	0	0	2051	4	0	2057
0	7	A	40000	98710	1.29	0.264	1290	1026	0	0	0	1025	1	0	1027
0	7	B	40000	98701	1.299	0.27	1299	1029	0	0	0	1026	3	0	1030
1	0	G	40000	270	99.73	98.221	99730	1992	157	0	0	1178	176	481	1562
1	0	A	40000	881	99.119	97.866	99119	1253	133	0	0	596	102	422	878
1	0	B	40000	685	99.315	98.576	99315	739	24	0	0	582	74	59	684
1	0	cSpy was 23 spamed and the readout avoided!
1	1	G	40000	98508	1.492	0.293	1492	2372	0	0	0	2366	6	0	2374
1	1	A	40000	98527	1.473	0.288	1473	1185	0	0	0	1182	3	0	1186
1	1	B	40000	98515	1.485	0.298	1485	1187	0	0	0	1184	3	0	1188
1	2	G	40000	100000	0	0	0	0	0	0	0	0	0	0	2
1	2	A	40000	100000	0	0	0	0	0	0	0	0	0	0	1
1	2	B	40000	100000	0	0	0	0	0	0	0	0	0	0	1
1	3	G	40000	91664	8.336	2.08	8336	9874	0	0	0	9819	44	11	9876
1	3	A	40000	93330	6.67	1.847	6670	4823	0	0	0	4787	25	11	4824
1	3	B	40000	92636	7.364	2.313	7364	5051	0	0	0	5032	19	0	5052
1	4	G	40000	596	99.404	96.566	99404	3594	242	1	0	1578	1478	295	3235
1	4	A	40000	2073	97.927	95.741	97927	2186	99	0	0	839	1133	115	2037
1	4	B	40000	1201	98.799	97.391	98799	1408	143	1	0	739	345	180	1198
1	4	cSpy was 41 spamed and the readout avoided!
1	5	G	40000	52929	47.071	10.6235	47071	36040	0	0	0	31652	4385	3	36041
1	5	A	40000	77454	22.546	3.22	22546	19326	0	0	0	16818	2506	2	19326
1	5	B	40000	65259	34.741	18.027	34741	16714	0	0	0	14834	1879	1	16715
1	6	G	40000	100000	0	0	0	0	0	0	0	0	0	0	2
1	6	A	40000	100000	0	0	0	0	0	0	0	0	0	0	1
1	6	B	40000	100000	0	0	0	0	0	0	0	0	0	0	1
1	7	G	40000	100000	0	0	0	0	0	0	0	0	0	0	2
1	7	A	40000	100000	0	0	0	0	0	0	0	0	0	0	1
1	7	B	40000	100000	0	0	0	0	0	0	0	0	0	0	1
2	0	G	40000	2450	97.55	48.277	97550	4165	40	2	0	3934	121	68	4090
2	0	A	40000	2490	97.51	94.994	97510	2516	40	2	0	2285	121	68	2440
2	0	B	40000	96791	3.209	1.56	3209	1649	0	0	0	1649	0	0	1650
2	1	G	40000	99386	0.613999	0.1295	614	858	0	0	0	856	1	1	860
2	1	A	40000	99459	0.541002	0.116	541	425	0	0	0	424	0	1	426
2	1	B	40000	99424	0.576001	0.143	576	433	0	0	0	432	1	0	434
2	2	G	40000	33680	66.32	42.153	66320	28900	449	2	0	26577	1340	532	28479
2	2	A	40000	46680	53.32	39.778	53320	13542	225	2	0	11665	1283	367	13295
2	2	B	40000	40114	59.886	44.528	59886	15358	224	0	0	14912	57	165	15184
2	3	G	40000	5050	94.95	74.025	94950	25102	47	2	0	21483	3496	74	25030
2	3	A	40000	17099	82.901	66.916	82901	15985	3	0	0	13418	2514	50	15956
2	3	B	40000	9749	90.251	81.134	90251	9117	44	2	0	8065	982	24	9074
2	3	cSpy was 4 spamed and the readout avoided!
2	4	G	40000	100000	0	0	0	0	0	0	0	0	0	0	2
2	4	A	40000	100000	0	0	0	0	0	0	0	0	0	0	1
2	4	B	40000	100000	0	0	0	0	0	0	0	0	0	0	1
2	5	G	40000	100000	0	0	0	0	0	0	0	0	0	0	2
2	5	A	40000	100000	0	0	0	0	0	0	0	0	0	0	1
2	5	B	40000	100000	0	0	0	0	0	0	0	0	0	0	1
2	6	G	40000	29256	70.744	44.6115	70744	30080	78	0	0	28110	1498	394	29992
2	6	A	40000	44172	55.828	41.753	55828	14075	44	0	0	12215	1446	370	14006
2	6	B	40000	36525	63.475	47.47	63475	16005	34	0	0	15895	52	24	15986
2	7	G	40000	0	100	100	100000	200000	200000	200000	200000	200000	200000	200000	200002
2	7	A	40000	0	100	100	100000	100000	100000	100000	100000	100000	100000	100000	100001
2	7	B	40000	0	100	100	100000	100000	100000	100000	100000	100000	100000	100000	100001
3	0	G	40000	809	99.191	75.808	99191	19606	266	3	1	18208	439	689	19012
3	0	A	40000	1438	98.562	96.585	98562	1977	196	0	0	1093	29	659	1431
3	0	B	40000	27340	72.66	55.031	72660	17629	70	3	1	17115	410	30	17581
3	0	cSpy was 14 spamed and the readout avoided!
3	1	G	40000	0	100	100	100000	200000	200000	200000	200000	200000	200000	200000	200002
3	1	A	40000	0	100	100	100000	100000	100000	100000	100000	100000	100000	100000	100001
3	1	B	40000	0	100	100	100000	100000	100000	100000	100000	100000	100000	100000	100001
3	2	G	40000	99209	0.791001	0.004	791	1574	0	0	0	1574	0	0	1576
3	2	A	40000	99209	0.791001	0.004	791	787	0	0	0	787	0	0	788
3	2	B	40000	99209	0.791001	0.004	791	787	0	0	0	787	0	0	788
3	3	G	40000	100000	0	0	0	0	0	0	0	0	0	0	2
3	3	A	40000	100000	0	0	0	0	0	0	0	0	0	0	1
3	3	B	40000	100000	0	0	0	0	0	0	0	0	0	0	1
3	4	G	40000	96114	3.886	0.493	3886	6537	0	0	0	6532	5	0	6539
3	4	A	40000	96262	3.738	0.465	3738	3273	0	0	0	3269	4	0	3274
3	4	B	40000	96215	3.785	0.521	3785	3264	0	0	0	3263	1	0	3265
3	5	G	40000	0	100	100	100000	200000	200000	200000	200000	200000	200000	200000	200002
3	5	A	40000	0	100	100	100000	100000	100000	100000	100000	100000	100000	100000	100001
3	5	B	40000	0	100	100	100000	100000	100000	100000	100000	100000	100000	100000	100001
3	6	G	40000	60967	39.033	10.0245	39033	42827	9	4	0	39702	3082	30	42816
3	6	A	40000	67739	32.261	9.851	32261	22410	5	0	0	19588	2802	15	22409
3	6	B	40000	69385	30.615	10.198	30615	20417	4	4	0	20114	280	15	20407
3	6	cSpy was 5 spamed and the readout avoided!
3	7	G	40000	100000	0	0	0	0	0	0	0	0	0	0	2
3	7	A	40000	100000	0	0	0	0	0	0	0	0	0	0	1
3	7	B	40000	100000	0	0	0	0	0	0	0	0	0	0	1
4	0	G	40000	0	100	100	100000	200000	200000	200000	200000	200000	200000	200000	200002
4	0	A	40000	0	100	100	100000	100000	100000	100000	100000	100000	100000	100000	100001
4	0	B	40000	0	100	100	100000	100000	100000	100000	100000	100000	100000	100000	100001
4	1	G	40000	100000	0	0	0	0	0	0	0	0	0	0	2
4	1	A	40000	100000	0	0	0	0	0	0	0	0	0	0	1
4	1	B	40000	100000	0	0	0	0	0	0	0	0	0	0	1
4	2	G	40000	98867	1.133	0.576	1133	912	0	0	0	910	1	1	914
4	2	A	40000	98972	1.028	0.581	1028	447	0	0	0	445	1	1	448
4	2	B	40000	98964	1.036	0.571	1036	465	0	0	0	465	0	0	466
4	3	G	40000	19993	80.007	58.7745	80007	34223	814	0	0	32659	140	610	33129
4	3	A	40000	23816	76.184	59.046	76184	17138	395	0	0	16316	1	426	16418
4	3	B	40000	24412	75.588	58.503	75588	17085	419	0	0	16343	139	184	16711
4	3	cSpy was 8 spamed and the readout avoided!
4	4	G	40000	10164	89.836	70.7375	89836	25379	175	16	0	22376	2379	434	25017
4	4	A	40000	16180	83.82	71.443	83820	12377	45	10	0	10780	1215	328	12153
4	4	B	40000	16966	83.034	70.032	83034	13002	130	6	0	11596	1164	106	12864
4	4	cSpy was 94 spamed and the readout avoided!
4	5	G	40000	100000	0	0	0	0	0	0	0	0	0	0	2
4	5	A	40000	100000	0	0	0	0	0	0	0	0	0	0	1
4	5	B	40000	100000	0	0	0	0	0	0	0	0	0	0	1
4	6	G	40000	100000	0	0	0	0	0	0	0	0	0	0	2
4	6	A	40000	100000	0	0	0	0	0	0	0	0	0	0	1
4	6	B	40000	100000	0	0	0	0	0	0	0	0	0	0	1
4	7	G	40000	21962	78.038	55.412	78038	35848	506	0	0	34877	43	422	35176
4	7	A	40000	26498	73.502	55.571	73502	17931	245	0	0	17387	1	298	17485
4	7	B	40000	26830	73.17	55.253	73170	17917	261	0	0	17490	42	124	17691
4	7	cSpy was 6 spamed and the readout avoided!
5	0	G	40000	498	99.502	57.1045	99502	14992	147	0	0	13906	102	837	14462
5	0	A	40000	623	99.377	98.223	99377	1154	147	0	0	75	96	836	623
5	0	B	40000	70176	29.824	15.986	29824	13838	0	0	0	13831	6	1	13839
5	0	cSpy was 58 spamed and the readout avoided!
5	1	G	40000	74384	25.616	9.45	25616	25465	4	3	0	25425	5	28	25461
5	1	A	40000	77750	22.25	9.691	22250	12559	2	2	0	12522	5	28	12555
5	1	B	40000	77885	22.115	9.209	22115	12906	2	1	0	12903	0	0	12906
5	2	G	40000	24	99.976	98.2575	99976	1987	95	0	0	780	581	531	1494
5	2	A	40000	64	99.936	99.507	99936	429	1	0	0	16	0	412	64
5	2	B	40000	1434	98.566	97.008	98566	1558	94	0	0	764	581	119	1430
5	2	cSpy was 35 spamed and the readout avoided!
5	3	G	40000	97338	2.662	0.009	2662	5279	0	0	0	5254	25	0	5281
5	3	A	40000	97338	2.662	0.009	2662	2653	0	0	0	2628	25	0	2654
5	3	B	40000	97365	2.635	0.009	2635	2626	0	0	0	2626	0	0	2627
5	4	G	40000	100000	0	0	0	0	0	0	0	0	0	0	2
5	4	A	40000	100000	0	0	0	0	0	0	0	0	0	0	1
5	4	B	40000	100000	0	0	0	0	0	0	0	0	0	0	1
5	5	G	40000	90980	9.02	4.839	9020	6888	16	0	0	6856	0	16	6873
5	5	A	40000	91709	8.291	4.872	8291	3419	8	0	0	3396	0	15	3406
5	5	B	40000	91725	8.275	4.806	8275	3469	8	0	0	3460	0	1	3467
5	5	cSpy was 1 spamed and the readout avoided!
5	6	G	40000	0	100	100	100000	200000	200000	200000	200000	200000	200000	200000	200002
5	6	A	40000	0	100	100	100000	100000	100000	100000	100000	100000	100000	100000	100001
5	6	B	40000	0	100	100	100000	100000	100000	100000	100000	100000	100000	100000	100001
5	7	G	40000	22669	77.331	30.891	77331	59466	7	7	0	52336	6960	156	59395
5	7	A	40000	38155	61.845	33.101	61845	28744	7	7	0	24487	4090	153	28673
5	7	B	40000	40597	59.403	28.681	59403	30722	0	0	0	27849	2870	3	30722
5	7	cSpy was 2 spamed and the readout avoided!
6	0	G	40000	591	99.409	96.2735	99409	3994	303	2	0	1990	1090	609	3447
6	0	A	40000	1215	98.785	97.134	98785	1651	172	1	0	156	769	553	1215
6	0	B	40000	2244	97.756	95.413	97756	2343	131	1	0	1834	321	56	2232
6	0	cSpy was 50 spamed and the readout avoided!
6	1	G	40000	11095	88.905	57.5565	88905	41114	4	0	0	36643	4136	331	40949
6	1	A	40000	20636	79.364	59.778	79364	19586	1	0	0	17088	2168	329	19423
6	1	B	40000	23137	76.863	55.335	76863	21528	3	0	0	19555	1968	2	21526
6	1	cSpy was 4 spamed and the readout avoided!
6	2	G	40000	100000	0	0	0	0	0	0	0	0	0	0	2
6	2	A	40000	100000	0	0	0	0	0	0	0	0	0	0	1
6	2	B	40000	100000	0	0	0	0	0	0	0	0	0	0	1
6	3	G	40000	100000	0	0	0	0	0	0	0	0	0	0	2
6	3	A	40000	100000	0	0	0	0	0	0	0	0	0	0	1
6	3	B	40000	100000	0	0	0	0	0	0	0	0	0	0	1
6	4	G	40000	23869	76.131	55.0065	76131	34312	735	0	0	32892	135	550	33322
6	4	A	40000	27576	72.424	55.273	72424	17151	354	0	0	16412	0	385	16498
6	4	B	40000	28099	71.901	54.74	71901	17161	381	0	0	16480	135	165	16824
6	4	cSpy was 7 spamed and the readout avoided!
6	5	G	40000	1636	98.364	91.5855	98364	8581	237	11	1	7178	430	725	8057
6	5	A	40000	3848	96.152	92.072	96152	4080	34	3	0	3273	190	580	3764
6	5	B	40000	4400	95.6	91.099	95600	4501	203	8	1	3905	240	145	4293
6	5	cSpy was 61 spamed and the readout avoided!
6	6	G	40000	100000	0	0	0	0	0	0	0	0	0	0	2
6	6	A	40000	100000	0	0	0	0	0	0	0	0	0	0	1
6	6	B	40000	100000	0	0	0	0	0	0	0	0	0	0	1
6	7	G	40000	100000	0	0	0	0	0	0	0	0	0	0	2
6	7	A	40000	100000	0	0	0	0	0	0	0	0	0	0	1
6	7	B	40000	100000	0	0	0	0	0	0	0	0	0	0	1
7	0	G	40000	2057	97.943	47.9675	97943	3495	198	0	0	2687	80	530	3036
7	0	A	40000	2075	97.925	95.415	97925	2510	198	0	0	1702	80	530	2050
7	0	B	40000	98495	1.505	0.52	1505	985	0	0	0	985	0	0	986
7	1	G	40000	100000	0	0	0	0	0	0	0	0	0	0	2
7	1	A	40000	100000	0	0	0	0	0	0	0	0	0	0	1
7	1	B	40000	100000	0	0	0	0	0	0	0	0	0	0	1
7	2	G	40000	98032	1.968	0.203	1968	3325	0	0	0	3296	27	2	3326
7	2	A	40000	98109	1.891	0.227	1891	1664	0	0	0	1636	26	2	1664
7	2	B	40000	98160	1.84	0.179	1840	1661	0	0	0	1660	1	0	1662
7	3	G	40000	0	100	100	100000	200000	200000	200000	200000	200000	200000	200000	200002
7	3	A	40000	0	100	100	100000	100000	100000	100000	100000	100000	100000	100000	100001
7	3	B	40000	0	100	100	100000	100000	100000	100000	100000	100000	100000	100000	100001
7	4	G	40000	80830	19.17	4.093	19170	26052	0	0	0	23611	2401	40	26052
7	4	A	40000	81599	18.401	4.103	18401	14298	0	0	0	12242	2016	40	14297
7	4	B	40000	84163	15.837	4.083	15837	11754	0	0	0	11369	385	0	11755
7	5	G	40000	100000	0	0	0	0	0	0	0	0	0	0	2
7	5	A	40000	100000	0	0	0	0	0	0	0	0	0	0	1
7	5	B	40000	100000	0	0	0	0	0	0	0	0	0	0	1
7	6	G	40000	99969	0.0310004	0	31	62	0	0	0	62	0	0	64
7	6	A	40000	99969	0.0310004	0	31	31	0	0	0	31	0	0	32
7	6	B	40000	99969	0.0310004	0	31	31	0	0	0	31	0	0	32
7	7	G	40000	52183	47.817	20.3535	47817	42127	2	2	0	40972	980	171	42066
7	7	A	40000	57887	42.113	20.729	42113	21384	1	2	0	20787	423	171	21323
7	7	B	40000	59279	40.721	19.978	40721	20743	1	0	0	20185	557	0	20743
7	7	cSpy was 9 spamed and the readout avoided!
