#the gain was set to: 2	the bias was set to: 30
#Sent triggers per delay setting: 100000	and with a frequency [Hz] of: 40000
#160MHz delay setting	400MHz delay setting	Frequency	correct transmitted H+T		error rate [%]	uncertainty [%]	bad or missed events	error count	missing headers	missing trailers	flipped H/T	event nr errors	tbm missed trigger	unknown errors	event nr resets
0	0	G	40000	399	99.601	72.6875	99601	18860	116	0	0	17840	293	611	18340
0	0	A	40000	643	99.357	98.209	99357	1148	86	0	0	217	246	599	643
0	0	B	40000	35122	64.878	47.166	64878	17712	30	0	0	17623	47	12	17697
0	0	cSpy was 33 spamed and the readout avoided!
0	1	G	40000	28710	71.29	52.4795	71290	25118	480	0	0	23424	569	645	24731
0	1	A	40000	37386	62.614	51.942	62614	10672	248	0	0	9957	0	467	10428
0	1	B	40000	32537	67.463	53.017	67463	14446	232	0	0	13467	569	178	14303
0	2	G	40000	3878	96.122	82.8375	96122	16941	79	1	0	14292	2309	260	16747
0	2	A	40000	8206	91.794	83.795	91794	7999	29	0	0	6365	1367	238	7844
0	2	B	40000	9178	90.822	81.88	90822	8942	50	1	0	7927	942	22	8903
0	2	cSpy was 5 spamed and the readout avoided!
0	3	G	40000	100000	0	0	0	0	0	0	0	0	0	0	2
0	3	A	40000	100000	0	0	0	0	0	0	0	0	0	0	1
0	3	B	40000	100000	0	0	0	0	0	0	0	0	0	0	1
0	4	G	40000	100000	0	0	0	0	0	0	0	0	0	0	2
0	4	A	40000	100000	0	0	0	0	0	0	0	0	0	0	1
0	4	B	40000	100000	0	0	0	0	0	0	0	0	0	0	1
0	5	G	40000	46067	53.933	34.376	53933	27191	20	0	0	26731	126	314	27152
0	5	A	40000	53839	46.161	33.946	46161	12215	13	0	0	11851	43	308	12178
0	5	B	40000	50218	49.782	34.806	49782	14976	7	0	0	14880	83	6	14974
0	6	G	40000	3076	96.924	85.6415	96924	14268	240	8	0	11686	1885	449	13830
0	6	A	40000	6010	93.99	87.943	93990	6047	127	0	0	4405	1111	404	5704
0	6	B	40000	8439	91.561	83.34	91561	8221	113	8	0	7281	774	45	8126
0	6	cSpy was 17 spamed and the readout avoided!
0	7	G	40000	99484	0.515997	0.009	516	1014	0	0	0	1014	0	0	1016
0	7	A	40000	99484	0.515997	0.009	516	507	0	0	0	507	0	0	508
0	7	B	40000	99484	0.515997	0.009	516	507	0	0	0	507	0	0	508
1	0	G	40000	333	99.667	97.344	99667	2852	207	1	0	2038	171	435	2432
1	0	A	40000	1699	98.301	96.248	98301	2053	186	1	0	1370	115	381	1673
1	0	B	40000	761	99.239	98.44	99239	799	21	0	0	668	56	54	759
1	0	cSpy was 27 spamed and the readout avoided!
1	1	G	40000	99106	0.893998	0.207	894	1372	0	0	0	1372	0	0	1374
1	1	A	40000	99106	0.893998	0.207	894	687	0	0	0	687	0	0	688
1	1	B	40000	99108	0.892001	0.207	892	685	0	0	0	685	0	0	686
1	2	G	40000	100000	0	0	0	0	0	0	0	0	0	0	2
1	2	A	40000	100000	0	0	0	0	0	0	0	0	0	0	1
1	2	B	40000	100000	0	0	0	0	0	0	0	0	0	0	1
1	3	G	40000	95119	4.881	0.995	4881	6478	0	0	0	6457	16	5	6477
1	3	A	40000	95955	4.045	0.871	4045	3174	0	0	0	3164	5	5	3172
1	3	B	40000	95577	4.423	1.119	4423	3304	0	0	0	3293	11	0	3305
1	4	G	40000	501	99.499	96.7755	99499	3388	239	2	0	1640	1211	296	3030
1	4	A	40000	1674	98.326	96.543	98326	1783	59	0	0	682	914	128	1645
1	4	B	40000	1387	98.613	97.008	98613	1605	180	2	0	958	297	168	1385
1	4	cSpy was 33 spamed and the readout avoided!
1	5	G	40000	74845	25.155	4.684	25155	20575	0	0	0	18624	1951	0	20577
1	5	A	40000	87728	12.272	1.926	12272	10346	0	0	0	9460	886	0	10347
1	5	B	40000	82329	17.671	7.442	17671	10229	0	0	0	9164	1065	0	10230
1	6	G	40000	100000	0	0	0	0	0	0	0	0	0	0	2
1	6	A	40000	100000	0	0	0	0	0	0	0	0	0	0	1
1	6	B	40000	100000	0	0	0	0	0	0	0	0	0	0	1
1	7	G	40000	93987	6.013	2.821	6013	3797	3	0	0	3671	98	25	3796
1	7	A	40000	95585	4.415	2.603	4415	1812	1	0	0	1710	78	23	1811
1	7	B	40000	94976	5.024	3.039	5024	1985	2	0	0	1961	20	2	1985
2	0	G	40000	2494	97.506	48.174	97506	4111	45	1	0	3879	102	84	4017
2	0	A	40000	2534	97.466	94.889	97466	2577	45	1	0	2345	102	84	2482
2	0	B	40000	97007	2.993	1.459	2993	1534	0	0	0	1534	0	0	1535
2	1	G	40000	100000	0	0	0	0	0	0	0	0	0	0	2
2	1	A	40000	100000	0	0	0	0	0	0	0	0	0	0	1
2	1	B	40000	100000	0	0	0	0	0	0	0	0	0	0	1
2	2	G	40000	32429	67.571	46.393	67571	26225	717	0	0	23654	1234	620	25616
2	2	A	40000	43613	56.387	44.666	56387	11721	396	0	0	10297	611	417	11342
2	2	B	40000	37376	62.624	48.12	62624	14504	321	0	0	13357	623	203	14274
2	3	G	40000	7103	92.897	63.702	92897	34981	74	1	0	30906	3905	95	34894
2	3	A	40000	23730	76.27	53.733	76270	22537	6	0	0	19577	2898	56	22505
2	3	B	40000	13885	86.115	73.671	86115	12444	68	1	0	11329	1007	39	12389
2	4	G	40000	100000	0	0	0	0	0	0	0	0	0	0	2
2	4	A	40000	100000	0	0	0	0	0	0	0	0	0	0	1
2	4	B	40000	100000	0	0	0	0	0	0	0	0	0	0	1
2	5	G	40000	100000	0	0	0	0	0	0	0	0	0	0	2
2	5	A	40000	100000	0	0	0	0	0	0	0	0	0	0	1
2	5	B	40000	100000	0	0	0	0	0	0	0	0	0	0	1
2	6	G	40000	27801	72.199	50.1115	72199	26143	381	0	0	24095	1090	577	25855
2	6	A	40000	40422	59.578	48.062	59578	11516	229	0	0	10045	777	465	11293
2	6	B	40000	33212	66.788	52.161	66788	14627	152	0	0	14050	313	112	14562
2	7	G	40000	0	100	100	100000	200000	200000	200000	200000	200000	200000	200000	200002
2	7	A	40000	0	100	100	100000	100000	100000	100000	100000	100000	100000	100000	100001
2	7	B	40000	0	100	100	100000	100000	100000	100000	100000	100000	100000	100000	100001
3	0	G	40000	784	99.216	78.9955	99216	17936	267	5	0	16526	454	684	17341
3	0	A	40000	1425	98.575	96.62	98575	1955	195	0	0	1084	34	642	1412
3	0	B	40000	22648	77.352	61.371	77352	15981	72	5	0	15442	420	42	15929
3	0	cSpy was 24 spamed and the readout avoided!
3	1	G	40000	0	100	100	100000	200000	200000	200000	200000	200000	200000	200000	200002
3	1	A	40000	0	100	100	100000	100000	100000	100000	100000	100000	100000	100000	100001
3	1	B	40000	0	100	100	100000	100000	100000	100000	100000	100000	100000	100000	100001
3	2	G	40000	76941	23.059	11.9465	23059	14721	13	1	0	13214	1406	87	14681
3	2	A	40000	80637	19.363	12.009	19363	7354	5	0	0	6421	843	85	7319
3	2	B	40000	80749	19.251	11.884	19251	7367	8	1	0	6793	563	2	7362
3	2	cSpy was 8 spamed and the readout avoided!
3	3	G	40000	100000	0	0	0	0	0	0	0	0	0	0	2
3	3	A	40000	100000	0	0	0	0	0	0	0	0	0	0	1
3	3	B	40000	100000	0	0	0	0	0	0	0	0	0	0	1
3	4	G	40000	85764	14.236	4.071	14236	17236	2	0	0	17197	31	6	17237
3	4	A	40000	87405	12.595	3.899	12595	8696	1	0	0	8663	26	6	8696
3	4	B	40000	87217	12.783	4.243	12783	8540	1	0	0	8534	5	0	8541
3	5	G	40000	0	100	100	100000	200000	200000	200000	200000	200000	200000	200000	200002
3	5	A	40000	0	100	100	100000	100000	100000	100000	100000	100000	100000	100000	100001
3	5	B	40000	0	100	100	100000	100000	100000	100000	100000	100000	100000	100000	100001
3	6	G	40000	62950	37.05	26.5	37050	18321	61	5	0	17026	1080	149	18187
3	6	A	40000	63716	36.284	26.911	36284	9373	3	0	0	8533	792	45	9337
3	6	B	40000	64963	35.037	26.089	35037	8948	58	5	0	8493	288	104	8850
3	6	cSpy was 55 spamed and the readout avoided!
3	7	G	40000	100000	0	0	0	0	0	0	0	0	0	0	2
3	7	A	40000	100000	0	0	0	0	0	0	0	0	0	0	1
3	7	B	40000	100000	0	0	0	0	0	0	0	0	0	0	1
4	0	G	40000	859	99.141	67.244	99141	17291	182	6	0	15677	1086	340	16953
4	0	A	40000	1249	98.751	97.235	98751	1516	108	0	0	771	339	298	1246
4	0	B	40000	46972	53.028	37.253	53028	15775	74	6	0	14906	747	42	15707
4	0	cSpy was 29 spamed and the readout avoided!
4	1	G	40000	100000	0	0	0	0	0	0	0	0	0	0	2
4	1	A	40000	100000	0	0	0	0	0	0	0	0	0	0	1
4	1	B	40000	100000	0	0	0	0	0	0	0	0	0	0	1
4	2	G	40000	99801	0.199002	0.0045	199	388	0	0	0	388	0	0	390
4	2	A	40000	99801	0.199002	0.005	199	194	0	0	0	194	0	0	195
4	2	B	40000	99802	0.198001	0.004	198	194	0	0	0	194	0	0	195
4	3	G	40000	21182	78.818	56.2365	78818	34813	671	0	0	33544	96	502	33955
4	3	A	40000	26067	73.933	56.521	73933	17412	334	0	0	16696	10	372	16819
4	3	B	40000	26647	73.353	55.952	73353	17401	337	0	0	16848	86	130	17136
4	3	cSpy was 7 spamed and the readout avoided!
4	4	G	40000	6905	93.095	73.2985	93095	26091	147	15	0	23329	2191	410	25777
4	4	A	40000	13338	86.662	73.777	86662	12885	74	10	0	11314	1115	372	12634
4	4	B	40000	13974	86.026	72.82	86026	13206	73	5	0	12015	1076	38	13143
4	4	cSpy was 26 spamed and the readout avoided!
4	5	G	40000	100000	0	0	0	0	0	0	0	0	0	0	2
4	5	A	40000	100000	0	0	0	0	0	0	0	0	0	0	1
4	5	B	40000	100000	0	0	0	0	0	0	0	0	0	0	1
4	6	G	40000	100000	0	0	0	0	0	0	0	0	0	0	2
4	6	A	40000	100000	0	0	0	0	0	0	0	0	0	0	1
4	6	B	40000	100000	0	0	0	0	0	0	0	0	0	0	1
4	7	G	40000	26006	73.994	52.4125	73994	34163	426	0	0	33325	31	381	33610
4	7	A	40000	30343	69.657	52.58	69657	17077	206	0	0	16602	2	267	16707
4	7	B	40000	30669	69.331	52.245	69331	17086	220	0	0	16723	29	114	16903
4	7	cSpy was 7 spamed and the readout avoided!
5	0	G	40000	510	99.49	56.973	99490	14794	132	0	0	13731	95	836	14263
5	0	A	40000	604	99.396	98.26	99396	1136	132	0	0	80	88	836	604
5	0	B	40000	70656	29.344	15.686	29344	13658	0	0	0	13651	7	0	13659
5	0	cSpy was 52 spamed and the readout avoided!
5	1	G	40000	48489	51.511	28.004	51511	35890	40	0	0	35764	2	84	35848
5	1	A	40000	54102	45.898	28.163	45898	17735	19	0	0	17635	2	79	17698
5	1	B	40000	54000	46	27.845	46000	18155	21	0	0	18129	0	5	18150
5	1	cSpy was 4 spamed and the readout avoided!
5	2	G	40000	34	99.966	98.838	99966	1501	25	0	0	601	93	782	817
5	2	A	40000	81	99.919	99.242	99919	677	1	0	0	3	0	673	81
5	2	B	40000	742	99.258	98.434	99258	824	24	0	0	598	93	109	736
5	2	cSpy was 22 spamed and the readout avoided!
5	3	G	40000	99069	0.931001	0	931	1861	0	0	0	1860	1	0	1863
5	3	A	40000	99069	0.931001	0	931	931	0	0	0	930	1	0	932
5	3	B	40000	99070	0.929999	0	930	930	0	0	0	930	0	0	931
5	4	G	40000	100000	0	0	0	0	0	0	0	0	0	0	2
5	4	A	40000	100000	0	0	0	0	0	0	0	0	0	0	1
5	4	B	40000	100000	0	0	0	0	0	0	0	0	0	0	1
5	5	G	40000	91489	8.511	2.7515	8511	9897	4	0	0	9883	1	9	9893
5	5	A	40000	92255	7.745	2.831	7745	4914	2	0	0	4904	1	7	4911
5	5	B	40000	92345	7.655	2.672	7655	4983	2	0	0	4979	0	2	4982
5	6	G	40000	0	100	100	100000	200000	200000	200000	200000	200000	200000	200000	200002
5	6	A	40000	0	100	100	100000	100000	100000	100000	100000	100000	100000	100000	100001
5	6	B	40000	0	100	100	100000	100000	100000	100000	100000	100000	100000	100000	100001
5	7	G	40000	35509	64.491	21.354	64491	56084	13	10	0	50176	5780	105	56040
5	7	A	40000	49271	50.729	22.413	50729	28316	13	10	0	24417	3772	104	28271
5	7	B	40000	51937	48.063	20.295	48063	27768	0	0	0	25759	2008	1	27769
6	0	G	40000	575	99.425	96.0445	99425	4238	300	2	1	2144	1139	652	3658
6	0	A	40000	1282	98.718	96.972	98718	1746	173	1	0	198	782	592	1282
6	0	B	40000	2391	97.609	95.117	97609	2492	127	1	1	1946	357	60	2376
6	0	cSpy was 60 spamed and the readout avoided!
6	1	G	40000	15991	84.009	42.277	84009	54260	0	2	0	48121	5891	246	54140
6	1	A	40000	29140	70.86	44.952	70860	25908	0	2	0	22397	3266	243	25788
6	1	B	40000	32046	67.954	39.602	67954	28352	0	0	0	25724	2625	3	28352
6	1	cSpy was 3 spamed and the readout avoided!
6	2	G	40000	100000	0	0	0	0	0	0	0	0	0	0	2
6	2	A	40000	100000	0	0	0	0	0	0	0	0	0	0	1
6	2	B	40000	100000	0	0	0	0	0	0	0	0	0	0	1
6	3	G	40000	100000	0	0	0	0	0	0	0	0	0	0	2
6	3	A	40000	100000	0	0	0	0	0	0	0	0	0	0	1
6	3	B	40000	100000	0	0	0	0	0	0	0	0	0	0	1
6	4	G	40000	20326	79.674	58.686	79674	34236	821	0	0	32648	160	607	33145
6	4	A	40000	23904	76.096	58.966	76096	17130	398	0	0	16302	0	430	16400
6	4	B	40000	24488	75.512	58.406	75512	17106	423	0	0	16346	160	177	16745
6	4	cSpy was 8 spamed and the readout avoided!
6	5	G	40000	4530	95.47	90.2765	95470	6725	250	6	0	5253	317	900	6012
6	5	A	40000	5840	94.16	91.191	94160	2969	23	0	0	2103	119	724	2509
6	5	B	40000	6882	93.118	89.362	93118	3756	227	6	0	3150	198	176	3503
6	5	cSpy was 89 spamed and the readout avoided!
6	6	G	40000	100000	0	0	0	0	0	0	0	0	0	0	2
6	6	A	40000	100000	0	0	0	0	0	0	0	0	0	0	1
6	6	B	40000	100000	0	0	0	0	0	0	0	0	0	0	1
6	7	G	40000	100000	0	0	0	0	0	0	0	0	0	0	2
6	7	A	40000	100000	0	0	0	0	0	0	0	0	0	0	1
6	7	B	40000	100000	0	0	0	0	0	0	0	0	0	0	1
7	0	G	40000	2083	97.917	47.9145	97917	3427	195	0	0	2616	77	539	2967
7	0	A	40000	2101	97.899	95.371	97899	2528	195	0	0	1717	77	539	2067
7	0	B	40000	98643	1.357	0.458	1357	899	0	0	0	899	0	0	900
7	1	G	40000	100000	0	0	0	0	0	0	0	0	0	0	2
7	1	A	40000	100000	0	0	0	0	0	0	0	0	0	0	1
7	1	B	40000	100000	0	0	0	0	0	0	0	0	0	0	1
7	2	G	40000	95423	4.577	0.7295	4577	6635	2	1	0	6561	65	6	6637
7	2	A	40000	95870	4.13	0.821	4130	3309	2	1	0	3256	44	6	3310
7	2	B	40000	96036	3.964	0.638	3964	3326	0	0	0	3305	21	0	3327
7	3	G	40000	0	100	100	100000	200000	200000	200000	200000	200000	200000	200000	200002
7	3	A	40000	0	100	100	100000	100000	100000	100000	100000	100000	100000	100000	100001
7	3	B	40000	0	100	100	100000	100000	100000	100000	100000	100000	100000	100000	100001
7	4	G	40000	90213	9.787	1.381	9787	15519	0	0	0	14541	966	12	15520
7	4	A	40000	90338	9.662	1.381	9662	8281	0	0	0	7427	842	12	8281
7	4	B	40000	91381	8.619	1.381	8619	7238	0	0	0	7114	124	0	7239
7	5	G	40000	100000	0	0	0	0	0	0	0	0	0	0	2
7	5	A	40000	100000	0	0	0	0	0	0	0	0	0	0	1
7	5	B	40000	100000	0	0	0	0	0	0	0	0	0	0	1
7	6	G	40000	99960	0.0400007	0	40	80	0	0	0	80	0	0	82
7	6	A	40000	99960	0.0400007	0	40	40	0	0	0	40	0	0	41
7	6	B	40000	99960	0.0400007	0	40	40	0	0	0	40	0	0	41
7	7	G	40000	50034	49.966	21.803	49966	43063	2	1	0	41847	1050	163	43012
7	7	A	40000	56001	43.999	22.19	43999	21809	1	1	0	21189	455	163	21757
7	7	B	40000	57330	42.67	21.416	42670	21254	1	0	0	20658	595	0	21255
7	7	cSpy was 8 spamed and the readout avoided!
