#the gain was set to: 2	the bias was set to: 30
#Sent triggers per delay setting: 100000	and with a frequency [Hz] of: 40000
#160MHz delay setting	400MHz delay setting	Frequency	correct transmitted H+T		error rate [%]	uncertainty [%]	bad or missed events	error count	missing headers	missing trailers	flipped H/T	event nr errors	tbm missed trigger	unknown errors	event nr resets
0	0	G	40000	479	99.521	71.588	99521	19011	130	0	0	17947	311	623	18480
0	0	A	40000	679	99.321	98.125	99321	1196	112	0	0	221	253	610	679
0	0	B	40000	37134	62.866	45.051	62866	17815	18	0	0	17726	58	13	17801
0	0	cSpy was 27 spamed and the readout avoided!
0	1	G	40000	33811	66.189	42.3545	66189	31313	54	0	0	30755	101	403	31214
0	1	A	40000	44162	55.838	41.675	55838	14163	30	0	0	13706	49	378	14081
0	1	B	40000	39816	60.184	43.034	60184	17150	24	0	0	17049	52	25	17133
0	2	G	40000	2698	97.302	87.065	97302	12894	274	5	0	10138	2043	434	12470
0	2	A	40000	5710	94.29	88.627	94290	5663	79	0	0	4212	1052	320	5413
0	2	B	40000	7266	92.734	85.503	92734	7231	195	5	0	5926	991	114	7057
0	2	cSpy was 25 spamed and the readout avoided!
0	3	G	40000	100000	0	0	0	0	0	0	0	0	0	0	2
0	3	A	40000	100000	0	0	0	0	0	0	0	0	0	0	1
0	3	B	40000	100000	0	0	0	0	0	0	0	0	0	0	1
0	4	G	40000	100000	0	0	0	0	0	0	0	0	0	0	2
0	4	A	40000	100000	0	0	0	0	0	0	0	0	0	0	1
0	4	B	40000	100000	0	0	0	0	0	0	0	0	0	0	1
0	5	G	40000	59816	40.184	21.1595	40184	26312	18	0	0	26018	76	200	26272
0	5	A	40000	67039	32.961	20.76	32961	12201	9	0	0	11960	37	195	12160
0	5	B	40000	64330	35.67	21.559	35670	14111	9	0	0	14058	39	5	14112
0	6	G	40000	2340	97.66	90.117	97660	9870	288	8	0	7657	1640	277	9521
0	6	A	40000	4899	95.101	90.24	95101	4861	113	0	0	3577	942	229	4633
0	6	B	40000	4997	95.003	89.994	95003	5009	175	8	0	4080	698	48	4888
0	6	cSpy was 44 spamed and the readout avoided!
0	7	G	40000	74813	25.187	20.554	25187	6757	62	5	0	5844	747	99	6658
0	7	A	40000	75965	24.035	20.785	24035	3250	25	0	0	2716	427	82	3182
0	7	B	40000	76170	23.83	20.323	23830	3507	37	5	0	3128	320	17	3476
0	7	cSpy was 4 spamed and the readout avoided!
1	0	G	40000	0	100	100	100000	200000	200000	200000	200000	200000	200000	200000	200002
1	0	A	40000	0	100	100	100000	100000	100000	100000	100000	100000	100000	100000	100001
1	0	B	40000	0	100	100	100000	100000	100000	100000	100000	100000	100000	100000	100001
1	1	G	40000	96960	3.04	0.5185	3040	4380	0	0	0	4294	86	0	4382
1	1	A	40000	97394	2.606	0.431	2606	2175	0	0	0	2142	33	0	2176
1	1	B	40000	97189	2.811	0.606	2811	2205	0	0	0	2152	53	0	2206
1	2	G	40000	100000	0	0	0	0	0	0	0	0	0	0	2
1	2	A	40000	100000	0	0	0	0	0	0	0	0	0	0	1
1	2	B	40000	100000	0	0	0	0	0	0	0	0	0	0	1
1	3	G	40000	98371	1.629	0.2135	1629	2602	0	0	0	2598	2	2	2604
1	3	A	40000	98533	1.467	0.191	1467	1276	0	0	0	1273	1	2	1277
1	3	B	40000	98438	1.562	0.236	1562	1326	0	0	0	1325	1	0	1327
1	4	G	40000	503	99.497	96.7485	99497	3377	175	1	0	1324	1624	253	3093
1	4	A	40000	2018	97.982	95.875	97982	2107	77	0	0	675	1263	92	1986
1	4	B	40000	1108	98.892	97.622	98892	1270	98	1	0	649	361	161	1107
1	4	cSpy was 20 spamed and the readout avoided!
1	5	G	40000	37818	62.182	15.988	62182	47270	0	0	0	41421	5843	6	47270
1	5	A	40000	68465	31.535	4.499	31535	27036	0	0	0	23078	3953	5	27035
1	5	B	40000	52289	47.711	27.477	47711	20234	0	0	0	18343	1890	1	20235
1	6	G	40000	100000	0	0	0	0	0	0	0	0	0	0	2
1	6	A	40000	100000	0	0	0	0	0	0	0	0	0	0	1
1	6	B	40000	100000	0	0	0	0	0	0	0	0	0	0	1
1	7	G	40000	99193	0.806999	0.2135	807	913	0	0	0	913	0	0	915
1	7	A	40000	99364	0.635999	0.192	636	444	0	0	0	444	0	0	445
1	7	B	40000	99296	0.704002	0.235	704	469	0	0	0	469	0	0	470
2	0	G	40000	2469	97.531	48.204	97531	4076	41	1	0	3859	105	70	3994
2	0	A	40000	2505	97.495	94.962	97495	2533	41	1	0	2316	105	70	2450
2	0	B	40000	97011	2.989	1.446	2989	1543	0	0	0	1543	0	0	1544
2	0	cSpy was 1 spamed and the readout avoided!
2	1	G	40000	100000	0	0	0	0	0	0	0	0	0	0	2
2	1	A	40000	100000	0	0	0	0	0	0	0	0	0	0	1
2	1	B	40000	100000	0	0	0	0	0	0	0	0	0	0	1
2	2	G	40000	37965	62.035	42.115	62035	24550	556	0	0	22389	1075	530	24118
2	2	A	40000	48621	51.379	40.462	51379	10917	313	0	0	9601	623	380	10624
2	2	B	40000	42599	57.401	43.768	57401	13633	243	0	0	12788	452	150	13494
2	3	G	40000	5757	94.243	70.5235	94243	28570	58	1	0	25224	3169	118	28482
2	3	A	40000	19287	80.713	62.262	80713	18451	8	0	0	15994	2367	82	18406
2	3	B	40000	11096	88.904	78.785	88904	10119	50	1	0	9230	802	36	10076
2	3	cSpy was 3 spamed and the readout avoided!
2	4	G	40000	100000	0	0	0	0	0	0	0	0	0	0	2
2	4	A	40000	100000	0	0	0	0	0	0	0	0	0	0	1
2	4	B	40000	100000	0	0	0	0	0	0	0	0	0	0	1
2	5	G	40000	100000	0	0	0	0	0	0	0	0	0	0	2
2	5	A	40000	100000	0	0	0	0	0	0	0	0	0	0	1
2	5	B	40000	100000	0	0	0	0	0	0	0	0	0	0	1
2	6	G	40000	38403	61.597	35.5865	61597	30629	32	0	0	29549	756	292	30588
2	6	A	40000	52396	47.604	33.754	47604	13850	23	0	0	12883	653	291	13811
2	6	B	40000	45802	54.198	37.419	54198	16779	9	0	0	16666	103	1	16777
2	7	G	40000	0	100	100	100000	200000	200000	200000	200000	200000	200000	200000	200002
2	7	A	40000	0	100	100	100000	100000	100000	100000	100000	100000	100000	100000	100001
2	7	B	40000	0	100	100	100000	100000	100000	100000	100000	100000	100000	100000	100001
3	0	G	40000	1063	98.937	70.247	98937	20942	267	2	0	19577	452	644	20362
3	0	A	40000	1733	98.267	96.007	98267	2260	211	1	0	1376	56	616	1714
3	0	B	40000	36831	63.169	44.487	63169	18682	56	1	0	18201	396	28	18648
3	0	cSpy was 10 spamed and the readout avoided!
3	1	G	40000	0	100	100	100000	200000	200000	200000	200000	200000	200000	200000	200002
3	1	A	40000	0	100	100	100000	100000	100000	100000	100000	100000	100000	100000	100001
3	1	B	40000	0	100	100	100000	100000	100000	100000	100000	100000	100000	100000	100001
3	2	G	40000	98509	1.491	0.014	1491	2948	0	0	0	2945	3	0	2950
3	2	A	40000	98510	1.49	0.014	1490	1476	0	0	0	1473	3	0	1477
3	2	B	40000	98514	1.486	0.014	1486	1472	0	0	0	1472	0	0	1473
3	3	G	40000	100000	0	0	0	0	0	0	0	0	0	0	2
3	3	A	40000	100000	0	0	0	0	0	0	0	0	0	0	1
3	3	B	40000	100000	0	0	0	0	0	0	0	0	0	0	1
3	4	G	40000	94025	5.975	0.9105	5975	9548	0	0	0	9537	10	1	9550
3	4	A	40000	94371	5.629	0.843	5629	4786	0	0	0	4775	10	1	4787
3	4	B	40000	94260	5.74	0.978	5740	4762	0	0	0	4762	0	0	4763
3	5	G	40000	0	100	100	100000	200000	200000	200000	200000	200000	200000	200000	200002
3	5	A	40000	0	100	100	100000	100000	100000	100000	100000	100000	100000	100000	100001
3	5	B	40000	0	100	100	100000	100000	100000	100000	100000	100000	100000	100000	100001
3	6	G	40000	50350	49.65	12.389	49650	51848	8	5	0	47864	3941	30	51837
3	6	A	40000	61270	38.73	12.119	38730	26611	5	0	0	23274	3308	24	26607
3	6	B	40000	62104	37.896	12.659	37896	25237	3	5	0	24590	633	6	25230
3	6	cSpy was 6 spamed and the readout avoided!
3	7	G	40000	100000	0	0	0	0	0	0	0	0	0	0	2
3	7	A	40000	100000	0	0	0	0	0	0	0	0	0	0	1
3	7	B	40000	100000	0	0	0	0	0	0	0	0	0	0	1
4	0	G	40000	1290	98.71	70.7225	98710	26077	157	1	0	23469	2289	161	25877
4	0	A	40000	2318	97.682	95.213	97682	2469	81	0	0	1622	632	134	2316
4	0	B	40000	30160	69.84	46.232	69840	23608	76	1	0	21847	1657	27	23561
4	0	cSpy was 3 spamed and the readout avoided!
4	1	G	40000	100000	0	0	0	0	0	0	0	0	0	0	2
4	1	A	40000	100000	0	0	0	0	0	0	0	0	0	0	1
4	1	B	40000	100000	0	0	0	0	0	0	0	0	0	0	1
4	2	G	40000	99775	0.225002	0.0145	225	416	0	0	0	415	1	0	418
4	2	A	40000	99776	0.224	0.016	224	208	0	0	0	207	1	0	209
4	2	B	40000	99779	0.221002	0.013	221	208	0	0	0	208	0	0	209
4	3	G	40000	26111	73.889	51.829	73889	35095	644	0	0	33886	86	479	34260
4	3	A	40000	30410	69.59	52.064	69590	17526	313	0	0	16862	2	349	16955
4	3	B	40000	30837	69.163	51.594	69163	17569	331	0	0	17024	84	130	17305
4	3	cSpy was 6 spamed and the readout avoided!
4	4	G	40000	3249	96.751	86.6825	96751	13338	309	25	1	11562	981	462	12880
4	4	A	40000	6335	93.665	87.165	93665	6500	173	18	0	5450	480	380	6162
4	4	B	40000	6962	93.038	86.2	93038	6838	136	7	1	6112	501	82	6718
4	4	cSpy was 44 spamed and the readout avoided!
4	5	G	40000	98541	1.459	0.159	1459	2569	0	0	0	2549	20	0	2571
4	5	A	40000	98543	1.457	0.159	1457	1298	0	0	0	1278	20	0	1299
4	5	B	40000	98570	1.43	0.159	1430	1271	0	0	0	1271	0	0	1272
4	6	G	40000	100000	0	0	0	0	0	0	0	0	0	0	2
4	6	A	40000	100000	0	0	0	0	0	0	0	0	0	0	1
4	6	B	40000	100000	0	0	0	0	0	0	0	0	0	0	1
4	7	G	40000	40267	59.733	39.336	59733	31984	187	1	0	31610	5	181	31780
4	7	A	40000	44659	55.341	39.394	55341	15947	91	1	0	15703	2	150	15788
4	7	B	40000	44685	55.315	39.278	55315	16037	96	0	0	15907	3	31	15992
4	7	cSpy was 3 spamed and the readout avoided!
5	0	G	40000	504	99.496	56.7935	99496	14680	132	0	0	13599	107	842	14140
5	0	A	40000	615	99.385	98.23	99385	1155	132	0	0	84	97	842	615
5	0	B	40000	71118	28.882	15.357	28882	13525	0	0	0	13515	10	0	13525
5	0	cSpy was 51 spamed and the readout avoided!
5	1	G	40000	72494	27.506	11.805	27506	25131	12	1	0	25079	4	35	25121
5	1	A	40000	75597	24.403	12.005	24403	12398	6	1	0	12355	4	32	12388
5	1	B	40000	75662	24.338	11.605	24338	12733	6	0	0	12724	0	3	12733
5	2	G	40000	18	99.982	99.081	99982	1101	29	0	0	427	231	414	737
5	2	A	40000	38	99.962	99.651	99962	311	0	0	0	3	1	307	38
5	2	B	40000	699	99.301	98.511	99301	790	29	0	0	424	230	107	699
5	2	cSpy was 12 spamed and the readout avoided!
5	3	G	40000	96061	3.939	0.041	3939	7667	0	0	0	7554	112	1	7669
5	3	A	40000	96068	3.932	0.041	3932	3891	0	0	0	3785	105	1	3892
5	3	B	40000	96183	3.817	0.041	3817	3776	0	0	0	3769	7	0	3777
5	4	G	40000	100000	0	0	0	0	0	0	0	0	0	0	2
5	4	A	40000	100000	0	0	0	0	0	0	0	0	0	0	1
5	4	B	40000	100000	0	0	0	0	0	0	0	0	0	0	1
5	5	G	40000	97978	2.022	0.184	2022	3483	0	0	0	3482	0	1	3485
5	5	A	40000	98046	1.954	0.216	1954	1738	0	0	0	1737	0	1	1739
5	5	B	40000	98103	1.897	0.152	1897	1745	0	0	0	1745	0	0	1746
5	6	G	40000	36	99.964	98.053	99964	2102	190	0	0	1255	338	319	1771
5	6	A	40000	89	99.911	99.681	99911	230	1	0	0	36	10	183	89
5	6	B	40000	1703	98.297	96.425	98297	1872	189	0	0	1219	328	136	1682
5	6	cSpy was 81 spamed and the readout avoided!
5	7	G	40000	17189	82.811	36.563	82811	59646	1	1	0	52655	6754	235	59549
5	7	A	40000	31834	68.166	39.804	68166	28362	0	1	0	24285	3846	230	28268
5	7	B	40000	35394	64.606	33.322	64606	31284	1	0	0	28370	2908	5	31281
5	7	cSpy was 5 spamed and the readout avoided!
6	0	G	40000	343	99.657	97.5075	99657	2752	322	1	0	1238	694	497	2229
6	0	A	40000	813	99.187	97.985	99187	1202	151	0	0	260	375	416	813
6	0	B	40000	1420	98.58	97.03	98580	1550	171	1	0	978	319	81	1416
6	0	cSpy was 88 spamed and the readout avoided!
6	1	G	40000	10637	89.363	59.278	89363	39532	20	0	0	35104	3858	550	39188
6	1	A	40000	19675	80.325	61.458	80325	18867	8	0	0	16323	2009	527	18544
6	1	B	40000	22237	77.763	57.098	77763	20665	12	0	0	18781	1849	23	20644
6	1	cSpy was 50 spamed and the readout avoided!
6	2	G	40000	100000	0	0	0	0	0	0	0	0	0	0	2
6	2	A	40000	100000	0	0	0	0	0	0	0	0	0	0	1
6	2	B	40000	100000	0	0	0	0	0	0	0	0	0	0	1
6	3	G	40000	100000	0	0	0	0	0	0	0	0	0	0	2
6	3	A	40000	100000	0	0	0	0	0	0	0	0	0	0	1
6	3	B	40000	100000	0	0	0	0	0	0	0	0	0	0	1
6	4	G	40000	33906	66.094	47.5005	66094	30787	640	0	0	29543	132	472	29932
6	4	A	40000	36865	63.135	47.75	63135	15385	308	0	0	14740	1	336	14813
6	4	B	40000	37347	62.653	47.251	62653	15402	332	0	0	14803	131	136	15119
6	4	cSpy was 6 spamed and the readout avoided!
6	5	G	40000	0	100	100	100000	200000	200000	200000	200000	200000	200000	200000	200002
6	5	A	40000	0	100	100	100000	100000	100000	100000	100000	100000	100000	100000	100001
6	5	B	40000	0	100	100	100000	100000	100000	100000	100000	100000	100000	100000	100001
6	6	G	40000	100000	0	0	0	0	0	0	0	0	0	0	2
6	6	A	40000	100000	0	0	0	0	0	0	0	0	0	0	1
6	6	B	40000	100000	0	0	0	0	0	0	0	0	0	0	1
6	7	G	40000	100000	0	0	0	0	0	0	0	0	0	0	2
6	7	A	40000	100000	0	0	0	0	0	0	0	0	0	0	1
6	7	B	40000	100000	0	0	0	0	0	0	0	0	0	0	1
7	0	G	40000	2218	97.782	49.252	97782	11372	183	0	0	10397	310	482	10954
7	0	A	40000	2501	97.499	94.608	97499	2891	183	0	0	2143	83	482	2472
7	0	B	40000	87623	12.377	3.896	12377	8481	0	0	0	8254	227	0	8482
7	0	cSpy was 1 spamed and the readout avoided!
7	1	G	40000	100000	0	0	0	0	0	0	0	0	0	0	2
7	1	A	40000	100000	0	0	0	0	0	0	0	0	0	0	1
7	1	B	40000	100000	0	0	0	0	0	0	0	0	0	0	1
7	2	G	40000	99634	0.366002	0.01	366	708	0	0	0	707	0	1	710
7	2	A	40000	99635	0.365001	0.011	365	354	0	0	0	353	0	1	355
7	2	B	40000	99637	0.362998	0.009	363	354	0	0	0	354	0	0	355
7	3	G	40000	0	100	100	100000	200000	200000	200000	200000	200000	200000	200000	200002
7	3	A	40000	0	100	100	100000	100000	100000	100000	100000	100000	100000	100000	100001
7	3	B	40000	0	100	100	100000	100000	100000	100000	100000	100000	100000	100000	100001
7	4	G	40000	57490	42.51	9.7535	42510	48257	1	0	0	43590	4571	95	48227
7	4	A	40000	64232	35.768	10.047	35768	25721	1	0	0	22106	3519	95	25690
7	4	B	40000	68004	31.996	9.46	31996	22536	0	0	0	21484	1052	0	22537
7	5	G	40000	100000	0	0	0	0	0	0	0	0	0	0	2
7	5	A	40000	100000	0	0	0	0	0	0	0	0	0	0	1
7	5	B	40000	100000	0	0	0	0	0	0	0	0	0	0	1
7	6	G	40000	97633	2.367	0.5105	2367	2607	0	1	0	2591	12	3	2609
7	6	A	40000	98127	1.873	0.575	1873	1298	0	1	0	1285	9	3	1299
7	6	B	40000	98245	1.755	0.446	1755	1309	0	0	0	1306	3	0	1310
7	7	G	40000	61952	38.048	14.3495	38048	33780	25	51	0	33053	502	149	33713
7	7	A	40000	67941	32.059	14.951	32059	17108	25	51	0	16691	192	149	17040
7	7	B	40000	69580	30.42	13.748	30420	16672	0	0	0	16362	310	0	16673
7	7	cSpy was 5 spamed and the readout avoided!
