#the gain was set to: 2	the bias was set to: 30
#Sent triggers per delay setting: 100000	and with a frequency [Hz] of: 40000
#160MHz delay setting	400MHz delay setting	Frequency	correct transmitted H+T		error rate [%]	uncertainty [%]	bad or missed events	error count	missing headers	missing trailers	flipped H/T	event nr errors	tbm missed trigger	unknown errors	event nr resets
0	0	G	40000	437	99.563	70.883	99563	19160	97	0	0	18146	314	603	18640
0	0	A	40000	636	99.364	98.21	99364	1154	88	0	0	186	280	600	636
0	0	B	40000	38438	61.562	43.556	61562	18006	9	0	0	17960	34	3	18004
0	0	cSpy was 26 spamed and the readout avoided!
0	1	G	40000	30410	69.59	47.2095	69590	29147	151	0	0	28444	83	469	28987
0	1	A	40000	40605	59.395	46.537	59395	12858	76	0	0	12336	38	408	12742
0	1	B	40000	35829	64.171	47.882	64171	16289	75	0	0	16108	45	61	16245
0	2	G	40000	4322	95.678	79.3845	95678	20372	96	3	0	17070	2805	398	20088
0	2	A	40000	8697	91.303	82.797	91303	8506	66	0	0	6640	1408	392	8240
0	2	B	40000	12162	87.838	75.972	87838	11866	30	3	0	10430	1397	6	11848
0	2	cSpy was 1 spamed and the readout avoided!
0	3	G	40000	100000	0	0	0	0	0	0	0	0	0	0	2
0	3	A	40000	100000	0	0	0	0	0	0	0	0	0	0	1
0	3	B	40000	100000	0	0	0	0	0	0	0	0	0	0	1
0	4	G	40000	100000	0	0	0	0	0	0	0	0	0	0	2
0	4	A	40000	100000	0	0	0	0	0	0	0	0	0	0	1
0	4	B	40000	100000	0	0	0	0	0	0	0	0	0	0	1
0	5	G	40000	60875	39.125	20.9615	39125	25175	8	0	0	24894	77	196	25139
0	5	A	40000	67708	32.292	20.576	32292	11716	4	0	0	11480	38	194	11682
0	5	B	40000	65194	34.806	21.347	34806	13459	4	0	0	13414	39	2	13457
0	6	G	40000	0	100	100	100000	200000	200000	200000	200000	200000	200000	200000	200002
0	6	A	40000	0	100	100	100000	100000	100000	100000	100000	100000	100000	100000	100001
0	6	B	40000	0	100	100	100000	100000	100000	100000	100000	100000	100000	100000	100001
0	7	G	40000	97350	2.65	0.475	2650	4081	0	0	0	4055	26	0	4083
0	7	A	40000	97518	2.482	0.442	2482	2040	0	0	0	2031	9	0	2041
0	7	B	40000	97451	2.549	0.508	2549	2041	0	0	0	2024	17	0	2042
1	0	G	40000	289	99.711	97.7705	99711	2458	202	0	0	1597	160	499	1989
1	0	A	40000	1290	98.71	97.026	98710	1684	174	0	0	978	99	433	1279
1	0	B	40000	711	99.289	98.515	99289	774	28	0	0	619	61	66	710
1	0	cSpy was 31 spamed and the readout avoided!
1	1	G	40000	97284	2.716	0.4475	2716	4214	0	0	0	4176	38	0	4216
1	1	A	40000	97489	2.511	0.409	2511	2102	0	0	0	2088	14	0	2103
1	1	B	40000	97402	2.598	0.486	2598	2112	0	0	0	2088	24	0	2113
1	2	G	40000	100000	0	0	0	0	0	0	0	0	0	0	2
1	2	A	40000	100000	0	0	0	0	0	0	0	0	0	0	1
1	2	B	40000	100000	0	0	0	0	0	0	0	0	0	0	1
1	3	G	40000	97760	2.24	0.3555	2240	3396	0	0	0	3391	4	1	3398
1	3	A	40000	98020	1.98	0.314	1980	1666	0	0	0	1664	1	1	1667
1	3	B	40000	97873	2.127	0.397	2127	1730	0	0	0	1727	3	0	1731
1	4	G	40000	0	100	100	100000	200000	200000	200000	200000	200000	200000	200000	200002
1	4	A	40000	0	100	100	100000	100000	100000	100000	100000	100000	100000	100000	100001
1	4	B	40000	0	100	100	100000	100000	100000	100000	100000	100000	100000	100000	100001
1	5	G	40000	47874	52.126	12.861	52126	39958	0	0	0	35010	4947	1	39960
1	5	A	40000	73798	26.202	3.674	26202	22528	0	0	0	19264	3263	1	22529
1	5	B	40000	60522	39.478	22.048	39478	17430	0	0	0	15746	1684	0	17431
1	6	G	40000	100000	0	0	0	0	0	0	0	0	0	0	2
1	6	A	40000	100000	0	0	0	0	0	0	0	0	0	0	1
1	6	B	40000	100000	0	0	0	0	0	0	0	0	0	0	1
1	7	G	40000	100000	0	0	0	0	0	0	0	0	0	0	2
1	7	A	40000	100000	0	0	0	0	0	0	0	0	0	0	1
1	7	B	40000	100000	0	0	0	0	0	0	0	0	0	0	1
2	0	G	40000	2390	97.61	48.2995	97610	4064	50	0	0	3845	101	68	3982
2	0	A	40000	2434	97.566	95.096	97566	2470	50	0	0	2251	101	68	2387
2	0	B	40000	96903	3.097	1.503	3097	1594	0	0	0	1594	0	0	1595
2	1	G	40000	99860	0.139999	0.013	140	249	0	0	0	249	0	0	251
2	1	A	40000	99863	0.137001	0.013	137	124	0	0	0	124	0	0	125
2	1	B	40000	99862	0.138003	0.013	138	125	0	0	0	125	0	0	126
2	2	G	40000	27373	72.627	51.113	72627	25960	678	1	0	23329	1278	674	25415
2	2	A	40000	39378	60.622	49.174	60622	11448	379	1	0	9843	755	470	11088
2	2	B	40000	32436	67.564	53.052	67564	14512	299	0	0	13486	523	204	14327
2	3	G	40000	4237	95.763	77.802	95763	21783	113	30	0	18354	3066	220	21588
2	3	A	40000	14181	85.819	72.098	85819	13721	41	0	0	11617	1921	142	13607
2	3	B	40000	8432	91.568	83.506	91568	8062	72	30	0	6737	1145	78	7981
2	3	cSpy was 21 spamed and the readout avoided!
2	4	G	40000	100000	0	0	0	0	0	0	0	0	0	0	2
2	4	A	40000	100000	0	0	0	0	0	0	0	0	0	0	1
2	4	B	40000	100000	0	0	0	0	0	0	0	0	0	0	1
2	5	G	40000	100000	0	0	0	0	0	0	0	0	0	0	2
2	5	A	40000	100000	0	0	0	0	0	0	0	0	0	0	1
2	5	B	40000	100000	0	0	0	0	0	0	0	0	0	0	1
2	6	G	40000	46995	53.005	28.6325	53005	29547	21	0	0	28674	630	222	29515
2	6	A	40000	59384	40.616	27.143	40616	13473	15	0	0	12691	545	222	13443
2	6	B	40000	53804	46.196	30.122	46196	16074	6	0	0	15983	85	0	16072
2	6	cSpy was 1 spamed and the readout avoided!
2	7	G	40000	0	100	100	100000	200000	200000	200000	200000	200000	200000	200000	200002
2	7	A	40000	0	100	100	100000	100000	100000	100000	100000	100000	100000	100000	100001
2	7	B	40000	0	100	100	100000	100000	100000	100000	100000	100000	100000	100000	100001
3	0	G	40000	1070	98.93	68.357	98930	21281	224	1	0	20039	400	617	20757
3	0	A	40000	1626	98.374	96.253	98374	2121	195	0	0	1299	22	605	1617
3	0	B	40000	40379	59.621	40.461	59621	19160	29	1	0	18740	378	12	19140
3	0	cSpy was 11 spamed and the readout avoided!
3	1	G	40000	0	100	100	100000	200000	200000	200000	200000	200000	200000	200000	200002
3	1	A	40000	0	100	100	100000	100000	100000	100000	100000	100000	100000	100000	100001
3	1	B	40000	0	100	100	100000	100000	100000	100000	100000	100000	100000	100000	100001
3	2	G	40000	97995	2.005	0.039	2005	3926	0	0	0	3922	4	0	3928
3	2	A	40000	97995	2.005	0.039	2005	1966	0	0	0	1962	4	0	1967
3	2	B	40000	98001	1.999	0.039	1999	1960	0	0	0	1960	0	0	1961
3	3	G	40000	100000	0	0	0	0	0	0	0	0	0	0	2
3	3	A	40000	100000	0	0	0	0	0	0	0	0	0	0	1
3	3	B	40000	100000	0	0	0	0	0	0	0	0	0	0	1
3	4	G	40000	94854	5.146	0.7265	5146	8426	0	0	0	8418	8	0	8428
3	4	A	40000	95101	4.899	0.676	4899	4223	0	0	0	4215	8	0	4224
3	4	B	40000	95020	4.98	0.777	4980	4203	0	0	0	4203	0	0	4204
3	5	G	40000	0	100	100	100000	200000	200000	200000	200000	200000	200000	200000	200002
3	5	A	40000	0	100	100	100000	100000	100000	100000	100000	100000	100000	100000	100001
3	5	B	40000	0	100	100	100000	100000	100000	100000	100000	100000	100000	100000	100001
3	6	G	40000	48099	51.901	12.9385	51901	53648	10	7	0	49380	4212	39	53635
3	6	A	40000	59973	40.027	12.672	40027	27355	8	0	0	23910	3405	32	27349
3	6	B	40000	60502	39.498	13.205	39498	26293	2	7	0	25470	807	7	26286
3	6	cSpy was 8 spamed and the readout avoided!
3	7	G	40000	100000	0	0	0	0	0	0	0	0	0	0	2
3	7	A	40000	100000	0	0	0	0	0	0	0	0	0	0	1
3	7	B	40000	100000	0	0	0	0	0	0	0	0	0	0	1
4	0	G	40000	1338	98.662	72.9315	98662	24730	211	3	0	22173	2131	212	24455
4	0	A	40000	2487	97.513	94.803	97513	2710	127	2	0	1704	687	190	2483
4	0	B	40000	26920	73.08	51.06	73080	22020	84	1	0	20469	1444	22	21972
4	0	cSpy was 16 spamed and the readout avoided!
4	1	G	40000	100000	0	0	0	0	0	0	0	0	0	0	2
4	1	A	40000	100000	0	0	0	0	0	0	0	0	0	0	1
4	1	B	40000	100000	0	0	0	0	0	0	0	0	0	0	1
4	2	G	40000	99012	0.988001	0.1555	988	1490	0	0	0	1490	0	0	1492
4	2	A	40000	99092	0.907999	0.171	908	737	0	0	0	737	0	0	738
4	2	B	40000	99107	0.893003	0.14	893	753	0	0	0	753	0	0	754
4	3	G	40000	27324	72.676	50.966	72676	35089	624	0	0	33875	120	470	34265
4	3	A	40000	31298	68.702	51.206	68702	17496	300	0	0	16858	1	337	16946
4	3	B	40000	31681	68.319	50.726	68319	17593	324	0	0	17017	119	133	17319
4	3	cSpy was 6 spamed and the readout avoided!
4	4	G	40000	3672	96.328	86.032	96328	13951	273	22	1	12178	1003	474	13509
4	4	A	40000	6677	93.323	86.515	93323	6808	141	11	0	5800	466	390	6487
4	4	B	40000	7308	92.692	85.549	92692	7143	132	11	1	6378	537	84	7022
4	4	cSpy was 45 spamed and the readout avoided!
4	5	G	40000	100000	0	0	0	0	0	0	0	0	0	0	2
4	5	A	40000	100000	0	0	0	0	0	0	0	0	0	0	1
4	5	B	40000	100000	0	0	0	0	0	0	0	0	0	0	1
4	6	G	40000	100000	0	0	0	0	0	0	0	0	0	0	2
4	6	A	40000	100000	0	0	0	0	0	0	0	0	0	0	1
4	6	B	40000	100000	0	0	0	0	0	0	0	0	0	0	1
4	7	G	40000	39081	60.919	40.0045	60919	32090	182	0	0	31718	5	185	31887
4	7	A	40000	43919	56.081	40.092	56081	15989	87	0	0	15751	2	149	15839
4	7	B	40000	43982	56.018	39.917	56018	16101	95	0	0	15967	3	36	16048
4	7	cSpy was 6 spamed and the readout avoided!
5	0	G	40000	523	99.477	56.5475	99477	14300	143	0	0	13258	89	810	13795
5	0	A	40000	618	99.382	98.258	99382	1124	143	0	0	87	84	810	618
5	0	B	40000	71987	28.013	14.837	28013	13176	0	0	0	13171	5	0	13177
5	0	cSpy was 57 spamed and the readout avoided!
5	1	G	40000	78352	21.648	8.618	21648	20570	6	0	0	20535	5	24	20564
5	1	A	40000	81054	18.946	8.799	18946	10147	3	0	0	10115	5	24	10140
5	1	B	40000	81140	18.86	8.437	18860	10423	3	0	0	10420	0	0	10424
5	2	G	40000	9	99.991	99.111	99991	1070	29	0	0	380	256	405	706
5	2	A	40000	24	99.976	99.673	99976	303	0	0	0	5	4	294	24
5	2	B	40000	684	99.316	98.549	99316	767	29	0	0	375	252	111	682
5	2	cSpy was 17 spamed and the readout avoided!
5	3	G	40000	96399	3.601	0.042	3601	6998	0	0	0	6896	102	0	7000
5	3	A	40000	96407	3.593	0.042	3593	3551	0	0	0	3457	94	0	3552
5	3	B	40000	96511	3.489	0.042	3489	3447	0	0	0	3439	8	0	3448
5	4	G	40000	100000	0	0	0	0	0	0	0	0	0	0	2
5	4	A	40000	100000	0	0	0	0	0	0	0	0	0	0	1
5	4	B	40000	100000	0	0	0	0	0	0	0	0	0	0	1
5	5	G	40000	97285	2.715	0.2645	2715	4685	0	0	0	4685	0	0	4687
5	5	A	40000	97365	2.635	0.297	2635	2338	0	0	0	2338	0	0	2339
5	5	B	40000	97421	2.579	0.232	2579	2347	0	0	0	2347	0	0	2348
5	6	G	40000	8	99.992	97.623	99992	2480	199	0	0	1476	642	163	2267
5	6	A	40000	23	99.977	99.885	99977	92	0	0	0	6	2	84	23
5	6	B	40000	2251	97.749	95.361	97749	2388	199	0	0	1470	640	79	2244
5	6	cSpy was 55 spamed and the readout avoided!
5	7	G	40000	20355	79.645	27.985	79645	66469	1	0	0	58481	7781	206	66371
5	7	A	40000	37000	63	31.297	63000	31703	0	0	0	27066	4433	204	31608
5	7	B	40000	40561	59.439	24.673	59439	34766	1	0	0	31415	3348	2	34763
5	7	cSpy was 4 spamed and the readout avoided!
6	0	G	40000	517	99.483	96.511	99483	3781	365	4	0	1824	1012	576	3186
6	0	A	40000	1173	98.827	97.185	98827	1642	198	0	0	240	697	507	1173
6	0	B	40000	2024	97.976	95.837	97976	2139	167	4	0	1584	315	69	2013
6	0	cSpy was 69 spamed and the readout avoided!
6	1	G	40000	9157	90.843	63.6195	90843	35646	19	1	0	31966	3163	497	35410
6	1	A	40000	17479	82.521	65.515	82521	17006	5	1	0	14929	1588	483	16785
6	1	B	40000	19636	80.364	61.724	80364	18640	14	0	0	17037	1575	14	18625
6	1	cSpy was 6 spamed and the readout avoided!
6	2	G	40000	100000	0	0	0	0	0	0	0	0	0	0	2
6	2	A	40000	100000	0	0	0	0	0	0	0	0	0	0	1
6	2	B	40000	100000	0	0	0	0	0	0	0	0	0	0	1
6	3	G	40000	100000	0	0	0	0	0	0	0	0	0	0	2
6	3	A	40000	100000	0	0	0	0	0	0	0	0	0	0	1
6	3	B	40000	100000	0	0	0	0	0	0	0	0	0	0	1
6	4	G	40000	20513	79.487	58.646	79487	34260	808	0	0	32695	157	600	33176
6	4	A	40000	23935	76.065	58.93	76065	17135	389	0	0	16324	0	422	16418
6	4	B	40000	24513	75.487	58.362	75487	17125	419	0	0	16371	157	178	16758
6	4	cSpy was 8 spamed and the readout avoided!
6	5	G	40000	0	100	100	100000	200000	200000	200000	200000	200000	200000	200000	200002
6	5	A	40000	0	100	100	100000	100000	100000	100000	100000	100000	100000	100000	100001
6	5	B	40000	0	100	100	100000	100000	100000	100000	100000	100000	100000	100000	100001
6	6	G	40000	100000	0	0	0	0	0	0	0	0	0	0	2
6	6	A	40000	100000	0	0	0	0	0	0	0	0	0	0	1
6	6	B	40000	100000	0	0	0	0	0	0	0	0	0	0	1
6	7	G	40000	100000	0	0	0	0	0	0	0	0	0	0	2
6	7	A	40000	100000	0	0	0	0	0	0	0	0	0	0	1
6	7	B	40000	100000	0	0	0	0	0	0	0	0	0	0	1
7	0	G	40000	1989	98.011	48.0105	98011	3433	208	0	0	2610	82	533	2970
7	0	A	40000	2006	97.994	95.55	97994	2444	208	0	0	1621	82	533	1980
7	0	B	40000	98540	1.46	0.471	1460	989	0	0	0	989	0	0	990
7	0	cSpy was 2 spamed and the readout avoided!
7	1	G	40000	100000	0	0	0	0	0	0	0	0	0	0	2
7	1	A	40000	100000	0	0	0	0	0	0	0	0	0	0	1
7	1	B	40000	100000	0	0	0	0	0	0	0	0	0	0	1
7	2	G	40000	98744	1.256	0.075	1256	2299	0	0	0	2281	17	1	2301
7	2	A	40000	98762	1.238	0.088	1238	1150	0	0	0	1137	12	1	1151
7	2	B	40000	98789	1.211	0.062	1211	1149	0	0	0	1144	5	0	1150
7	3	G	40000	0	100	100	100000	200000	200000	200000	200000	200000	200000	200000	200002
7	3	A	40000	0	100	100	100000	100000	100000	100000	100000	100000	100000	100000	100001
7	3	B	40000	0	100	100	100000	100000	100000	100000	100000	100000	100000	100000	100001
7	4	G	40000	71014	28.986	6.501	28986	37003	0	0	0	33455	3483	65	36985
7	4	A	40000	73115	26.885	6.559	26885	20326	0	0	0	17350	2911	65	20308
7	4	B	40000	76880	23.12	6.443	23120	16677	0	0	0	16105	572	0	16677
7	5	G	40000	100000	0	0	0	0	0	0	0	0	0	0	2
7	5	A	40000	100000	0	0	0	0	0	0	0	0	0	0	1
7	5	B	40000	100000	0	0	0	0	0	0	0	0	0	0	1
7	6	G	40000	98609	1.391	0.3825	1391	1295	2	2	0	1282	7	2	1294
7	6	A	40000	98928	1.072	0.429	1072	643	2	2	0	636	1	2	641
7	6	B	40000	99012	0.988001	0.336	988	652	0	0	0	646	6	0	653
7	7	G	40000	58568	41.432	15.861	41432	37333	41	63	0	36414	608	207	37215
7	7	A	40000	64552	35.448	16.391	35448	19057	41	63	0	18506	240	207	18938
7	7	B	40000	66393	33.607	15.331	33607	18276	0	0	0	17908	368	0	18277
7	7	cSpy was 8 spamed and the readout avoided!
