#the gain was set to: 2	the bias was set to: 30
#Sent triggers per delay setting: 100000	and with a frequency [Hz] of: 40000
#160MHz delay setting	400MHz delay setting	Frequency	correct transmitted H+T		error rate [%]	uncertainty [%]	bad or missed events	error count	missing headers	missing trailers	flipped H/T	event nr errors	tbm missed trigger	unknown errors	event nr resets
0	0	G	40000	424	99.576	71.392	99576	19128	103	0	0	18127	304	594	18615
0	0	A	40000	646	99.354	98.203	99354	1151	85	0	0	202	275	589	646
0	0	B	40000	37442	62.558	44.581	62558	17977	18	0	0	17925	29	5	17969
0	0	cSpy was 36 spamed and the readout avoided!
0	1	G	40000	26698	73.302	52.4795	73302	26739	288	1	0	25838	13	599	26481
0	1	A	40000	36862	63.138	51.802	63138	11336	158	0	0	10696	5	477	11161
0	1	B	40000	31440	68.56	53.157	68560	15403	130	1	0	15142	8	122	15320
0	2	G	40000	3064	96.936	84.3415	96936	15630	294	13	1	12479	2371	472	15166
0	2	A	40000	6454	93.546	87.044	93546	6502	144	0	0	4768	1168	422	6148
0	2	B	40000	9233	90.767	81.639	90767	9128	150	13	1	7711	1203	50	9018
0	2	cSpy was 35 spamed and the readout avoided!
0	3	G	40000	100000	0	0	0	0	0	0	0	0	0	0	2
0	3	A	40000	100000	0	0	0	0	0	0	0	0	0	0	1
0	3	B	40000	100000	0	0	0	0	0	0	0	0	0	0	1
0	4	G	40000	100000	0	0	0	0	0	0	0	0	0	0	2
0	4	A	40000	100000	0	0	0	0	0	0	0	0	0	0	1
0	4	B	40000	100000	0	0	0	0	0	0	0	0	0	0	1
0	5	G	40000	51238	48.762	24.925	48762	33264	8	0	0	32941	89	226	33218
0	5	A	40000	60072	39.928	24.45	39928	15478	6	0	0	15205	44	223	15433
0	5	B	40000	56814	43.186	25.4	43186	17786	2	0	0	17736	45	3	17785
0	6	G	40000	1626	98.374	91.9585	98374	8179	297	12	0	5426	2007	437	7699
0	6	A	40000	4398	95.602	91.121	95602	4481	113	0	0	2743	1398	227	4254
0	6	B	40000	3506	96.494	92.796	96494	3698	184	12	0	2683	609	210	3445
0	6	cSpy was 24 spamed and the readout avoided!
0	7	G	40000	96652	3.348	0.5835	3348	4995	0	0	0	4954	41	0	4997
0	7	A	40000	96984	3.016	0.517	3016	2499	0	0	0	2483	16	0	2500
0	7	B	40000	96854	3.146	0.65	3146	2496	0	0	0	2471	25	0	2497
1	0	G	40000	372	99.628	97.3645	99628	2919	202	2	0	1462	592	661	2329
1	0	A	40000	1181	98.819	97.172	98819	1647	157	0	0	692	250	548	1162
1	0	B	40000	1171	98.829	97.557	98829	1272	45	2	0	770	342	113	1167
1	0	cSpy was 43 spamed and the readout avoided!
1	1	G	40000	96937	3.063	0.283	3063	4919	0	0	0	4825	93	1	4921
1	1	A	40000	97357	2.643	0.19	2643	2453	0	0	0	2416	36	1	2454
1	1	B	40000	97158	2.842	0.376	2842	2466	0	0	0	2409	57	0	2467
1	2	G	40000	100000	0	0	0	0	0	0	0	0	0	0	2
1	2	A	40000	100000	0	0	0	0	0	0	0	0	0	0	1
1	2	B	40000	100000	0	0	0	0	0	0	0	0	0	0	1
1	3	G	40000	90542	9.458	4.721	9458	6501	6	0	0	6364	86	45	6496
1	3	A	40000	92493	7.507	4.486	7507	3021	4	0	0	2901	74	42	3016
1	3	B	40000	91564	8.436	4.956	8436	3480	2	0	0	3463	12	3	3480
1	4	G	40000	0	100	100	100000	200000	200000	200000	200000	200000	200000	200000	200002
1	4	A	40000	0	100	100	100000	100000	100000	100000	100000	100000	100000	100000	100001
1	4	B	40000	0	100	100	100000	100000	100000	100000	100000	100000	100000	100000	100001
1	5	G	40000	48870	51.13	13.7385	51130	37840	10	0	0	31839	5963	28	37828
1	5	A	40000	74147	25.853	4.951	25853	20902	0	0	0	17407	3469	26	20900
1	5	B	40000	60536	39.464	22.526	39464	16938	10	0	0	14432	2494	2	16928
1	6	G	40000	100000	0	0	0	0	0	0	0	0	0	0	2
1	6	A	40000	100000	0	0	0	0	0	0	0	0	0	0	1
1	6	B	40000	100000	0	0	0	0	0	0	0	0	0	0	1
1	7	G	40000	100000	0	0	0	0	0	0	0	0	0	0	2
1	7	A	40000	100000	0	0	0	0	0	0	0	0	0	0	1
1	7	B	40000	100000	0	0	0	0	0	0	0	0	0	0	1
2	0	G	40000	2489	97.511	48.077	97511	3926	45	0	0	3696	106	79	3839
2	0	A	40000	2532	97.468	94.889	97468	2579	45	0	0	2349	106	79	2491
2	0	B	40000	97388	2.612	1.265	2612	1347	0	0	0	1347	0	0	1348
2	1	G	40000	99333	0.667	0.206	667	740	0	0	0	734	4	2	742
2	1	A	40000	99453	0.546998	0.194	547	353	0	0	0	348	3	2	354
2	1	B	40000	99395	0.604999	0.218	605	387	0	0	0	386	1	0	388
2	2	G	40000	27310	72.69	51.318	72690	25985	752	0	0	23208	1327	698	25368
2	2	A	40000	39123	60.877	49.397	60877	11480	415	0	0	9847	738	480	11082
2	2	B	40000	32256	67.744	53.239	67744	14505	337	0	0	13361	589	218	14286
2	3	G	40000	4142	95.858	76.9995	95858	22602	99	20	0	19118	3169	196	22413
2	3	A	40000	14749	85.251	70.945	85251	14306	34	0	0	12261	1879	132	14202
2	3	B	40000	8650	91.35	83.054	91350	8296	65	20	0	6857	1290	64	8211
2	3	cSpy was 22 spamed and the readout avoided!
2	4	G	40000	100000	0	0	0	0	0	0	0	0	0	0	2
2	4	A	40000	100000	0	0	0	0	0	0	0	0	0	0	1
2	4	B	40000	100000	0	0	0	0	0	0	0	0	0	0	1
2	5	G	40000	100000	0	0	0	0	0	0	0	0	0	0	2
2	5	A	40000	100000	0	0	0	0	0	0	0	0	0	0	1
2	5	B	40000	100000	0	0	0	0	0	0	0	0	0	0	1
2	6	G	40000	46003	53.997	31.1765	53997	27119	36	0	0	26156	650	277	27079
2	6	A	40000	58123	41.877	29.595	41877	12282	26	0	0	11418	569	269	12245
2	6	B	40000	52405	47.595	32.758	47595	14837	10	0	0	14738	81	8	14834
2	7	G	40000	0	100	100	100000	200000	200000	200000	200000	200000	200000	200000	200002
2	7	A	40000	0	100	100	100000	100000	100000	100000	100000	100000	100000	100000	100001
2	7	B	40000	0	100	100	100000	100000	100000	100000	100000	100000	100000	100000	100001
3	0	G	40000	1046	98.954	69.8265	98954	19949	277	0	0	18648	385	639	19386
3	0	A	40000	1639	98.361	96.193	98361	2168	231	0	0	1291	25	621	1631
3	0	B	40000	38759	61.241	43.46	61241	17781	46	0	0	17357	360	18	17755
3	0	cSpy was 9 spamed and the readout avoided!
3	1	G	40000	0	100	100	100000	200000	200000	200000	200000	200000	200000	200000	200002
3	1	A	40000	0	100	100	100000	100000	100000	100000	100000	100000	100000	100000	100001
3	1	B	40000	0	100	100	100000	100000	100000	100000	100000	100000	100000	100000	100001
3	2	G	40000	98769	1.231	0.011	1231	2434	0	0	0	2432	2	0	2436
3	2	A	40000	98770	1.23	0.011	1230	1219	0	0	0	1217	2	0	1220
3	2	B	40000	98774	1.226	0.011	1226	1215	0	0	0	1215	0	0	1216
3	3	G	40000	100000	0	0	0	0	0	0	0	0	0	0	2
3	3	A	40000	100000	0	0	0	0	0	0	0	0	0	0	1
3	3	B	40000	100000	0	0	0	0	0	0	0	0	0	0	1
3	4	G	40000	92868	7.132	1.195	7132	10880	0	0	0	10855	21	4	10882
3	4	A	40000	93427	6.573	1.108	6573	5465	0	0	0	5445	16	4	5466
3	4	B	40000	93303	6.697	1.282	6697	5415	0	0	0	5410	5	0	5416
3	5	G	40000	0	100	100	100000	200000	200000	200000	200000	200000	200000	200000	200002
3	5	A	40000	0	100	100	100000	100000	100000	100000	100000	100000	100000	100000	100001
3	5	B	40000	0	100	100	100000	100000	100000	100000	100000	100000	100000	100000	100001
3	6	G	40000	60613	39.387	9.9795	39387	42479	6	8	0	39359	3082	24	42474
3	6	A	40000	68112	31.888	9.806	31888	22082	6	0	0	19334	2725	17	22081
3	6	B	40000	69450	30.55	10.153	30550	20397	0	8	0	20025	357	7	20393
3	6	cSpy was 7 spamed and the readout avoided!
3	7	G	40000	100000	0	0	0	0	0	0	0	0	0	0	2
3	7	A	40000	100000	0	0	0	0	0	0	0	0	0	0	1
3	7	B	40000	100000	0	0	0	0	0	0	0	0	0	0	1
4	0	G	40000	1068	98.932	65.3805	98932	29637	136	0	0	26696	2644	161	29445
4	0	A	40000	1897	98.103	96.057	98103	2046	90	0	0	1259	558	139	1884
4	0	B	40000	37705	62.295	34.704	62295	27591	46	0	0	25437	2086	22	27561
4	0	cSpy was 5 spamed and the readout avoided!
4	1	G	40000	100000	0	0	0	0	0	0	0	0	0	0	2
4	1	A	40000	100000	0	0	0	0	0	0	0	0	0	0	1
4	1	B	40000	100000	0	0	0	0	0	0	0	0	0	0	1
4	2	G	40000	98329	1.671	0.874	1671	1181	2	0	0	1176	1	2	1180
4	2	A	40000	98536	1.464	0.884	1464	580	1	0	0	576	1	2	579
4	2	B	40000	98535	1.465	0.864	1465	601	1	0	0	600	0	0	601
4	3	G	40000	19681	80.319	58.9195	80319	34117	801	0	0	32590	130	596	33060
4	3	A	40000	23722	76.278	59.191	76278	17087	390	0	0	16270	0	427	16374
4	3	B	40000	24322	75.678	58.648	75678	17030	411	0	0	16320	130	169	16686
4	3	cSpy was 8 spamed and the readout avoided!
4	4	G	40000	6134	93.866	77.8725	93866	20936	254	25	2	18261	1863	531	20451
4	4	A	40000	11261	88.739	78.668	88739	10071	86	8	2	8599	999	377	9791
4	4	B	40000	12058	87.942	77.077	87942	10865	168	17	0	9662	864	154	10660
4	4	cSpy was 82 spamed and the readout avoided!
4	5	G	40000	100000	0	0	0	0	0	0	0	0	0	0	2
4	5	A	40000	100000	0	0	0	0	0	0	0	0	0	0	1
4	5	B	40000	100000	0	0	0	0	0	0	0	0	0	0	1
4	6	G	40000	99997	0.00299811	0	3	6	0	0	0	6	0	0	8
4	6	A	40000	99997	0.00299811	0	3	3	0	0	0	3	0	0	4
4	6	B	40000	99997	0.00299811	0	3	3	0	0	0	3	0	0	4
4	7	G	40000	26355	73.645	49.597	73645	37611	272	0	0	37067	10	262	37289
4	7	A	40000	31539	68.461	49.691	68461	18770	132	0	0	18423	4	211	18531
4	7	B	40000	31656	68.344	49.503	68344	18841	140	0	0	18644	6	51	18758
4	7	cSpy was 5 spamed and the readout avoided!
5	0	G	40000	512	99.488	56.4155	99488	14449	160	1	0	13360	108	820	13892
5	0	A	40000	631	99.369	98.182	99369	1187	160	0	0	107	102	818	631
5	0	B	40000	72089	27.911	14.649	27911	13262	0	1	0	13253	6	2	13261
5	0	cSpy was 48 spamed and the readout avoided!
5	1	G	40000	70137	29.863	12.4375	29863	27091	10	1	0	27050	5	25	27083
5	1	A	40000	73962	26.038	12.681	26038	13357	5	0	0	13322	5	25	13349
5	1	B	40000	74072	25.928	12.194	25928	13734	5	1	0	13728	0	0	13734
5	1	cSpy was 2 spamed and the readout avoided!
5	2	G	40000	0	100	100	100000	200000	200000	200000	200000	200000	200000	200000	200002
5	2	A	40000	0	100	100	100000	100000	100000	100000	100000	100000	100000	100000	100001
5	2	B	40000	0	100	100	100000	100000	100000	100000	100000	100000	100000	100000	100001
5	3	G	40000	97166	2.834	0.017	2834	5575	0	0	0	5522	53	0	5577
5	3	A	40000	97169	2.831	0.017	2831	2814	0	0	0	2764	50	0	2815
5	3	B	40000	97222	2.778	0.017	2778	2761	0	0	0	2758	3	0	2762
5	4	G	40000	100000	0	0	0	0	0	0	0	0	0	0	2
5	4	A	40000	100000	0	0	0	0	0	0	0	0	0	0	1
5	4	B	40000	100000	0	0	0	0	0	0	0	0	0	0	1
5	5	G	40000	97621	2.379	0.284	2379	3983	0	0	0	3983	0	0	3985
5	5	A	40000	97703	2.297	0.313	2297	1984	0	0	0	1984	0	0	1985
5	5	B	40000	97746	2.254	0.255	2254	1999	0	0	0	1999	0	0	2000
5	6	G	40000	6	99.994	97.6115	99994	2488	216	0	0	1296	853	123	2279
5	6	A	40000	10	99.99	99.942	99990	48	0	0	0	4	0	44	10
5	6	B	40000	2279	97.721	95.281	97721	2440	216	0	0	1292	853	79	2269
5	6	cSpy was 41 spamed and the readout avoided!
5	7	G	40000	22917	77.083	24.868	77083	67447	0	2	0	59289	7987	169	67363
5	7	A	40000	39779	60.221	27.928	60221	32293	0	2	0	27502	4621	168	32210
5	7	B	40000	43038	56.962	21.808	56962	35154	0	0	0	31787	3366	1	35153
5	7	cSpy was 5 spamed and the readout avoided!
6	0	G	40000	517	99.483	96.4855	99483	3801	370	6	0	1813	1013	599	3219
6	0	A	40000	1205	98.795	97.144	98795	1651	204	2	0	241	685	519	1205
6	0	B	40000	2023	97.977	95.827	97977	2150	166	4	0	1572	328	80	2014
6	0	cSpy was 63 spamed and the readout avoided!
6	1	G	40000	8913	91.087	64.272	91087	34967	19	0	0	31325	3145	478	34724
6	1	A	40000	17150	82.85	66.168	82850	16682	1	0	0	14645	1571	465	16450
6	1	B	40000	19339	80.661	62.376	80661	18285	18	0	0	16680	1574	13	18274
6	1	cSpy was 11 spamed and the readout avoided!
6	2	G	40000	100000	0	0	0	0	0	0	0	0	0	0	2
6	2	A	40000	100000	0	0	0	0	0	0	0	0	0	0	1
6	2	B	40000	100000	0	0	0	0	0	0	0	0	0	0	1
6	3	G	40000	100000	0	0	0	0	0	0	0	0	0	0	2
6	3	A	40000	100000	0	0	0	0	0	0	0	0	0	0	1
6	3	B	40000	100000	0	0	0	0	0	0	0	0	0	0	1
6	4	G	40000	20498	79.502	58.6415	79502	34252	801	0	0	32701	161	589	33186
6	4	A	40000	23945	76.055	58.928	76055	17127	385	0	0	16324	0	418	16418
6	4	B	40000	24520	75.48	58.355	75480	17125	416	0	0	16377	161	171	16768
6	4	cSpy was 8 spamed and the readout avoided!
6	5	G	40000	0	100	100	100000	200000	200000	200000	200000	200000	200000	200000	200002
6	5	A	40000	0	100	100	100000	100000	100000	100000	100000	100000	100000	100000	100001
6	5	B	40000	0	100	100	100000	100000	100000	100000	100000	100000	100000	100000	100001
6	6	G	40000	100000	0	0	0	0	0	0	0	0	0	0	2
6	6	A	40000	100000	0	0	0	0	0	0	0	0	0	0	1
6	6	B	40000	100000	0	0	0	0	0	0	0	0	0	0	1
6	7	G	40000	100000	0	0	0	0	0	0	0	0	0	0	2
6	7	A	40000	100000	0	0	0	0	0	0	0	0	0	0	1
6	7	B	40000	100000	0	0	0	0	0	0	0	0	0	0	1
7	0	G	40000	1723	98.277	58.5075	98277	5492	275	2	0	4455	151	609	4918
7	0	A	40000	1999	98.001	95.513	98001	2488	224	0	0	1632	65	567	1968
7	0	B	40000	75494	24.506	21.502	24506	3004	51	2	0	2823	86	42	2950
7	0	cSpy was 25 spamed and the readout avoided!
7	1	G	40000	100000	0	0	0	0	0	0	0	0	0	0	2
7	1	A	40000	100000	0	0	0	0	0	0	0	0	0	0	1
7	1	B	40000	100000	0	0	0	0	0	0	0	0	0	0	1
7	2	G	40000	98325	1.675	0.137	1675	2864	0	0	0	2856	7	1	2866
7	2	A	40000	98412	1.588	0.16	1588	1428	0	0	0	1422	5	1	1429
7	2	B	40000	98450	1.55	0.114	1550	1436	0	0	0	1434	2	0	1437
7	3	G	40000	0	100	100	100000	200000	200000	200000	200000	200000	200000	200000	200002
7	3	A	40000	0	100	100	100000	100000	100000	100000	100000	100000	100000	100000	100001
7	3	B	40000	0	100	100	100000	100000	100000	100000	100000	100000	100000	100000	100001
7	4	G	40000	51985	48.015	33.785	48015	23029	153	1	0	20459	2004	412	22739
7	4	A	40000	53550	46.45	34.088	46450	12362	14	0	0	10386	1627	335	12202
7	4	B	40000	55851	44.149	33.482	44149	10667	139	1	0	10073	377	77	10537
7	4	cSpy was 58 spamed and the readout avoided!
7	5	G	40000	100000	0	0	0	0	0	0	0	0	0	0	2
7	5	A	40000	100000	0	0	0	0	0	0	0	0	0	0	1
7	5	B	40000	100000	0	0	0	0	0	0	0	0	0	0	1
7	6	G	40000	99242	0.757998	0.2105	758	736	1	2	0	727	5	1	738
7	6	A	40000	99401	0.599003	0.232	599	367	1	2	0	363	0	1	368
7	6	B	40000	99442	0.558001	0.189	558	369	0	0	0	364	5	0	370
7	7	G	40000	57063	42.937	16.922	42937	38056	28	52	0	37074	694	208	37939
7	7	A	40000	63189	36.811	17.452	36811	19359	28	52	0	18784	287	208	19241
7	7	B	40000	64911	35.089	16.392	35089	18697	0	0	0	18290	407	0	18698
7	7	cSpy was 8 spamed and the readout avoided!
