#the gain was set to: 2	the bias was set to: 30
#Sent triggers per delay setting: 100000	and with a frequency [Hz] of: 40000
#160MHz delay setting	400MHz delay setting	Frequency	correct transmitted H+T		error rate [%]	uncertainty [%]	bad or missed events	error count	missing headers	missing trailers	flipped H/T	event nr errors	tbm missed trigger	unknown errors	event nr resets
0	0	G	40000	429	99.571	72.044	99571	18992	105	0	0	17990	306	591	18488
0	0	A	40000	628	99.372	98.245	99372	1127	94	0	0	178	271	584	628
0	0	B	40000	36292	63.708	45.843	63708	17865	11	0	0	17812	35	7	17860
0	0	cSpy was 33 spamed and the readout avoided!
0	1	G	40000	36796	63.204	42.0455	63204	27688	65	0	0	27152	82	389	27589
0	1	A	40000	46274	53.726	41.419	53726	12307	35	0	0	11867	37	368	12228
0	1	B	40000	41947	58.053	42.672	58053	15381	30	0	0	15285	45	21	15361
0	2	G	40000	4922	95.078	78.5975	95078	21064	66	1	0	17852	2830	315	20864
0	2	A	40000	9653	90.347	81.054	90347	9293	43	0	0	7416	1526	308	9107
0	2	B	40000	12088	87.912	76.141	87912	11771	23	1	0	10436	1304	7	11757
0	2	cSpy was 2 spamed and the readout avoided!
0	3	G	40000	99998	0.00200272	0.001	2	2	0	0	0	2	0	0	4
0	3	A	40000	99998	0.00200272	0.001	2	1	0	0	0	1	0	0	2
0	3	B	40000	99998	0.00200272	0.001	2	1	0	0	0	1	0	0	2
0	4	G	40000	100000	0	0	0	0	0	0	0	0	0	0	2
0	4	A	40000	100000	0	0	0	0	0	0	0	0	0	0	1
0	4	B	40000	100000	0	0	0	0	0	0	0	0	0	0	1
0	5	G	40000	46499	53.501	28.887	53501	33936	8	0	0	33527	134	267	33883
0	5	A	40000	55990	44.01	28.356	44010	15654	4	0	0	15323	66	261	15602
0	5	B	40000	52300	47.7	29.418	47700	18282	4	0	0	18204	68	6	18281
0	6	G	40000	1209	98.791	93.666	98791	6515	405	17	0	4421	1249	423	5981
0	6	A	40000	3309	96.691	93.305	96691	3386	86	0	0	2340	748	212	3168
0	6	B	40000	2844	97.156	94.027	97156	3129	319	17	0	2081	501	211	2813
0	6	cSpy was 46 spamed and the readout avoided!
0	7	G	40000	97038	2.962	0.545	2962	4474	0	0	0	4423	51	0	4476
0	7	A	40000	97270	2.73	0.495	2730	2235	0	0	0	2211	24	0	2236
0	7	B	40000	97166	2.834	0.595	2834	2239	0	0	0	2212	27	0	2240
1	0	G	40000	371	99.629	97.349	99629	2899	234	2	0	1746	379	538	2381
1	0	A	40000	1340	98.66	96.913	98660	1747	173	0	0	893	221	460	1331
1	0	B	40000	1063	98.937	97.785	98937	1152	61	2	0	853	158	78	1050
1	0	cSpy was 24 spamed and the readout avoided!
1	1	G	40000	97104	2.896	0.537	2896	4299	0	0	0	4239	60	0	4301
1	1	A	40000	97388	2.612	0.475	2612	2137	0	0	0	2113	24	0	2138
1	1	B	40000	97239	2.761	0.599	2761	2162	0	0	0	2126	36	0	2163
1	2	G	40000	100000	0	0	0	0	0	0	0	0	0	0	2
1	2	A	40000	100000	0	0	0	0	0	0	0	0	0	0	1
1	2	B	40000	100000	0	0	0	0	0	0	0	0	0	0	1
1	3	G	40000	88213	11.787	5.715	11787	7936	2	0	0	7680	208	46	7931
1	3	A	40000	90919	9.081	5.281	9081	3800	0	0	0	3582	175	43	3795
1	3	B	40000	89715	10.285	6.149	10285	4136	2	0	0	4098	33	3	4136
1	4	G	40000	0	100	100	100000	200000	200000	200000	200000	200000	200000	200000	200002
1	4	A	40000	0	100	100	100000	100000	100000	100000	100000	100000	100000	100000	100001
1	4	B	40000	0	100	100	100000	100000	100000	100000	100000	100000	100000	100000	100001
1	5	G	40000	53535	46.465	11.1065	46465	35438	0	0	0	31002	4433	3	35440
1	5	A	40000	77300	22.7	3.195	22700	19505	0	0	0	16781	2722	2	19506
1	5	B	40000	65049	34.951	19.018	34951	15933	0	0	0	14221	1711	1	15934
1	6	G	40000	100000	0	0	0	0	0	0	0	0	0	0	2
1	6	A	40000	100000	0	0	0	0	0	0	0	0	0	0	1
1	6	B	40000	100000	0	0	0	0	0	0	0	0	0	0	1
1	7	G	40000	100000	0	0	0	0	0	0	0	0	0	0	2
1	7	A	40000	100000	0	0	0	0	0	0	0	0	0	0	1
1	7	B	40000	100000	0	0	0	0	0	0	0	0	0	0	1
2	0	G	40000	2531	97.469	48.119	97469	4122	53	1	0	3898	102	68	4032
2	0	A	40000	2570	97.43	94.819	97430	2611	53	1	0	2388	101	68	2520
2	0	B	40000	97070	2.93	1.419	2930	1511	0	0	0	1510	1	0	1512
2	1	G	40000	99627	0.373	0.1225	373	415	0	0	0	415	0	0	417
2	1	A	40000	99684	0.316	0.118	316	198	0	0	0	198	0	0	199
2	1	B	40000	99656	0.344002	0.127	344	217	0	0	0	217	0	0	218
2	2	G	40000	27160	72.84	51.3555	72840	25971	734	0	0	23213	1356	668	25375
2	2	A	40000	39085	60.915	49.425	60915	11490	409	0	0	9874	734	473	11102
2	2	B	40000	32233	67.767	53.286	67767	14481	325	0	0	13339	622	195	14273
2	2	cSpy was 1 spamed and the readout avoided!
2	3	G	40000	7388	92.612	69.199	92612	27541	155	0	0	24194	2900	292	27251
2	3	A	40000	21147	78.853	61.25	78853	17603	80	0	0	15152	2249	122	17475
2	3	B	40000	12914	87.086	77.148	87086	9938	75	0	0	9042	651	170	9776
2	3	cSpy was 16 spamed and the readout avoided!
2	4	G	40000	100000	0	0	0	0	0	0	0	0	0	0	2
2	4	A	40000	100000	0	0	0	0	0	0	0	0	0	0	1
2	4	B	40000	100000	0	0	0	0	0	0	0	0	0	0	1
2	5	G	40000	100000	0	0	0	0	0	0	0	0	0	0	2
2	5	A	40000	100000	0	0	0	0	0	0	0	0	0	0	1
2	5	B	40000	100000	0	0	0	0	0	0	0	0	0	0	1
2	6	G	40000	47068	52.932	33.6965	52932	22596	99	0	0	21490	688	319	22520
2	6	A	40000	57802	42.198	32.104	42198	10094	64	0	0	9160	572	298	10027
2	6	B	40000	52209	47.791	35.289	47791	12502	35	0	0	12330	116	21	12493
2	7	G	40000	0	100	100	100000	200000	200000	200000	200000	200000	200000	200000	200002
2	7	A	40000	0	100	100	100000	100000	100000	100000	100000	100000	100000	100000	100001
2	7	B	40000	0	100	100	100000	100000	100000	100000	100000	100000	100000	100000	100001
3	0	G	40000	1360	98.64	63.663	98640	18420	219	3	0	17233	355	610	17894
3	0	A	40000	1822	98.178	95.877	98178	2301	196	1	0	1468	35	601	1791
3	0	B	40000	52432	47.568	31.449	47568	16119	23	2	0	15765	320	9	16103
3	0	cSpy was 5 spamed and the readout avoided!
3	1	G	40000	0	100	100	100000	200000	200000	200000	200000	200000	200000	200000	200002
3	1	A	40000	0	100	100	100000	100000	100000	100000	100000	100000	100000	100000	100001
3	1	B	40000	0	100	100	100000	100000	100000	100000	100000	100000	100000	100000	100001
3	2	G	40000	72535	27.465	16.5055	27465	14921	31	4	1	13575	1179	131	14829
3	2	A	40000	75944	24.056	16.599	24056	7457	16	3	1	6688	630	119	7380
3	2	B	40000	76124	23.876	16.412	23876	7464	15	1	0	6887	549	12	7449
3	2	cSpy was 9 spamed and the readout avoided!
3	3	G	40000	100000	0	0	0	0	0	0	0	0	0	0	2
3	3	A	40000	100000	0	0	0	0	0	0	0	0	0	0	1
3	3	B	40000	100000	0	0	0	0	0	0	0	0	0	0	1
3	4	G	40000	91356	8.644	2.299	8644	11278	0	0	0	11257	20	1	11280
3	4	A	40000	92128	7.872	2.202	7872	5670	0	0	0	5659	10	1	5671
3	4	B	40000	91996	8.004	2.396	8004	5608	0	0	0	5598	10	0	5609
3	5	G	40000	0	100	100	100000	200000	200000	200000	200000	200000	200000	200000	200002
3	5	A	40000	0	100	100	100000	100000	100000	100000	100000	100000	100000	100000	100001
3	5	B	40000	0	100	100	100000	100000	100000	100000	100000	100000	100000	100000	100001
3	6	G	40000	45750	54.25	34.8005	54250	27950	53	5	0	25626	2128	138	27824
3	6	A	40000	50669	49.331	35.119	49331	14212	5	0	0	12483	1683	41	14181
3	6	B	40000	51780	48.22	34.482	48220	13738	48	5	0	13143	445	97	13643
3	6	cSpy was 84 spamed and the readout avoided!
3	7	G	40000	100000	0	0	0	0	0	0	0	0	0	0	2
3	7	A	40000	100000	0	0	0	0	0	0	0	0	0	0	1
3	7	B	40000	100000	0	0	0	0	0	0	0	0	0	0	1
4	0	G	40000	0	100	100	100000	200000	200000	200000	200000	200000	200000	200000	200002
4	0	A	40000	0	100	100	100000	100000	100000	100000	100000	100000	100000	100000	100001
4	0	B	40000	0	100	100	100000	100000	100000	100000	100000	100000	100000	100000	100001
4	1	G	40000	100000	0	0	0	0	0	0	0	0	0	0	2
4	1	A	40000	100000	0	0	0	0	0	0	0	0	0	0	1
4	1	B	40000	100000	0	0	0	0	0	0	0	0	0	0	1
4	2	G	40000	99996	0.00399947	0	4	8	0	0	0	8	0	0	10
4	2	A	40000	99996	0.00399947	0	4	4	0	0	0	4	0	0	5
4	2	B	40000	99996	0.00399947	0	4	4	0	0	0	4	0	0	5
4	3	G	40000	25985	74.015	52.314	74015	35228	647	0	0	33975	112	494	34370
4	3	A	40000	29857	70.143	52.55	70143	17593	314	0	0	16926	1	352	17020
4	3	B	40000	30287	69.713	52.078	69713	17635	333	0	0	17049	111	142	17350
4	3	cSpy was 7 spamed and the readout avoided!
4	4	G	40000	3374	96.626	86.2005	96626	13822	287	28	3	12046	1003	457	13357
4	4	A	40000	6553	93.447	86.718	93447	6729	156	14	3	5705	474	379	6381
4	4	B	40000	7224	92.776	85.683	92776	7093	131	14	0	6341	529	78	6976
4	4	cSpy was 49 spamed and the readout avoided!
4	5	G	40000	98546	1.454	0.164	1454	2548	0	0	0	2534	14	0	2550
4	5	A	40000	98550	1.45	0.164	1450	1286	0	0	0	1272	14	0	1287
4	5	B	40000	98574	1.426	0.164	1426	1262	0	0	0	1262	0	0	1263
4	6	G	40000	100000	0	0	0	0	0	0	0	0	0	0	2
4	6	A	40000	100000	0	0	0	0	0	0	0	0	0	0	1
4	6	B	40000	100000	0	0	0	0	0	0	0	0	0	0	1
4	7	G	40000	38718	61.282	40.2145	61282	32653	206	1	0	32232	8	206	32418
4	7	A	40000	43420	56.58	40.304	56580	16276	100	1	0	16004	6	165	16104
4	7	B	40000	43498	56.502	40.125	56502	16377	106	0	0	16228	2	41	16314
4	7	cSpy was 6 spamed and the readout avoided!
5	0	G	40000	495	99.505	56.712	99505	14584	147	0	0	13474	109	854	14010
5	0	A	40000	607	99.393	98.212	99393	1181	147	0	0	77	105	852	607
5	0	B	40000	71385	28.615	15.212	28615	13403	0	0	0	13397	4	2	13403
5	0	cSpy was 46 spamed and the readout avoided!
5	1	G	40000	69600	30.4	13.128	30400	26890	12	0	0	26820	8	50	26878
5	1	A	40000	73408	26.592	13.335	26592	13257	6	0	0	13196	8	47	13246
5	1	B	40000	73446	26.554	12.921	26554	13633	6	0	0	13624	0	3	13632
5	2	G	40000	15	99.985	99.057	99985	1143	25	0	0	460	200	458	743
5	2	A	40000	36	99.964	99.619	99964	345	0	0	0	3	0	342	36
5	2	B	40000	707	99.293	98.495	99293	798	25	0	0	457	200	116	707
5	2	cSpy was 16 spamed and the readout avoided!
5	3	G	40000	96255	3.745	0.029	3745	7325	0	0	0	7229	96	0	7327
5	3	A	40000	96257	3.743	0.029	3743	3714	0	0	0	3620	94	0	3715
5	3	B	40000	96360	3.64	0.029	3640	3611	0	0	0	3609	2	0	3612
5	4	G	40000	100000	0	0	0	0	0	0	0	0	0	0	2
5	4	A	40000	100000	0	0	0	0	0	0	0	0	0	0	1
5	4	B	40000	100000	0	0	0	0	0	0	0	0	0	0	1
5	5	G	40000	96840	3.16	0.388	3160	5324	0	0	0	5324	0	0	5326
5	5	A	40000	96921	3.079	0.424	3079	2655	0	0	0	2655	0	0	2656
5	5	B	40000	96979	3.021	0.352	3021	2669	0	0	0	2669	0	0	2670
5	6	G	40000	39	99.961	98.131	99961	2027	189	2	0	1096	419	321	1705
5	6	A	40000	111	99.889	99.643	99889	246	5	0	0	53	7	181	111
5	6	B	40000	1600	98.4	96.619	98400	1781	184	2	0	1043	412	140	1594
5	6	cSpy was 80 spamed and the readout avoided!
5	7	G	40000	20129	79.871	29.468	79871	64377	0	0	0	56513	7702	162	64308
5	7	A	40000	36681	63.319	32.572	63319	30747	0	0	0	26130	4457	160	30678
5	7	B	40000	40006	59.994	26.364	59994	33630	0	0	0	30383	3245	2	33630
5	7	cSpy was 6 spamed and the readout avoided!
6	0	G	40000	455	99.545	96.7435	99545	3570	356	3	0	1663	938	610	2939
6	0	A	40000	1094	98.906	97.354	98906	1552	184	0	0	240	621	507	1094
6	0	B	40000	1849	98.151	96.133	98151	2018	172	3	0	1423	317	103	1845
6	0	cSpy was 69 spamed and the readout avoided!
6	1	G	40000	9432	90.568	63.2845	90568	35811	14	1	0	32104	3265	427	35591
6	1	A	40000	17660	82.34	65.283	82340	17057	1	0	0	14975	1659	422	16848
6	1	B	40000	19960	80.04	61.286	80040	18754	13	1	0	17129	1606	5	18743
6	1	cSpy was 10 spamed and the readout avoided!
6	2	G	40000	100000	0	0	0	0	0	0	0	0	0	0	2
6	2	A	40000	100000	0	0	0	0	0	0	0	0	0	0	1
6	2	B	40000	100000	0	0	0	0	0	0	0	0	0	0	1
6	3	G	40000	100000	0	0	0	0	0	0	0	0	0	0	2
6	3	A	40000	100000	0	0	0	0	0	0	0	0	0	0	1
6	3	B	40000	100000	0	0	0	0	0	0	0	0	0	0	1
6	4	G	40000	20458	79.542	58.642	79542	34271	826	0	0	32686	158	601	33177
6	4	A	40000	23931	76.069	58.924	76069	17145	398	0	0	16320	0	427	16415
6	4	B	40000	24514	75.486	58.36	75486	17126	428	0	0	16366	158	174	16762
6	4	cSpy was 7 spamed and the readout avoided!
6	5	G	40000	0	100	100	100000	200000	200000	200000	200000	200000	200000	200000	200002
6	5	A	40000	0	100	100	100000	100000	100000	100000	100000	100000	100000	100000	100001
6	5	B	40000	0	100	100	100000	100000	100000	100000	100000	100000	100000	100000	100001
6	6	G	40000	100000	0	0	0	0	0	0	0	0	0	0	2
6	6	A	40000	100000	0	0	0	0	0	0	0	0	0	0	1
6	6	B	40000	100000	0	0	0	0	0	0	0	0	0	0	1
6	7	G	40000	100000	0	0	0	0	0	0	0	0	0	0	2
6	7	A	40000	100000	0	0	0	0	0	0	0	0	0	0	1
6	7	B	40000	100000	0	0	0	0	0	0	0	0	0	0	1
7	0	G	40000	1733	98.267	58.376	98267	6053	240	1	0	5062	185	565	5557
7	0	A	40000	2034	97.966	95.485	97966	2481	207	0	0	1649	74	551	2010
7	0	B	40000	75161	24.839	21.267	24839	3572	33	1	0	3413	111	14	3547
7	0	cSpy was 21 spamed and the readout avoided!
7	1	G	40000	100000	0	0	0	0	0	0	0	0	0	0	2
7	1	A	40000	100000	0	0	0	0	0	0	0	0	0	0	1
7	1	B	40000	100000	0	0	0	0	0	0	0	0	0	0	1
7	2	G	40000	98096	1.904	0.1515	1904	3302	0	0	0	3283	19	0	3304
7	2	A	40000	98173	1.827	0.175	1827	1652	0	0	0	1637	15	0	1653
7	2	B	40000	98222	1.778	0.128	1778	1650	0	0	0	1646	4	0	1651
7	3	G	40000	0	100	100	100000	200000	200000	200000	200000	200000	200000	200000	200002
7	3	A	40000	0	100	100	100000	100000	100000	100000	100000	100000	100000	100000	100001
7	3	B	40000	0	100	100	100000	100000	100000	100000	100000	100000	100000	100000	100001
7	4	G	40000	54481	45.519	22.299	45519	34515	8	1	0	31230	3032	244	34399
7	4	A	40000	58973	41.027	23.161	41027	17866	2	0	0	15486	2137	241	17754
7	4	B	40000	61914	38.086	21.437	38086	16649	6	1	0	15744	895	3	16645
7	4	cSpy was 6 spamed and the readout avoided!
7	5	G	40000	100000	0	0	0	0	0	0	0	0	0	0	2
7	5	A	40000	100000	0	0	0	0	0	0	0	0	0	0	1
7	5	B	40000	100000	0	0	0	0	0	0	0	0	0	0	1
7	6	G	40000	99951	0.049001	0	49	98	0	0	0	98	0	0	100
7	6	A	40000	99951	0.049001	0	49	49	0	0	0	49	0	0	50
7	6	B	40000	99951	0.049001	0	49	49	0	0	0	49	0	0	50
7	7	G	40000	60926	39.074	14.7565	39074	35437	35	46	0	34530	639	187	35345
7	7	A	40000	66722	33.278	15.271	33278	18007	35	46	0	17482	257	187	17914
7	7	B	40000	68328	31.672	14.242	31672	17430	0	0	0	17048	382	0	17431
7	7	cSpy was 7 spamed and the readout avoided!
