#the gain was set to: 2	the bias was set to: 30
#Sent triggers per delay setting: 100000	and with a frequency [Hz] of: 40000
#160MHz delay setting	400MHz delay setting	Frequency	correct transmitted H+T		error rate [%]	uncertainty [%]	bad or missed events	error count	missing headers	missing trailers	flipped H/T	event nr errors	tbm missed trigger	unknown errors	event nr resets
0	0	G	40000	400	99.6	71.373	99600	19117	99	0	0	18125	291	602	18599
0	0	A	40000	616	99.384	98.255	99384	1129	83	0	0	198	253	595	616
0	0	B	40000	37521	62.479	44.491	62479	17988	16	0	0	17927	38	7	17983
0	0	cSpy was 28 spamed and the readout avoided!
0	1	G	40000	28367	71.633	49.5985	71633	28207	148	0	0	27509	59	491	28048
0	1	A	40000	38819	61.181	48.871	61181	12310	76	0	0	11768	24	442	12187
0	1	B	40000	33777	66.223	50.326	66223	15897	72	0	0	15741	35	49	15861
0	2	G	40000	4198	95.802	83.513	95802	14682	303	1	0	11722	2209	447	14201
0	2	A	40000	8640	91.36	84.756	91360	6604	139	0	0	4866	1268	331	6300
0	2	B	40000	9652	90.348	82.27	90348	8078	164	1	0	6856	941	116	7901
0	2	cSpy was 33 spamed and the readout avoided!
0	3	G	40000	100000	0	0	0	0	0	0	0	0	0	0	2
0	3	A	40000	100000	0	0	0	0	0	0	0	0	0	0	1
0	3	B	40000	100000	0	0	0	0	0	0	0	0	0	0	1
0	4	G	40000	99900	0.0999987	0.03	100	112	0	0	0	111	0	1	114
0	4	A	40000	99920	0.0800014	0.029	80	51	0	0	0	50	0	1	52
0	4	B	40000	99908	0.0919998	0.031	92	61	0	0	0	61	0	0	62
0	5	G	40000	39772	60.228	35.3025	60228	33388	33	0	0	32831	183	341	33303
0	5	A	40000	50035	49.965	34.683	49965	15282	19	0	0	14849	86	328	15206
0	5	B	40000	45972	54.028	35.922	54028	18106	14	0	0	17982	97	13	18097
0	6	G	40000	0	100	100	100000	200000	200000	200000	200000	200000	200000	200000	200002
0	6	A	40000	0	100	100	100000	100000	100000	100000	100000	100000	100000	100000	100001
0	6	B	40000	0	100	100	100000	100000	100000	100000	100000	100000	100000	100000	100001
0	7	G	40000	98156	1.844	0.346	1844	2900	0	0	0	2885	15	0	2902
0	7	A	40000	98220	1.78	0.334	1780	1446	0	0	0	1440	6	0	1447
0	7	B	40000	98188	1.812	0.358	1812	1454	0	0	0	1445	9	0	1455
1	0	G	40000	255	99.745	98.1325	99745	2105	161	0	0	1223	186	535	1625
1	0	A	40000	873	99.127	97.823	99127	1304	134	0	0	561	122	487	869
1	0	B	40000	757	99.243	98.442	99243	801	27	0	0	662	64	48	756
1	0	cSpy was 29 spamed and the readout avoided!
1	1	G	40000	97846	2.154	0.402	2154	3380	0	0	0	3361	19	0	3382
1	1	A	40000	97932	2.068	0.385	2068	1683	0	0	0	1676	7	0	1684
1	1	B	40000	97884	2.116	0.419	2116	1697	0	0	0	1685	12	0	1698
1	2	G	40000	100000	0	0	0	0	0	0	0	0	0	0	2
1	2	A	40000	100000	0	0	0	0	0	0	0	0	0	0	1
1	2	B	40000	100000	0	0	0	0	0	0	0	0	0	0	1
1	3	G	40000	95885	4.115	0.7635	4115	5693	0	0	0	5677	11	5	5694
1	3	A	40000	96538	3.462	0.671	3462	2791	0	0	0	2781	5	5	2791
1	3	B	40000	96242	3.758	0.856	3758	2902	0	0	0	2896	6	0	2903
1	4	G	40000	0	100	100	100000	200000	200000	200000	200000	200000	200000	200000	200002
1	4	A	40000	0	100	100	100000	100000	100000	100000	100000	100000	100000	100000	100001
1	4	B	40000	0	100	100	100000	100000	100000	100000	100000	100000	100000	100000	100001
1	5	G	40000	50352	49.648	11.7465	49648	37901	0	0	0	33251	4649	1	37902
1	5	A	40000	75778	24.222	3.437	24222	20785	0	0	0	17951	2833	1	20785
1	5	B	40000	62828	37.172	20.056	37172	17116	0	0	0	15300	1816	0	17117
1	6	G	40000	100000	0	0	0	0	0	0	0	0	0	0	2
1	6	A	40000	100000	0	0	0	0	0	0	0	0	0	0	1
1	6	B	40000	100000	0	0	0	0	0	0	0	0	0	0	1
1	7	G	40000	100000	0	0	0	0	0	0	0	0	0	0	2
1	7	A	40000	100000	0	0	0	0	0	0	0	0	0	0	1
1	7	B	40000	100000	0	0	0	0	0	0	0	0	0	0	1
2	0	G	40000	2424	97.576	48.23	97576	4033	43	0	0	3820	109	61	3955
2	0	A	40000	2460	97.54	95.03	97540	2510	43	0	0	2297	109	61	2431
2	0	B	40000	97047	2.953	1.43	2953	1523	0	0	0	1523	0	0	1524
2	1	G	40000	99635	0.365001	0.0715	365	528	0	0	0	527	1	0	530
2	1	A	40000	99677	0.322998	0.068	323	255	0	0	0	254	1	0	256
2	1	B	40000	99652	0.348002	0.075	348	273	0	0	0	273	0	0	274
2	2	G	40000	27054	72.946	51.4515	72946	26140	710	0	0	23448	1318	664	25555
2	2	A	40000	38892	61.108	49.533	61108	11575	398	0	0	10004	702	471	11197
2	2	B	40000	32065	67.935	53.37	67935	14565	312	0	0	13444	616	193	14358
2	3	G	40000	5275	94.725	72.859	94725	26456	117	20	2	22649	3462	206	26257
2	3	A	40000	17525	82.475	65.605	82475	16870	25	0	0	14474	2241	130	16764
2	3	B	40000	10301	89.699	80.113	89699	9586	92	20	2	8175	1221	76	9493
2	3	cSpy was 26 spamed and the readout avoided!
2	4	G	40000	100000	0	0	0	0	0	0	0	0	0	0	2
2	4	A	40000	100000	0	0	0	0	0	0	0	0	0	0	1
2	4	B	40000	100000	0	0	0	0	0	0	0	0	0	0	1
2	5	G	40000	100000	0	0	0	0	0	0	0	0	0	0	2
2	5	A	40000	100000	0	0	0	0	0	0	0	0	0	0	1
2	5	B	40000	100000	0	0	0	0	0	0	0	0	0	0	1
2	6	G	40000	39878	60.122	37.491	60122	26403	74	1	0	25272	723	333	26331
2	6	A	40000	52522	47.478	35.667	47478	11811	56	1	0	10790	647	317	11745
2	6	B	40000	46093	53.907	39.315	53907	14592	18	0	0	14482	76	16	14586
2	7	G	40000	0	100	100	100000	200000	200000	200000	200000	200000	200000	200000	200002
2	7	A	40000	0	100	100	100000	100000	100000	100000	100000	100000	100000	100000	100001
2	7	B	40000	0	100	100	100000	100000	100000	100000	100000	100000	100000	100000	100001
3	0	G	40000	982	99.018	72.322	99018	18686	264	4	0	17377	387	654	18139
3	0	A	40000	1545	98.455	96.415	98455	2040	209	0	0	1168	26	637	1529
3	0	B	40000	35125	64.875	48.229	64875	16646	55	4	0	16209	361	17	16610
3	0	cSpy was 11 spamed and the readout avoided!
3	1	G	40000	0	100	100	100000	200000	200000	200000	200000	200000	200000	200000	200002
3	1	A	40000	0	100	100	100000	100000	100000	100000	100000	100000	100000	100000	100001
3	1	B	40000	0	100	100	100000	100000	100000	100000	100000	100000	100000	100000	100001
3	2	G	40000	99284	0.716001	0.006	716	1420	0	0	0	1420	0	0	1422
3	2	A	40000	99284	0.716001	0.006	716	710	0	0	0	710	0	0	711
3	2	B	40000	99284	0.716001	0.006	716	710	0	0	0	710	0	0	711
3	3	G	40000	100000	0	0	0	0	0	0	0	0	0	0	2
3	3	A	40000	100000	0	0	0	0	0	0	0	0	0	0	1
3	3	B	40000	100000	0	0	0	0	0	0	0	0	0	0	1
3	4	G	40000	97323	2.677	0.2255	2677	4777	0	0	0	4776	1	0	4779
3	4	A	40000	97401	2.599	0.206	2599	2393	0	0	0	2392	1	0	2394
3	4	B	40000	97371	2.629	0.245	2629	2384	0	0	0	2384	0	0	2385
3	5	G	40000	0	100	100	100000	200000	200000	200000	200000	200000	200000	200000	200002
3	5	A	40000	0	100	100	100000	100000	100000	100000	100000	100000	100000	100000	100001
3	5	B	40000	0	100	100	100000	100000	100000	100000	100000	100000	100000	100000	100001
3	6	G	40000	62009	37.991	9.8735	37991	42199	12	2	0	39179	2980	26	42190
3	6	A	40000	68192	31.808	9.69	31808	22118	7	0	0	19392	2702	17	22117
3	6	B	40000	69862	30.138	10.057	30138	20081	5	2	0	19787	278	9	20073
3	6	cSpy was 7 spamed and the readout avoided!
3	7	G	40000	100000	0	0	0	0	0	0	0	0	0	0	2
3	7	A	40000	100000	0	0	0	0	0	0	0	0	0	0	1
3	7	B	40000	100000	0	0	0	0	0	0	0	0	0	0	1
4	0	G	40000	1148	98.852	62.9065	98852	29990	102	1	0	27147	2604	136	29828
4	0	A	40000	1822	98.178	96.219	98178	1959	66	0	0	1193	578	122	1815
4	0	B	40000	42375	57.625	29.594	57625	28031	36	1	0	25954	2026	14	28013
4	0	cSpy was 5 spamed and the readout avoided!
4	1	G	40000	100000	0	0	0	0	0	0	0	0	0	0	2
4	1	A	40000	100000	0	0	0	0	0	0	0	0	0	0	1
4	1	B	40000	100000	0	0	0	0	0	0	0	0	0	0	1
4	2	G	40000	96192	3.808	1.5865	3808	3295	4	0	0	3285	1	5	3294
4	2	A	40000	96765	3.235	1.622	3235	1613	2	0	0	1606	1	4	1612
4	2	B	40000	96767	3.233	1.551	3233	1682	2	0	0	1679	0	1	1682
4	3	G	40000	20375	79.625	58.6255	79625	34298	815	0	0	32738	147	598	33222
4	3	A	40000	23935	76.065	58.889	76065	17176	395	0	0	16356	0	425	16452
4	3	B	40000	24516	75.484	58.362	75484	17122	420	0	0	16382	147	173	16770
4	3	cSpy was 7 spamed and the readout avoided!
4	4	G	40000	6080	93.92	75.8155	93920	23758	179	18	0	20740	2318	503	23368
4	4	A	40000	12106	87.894	76.081	87894	11813	87	11	0	10152	1145	418	11521
4	4	B	40000	12505	87.495	75.55	87495	11945	92	7	0	10588	1173	85	11847
4	4	cSpy was 24 spamed and the readout avoided!
4	5	G	40000	99723	0.277001	0.002	277	549	0	0	0	548	1	0	551
4	5	A	40000	99723	0.277001	0.002	277	275	0	0	0	274	1	0	276
4	5	B	40000	99724	0.275999	0.002	276	274	0	0	0	274	0	0	275
4	6	G	40000	100000	0	0	0	0	0	0	0	0	0	0	2
4	6	A	40000	100000	0	0	0	0	0	0	0	0	0	0	1
4	6	B	40000	100000	0	0	0	0	0	0	0	0	0	0	1
4	7	G	40000	35384	64.616	45.821	64616	29479	413	0	0	28689	41	336	28960
4	7	A	40000	39277	60.723	45.98	60723	14743	197	0	0	14301	0	245	14372
4	7	B	40000	39602	60.398	45.662	60398	14736	216	0	0	14388	41	91	14588
4	7	cSpy was 6 spamed and the readout avoided!
5	0	G	40000	488	99.512	57.12	99512	14900	134	0	0	13837	108	821	14372
5	0	A	40000	606	99.394	98.259	99394	1135	134	0	0	80	100	821	606
5	0	B	40000	70254	29.746	15.981	29746	13765	0	0	0	13757	8	0	13766
5	0	cSpy was 48 spamed and the readout avoided!
5	1	G	40000	77339	22.661	8.446	22661	22225	9	2	0	22187	7	20	22221
5	1	A	40000	80390	19.61	8.649	19610	10961	4	1	0	10929	7	20	10957
5	1	B	40000	80493	19.507	8.243	19507	11264	5	1	0	11258	0	0	11264
5	1	cSpy was 1 spamed and the readout avoided!
5	2	G	40000	35	99.965	98.913	99965	1418	31	0	0	567	70	750	750
5	2	A	40000	76	99.924	99.277	99924	647	0	0	0	3	1	643	75
5	2	B	40000	680	99.32	98.549	99320	771	31	0	0	564	69	107	675
5	2	cSpy was 26 spamed and the readout avoided!
5	3	G	40000	97904	2.096	0.003	2096	4170	0	0	0	4154	16	0	4172
5	3	A	40000	97904	2.096	0.003	2096	2093	0	0	0	2077	16	0	2094
5	3	B	40000	97920	2.08	0.003	2080	2077	0	0	0	2077	0	0	2078
5	4	G	40000	100000	0	0	0	0	0	0	0	0	0	0	2
5	4	A	40000	100000	0	0	0	0	0	0	0	0	0	0	1
5	4	B	40000	100000	0	0	0	0	0	0	0	0	0	0	1
5	5	G	40000	95374	4.626	0.7965	4626	7047	0	0	0	7046	0	1	7049
5	5	A	40000	95649	4.351	0.848	4351	3503	0	0	0	3502	0	1	3504
5	5	B	40000	95711	4.289	0.745	4289	3544	0	0	0	3544	0	0	3545
5	6	G	40000	6	99.994	97.511	99994	2600	209	1	0	1125	1112	153	2373
5	6	A	40000	11	99.989	99.947	99989	42	0	0	0	1	0	41	11
5	6	B	40000	2367	97.633	95.075	97633	2558	209	1	0	1124	1112	112	2362
5	6	cSpy was 48 spamed and the readout avoided!
5	7	G	40000	26076	73.924	19.9	73924	69070	6	8	0	60807	8086	163	68989
5	7	A	40000	44127	55.873	22.544	55873	33329	6	8	0	28454	4698	163	33247
5	7	B	40000	47003	52.997	17.256	52997	35741	0	0	0	32353	3388	0	35742
5	7	cSpy was 4 spamed and the readout avoided!
6	0	G	40000	524	99.476	96.312	99476	3983	330	2	0	1886	1112	653	3381
6	0	A	40000	1200	98.8	97.148	98800	1652	161	1	0	212	714	564	1200
6	0	B	40000	2193	97.807	95.476	97807	2331	169	1	0	1674	398	89	2181
6	0	cSpy was 72 spamed and the readout avoided!
6	1	G	40000	13104	86.896	49.551	86896	48660	8	0	0	43353	4946	353	48481
6	1	A	40000	24631	75.369	52.208	75369	23161	1	0	0	20223	2590	347	22987
6	1	B	40000	27607	72.393	46.894	72393	25499	7	0	0	23130	2356	6	25494
6	1	cSpy was 5 spamed and the readout avoided!
6	2	G	40000	100000	0	0	0	0	0	0	0	0	0	0	2
6	2	A	40000	100000	0	0	0	0	0	0	0	0	0	0	1
6	2	B	40000	100000	0	0	0	0	0	0	0	0	0	0	1
6	3	G	40000	100000	0	0	0	0	0	0	0	0	0	0	2
6	3	A	40000	100000	0	0	0	0	0	0	0	0	0	0	1
6	3	B	40000	100000	0	0	0	0	0	0	0	0	0	0	1
6	4	G	40000	20334	79.666	58.6715	79666	34266	810	0	0	32703	153	600	33185
6	4	A	40000	23905	76.095	58.953	76095	17142	390	0	0	16328	0	424	16425
6	4	B	40000	24486	75.514	58.39	75514	17124	420	0	0	16375	153	176	16760
6	4	cSpy was 8 spamed and the readout avoided!
6	5	G	40000	4218	95.782	90.553	95782	6748	243	4	1	5278	350	872	6093
6	5	A	40000	5550	94.45	91.414	94450	3036	19	1	0	2140	158	718	2588
6	5	B	40000	6596	93.404	89.692	93404	3712	224	3	1	3138	192	154	3505
6	5	cSpy was 90 spamed and the readout avoided!
6	6	G	40000	100000	0	0	0	0	0	0	0	0	0	0	2
6	6	A	40000	100000	0	0	0	0	0	0	0	0	0	0	1
6	6	B	40000	100000	0	0	0	0	0	0	0	0	0	0	1
6	7	G	40000	100000	0	0	0	0	0	0	0	0	0	0	2
6	7	A	40000	100000	0	0	0	0	0	0	0	0	0	0	1
6	7	B	40000	100000	0	0	0	0	0	0	0	0	0	0	1
7	0	G	40000	2104	97.896	47.868	97896	3442	208	0	0	2594	81	559	2959
7	0	A	40000	2123	97.877	95.296	97877	2581	208	0	0	1733	81	559	2097
7	0	B	40000	98699	1.301	0.44	1301	861	0	0	0	861	0	0	862
7	1	G	40000	100000	0	0	0	0	0	0	0	0	0	0	2
7	1	A	40000	100000	0	0	0	0	0	0	0	0	0	0	1
7	1	B	40000	100000	0	0	0	0	0	0	0	0	0	0	1
7	2	G	40000	96748	3.252	0.48	3252	4808	2	0	0	4772	29	5	4807
7	2	A	40000	97060	2.94	0.541	2940	2399	2	0	0	2368	24	5	2397
7	2	B	40000	97172	2.828	0.419	2828	2409	0	0	0	2404	5	0	2410
7	3	G	40000	0	100	100	100000	200000	200000	200000	200000	200000	200000	200000	200002
7	3	A	40000	0	100	100	100000	100000	100000	100000	100000	100000	100000	100000	100001
7	3	B	40000	0	100	100	100000	100000	100000	100000	100000	100000	100000	100000	100001
7	4	G	40000	77152	22.848	4.933	22848	30908	0	0	0	28060	2800	48	30898
7	4	A	40000	78072	21.928	4.95	21928	16978	0	0	0	14577	2353	48	16967
7	4	B	40000	81154	18.846	4.916	18846	13930	0	0	0	13483	447	0	13931
7	5	G	40000	100000	0	0	0	0	0	0	0	0	0	0	2
7	5	A	40000	100000	0	0	0	0	0	0	0	0	0	0	1
7	5	B	40000	100000	0	0	0	0	0	0	0	0	0	0	1
7	6	G	40000	99621	0.379002	0.07	379	472	0	0	0	470	2	0	474
7	6	A	40000	99685	0.314999	0.08	315	235	0	0	0	233	2	0	236
7	6	B	40000	99703	0.296998	0.06	297	237	0	0	0	237	0	0	238
7	7	G	40000	52570	47.43	20.092	47430	41306	7	10	0	40181	890	218	41213
7	7	A	40000	58502	41.498	20.516	41498	20982	5	10	0	20377	372	218	20890
7	7	B	40000	60008	39.992	19.668	39992	20324	2	0	0	19804	518	0	20323
7	7	cSpy was 7 spamed and the readout avoided!
