#the gain was set to: 2	the bias was set to: 30
#Sent triggers per delay setting: 100000	and with a frequency [Hz] of: 40000
#160MHz delay setting	400MHz delay setting	Frequency	correct transmitted H+T		error rate [%]	uncertainty [%]	bad or missed events	error count	missing headers	missing trailers	flipped H/T	event nr errors	tbm missed trigger	unknown errors	event nr resets
0	0	G	40000	423	99.577	71.6585	99577	19085	106	0	0	18025	300	654	18538
0	0	A	40000	623	99.377	98.215	99377	1162	91	0	0	164	265	642	623
0	0	B	40000	36975	63.025	45.102	63025	17923	15	0	0	17861	35	12	17915
0	0	cSpy was 32 spamed and the readout avoided!
0	1	G	40000	33079	66.921	46.336	66921	26581	129	0	0	25942	53	457	26432
0	1	A	40000	42775	57.225	45.667	57225	11558	71	0	0	11054	21	412	11450
0	1	B	40000	37972	62.028	47.005	62028	15023	58	0	0	14888	32	45	14982
0	2	G	40000	3320	96.68	82.0955	96680	17796	145	1	0	14733	2472	446	17460
0	2	A	40000	6637	93.363	86.717	93363	6646	103	0	0	5002	1113	429	6339
0	2	B	40000	11376	88.624	77.474	88624	11150	42	1	0	9731	1359	17	11121
0	2	cSpy was 7 spamed and the readout avoided!
0	3	G	40000	100000	0	0	0	0	0	0	0	0	0	0	2
0	3	A	40000	100000	0	0	0	0	0	0	0	0	0	0	1
0	3	B	40000	100000	0	0	0	0	0	0	0	0	0	0	1
0	4	G	40000	100000	0	0	0	0	0	0	0	0	0	0	2
0	4	A	40000	100000	0	0	0	0	0	0	0	0	0	0	1
0	4	B	40000	100000	0	0	0	0	0	0	0	0	0	0	1
0	5	G	40000	34419	65.581	41.512	65581	31538	44	0	0	31002	117	375	31459
0	5	A	40000	44924	55.076	40.847	55076	14229	27	0	0	13788	56	358	14159
0	5	B	40000	40514	59.486	42.177	59486	17309	17	0	0	17214	61	17	17300
0	6	G	40000	1890	98.11	91.2845	98110	8848	430	5	0	6391	1592	430	8306
0	6	A	40000	4161	95.839	91.601	95839	4238	115	0	0	2936	909	278	3968
0	6	B	40000	4422	95.578	90.968	95578	4610	315	5	0	3455	683	152	4338
0	6	cSpy was 43 spamed and the readout avoided!
0	7	G	40000	98221	1.779	0.3385	1779	2843	0	0	0	2838	5	0	2845
0	7	A	40000	98247	1.753	0.335	1753	1418	0	0	0	1417	1	0	1419
0	7	B	40000	98233	1.767	0.342	1767	1425	0	0	0	1421	4	0	1426
1	0	G	40000	411	99.589	97.263	99589	2996	209	0	0	1650	548	589	2463
1	0	A	40000	1273	98.727	97.038	98727	1689	160	0	0	817	229	483	1263
1	0	B	40000	1205	98.795	97.488	98795	1307	49	0	0	833	319	106	1200
1	0	cSpy was 42 spamed and the readout avoided!
1	1	G	40000	97977	2.023	0.3645	2023	3226	0	0	0	3215	11	0	3228
1	1	A	40000	98041	1.959	0.351	1959	1608	0	0	0	1601	7	0	1609
1	1	B	40000	98004	1.996	0.378	1996	1618	0	0	0	1614	4	0	1619
1	2	G	40000	100000	0	0	0	0	0	0	0	0	0	0	2
1	2	A	40000	100000	0	0	0	0	0	0	0	0	0	0	1
1	2	B	40000	100000	0	0	0	0	0	0	0	0	0	0	1
1	3	G	40000	89325	10.675	5.108	10675	7640	4	0	0	7432	166	38	7637
1	3	A	40000	91608	8.392	4.723	8392	3669	1	0	0	3482	148	38	3667
1	3	B	40000	90536	9.464	5.493	9464	3971	3	0	0	3950	18	0	3970
1	4	G	40000	0	100	100	100000	200000	200000	200000	200000	200000	200000	200000	200002
1	4	A	40000	0	100	100	100000	100000	100000	100000	100000	100000	100000	100000	100001
1	4	B	40000	0	100	100	100000	100000	100000	100000	100000	100000	100000	100000	100001
1	5	G	40000	53064	46.936	10.8275	46936	35922	0	0	0	31542	4379	1	35923
1	5	A	40000	77326	22.674	3.175	22674	19499	0	0	0	16870	2628	1	19499
1	5	B	40000	65097	34.903	18.48	34903	16423	0	0	0	14672	1751	0	16424
1	6	G	40000	100000	0	0	0	0	0	0	0	0	0	0	2
1	6	A	40000	100000	0	0	0	0	0	0	0	0	0	0	1
1	6	B	40000	100000	0	0	0	0	0	0	0	0	0	0	1
1	7	G	40000	100000	0	0	0	0	0	0	0	0	0	0	2
1	7	A	40000	100000	0	0	0	0	0	0	0	0	0	0	1
1	7	B	40000	100000	0	0	0	0	0	0	0	0	0	0	1
2	0	G	40000	2428	97.572	48.2585	97572	4061	37	1	0	3830	121	72	3985
2	0	A	40000	2461	97.539	95.038	97539	2501	37	1	0	2270	121	72	2424
2	0	B	40000	96961	3.039	1.479	3039	1560	0	0	0	1560	0	0	1561
2	1	G	40000	99668	0.331998	0.063	332	488	0	0	0	487	1	0	490
2	1	A	40000	99702	0.297999	0.06	298	238	0	0	0	237	1	0	239
2	1	B	40000	99684	0.316	0.066	316	250	0	0	0	250	0	0	251
2	2	G	40000	27203	72.797	51.4295	72797	26052	758	0	0	23272	1337	685	25426
2	2	A	40000	38942	61.058	49.516	61058	11542	419	0	0	9944	708	471	11145
2	2	B	40000	32147	67.853	53.343	67853	14510	339	0	0	13328	629	214	14281
2	3	G	40000	5360	94.64	72.316	94640	26810	120	16	1	23018	3446	209	26603
2	3	A	40000	17768	82.232	65.259	82232	16973	20	0	0	14593	2250	110	16882
2	3	B	40000	10790	89.21	79.373	89210	9837	100	16	1	8425	1196	99	9721
2	3	cSpy was 28 spamed and the readout avoided!
2	4	G	40000	100000	0	0	0	0	0	0	0	0	0	0	2
2	4	A	40000	100000	0	0	0	0	0	0	0	0	0	0	1
2	4	B	40000	100000	0	0	0	0	0	0	0	0	0	0	1
2	5	G	40000	100000	0	0	0	0	0	0	0	0	0	0	2
2	5	A	40000	100000	0	0	0	0	0	0	0	0	0	0	1
2	5	B	40000	100000	0	0	0	0	0	0	0	0	0	0	1
2	6	G	40000	44188	55.812	35.653	55812	23681	69	0	0	22605	683	324	23620
2	6	A	40000	55452	44.548	33.949	44548	10599	52	0	0	9636	597	314	10540
2	6	B	40000	49561	50.439	37.357	50439	13082	17	0	0	12969	86	10	13080
2	7	G	40000	0	100	100	100000	200000	200000	200000	200000	200000	200000	200000	200002
2	7	A	40000	0	100	100	100000	100000	100000	100000	100000	100000	100000	100000	100001
2	7	B	40000	0	100	100	100000	100000	100000	100000	100000	100000	100000	100000	100001
3	0	G	40000	1049	98.951	71.866	98951	17777	261	0	0	16493	392	631	17217
3	0	A	40000	1564	98.436	96.363	98436	2073	210	0	0	1220	33	610	1547
3	0	B	40000	36927	63.073	47.369	63073	15704	51	0	0	15273	359	21	15670
3	0	cSpy was 9 spamed and the readout avoided!
3	1	G	40000	0	100	100	100000	200000	200000	200000	200000	200000	200000	200000	200002
3	1	A	40000	0	100	100	100000	100000	100000	100000	100000	100000	100000	100000	100001
3	1	B	40000	0	100	100	100000	100000	100000	100000	100000	100000	100000	100000	100001
3	2	G	40000	99266	0.734001	0	734	1468	0	0	0	1468	0	0	1470
3	2	A	40000	99266	0.734001	0	734	734	0	0	0	734	0	0	735
3	2	B	40000	99266	0.734001	0	734	734	0	0	0	734	0	0	735
3	3	G	40000	100000	0	0	0	0	0	0	0	0	0	0	2
3	3	A	40000	100000	0	0	0	0	0	0	0	0	0	0	1
3	3	B	40000	100000	0	0	0	0	0	0	0	0	0	0	1
3	4	G	40000	97229	2.771	0.2625	2771	4859	0	0	0	4854	4	1	4861
3	4	A	40000	97330	2.67	0.237	2670	2433	0	0	0	2428	4	1	2434
3	4	B	40000	97286	2.714	0.288	2714	2426	0	0	0	2426	0	0	2427
3	5	G	40000	0	100	100	100000	200000	200000	200000	200000	200000	200000	200000	200002
3	5	A	40000	0	100	100	100000	100000	100000	100000	100000	100000	100000	100000	100001
3	5	B	40000	0	100	100	100000	100000	100000	100000	100000	100000	100000	100000	100001
3	6	G	40000	63034	36.966	9.7075	36966	41391	12	2	0	38465	2885	27	41384
3	6	A	40000	68764	31.236	9.557	31236	21679	6	0	0	19026	2630	17	21678
3	6	B	40000	70430	29.57	9.858	29570	19712	6	2	0	19439	255	10	19706
3	6	cSpy was 6 spamed and the readout avoided!
3	7	G	40000	100000	0	0	0	0	0	0	0	0	0	0	2
3	7	A	40000	100000	0	0	0	0	0	0	0	0	0	0	1
3	7	B	40000	100000	0	0	0	0	0	0	0	0	0	0	1
4	0	G	40000	1081	98.919	62.8875	98919	29805	98	1	0	27108	2463	135	29654
4	0	A	40000	1757	98.243	96.358	98243	1885	76	0	0	1139	552	118	1753
4	0	B	40000	42663	57.337	29.417	57337	27920	22	1	0	25969	1911	17	27901
4	0	cSpy was 5 spamed and the readout avoided!
4	1	G	40000	100000	0	0	0	0	0	0	0	0	0	0	2
4	1	A	40000	100000	0	0	0	0	0	0	0	0	0	0	1
4	1	B	40000	100000	0	0	0	0	0	0	0	0	0	0	1
4	2	G	40000	95817	4.183	1.926	4183	3448	4	0	0	3435	1	8	3446
4	2	A	40000	96346	3.654	1.96	3654	1694	2	0	0	1685	1	6	1693
4	2	B	40000	96354	3.646	1.892	3646	1754	2	0	0	1750	0	2	1753
4	2	cSpy was 1 spamed and the readout avoided!
4	3	G	40000	20403	79.597	58.6	79597	34349	803	0	0	32805	149	592	33271
4	3	A	40000	23940	76.06	58.863	76060	17197	388	0	0	16391	0	418	16482
4	3	B	40000	24511	75.489	58.337	75489	17152	415	0	0	16414	149	174	16789
4	3	cSpy was 8 spamed and the readout avoided!
4	4	G	40000	5819	94.181	77.0685	94181	22579	257	21	0	19518	2234	549	22102
4	4	A	40000	11445	88.555	77.315	88555	11240	128	9	0	9529	1142	432	10919
4	4	B	40000	11839	88.161	76.822	88161	11339	129	12	0	9989	1092	117	11183
4	4	cSpy was 32 spamed and the readout avoided!
4	5	G	40000	100000	0	0	0	0	0	0	0	0	0	0	2
4	5	A	40000	100000	0	0	0	0	0	0	0	0	0	0	1
4	5	B	40000	100000	0	0	0	0	0	0	0	0	0	0	1
4	6	G	40000	100000	0	0	0	0	0	0	0	0	0	0	2
4	6	A	40000	100000	0	0	0	0	0	0	0	0	0	0	1
4	6	B	40000	100000	0	0	0	0	0	0	0	0	0	0	1
4	7	G	40000	51322	48.678	28.7255	48678	30486	108	0	0	30256	8	114	30387
4	7	A	40000	56066	43.934	28.841	43934	15093	53	0	0	14940	8	92	15016
4	7	B	40000	55997	44.003	28.61	44003	15393	55	0	0	15316	0	22	15371
4	7	cSpy was 4 spamed and the readout avoided!
5	0	G	40000	482	99.518	56.739	99518	14653	143	0	0	13554	125	831	14090
5	0	A	40000	616	99.384	98.204	99384	1180	143	0	0	90	117	830	616
5	0	B	40000	71253	28.747	15.274	28747	13473	0	0	0	13464	8	1	13474
5	0	cSpy was 57 spamed and the readout avoided!
5	1	G	40000	60541	39.459	21.062	39459	28580	37	0	0	28469	8	66	28552
5	1	A	40000	64697	35.303	21.197	35303	14106	18	0	0	14017	8	63	14080
5	1	B	40000	64599	35.401	20.927	35401	14474	19	0	0	14452	0	3	14472
5	1	cSpy was 2 spamed and the readout avoided!
5	2	G	40000	0	100	100	100000	200000	200000	200000	200000	200000	200000	200000	200002
5	2	A	40000	0	100	100	100000	100000	100000	100000	100000	100000	100000	100000	100001
5	2	B	40000	0	100	100	100000	100000	100000	100000	100000	100000	100000	100000	100001
5	3	G	40000	97690	2.31	0.003	2310	4593	0	0	0	4575	18	0	4595
5	3	A	40000	97691	2.309	0.003	2309	2306	0	0	0	2289	17	0	2307
5	3	B	40000	97710	2.29	0.003	2290	2287	0	0	0	2286	1	0	2288
5	4	G	40000	100000	0	0	0	0	0	0	0	0	0	0	2
5	4	A	40000	100000	0	0	0	0	0	0	0	0	0	0	1
5	4	B	40000	100000	0	0	0	0	0	0	0	0	0	0	1
5	5	G	40000	93234	6.766	1.2785	6766	9886	0	0	0	9884	1	1	9888
5	5	A	40000	93712	6.288	1.373	6288	4915	0	0	0	4913	1	1	4916
5	5	B	40000	93845	6.155	1.184	6155	4971	0	0	0	4971	0	0	4972
5	5	cSpy was 1 spamed and the readout avoided!
5	6	G	40000	3	99.997	97.511	99997	2591	203	1	0	1175	1079	133	2384
5	6	A	40000	8	99.992	99.948	99992	44	0	0	0	2	1	41	8
5	6	B	40000	2379	97.621	95.074	97621	2547	203	1	0	1173	1078	92	2376
5	6	cSpy was 36 spamed and the readout avoided!
5	7	G	40000	24741	75.259	22.5225	75259	68075	2	5	0	59890	8018	160	68003
5	7	A	40000	41929	58.071	25.319	58071	32752	2	5	0	27956	4631	158	32681
5	7	B	40000	44951	55.049	19.726	55049	35323	0	0	0	31934	3387	2	35322
5	7	cSpy was 5 spamed and the readout avoided!
6	0	G	40000	478	99.522	96.552	99522	3740	319	2	0	1784	994	641	3145
6	0	A	40000	1097	98.903	97.35	98903	1553	158	1	0	204	630	560	1097
6	0	B	40000	2059	97.941	95.754	97941	2187	161	1	0	1580	364	81	2048
6	0	cSpy was 74 spamed and the readout avoided!
6	1	G	40000	12366	87.634	52.6295	87634	45764	5	1	0	40904	4498	356	45598
6	1	A	40000	23064	76.936	55.142	76936	21794	0	1	0	19055	2387	351	21633
6	1	B	40000	25913	74.087	50.117	74087	23970	5	0	0	21849	2111	5	23965
6	1	cSpy was 3 spamed and the readout avoided!
6	2	G	40000	100000	0	0	0	0	0	0	0	0	0	0	2
6	2	A	40000	100000	0	0	0	0	0	0	0	0	0	0	1
6	2	B	40000	100000	0	0	0	0	0	0	0	0	0	0	1
6	3	G	40000	100000	0	0	0	0	0	0	0	0	0	0	2
6	3	A	40000	100000	0	0	0	0	0	0	0	0	0	0	1
6	3	B	40000	100000	0	0	0	0	0	0	0	0	0	0	1
6	4	G	40000	20300	79.7	58.728	79700	34193	818	0	0	32625	148	602	33104
6	4	A	40000	23881	76.119	59.007	76119	17112	395	0	0	16290	0	427	16385
6	4	B	40000	24470	75.53	58.449	75530	17081	423	0	0	16335	148	175	16719
6	4	cSpy was 8 spamed and the readout avoided!
6	5	G	40000	1821	98.179	90.826	98179	9377	282	11	0	7754	474	859	8750
6	5	A	40000	4134	95.866	91.417	95866	4449	45	4	0	3523	188	689	4055
6	5	B	40000	4837	95.163	90.235	95163	4928	237	7	0	4231	286	170	4695
6	5	cSpy was 80 spamed and the readout avoided!
6	6	G	40000	100000	0	0	0	0	0	0	0	0	0	0	2
6	6	A	40000	100000	0	0	0	0	0	0	0	0	0	0	1
6	6	B	40000	100000	0	0	0	0	0	0	0	0	0	0	1
6	7	G	40000	100000	0	0	0	0	0	0	0	0	0	0	2
6	7	A	40000	100000	0	0	0	0	0	0	0	0	0	0	1
6	7	B	40000	100000	0	0	0	0	0	0	0	0	0	0	1
7	0	G	40000	2173	97.827	47.8095	97827	3510	213	0	0	2673	70	554	3043
7	0	A	40000	2195	97.805	95.172	97805	2633	213	0	0	1796	70	554	2165
7	0	B	40000	98676	1.324	0.447	1324	877	0	0	0	877	0	0	878
7	1	G	40000	100000	0	0	0	0	0	0	0	0	0	0	2
7	1	A	40000	100000	0	0	0	0	0	0	0	0	0	0	1
7	1	B	40000	100000	0	0	0	0	0	0	0	0	0	0	1
7	2	G	40000	96836	3.164	0.4605	3164	4650	1	1	0	4617	25	6	4651
7	2	A	40000	97161	2.839	0.521	2839	2318	1	1	0	2292	18	6	2318
7	2	B	40000	97268	2.732	0.4	2732	2332	0	0	0	2325	7	0	2333
7	3	G	40000	0	100	100	100000	200000	200000	200000	200000	200000	200000	200000	200002
7	3	A	40000	0	100	100	100000	100000	100000	100000	100000	100000	100000	100000	100001
7	3	B	40000	0	100	100	100000	100000	100000	100000	100000	100000	100000	100000	100001
7	4	G	40000	77179	22.821	4.8575	22821	31005	0	0	0	28173	2774	58	30992
7	4	A	40000	78116	21.884	4.869	21884	17015	0	0	0	14622	2335	58	17002
7	4	B	40000	81164	18.836	4.846	18836	13990	0	0	0	13551	439	0	13990
7	5	G	40000	100000	0	0	0	0	0	0	0	0	0	0	2
7	5	A	40000	100000	0	0	0	0	0	0	0	0	0	0	1
7	5	B	40000	100000	0	0	0	0	0	0	0	0	0	0	1
7	6	G	40000	98289	1.711	0.3995	1711	1752	2	1	0	1739	9	1	1754
7	6	A	40000	98682	1.318	0.448	1318	870	2	1	0	862	4	1	871
7	6	B	40000	98767	1.233	0.351	1233	882	0	0	0	877	5	0	883
7	7	G	40000	51923	48.077	20.42	48077	42180	7	2	0	41027	956	188	42110
7	7	A	40000	57807	42.193	20.794	42193	21399	4	2	0	20792	413	188	21330
7	7	B	40000	59173	40.827	20.046	40827	20781	3	0	0	20235	543	0	20780
7	7	cSpy was 9 spamed and the readout avoided!
