#the gain was set to: 2	the bias was set to: 30
#Sent triggers per delay setting: 100000	and with a frequency [Hz] of: 40000
#160MHz delay setting	400MHz delay setting	Frequency	correct transmitted H+T		error rate [%]	uncertainty [%]	bad or missed events	error count	missing headers	missing trailers	flipped H/T	event nr errors	tbm missed trigger	unknown errors	event nr resets
0	0	G	40000	435	99.565	71.372	99565	19269	100	0	0	18267	305	597	18752
0	0	A	40000	643	99.357	98.203	99357	1154	88	0	0	201	269	596	643
0	0	B	40000	37344	62.656	44.541	62656	18115	12	0	0	18066	36	1	18109
0	0	cSpy was 32 spamed and the readout avoided!
0	1	G	40000	40958	59.042	42.392	59042	22545	443	0	0	21519	0	583	22136
0	1	A	40000	48520	51.48	41.998	51480	9482	219	0	0	8871	0	392	9263
0	1	B	40000	44151	55.849	42.786	55849	13063	224	0	0	12648	0	191	12873
0	2	G	40000	5018	94.982	80.0685	94982	19574	52	0	0	16587	2683	252	19412
0	2	A	40000	9872	90.128	80.652	90128	9476	29	0	0	7643	1561	243	9328
0	2	B	40000	10417	89.583	79.485	89583	10098	23	0	0	8944	1122	9	10084
0	2	cSpy was 1 spamed and the readout avoided!
0	3	G	40000	100000	0	0	0	0	0	0	0	0	0	0	2
0	3	A	40000	100000	0	0	0	0	0	0	0	0	0	0	1
0	3	B	40000	100000	0	0	0	0	0	0	0	0	0	0	1
0	4	G	40000	100000	0	0	0	0	0	0	0	0	0	0	2
0	4	A	40000	100000	0	0	0	0	0	0	0	0	0	0	1
0	4	B	40000	100000	0	0	0	0	0	0	0	0	0	0	1
0	5	G	40000	36091	63.909	39.75	63909	31971	33	0	0	31392	179	367	31883
0	5	A	40000	46338	53.662	39.095	53662	14567	17	0	0	14112	85	353	14493
0	5	B	40000	42191	57.809	40.405	57809	17404	16	0	0	17280	94	14	17390
0	6	G	40000	2397	97.603	88.207	97603	11880	373	5	0	9014	2036	452	11359
0	6	A	40000	5370	94.63	89.157	94630	5473	163	0	0	3793	1190	327	5151
0	6	B	40000	6336	93.664	87.257	93664	6407	210	5	0	5221	846	125	6208
0	6	cSpy was 36 spamed and the readout avoided!
0	7	G	40000	99266	0.734001	0.197	734	1073	0	0	0	1073	0	0	1075
0	7	A	40000	99266	0.734001	0.197	734	537	0	0	0	537	0	0	538
0	7	B	40000	99267	0.733	0.197	733	536	0	0	0	536	0	0	537
1	0	G	40000	345	99.655	96.957	99655	3237	198	0	0	2395	211	433	2823
1	0	A	40000	2080	97.92	95.5	97920	2420	184	0	0	1711	150	375	2055
1	0	B	40000	769	99.231	98.414	99231	817	14	0	0	684	61	58	768
1	0	cSpy was 32 spamed and the readout avoided!
1	1	G	40000	99441	0.559002	0.0055	559	1105	0	0	0	1105	0	0	1107
1	1	A	40000	99442	0.558001	0.005	558	553	0	0	0	553	0	0	554
1	1	B	40000	99442	0.558001	0.006	558	552	0	0	0	552	0	0	553
1	2	G	40000	100000	0	0	0	0	0	0	0	0	0	0	2
1	2	A	40000	100000	0	0	0	0	0	0	0	0	0	0	1
1	2	B	40000	100000	0	0	0	0	0	0	0	0	0	0	1
1	3	G	40000	93418	6.582	2.0005	6582	7726	0	0	0	7679	34	13	7728
1	3	A	40000	94414	5.586	1.903	5586	3683	0	0	0	3643	27	13	3684
1	3	B	40000	93859	6.141	2.098	6141	4043	0	0	0	4036	7	0	4044
1	4	G	40000	0	100	100	100000	200000	200000	200000	200000	200000	200000	200000	200002
1	4	A	40000	0	100	100	100000	100000	100000	100000	100000	100000	100000	100000	100001
1	4	B	40000	0	100	100	100000	100000	100000	100000	100000	100000	100000	100000	100001
1	5	G	40000	78785	21.215	4.3855	21215	17238	0	0	0	15260	1968	10	17240
1	5	A	40000	89290	10.71	2.096	10710	8614	0	0	0	7698	906	10	8615
1	5	B	40000	84701	15.299	6.675	15299	8624	0	0	0	7562	1062	0	8625
1	6	G	40000	100000	0	0	0	0	0	0	0	0	0	0	2
1	6	A	40000	100000	0	0	0	0	0	0	0	0	0	0	1
1	6	B	40000	100000	0	0	0	0	0	0	0	0	0	0	1
1	7	G	40000	99974	0.0259995	0	26	52	0	0	0	52	0	0	54
1	7	A	40000	99974	0.0259995	0	26	26	0	0	0	26	0	0	27
1	7	B	40000	99974	0.0259995	0	26	26	0	0	0	26	0	0	27
2	0	G	40000	2554	97.446	48.043	97446	4085	54	1	0	3856	98	76	3985
2	0	A	40000	2603	97.397	94.743	97397	2654	54	1	0	2425	98	76	2553
2	0	B	40000	97226	2.774	1.343	2774	1431	0	0	0	1431	0	0	1432
2	1	G	40000	99573	0.427002	0.127	427	389	2	0	0	382	4	1	389
2	1	A	40000	99698	0.301999	0.111	302	191	1	0	0	185	4	1	190
2	1	B	40000	99659	0.340998	0.143	341	198	1	0	0	197	0	0	199
2	2	G	40000	23505	76.495	53.067	76495	28329	884	16	0	25228	1400	801	27457
2	2	A	40000	36235	63.765	50.63	63765	13135	449	6	0	10855	1318	507	12655
2	2	B	40000	29302	70.698	55.504	70698	15194	435	10	0	14373	82	294	14802
2	2	cSpy was 1 spamed and the readout avoided!
2	3	G	40000	11900	88.1	66.3465	88100	25535	279	1	0	22283	2714	258	25162
2	3	A	40000	24431	75.569	59.657	75569	15912	70	0	0	13703	2018	121	15793
2	3	B	40000	17341	82.659	73.036	82659	9623	209	1	0	8580	696	137	9369
2	3	cSpy was 78 spamed and the readout avoided!
2	4	G	40000	100000	0	0	0	0	0	0	0	0	0	0	2
2	4	A	40000	100000	0	0	0	0	0	0	0	0	0	0	1
2	4	B	40000	100000	0	0	0	0	0	0	0	0	0	0	1
2	5	G	40000	100000	0	0	0	0	0	0	0	0	0	0	2
2	5	A	40000	100000	0	0	0	0	0	0	0	0	0	0	1
2	5	B	40000	100000	0	0	0	0	0	0	0	0	0	0	1
2	6	G	40000	27298	72.702	46.7755	72702	29940	179	2	0	27733	1544	482	29759
2	6	A	40000	42024	57.976	43.95	57976	14026	94	1	0	12025	1494	412	13903
2	6	B	40000	34485	65.515	49.601	65515	15914	85	1	0	15708	50	70	15856
2	7	G	40000	0	100	100	100000	200000	200000	200000	200000	200000	200000	200000	200002
2	7	A	40000	0	100	100	100000	100000	100000	100000	100000	100000	100000	100000	100001
2	7	B	40000	0	100	100	100000	100000	100000	100000	100000	100000	100000	100000	100001
3	0	G	40000	1052	98.948	71.533	98948	15009	270	2	0	13771	304	662	14407
3	0	A	40000	1564	98.436	96.333	98436	2103	202	0	0	1226	39	636	1544
3	0	B	40000	40361	59.639	46.733	59639	12906	68	2	0	12545	265	26	12863
3	0	cSpy was 13 spamed and the readout avoided!
3	1	G	40000	0	100	100	100000	200000	200000	200000	200000	200000	200000	200000	200002
3	1	A	40000	0	100	100	100000	100000	100000	100000	100000	100000	100000	100000	100001
3	1	B	40000	0	100	100	100000	100000	100000	100000	100000	100000	100000	100000	100001
3	2	G	40000	99887	0.112998	0.001	113	224	0	0	0	224	0	0	226
3	2	A	40000	99887	0.112998	0.001	113	112	0	0	0	112	0	0	113
3	2	B	40000	99887	0.112998	0.001	113	112	0	0	0	112	0	0	113
3	3	G	40000	100000	0	0	0	0	0	0	0	0	0	0	2
3	3	A	40000	100000	0	0	0	0	0	0	0	0	0	0	1
3	3	B	40000	100000	0	0	0	0	0	0	0	0	0	0	1
3	4	G	40000	89085	10.915	2.4185	10915	15125	0	0	0	15100	20	5	15127
3	4	A	40000	90108	9.892	2.281	9892	7611	0	0	0	7588	18	5	7612
3	4	B	40000	89930	10.07	2.556	10070	7514	0	0	0	7512	2	0	7515
3	5	G	40000	0	100	100	100000	200000	200000	200000	200000	200000	200000	200000	200002
3	5	A	40000	0	100	100	100000	100000	100000	100000	100000	100000	100000	100000	100001
3	5	B	40000	0	100	100	100000	100000	100000	100000	100000	100000	100000	100000	100001
3	6	G	40000	75317	24.683	6.3245	24683	30498	10	10	0	28624	1820	34	30482
3	6	A	40000	77607	22.393	6.264	22393	16129	1	0	0	14372	1749	7	16130
3	6	B	40000	79246	20.754	6.385	20754	14369	9	10	0	14252	71	27	14352
3	6	cSpy was 5 spamed and the readout avoided!
3	7	G	40000	100000	0	0	0	0	0	0	0	0	0	0	2
3	7	A	40000	100000	0	0	0	0	0	0	0	0	0	0	1
3	7	B	40000	100000	0	0	0	0	0	0	0	0	0	0	1
4	0	G	40000	1190	98.81	57.214	98810	28139	118	3	0	26023	1770	225	27886
4	0	A	40000	1667	98.333	96.427	98333	1906	116	0	0	1076	499	215	1660
4	0	B	40000	55766	44.234	18.001	44234	26233	2	3	0	24947	1271	10	26226
4	0	cSpy was 3 spamed and the readout avoided!
4	1	G	40000	100000	0	0	0	0	0	0	0	0	0	0	2
4	1	A	40000	100000	0	0	0	0	0	0	0	0	0	0	1
4	1	B	40000	100000	0	0	0	0	0	0	0	0	0	0	1
4	2	G	40000	95348	4.652	2.7355	4652	2884	6	0	0	2865	1	12	2879
4	2	A	40000	95828	4.172	2.748	4172	1424	3	0	0	1410	1	10	1419
4	2	B	40000	95817	4.183	2.723	4183	1460	3	0	0	1455	0	2	1460
4	3	G	40000	19272	80.728	59.0875	80728	34057	802	0	0	32538	112	605	32971
4	3	A	40000	23570	76.43	59.372	76430	17058	394	0	0	16238	1	425	16338
4	3	B	40000	24198	75.802	58.803	75802	16999	408	0	0	16300	111	180	16633
4	3	cSpy was 8 spamed and the readout avoided!
4	4	G	40000	7139	92.861	74.6975	92861	23791	211	16	0	20903	2133	528	23358
4	4	A	40000	13144	86.856	75.264	86856	11592	76	9	0	9943	1188	376	11327
4	4	B	40000	13670	86.33	74.131	86330	12199	135	7	0	10960	945	152	12031
4	4	cSpy was 70 spamed and the readout avoided!
4	5	G	40000	100000	0	0	0	0	0	0	0	0	0	0	2
4	5	A	40000	100000	0	0	0	0	0	0	0	0	0	0	1
4	5	B	40000	100000	0	0	0	0	0	0	0	0	0	0	1
4	6	G	40000	99916	0.0840008	0.006	84	142	0	0	0	142	0	0	144
4	6	A	40000	99922	0.0779986	0.007	78	71	0	0	0	71	0	0	72
4	6	B	40000	99924	0.0760019	0.005	76	71	0	0	0	71	0	0	72
4	7	G	40000	25237	74.763	50.4025	74763	37498	307	0	0	36911	12	268	37142
4	7	A	40000	30766	69.234	50.505	69234	18729	146	0	0	18368	6	209	18476
4	7	B	40000	30931	69.069	50.3	69069	18769	161	0	0	18543	6	59	18666
4	7	cSpy was 6 spamed and the readout avoided!
5	0	G	40000	508	99.492	56.5805	99492	14423	144	0	0	13329	118	832	13897
5	0	A	40000	622	99.378	98.229	99378	1149	143	0	0	77	98	831	622
5	0	B	40000	71794	28.206	14.932	28206	13274	1	0	0	13252	20	1	13275
5	0	cSpy was 75 spamed and the readout avoided!
5	1	G	40000	57166	42.834	20.5215	42834	34620	14	0	0	34540	7	59	34604
5	1	A	40000	62188	37.812	20.747	37812	17065	7	0	0	16995	7	56	17051
5	1	B	40000	62149	37.851	20.296	37851	17555	7	0	0	17545	0	3	17553
5	2	G	40000	81	99.919	98.11	99919	2223	143	0	0	1125	170	785	1544
5	2	A	40000	196	99.804	99.152	99804	652	2	0	0	58	10	582	196
5	2	B	40000	1361	98.639	97.068	98639	1571	141	0	0	1067	160	203	1348
5	2	cSpy was 68 spamed and the readout avoided!
5	3	G	40000	98343	1.657	0.001	1657	3311	0	0	0	3310	1	0	3313
5	3	A	40000	98343	1.657	0.001	1657	1656	0	0	0	1655	1	0	1657
5	3	B	40000	98344	1.656	0.001	1656	1655	0	0	0	1655	0	0	1656
5	4	G	40000	100000	0	0	0	0	0	0	0	0	0	0	2
5	4	A	40000	100000	0	0	0	0	0	0	0	0	0	0	1
5	4	B	40000	100000	0	0	0	0	0	0	0	0	0	0	1
5	5	G	40000	81502	18.498	5.993	18498	20200	10	0	0	20163	2	25	20191
5	5	A	40000	83818	16.182	6.213	16182	9969	5	0	0	9938	2	24	9961
5	5	B	40000	83996	16.004	5.773	16004	10231	5	0	0	10225	0	1	10230
5	6	G	40000	0	100	100	100000	200000	200000	200000	200000	200000	200000	200000	200002
5	6	A	40000	0	100	100	100000	100000	100000	100000	100000	100000	100000	100000	100001
5	6	B	40000	0	100	100	100000	100000	100000	100000	100000	100000	100000	100000	100001
5	7	G	40000	41303	58.697	13.003	58697	58633	13	21	0	51746	6726	127	58565
5	7	A	40000	56524	43.476	14.672	43476	28804	13	21	0	24631	4013	126	28735
5	7	B	40000	58837	41.163	11.334	41163	29829	0	0	0	27115	2713	1	29830
5	7	cSpy was 1 spamed and the readout avoided!
6	0	G	40000	437	99.563	96.9155	99563	3343	329	1	0	1630	834	549	2819
6	0	A	40000	1036	98.964	97.539	98964	1425	169	1	0	222	568	465	1036
6	0	B	40000	1790	98.21	96.292	98210	1918	160	0	0	1408	266	84	1783
6	0	cSpy was 64 spamed and the readout avoided!
6	1	G	40000	13397	86.603	49.265	86603	48466	11	0	0	42933	5056	466	48180
6	1	A	40000	25161	74.839	51.62	74839	23219	9	0	0	19918	2836	456	22941
6	1	B	40000	27843	72.157	46.91	72157	25247	2	0	0	23015	2220	10	25239
6	1	cSpy was 84 spamed and the readout avoided!
6	2	G	40000	100000	0	0	0	0	0	0	0	0	0	0	2
6	2	A	40000	100000	0	0	0	0	0	0	0	0	0	0	1
6	2	B	40000	100000	0	0	0	0	0	0	0	0	0	0	1
6	3	G	40000	99831	0.168997	0.008	169	318	0	0	0	318	0	0	320
6	3	A	40000	99832	0.168002	0.009	168	159	0	0	0	159	0	0	160
6	3	B	40000	99834	0.165999	0.007	166	159	0	0	0	159	0	0	160
6	4	G	40000	24111	75.889	53.313	75889	34976	604	0	0	33761	109	502	34171
6	4	A	40000	28950	71.05	53.611	71050	17439	303	0	0	16761	2	373	16890
6	4	B	40000	29448	70.552	53.015	70552	17537	301	0	0	17000	107	129	17281
6	4	cSpy was 8 spamed and the readout avoided!
6	5	G	40000	3146	96.854	86.595	96854	13409	121	8	0	11862	827	592	13047
6	5	A	40000	6339	93.661	87.212	93661	6449	13	2	0	5558	363	513	6191
6	5	B	40000	7062	92.938	85.978	92938	6960	108	6	0	6304	464	79	6856
6	5	cSpy was 28 spamed and the readout avoided!
6	6	G	40000	100000	0	0	0	0	0	0	0	0	0	0	2
6	6	A	40000	100000	0	0	0	0	0	0	0	0	0	0	1
6	6	B	40000	100000	0	0	0	0	0	0	0	0	0	0	1
6	7	G	40000	100000	0	0	0	0	0	0	0	0	0	0	2
6	7	A	40000	100000	0	0	0	0	0	0	0	0	0	0	1
6	7	B	40000	100000	0	0	0	0	0	0	0	0	0	0	1
7	0	G	40000	2132	97.868	47.84	97868	3455	220	0	0	2642	63	530	2968
7	0	A	40000	2148	97.852	95.238	97852	2614	220	0	0	1801	63	530	2126
7	0	B	40000	98717	1.283	0.442	1283	841	0	0	0	841	0	0	842
7	0	cSpy was 1 spamed and the readout avoided!
7	1	G	40000	100000	0	0	0	0	0	0	0	0	0	0	2
7	1	A	40000	100000	0	0	0	0	0	0	0	0	0	0	1
7	1	B	40000	100000	0	0	0	0	0	0	0	0	0	0	1
7	2	G	40000	92394	7.606	1.1775	7606	10798	2	0	0	10713	71	12	10799
7	2	A	40000	93258	6.742	1.336	6742	5406	2	0	0	5330	62	12	5406
7	2	B	40000	93589	6.411	1.019	6411	5392	0	0	0	5383	9	0	5393
7	3	G	40000	0	100	100	100000	200000	200000	200000	200000	200000	200000	200000	200002
7	3	A	40000	0	100	100	100000	100000	100000	100000	100000	100000	100000	100000	100001
7	3	B	40000	0	100	100	100000	100000	100000	100000	100000	100000	100000	100000	100001
7	4	G	40000	68402	31.598	20.788	31598	19113	46	0	0	17482	1496	89	19042
7	4	A	40000	68684	31.316	21.183	31316	10133	0	0	0	8851	1222	60	10104
7	4	B	40000	70627	29.373	20.393	29373	8980	46	0	0	8631	274	29	8938
7	4	cSpy was 19 spamed and the readout avoided!
7	5	G	40000	100000	0	0	0	0	0	0	0	0	0	0	2
7	5	A	40000	100000	0	0	0	0	0	0	0	0	0	0	1
7	5	B	40000	100000	0	0	0	0	0	0	0	0	0	0	1
7	6	G	40000	99872	0.128001	0.001	128	254	0	0	0	254	0	0	256
7	6	A	40000	99872	0.128001	0.001	128	127	0	0	0	127	0	0	128
7	6	B	40000	99872	0.128001	0.001	128	127	0	0	0	127	0	0	128
7	7	G	40000	45598	54.402	26.373	54402	41861	15	9	0	40342	1333	162	41797
7	7	A	40000	52080	47.92	26.866	47920	21054	10	9	0	20281	593	161	20989
7	7	B	40000	53313	46.687	25.88	46687	20807	5	0	0	20061	740	1	20808
7	7	cSpy was 7 spamed and the readout avoided!
