#the gain was set to: 2	the bias was set to: 30
#Sent triggers per delay setting: 100000	and with a frequency [Hz] of: 40000
#160MHz delay setting	400MHz delay setting	Frequency	correct transmitted H+T		error rate [%]	uncertainty [%]	bad or missed events	error count	missing headers	missing trailers	flipped H/T	event nr errors	tbm missed trigger	unknown errors	event nr resets
0	0	G	40000	426	99.574	71.5065	99574	19069	114	0	0	18039	289	627	18538
0	0	A	40000	646	99.354	98.183	99354	1171	97	0	0	219	236	619	646
0	0	B	40000	37272	62.728	44.83	62728	17898	17	0	0	17820	53	8	17892
0	0	cSpy was 27 spamed and the readout avoided!
0	1	G	40000	25923	74.077	54.2025	74077	26034	562	0	0	24731	1	740	25532
0	1	A	40000	35516	64.484	53.697	64484	10787	273	0	0	10017	0	497	10512
0	1	B	40000	30045	69.955	54.708	69955	15247	289	0	0	14714	1	243	15020
0	2	G	40000	5118	94.882	78.51	94882	20638	74	1	0	17064	3220	279	20409
0	2	A	40000	12033	87.967	76.908	87967	11059	20	0	0	8650	2169	220	10899
0	2	B	40000	10309	89.691	80.112	89691	9579	54	1	0	8414	1051	59	9510
0	3	G	40000	100000	0	0	0	0	0	0	0	0	0	0	2
0	3	A	40000	100000	0	0	0	0	0	0	0	0	0	0	1
0	3	B	40000	100000	0	0	0	0	0	0	0	0	0	0	1
0	4	G	40000	100000	0	0	0	0	0	0	0	0	0	0	2
0	4	A	40000	100000	0	0	0	0	0	0	0	0	0	0	1
0	4	B	40000	100000	0	0	0	0	0	0	0	0	0	0	1
0	5	G	40000	46479	53.521	32.4645	53521	27979	11	0	0	27543	125	300	27922
0	5	A	40000	55270	44.73	31.924	44730	12806	6	0	0	12444	59	297	12752
0	5	B	40000	51822	48.178	33.005	48178	15173	5	0	0	15099	66	3	15170
0	6	G	40000	2969	97.031	85.7125	97031	14231	232	7	0	11300	2289	403	13870
0	6	A	40000	5800	94.2	88.376	94200	5824	130	0	0	4214	1116	364	5537
0	6	B	40000	8544	91.456	83.049	91456	8407	102	7	0	7086	1173	39	8333
0	6	cSpy was 13 spamed and the readout avoided!
0	7	G	40000	99238	0.761998	0.199	762	1125	0	0	0	1125	0	0	1127
0	7	A	40000	99238	0.761998	0.199	762	563	0	0	0	563	0	0	564
0	7	B	40000	99239	0.761002	0.199	761	562	0	0	0	562	0	0	563
1	0	G	40000	337	99.663	97.3595	99663	2814	182	0	0	2010	211	411	2434
1	0	A	40000	1784	98.216	96.143	98216	2073	160	0	0	1424	142	347	1752
1	0	B	40000	683	99.317	98.576	99317	741	22	0	0	586	69	64	682
1	0	cSpy was 25 spamed and the readout avoided!
1	1	G	40000	99400	0.599998	0.0055	600	1188	0	0	0	1188	0	0	1190
1	1	A	40000	99401	0.599003	0.005	599	594	0	0	0	594	0	0	595
1	1	B	40000	99400	0.599998	0.006	600	594	0	0	0	594	0	0	595
1	2	G	40000	100000	0	0	0	0	0	0	0	0	0	0	2
1	2	A	40000	100000	0	0	0	0	0	0	0	0	0	0	1
1	2	B	40000	100000	0	0	0	0	0	0	0	0	0	0	1
1	3	G	40000	95393	4.607	0.9255	4607	6624	0	0	0	6614	2	8	6625
1	3	A	40000	95957	4.043	0.878	4043	3165	0	0	0	3155	2	8	3165
1	3	B	40000	95568	4.432	0.973	4432	3459	0	0	0	3459	0	0	3460
1	4	G	40000	706	99.294	96.0465	99294	4152	315	1	0	2131	1341	364	3710
1	4	A	40000	2205	97.795	95.478	97795	2317	92	1	0	1097	1006	121	2163
1	4	B	40000	1550	98.45	96.615	98450	1835	223	0	0	1034	335	243	1547
1	4	cSpy was 23 spamed and the readout avoided!
1	5	G	40000	74481	25.519	5.3425	25519	20447	2	0	0	18034	2398	13	20447
1	5	A	40000	87295	12.705	2.531	12705	10174	0	0	0	9083	1078	13	10175
1	5	B	40000	81573	18.427	8.154	18427	10273	2	0	0	8951	1320	0	10272
1	6	G	40000	100000	0	0	0	0	0	0	0	0	0	0	2
1	6	A	40000	100000	0	0	0	0	0	0	0	0	0	0	1
1	6	B	40000	100000	0	0	0	0	0	0	0	0	0	0	1
1	7	G	40000	98165	1.835	0.625	1835	1636	0	0	0	1622	8	6	1638
1	7	A	40000	98652	1.348	0.587	1348	761	0	0	0	747	8	6	762
1	7	B	40000	98462	1.538	0.663	1538	875	0	0	0	875	0	0	876
2	0	G	40000	2452	97.548	48.177	97548	3997	45	0	0	3770	103	79	3915
2	0	A	40000	2495	97.505	94.975	97505	2530	45	0	0	2303	103	79	2447
2	0	B	40000	97154	2.846	1.379	2846	1467	0	0	0	1467	0	0	1468
2	1	G	40000	99999	0.00100136	0	1	2	0	0	0	2	0	0	4
2	1	A	40000	99999	0.00100136	0	1	1	0	0	0	1	0	0	2
2	1	B	40000	99999	0.00100136	0	1	1	0	0	0	1	0	0	2
2	2	G	40000	30622	69.378	46.7565	69378	27386	648	0	0	24897	1235	606	26815
2	2	A	40000	42890	57.11	44.916	57110	12194	358	0	0	10749	679	408	11851
2	2	B	40000	36211	63.789	48.597	63789	15192	290	0	0	14148	556	198	14964
2	3	G	40000	7733	92.267	63.7905	92267	34458	83	0	0	30436	3855	84	34374
2	3	A	40000	23629	76.371	54.214	76371	22157	5	0	0	19084	3027	41	22130
2	3	B	40000	14332	85.668	73.367	85668	12301	78	0	0	11352	828	43	12244
2	4	G	40000	100000	0	0	0	0	0	0	0	0	0	0	2
2	4	A	40000	100000	0	0	0	0	0	0	0	0	0	0	1
2	4	B	40000	100000	0	0	0	0	0	0	0	0	0	0	1
2	5	G	40000	100000	0	0	0	0	0	0	0	0	0	0	2
2	5	A	40000	100000	0	0	0	0	0	0	0	0	0	0	1
2	5	B	40000	100000	0	0	0	0	0	0	0	0	0	0	1
2	6	G	40000	27944	72.056	49.942	72056	26163	320	0	0	24216	1081	546	25919
2	6	A	40000	40596	59.404	47.89	59404	11514	192	0	0	10089	776	457	11326
2	6	B	40000	33357	66.643	51.994	66643	14649	128	0	0	14127	305	89	14593
2	7	G	40000	0	100	100	100000	200000	200000	200000	200000	200000	200000	200000	200002
2	7	A	40000	0	100	100	100000	100000	100000	100000	100000	100000	100000	100000	100001
2	7	B	40000	0	100	100	100000	100000	100000	100000	100000	100000	100000	100000	100001
3	0	G	40000	961	99.039	73.156	99039	19211	274	2	0	17881	409	645	18599
3	0	A	40000	1549	98.451	96.359	98451	2092	206	0	0	1228	35	623	1529
3	0	B	40000	32928	67.072	49.953	67072	17119	68	2	0	16653	374	22	17070
3	0	cSpy was 67 spamed and the readout avoided!
3	1	G	40000	0	100	100	100000	200000	200000	200000	200000	200000	200000	200000	200002
3	1	A	40000	0	100	100	100000	100000	100000	100000	100000	100000	100000	100000	100001
3	1	B	40000	0	100	100	100000	100000	100000	100000	100000	100000	100000	100000	100001
3	2	G	40000	76225	23.775	12.028	23775	15386	20	5	0	13750	1503	108	15324
3	2	A	40000	80232	19.768	12.047	19768	7721	7	1	0	6694	918	101	7669
3	2	B	40000	80326	19.674	12.009	19674	7665	13	4	0	7056	585	7	7655
3	2	cSpy was 7 spamed and the readout avoided!
3	3	G	40000	100000	0	0	0	0	0	0	0	0	0	0	2
3	3	A	40000	100000	0	0	0	0	0	0	0	0	0	0	1
3	3	B	40000	100000	0	0	0	0	0	0	0	0	0	0	1
3	4	G	40000	88706	11.294	2.892	11294	14728	0	0	0	14711	16	1	14730
3	4	A	40000	89831	10.169	2.753	10169	7416	0	0	0	7402	13	1	7417
3	4	B	40000	89657	10.343	3.031	10343	7312	0	0	0	7309	3	0	7313
3	5	G	40000	0	100	100	100000	200000	200000	200000	200000	200000	200000	200000	200002
3	5	A	40000	0	100	100	100000	100000	100000	100000	100000	100000	100000	100000	100001
3	5	B	40000	0	100	100	100000	100000	100000	100000	100000	100000	100000	100000	100001
3	6	G	40000	61753	38.247	27.8595	38247	17960	51	8	0	16676	1126	99	17866
3	6	A	40000	62488	37.512	28.36	37512	9152	0	0	0	8349	776	27	9129
3	6	B	40000	63833	36.167	27.359	36167	8808	51	8	0	8327	350	72	8737
3	6	cSpy was 87 spamed and the readout avoided!
3	7	G	40000	100000	0	0	0	0	0	0	0	0	0	0	2
3	7	A	40000	100000	0	0	0	0	0	0	0	0	0	0	1
3	7	B	40000	100000	0	0	0	0	0	0	0	0	0	0	1
4	0	G	40000	1150	98.85	67.9025	98850	19526	291	5	0	17116	1663	451	19045
4	0	A	40000	1895	98.105	95.796	98105	2309	222	1	0	1047	622	417	1887
4	0	B	40000	42774	57.226	40.009	57226	17217	69	4	0	16069	1041	34	17158
4	0	cSpy was 30 spamed and the readout avoided!
4	1	G	40000	100000	0	0	0	0	0	0	0	0	0	0	2
4	1	A	40000	100000	0	0	0	0	0	0	0	0	0	0	1
4	1	B	40000	100000	0	0	0	0	0	0	0	0	0	0	1
4	2	G	40000	97260	2.74	1.2115	2740	2299	4	0	0	2288	1	6	2298
4	2	A	40000	97636	2.364	1.233	2364	1131	2	0	0	1122	1	6	1129
4	2	B	40000	97642	2.358	1.19	2358	1168	2	0	0	1166	0	0	1169
4	3	G	40000	19160	80.84	59.189	80840	33981	794	0	0	32481	118	588	32932
4	3	A	40000	23494	76.506	59.495	76506	17011	391	0	0	16192	3	425	16301
4	3	B	40000	24147	75.853	58.883	75853	16970	403	0	0	16289	115	163	16631
4	3	cSpy was 8 spamed and the readout avoided!
4	4	G	40000	6699	93.301	73.925	93301	25278	173	15	0	22425	2131	534	24868
4	4	A	40000	13095	86.905	74.538	86905	12367	48	11	0	10786	1131	391	12110
4	4	B	40000	13777	86.223	73.312	86223	12911	125	4	0	11639	1000	143	12758
4	4	cSpy was 60 spamed and the readout avoided!
4	5	G	40000	100000	0	0	0	0	0	0	0	0	0	0	2
4	5	A	40000	100000	0	0	0	0	0	0	0	0	0	0	1
4	5	B	40000	100000	0	0	0	0	0	0	0	0	0	0	1
4	6	G	40000	99577	0.423002	0.05	423	692	0	0	0	692	0	0	694
4	6	A	40000	99601	0.398999	0.054	399	345	0	0	0	345	0	0	346
4	6	B	40000	99607	0.392997	0.046	393	347	0	0	0	347	0	0	348
4	7	G	40000	37107	62.893	40.9155	62893	34132	262	0	0	33614	18	238	33813
4	7	A	40000	41921	58.079	41.078	58079	17001	125	0	0	16691	3	182	16770
4	7	B	40000	42116	57.884	40.753	57884	17131	137	0	0	16923	15	56	17043
4	7	cSpy was 4 spamed and the readout avoided!
5	0	G	40000	498	99.502	56.5315	99502	14541	131	0	0	13472	112	826	13997
5	0	A	40000	603	99.397	98.249	99397	1148	131	0	0	86	105	826	603
5	0	B	40000	71793	28.207	14.814	28207	13393	0	0	0	13386	7	0	13394
5	0	cSpy was 56 spamed and the readout avoided!
5	1	G	40000	58093	41.907	20.852	41907	32820	38	0	0	32703	9	70	32786
5	1	A	40000	62743	37.257	21.048	37257	16209	19	0	0	16115	9	66	16179
5	1	B	40000	62733	37.267	20.656	37267	16611	19	0	0	16588	0	4	16607
5	1	cSpy was 1 spamed and the readout avoided!
5	2	G	40000	0	100	100	100000	200000	200000	200000	200000	200000	200000	200000	200002
5	2	A	40000	0	100	100	100000	100000	100000	100000	100000	100000	100000	100000	100001
5	2	B	40000	0	100	100	100000	100000	100000	100000	100000	100000	100000	100000	100001
5	3	G	40000	98996	1.004	0	1004	2008	0	0	0	2008	0	0	2010
5	3	A	40000	98996	1.004	0	1004	1004	0	0	0	1004	0	0	1005
5	3	B	40000	98996	1.004	0	1004	1004	0	0	0	1004	0	0	1005
5	4	G	40000	100000	0	0	0	0	0	0	0	0	0	0	2
5	4	A	40000	100000	0	0	0	0	0	0	0	0	0	0	1
5	4	B	40000	100000	0	0	0	0	0	0	0	0	0	0	1
5	5	G	40000	94283	5.717	0.915	5717	8758	0	0	0	8756	0	2	8760
5	5	A	40000	94650	5.35	0.994	5350	4356	0	0	0	4354	0	2	4357
5	5	B	40000	94762	5.238	0.836	5238	4402	0	0	0	4402	0	0	4403
5	6	G	40000	3	99.997	97.6355	99997	2489	223	2	0	902	1193	169	2235
5	6	A	40000	8	99.992	99.926	99992	66	0	0	0	2	1	63	8
5	6	B	40000	2232	97.768	95.345	97768	2423	223	2	0	900	1192	106	2227
5	6	cSpy was 36 spamed and the readout avoided!
5	7	G	40000	32824	67.176	17.0865	67176	64510	21	16	0	57218	7123	132	64439
5	7	A	40000	49389	50.611	18.714	50611	31897	21	16	0	27437	4291	132	31825
5	7	B	40000	51928	48.072	15.459	48072	32613	0	0	0	29781	2832	0	32614
5	7	cSpy was 2 spamed and the readout avoided!
6	0	G	40000	580	99.42	96.201	99420	4097	344	3	0	2018	1086	646	3484
6	0	A	40000	1251	98.749	97.035	98749	1714	174	0	0	217	753	570	1251
6	0	B	40000	2250	97.75	95.367	97750	2383	170	3	0	1801	333	76	2233
6	0	cSpy was 62 spamed and the readout avoided!
6	1	G	40000	16736	83.264	39.4305	83264	57087	2	0	0	50762	6082	241	56972
6	1	A	40000	30513	69.487	42.274	69487	27213	0	0	0	23564	3411	238	27102
6	1	B	40000	33539	66.461	36.587	66461	29874	2	0	0	27198	2671	3	29870
6	1	cSpy was 6 spamed and the readout avoided!
6	2	G	40000	100000	0	0	0	0	0	0	0	0	0	0	2
6	2	A	40000	100000	0	0	0	0	0	0	0	0	0	0	1
6	2	B	40000	100000	0	0	0	0	0	0	0	0	0	0	1
6	3	G	40000	100000	0	0	0	0	0	0	0	0	0	0	2
6	3	A	40000	100000	0	0	0	0	0	0	0	0	0	0	1
6	3	B	40000	100000	0	0	0	0	0	0	0	0	0	0	1
6	4	G	40000	19917	80.083	58.9075	80083	34100	808	0	0	32549	149	594	33036
6	4	A	40000	23739	76.261	59.196	76261	17065	392	0	0	16247	0	426	16346
6	4	B	40000	24346	75.654	58.619	75654	17035	416	0	0	16302	149	168	16690
6	4	cSpy was 8 spamed and the readout avoided!
6	5	G	40000	5336	94.664	77.237	94664	22622	120	13	0	20141	1518	830	22145
6	5	A	40000	10747	89.253	78.45	89253	10803	22	0	0	9356	697	728	10433
6	5	B	40000	12157	87.843	76.024	87843	11819	98	13	0	10785	821	102	11712
6	5	cSpy was 25 spamed and the readout avoided!
6	6	G	40000	100000	0	0	0	0	0	0	0	0	0	0	2
6	6	A	40000	100000	0	0	0	0	0	0	0	0	0	0	1
6	6	B	40000	100000	0	0	0	0	0	0	0	0	0	0	1
6	7	G	40000	100000	0	0	0	0	0	0	0	0	0	0	2
6	7	A	40000	100000	0	0	0	0	0	0	0	0	0	0	1
6	7	B	40000	100000	0	0	0	0	0	0	0	0	0	0	1
7	0	G	40000	2064	97.936	47.9465	97936	3831	211	1	0	3031	69	519	3357
7	0	A	40000	2080	97.92	95.398	97920	2522	211	1	0	1723	68	519	2047
7	0	B	40000	98196	1.804	0.495	1804	1309	0	0	0	1308	1	0	1310
7	1	G	40000	100000	0	0	0	0	0	0	0	0	0	0	2
7	1	A	40000	100000	0	0	0	0	0	0	0	0	0	0	1
7	1	B	40000	100000	0	0	0	0	0	0	0	0	0	0	1
7	2	G	40000	94287	5.713	1.586	5713	5707	7	8	0	5627	51	14	5704
7	2	A	40000	95413	4.587	1.751	4587	2836	7	8	0	2786	21	14	2832
7	2	B	40000	95708	4.292	1.421	4292	2871	0	0	0	2841	30	0	2872
7	2	cSpy was 1 spamed and the readout avoided!
7	3	G	40000	2480	97.52	89.4715	97520	10117	118	3	0	8821	651	524	9674
7	3	A	40000	4474	95.526	91.326	95526	4200	52	2	0	3715	97	334	3916
7	3	B	40000	6466	93.534	87.617	93534	5917	66	1	0	5106	554	190	5758
7	3	cSpy was 99 spamed and the readout avoided!
7	4	G	40000	83596	16.404	2.9525	16404	23997	0	0	0	22018	1957	22	23996
7	4	A	40000	84016	15.984	2.956	15984	13028	0	0	0	11336	1670	22	13026
7	4	B	40000	86082	13.918	2.949	13918	10969	0	0	0	10682	287	0	10970
7	5	G	40000	100000	0	0	0	0	0	0	0	0	0	0	2
7	5	A	40000	100000	0	0	0	0	0	0	0	0	0	0	1
7	5	B	40000	100000	0	0	0	0	0	0	0	0	0	0	1
7	6	G	40000	97032	2.968	0.8645	2968	2853	4	3	0	2827	14	5	2853
7	6	A	40000	97623	2.377	0.958	2377	1419	4	3	0	1402	5	5	1418
7	6	B	40000	97795	2.205	0.771	2205	1434	0	0	0	1425	9	0	1435
7	7	G	40000	55980	44.02	17.9115	44020	37860	22	67	0	36809	775	187	37763
7	7	A	40000	62304	37.696	18.484	37696	19212	20	66	0	18616	326	184	19117
7	7	B	40000	64013	35.987	17.339	35987	18648	2	1	0	18193	449	3	18646
7	7	cSpy was 8 spamed and the readout avoided!
