#the gain was set to: 2	the bias was set to: 30
#Sent triggers per delay setting: 100000	and with a frequency [Hz] of: 40000
#160MHz delay setting	400MHz delay setting	Frequency	correct transmitted H+T		error rate [%]	uncertainty [%]	bad or missed events	error count	missing headers	missing trailers	flipped H/T	event nr errors	tbm missed trigger	unknown errors	event nr resets
0	0	G	40000	447	99.553	71.1465	99553	19255	104	0	0	18212	303	636	18742
0	0	A	40000	636	99.364	98.218	99364	1146	93	0	0	187	237	629	636
0	0	B	40000	37816	62.184	44.075	62184	18109	11	0	0	18025	66	7	18106
0	0	cSpy was 28 spamed and the readout avoided!
0	1	G	40000	33761	66.239	48.3545	66239	24575	583	0	0	23310	2	680	24038
0	1	A	40000	41743	58.257	48.002	58257	10255	282	0	0	9530	1	442	9975
0	1	B	40000	36973	63.027	48.707	63027	14320	301	0	0	13780	1	238	14063
0	2	G	40000	5891	94.109	76.183	94109	23337	55	0	0	19861	3160	261	23180
0	2	A	40000	12322	87.678	75.969	87678	11709	20	0	0	9531	1909	249	11567
0	2	B	40000	11975	88.025	76.397	88025	11628	35	0	0	10330	1251	12	11613
0	2	cSpy was 1 spamed and the readout avoided!
0	3	G	40000	100000	0	0	0	0	0	0	0	0	0	0	2
0	3	A	40000	100000	0	0	0	0	0	0	0	0	0	0	1
0	3	B	40000	100000	0	0	0	0	0	0	0	0	0	0	1
0	4	G	40000	100000	0	0	0	0	0	0	0	0	0	0	2
0	4	A	40000	100000	0	0	0	0	0	0	0	0	0	0	1
0	4	B	40000	100000	0	0	0	0	0	0	0	0	0	0	1
0	5	G	40000	33682	66.318	42.479	66318	31214	48	0	0	30633	144	389	31115
0	5	A	40000	44112	55.888	41.792	55888	14096	28	0	0	13635	65	368	14012
0	5	B	40000	39716	60.284	43.166	60284	17118	20	0	0	16998	79	21	17103
0	6	G	40000	2273	97.727	88.071	97727	11935	237	5	0	9363	1915	416	11531
0	6	A	40000	4606	95.394	90.73	95394	4664	79	1	0	3338	910	336	4393
0	6	B	40000	7317	92.683	85.412	92683	7271	158	4	0	6025	1005	80	7138
0	6	cSpy was 18 spamed and the readout avoided!
0	7	G	40000	77614	22.386	5.7255	22386	17261	0	0	0	15117	2143	1	17262
0	7	A	40000	88414	11.586	1.763	11586	9823	0	0	0	8359	1463	1	9823
0	7	B	40000	82874	17.126	9.688	17126	7438	0	0	0	6758	680	0	7439
1	0	G	40000	378	99.622	96.785	99622	3374	183	3	0	2237	591	360	3014
1	0	A	40000	1838	98.162	96.051	98162	2111	143	3	0	1460	182	323	1797
1	0	B	40000	1218	98.782	97.519	98782	1263	40	0	0	777	409	37	1217
1	0	cSpy was 16 spamed and the readout avoided!
1	1	G	40000	72244	27.756	13.0105	27756	17552	15	4	0	14626	2875	32	17517
1	1	A	40000	80976	19.024	7.923	19024	11101	1	0	0	8924	2155	21	11085
1	1	B	40000	75451	24.549	18.098	24549	6451	14	4	0	5702	720	11	6432
1	1	cSpy was 3 spamed and the readout avoided!
1	2	G	40000	100000	0	0	0	0	0	0	0	0	0	0	2
1	2	A	40000	100000	0	0	0	0	0	0	0	0	0	0	1
1	2	B	40000	100000	0	0	0	0	0	0	0	0	0	0	1
1	3	G	40000	92360	7.64	2.218	7640	8666	0	0	0	8620	36	10	8667
1	3	A	40000	93831	6.169	2.084	6169	4085	0	0	0	4048	27	10	4085
1	3	B	40000	93067	6.933	2.352	6933	4581	0	0	0	4572	9	0	4582
1	4	G	40000	605	99.395	96.5815	99395	3587	312	5	0	2058	917	295	3174
1	4	A	40000	2011	97.989	95.913	97989	2076	89	0	0	1150	730	107	1946
1	4	B	40000	1239	98.761	97.25	98761	1511	223	5	0	908	187	188	1228
1	4	cSpy was 42 spamed and the readout avoided!
1	5	G	40000	62749	37.251	25.7805	37251	12506	135	5	0	10812	1442	112	12344
1	5	A	40000	69454	30.546	24.146	30546	6400	37	0	0	5545	764	54	6342
1	5	B	40000	66479	33.521	27.415	33521	6106	98	5	0	5267	678	58	6002
1	5	cSpy was 19 spamed and the readout avoided!
1	6	G	40000	100000	0	0	0	0	0	0	0	0	0	0	2
1	6	A	40000	100000	0	0	0	0	0	0	0	0	0	0	1
1	6	B	40000	100000	0	0	0	0	0	0	0	0	0	0	1
1	7	G	40000	99961	0.0389993	0	39	78	0	0	0	78	0	0	80
1	7	A	40000	99961	0.0389993	0	39	39	0	0	0	39	0	0	40
1	7	B	40000	99961	0.0389993	0	39	39	0	0	0	39	0	0	40
2	0	G	40000	2474	97.526	48.169	97526	4017	56	0	0	3763	111	87	3926
2	0	A	40000	2496	97.504	94.953	97504	2551	56	0	0	2297	111	87	2459
2	0	B	40000	97149	2.851	1.385	2851	1466	0	0	0	1466	0	0	1467
2	0	cSpy was 1 spamed and the readout avoided!
2	1	G	40000	100000	0	0	0	0	0	0	0	0	0	0	2
2	1	A	40000	100000	0	0	0	0	0	0	0	0	0	0	1
2	1	B	40000	100000	0	0	0	0	0	0	0	0	0	0	1
2	2	G	40000	29376	70.624	49.127	70624	26447	795	0	0	23645	1332	675	25763
2	2	A	40000	40849	59.151	47.321	59151	11830	438	0	0	10337	610	445	11406
2	2	B	40000	34450	65.55	50.933	65550	14617	357	0	0	13308	722	230	14357
2	2	cSpy was 1 spamed and the readout avoided!
2	3	G	40000	6936	93.064	64.3035	93064	34690	65	0	0	30680	3830	115	34595
2	3	A	40000	23403	76.597	54.106	76597	22491	6	0	0	19570	2832	83	22441
2	3	B	40000	13300	86.7	74.501	86700	12199	59	0	0	11110	998	32	12154
2	4	G	40000	100000	0	0	0	0	0	0	0	0	0	0	2
2	4	A	40000	100000	0	0	0	0	0	0	0	0	0	0	1
2	4	B	40000	100000	0	0	0	0	0	0	0	0	0	0	1
2	5	G	40000	99896	0.103998	0.036	104	133	0	0	0	133	0	0	135
2	5	A	40000	99899	0.101	0.036	101	65	0	0	0	65	0	0	66
2	5	B	40000	99896	0.103998	0.036	104	68	0	0	0	68	0	0	69
2	6	G	40000	27663	72.337	50.0995	72337	26171	373	0	0	24158	1086	554	25880
2	6	A	40000	40436	59.564	48.039	59564	11525	223	0	0	10071	770	461	11307
2	6	B	40000	33194	66.806	52.16	66806	14646	150	0	0	14087	316	93	14573
2	7	G	40000	0	100	100	100000	200000	200000	200000	200000	200000	200000	200000	200002
2	7	A	40000	0	100	100	100000	100000	100000	100000	100000	100000	100000	100000	100001
2	7	B	40000	0	100	100	100000	100000	100000	100000	100000	100000	100000	100000	100001
3	0	G	40000	835	99.165	79.843	99165	17518	281	2	0	16112	441	682	16933
3	0	A	40000	1466	98.534	96.546	98534	1988	195	0	0	1128	33	632	1458
3	0	B	40000	21330	78.67	63.14	78670	15530	86	2	0	14984	408	50	15475
3	0	cSpy was 25 spamed and the readout avoided!
3	1	G	40000	0	100	100	100000	200000	200000	200000	200000	200000	200000	200000	200002
3	1	A	40000	0	100	100	100000	100000	100000	100000	100000	100000	100000	100000	100001
3	1	B	40000	0	100	100	100000	100000	100000	100000	100000	100000	100000	100000	100001
3	2	G	40000	99905	0.0949979	0	95	190	0	0	0	190	0	0	192
3	2	A	40000	99905	0.0949979	0	95	95	0	0	0	95	0	0	96
3	2	B	40000	99905	0.0949979	0	95	95	0	0	0	95	0	0	96
3	3	G	40000	100000	0	0	0	0	0	0	0	0	0	0	2
3	3	A	40000	100000	0	0	0	0	0	0	0	0	0	0	1
3	3	B	40000	100000	0	0	0	0	0	0	0	0	0	0	1
3	4	G	40000	93059	6.941	1.64	6941	9387	0	0	0	9377	9	1	9389
3	4	A	40000	93711	6.289	1.567	6289	4722	0	0	0	4713	8	1	4723
3	4	B	40000	93622	6.378	1.713	6378	4665	0	0	0	4664	1	0	4666
3	5	G	40000	0	100	100	100000	200000	200000	200000	200000	200000	200000	200000	200002
3	5	A	40000	0	100	100	100000	100000	100000	100000	100000	100000	100000	100000	100001
3	5	B	40000	0	100	100	100000	100000	100000	100000	100000	100000	100000	100000	100001
3	6	G	40000	60658	39.342	28.7045	39342	18008	241	10	0	16435	980	342	17632
3	6	A	40000	61786	38.214	28.746	38214	9468	117	1	0	8224	897	229	9246
3	6	B	40000	62797	37.203	28.663	37203	8540	124	9	0	8211	83	113	8386
3	6	cSpy was 94 spamed and the readout avoided!
3	7	G	40000	100000	0	0	0	0	0	0	0	0	0	0	2
3	7	A	40000	100000	0	0	0	0	0	0	0	0	0	0	1
3	7	B	40000	100000	0	0	0	0	0	0	0	0	0	0	1
4	0	G	40000	1192	98.808	56.423	98808	27710	137	0	0	25682	1645	246	27457
4	0	A	40000	1689	98.311	96.381	98311	1930	124	0	0	1064	510	232	1684
4	0	B	40000	57755	42.245	16.465	42245	25780	13	0	0	24618	1135	14	25773
4	0	cSpy was 4 spamed and the readout avoided!
4	1	G	40000	100000	0	0	0	0	0	0	0	0	0	0	2
4	1	A	40000	100000	0	0	0	0	0	0	0	0	0	0	1
4	1	B	40000	100000	0	0	0	0	0	0	0	0	0	0	1
4	2	G	40000	98074	1.926	0.7635	1926	1651	2	0	0	1643	1	5	1651
4	2	A	40000	98404	1.596	0.79	1596	806	1	0	0	799	1	5	805
4	2	B	40000	98418	1.582	0.737	1582	845	1	0	0	844	0	0	846
4	3	G	40000	19140	80.86	59.201	80860	33993	803	0	0	32469	122	599	32931
4	3	A	40000	23471	76.529	59.498	76529	17031	395	0	0	16209	2	425	16317
4	3	B	40000	24134	75.866	58.904	75866	16962	408	0	0	16260	120	174	16614
4	3	cSpy was 8 spamed and the readout avoided!
4	4	G	40000	7200	92.8	73.2255	92800	25925	161	7	0	23011	2230	516	25526
4	4	A	40000	13444	86.556	73.883	86556	12673	58	3	0	11058	1170	384	12419
4	4	B	40000	14180	85.82	72.568	85820	13252	103	4	0	11953	1060	132	13107
4	4	cSpy was 57 spamed and the readout avoided!
4	5	G	40000	100000	0	0	0	0	0	0	0	0	0	0	2
4	5	A	40000	100000	0	0	0	0	0	0	0	0	0	0	1
4	5	B	40000	100000	0	0	0	0	0	0	0	0	0	0	1
4	6	G	40000	99884	0.116003	0.0085	116	204	0	0	0	204	0	0	206
4	6	A	40000	99888	0.111997	0.01	112	102	0	0	0	102	0	0	103
4	6	B	40000	99891	0.108999	0.007	109	102	0	0	0	102	0	0	103
4	7	G	40000	35876	64.124	42.428	64124	34345	309	0	0	33731	25	280	33952
4	7	A	40000	40286	59.714	42.587	59714	17127	148	0	0	16771	4	204	16856
4	7	B	40000	40513	59.487	42.269	59487	17218	161	0	0	16960	21	76	17096
4	7	cSpy was 4 spamed and the readout avoided!
5	0	G	40000	523	99.477	55.856	99477	13829	159	0	0	12726	86	858	13268
5	0	A	40000	629	99.371	98.18	99371	1191	159	0	0	96	80	856	629
5	0	B	40000	73830	26.17	13.532	26170	12638	0	0	0	12630	6	2	12639
5	0	cSpy was 44 spamed and the readout avoided!
5	1	G	40000	66625	33.375	16.9845	33375	25305	30	0	0	25209	4	62	25278
5	1	A	40000	70390	29.61	17.113	29610	12497	15	0	0	12420	4	58	12474
5	1	B	40000	70336	29.664	16.856	29664	12808	15	0	0	12789	0	4	12804
5	1	cSpy was 2 spamed and the readout avoided!
5	2	G	40000	0	100	100	100000	200000	200000	200000	200000	200000	200000	200000	200002
5	2	A	40000	0	100	100	100000	100000	100000	100000	100000	100000	100000	100000	100001
5	2	B	40000	0	100	100	100000	100000	100000	100000	100000	100000	100000	100000	100001
5	3	G	40000	98907	1.093	0	1093	2186	0	0	0	2186	0	0	2188
5	3	A	40000	98907	1.093	0	1093	1093	0	0	0	1093	0	0	1094
5	3	B	40000	98907	1.093	0	1093	1093	0	0	0	1093	0	0	1094
5	4	G	40000	100000	0	0	0	0	0	0	0	0	0	0	2
5	4	A	40000	100000	0	0	0	0	0	0	0	0	0	0	1
5	4	B	40000	100000	0	0	0	0	0	0	0	0	0	0	1
5	5	G	40000	93258	6.742	1.2975	6742	9681	1	0	0	9677	0	3	9683
5	5	A	40000	93790	6.21	1.401	6210	4809	0	0	0	4806	0	3	4810
5	5	B	40000	93934	6.066	1.194	6066	4872	1	0	0	4871	0	0	4873
5	6	G	40000	6	99.994	97.697	99994	2447	221	0	0	632	1388	206	2157
5	6	A	40000	10	99.99	99.893	99990	97	0	0	0	1	2	94	10
5	6	B	40000	2149	97.851	95.501	97851	2350	221	0	0	631	1386	112	2147
5	6	cSpy was 37 spamed and the readout avoided!
5	7	G	40000	35960	64.04	13.7385	64040	64370	17	19	0	57275	6936	123	64309
5	7	A	40000	52635	47.365	15.221	47365	32144	17	19	0	27663	4322	123	32083
5	7	B	40000	55518	44.482	12.256	44482	32226	0	0	0	29612	2614	0	32226
5	7	cSpy was 2 spamed and the readout avoided!
6	0	G	40000	604	99.396	95.844	99396	4496	384	9	0	2187	1189	727	3804
6	0	A	40000	1353	98.647	96.768	98647	1879	210	2	0	198	836	633	1353
6	0	B	40000	2463	97.537	94.92	97537	2617	174	7	0	1989	353	94	2451
6	0	cSpy was 73 spamed and the readout avoided!
6	1	G	40000	12863	87.137	49.843	87137	48604	10	0	0	43436	4758	400	48402
6	1	A	40000	24347	75.653	52.513	75653	23140	0	0	0	20260	2485	395	22946
6	1	B	40000	27363	72.637	47.173	72637	25464	10	0	0	23176	2273	5	25456
6	1	cSpy was 7 spamed and the readout avoided!
6	2	G	40000	100000	0	0	0	0	0	0	0	0	0	0	2
6	2	A	40000	100000	0	0	0	0	0	0	0	0	0	0	1
6	2	B	40000	100000	0	0	0	0	0	0	0	0	0	0	1
6	3	G	40000	100000	0	0	0	0	0	0	0	0	0	0	2
6	3	A	40000	100000	0	0	0	0	0	0	0	0	0	0	1
6	3	B	40000	100000	0	0	0	0	0	0	0	0	0	0	1
6	4	G	40000	19655	80.345	59.0225	80345	33987	804	1	0	32451	134	597	32920
6	4	A	40000	23682	76.318	59.304	76318	17014	394	1	0	16191	1	427	16299
6	4	B	40000	24286	75.714	58.741	75714	16973	410	0	0	16260	133	170	16621
6	4	cSpy was 8 spamed and the readout avoided!
6	5	G	40000	7115	92.885	69.9095	92885	29762	79	7	0	26678	2245	753	29330
6	5	A	40000	14326	85.674	71.409	85674	14265	7	1	0	12545	1025	687	13903
6	5	B	40000	16093	83.907	68.41	83907	15497	72	6	0	14133	1220	66	15427
6	5	cSpy was 20 spamed and the readout avoided!
6	6	G	40000	100000	0	0	0	0	0	0	0	0	0	0	2
6	6	A	40000	100000	0	0	0	0	0	0	0	0	0	0	1
6	6	B	40000	100000	0	0	0	0	0	0	0	0	0	0	1
6	7	G	40000	100000	0	0	0	0	0	0	0	0	0	0	2
6	7	A	40000	100000	0	0	0	0	0	0	0	0	0	0	1
6	7	B	40000	100000	0	0	0	0	0	0	0	0	0	0	1
7	0	G	40000	2206	97.794	47.7755	97794	4093	194	0	0	3313	68	518	3630
7	0	A	40000	2227	97.773	95.123	97773	2650	194	0	0	1876	62	518	2186
7	0	B	40000	98129	1.871	0.428	1871	1443	0	0	0	1437	6	0	1444
7	1	G	40000	100000	0	0	0	0	0	0	0	0	0	0	2
7	1	A	40000	100000	0	0	0	0	0	0	0	0	0	0	1
7	1	B	40000	100000	0	0	0	0	0	0	0	0	0	0	1
7	2	G	40000	93544	6.456	1.7985	6456	6794	7	12	0	6683	75	17	6792
7	2	A	40000	94655	5.345	1.979	5345	3366	7	12	0	3304	27	16	3363
7	2	B	40000	94954	5.046	1.618	5046	3428	0	0	0	3379	48	1	3429
7	2	cSpy was 1 spamed and the readout avoided!
7	3	G	40000	0	100	100	100000	200000	200000	200000	200000	200000	200000	200000	200002
7	3	A	40000	0	100	100	100000	100000	100000	100000	100000	100000	100000	100000	100001
7	3	B	40000	0	100	100	100000	100000	100000	100000	100000	100000	100000	100000	100001
7	4	G	40000	88454	11.546	1.576	11546	18377	0	0	0	17219	1144	14	18375
7	4	A	40000	88621	11.379	1.576	11379	9803	0	0	0	8791	998	14	9801
7	4	B	40000	89850	10.15	1.576	10150	8574	0	0	0	8428	146	0	8574
7	5	G	40000	100000	0	0	0	0	0	0	0	0	0	0	2
7	5	A	40000	100000	0	0	0	0	0	0	0	0	0	0	1
7	5	B	40000	100000	0	0	0	0	0	0	0	0	0	0	1
7	6	G	40000	97831	2.169	0.708	2169	1876	3	7	0	1842	20	4	1874
7	6	A	40000	98299	1.701	0.773	1701	928	3	7	0	910	4	4	925
7	6	B	40000	98409	1.591	0.643	1591	948	0	0	0	932	16	0	949
7	6	cSpy was 1 spamed and the readout avoided!
7	7	G	40000	53064	46.936	19.6825	46936	41823	5	10	0	40677	946	185	41743
7	7	A	40000	58686	41.314	20.061	41314	21253	4	10	0	20651	403	185	21173
7	7	B	40000	60126	39.874	19.304	39874	20570	1	0	0	20026	543	0	20570
7	7	cSpy was 6 spamed and the readout avoided!
