#the gain was set to: 2	the bias was set to: 30
#Sent triggers per delay setting: 100000	and with a frequency [Hz] of: 40000
#160MHz delay setting	400MHz delay setting	Frequency	correct transmitted H+T		error rate [%]	uncertainty [%]	bad or missed events	error count	missing headers	missing trailers	flipped H/T	event nr errors	tbm missed trigger	unknown errors	event nr resets
0	0	G	40000	450	99.55	70.8315	99550	19211	115	0	0	18168	328	600	18694
0	0	A	40000	661	99.339	98.166	99339	1173	103	0	0	209	273	588	661
0	0	B	40000	38465	61.535	43.497	61535	18038	12	0	0	17959	55	12	18033
0	0	cSpy was 40 spamed and the readout avoided!
0	1	G	40000	31017	68.983	50.4255	68983	25090	423	0	0	23621	480	566	24769
0	1	A	40000	39338	60.662	49.931	60662	10731	217	0	0	10074	2	438	10515
0	1	B	40000	34721	65.279	50.92	65279	14359	206	0	0	13547	478	128	14254
0	2	G	40000	6192	93.808	74.1225	93808	25410	46	1	0	21840	3262	261	25245
0	2	A	40000	14222	85.778	72.114	85778	13664	19	0	0	11288	2113	244	13518
0	2	B	40000	12123	87.877	76.131	87877	11746	27	1	0	10552	1149	17	11727
0	2	cSpy was 3 spamed and the readout avoided!
0	3	G	40000	100000	0	0	0	0	0	0	0	0	0	0	2
0	3	A	40000	100000	0	0	0	0	0	0	0	0	0	0	1
0	3	B	40000	100000	0	0	0	0	0	0	0	0	0	0	1
0	4	G	40000	99496	0.503999	0.266	504	333	0	0	0	333	0	0	335
0	4	A	40000	99593	0.406998	0.26	407	147	0	0	0	147	0	0	148
0	4	B	40000	99542	0.458002	0.272	458	186	0	0	0	186	0	0	187
0	5	G	40000	36466	63.534	42.645	63534	28508	33	0	0	27942	157	376	28460
0	5	A	40000	45267	54.733	42.135	54733	12598	23	0	0	12175	36	364	12555
0	5	B	40000	40935	59.065	43.155	59065	15910	10	0	0	15767	121	12	15905
0	6	G	40000	2111	97.889	88.603	97889	11383	204	5	0	9050	1689	435	10991
0	6	A	40000	4426	95.574	91.022	95574	4552	112	0	0	3188	883	369	4240
0	6	B	40000	6985	93.015	86.184	93015	6831	92	5	0	5862	806	66	6751
0	6	cSpy was 24 spamed and the readout avoided!
0	7	G	40000	78468	21.532	5.841	21532	16042	3	0	0	13512	2513	14	16038
0	7	A	40000	88966	11.034	2.157	11034	8877	0	0	0	7374	1490	13	8876
0	7	B	40000	83310	16.69	9.525	16690	7165	3	0	0	6138	1023	1	7162
1	0	G	40000	508	99.492	96.2145	99492	3982	216	4	0	2462	792	508	3502
1	0	A	40000	2069	97.931	95.532	97931	2399	156	3	0	1596	185	459	1984
1	0	B	40000	1520	98.48	96.897	98480	1583	60	1	0	866	607	49	1518
1	0	cSpy was 29 spamed and the readout avoided!
1	1	G	40000	99630	0.370002	0.0015	370	736	0	0	0	736	0	0	738
1	1	A	40000	99631	0.369	0.001	369	368	0	0	0	368	0	0	369
1	1	B	40000	99630	0.370002	0.002	370	368	0	0	0	368	0	0	369
1	2	G	40000	100000	0	0	0	0	0	0	0	0	0	0	2
1	2	A	40000	100000	0	0	0	0	0	0	0	0	0	0	1
1	2	B	40000	100000	0	0	0	0	0	0	0	0	0	0	1
1	3	G	40000	89564	10.436	4.4205	10436	8852	2	0	0	8742	80	28	8851
1	3	A	40000	91674	8.326	4.197	8326	4129	1	0	0	4035	66	27	4127
1	3	B	40000	90633	9.367	4.644	9367	4723	1	0	0	4707	14	1	4724
1	4	G	40000	0	100	100	100000	200000	200000	200000	200000	200000	200000	200000	200002
1	4	A	40000	0	100	100	100000	100000	100000	100000	100000	100000	100000	100000	100001
1	4	B	40000	0	100	100	100000	100000	100000	100000	100000	100000	100000	100000	100001
1	5	G	40000	83313	16.687	3.2415	16687	14275	0	0	0	12789	1473	13	14277
1	5	A	40000	91320	8.68	1.616	8680	7064	0	0	0	6418	633	13	7065
1	5	B	40000	87922	12.078	4.867	12078	7211	0	0	0	6371	840	0	7212
1	6	G	40000	100000	0	0	0	0	0	0	0	0	0	0	2
1	6	A	40000	100000	0	0	0	0	0	0	0	0	0	0	1
1	6	B	40000	100000	0	0	0	0	0	0	0	0	0	0	1
1	7	G	40000	99965	0.0349998	0	35	70	0	0	0	70	0	0	72
1	7	A	40000	99965	0.0349998	0	35	35	0	0	0	35	0	0	36
1	7	B	40000	99965	0.0349998	0	35	35	0	0	0	35	0	0	36
2	0	G	40000	2466	97.534	48.125	97534	3899	40	0	0	3704	88	67	3826
2	0	A	40000	2503	97.497	94.954	97497	2543	40	0	0	2348	88	67	2469
2	0	B	40000	97348	2.652	1.296	2652	1356	0	0	0	1356	0	0	1357
2	1	G	40000	100000	0	0	0	0	0	0	0	0	0	0	2
2	1	A	40000	100000	0	0	0	0	0	0	0	0	0	0	1
2	1	B	40000	100000	0	0	0	0	0	0	0	0	0	0	1
2	2	G	40000	23440	76.56	53.149	76560	28358	880	12	0	25318	1378	770	27518
2	2	A	40000	36064	63.936	50.761	63936	13175	446	8	0	10948	1271	502	12696
2	2	B	40000	29280	70.72	55.537	70720	15183	434	4	0	14370	107	268	14822
2	3	G	40000	7504	92.496	62.923	92496	35701	84	1	0	31000	4518	98	35605
2	3	A	40000	24326	75.674	52.918	75674	22756	3	0	0	19407	3291	55	22722
2	3	B	40000	14127	85.873	72.928	85873	12945	81	1	0	11593	1227	43	12883
2	3	cSpy was 4 spamed and the readout avoided!
2	4	G	40000	100000	0	0	0	0	0	0	0	0	0	0	2
2	4	A	40000	100000	0	0	0	0	0	0	0	0	0	0	1
2	4	B	40000	100000	0	0	0	0	0	0	0	0	0	0	1
2	5	G	40000	99995	0.00500083	0	5	10	0	0	0	10	0	0	12
2	5	A	40000	99995	0.00500083	0	5	5	0	0	0	5	0	0	6
2	5	B	40000	99995	0.00500083	0	5	5	0	0	0	5	0	0	6
2	6	G	40000	44107	55.893	36.3355	55893	22870	148	1	0	21177	1166	378	22724
2	6	A	40000	55138	44.862	34.166	44862	10696	88	0	0	9141	1150	317	10590
2	6	B	40000	49321	50.679	38.505	50679	12174	60	1	0	12036	16	61	12134
2	7	G	40000	0	100	100	100000	200000	200000	200000	200000	200000	200000	200000	200002
2	7	A	40000	0	100	100	100000	100000	100000	100000	100000	100000	100000	100000	100001
2	7	B	40000	0	100	100	100000	100000	100000	100000	100000	100000	100000	100000	100001
3	0	G	40000	1069	98.931	71.2105	98931	16665	242	1	0	15489	327	606	16142
3	0	A	40000	1625	98.375	96.279	98375	2096	198	0	0	1286	35	577	1602
3	0	B	40000	39289	60.711	46.142	60711	14569	44	1	0	14203	292	29	14540
3	0	cSpy was 17 spamed and the readout avoided!
3	1	G	40000	0	100	100	100000	200000	200000	200000	200000	200000	200000	200000	200002
3	1	A	40000	0	100	100	100000	100000	100000	100000	100000	100000	100000	100000	100001
3	1	B	40000	0	100	100	100000	100000	100000	100000	100000	100000	100000	100000	100001
3	2	G	40000	99908	0.0919998	0	92	184	0	0	0	184	0	0	186
3	2	A	40000	99908	0.0919998	0	92	92	0	0	0	92	0	0	93
3	2	B	40000	99908	0.0919998	0	92	92	0	0	0	92	0	0	93
3	3	G	40000	100000	0	0	0	0	0	0	0	0	0	0	2
3	3	A	40000	100000	0	0	0	0	0	0	0	0	0	0	1
3	3	B	40000	100000	0	0	0	0	0	0	0	0	0	0	1
3	4	G	40000	84702	15.298	4.3285	15298	19057	0	0	0	19017	32	8	19059
3	4	A	40000	86241	13.759	4.156	13759	9603	0	0	0	9575	20	8	9604
3	4	B	40000	86045	13.955	4.501	13955	9454	0	0	0	9442	12	0	9455
3	5	G	40000	0	100	100	100000	200000	200000	200000	200000	200000	200000	200000	200002
3	5	A	40000	0	100	100	100000	100000	100000	100000	100000	100000	100000	100000	100001
3	5	B	40000	0	100	100	100000	100000	100000	100000	100000	100000	100000	100000	100001
3	6	G	40000	75845	24.155	6.214	24155	30580	17	17	0	28823	1703	20	30563
3	6	A	40000	77708	22.292	6.163	22292	16129	2	0	0	14498	1623	6	16128
3	6	B	40000	79284	20.716	6.265	20716	14451	15	17	0	14325	80	14	14435
3	6	cSpy was 2 spamed and the readout avoided!
3	7	G	40000	100000	0	0	0	0	0	0	0	0	0	0	2
3	7	A	40000	100000	0	0	0	0	0	0	0	0	0	0	1
3	7	B	40000	100000	0	0	0	0	0	0	0	0	0	0	1
4	0	G	40000	1218	98.782	62.817	98782	26510	168	3	0	24280	1834	225	26252
4	0	A	40000	1937	98.063	95.892	98063	2171	127	0	0	1302	527	215	1934
4	0	B	40000	45919	54.081	29.742	54081	24339	41	3	0	22978	1307	10	24318
4	0	cSpy was 3 spamed and the readout avoided!
4	1	G	40000	100000	0	0	0	0	0	0	0	0	0	0	2
4	1	A	40000	100000	0	0	0	0	0	0	0	0	0	0	1
4	1	B	40000	100000	0	0	0	0	0	0	0	0	0	0	1
4	2	G	40000	94712	5.288	2.4485	5288	4162	2	0	0	4154	1	5	4159
4	2	A	40000	95469	4.531	2.489	4531	2042	1	0	0	2035	1	5	2039
4	2	B	40000	95472	4.528	2.408	4528	2120	1	0	0	2119	0	0	2120
4	3	G	40000	19631	80.369	58.994	80369	34069	811	1	0	32522	134	601	32994
4	3	A	40000	23663	76.337	59.274	76337	17063	392	1	0	16246	1	423	16348
4	3	B	40000	24280	75.72	58.714	75720	17006	419	0	0	16276	133	178	16646
4	3	cSpy was 9 spamed and the readout avoided!
4	4	G	40000	5836	94.164	76.831	94164	22777	193	13	1	19998	2054	518	22391
4	4	A	40000	11399	88.601	77.478	88601	11123	74	9	1	9707	924	408	10869
4	4	B	40000	12162	87.838	76.184	87838	11654	119	4	0	10291	1130	110	11522
4	4	cSpy was 41 spamed and the readout avoided!
4	5	G	40000	100000	0	0	0	0	0	0	0	0	0	0	2
4	5	A	40000	100000	0	0	0	0	0	0	0	0	0	0	1
4	5	B	40000	100000	0	0	0	0	0	0	0	0	0	0	1
4	6	G	40000	100000	0	0	0	0	0	0	0	0	0	0	2
4	6	A	40000	100000	0	0	0	0	0	0	0	0	0	0	1
4	6	B	40000	100000	0	0	0	0	0	0	0	0	0	0	1
4	7	G	40000	40776	59.224	41.169	59224	28405	331	0	0	27772	18	284	27991
4	7	A	40000	44523	55.477	41.276	55477	14201	159	0	0	13831	1	210	13915
4	7	B	40000	44734	55.266	41.062	55266	14204	172	0	0	13941	17	74	14076
4	7	cSpy was 5 spamed and the readout avoided!
5	0	G	40000	523	99.477	56.152	99477	14087	146	0	0	12996	104	841	13536
5	0	A	40000	629	99.371	98.191	99371	1180	146	0	0	94	99	841	629
5	0	B	40000	72980	27.02	14.113	27020	12907	0	0	0	12902	5	0	12907
5	0	cSpy was 51 spamed and the readout avoided!
5	1	G	40000	57056	42.944	23.8375	42944	29094	59	0	0	28961	3	71	29043
5	1	A	40000	61654	38.346	23.964	38346	14382	28	0	0	14282	3	69	14337
5	1	B	40000	61577	38.423	23.711	38423	14712	31	0	0	14679	0	2	14706
5	1	cSpy was 1 spamed and the readout avoided!
5	2	G	40000	0	100	100	100000	200000	200000	200000	200000	200000	200000	200000	200002
5	2	A	40000	0	100	100	100000	100000	100000	100000	100000	100000	100000	100000	100001
5	2	B	40000	0	100	100	100000	100000	100000	100000	100000	100000	100000	100000	100001
5	3	G	40000	99256	0.743997	0	744	1488	0	0	0	1488	0	0	1490
5	3	A	40000	99256	0.743997	0	744	744	0	0	0	744	0	0	745
5	3	B	40000	99256	0.743997	0	744	744	0	0	0	744	0	0	745
5	4	G	40000	100000	0	0	0	0	0	0	0	0	0	0	2
5	4	A	40000	100000	0	0	0	0	0	0	0	0	0	0	1
5	4	B	40000	100000	0	0	0	0	0	0	0	0	0	0	1
5	5	G	40000	92417	7.583	1.6195	7583	10723	0	0	0	10722	0	1	10725
5	5	A	40000	92956	7.044	1.725	7044	5319	0	0	0	5318	0	1	5320
5	5	B	40000	93082	6.918	1.514	6918	5404	0	0	0	5404	0	0	5405
5	5	cSpy was 1 spamed and the readout avoided!
5	6	G	40000	1	99.999	97.6105	99999	2502	212	5	0	1188	946	151	2268
5	6	A	40000	4	99.996	99.967	99996	29	0	0	0	3	0	26	4
5	6	B	40000	2273	97.727	95.254	97727	2473	212	5	0	1185	946	125	2264
5	6	cSpy was 33 spamed and the readout avoided!
5	7	G	40000	35217	64.783	16.901	64783	61757	13	20	0	55081	6531	112	61702
5	7	A	40000	50844	49.156	18.28	49156	30876	13	20	0	26631	4100	112	30820
5	7	B	40000	53597	46.403	15.522	46403	30881	0	0	0	28450	2431	0	30882
5	7	cSpy was 3 spamed and the readout avoided!
6	0	G	40000	594	99.406	96.0295	99406	4271	340	3	0	2102	1167	659	3661
6	0	A	40000	1330	98.67	96.851	98670	1819	188	1	0	200	846	584	1330
6	0	B	40000	2340	97.66	95.208	97660	2452	152	2	0	1902	321	75	2331
6	0	cSpy was 55 spamed and the readout avoided!
6	1	G	40000	12096	87.904	52.273	87904	46233	6	0	0	41335	4521	371	46044
6	1	A	40000	23136	76.864	54.871	76864	21993	0	0	0	19257	2368	368	21805
6	1	B	40000	26085	73.915	49.675	73915	24240	6	0	0	22078	2153	3	24239
6	1	cSpy was 6 spamed and the readout avoided!
6	2	G	40000	100000	0	0	0	0	0	0	0	0	0	0	2
6	2	A	40000	100000	0	0	0	0	0	0	0	0	0	0	1
6	2	B	40000	100000	0	0	0	0	0	0	0	0	0	0	1
6	3	G	40000	100000	0	0	0	0	0	0	0	0	0	0	2
6	3	A	40000	100000	0	0	0	0	0	0	0	0	0	0	1
6	3	B	40000	100000	0	0	0	0	0	0	0	0	0	0	1
6	4	G	40000	20363	79.637	58.693	79637	34237	809	0	0	32671	155	602	33152
6	4	A	40000	23896	76.104	58.97	76104	17134	389	0	0	16321	0	424	16413
6	4	B	40000	24481	75.519	58.416	75519	17103	420	0	0	16350	155	178	16739
6	4	cSpy was 8 spamed and the readout avoided!
6	5	G	40000	7144	92.856	70.819	92856	28838	68	6	0	25885	2174	705	28451
6	5	A	40000	13907	86.093	72.286	86093	13807	5	1	0	12148	993	660	13481
6	5	B	40000	15617	84.383	69.352	84383	15031	63	5	0	13737	1181	45	14970
6	5	cSpy was 17 spamed and the readout avoided!
6	6	G	40000	100000	0	0	0	0	0	0	0	0	0	0	2
6	6	A	40000	100000	0	0	0	0	0	0	0	0	0	0	1
6	6	B	40000	100000	0	0	0	0	0	0	0	0	0	0	1
6	7	G	40000	100000	0	0	0	0	0	0	0	0	0	0	2
6	7	A	40000	100000	0	0	0	0	0	0	0	0	0	0	1
6	7	B	40000	100000	0	0	0	0	0	0	0	0	0	0	1
7	0	G	40000	2124	97.876	47.9155	97876	4495	214	0	0	3669	84	528	4020
7	0	A	40000	2167	97.833	95.225	97833	2608	214	0	0	1800	66	528	2132
7	0	B	40000	97507	2.493	0.606	2493	1887	0	0	0	1869	18	0	1888
7	0	cSpy was 2 spamed and the readout avoided!
7	1	G	40000	100000	0	0	0	0	0	0	0	0	0	0	2
7	1	A	40000	100000	0	0	0	0	0	0	0	0	0	0	1
7	1	B	40000	100000	0	0	0	0	0	0	0	0	0	0	1
7	2	G	40000	96617	3.383	0.4635	3383	5093	0	0	0	5057	32	4	5094
7	2	A	40000	96941	3.059	0.526	3059	2533	0	0	0	2501	28	4	2533
7	2	B	40000	97039	2.961	0.401	2961	2560	0	0	0	2556	4	0	2561
7	3	G	40000	0	100	100	100000	200000	200000	200000	200000	200000	200000	200000	200002
7	3	A	40000	0	100	100	100000	100000	100000	100000	100000	100000	100000	100000	100001
7	3	B	40000	0	100	100	100000	100000	100000	100000	100000	100000	100000	100000	100001
7	4	G	40000	63446	36.554	18.332	36554	26498	6	1	0	24139	2181	171	26426
7	4	A	40000	67584	32.416	19.244	32416	13172	1	0	0	11661	1344	166	13105
7	4	B	40000	69254	30.746	17.42	30746	13326	5	1	0	12478	837	5	13321
7	4	cSpy was 5 spamed and the readout avoided!
7	5	G	40000	100000	0	0	0	0	0	0	0	0	0	0	2
7	5	A	40000	100000	0	0	0	0	0	0	0	0	0	0	1
7	5	B	40000	100000	0	0	0	0	0	0	0	0	0	0	1
7	6	G	40000	99924	0.0760019	0.003	76	146	0	0	0	146	0	0	148
7	6	A	40000	99924	0.0760019	0.003	76	73	0	0	0	73	0	0	74
7	6	B	40000	99924	0.0760019	0.003	76	73	0	0	0	73	0	0	74
7	7	G	40000	42775	57.225	29.127	57225	40921	18	16	0	39361	1339	187	40842
7	7	A	40000	49799	50.201	29.734	50201	20467	13	16	0	19674	582	182	20392
7	7	B	40000	51026	48.974	28.52	48974	20454	5	0	0	19687	757	5	20450
7	7	cSpy was 8 spamed and the readout avoided!
