#the gain was set to: 2	the bias was set to: 30
#Sent triggers per delay setting: 100000	and with a frequency [Hz] of: 40000
#160MHz delay setting	400MHz delay setting	Frequency	correct transmitted H+T		error rate [%]	uncertainty [%]	bad or missed events	error count	missing headers	missing trailers	flipped H/T	event nr errors	tbm missed trigger	unknown errors	event nr resets
0	0	G	40000	415	99.585	73.0695	99585	18912	108	0	0	17872	260	672	18369
0	0	A	40000	620	99.38	98.22	99380	1160	96	0	0	182	220	662	620
0	0	B	40000	34329	65.671	47.919	65671	17752	12	0	0	17690	40	10	17749
0	0	cSpy was 21 spamed and the readout avoided!
0	1	G	40000	29111	70.889	49.654	70889	27396	148	0	0	26689	43	516	27260
0	1	A	40000	39171	60.829	48.967	60829	11862	77	0	0	11323	17	445	11762
0	1	B	40000	34125	65.875	50.341	65875	15534	71	0	0	15366	26	71	15498
0	2	G	40000	5066	94.934	78.097	94934	21567	103	2	0	18113	2995	354	21307
0	2	A	40000	10280	89.72	79.782	89720	9938	62	1	0	7880	1663	332	9710
0	2	B	40000	11959	88.041	76.412	88041	11629	41	1	0	10233	1332	22	11597
0	2	cSpy was 3 spamed and the readout avoided!
0	3	G	40000	100000	0	0	0	0	0	0	0	0	0	0	2
0	3	A	40000	100000	0	0	0	0	0	0	0	0	0	0	1
0	3	B	40000	100000	0	0	0	0	0	0	0	0	0	0	1
0	4	G	40000	99937	0.0630021	0.007	63	103	0	0	0	103	0	0	105
0	4	A	40000	99946	0.0540018	0.007	54	47	0	0	0	47	0	0	48
0	4	B	40000	99937	0.0630021	0.007	63	56	0	0	0	56	0	0	57
0	5	G	40000	37087	62.913	38.498	62913	32516	28	0	0	31958	164	366	32439
0	5	A	40000	47302	52.698	37.854	52698	14844	16	0	0	14394	77	357	14774
0	5	B	40000	43186	56.814	39.142	56814	17672	12	0	0	17564	87	9	17665
0	6	G	40000	2268	97.732	88.117	97732	11890	235	5	0	9102	2159	389	11511
0	6	A	40000	4632	95.368	90.664	95368	4704	103	0	0	3328	936	337	4428
0	6	B	40000	7244	92.756	85.57	92756	7186	132	5	0	5774	1223	52	7083
0	6	cSpy was 16 spamed and the readout avoided!
0	7	G	40000	71145	28.855	10.901	28855	20930	3	0	0	17953	2963	11	20924
0	7	A	40000	81686	18.314	4.953	18314	13361	0	0	0	10882	2471	8	13357
0	7	B	40000	75582	24.418	16.849	24418	7569	3	0	0	7071	492	3	7567
1	0	G	40000	378	99.622	96.905	99622	3276	212	1	0	2111	548	404	2884
1	0	A	40000	1617	98.383	96.47	98383	1913	159	1	0	1202	209	342	1591
1	0	B	40000	1297	98.703	97.34	98703	1363	53	0	0	909	339	62	1293
1	0	cSpy was 17 spamed and the readout avoided!
1	1	G	40000	71494	28.506	16.364	28506	14980	17	0	0	12764	2178	21	14961
1	1	A	40000	78051	21.949	12.768	21949	9181	1	0	0	7601	1564	15	9175
1	1	B	40000	74241	25.759	19.96	25759	5799	16	0	0	5163	614	6	5786
1	2	G	40000	100000	0	0	0	0	0	0	0	0	0	0	2
1	2	A	40000	100000	0	0	0	0	0	0	0	0	0	0	1
1	2	B	40000	100000	0	0	0	0	0	0	0	0	0	0	1
1	3	G	40000	95543	4.457	0.9385	4457	5700	0	0	0	5674	20	6	5702
1	3	A	40000	96417	3.583	0.806	3583	2777	0	0	0	2762	9	6	2778
1	3	B	40000	96006	3.994	1.071	3994	2923	0	0	0	2912	11	0	2924
1	4	G	40000	606	99.394	96.6325	99394	3496	232	1	0	1912	1122	229	3190
1	4	A	40000	2049	97.951	95.814	97951	2137	80	0	0	1065	897	95	2006
1	4	B	40000	1190	98.81	97.451	98810	1359	152	1	0	847	225	134	1184
1	4	cSpy was 28 spamed and the readout avoided!
1	5	G	40000	42522	57.478	26.536	57478	30821	44	0	0	26960	3737	80	30738
1	5	A	40000	63007	36.993	20.501	36993	16492	2	0	0	14305	2148	37	16462
1	5	B	40000	53100	46.9	32.571	46900	14329	42	0	0	12655	1589	43	14276
1	5	cSpy was 8 spamed and the readout avoided!
1	6	G	40000	100000	0	0	0	0	0	0	0	0	0	0	2
1	6	A	40000	100000	0	0	0	0	0	0	0	0	0	0	1
1	6	B	40000	100000	0	0	0	0	0	0	0	0	0	0	1
1	7	G	40000	100000	0	0	0	0	0	0	0	0	0	0	2
1	7	A	40000	100000	0	0	0	0	0	0	0	0	0	0	1
1	7	B	40000	100000	0	0	0	0	0	0	0	0	0	0	1
2	0	G	40000	2058	97.942	48.7575	97942	4090	57	0	0	3830	123	80	3994
2	0	A	40000	2104	97.896	95.719	97896	2177	57	0	0	1918	122	80	2080
2	0	B	40000	96291	3.709	1.796	3709	1913	0	0	0	1912	1	0	1914
2	0	cSpy was 1 spamed and the readout avoided!
2	1	G	40000	100000	0	0	0	0	0	0	0	0	0	0	2
2	1	A	40000	100000	0	0	0	0	0	0	0	0	0	0	1
2	1	B	40000	100000	0	0	0	0	0	0	0	0	0	0	1
2	2	G	40000	24270	75.73	52.291	75730	28207	760	12	0	25151	1532	752	27486
2	2	A	40000	37261	62.739	49.723	62739	13016	386	7	0	10609	1518	496	12602
2	2	B	40000	29950	70.05	54.859	70050	15191	374	5	0	14542	14	256	14884
2	3	G	40000	5327	94.673	70.6335	94673	28509	75	4	0	24107	4143	180	28371
2	3	A	40000	19332	80.668	62.499	80668	18169	6	0	0	14993	3029	141	18091
2	3	B	40000	10892	89.108	78.768	89108	10340	69	4	0	9114	1114	39	10280
2	3	cSpy was 11 spamed and the readout avoided!
2	4	G	40000	100000	0	0	0	0	0	0	0	0	0	0	2
2	4	A	40000	100000	0	0	0	0	0	0	0	0	0	0	1
2	4	B	40000	100000	0	0	0	0	0	0	0	0	0	0	1
2	5	G	40000	99987	0.0129998	0.001	13	24	0	0	0	24	0	0	26
2	5	A	40000	99987	0.0129998	0.001	13	12	0	0	0	12	0	0	13
2	5	B	40000	99987	0.0129998	0.001	13	12	0	0	0	12	0	0	13
2	6	G	40000	38916	61.084	31.7415	61084	34618	21	0	0	33032	1327	238	34573
2	6	A	40000	54022	45.978	29.253	45978	16725	12	0	0	15314	1168	231	16685
2	6	B	40000	47877	52.123	34.23	52123	17893	9	0	0	17718	159	7	17888
2	7	G	40000	0	100	100	100000	200000	200000	200000	200000	200000	200000	200000	200002
2	7	A	40000	0	100	100	100000	100000	100000	100000	100000	100000	100000	100000	100001
2	7	B	40000	0	100	100	100000	100000	100000	100000	100000	100000	100000	100000	100001
3	0	G	40000	854	99.146	70.69	99146	20142	215	0	0	18901	363	663	19597
3	0	A	40000	1340	98.66	96.808	98660	1852	186	0	0	983	32	651	1321
3	0	B	40000	37138	62.862	44.572	62862	18290	29	0	0	17918	331	12	18276
3	0	cSpy was 9 spamed and the readout avoided!
3	1	G	40000	0	100	100	100000	200000	200000	200000	200000	200000	200000	200000	200002
3	1	A	40000	0	100	100	100000	100000	100000	100000	100000	100000	100000	100000	100001
3	1	B	40000	0	100	100	100000	100000	100000	100000	100000	100000	100000	100000	100001
3	2	G	40000	98325	1.675	0.018	1675	3309	0	0	0	3307	2	0	3311
3	2	A	40000	98326	1.674	0.018	1674	1656	0	0	0	1654	2	0	1657
3	2	B	40000	98329	1.671	0.018	1671	1653	0	0	0	1653	0	0	1654
3	3	G	40000	100000	0	0	0	0	0	0	0	0	0	0	2
3	3	A	40000	100000	0	0	0	0	0	0	0	0	0	0	1
3	3	B	40000	100000	0	0	0	0	0	0	0	0	0	0	1
3	4	G	40000	96456	3.544	0.4365	3544	5983	0	0	0	5979	3	1	5985
3	4	A	40000	96598	3.402	0.405	3402	2997	0	0	0	2993	3	1	2998
3	4	B	40000	96546	3.454	0.468	3454	2986	0	0	0	2986	0	0	2987
3	5	G	40000	0	100	100	100000	200000	200000	200000	200000	200000	200000	200000	200002
3	5	A	40000	0	100	100	100000	100000	100000	100000	100000	100000	100000	100000	100001
3	5	B	40000	0	100	100	100000	100000	100000	100000	100000	100000	100000	100000	100001
3	6	G	40000	43403	56.597	13.94	56597	57066	11	7	0	52231	4784	33	57053
3	6	A	40000	57455	42.545	13.658	42545	28887	9	0	0	25060	3791	27	28881
3	6	B	40000	57599	42.401	14.222	42401	28179	2	7	0	27171	993	6	28172
3	6	cSpy was 9 spamed and the readout avoided!
3	7	G	40000	100000	0	0	0	0	0	0	0	0	0	0	2
3	7	A	40000	100000	0	0	0	0	0	0	0	0	0	0	1
3	7	B	40000	100000	0	0	0	0	0	0	0	0	0	0	1
4	0	G	40000	1115	98.885	78.939	98885	18730	339	8	1	15853	2109	420	18249
4	0	A	40000	2209	97.791	95.214	97791	2577	192	3	1	1345	675	361	2206
4	0	B	40000	21183	78.817	62.664	78817	16153	147	5	0	14508	1434	59	16043
4	0	cSpy was 41 spamed and the readout avoided!
4	1	G	40000	100000	0	0	0	0	0	0	0	0	0	0	2
4	1	A	40000	100000	0	0	0	0	0	0	0	0	0	0	1
4	1	B	40000	100000	0	0	0	0	0	0	0	0	0	0	1
4	2	G	40000	100000	0	0	0	0	0	0	0	0	0	0	2
4	2	A	40000	100000	0	0	0	0	0	0	0	0	0	0	1
4	2	B	40000	100000	0	0	0	0	0	0	0	0	0	0	1
4	3	G	40000	20419	79.581	58.695	79581	34263	820	2	0	32683	151	607	33165
4	3	A	40000	23879	76.121	58.968	76121	17153	394	1	0	16323	5	430	16424
4	3	B	40000	24468	75.532	58.422	75532	17110	426	1	0	16360	146	177	16741
4	3	cSpy was 23 spamed and the readout avoided!
4	4	G	40000	0	100	100	100000	200000	200000	200000	200000	200000	200000	200000	200002
4	4	A	40000	0	100	100	100000	100000	100000	100000	100000	100000	100000	100000	100001
4	4	B	40000	0	100	100	100000	100000	100000	100000	100000	100000	100000	100000	100001
4	5	G	40000	100000	0	0	0	0	0	0	0	0	0	0	2
4	5	A	40000	100000	0	0	0	0	0	0	0	0	0	0	1
4	5	B	40000	100000	0	0	0	0	0	0	0	0	0	0	1
4	6	G	40000	100000	0	0	0	0	0	0	0	0	0	0	2
4	6	A	40000	100000	0	0	0	0	0	0	0	0	0	0	1
4	6	B	40000	100000	0	0	0	0	0	0	0	0	0	0	1
4	7	G	40000	60910	39.09	21.039	39090	27939	43	0	0	27833	5	58	27904
4	7	A	40000	65013	34.987	21.155	34987	13832	21	0	0	13755	4	52	13804
4	7	B	40000	64970	35.03	20.923	35030	14107	22	0	0	14078	1	6	14100
4	7	cSpy was 1 spamed and the readout avoided!
5	0	G	40000	478	99.522	57.6155	99522	15509	144	0	0	14411	120	834	14950
5	0	A	40000	595	99.405	98.251	99405	1154	144	0	0	64	112	834	594
5	0	B	40000	68665	31.335	16.98	31335	14355	0	0	0	14347	8	0	14356
5	0	cSpy was 61 spamed and the readout avoided!
5	1	G	40000	71815	28.185	13.7035	28185	22460	21	2	0	22386	3	48	22436
5	1	A	40000	75057	24.943	13.848	24943	11095	10	1	0	11037	3	44	11076
5	1	B	40000	75076	24.924	13.559	24924	11365	11	1	0	11349	0	4	11360
5	1	cSpy was 1 spamed and the readout avoided!
5	2	G	40000	0	100	100	100000	200000	200000	200000	200000	200000	200000	200000	200002
5	2	A	40000	0	100	100	100000	100000	100000	100000	100000	100000	100000	100000	100001
5	2	B	40000	0	100	100	100000	100000	100000	100000	100000	100000	100000	100000	100001
5	3	G	40000	91598	8.402	0.686	8402	14160	0	0	0	13127	1029	4	14161
5	3	A	40000	91687	8.313	0.686	8313	7627	0	0	0	6665	958	4	7627
5	3	B	40000	92781	7.219	0.686	7219	6533	0	0	0	6462	71	0	6534
5	4	G	40000	100000	0	0	0	0	0	0	0	0	0	0	2
5	4	A	40000	100000	0	0	0	0	0	0	0	0	0	0	1
5	4	B	40000	100000	0	0	0	0	0	0	0	0	0	0	1
5	5	G	40000	99043	0.957	0.052	957	1770	0	0	0	1770	0	0	1772
5	5	A	40000	99054	0.945997	0.061	946	885	0	0	0	885	0	0	886
5	5	B	40000	99072	0.928003	0.043	928	885	0	0	0	885	0	0	886
5	6	G	40000	4839	95.161	88.3845	95161	10024	328	0	0	8998	331	367	9549
5	6	A	40000	5777	94.223	90.004	94223	4219	78	0	0	3904	11	226	3984
5	6	B	40000	7430	92.57	86.765	92570	5805	250	0	0	5094	320	141	5565
5	6	cSpy was 83 spamed and the readout avoided!
5	7	G	40000	13483	86.517	48.529	86517	49306	2	0	0	43907	5107	290	49162
5	7	A	40000	25284	74.716	51.291	74716	23425	0	0	0	20282	2854	289	23284
5	7	B	40000	28352	71.648	45.767	71648	25881	2	0	0	23625	2253	1	25878
5	7	cSpy was 4 spamed and the readout avoided!
6	0	G	40000	0	100	100	100000	200000	200000	200000	200000	200000	200000	200000	200002
6	0	A	40000	0	100	100	100000	100000	100000	100000	100000	100000	100000	100000	100001
6	0	B	40000	0	100	100	100000	100000	100000	100000	100000	100000	100000	100000	100001
6	1	G	40000	5423	94.577	78.488	94577	21374	104	9	0	18996	1495	770	20934
6	1	A	40000	10122	89.878	79.672	89878	10206	11	1	0	8843	671	680	9861
6	1	B	40000	11528	88.472	77.304	88472	11168	93	8	0	10153	824	90	11073
6	1	cSpy was 19 spamed and the readout avoided!
6	2	G	40000	100000	0	0	0	0	0	0	0	0	0	0	2
6	2	A	40000	100000	0	0	0	0	0	0	0	0	0	0	1
6	2	B	40000	100000	0	0	0	0	0	0	0	0	0	0	1
6	3	G	40000	100000	0	0	0	0	0	0	0	0	0	0	2
6	3	A	40000	100000	0	0	0	0	0	0	0	0	0	0	1
6	3	B	40000	100000	0	0	0	0	0	0	0	0	0	0	1
6	4	G	40000	20543	79.457	58.651	79457	34234	802	0	0	32686	154	592	33171
6	4	A	40000	23942	76.058	58.943	76058	17115	385	0	0	16310	0	420	16404
6	4	B	40000	24522	75.478	58.359	75478	17119	417	0	0	16376	154	172	16767
6	4	cSpy was 8 spamed and the readout avoided!
6	5	G	40000	344	99.656	96.836	99656	3519	223	1	0	2251	125	919	2766
6	5	A	40000	964	99.036	97.566	99036	1470	29	0	0	663	36	742	947
6	5	B	40000	1845	98.155	96.106	98155	2049	194	1	0	1588	89	177	1819
6	5	cSpy was 95 spamed and the readout avoided!
6	6	G	40000	100000	0	0	0	0	0	0	0	0	0	0	2
6	6	A	40000	100000	0	0	0	0	0	0	0	0	0	0	1
6	6	B	40000	100000	0	0	0	0	0	0	0	0	0	0	1
6	7	G	40000	100000	0	0	0	0	0	0	0	0	0	0	2
6	7	A	40000	100000	0	0	0	0	0	0	0	0	0	0	1
6	7	B	40000	100000	0	0	0	0	0	0	0	0	0	0	1
7	0	G	40000	1811	98.189	48.191	98189	4610	235	0	0	3697	77	601	4059
7	0	A	40000	1851	98.149	95.766	98149	2383	235	0	0	1473	74	601	1831
7	0	B	40000	97157	2.843	0.616	2843	2227	0	0	0	2224	3	0	2228
7	0	cSpy was 4 spamed and the readout avoided!
7	1	G	40000	100000	0	0	0	0	0	0	0	0	0	0	2
7	1	A	40000	100000	0	0	0	0	0	0	0	0	0	0	1
7	1	B	40000	100000	0	0	0	0	0	0	0	0	0	0	1
7	2	G	40000	99742	0.257999	0.0055	258	502	0	0	0	501	1	0	504
7	2	A	40000	99742	0.257999	0.007	258	251	0	0	0	250	1	0	252
7	2	B	40000	99745	0.255001	0.004	255	251	0	0	0	251	0	0	252
7	3	G	40000	15073	84.927	67.3	84927	23575	83	9	0	21886	1163	434	23268
7	3	A	40000	20099	79.901	68.552	79901	11349	13	9	0	10641	382	304	11160
7	3	B	40000	21726	78.274	66.048	78274	12226	70	0	0	11245	781	130	12108
7	3	cSpy was 67 spamed and the readout avoided!
7	4	G	40000	32129	67.871	16.715	67871	65934	21	24	0	58462	7293	134	65863
7	4	A	40000	49049	50.951	18.405	50951	32546	21	24	0	27941	4426	134	32475
7	4	B	40000	51587	48.413	15.025	48413	33388	0	0	0	30521	2867	0	33388
7	4	cSpy was 1 spamed and the readout avoided!
7	5	G	40000	100000	0	0	0	0	0	0	0	0	0	0	2
7	5	A	40000	100000	0	0	0	0	0	0	0	0	0	0	1
7	5	B	40000	100000	0	0	0	0	0	0	0	0	0	0	1
7	6	G	40000	100000	0	0	0	0	0	0	0	0	0	0	2
7	6	A	40000	100000	0	0	0	0	0	0	0	0	0	0	1
7	6	B	40000	100000	0	0	0	0	0	0	0	0	0	0	1
7	7	G	40000	65078	34.922	13.8905	34922	27816	19	146	0	27262	284	105	27760
7	7	A	40000	71148	28.852	14.807	28852	14045	19	146	0	13702	74	104	13989
7	7	B	40000	73255	26.745	12.974	26745	13771	0	0	0	13560	210	1	13771
7	7	cSpy was 8 spamed and the readout avoided!
