#the gain was set to: 2	the bias was set to: 30
#Sent triggers per delay setting: 100000	and with a frequency [Hz] of: 40000
#160MHz delay setting	400MHz delay setting	Frequency	correct transmitted H+T		error rate [%]	uncertainty [%]	bad or missed events	error count	missing headers	missing trailers	flipped H/T	event nr errors	tbm missed trigger	unknown errors	event nr resets
0	0	G	40000	442	99.558	70.8055	99558	19303	114	0	0	18247	334	608	18783
0	0	A	40000	663	99.337	98.164	99337	1173	97	0	0	196	284	596	663
0	0	B	40000	38423	61.577	43.447	61577	18130	17	0	0	18051	50	12	18120
0	0	cSpy was 31 spamed and the readout avoided!
0	1	G	40000	25978	74.022	54.076	74022	26085	536	0	0	24828	3	718	25617
0	1	A	40000	35630	64.37	53.548	64370	10822	269	0	0	10047	1	505	10555
0	1	B	40000	30133	69.867	54.604	69867	15263	267	0	0	14781	2	213	15062
0	2	G	40000	5716	94.284	75.8915	94284	23680	59	0	0	20146	3178	297	23484
0	2	A	40000	11958	88.042	76.592	88042	11450	37	0	0	9293	1833	287	11268
0	2	B	40000	12579	87.421	75.191	87421	12230	22	0	0	10853	1345	10	12216
0	3	G	40000	100000	0	0	0	0	0	0	0	0	0	0	2
0	3	A	40000	100000	0	0	0	0	0	0	0	0	0	0	1
0	3	B	40000	100000	0	0	0	0	0	0	0	0	0	0	1
0	4	G	40000	99997	0.00299811	0	3	5	0	0	0	5	0	0	7
0	4	A	40000	99998	0.00200272	0	2	2	0	0	0	2	0	0	3
0	4	B	40000	99997	0.00299811	0	3	3	0	0	0	3	0	0	4
0	5	G	40000	48552	51.448	31.5105	51448	27206	19	0	0	26804	100	283	27149
0	5	A	40000	56587	43.413	30.991	43413	12422	10	0	0	12094	44	274	12370
0	5	B	40000	53186	46.814	32.03	46814	14784	9	0	0	14710	56	9	14779
0	6	G	40000	0	100	100	100000	200000	200000	200000	200000	200000	200000	200000	200002
0	6	A	40000	0	100	100	100000	100000	100000	100000	100000	100000	100000	100000	100001
0	6	B	40000	0	100	100	100000	100000	100000	100000	100000	100000	100000	100000	100001
0	7	G	40000	99435	0.564998	0.158	565	814	0	0	0	814	0	0	816
0	7	A	40000	99435	0.564998	0.158	565	407	0	0	0	407	0	0	408
0	7	B	40000	99435	0.564998	0.158	565	407	0	0	0	407	0	0	408
1	0	G	40000	309	99.691	97.1795	99691	2958	194	5	0	2209	226	324	2640
1	0	A	40000	2025	97.975	95.716	97975	2259	177	4	0	1635	168	275	1982
1	0	B	40000	658	99.342	98.643	99342	699	17	1	0	574	58	49	658
1	0	cSpy was 21 spamed and the readout avoided!
1	1	G	40000	99666	0.334001	0.001	334	666	0	0	0	666	0	0	668
1	1	A	40000	99666	0.334001	0.001	334	333	0	0	0	333	0	0	334
1	1	B	40000	99666	0.334001	0.001	334	333	0	0	0	333	0	0	334
1	2	G	40000	100000	0	0	0	0	0	0	0	0	0	0	2
1	2	A	40000	100000	0	0	0	0	0	0	0	0	0	0	1
1	2	B	40000	100000	0	0	0	0	0	0	0	0	0	0	1
1	3	G	40000	92754	7.246	1.8555	7246	9272	0	0	0	9248	11	13	9274
1	3	A	40000	93840	6.16	1.755	6160	4405	0	0	0	4381	11	13	4406
1	3	B	40000	93177	6.823	1.956	6823	4867	0	0	0	4867	0	0	4868
1	4	G	40000	809	99.191	95.2255	99191	4997	402	6	0	3009	1172	408	4461
1	4	A	40000	2855	97.145	94.2	97145	2945	110	0	0	1724	973	138	2774
1	4	B	40000	1697	98.303	96.251	98303	2052	292	6	0	1285	199	270	1687
1	4	cSpy was 48 spamed and the readout avoided!
1	5	G	40000	80789	19.211	3.7695	19211	16069	0	0	0	14395	1665	9	16071
1	5	A	40000	90193	9.807	1.847	9807	7960	0	0	0	7266	685	9	7961
1	5	B	40000	86199	13.801	5.692	13801	8109	0	0	0	7129	980	0	8110
1	6	G	40000	100000	0	0	0	0	0	0	0	0	0	0	2
1	6	A	40000	100000	0	0	0	0	0	0	0	0	0	0	1
1	6	B	40000	100000	0	0	0	0	0	0	0	0	0	0	1
1	7	G	40000	99973	0.0270009	0	27	54	0	0	0	54	0	0	56
1	7	A	40000	99973	0.0270009	0	27	27	0	0	0	27	0	0	28
1	7	B	40000	99973	0.0270009	0	27	27	0	0	0	27	0	0	28
2	0	G	40000	2521	97.479	48.0845	97479	4011	46	1	0	3782	114	68	3925
2	0	A	40000	2559	97.441	94.847	97441	2594	46	1	0	2365	114	68	2507
2	0	B	40000	97261	2.739	1.322	2739	1417	0	0	0	1417	0	0	1418
2	1	G	40000	99411	0.589001	0.1665	589	781	0	0	0	780	0	1	783
2	1	A	40000	99459	0.541002	0.163	541	378	0	0	0	377	0	1	379
2	1	B	40000	99427	0.572997	0.17	573	403	0	0	0	403	0	0	404
2	2	G	40000	26614	73.386	52.13	73386	26211	848	0	0	23275	1373	715	25489
2	2	A	40000	38036	61.964	50.271	61964	11693	471	0	0	10172	581	469	11248
2	2	B	40000	31493	68.507	53.989	68507	14518	377	0	0	13103	792	246	14241
2	3	G	40000	6142	93.858	69.9425	93858	28416	144	1	0	24935	3119	217	28190
2	3	A	40000	19573	80.427	62.465	80427	17962	13	0	0	15648	2199	102	17885
2	3	B	40000	12126	87.874	77.42	87874	10454	131	1	0	9287	920	115	10305
2	3	cSpy was 58 spamed and the readout avoided!
2	4	G	40000	100000	0	0	0	0	0	0	0	0	0	0	2
2	4	A	40000	100000	0	0	0	0	0	0	0	0	0	0	1
2	4	B	40000	100000	0	0	0	0	0	0	0	0	0	0	1
2	5	G	40000	99919	0.0810027	0.002	81	157	0	0	0	157	0	0	159
2	5	A	40000	99920	0.0800014	0.002	80	78	0	0	0	78	0	0	79
2	5	B	40000	99919	0.0810027	0.002	81	79	0	0	0	79	0	0	80
2	6	G	40000	45976	54.024	34.997	54024	22994	114	0	0	21881	670	329	22905
2	6	A	40000	56313	43.687	33.398	43687	10289	76	0	0	9352	557	304	10211
2	6	B	40000	50699	49.301	36.596	49301	12705	38	0	0	12529	113	25	12694
2	7	G	40000	0	100	100	100000	200000	200000	200000	200000	200000	200000	200000	200002
2	7	A	40000	0	100	100	100000	100000	100000	100000	100000	100000	100000	100000	100001
2	7	B	40000	0	100	100	100000	100000	100000	100000	100000	100000	100000	100000	100001
3	0	G	40000	1170	98.83	69.9455	98830	15336	267	4	1	14139	299	627	14781
3	0	A	40000	1665	98.335	96.185	98335	2150	208	1	0	1313	30	598	1642
3	0	B	40000	43108	56.892	43.706	56892	13186	59	3	1	12826	269	29	13139
3	0	cSpy was 18 spamed and the readout avoided!
3	1	G	40000	0	100	100	100000	200000	200000	200000	200000	200000	200000	200000	200002
3	1	A	40000	0	100	100	100000	100000	100000	100000	100000	100000	100000	100000	100001
3	1	B	40000	0	100	100	100000	100000	100000	100000	100000	100000	100000	100000	100001
3	2	G	40000	99960	0.0400007	0	40	80	0	0	0	80	0	0	82
3	2	A	40000	99960	0.0400007	0	40	40	0	0	0	40	0	0	41
3	2	B	40000	99960	0.0400007	0	40	40	0	0	0	40	0	0	41
3	3	G	40000	100000	0	0	0	0	0	0	0	0	0	0	2
3	3	A	40000	100000	0	0	0	0	0	0	0	0	0	0	1
3	3	B	40000	100000	0	0	0	0	0	0	0	0	0	0	1
3	4	G	40000	82188	17.812	5.739	17812	20044	2	0	0	19980	50	12	20045
3	4	A	40000	84368	15.632	5.516	15632	10116	1	0	0	10072	31	12	10116
3	4	B	40000	84110	15.89	5.962	15890	9928	1	0	0	9908	19	0	9929
3	5	G	40000	0	100	100	100000	200000	200000	200000	200000	200000	200000	200000	200002
3	5	A	40000	0	100	100	100000	100000	100000	100000	100000	100000	100000	100000	100001
3	5	B	40000	0	100	100	100000	100000	100000	100000	100000	100000	100000	100000	100001
3	6	G	40000	82066	17.934	4.4295	17934	23991	12	11	0	22831	1120	17	23983
3	6	A	40000	83004	16.996	4.409	16996	12587	1	0	0	11498	1081	7	12587
3	6	B	40000	84146	15.854	4.45	15854	11404	11	11	0	11333	39	10	11396
3	6	cSpy was 2 spamed and the readout avoided!
3	7	G	40000	100000	0	0	0	0	0	0	0	0	0	0	2
3	7	A	40000	100000	0	0	0	0	0	0	0	0	0	0	1
3	7	B	40000	100000	0	0	0	0	0	0	0	0	0	0	1
4	0	G	40000	1131	98.869	54.8265	98869	25501	155	6	0	23712	1309	319	25159
4	0	A	40000	1521	98.479	96.623	98479	1856	152	0	0	922	466	316	1515
4	0	B	40000	63325	36.675	13.03	36675	23645	3	6	0	22790	843	3	23644
4	0	cSpy was 3 spamed and the readout avoided!
4	1	G	40000	100000	0	0	0	0	0	0	0	0	0	0	2
4	1	A	40000	100000	0	0	0	0	0	0	0	0	0	0	1
4	1	B	40000	100000	0	0	0	0	0	0	0	0	0	0	1
4	2	G	40000	99898	0.102001	0.0515	102	74	0	0	0	74	0	0	76
4	2	A	40000	99911	0.0890017	0.052	89	37	0	0	0	37	0	0	38
4	2	B	40000	99912	0.0880003	0.051	88	37	0	0	0	37	0	0	38
4	3	G	40000	19921	80.079	58.904	80079	34187	825	3	0	32588	143	628	33065
4	3	A	40000	23709	76.291	59.162	76291	17129	397	1	0	16277	10	444	16386
4	3	B	40000	24296	75.704	58.646	75704	17058	428	2	0	16311	133	184	16679
4	3	cSpy was 31 spamed and the readout avoided!
4	4	G	40000	0	100	100	100000	200000	200000	200000	200000	200000	200000	200000	200002
4	4	A	40000	0	100	100	100000	100000	100000	100000	100000	100000	100000	100000	100001
4	4	B	40000	0	100	100	100000	100000	100000	100000	100000	100000	100000	100000	100001
4	5	G	40000	100000	0	0	0	0	0	0	0	0	0	0	2
4	5	A	40000	100000	0	0	0	0	0	0	0	0	0	0	1
4	5	B	40000	100000	0	0	0	0	0	0	0	0	0	0	1
4	6	G	40000	100000	0	0	0	0	0	0	0	0	0	0	2
4	6	A	40000	100000	0	0	0	0	0	0	0	0	0	0	1
4	6	B	40000	100000	0	0	0	0	0	0	0	0	0	0	1
4	7	G	40000	34984	65.016	46.0985	65016	30293	388	0	0	29514	54	337	29769
4	7	A	40000	38603	61.397	46.258	61397	15139	185	0	0	14707	2	245	14781
4	7	B	40000	38907	61.093	45.939	61093	15154	203	0	0	14807	52	92	14988
4	7	cSpy was 6 spamed and the readout avoided!
5	0	G	40000	496	99.504	56.379	99504	14317	145	0	0	13213	119	840	13770
5	0	A	40000	620	99.38	98.212	99380	1168	145	0	0	71	112	840	620
5	0	B	40000	72305	27.695	14.546	27695	13149	0	0	0	13142	7	0	13150
5	0	cSpy was 73 spamed and the readout avoided!
5	1	G	40000	55766	44.234	25.099	44234	29590	62	0	0	29431	1	96	29529
5	1	A	40000	60140	39.86	25.209	39860	14651	30	0	0	14530	1	90	14599
5	1	B	40000	60072	39.928	24.989	39928	14939	32	0	0	14901	0	6	14930
5	1	cSpy was 3 spamed and the readout avoided!
5	2	G	40000	0	100	100	100000	200000	200000	200000	200000	200000	200000	200000	200002
5	2	A	40000	0	100	100	100000	100000	100000	100000	100000	100000	100000	100000	100001
5	2	B	40000	0	100	100	100000	100000	100000	100000	100000	100000	100000	100000	100001
5	3	G	40000	99361	0.638998	0	639	1277	0	0	0	1276	1	0	1279
5	3	A	40000	99361	0.638998	0	639	639	0	0	0	638	1	0	640
5	3	B	40000	99362	0.638002	0	638	638	0	0	0	638	0	0	639
5	4	G	40000	100000	0	0	0	0	0	0	0	0	0	0	2
5	4	A	40000	100000	0	0	0	0	0	0	0	0	0	0	1
5	4	B	40000	100000	0	0	0	0	0	0	0	0	0	0	1
5	5	G	40000	90676	9.324	2.1315	9324	12426	0	0	0	12425	0	1	12428
5	5	A	40000	91564	8.436	2.271	8436	6165	0	0	0	6164	0	1	6166
5	5	B	40000	91747	8.253	1.992	8253	6261	0	0	0	6261	0	0	6262
5	6	G	40000	0	100	97.685	100000	2416	192	0	0	1018	1072	134	2211
5	6	A	40000	3	99.997	99.952	99997	45	0	0	0	0	1	44	3
5	6	B	40000	2211	97.789	95.418	97789	2371	192	0	0	1018	1071	90	2208
5	6	cSpy was 39 spamed and the readout avoided!
5	7	G	40000	40561	59.439	16.267	59439	57213	8	8	0	51195	5900	102	57172
5	7	A	40000	53625	46.375	17.195	46375	29180	8	8	0	25180	3883	101	29139
5	7	B	40000	56628	43.372	15.339	43372	28033	0	0	0	26015	2017	1	28033
5	7	cSpy was 2 spamed and the readout avoided!
6	0	G	40000	561	99.439	95.7525	99439	4559	346	4	0	2298	1219	692	3924
6	0	A	40000	1362	98.638	96.779	98638	1859	179	0	0	168	880	632	1362
6	0	B	40000	2574	97.426	94.726	97426	2700	167	4	0	2130	339	60	2562
6	0	cSpy was 56 spamed and the readout avoided!
6	1	G	40000	13326	86.674	46.7405	86674	51416	14	0	0	45882	5165	355	51238
6	1	A	40000	25962	74.038	49.588	74038	24450	4	0	0	21339	2759	348	24279
6	1	B	40000	29141	70.859	43.893	70859	26966	10	0	0	24543	2406	7	26959
6	1	cSpy was 6 spamed and the readout avoided!
6	2	G	40000	100000	0	0	0	0	0	0	0	0	0	0	2
6	2	A	40000	100000	0	0	0	0	0	0	0	0	0	0	1
6	2	B	40000	100000	0	0	0	0	0	0	0	0	0	0	1
6	3	G	40000	100000	0	0	0	0	0	0	0	0	0	0	2
6	3	A	40000	100000	0	0	0	0	0	0	0	0	0	0	1
6	3	B	40000	100000	0	0	0	0	0	0	0	0	0	0	1
6	4	G	40000	18854	81.146	59.434	81146	33708	787	0	0	32185	136	600	32654
6	4	A	40000	23381	76.619	59.77	76619	16849	389	0	0	16022	5	433	16141
6	4	B	40000	24043	75.957	59.098	75957	16859	398	0	0	16163	131	167	16513
6	4	cSpy was 9 spamed and the readout avoided!
6	5	G	40000	6272	93.728	87.343	93728	8537	154	7	1	6888	505	982	7751
6	5	A	40000	7928	92.072	87.985	92072	4087	25	1	0	3010	229	822	3480
6	5	B	40000	8849	91.151	86.701	91151	4450	129	6	1	3878	276	160	4271
6	5	cSpy was 35 spamed and the readout avoided!
6	6	G	40000	100000	0	0	0	0	0	0	0	0	0	0	2
6	6	A	40000	100000	0	0	0	0	0	0	0	0	0	0	1
6	6	B	40000	100000	0	0	0	0	0	0	0	0	0	0	1
6	7	G	40000	100000	0	0	0	0	0	0	0	0	0	0	2
6	7	A	40000	100000	0	0	0	0	0	0	0	0	0	0	1
6	7	B	40000	100000	0	0	0	0	0	0	0	0	0	0	1
7	0	G	40000	2078	97.922	48.1695	97922	8864	207	0	0	7983	129	545	8381
7	0	A	40000	2223	97.777	95.103	97777	2674	207	0	0	1859	63	545	2190
7	0	B	40000	92574	7.426	1.236	7426	6190	0	0	0	6124	66	0	6191
7	0	cSpy was 5 spamed and the readout avoided!
7	1	G	40000	100000	0	0	0	0	0	0	0	0	0	0	2
7	1	A	40000	100000	0	0	0	0	0	0	0	0	0	0	1
7	1	B	40000	100000	0	0	0	0	0	0	0	0	0	0	1
7	2	G	40000	93620	6.38	1.442	6380	7450	4	5	0	7366	59	16	7450
7	2	A	40000	94681	5.319	1.613	5319	3706	4	5	0	3640	41	16	3705
7	2	B	40000	94985	5.015	1.271	5015	3744	0	0	0	3726	18	0	3745
7	2	cSpy was 1 spamed and the readout avoided!
7	3	G	40000	0	100	100	100000	200000	200000	200000	200000	200000	200000	200000	200002
7	3	A	40000	0	100	100	100000	100000	100000	100000	100000	100000	100000	100000	100001
7	3	B	40000	0	100	100	100000	100000	100000	100000	100000	100000	100000	100000	100001
7	4	G	40000	89729	10.271	1.232	10271	16824	0	0	0	15873	938	13	16825
7	4	A	40000	89861	10.139	1.232	10139	8907	0	0	0	8079	815	13	8907
7	4	B	40000	90851	9.149	1.232	9149	7917	0	0	0	7794	123	0	7918
7	5	G	40000	100000	0	0	0	0	0	0	0	0	0	0	2
7	5	A	40000	100000	0	0	0	0	0	0	0	0	0	0	1
7	5	B	40000	100000	0	0	0	0	0	0	0	0	0	0	1
7	6	G	40000	98254	1.746	0.5655	1746	1462	4	3	0	1435	15	5	1463
7	6	A	40000	98660	1.34	0.625	1340	715	4	3	0	700	4	4	715
7	6	B	40000	98747	1.253	0.506	1253	747	0	0	0	735	11	1	748
7	7	G	40000	51731	48.269	20.661	48269	42415	3	2	0	41140	1085	185	42350
7	7	A	40000	57448	42.552	21.027	42552	21525	1	2	0	20870	467	185	21461
7	7	B	40000	58815	41.185	20.295	41185	20890	2	0	0	20270	618	0	20889
7	7	cSpy was 7 spamed and the readout avoided!
