#the gain was set to: 2	the bias was set to: 30
#Sent triggers per delay setting: 100000	and with a frequency [Hz] of: 40000
#160MHz delay setting	400MHz delay setting	Frequency	correct transmitted H+T		error rate [%]	uncertainty [%]	bad or missed events	error count	missing headers	missing trailers	flipped H/T	event nr errors	tbm missed trigger	unknown errors	event nr resets
0	0	G	40000	412	99.588	71.7455	99588	19127	80	0	0	18112	298	637	18610
0	0	A	40000	624	99.376	98.241	99376	1135	68	0	0	186	252	629	624
0	0	B	40000	36758	63.242	45.25	63242	17992	12	0	0	17926	46	8	17986
0	0	cSpy was 27 spamed and the readout avoided!
0	1	G	40000	28256	71.744	52.7995	71744	25621	676	0	0	24177	0	768	24985
0	1	A	40000	36977	63.023	52.424	63023	10599	324	0	0	9790	0	485	10275
0	1	B	40000	31803	68.197	53.175	68197	15022	352	0	0	14387	0	283	14710
0	2	G	40000	4035	95.965	80.1175	95965	19717	119	0	0	16395	2755	448	19404
0	2	A	40000	7810	92.19	84.459	92190	7731	86	0	0	5910	1298	437	7439
0	2	B	40000	12238	87.762	75.776	87762	11986	33	0	0	10485	1457	11	11965
0	2	cSpy was 6 spamed and the readout avoided!
0	3	G	40000	100000	0	0	0	0	0	0	0	0	0	0	2
0	3	A	40000	100000	0	0	0	0	0	0	0	0	0	0	1
0	3	B	40000	100000	0	0	0	0	0	0	0	0	0	0	1
0	4	G	40000	99715	0.285	0.062	285	384	0	0	0	383	0	1	385
0	4	A	40000	99764	0.235999	0.059	236	177	0	0	0	176	0	1	177
0	4	B	40000	99728	0.272	0.065	272	207	0	0	0	207	0	0	208
0	5	G	40000	36417	63.583	40.224	63583	31227	22	0	0	30695	118	392	31154
0	5	A	40000	46282	53.718	39.575	53718	14143	12	0	0	13695	53	383	14077
0	5	B	40000	42043	57.957	40.873	57957	17084	10	0	0	17000	65	9	17077
0	6	G	40000	0	100	100	100000	200000	200000	200000	200000	200000	200000	200000	200002
0	6	A	40000	0	100	100	100000	100000	100000	100000	100000	100000	100000	100000	100001
0	6	B	40000	0	100	100	100000	100000	100000	100000	100000	100000	100000	100000	100001
0	7	G	40000	99619	0.380999	0.103	381	556	0	0	0	556	0	0	558
0	7	A	40000	99619	0.380999	0.103	381	278	0	0	0	278	0	0	279
0	7	B	40000	99619	0.380999	0.103	381	278	0	0	0	278	0	0	279
1	0	G	40000	347	99.653	96.8925	99653	3244	183	4	0	2475	238	344	2897
1	0	A	40000	2265	97.735	95.246	97735	2489	159	4	0	1860	180	286	2192
1	0	B	40000	706	99.294	98.539	99294	755	24	0	0	615	58	58	705
1	0	cSpy was 28 spamed and the readout avoided!
1	1	G	40000	99562	0.437999	0.108	438	660	0	0	0	660	0	0	662
1	1	A	40000	99562	0.437999	0.108	438	330	0	0	0	330	0	0	331
1	1	B	40000	99562	0.437999	0.108	438	330	0	0	0	330	0	0	331
1	2	G	40000	100000	0	0	0	0	0	0	0	0	0	0	2
1	2	A	40000	100000	0	0	0	0	0	0	0	0	0	0	1
1	2	B	40000	100000	0	0	0	0	0	0	0	0	0	0	1
1	3	G	40000	91656	8.344	2.068	8344	9782	0	0	0	9730	41	11	9784
1	3	A	40000	93387	6.613	1.824	6613	4789	0	0	0	4758	20	11	4790
1	3	B	40000	92695	7.305	2.312	7305	4993	0	0	0	4972	21	0	4994
1	4	G	40000	803	99.197	95.4385	99197	4741	357	2	0	2875	1166	341	4269
1	4	A	40000	2860	97.14	94.205	97140	2935	121	0	0	1728	964	122	2761
1	4	B	40000	1522	98.478	96.672	98478	1806	236	2	0	1147	202	219	1508
1	4	cSpy was 51 spamed and the readout avoided!
1	5	G	40000	81515	18.485	3.2325	18485	15922	0	0	0	14567	1355	0	15924
1	5	A	40000	90565	9.435	1.439	9435	7996	0	0	0	7388	608	0	7997
1	5	B	40000	87048	12.952	5.026	12952	7926	0	0	0	7179	747	0	7927
1	6	G	40000	100000	0	0	0	0	0	0	0	0	0	0	2
1	6	A	40000	100000	0	0	0	0	0	0	0	0	0	0	1
1	6	B	40000	100000	0	0	0	0	0	0	0	0	0	0	1
1	7	G	40000	99952	0.0479996	0.001	48	94	0	0	0	94	0	0	96
1	7	A	40000	99952	0.0479996	0.001	48	47	0	0	0	47	0	0	48
1	7	B	40000	99952	0.0479996	0.001	48	47	0	0	0	47	0	0	48
2	0	G	40000	2467	97.533	48.144	97533	3936	39	1	0	3725	98	73	3855
2	0	A	40000	2500	97.5	94.96	97500	2540	39	1	0	2329	98	73	2458
2	0	B	40000	97276	2.724	1.328	2724	1396	0	0	0	1396	0	0	1397
2	1	G	40000	99765	0.234997	0.052	235	303	0	0	0	303	0	0	305
2	1	A	40000	99805	0.195003	0.047	195	148	0	0	0	148	0	0	149
2	1	B	40000	99788	0.212002	0.057	212	155	0	0	0	155	0	0	156
2	2	G	40000	22711	77.289	53.919	77289	28462	913	14	0	25329	1402	804	27576
2	2	A	40000	35110	64.89	51.563	64890	13327	463	6	0	11135	1205	518	12827
2	2	B	40000	28590	71.41	56.275	71410	15135	450	8	0	14194	197	286	14749
2	3	G	40000	13372	86.628	61.8455	86628	28849	200	0	0	25531	2857	261	28572
2	3	A	40000	27657	72.343	54.514	72343	17829	66	0	0	15348	2296	119	17718
2	3	B	40000	19803	80.197	69.177	80197	11020	134	0	0	10183	561	142	10854
2	3	cSpy was 29 spamed and the readout avoided!
2	4	G	40000	100000	0	0	0	0	0	0	0	0	0	0	2
2	4	A	40000	100000	0	0	0	0	0	0	0	0	0	0	1
2	4	B	40000	100000	0	0	0	0	0	0	0	0	0	0	1
2	5	G	40000	99990	0.0100017	0	10	20	0	0	0	20	0	0	22
2	5	A	40000	99990	0.0100017	0	10	10	0	0	0	10	0	0	11
2	5	B	40000	99990	0.0100017	0	10	10	0	0	0	10	0	0	11
2	6	G	40000	43655	56.345	35.3825	56345	24882	89	0	0	23304	1153	336	24779
2	6	A	40000	55134	44.866	33.174	44866	11692	51	0	0	10217	1121	303	11616
2	6	B	40000	49219	50.781	37.591	50781	13190	38	0	0	13087	32	33	13163
2	7	G	40000	0	100	100	100000	200000	200000	200000	200000	200000	200000	200000	200002
2	7	A	40000	0	100	100	100000	100000	100000	100000	100000	100000	100000	100000	100001
2	7	B	40000	0	100	100	100000	100000	100000	100000	100000	100000	100000	100000	100001
3	0	G	40000	1109	98.891	70.861	98891	17662	235	17	0	16401	354	655	17074
3	0	A	40000	1653	98.347	96.195	98347	2152	177	0	0	1330	50	595	1641
3	0	B	40000	38963	61.037	45.527	61037	15510	58	17	0	15071	304	60	15433
3	0	cSpy was 59 spamed and the readout avoided!
3	1	G	40000	0	100	100	100000	200000	200000	200000	200000	200000	200000	200000	200002
3	1	A	40000	0	100	100	100000	100000	100000	100000	100000	100000	100000	100000	100001
3	1	B	40000	0	100	100	100000	100000	100000	100000	100000	100000	100000	100000	100001
3	2	G	40000	99944	0.0559986	0	56	112	0	0	0	112	0	0	114
3	2	A	40000	99944	0.0559986	0	56	56	0	0	0	56	0	0	57
3	2	B	40000	99944	0.0559986	0	56	56	0	0	0	56	0	0	57
3	3	G	40000	100000	0	0	0	0	0	0	0	0	0	0	2
3	3	A	40000	100000	0	0	0	0	0	0	0	0	0	0	1
3	3	B	40000	100000	0	0	0	0	0	0	0	0	0	0	1
3	4	G	40000	76874	23.126	12.409	23126	17547	88	0	0	17348	35	76	17424
3	4	A	40000	78823	21.177	12.286	21177	8891	41	0	0	8783	16	51	8816
3	4	B	40000	78812	21.188	12.532	21188	8656	47	0	0	8565	19	25	8608
3	5	G	40000	0	100	100	100000	200000	200000	200000	200000	200000	200000	200000	200002
3	5	A	40000	0	100	100	100000	100000	100000	100000	100000	100000	100000	100000	100001
3	5	B	40000	0	100	100	100000	100000	100000	100000	100000	100000	100000	100000	100001
3	6	G	40000	61734	38.266	29.2445	38266	16010	43	7	0	14996	744	220	15800
3	6	A	40000	62302	37.698	29.472	37698	8226	0	0	0	7491	645	90	8141
3	6	B	40000	63199	36.801	29.017	36801	7784	43	7	0	7505	99	130	7659
3	6	cSpy was 81 spamed and the readout avoided!
3	7	G	40000	100000	0	0	0	0	0	0	0	0	0	0	2
3	7	A	40000	100000	0	0	0	0	0	0	0	0	0	0	1
3	7	B	40000	100000	0	0	0	0	0	0	0	0	0	0	1
4	0	G	40000	0	100	100	100000	200000	200000	200000	200000	200000	200000	200000	200002
4	0	A	40000	0	100	100	100000	100000	100000	100000	100000	100000	100000	100000	100001
4	0	B	40000	0	100	100	100000	100000	100000	100000	100000	100000	100000	100000	100001
4	1	G	40000	100000	0	0	0	0	0	0	0	0	0	0	2
4	1	A	40000	100000	0	0	0	0	0	0	0	0	0	0	1
4	1	B	40000	100000	0	0	0	0	0	0	0	0	0	0	1
4	2	G	40000	99971	0.0289977	0	29	58	0	0	0	58	0	0	60
4	2	A	40000	99971	0.0289977	0	29	29	0	0	0	29	0	0	30
4	2	B	40000	99971	0.0289977	0	29	29	0	0	0	29	0	0	30
4	3	G	40000	26222	73.778	52.2115	73778	34741	646	0	0	33481	112	502	33871
4	3	A	40000	30188	69.812	52.443	69812	17369	314	0	0	16696	2	357	16790
4	3	B	40000	30648	69.352	51.98	69352	17372	332	0	0	16785	110	145	17081
4	3	cSpy was 6 spamed and the readout avoided!
4	4	G	40000	9530	90.47	65.283	90470	33433	97	12	0	29931	3016	377	33191
4	4	A	40000	17722	82.278	65.721	82278	16557	46	9	0	14474	1681	347	16352
4	4	B	40000	18279	81.721	64.845	81721	16876	51	3	0	15457	1335	30	16839
4	4	cSpy was 17 spamed and the readout avoided!
4	5	G	40000	100000	0	0	0	0	0	0	0	0	0	0	2
4	5	A	40000	100000	0	0	0	0	0	0	0	0	0	0	1
4	5	B	40000	100000	0	0	0	0	0	0	0	0	0	0	1
4	6	G	40000	100000	0	0	0	0	0	0	0	0	0	0	2
4	6	A	40000	100000	0	0	0	0	0	0	0	0	0	0	1
4	6	B	40000	100000	0	0	0	0	0	0	0	0	0	0	1
4	7	G	40000	26306	73.694	50.7865	73694	35790	420	0	0	34996	38	336	35281
4	7	A	40000	31167	68.833	50.946	68833	17887	202	0	0	17429	1	255	17520
4	7	B	40000	31470	68.53	50.627	68530	17903	218	0	0	17567	37	81	17761
4	7	cSpy was 6 spamed and the readout avoided!
5	0	G	40000	508	99.492	56.488	99492	14472	134	0	0	13396	106	836	13933
5	0	A	40000	611	99.389	98.238	99389	1151	134	0	0	82	100	835	611
5	0	B	40000	71941	28.059	14.738	28059	13321	0	0	0	13314	6	1	13322
5	0	cSpy was 61 spamed and the readout avoided!
5	1	G	40000	41368	58.632	34.3215	58632	37255	83	0	0	37055	2	115	37163
5	1	A	40000	47107	52.893	34.446	52893	18447	41	0	0	18302	1	103	18374
5	1	B	40000	46995	53.005	34.197	53005	18808	42	0	0	18753	1	12	18789
5	1	cSpy was 1 spamed and the readout avoided!
5	2	G	40000	26	99.974	98.735	99974	1653	38	0	0	658	77	880	872
5	2	A	40000	79	99.921	99.149	99921	772	1	0	0	7	0	764	79
5	2	B	40000	798	99.202	98.321	99202	881	37	0	0	651	77	116	793
5	2	cSpy was 37 spamed and the readout avoided!
5	3	G	40000	99288	0.712001	0	712	1424	0	0	0	1424	0	0	1426
5	3	A	40000	99288	0.712001	0	712	712	0	0	0	712	0	0	713
5	3	B	40000	99288	0.712001	0	712	712	0	0	0	712	0	0	713
5	4	G	40000	100000	0	0	0	0	0	0	0	0	0	0	2
5	4	A	40000	100000	0	0	0	0	0	0	0	0	0	0	1
5	4	B	40000	100000	0	0	0	0	0	0	0	0	0	0	1
5	5	G	40000	90407	9.593	2.161	9593	12727	0	0	0	12724	0	3	12729
5	5	A	40000	91387	8.613	2.304	8613	6309	0	0	0	6306	0	3	6310
5	5	B	40000	91564	8.436	2.018	8436	6418	0	0	0	6418	0	0	6419
5	6	G	40000	12	99.988	97.8965	99988	2247	171	1	0	945	876	254	1954
5	6	A	40000	34	99.966	99.832	99966	134	0	0	0	14	2	118	34
5	6	B	40000	1926	98.074	95.961	98074	2113	171	1	0	931	874	136	1920
5	6	cSpy was 51 spamed and the readout avoided!
5	7	G	40000	40743	59.257	12.7015	59257	60419	7	11	0	54218	6075	108	60378
5	7	A	40000	55535	44.465	13.798	44465	30667	7	11	0	26527	4014	108	30625
5	7	B	40000	58643	41.357	11.605	41357	29752	0	0	0	27691	2061	0	29753
5	7	cSpy was 1 spamed and the readout avoided!
6	0	G	40000	651	99.349	95.384	99349	4943	331	2	0	2411	1430	769	4276
6	0	A	40000	1504	98.496	96.474	98496	2022	175	0	0	188	970	689	1504
6	0	B	40000	2785	97.215	94.294	97215	2921	156	2	0	2223	460	80	2772
6	0	cSpy was 57 spamed and the readout avoided!
6	1	G	40000	14268	85.732	45.04	85732	52941	13	1	0	47335	5233	359	52764
6	1	A	40000	26829	73.171	48.016	73171	25155	1	1	0	21932	2868	353	24986
6	1	B	40000	30150	69.85	42.064	69850	27786	12	0	0	25403	2365	6	27778
6	1	cSpy was 8 spamed and the readout avoided!
6	2	G	40000	100000	0	0	0	0	0	0	0	0	0	0	2
6	2	A	40000	100000	0	0	0	0	0	0	0	0	0	0	1
6	2	B	40000	100000	0	0	0	0	0	0	0	0	0	0	1
6	3	G	40000	100000	0	0	0	0	0	0	0	0	0	0	2
6	3	A	40000	100000	0	0	0	0	0	0	0	0	0	0	1
6	3	B	40000	100000	0	0	0	0	0	0	0	0	0	0	1
6	4	G	40000	20095	79.905	58.7745	79905	34193	816	0	0	32625	147	605	33105
6	4	A	40000	23825	76.175	59.056	76175	17119	397	0	0	16292	1	429	16391
6	4	B	40000	24433	75.567	58.493	75567	17074	419	0	0	16333	146	176	16714
6	4	cSpy was 10 spamed and the readout avoided!
6	5	G	40000	4267	95.733	89.424	95733	8131	227	8	1	6552	430	913	7463
6	5	A	40000	5973	94.027	90.345	94027	3682	22	1	1	2744	169	745	3226
6	5	B	40000	7048	92.952	88.503	92952	4449	205	7	0	3808	261	168	4237
6	5	cSpy was 76 spamed and the readout avoided!
6	6	G	40000	100000	0	0	0	0	0	0	0	0	0	0	2
6	6	A	40000	100000	0	0	0	0	0	0	0	0	0	0	1
6	6	B	40000	100000	0	0	0	0	0	0	0	0	0	0	1
6	7	G	40000	100000	0	0	0	0	0	0	0	0	0	0	2
6	7	A	40000	100000	0	0	0	0	0	0	0	0	0	0	1
6	7	B	40000	100000	0	0	0	0	0	0	0	0	0	0	1
7	0	G	40000	2056	97.944	47.912	97944	3434	221	0	0	2581	75	557	2930
7	0	A	40000	2079	97.921	95.363	97921	2558	221	0	0	1705	75	557	2053
7	0	B	40000	98663	1.337	0.461	1337	876	0	0	0	876	0	0	877
7	0	cSpy was 1 spamed and the readout avoided!
7	1	G	40000	100000	0	0	0	0	0	0	0	0	0	0	2
7	1	A	40000	100000	0	0	0	0	0	0	0	0	0	0	1
7	1	B	40000	100000	0	0	0	0	0	0	0	0	0	0	1
7	2	G	40000	95734	4.266	0.8185	4266	5530	1	3	0	5490	32	4	5531
7	2	A	40000	96321	3.679	0.918	3679	2761	1	3	0	2731	22	4	2761
7	2	B	40000	96512	3.488	0.719	3488	2769	0	0	0	2759	10	0	2770
7	2	cSpy was 2 spamed and the readout avoided!
7	3	G	40000	0	100	100	100000	200000	200000	200000	200000	200000	200000	200000	200002
7	3	A	40000	0	100	100	100000	100000	100000	100000	100000	100000	100000	100000	100001
7	3	B	40000	0	100	100	100000	100000	100000	100000	100000	100000	100000	100000	100001
7	4	G	40000	89154	10.846	1.432	10846	17421	0	0	0	16348	1059	14	17422
7	4	A	40000	89305	10.695	1.433	10695	9262	0	0	0	8312	936	14	9262
7	4	B	40000	90410	9.59	1.431	9590	8159	0	0	0	8036	123	0	8160
7	5	G	40000	100000	0	0	0	0	0	0	0	0	0	0	2
7	5	A	40000	100000	0	0	0	0	0	0	0	0	0	0	1
7	5	B	40000	100000	0	0	0	0	0	0	0	0	0	0	1
7	6	G	40000	97564	2.436	0.787	2436	2004	6	6	0	1973	17	2	2005
7	6	A	40000	98152	1.848	0.868	1848	980	6	6	0	963	3	2	980
7	6	B	40000	98270	1.73	0.706	1730	1024	0	0	0	1010	14	0	1025
7	6	cSpy was 1 spamed and the readout avoided!
7	7	G	40000	28319	71.681	41.463	71681	43002	14	1	0	40913	1847	227	42901
7	7	A	40000	36359	63.641	42.271	63641	21370	5	1	0	20277	861	226	21274
7	7	B	40000	37713	62.287	40.655	62287	21632	9	0	0	20636	986	1	21627
7	7	cSpy was 10 spamed and the readout avoided!
