#the gain was set to: 2	the bias was set to: 30
#Sent triggers per delay setting: 100000	and with a frequency [Hz] of: 40000
#160MHz delay setting	400MHz delay setting	Frequency	correct transmitted H+T		error rate [%]	uncertainty [%]	bad or missed events	error count	missing headers	missing trailers	flipped H/T	event nr errors	tbm missed trigger	unknown errors	event nr resets
0	0	G	40000	452	99.548	72.189	99548	18951	128	0	0	17932	294	597	18438
0	0	A	40000	687	99.313	98.126	99313	1187	104	0	0	250	250	583	687
0	0	B	40000	35984	64.016	46.252	64016	17764	24	0	0	17682	44	14	17751
0	0	cSpy was 32 spamed and the readout avoided!
0	1	G	40000	28725	71.275	52.859	71275	25061	705	0	0	23046	642	668	24494
0	1	A	40000	36923	63.077	52.43	63077	10647	357	0	0	9825	0	465	10291
0	1	B	40000	32298	67.702	53.288	67702	14414	348	0	0	13221	642	203	14203
0	2	G	40000	4971	95.029	76.6935	95029	22769	104	9	0	19271	3126	259	22545
0	2	A	40000	13911	86.089	72.893	86089	13196	29	0	0	10868	2117	182	13063
0	2	B	40000	9933	90.067	80.494	90067	9573	75	9	0	8403	1009	77	9482
0	2	cSpy was 13 spamed and the readout avoided!
0	3	G	40000	95106	4.894	0.917	4894	4256	0	0	0	3832	419	5	4257
0	3	A	40000	97448	2.552	0.459	2552	2093	0	0	0	1914	174	5	2094
0	3	B	40000	96462	3.538	1.375	3538	2163	0	0	0	1918	245	0	2163
0	4	G	40000	100000	0	0	0	0	0	0	0	0	0	0	2
0	4	A	40000	100000	0	0	0	0	0	0	0	0	0	0	1
0	4	B	40000	100000	0	0	0	0	0	0	0	0	0	0	1
0	5	G	40000	40860	59.14	41.315	59140	23829	60	0	0	23221	181	367	23765
0	5	A	40000	48749	51.251	40.833	51251	10418	36	0	0	10017	19	346	10363
0	5	B	40000	44792	55.208	41.797	55208	13411	24	0	0	13204	162	21	13402
0	6	G	40000	2800	97.2	85.148	97200	14704	162	3	1	12278	1822	438	14358
0	6	A	40000	5433	94.567	89.13	94567	5437	95	0	1	4061	871	409	5145
0	6	B	40000	9567	90.433	81.166	90433	9267	67	3	0	8217	951	29	9213
0	6	cSpy was 5 spamed and the readout avoided!
0	7	G	40000	99789	0.211	0.001	211	420	0	0	0	420	0	0	422
0	7	A	40000	99789	0.211	0.001	211	210	0	0	0	210	0	0	211
0	7	B	40000	99789	0.211	0.001	211	210	0	0	0	210	0	0	211
1	0	G	40000	326	99.674	96.7785	99674	3381	218	3	0	2501	262	397	3001
1	0	A	40000	2286	97.714	95.166	97714	2548	194	3	0	1830	181	340	2225
1	0	B	40000	776	99.224	98.391	99224	833	24	0	0	671	81	57	776
1	0	cSpy was 32 spamed and the readout avoided!
1	1	G	40000	99747	0.252998	0	253	506	0	0	0	506	0	0	508
1	1	A	40000	99747	0.252998	0	253	253	0	0	0	253	0	0	254
1	1	B	40000	99747	0.252998	0	253	253	0	0	0	253	0	0	254
1	2	G	40000	100000	0	0	0	0	0	0	0	0	0	0	2
1	2	A	40000	100000	0	0	0	0	0	0	0	0	0	0	1
1	2	B	40000	100000	0	0	0	0	0	0	0	0	0	0	1
1	3	G	40000	89094	10.906	3.364	10906	12341	0	0	0	12288	33	20	12343
1	3	A	40000	90934	9.066	3.189	9066	5877	0	0	0	5827	30	20	5878
1	3	B	40000	89997	10.003	3.539	10003	6464	0	0	0	6461	3	0	6465
1	4	G	40000	689	99.311	95.9945	99311	4226	305	3	0	2400	1045	473	3704
1	4	A	40000	2354	97.646	95.15	97646	2496	96	0	0	1305	892	203	2287
1	4	B	40000	1431	98.569	96.839	98569	1730	209	3	0	1095	153	270	1417
1	4	cSpy was 54 spamed and the readout avoided!
1	5	G	40000	85447	14.553	2.653	14553	13408	0	0	0	12275	1129	4	13410
1	5	A	40000	91942	8.058	1.427	8058	6631	0	0	0	6152	475	4	6632
1	5	B	40000	89344	10.656	3.879	10656	6777	0	0	0	6123	654	0	6778
1	6	G	40000	100000	0	0	0	0	0	0	0	0	0	0	2
1	6	A	40000	100000	0	0	0	0	0	0	0	0	0	0	1
1	6	B	40000	100000	0	0	0	0	0	0	0	0	0	0	1
1	7	G	40000	99355	0.645	0.258	645	518	0	0	0	510	7	1	520
1	7	A	40000	99518	0.481999	0.243	482	239	0	0	0	231	7	1	240
1	7	B	40000	99448	0.551999	0.273	552	279	0	0	0	279	0	0	280
2	0	G	40000	2557	97.443	48.0675	97443	4047	45	1	1	3820	109	71	3969
2	0	A	40000	2590	97.41	94.782	97410	2628	45	1	1	2401	109	71	2549
2	0	B	40000	97228	2.772	1.353	2772	1419	0	0	0	1419	0	0	1420
2	1	G	40000	96064	3.936	1.707	3936	3065	0	0	0	3022	25	18	3067
2	1	A	40000	96935	3.065	1.629	3065	1436	0	0	0	1399	22	15	1437
2	1	B	40000	96586	3.414	1.785	3414	1629	0	0	0	1623	3	3	1630
2	2	G	40000	26323	73.677	52.253	73677	26385	825	0	0	23460	1372	728	25662
2	2	A	40000	37806	62.194	50.375	62194	11819	459	0	0	10291	594	475	11376
2	2	B	40000	31303	68.697	54.131	68697	14566	366	0	0	13169	778	253	14286
2	3	G	40000	5553	94.447	69.9615	94447	29164	110	58	1	24749	4022	224	28944
2	3	A	40000	19492	80.508	61.795	80508	18713	43	0	0	15646	2915	109	18618
2	3	B	40000	11421	88.579	78.128	88579	10451	67	58	1	9103	1107	115	10326
2	3	cSpy was 1 spamed and the readout avoided!
2	4	G	40000	100000	0	0	0	0	0	0	0	0	0	0	2
2	4	A	40000	100000	0	0	0	0	0	0	0	0	0	0	1
2	4	B	40000	100000	0	0	0	0	0	0	0	0	0	0	1
2	5	G	40000	100000	0	0	0	0	0	0	0	0	0	0	2
2	5	A	40000	100000	0	0	0	0	0	0	0	0	0	0	1
2	5	B	40000	100000	0	0	0	0	0	0	0	0	0	0	1
2	6	G	40000	31494	68.506	46.672	68506	25737	258	0	0	24051	939	489	25538
2	6	A	40000	43936	56.064	44.67	56064	11394	158	0	0	10075	736	425	11239
2	6	B	40000	36983	63.017	48.674	63017	14343	100	0	0	13976	203	64	14299
2	7	G	40000	2096	97.904	88.2145	97904	11722	230	8	0	9979	1155	350	11408
2	7	A	40000	7534	92.466	85.165	92466	7301	18	0	0	6236	819	228	7178
2	7	B	40000	4315	95.685	91.264	95685	4421	212	8	0	3743	336	122	4230
2	7	cSpy was 46 spamed and the readout avoided!
3	0	G	40000	1104	98.896	72.5405	98896	15783	275	0	0	14510	338	660	15212
3	0	A	40000	1640	98.36	96.208	98360	2152	213	0	0	1266	43	630	1616
3	0	B	40000	37496	62.504	48.873	62504	13631	62	0	0	13244	295	30	13596
3	0	cSpy was 10 spamed and the readout avoided!
3	1	G	40000	0	100	100	100000	200000	200000	200000	200000	200000	200000	200000	200002
3	1	A	40000	0	100	100	100000	100000	100000	100000	100000	100000	100000	100000	100001
3	1	B	40000	0	100	100	100000	100000	100000	100000	100000	100000	100000	100000	100001
3	2	G	40000	99961	0.0389993	0	39	78	0	0	0	78	0	0	80
3	2	A	40000	99961	0.0389993	0	39	39	0	0	0	39	0	0	40
3	2	B	40000	99961	0.0389993	0	39	39	0	0	0	39	0	0	40
3	3	G	40000	100000	0	0	0	0	0	0	0	0	0	0	2
3	3	A	40000	100000	0	0	0	0	0	0	0	0	0	0	1
3	3	B	40000	100000	0	0	0	0	0	0	0	0	0	0	1
3	4	G	40000	74113	25.887	9.606	25887	26499	3	0	0	26386	87	23	26497
3	4	A	40000	77304	22.696	9.323	22696	13373	1	0	0	13310	39	23	13371
3	4	B	40000	76985	23.015	9.889	23015	13126	2	0	0	13076	48	0	13126
3	5	G	40000	0	100	100	100000	200000	200000	200000	200000	200000	200000	200000	200002
3	5	A	40000	0	100	100	100000	100000	100000	100000	100000	100000	100000	100000	100001
3	5	B	40000	0	100	100	100000	100000	100000	100000	100000	100000	100000	100000	100001
3	6	G	40000	80234	19.766	4.756	19766	26617	16	17	0	25372	1197	15	26611
3	6	A	40000	81310	18.69	4.731	18690	13959	1	0	0	12810	1139	9	13960
3	6	B	40000	82561	17.439	4.781	17439	12658	15	17	0	12562	58	6	12651
3	6	cSpy was 3 spamed and the readout avoided!
3	7	G	40000	100000	0	0	0	0	0	0	0	0	0	0	2
3	7	A	40000	100000	0	0	0	0	0	0	0	0	0	0	1
3	7	B	40000	100000	0	0	0	0	0	0	0	0	0	0	1
4	0	G	40000	1285	98.715	63.886	98715	22505	194	5	0	20678	1351	277	22198
4	0	A	40000	2007	97.993	95.709	97993	2284	155	3	0	1336	520	270	1999
4	0	B	40000	47716	52.284	32.063	52284	20221	39	2	0	19342	831	7	20199
4	0	cSpy was 9 spamed and the readout avoided!
4	1	G	40000	100000	0	0	0	0	0	0	0	0	0	0	2
4	1	A	40000	100000	0	0	0	0	0	0	0	0	0	0	1
4	1	B	40000	100000	0	0	0	0	0	0	0	0	0	0	1
4	2	G	40000	95945	4.055	2.201	4055	2895	0	0	0	2886	1	8	2892
4	2	A	40000	96351	3.649	2.219	3649	1430	0	0	0	1422	1	7	1427
4	2	B	40000	96352	3.648	2.183	3648	1465	0	0	0	1464	0	1	1465
4	3	G	40000	19309	80.691	59.186	80691	33961	806	1	0	32421	122	611	32887
4	3	A	40000	23523	76.477	59.456	76477	17021	396	0	0	16188	4	433	16304
4	3	B	40000	24144	75.856	58.916	75856	16940	410	1	0	16233	118	178	16583
4	3	cSpy was 6 spamed and the readout avoided!
4	4	G	40000	8740	91.26	68.0455	91260	30797	126	9	0	27410	2747	505	30440
4	4	A	40000	16271	83.729	68.524	83729	15205	30	6	0	13254	1533	382	14985
4	4	B	40000	16841	83.159	67.567	83159	15592	96	3	0	14156	1214	123	15455
4	4	cSpy was 53 spamed and the readout avoided!
4	5	G	40000	100000	0	0	0	0	0	0	0	0	0	0	2
4	5	A	40000	100000	0	0	0	0	0	0	0	0	0	0	1
4	5	B	40000	100000	0	0	0	0	0	0	0	0	0	0	1
4	6	G	40000	99994	0.00600219	0	6	12	0	0	0	12	0	0	14
4	6	A	40000	99994	0.00600219	0	6	6	0	0	0	6	0	0	7
4	6	B	40000	99994	0.00600219	0	6	6	0	0	0	6	0	0	7
4	7	G	40000	44367	55.633	36.476	55633	30215	202	1	0	29819	3	190	29994
4	7	A	40000	48380	51.62	36.562	51620	15058	99	1	0	14798	3	157	14892
4	7	B	40000	48453	51.547	36.39	51547	15157	103	0	0	15021	0	33	15102
4	7	cSpy was 5 spamed and the readout avoided!
5	0	G	40000	493	99.507	56.317	99507	14188	140	0	0	13114	94	840	13644
5	0	A	40000	612	99.388	98.231	99388	1157	140	0	0	86	92	839	612
5	0	B	40000	72566	27.434	14.403	27434	13031	0	0	0	13028	2	1	13032
5	0	cSpy was 58 spamed and the readout avoided!
5	1	G	40000	52986	47.014	28.5155	47014	28699	86	0	0	28498	4	111	28615
5	1	A	40000	57153	42.847	28.612	42847	14235	43	0	0	14093	4	95	14166
5	1	B	40000	57117	42.883	28.419	42883	14464	43	0	0	14405	0	16	14449
5	1	cSpy was 1 spamed and the readout avoided!
5	2	G	40000	35	99.965	98.918	99965	1408	40	0	0	586	50	732	752
5	2	A	40000	81	99.919	99.273	99919	646	2	0	0	7	0	637	81
5	2	B	40000	675	99.325	98.563	99325	762	38	0	0	579	50	95	671
5	2	cSpy was 22 spamed and the readout avoided!
5	3	G	40000	99414	0.585997	0	586	1172	0	0	0	1172	0	0	1174
5	3	A	40000	99414	0.585997	0	586	586	0	0	0	586	0	0	587
5	3	B	40000	99414	0.585997	0	586	586	0	0	0	586	0	0	587
5	4	G	40000	100000	0	0	0	0	0	0	0	0	0	0	2
5	4	A	40000	100000	0	0	0	0	0	0	0	0	0	0	1
5	4	B	40000	100000	0	0	0	0	0	0	0	0	0	0	1
5	5	G	40000	90418	9.582	2.27	9582	12493	0	0	0	12491	0	2	12495
5	5	A	40000	91391	8.609	2.423	8609	6186	0	0	0	6184	0	2	6187
5	5	B	40000	91576	8.424	2.117	8424	6307	0	0	0	6307	0	0	6308
5	6	G	40000	5	99.995	97.8805	99995	2227	176	0	0	794	1084	173	2007
5	6	A	40000	10	99.99	99.916	99990	74	0	0	0	2	0	72	10
5	6	B	40000	2002	97.998	95.845	97998	2153	176	0	0	792	1084	101	1997
5	6	cSpy was 32 spamed and the readout avoided!
5	7	G	40000	41141	58.859	12.608	58859	59905	11	13	0	53638	6133	110	59856
5	7	A	40000	55954	44.046	13.753	44046	30293	11	13	0	26165	3995	109	30243
5	7	B	40000	58925	41.075	11.463	41075	29612	0	0	0	27473	2138	1	29613
5	7	cSpy was 3 spamed and the readout avoided!
6	0	G	40000	577	99.423	95.5855	99423	4741	333	4	0	2377	1292	735	4073
6	0	A	40000	1401	98.599	96.662	98599	1937	183	2	0	192	895	665	1401
6	0	B	40000	2687	97.313	94.509	97313	2804	150	2	0	2185	397	70	2672
6	0	cSpy was 52 spamed and the readout avoided!
6	1	G	40000	13831	86.169	46.428	86169	51592	1	0	0	46148	5115	328	51428
6	1	A	40000	26178	73.822	49.329	73822	24493	0	0	0	21399	2772	322	24332
6	1	B	40000	29374	70.626	43.527	70626	27099	1	0	0	24749	2343	6	27096
6	1	cSpy was 9 spamed and the readout avoided!
6	2	G	40000	100000	0	0	0	0	0	0	0	0	0	0	2
6	2	A	40000	100000	0	0	0	0	0	0	0	0	0	0	1
6	2	B	40000	100000	0	0	0	0	0	0	0	0	0	0	1
6	3	G	40000	100000	0	0	0	0	0	0	0	0	0	0	2
6	3	A	40000	100000	0	0	0	0	0	0	0	0	0	0	1
6	3	B	40000	100000	0	0	0	0	0	0	0	0	0	0	1
6	4	G	40000	20136	79.864	58.734	79864	34221	813	0	0	32654	146	608	33128
6	4	A	40000	23863	76.137	59.002	76137	17135	392	0	0	16317	0	426	16412
6	4	B	40000	24448	75.552	58.466	75552	17086	421	0	0	16337	146	182	16716
6	4	cSpy was 8 spamed and the readout avoided!
6	5	G	40000	4845	95.155	88.382	95155	8849	214	8	0	7240	494	893	8206
6	5	A	40000	6659	93.341	89.332	93341	4009	16	3	0	3075	195	720	3587
6	5	B	40000	7728	92.272	87.432	92272	4840	198	5	0	4165	299	173	4619
6	5	cSpy was 82 spamed and the readout avoided!
6	6	G	40000	100000	0	0	0	0	0	0	0	0	0	0	2
6	6	A	40000	100000	0	0	0	0	0	0	0	0	0	0	1
6	6	B	40000	100000	0	0	0	0	0	0	0	0	0	0	1
6	7	G	40000	100000	0	0	0	0	0	0	0	0	0	0	2
6	7	A	40000	100000	0	0	0	0	0	0	0	0	0	0	1
6	7	B	40000	100000	0	0	0	0	0	0	0	0	0	0	1
7	0	G	40000	2059	97.941	47.8905	97941	3363	221	0	0	2534	55	553	2859
7	0	A	40000	2073	97.927	95.379	97927	2548	221	0	0	1719	55	553	2043
7	0	B	40000	98783	1.217	0.402	1217	815	0	0	0	815	0	0	816
7	0	cSpy was 2 spamed and the readout avoided!
7	1	G	40000	100000	0	0	0	0	0	0	0	0	0	0	2
7	1	A	40000	100000	0	0	0	0	0	0	0	0	0	0	1
7	1	B	40000	100000	0	0	0	0	0	0	0	0	0	0	1
7	2	G	40000	95472	4.528	0.63	4528	6882	0	0	0	6812	64	6	6883
7	2	A	40000	95846	4.154	0.708	4154	3446	0	0	0	3391	49	6	3446
7	2	B	40000	96012	3.988	0.552	3988	3436	0	0	0	3421	15	0	3437
7	3	G	40000	0	100	100	100000	200000	200000	200000	200000	200000	200000	200000	200002
7	3	A	40000	0	100	100	100000	100000	100000	100000	100000	100000	100000	100000	100001
7	3	B	40000	0	100	100	100000	100000	100000	100000	100000	100000	100000	100000	100001
7	4	G	40000	89747	10.253	1.277	10253	16655	0	0	0	15654	990	11	16654
7	4	A	40000	89889	10.111	1.277	10111	8834	0	0	0	7953	870	11	8832
7	4	B	40000	90902	9.098	1.277	9098	7821	0	0	0	7701	120	0	7822
7	5	G	40000	100000	0	0	0	0	0	0	0	0	0	0	2
7	5	A	40000	100000	0	0	0	0	0	0	0	0	0	0	1
7	5	B	40000	100000	0	0	0	0	0	0	0	0	0	0	1
7	6	G	40000	95901	4.099	1.3335	4099	3416	4	8	0	3352	40	12	3416
7	6	A	40000	96848	3.152	1.47	3152	1682	4	8	0	1651	8	11	1682
7	6	B	40000	97069	2.931	1.197	2931	1734	0	0	0	1701	32	1	1734
7	6	cSpy was 1 spamed and the readout avoided!
7	7	G	40000	54094	45.906	19.6775	45906	39229	11	38	0	38118	917	145	39162
7	7	A	40000	59964	40.036	20.174	40036	19862	8	38	0	19278	395	143	19797
7	7	B	40000	61452	38.548	19.181	38548	19367	3	0	0	18840	522	2	19365
7	7	cSpy was 7 spamed and the readout avoided!
