#the gain was set to: 2	the bias was set to: 30
#Sent triggers per delay setting: 100000	and with a frequency [Hz] of: 40000
#160MHz delay setting	400MHz delay setting	Frequency	correct transmitted H+T		error rate [%]	uncertainty [%]	bad or missed events	error count	missing headers	missing trailers	flipped H/T	event nr errors	tbm missed trigger	unknown errors	event nr resets
0	0	G	40000	454	99.546	71.468	99546	19269	108	0	0	18229	328	604	18769
0	0	A	40000	660	99.34	98.188	99340	1152	91	0	0	204	268	589	660
0	0	B	40000	37135	62.865	44.748	62865	18117	17	0	0	18025	60	15	18109
0	0	cSpy was 27 spamed and the readout avoided!
0	1	G	40000	29796	70.204	51.8675	70204	24816	623	0	0	22908	615	670	24285
0	1	A	40000	38064	61.936	51.394	61936	10542	318	0	0	9772	0	452	10228
0	1	B	40000	33385	66.615	52.341	66615	14274	305	0	0	13136	615	218	14057
0	2	G	40000	6055	93.945	75.0185	93945	24565	47	1	0	21045	3191	281	24403
0	2	A	40000	13223	86.777	74.037	86777	12740	10	0	0	10487	1982	261	12605
0	2	B	40000	12175	87.825	76	87825	11825	37	1	0	10558	1209	20	11798
0	2	cSpy was 3 spamed and the readout avoided!
0	3	G	40000	100000	0	0	0	0	0	0	0	0	0	0	2
0	3	A	40000	100000	0	0	0	0	0	0	0	0	0	0	1
0	3	B	40000	100000	0	0	0	0	0	0	0	0	0	0	1
0	4	G	40000	99831	0.168997	0.03	169	233	0	0	0	232	0	1	235
0	4	A	40000	99867	0.133002	0.028	133	105	0	0	0	104	0	1	106
0	4	B	40000	99840	0.160003	0.032	160	128	0	0	0	128	0	0	129
0	5	G	40000	38755	61.245	40.141	61245	29121	16	0	0	28600	156	349	29068
0	5	A	40000	47344	52.656	39.639	52656	13017	11	0	0	12615	47	344	12969
0	5	B	40000	43253	56.747	40.643	56747	16104	5	0	0	15985	109	5	16099
0	6	G	40000	0	100	100	100000	200000	200000	200000	200000	200000	200000	200000	200002
0	6	A	40000	0	100	100	100000	100000	100000	100000	100000	100000	100000	100000	100001
0	6	B	40000	0	100	100	100000	100000	100000	100000	100000	100000	100000	100000	100001
0	7	G	40000	99557	0.443	0.0035	443	878	0	0	0	877	1	0	880
0	7	A	40000	99558	0.441998	0.003	442	439	0	0	0	438	1	0	440
0	7	B	40000	99557	0.443	0.004	443	439	0	0	0	439	0	0	440
1	0	G	40000	299	99.701	97.1715	99701	3001	209	2	0	2225	193	372	2617
1	0	A	40000	1968	98.032	95.76	98032	2272	186	2	0	1628	134	322	1932
1	0	B	40000	688	99.312	98.583	99312	729	23	0	0	597	59	50	685
1	0	cSpy was 22 spamed and the readout avoided!
1	1	G	40000	99610	0.389999	0	390	780	0	0	0	780	0	0	782
1	1	A	40000	99610	0.389999	0	390	390	0	0	0	390	0	0	391
1	1	B	40000	99610	0.389999	0	390	390	0	0	0	390	0	0	391
1	2	G	40000	100000	0	0	0	0	0	0	0	0	0	0	2
1	2	A	40000	100000	0	0	0	0	0	0	0	0	0	0	1
1	2	B	40000	100000	0	0	0	0	0	0	0	0	0	0	1
1	3	G	40000	93669	6.331	1.5825	6331	8177	0	0	0	8162	8	7	8177
1	3	A	40000	94583	5.417	1.491	5417	3926	0	0	0	3912	7	7	3926
1	3	B	40000	94075	5.925	1.674	5925	4251	0	0	0	4250	1	0	4251
1	4	G	40000	542	99.458	96.5025	99458	3732	267	3	0	1899	1082	481	3213
1	4	A	40000	1986	98.014	95.896	98014	2118	89	0	0	957	911	161	1943
1	4	B	40000	1277	98.723	97.109	98723	1614	178	3	0	942	171	320	1270
1	4	cSpy was 62 spamed and the readout avoided!
1	5	G	40000	75740	24.26	5.0355	24260	19458	1	0	0	17178	2267	12	19459
1	5	A	40000	87910	12.09	2.429	12090	9661	0	0	0	8647	1002	12	9662
1	5	B	40000	82561	17.439	7.642	17439	9797	1	0	0	8531	1265	0	9797
1	6	G	40000	100000	0	0	0	0	0	0	0	0	0	0	2
1	6	A	40000	100000	0	0	0	0	0	0	0	0	0	0	1
1	6	B	40000	100000	0	0	0	0	0	0	0	0	0	0	1
1	7	G	40000	99854	0.146002	0.044	146	169	0	0	0	166	2	1	171
1	7	A	40000	99876	0.124002	0.042	124	82	0	0	0	79	2	1	83
1	7	B	40000	99867	0.133002	0.046	133	87	0	0	0	87	0	0	88
2	0	G	40000	2400	97.6	48.254	97600	4042	40	0	0	3802	122	78	3959
2	0	A	40000	2454	97.546	95.047	97546	2499	40	0	0	2259	122	78	2415
2	0	B	40000	96996	3.004	1.461	3004	1543	0	0	0	1543	0	0	1544
2	1	G	40000	97598	2.402	0.7575	2402	2302	0	0	0	2285	13	4	2304
2	1	A	40000	98179	1.821	0.7	1821	1121	0	0	0	1109	8	4	1122
2	1	B	40000	98004	1.996	0.815	1996	1181	0	0	0	1176	5	0	1182
2	2	G	40000	24914	75.086	50.924	75086	28782	634	6	0	25987	1496	659	28179
2	2	A	40000	38337	61.663	48.341	61663	13322	323	3	0	11093	1444	459	12979
2	2	B	40000	31033	68.967	53.507	68967	15460	311	3	0	14894	52	200	15200
2	3	G	40000	7125	92.875	65.8005	92875	32518	146	0	0	27585	4628	159	32337
2	3	A	40000	22291	77.709	57.032	77709	20677	46	0	0	17024	3503	104	20583
2	3	B	40000	13590	86.41	74.569	86410	11841	100	0	0	10561	1125	55	11754
2	3	cSpy was 3 spamed and the readout avoided!
2	4	G	40000	100000	0	0	0	0	0	0	0	0	0	0	2
2	4	A	40000	100000	0	0	0	0	0	0	0	0	0	0	1
2	4	B	40000	100000	0	0	0	0	0	0	0	0	0	0	1
2	5	G	40000	100000	0	0	0	0	0	0	0	0	0	0	2
2	5	A	40000	100000	0	0	0	0	0	0	0	0	0	0	1
2	5	B	40000	100000	0	0	0	0	0	0	0	0	0	0	1
2	6	G	40000	30522	69.478	44.701	69478	28741	143	4	0	26667	1493	434	28606
2	6	A	40000	44571	55.429	41.975	55429	13454	75	1	0	11549	1442	387	13361
2	6	B	40000	37286	62.714	47.427	62714	15287	68	3	0	15118	51	47	15245
2	7	G	40000	0	100	100	100000	200000	200000	200000	200000	200000	200000	200000	200002
2	7	A	40000	0	100	100	100000	100000	100000	100000	100000	100000	100000	100000	100001
2	7	B	40000	0	100	100	100000	100000	100000	100000	100000	100000	100000	100000	100001
3	0	G	40000	857	99.143	77.2925	99143	18936	264	2	0	17596	389	685	18342
3	0	A	40000	1471	98.529	96.534	98529	1995	191	0	0	1138	17	649	1448
3	0	B	40000	25008	74.992	58.051	74992	16941	73	2	0	16458	372	36	16894
3	0	cSpy was 12 spamed and the readout avoided!
3	1	G	40000	0	100	100	100000	200000	200000	200000	200000	200000	200000	200000	200002
3	1	A	40000	0	100	100	100000	100000	100000	100000	100000	100000	100000	100000	100001
3	1	B	40000	0	100	100	100000	100000	100000	100000	100000	100000	100000	100000	100001
3	2	G	40000	93435	6.565	1.48	6565	9261	2	3	0	8854	398	4	9261
3	2	A	40000	93672	6.328	1.474	6328	4854	1	0	0	4467	384	2	4854
3	2	B	40000	94107	5.893	1.486	5893	4407	1	3	0	4387	14	2	4407
3	2	cSpy was 2 spamed and the readout avoided!
3	3	G	40000	100000	0	0	0	0	0	0	0	0	0	0	2
3	3	A	40000	100000	0	0	0	0	0	0	0	0	0	0	1
3	3	B	40000	100000	0	0	0	0	0	0	0	0	0	0	1
3	4	G	40000	79812	20.188	9.7655	20188	16931	33	0	0	16792	63	43	16898
3	4	A	40000	81840	18.16	9.629	18160	8531	16	0	0	8467	13	35	8504
3	4	B	40000	81698	18.302	9.902	18302	8400	17	0	0	8325	50	8	8394
3	5	G	40000	0	100	100	100000	200000	200000	200000	200000	200000	200000	200000	200002
3	5	A	40000	0	100	100	100000	100000	100000	100000	100000	100000	100000	100000	100001
3	5	B	40000	0	100	100	100000	100000	100000	100000	100000	100000	100000	100000	100001
3	6	G	40000	58799	41.201	30.719	41201	17768	42	8	0	16542	1014	162	17636
3	6	A	40000	59776	40.224	31.012	40224	9212	1	0	0	8290	862	59	9160
3	6	B	40000	61018	38.982	30.426	38982	8556	41	8	0	8252	152	103	8476
3	6	cSpy was 59 spamed and the readout avoided!
3	7	G	40000	100000	0	0	0	0	0	0	0	0	0	0	2
3	7	A	40000	100000	0	0	0	0	0	0	0	0	0	0	1
3	7	B	40000	100000	0	0	0	0	0	0	0	0	0	0	1
4	0	G	40000	810	99.19	67.4265	99190	18603	175	3	0	15725	2318	382	18240
4	0	A	40000	1186	98.814	97.331	98814	1483	97	0	0	706	328	352	1182
4	0	B	40000	45358	54.642	37.522	54642	17120	78	3	0	15019	1990	30	17058
4	0	cSpy was 26 spamed and the readout avoided!
4	1	G	40000	100000	0	0	0	0	0	0	0	0	0	0	2
4	1	A	40000	100000	0	0	0	0	0	0	0	0	0	0	1
4	1	B	40000	100000	0	0	0	0	0	0	0	0	0	0	1
4	2	G	40000	99201	0.799	0.0955	799	1312	0	0	0	1312	0	0	1314
4	2	A	40000	99243	0.757003	0.105	757	652	0	0	0	652	0	0	653
4	2	B	40000	99254	0.746	0.086	746	660	0	0	0	660	0	0	661
4	3	G	40000	21870	78.13	56.169	78130	35149	678	0	0	33842	107	522	34240
4	3	A	40000	26024	73.976	56.379	73976	17597	327	0	0	16900	1	369	16997
4	3	B	40000	26489	73.511	55.959	73511	17552	351	0	0	16942	106	153	17243
4	3	cSpy was 6 spamed and the readout avoided!
4	4	G	40000	7464	92.536	71.649	92536	27534	113	17	0	24677	2363	365	27277
4	4	A	40000	14311	85.689	72.045	85689	13644	50	13	0	11964	1278	340	13441
4	4	B	40000	14857	85.143	71.253	85143	13890	63	4	0	12713	1085	25	13836
4	4	cSpy was 24 spamed and the readout avoided!
4	5	G	40000	100000	0	0	0	0	0	0	0	0	0	0	2
4	5	A	40000	100000	0	0	0	0	0	0	0	0	0	0	1
4	5	B	40000	100000	0	0	0	0	0	0	0	0	0	0	1
4	6	G	40000	100000	0	0	0	0	0	0	0	0	0	0	2
4	6	A	40000	100000	0	0	0	0	0	0	0	0	0	0	1
4	6	B	40000	100000	0	0	0	0	0	0	0	0	0	0	1
4	7	G	40000	29864	70.136	47.4215	70136	35493	322	2	0	34863	28	278	35072
4	7	A	40000	34741	65.259	47.572	65259	17687	156	2	0	17318	1	210	17395
4	7	B	40000	34923	65.077	47.271	65077	17806	166	0	0	17545	27	68	17677
4	7	cSpy was 6 spamed and the readout avoided!
5	0	G	40000	501	99.499	56.5475	99499	14431	138	0	0	13367	101	825	13893
5	0	A	40000	610	99.39	98.242	99390	1148	138	0	0	92	94	824	610
5	0	B	40000	71864	28.136	14.853	28136	13283	0	0	0	13275	7	1	13283
5	0	cSpy was 49 spamed and the readout avoided!
5	1	G	40000	43562	56.438	32.5255	56438	36612	82	0	0	36419	2	109	36537
5	1	A	40000	49192	50.808	32.685	50808	18123	40	0	0	17977	2	104	18059
5	1	B	40000	49145	50.855	32.366	50855	18489	42	0	0	18442	0	5	18478
5	1	cSpy was 3 spamed and the readout avoided!
5	2	G	40000	35	99.965	98.837	99965	1505	25	0	0	599	97	784	819
5	2	A	40000	82	99.918	99.211	99918	707	0	0	0	8	0	699	82
5	2	B	40000	739	99.261	98.463	99261	798	25	0	0	591	97	85	737
5	2	cSpy was 24 spamed and the readout avoided!
5	3	G	40000	99045	0.954998	0	955	1908	0	0	0	1906	2	0	1910
5	3	A	40000	99045	0.954998	0	955	955	0	0	0	953	2	0	956
5	3	B	40000	99047	0.953001	0	953	953	0	0	0	953	0	0	954
5	4	G	40000	100000	0	0	0	0	0	0	0	0	0	0	2
5	4	A	40000	100000	0	0	0	0	0	0	0	0	0	0	1
5	4	B	40000	100000	0	0	0	0	0	0	0	0	0	0	1
5	5	G	40000	90417	9.583	2.621	9583	12009	2	0	0	12001	1	5	12009
5	5	A	40000	91285	8.715	2.758	8715	5957	1	0	0	5950	1	5	5956
5	5	B	40000	91464	8.536	2.484	8536	6052	1	0	0	6051	0	0	6053
5	6	G	40000	60	99.94	98.4415	99940	1743	105	0	0	551	659	428	1367
5	6	A	40000	178	99.822	99.385	99822	437	14	0	0	83	15	325	173
5	6	B	40000	1196	98.804	97.498	98804	1306	91	0	0	468	644	103	1194
5	6	cSpy was 82 spamed and the readout avoided!
5	7	G	40000	38496	61.504	14.051	61504	61792	17	20	0	55300	6346	109	61726
5	7	A	40000	53582	46.418	15.253	46418	31165	17	20	0	26974	4046	108	31100
5	7	B	40000	56524	43.476	12.849	43476	30627	0	0	0	28326	2300	1	30626
5	7	cSpy was 2 spamed and the readout avoided!
6	0	G	40000	630	99.37	95.7725	99370	4541	359	1	0	2256	1229	696	3900
6	0	A	40000	1380	98.62	96.727	98620	1893	207	0	0	231	828	627	1380
6	0	B	40000	2534	97.466	94.818	97466	2648	152	1	0	2025	401	69	2520
6	0	cSpy was 57 spamed and the readout avoided!
6	1	G	40000	12807	87.193	51.0195	87193	47398	6	1	0	42383	4627	381	47203
6	1	A	40000	23786	76.214	53.701	76214	22513	1	1	0	19646	2491	374	22325
6	1	B	40000	26777	73.223	48.338	73223	24885	5	0	0	22737	2136	7	24878
6	1	cSpy was 10 spamed and the readout avoided!
6	2	G	40000	100000	0	0	0	0	0	0	0	0	0	0	2
6	2	A	40000	100000	0	0	0	0	0	0	0	0	0	0	1
6	2	B	40000	100000	0	0	0	0	0	0	0	0	0	0	1
6	3	G	40000	100000	0	0	0	0	0	0	0	0	0	0	2
6	3	A	40000	100000	0	0	0	0	0	0	0	0	0	0	1
6	3	B	40000	100000	0	0	0	0	0	0	0	0	0	0	1
6	4	G	40000	20373	79.627	58.6715	79627	34245	817	0	0	32666	160	602	33155
6	4	A	40000	23915	76.085	58.939	76085	17146	395	0	0	16324	0	427	16419
6	4	B	40000	24497	75.503	58.404	75503	17099	422	0	0	16342	160	175	16736
6	4	cSpy was 8 spamed and the readout avoided!
6	5	G	40000	1491	98.509	92.132	98509	8080	311	8	1	6506	425	829	7467
6	5	A	40000	3516	96.484	92.671	96484	3813	63	1	1	2881	202	665	3435
6	5	B	40000	4140	95.86	91.593	95860	4267	248	7	0	3625	223	164	4032
6	5	cSpy was 91 spamed and the readout avoided!
6	6	G	40000	100000	0	0	0	0	0	0	0	0	0	0	2
6	6	A	40000	100000	0	0	0	0	0	0	0	0	0	0	1
6	6	B	40000	100000	0	0	0	0	0	0	0	0	0	0	1
6	7	G	40000	100000	0	0	0	0	0	0	0	0	0	0	2
6	7	A	40000	100000	0	0	0	0	0	0	0	0	0	0	1
6	7	B	40000	100000	0	0	0	0	0	0	0	0	0	0	1
7	0	G	40000	2076	97.924	47.902	97924	3447	227	0	0	2592	63	565	2951
7	0	A	40000	2090	97.91	95.351	97910	2559	227	0	0	1704	63	565	2062
7	0	B	40000	98659	1.341	0.453	1341	888	0	0	0	888	0	0	889
7	0	cSpy was 1 spamed and the readout avoided!
7	1	G	40000	100000	0	0	0	0	0	0	0	0	0	0	2
7	1	A	40000	100000	0	0	0	0	0	0	0	0	0	0	1
7	1	B	40000	100000	0	0	0	0	0	0	0	0	0	0	1
7	2	G	40000	96895	3.105	0.3435	3105	5045	1	0	0	4998	42	4	5045
7	2	A	40000	97082	2.918	0.397	2918	2521	1	0	0	2485	31	4	2520
7	2	B	40000	97186	2.814	0.29	2814	2524	0	0	0	2513	11	0	2525
7	3	G	40000	0	100	100	100000	200000	200000	200000	200000	200000	200000	200000	200002
7	3	A	40000	0	100	100	100000	100000	100000	100000	100000	100000	100000	100000	100001
7	3	B	40000	0	100	100	100000	100000	100000	100000	100000	100000	100000	100000	100001
7	4	G	40000	64269	35.731	27.8665	35731	13207	130	2	0	11923	822	330	12970
7	4	A	40000	65020	34.98	28.098	34980	6882	16	0	0	5943	662	261	6749
7	4	B	40000	66040	33.96	27.635	33960	6325	114	2	0	5980	160	69	6221
7	4	cSpy was 48 spamed and the readout avoided!
7	5	G	40000	100000	0	0	0	0	0	0	0	0	0	0	2
7	5	A	40000	100000	0	0	0	0	0	0	0	0	0	0	1
7	5	B	40000	100000	0	0	0	0	0	0	0	0	0	0	1
7	6	G	40000	97127	2.873	0.9445	2873	2399	2	7	0	2363	19	8	2399
7	6	A	40000	97782	2.218	1.041	2218	1177	2	7	0	1154	6	8	1176
7	6	B	40000	97930	2.07	0.848	2070	1222	0	0	0	1209	13	0	1223
7	6	cSpy was 1 spamed and the readout avoided!
7	7	G	40000	53513	46.487	19.1	46487	41563	7	13	0	40464	858	221	41471
7	7	A	40000	59380	40.62	19.487	40620	21133	7	13	0	20530	362	221	21041
7	7	B	40000	60857	39.143	18.713	39143	20430	0	0	0	19934	496	0	20430
7	7	cSpy was 8 spamed and the readout avoided!
