#the gain was set to: 2	the bias was set to: 30
#Sent triggers per delay setting: 100000	and with a frequency [Hz] of: 40000
#160MHz delay setting	400MHz delay setting	Frequency	correct transmitted H+T		error rate [%]	uncertainty [%]	bad or missed events	error count	missing headers	missing trailers	flipped H/T	event nr errors	tbm missed trigger	unknown errors	event nr resets
0	0	G	40000	426	99.574	71.2635	99574	19197	102	0	0	18149	314	632	18649
0	0	A	40000	617	99.383	98.225	99383	1158	88	0	0	178	270	622	617
0	0	B	40000	37659	62.341	44.302	62341	18039	14	0	0	17971	44	10	18032
0	0	cSpy was 29 spamed and the readout avoided!
0	1	G	40000	35777	64.223	46.9425	64223	23108	403	0	0	21649	498	558	22805
0	1	A	40000	43692	56.308	46.438	56308	9870	209	0	0	9241	1	419	9663
0	1	B	40000	39315	60.685	47.447	60685	13238	194	0	0	12408	497	139	13142
0	2	G	40000	4222	95.778	80.765	95778	18989	54	1	0	16351	2233	350	18757
0	2	A	40000	8628	91.372	82.905	91372	8467	33	0	0	6808	1286	340	8253
0	2	B	40000	10853	89.147	78.625	89147	10522	21	1	0	9543	947	10	10504
0	2	cSpy was 4 spamed and the readout avoided!
0	3	G	40000	100000	0	0	0	0	0	0	0	0	0	0	2
0	3	A	40000	100000	0	0	0	0	0	0	0	0	0	0	1
0	3	B	40000	100000	0	0	0	0	0	0	0	0	0	0	1
0	4	G	40000	100000	0	0	0	0	0	0	0	0	0	0	2
0	4	A	40000	100000	0	0	0	0	0	0	0	0	0	0	1
0	4	B	40000	100000	0	0	0	0	0	0	0	0	0	0	1
0	5	G	40000	43049	56.951	35.4405	56951	30207	27	0	0	29724	152	304	30155
0	5	A	40000	51371	48.629	34.977	48629	13652	16	0	0	13290	50	296	13608
0	5	B	40000	47541	52.459	35.904	52459	16555	11	0	0	16434	102	8	16547
0	6	G	40000	2257	97.743	89.608	97743	10414	199	10	0	8124	1578	503	9949
0	6	A	40000	4816	95.184	90.367	95184	4817	86	0	0	3421	1045	265	4589
0	6	B	40000	5554	94.446	88.849	94446	5597	113	10	0	4703	533	238	5360
0	6	cSpy was 57 spamed and the readout avoided!
0	7	G	40000	99459	0.541002	0.005	541	1072	0	0	0	1072	0	0	1074
0	7	A	40000	99459	0.541002	0.005	541	536	0	0	0	536	0	0	537
0	7	B	40000	99459	0.541002	0.005	541	536	0	0	0	536	0	0	537
1	0	G	40000	342	99.658	97.179	99658	2957	219	0	0	1875	286	577	2432
1	0	A	40000	1320	98.68	96.922	98680	1758	182	0	0	882	199	495	1305
1	0	B	40000	1365	98.635	97.436	98635	1199	37	0	0	993	87	82	1127
1	0	cSpy was 30 spamed and the readout avoided!
1	1	G	40000	98880	1.12	0.2515	1120	1731	0	0	0	1730	1	0	1733
1	1	A	40000	98885	1.115	0.25	1115	865	0	0	0	865	0	0	866
1	1	B	40000	98881	1.119	0.253	1119	866	0	0	0	865	1	0	867
1	2	G	40000	100000	0	0	0	0	0	0	0	0	0	0	2
1	2	A	40000	100000	0	0	0	0	0	0	0	0	0	0	1
1	2	B	40000	100000	0	0	0	0	0	0	0	0	0	0	1
1	3	G	40000	89574	10.426	5.247	10426	6970	1	0	0	6744	182	43	6967
1	3	A	40000	91768	8.232	4.866	8232	3366	1	0	0	3166	157	42	3363
1	3	B	40000	90768	9.232	5.628	9232	3604	0	0	0	3578	25	1	3604
1	4	G	40000	0	100	100	100000	200000	200000	200000	200000	200000	200000	200000	200002
1	4	A	40000	0	100	100	100000	100000	100000	100000	100000	100000	100000	100000	100001
1	4	B	40000	0	100	100	100000	100000	100000	100000	100000	100000	100000	100000	100001
1	5	G	40000	71408	28.592	5.6005	28592	22774	0	0	0	20382	2392	0	22776
1	5	A	40000	86290	13.71	2.074	13710	11636	0	0	0	10471	1165	0	11637
1	5	B	40000	79735	20.265	9.127	20265	11138	0	0	0	9911	1227	0	11139
1	6	G	40000	100000	0	0	0	0	0	0	0	0	0	0	2
1	6	A	40000	100000	0	0	0	0	0	0	0	0	0	0	1
1	6	B	40000	100000	0	0	0	0	0	0	0	0	0	0	1
1	7	G	40000	99994	0.00600219	0	6	12	0	0	0	12	0	0	14
1	7	A	40000	99994	0.00600219	0	6	6	0	0	0	6	0	0	7
1	7	B	40000	99994	0.00600219	0	6	6	0	0	0	6	0	0	7
2	0	G	40000	2315	97.685	48.3995	97685	4034	48	0	0	3805	107	74	3948
2	0	A	40000	2352	97.648	95.248	97648	2400	48	0	0	2171	107	74	2313
2	0	B	40000	96815	3.185	1.551	3185	1634	0	0	0	1634	0	0	1635
2	1	G	40000	99267	0.733	0.2285	733	858	0	0	0	853	3	2	860
2	1	A	40000	99365	0.634998	0.218	635	417	0	0	0	412	3	2	418
2	1	B	40000	99320	0.68	0.239	680	441	0	0	0	441	0	0	442
2	2	G	40000	26199	73.801	52.327	73801	26377	813	0	0	23477	1381	706	25682
2	2	A	40000	37739	62.261	50.451	62261	11810	453	0	0	10272	608	477	11370
2	2	B	40000	31230	68.77	54.203	68770	14567	360	0	0	13205	773	229	14312
2	3	G	40000	6387	93.613	69.9945	93613	28028	145	2	0	24536	3111	234	27797
2	3	A	40000	19650	80.35	62.668	80350	17682	18	0	0	15317	2242	105	17594
2	3	B	40000	12333	87.667	77.321	87667	10346	127	2	0	9219	869	129	10203
2	3	cSpy was 44 spamed and the readout avoided!
2	4	G	40000	100000	0	0	0	0	0	0	0	0	0	0	2
2	4	A	40000	100000	0	0	0	0	0	0	0	0	0	0	1
2	4	B	40000	100000	0	0	0	0	0	0	0	0	0	0	1
2	5	G	40000	99691	0.309002	0.0545	309	475	0	0	0	475	0	0	477
2	5	A	40000	99718	0.282001	0.052	282	230	0	0	0	230	0	0	231
2	5	B	40000	99698	0.301999	0.057	302	245	0	0	0	245	0	0	246
2	6	G	40000	38843	61.157	38.4255	61157	27377	131	0	0	26084	795	367	27267
2	6	A	40000	51089	48.911	36.631	48911	12280	85	0	0	11223	639	333	12186
2	6	B	40000	44683	55.317	40.22	55317	15097	46	0	0	14861	156	34	15081
2	7	G	40000	0	100	100	100000	200000	200000	200000	200000	200000	200000	200000	200002
2	7	A	40000	0	100	100	100000	100000	100000	100000	100000	100000	100000	100000	100001
2	7	B	40000	0	100	100	100000	100000	100000	100000	100000	100000	100000	100000	100001
3	0	G	40000	821	99.179	78.8185	99179	18263	268	4	0	16882	428	681	17666
3	0	A	40000	1456	98.544	96.571	98544	1973	188	0	0	1114	31	640	1435
3	0	B	40000	22644	77.356	61.066	77356	16290	80	4	0	15768	397	41	16231
3	0	cSpy was 14 spamed and the readout avoided!
3	1	G	40000	0	100	100	100000	200000	200000	200000	200000	200000	200000	200000	200002
3	1	A	40000	0	100	100	100000	100000	100000	100000	100000	100000	100000	100000	100001
3	1	B	40000	0	100	100	100000	100000	100000	100000	100000	100000	100000	100000	100001
3	2	G	40000	99579	0.421	0	421	842	0	0	0	842	0	0	844
3	2	A	40000	99579	0.421	0	421	421	0	0	0	421	0	0	422
3	2	B	40000	99579	0.421	0	421	421	0	0	0	421	0	0	422
3	3	G	40000	100000	0	0	0	0	0	0	0	0	0	0	2
3	3	A	40000	100000	0	0	0	0	0	0	0	0	0	0	1
3	3	B	40000	100000	0	0	0	0	0	0	0	0	0	0	1
3	4	G	40000	83881	16.119	9.817	16119	10293	95	0	0	10095	21	82	10163
3	4	A	40000	85002	14.998	9.784	14998	5214	47	0	0	5110	1	56	5127
3	4	B	40000	85071	14.929	9.85	14929	5079	48	0	0	4985	20	26	5036
3	5	G	40000	0	100	100	100000	200000	200000	200000	200000	200000	200000	200000	200002
3	5	A	40000	0	100	100	100000	100000	100000	100000	100000	100000	100000	100000	100001
3	5	B	40000	0	100	100	100000	100000	100000	100000	100000	100000	100000	100000	100001
3	6	G	40000	47915	52.085	31.5185	52085	30338	145	19	0	27785	2104	285	30079
3	6	A	40000	52680	47.32	31.601	47320	15719	83	11	0	13716	1664	245	15516
3	6	B	40000	53945	46.055	31.436	46055	14619	62	8	0	14069	440	40	14563
3	6	cSpy was 31 spamed and the readout avoided!
3	7	G	40000	100000	0	0	0	0	0	0	0	0	0	0	2
3	7	A	40000	100000	0	0	0	0	0	0	0	0	0	0	1
3	7	B	40000	100000	0	0	0	0	0	0	0	0	0	0	1
4	0	G	40000	1218	98.782	70.774	98782	21950	283	4	0	19197	2087	379	21518
4	0	A	40000	2177	97.823	95.291	97823	2532	182	3	0	1182	818	347	2175
4	0	B	40000	34325	65.675	46.257	65675	19418	101	1	0	18015	1269	32	19343
4	0	cSpy was 20 spamed and the readout avoided!
4	1	G	40000	100000	0	0	0	0	0	0	0	0	0	0	2
4	1	A	40000	100000	0	0	0	0	0	0	0	0	0	0	1
4	1	B	40000	100000	0	0	0	0	0	0	0	0	0	0	1
4	2	G	40000	96658	3.342	1.602	3342	2622	4	0	0	2613	1	4	2621
4	2	A	40000	97087	2.913	1.631	2913	1282	2	0	0	1275	1	4	1280
4	2	B	40000	97087	2.913	1.573	2913	1340	2	0	0	1338	0	0	1341
4	3	G	40000	20298	79.702	58.714	79702	34246	820	0	0	32675	145	606	33162
4	3	A	40000	23873	76.127	58.971	76127	17156	397	0	0	16331	0	428	16434
4	3	B	40000	24453	75.547	58.457	75547	17090	423	0	0	16344	145	178	16728
4	3	cSpy was 8 spamed and the readout avoided!
4	4	G	40000	6895	93.105	74.2455	93105	25109	136	9	0	22227	2186	551	24709
4	4	A	40000	12853	87.147	74.81	87147	12337	41	4	0	10769	1100	423	12075
4	4	B	40000	13547	86.453	73.681	86453	12772	95	5	0	11458	1086	128	12634
4	4	cSpy was 69 spamed and the readout avoided!
4	5	G	40000	100000	0	0	0	0	0	0	0	0	0	0	2
4	5	A	40000	100000	0	0	0	0	0	0	0	0	0	0	1
4	5	B	40000	100000	0	0	0	0	0	0	0	0	0	0	1
4	6	G	40000	99944	0.0559986	0.003	56	106	0	0	0	106	0	0	108
4	6	A	40000	99944	0.0559986	0.003	56	53	0	0	0	53	0	0	54
4	6	B	40000	99944	0.0559986	0.003	56	53	0	0	0	53	0	0	54
4	7	G	40000	25773	74.227	50.813	74227	36943	372	0	0	36202	39	330	36446
4	7	A	40000	30618	69.382	50.949	69382	18433	179	0	0	18009	0	245	18092
4	7	B	40000	30813	69.187	50.677	69187	18510	193	0	0	18193	39	85	18354
4	7	cSpy was 3 spamed and the readout avoided!
5	0	G	40000	502	99.498	56.6445	99498	14608	142	0	0	13519	108	839	14044
5	0	A	40000	606	99.394	98.223	99394	1171	142	0	0	88	103	838	606
5	0	B	40000	71497	28.503	15.066	28503	13437	0	0	0	13431	5	1	13438
5	0	cSpy was 61 spamed and the readout avoided!
5	1	G	40000	40999	59.001	33.6685	59001	38565	66	0	0	38383	3	113	38488
5	1	A	40000	47077	52.923	33.828	52923	19095	33	0	0	18956	3	103	19034
5	1	B	40000	47021	52.979	33.509	52979	19470	33	0	0	19427	0	10	19454
5	1	cSpy was 3 spamed and the readout avoided!
5	2	G	40000	83	99.917	98.5425	99917	1811	65	0	0	798	110	838	1102
5	2	A	40000	196	99.804	99.032	99804	772	8	0	0	66	6	692	195
5	2	B	40000	908	99.092	98.053	99092	1039	57	0	0	732	104	146	907
5	2	cSpy was 67 spamed and the readout avoided!
5	3	G	40000	97468	2.532	0.009	2532	5030	0	0	0	5015	15	0	5032
5	3	A	40000	97468	2.532	0.009	2532	2523	0	0	0	2508	15	0	2524
5	3	B	40000	97484	2.516	0.009	2516	2507	0	0	0	2507	0	0	2508
5	4	G	40000	100000	0	0	0	0	0	0	0	0	0	0	2
5	4	A	40000	100000	0	0	0	0	0	0	0	0	0	0	1
5	4	B	40000	100000	0	0	0	0	0	0	0	0	0	0	1
5	5	G	40000	87410	12.59	4.187	12590	14296	9	0	0	14275	1	11	14287
5	5	A	40000	88580	11.42	4.335	11420	7085	4	0	0	7071	1	9	7078
5	5	B	40000	88750	11.25	4.039	11250	7211	5	0	0	7204	0	2	7209
5	5	cSpy was 1 spamed and the readout avoided!
5	6	G	40000	0	100	100	100000	200000	200000	200000	200000	200000	200000	200000	200002
5	6	A	40000	0	100	100	100000	100000	100000	100000	100000	100000	100000	100000	100001
5	6	B	40000	0	100	100	100000	100000	100000	100000	100000	100000	100000	100000	100001
5	7	G	40000	26410	73.59	20.5435	73590	67815	9	13	0	59748	7875	170	67720
5	7	A	40000	44167	55.833	23.025	55833	32808	9	13	0	27975	4642	169	32714
5	7	B	40000	46931	53.069	18.062	53069	35007	0	0	0	31773	3233	1	35006
5	7	cSpy was 2 spamed and the readout avoided!
6	0	G	40000	0	100	100	100000	200000	200000	200000	200000	200000	200000	200000	200002
6	0	A	40000	0	100	100	100000	100000	100000	100000	100000	100000	100000	100000	100001
6	0	B	40000	0	100	100	100000	100000	100000	100000	100000	100000	100000	100000	100001
6	1	G	40000	14278	85.722	59.9885	85722	33129	115	0	0	29125	3225	664	32675
6	1	A	40000	22165	77.835	62.329	77835	15506	3	0	0	13217	1712	574	15174
6	1	B	40000	24729	75.271	57.648	75271	17623	112	0	0	15908	1513	90	17501
6	1	cSpy was 46 spamed and the readout avoided!
6	2	G	40000	100000	0	0	0	0	0	0	0	0	0	0	2
6	2	A	40000	100000	0	0	0	0	0	0	0	0	0	0	1
6	2	B	40000	100000	0	0	0	0	0	0	0	0	0	0	1
6	3	G	40000	99853	0.147003	0.029	147	192	0	0	0	192	0	0	194
6	3	A	40000	99872	0.128001	0.031	128	97	0	0	0	97	0	0	98
6	3	B	40000	99878	0.121999	0.027	122	95	0	0	0	95	0	0	96
6	4	G	40000	20125	79.875	58.8195	79875	34157	821	0	0	32581	148	607	33069
6	4	A	40000	23802	76.198	59.098	76198	17100	403	0	0	16262	0	435	16363
6	4	B	40000	24402	75.598	58.541	75598	17057	418	0	0	16319	148	172	16706
6	4	cSpy was 8 spamed and the readout avoided!
6	5	G	40000	4308	95.692	84.769	95692	13654	231	7	0	11452	1459	506	13250
6	5	A	40000	7520	92.48	86.468	92480	6012	29	1	0	5010	587	386	5795
6	5	B	40000	9288	90.712	83.07	90712	7642	202	6	0	6442	872	120	7455
6	5	cSpy was 48 spamed and the readout avoided!
6	6	G	40000	100000	0	0	0	0	0	0	0	0	0	0	2
6	6	A	40000	100000	0	0	0	0	0	0	0	0	0	0	1
6	6	B	40000	100000	0	0	0	0	0	0	0	0	0	0	1
6	7	G	40000	100000	0	0	0	0	0	0	0	0	0	0	2
6	7	A	40000	100000	0	0	0	0	0	0	0	0	0	0	1
6	7	B	40000	100000	0	0	0	0	0	0	0	0	0	0	1
7	0	G	40000	2024	97.976	47.9885	97976	4250	214	0	0	3407	89	540	3766
7	0	A	40000	2062	97.938	95.422	97938	2516	214	0	0	1684	78	540	2031
7	0	B	40000	97711	2.289	0.555	2289	1734	0	0	0	1723	11	0	1735
7	0	cSpy was 1 spamed and the readout avoided!
7	1	G	40000	100000	0	0	0	0	0	0	0	0	0	0	2
7	1	A	40000	100000	0	0	0	0	0	0	0	0	0	0	1
7	1	B	40000	100000	0	0	0	0	0	0	0	0	0	0	1
7	2	G	40000	93751	6.249	1.3935	6249	7452	1	9	0	7362	68	12	7451
7	2	A	40000	94750	5.25	1.549	5250	3701	1	9	0	3643	36	12	3699
7	2	B	40000	95011	4.989	1.238	4989	3751	0	0	0	3719	32	0	3752
7	2	cSpy was 1 spamed and the readout avoided!
7	3	G	40000	0	100	100	100000	200000	200000	200000	200000	200000	200000	200000	200002
7	3	A	40000	0	100	100	100000	100000	100000	100000	100000	100000	100000	100000	100001
7	3	B	40000	0	100	100	100000	100000	100000	100000	100000	100000	100000	100000	100001
7	4	G	40000	78108	21.892	4.6925	21892	29854	0	0	0	27149	2652	53	29845
7	4	A	40000	78952	21.048	4.703	21048	16345	0	0	0	14073	2220	52	16335
7	4	B	40000	81809	18.191	4.682	18191	13509	0	0	0	13076	432	1	13510
7	5	G	40000	100000	0	0	0	0	0	0	0	0	0	0	2
7	5	A	40000	100000	0	0	0	0	0	0	0	0	0	0	1
7	5	B	40000	100000	0	0	0	0	0	0	0	0	0	0	1
7	6	G	40000	97024	2.976	0.9685	2976	2452	5	8	0	2408	26	5	2453
7	6	A	40000	97730	2.27	1.067	2270	1203	5	8	0	1182	3	5	1203
7	6	B	40000	97881	2.119	0.87	2119	1249	0	0	0	1226	23	0	1250
7	6	cSpy was 1 spamed and the readout avoided!
7	7	G	40000	55012	44.988	18.143	44988	40902	16	26	0	39863	791	206	40818
7	7	A	40000	60635	39.365	18.545	39365	20820	15	26	0	20241	332	206	20736
7	7	B	40000	62177	37.823	17.741	37823	20082	1	0	0	19622	459	0	20082
7	7	cSpy was 7 spamed and the readout avoided!
