#the gain was set to: 2	the bias was set to: 30
#Sent triggers per delay setting: 100000	and with a frequency [Hz] of: 40000
#160MHz delay setting	400MHz delay setting	Frequency	correct transmitted H+T		error rate [%]	uncertainty [%]	bad or missed events	error count	missing headers	missing trailers	flipped H/T	event nr errors	tbm missed trigger	unknown errors	event nr resets
0	0	G	40000	389	99.611	73.4555	99611	18810	97	0	0	17790	289	634	18275
0	0	A	40000	617	99.383	98.245	99383	1138	79	0	0	176	262	621	617
0	0	B	40000	33662	66.338	48.666	66338	17672	18	0	0	17614	27	13	17658
0	0	cSpy was 37 spamed and the readout avoided!
0	1	G	40000	42267	57.733	37.051	57733	27157	47	1	0	26665	111	333	27073
0	1	A	40000	51292	48.708	36.47	48708	12238	28	0	0	11835	52	323	12165
0	1	B	40000	47449	52.551	37.632	52551	14919	19	1	0	14830	59	10	14908
0	2	G	40000	2486	97.514	87.7345	97514	12272	290	9	0	9585	2006	382	11861
0	2	A	40000	5446	94.554	89.111	94554	5443	97	0	0	3991	1043	312	5191
0	2	B	40000	6813	93.187	86.358	93187	6829	193	9	0	5594	963	70	6670
0	2	cSpy was 29 spamed and the readout avoided!
0	3	G	40000	99994	0.00600219	0.001	6	10	0	0	0	10	0	0	12
0	3	A	40000	99994	0.00600219	0.001	6	5	0	0	0	5	0	0	6
0	3	B	40000	99994	0.00600219	0.001	6	5	0	0	0	5	0	0	6
0	4	G	40000	100000	0	0	0	0	0	0	0	0	0	0	2
0	4	A	40000	100000	0	0	0	0	0	0	0	0	0	0	1
0	4	B	40000	100000	0	0	0	0	0	0	0	0	0	0	1
0	5	G	40000	76159	23.841	9.438	23841	22645	3	0	0	22537	16	89	22626
0	5	A	40000	80058	19.942	9.24	19942	10702	2	0	0	10603	8	89	10682
0	5	B	40000	78421	21.579	9.636	21579	11943	1	0	0	11934	8	0	11944
0	6	G	40000	1000	99	94.4085	99000	5740	394	5	0	3819	1221	301	5290
0	6	A	40000	3441	96.559	93.064	96559	3495	130	0	0	2282	933	150	3307
0	6	B	40000	2002	97.998	95.753	97998	2245	264	5	0	1537	288	151	1983
0	6	cSpy was 59 spamed and the readout avoided!
0	7	G	40000	78377	21.623	4.072	21623	17591	0	0	0	15877	1714	0	17593
0	7	A	40000	89428	10.572	1.632	10572	8940	0	0	0	8057	883	0	8941
0	7	B	40000	84837	15.163	6.512	15163	8651	0	0	0	7820	831	0	8652
1	0	G	40000	211	99.789	98.41	99789	1795	141	0	0	1012	149	493	1384
1	0	A	40000	734	99.266	98.172	99266	1094	116	0	0	437	97	444	733
1	0	B	40000	651	99.349	98.648	99349	701	25	0	0	575	52	49	651
1	0	cSpy was 27 spamed and the readout avoided!
1	1	G	40000	74594	25.406	5.34	25406	19972	3	0	0	17436	2523	10	19971
1	1	A	40000	87722	12.278	2.266	12278	10012	0	0	0	8789	1214	9	10013
1	1	B	40000	81626	18.374	8.414	18374	9960	3	0	0	8647	1309	1	9958
1	2	G	40000	100000	0	0	0	0	0	0	0	0	0	0	2
1	2	A	40000	100000	0	0	0	0	0	0	0	0	0	0	1
1	2	B	40000	100000	0	0	0	0	0	0	0	0	0	0	1
1	3	G	40000	99559	0.441003	0.017	441	832	0	0	0	832	0	0	834
1	3	A	40000	99572	0.427997	0.016	428	412	0	0	0	412	0	0	413
1	3	B	40000	99562	0.437999	0.018	438	420	0	0	0	420	0	0	421
1	4	G	40000	697	99.303	96.971	99303	3025	230	0	0	1448	974	373	2625
1	4	A	40000	1601	98.399	96.919	98399	1480	48	0	0	697	612	123	1356
1	4	B	40000	1432	98.568	97.023	98568	1545	182	0	0	751	362	250	1269
1	4	cSpy was 11 spamed and the readout avoided!
1	5	G	40000	16598	83.402	31.065	83402	58492	13	4	0	49093	9313	69	58433
1	5	A	40000	50246	49.754	12.704	49754	37050	0	0	0	30041	6952	57	37012
1	5	B	40000	29132	70.868	49.426	70868	21442	13	4	0	19052	2361	12	21421
1	5	cSpy was 4 spamed and the readout avoided!
1	6	G	40000	100000	0	0	0	0	0	0	0	0	0	0	2
1	6	A	40000	100000	0	0	0	0	0	0	0	0	0	0	1
1	6	B	40000	100000	0	0	0	0	0	0	0	0	0	0	1
1	7	G	40000	99384	0.616002	0.197	616	623	0	0	0	619	2	2	625
1	7	A	40000	99517	0.483	0.185	483	298	0	0	0	294	2	2	299
1	7	B	40000	99466	0.533998	0.209	534	325	0	0	0	325	0	0	326
2	0	G	40000	2111	97.889	48.7475	97889	4167	46	1	0	3927	119	74	4082
2	0	A	40000	2152	97.848	95.635	97848	2213	46	1	0	1973	119	74	2127
2	0	B	40000	96186	3.814	1.86	3814	1954	0	0	0	1954	0	0	1955
2	1	G	40000	100000	0	0	0	0	0	0	0	0	0	0	2
2	1	A	40000	100000	0	0	0	0	0	0	0	0	0	0	1
2	1	B	40000	100000	0	0	0	0	0	0	0	0	0	0	1
2	2	G	40000	42239	57.761	38.3755	57761	23095	240	2	0	21221	1180	452	22877
2	2	A	40000	52996	47.004	36.266	47004	10738	128	1	0	9092	1171	346	10594
2	2	B	40000	47158	52.842	40.485	52842	12357	112	1	0	12129	9	106	12283
2	3	G	40000	3870	96.13	81.475	96130	18052	86	6	0	15158	2628	174	17911
2	3	A	40000	12008	87.992	76.619	87992	11373	16	0	0	9348	1885	124	11303
2	3	B	40000	6990	93.01	86.331	93010	6679	70	6	0	5810	743	50	6608
2	3	cSpy was 27 spamed and the readout avoided!
2	4	G	40000	100000	0	0	0	0	0	0	0	0	0	0	2
2	4	A	40000	100000	0	0	0	0	0	0	0	0	0	0	1
2	4	B	40000	100000	0	0	0	0	0	0	0	0	0	0	1
2	5	G	40000	100000	0	0	0	0	0	0	0	0	0	0	2
2	5	A	40000	100000	0	0	0	0	0	0	0	0	0	0	1
2	5	B	40000	100000	0	0	0	0	0	0	0	0	0	0	1
2	6	G	40000	59426	40.574	16.524	40574	29135	13	0	0	28197	812	113	29121
2	6	A	40000	70983	29.017	14.86	29017	14157	7	0	0	13345	695	110	14146
2	6	B	40000	66834	33.166	18.188	33166	14978	6	0	0	14852	117	3	14975
2	7	G	40000	0	100	100	100000	200000	200000	200000	200000	200000	200000	200000	200002
2	7	A	40000	0	100	100	100000	100000	100000	100000	100000	100000	100000	100000	100001
2	7	B	40000	0	100	100	100000	100000	100000	100000	100000	100000	100000	100000	100001
3	0	G	40000	1172	98.828	59.613	98828	18890	224	0	0	17715	309	642	18341
3	0	A	40000	1530	98.47	96.404	98470	2066	217	0	0	1181	28	640	1519
3	0	B	40000	60354	39.646	22.822	39646	16824	7	0	0	16534	281	2	16822
3	0	cSpy was 7 spamed and the readout avoided!
3	1	G	40000	0	100	100	100000	200000	200000	200000	200000	200000	200000	200000	200002
3	1	A	40000	0	100	100	100000	100000	100000	100000	100000	100000	100000	100000	100001
3	1	B	40000	0	100	100	100000	100000	100000	100000	100000	100000	100000	100000	100001
3	2	G	40000	90079	9.921	1.579	9921	16002	0	0	0	15586	412	4	16004
3	2	A	40000	90165	9.835	1.579	9835	8256	0	0	0	7857	395	4	8257
3	2	B	40000	90675	9.325	1.579	9325	7746	0	0	0	7729	17	0	7747
3	3	G	40000	100000	0	0	0	0	0	0	0	0	0	0	2
3	3	A	40000	100000	0	0	0	0	0	0	0	0	0	0	1
3	3	B	40000	100000	0	0	0	0	0	0	0	0	0	0	1
3	4	G	40000	99325	0.674999	0.047	675	1242	0	0	0	1242	0	0	1244
3	4	A	40000	99338	0.661999	0.041	662	621	0	0	0	621	0	0	622
3	4	B	40000	99326	0.673997	0.053	674	621	0	0	0	621	0	0	622
3	5	G	40000	0	100	100	100000	200000	200000	200000	200000	200000	200000	200000	200002
3	5	A	40000	0	100	100	100000	100000	100000	100000	100000	100000	100000	100000	100001
3	5	B	40000	0	100	100	100000	100000	100000	100000	100000	100000	100000	100000	100001
3	6	G	40000	22941	77.059	30.037	77059	61082	21	3	0	54606	6318	134	61004
3	6	A	40000	39515	60.485	30.096	60485	30389	13	1	0	25986	4259	130	30318
3	6	B	40000	39329	60.671	29.978	60671	30693	8	2	0	28620	2059	4	30686
3	6	cSpy was 15 spamed and the readout avoided!
3	7	G	40000	100000	0	0	0	0	0	0	0	0	0	0	2
3	7	A	40000	100000	0	0	0	0	0	0	0	0	0	0	1
3	7	B	40000	100000	0	0	0	0	0	0	0	0	0	0	1
4	0	G	40000	1388	98.612	81.3365	98612	18241	343	10	0	15391	2104	393	17757
4	0	A	40000	2955	97.045	93.716	97045	3329	211	8	0	1626	1139	345	2954
4	0	B	40000	16131	83.869	68.957	83869	14912	132	2	0	13765	965	48	14803
4	0	cSpy was 22 spamed and the readout avoided!
4	1	G	40000	100000	0	0	0	0	0	0	0	0	0	0	2
4	1	A	40000	100000	0	0	0	0	0	0	0	0	0	0	1
4	1	B	40000	100000	0	0	0	0	0	0	0	0	0	0	1
4	2	G	40000	100000	0	0	0	0	0	0	0	0	0	0	2
4	2	A	40000	100000	0	0	0	0	0	0	0	0	0	0	1
4	2	B	40000	100000	0	0	0	0	0	0	0	0	0	0	1
4	3	G	40000	20416	79.584	58.639	79584	34271	812	0	0	32715	150	594	33202
4	3	A	40000	23933	76.067	58.912	76067	17155	393	0	0	16338	0	424	16434
4	3	B	40000	24518	75.482	58.366	75482	17116	419	0	0	16377	150	170	16768
4	3	cSpy was 7 spamed and the readout avoided!
4	4	G	40000	0	100	100	100000	200000	200000	200000	200000	200000	200000	200000	200002
4	4	A	40000	0	100	100	100000	100000	100000	100000	100000	100000	100000	100000	100001
4	4	B	40000	0	100	100	100000	100000	100000	100000	100000	100000	100000	100000	100001
4	5	G	40000	100000	0	0	0	0	0	0	0	0	0	0	2
4	5	A	40000	100000	0	0	0	0	0	0	0	0	0	0	1
4	5	B	40000	100000	0	0	0	0	0	0	0	0	0	0	1
4	6	G	40000	100000	0	0	0	0	0	0	0	0	0	0	2
4	6	A	40000	100000	0	0	0	0	0	0	0	0	0	0	1
4	6	B	40000	100000	0	0	0	0	0	0	0	0	0	0	1
4	7	G	40000	78950	21.05	7.646	21050	21775	3	3	0	21745	2	22	21771
4	7	A	40000	81397	18.603	7.845	18603	10758	1	2	0	10733	2	20	10756
4	7	B	40000	81536	18.464	7.447	18464	11017	2	1	0	11012	0	2	11015
5	0	G	40000	485	99.515	57.7305	99515	15569	134	0	0	14474	108	853	15011
5	0	A	40000	584	99.416	98.273	99416	1143	134	0	0	59	99	851	584
5	0	B	40000	68386	31.614	17.188	31614	14426	0	0	0	14415	9	2	14427
5	0	cSpy was 55 spamed and the readout avoided!
5	1	G	40000	92386	7.614	2.15	7614	9343	2	0	0	9335	0	6	9343
5	1	A	40000	93114	6.886	2.246	6886	4640	1	0	0	4633	0	6	4639
5	1	B	40000	93243	6.757	2.054	6757	4703	1	0	0	4702	0	0	4704
5	2	G	40000	7	99.993	98.7245	99993	1408	69	0	0	476	588	275	1142
5	2	A	40000	15	99.985	99.839	99985	146	0	0	0	0	4	142	15
5	2	B	40000	1128	98.872	97.61	98872	1262	69	0	0	476	584	133	1127
5	2	cSpy was 19 spamed and the readout avoided!
5	3	G	40000	87483	12.517	1.4395	12517	19757	0	0	0	17916	1826	15	19757
5	3	A	40000	87673	12.327	1.44	12327	10887	0	0	0	9207	1665	15	10886
5	3	B	40000	89691	10.309	1.439	10309	8870	0	0	0	8709	161	0	8871
5	4	G	40000	100000	0	0	0	0	0	0	0	0	0	0	2
5	4	A	40000	100000	0	0	0	0	0	0	0	0	0	0	1
5	4	B	40000	100000	0	0	0	0	0	0	0	0	0	0	1
5	5	G	40000	99535	0.465	0.0295	465	849	0	0	0	849	0	0	851
5	5	A	40000	99541	0.458997	0.035	459	424	0	0	0	424	0	0	425
5	5	B	40000	99551	0.449002	0.024	449	425	0	0	0	425	0	0	426
5	6	G	40000	0	100	100	100000	200000	200000	200000	200000	200000	200000	200000	200002
5	6	A	40000	0	100	100	100000	100000	100000	100000	100000	100000	100000	100000	100001
5	6	B	40000	0	100	100	100000	100000	100000	100000	100000	100000	100000	100000	100001
5	7	G	40000	14770	85.23	44.331	85230	53118	1	0	0	46995	5857	265	52992
5	7	A	40000	27494	72.506	47.25	72506	25256	0	0	0	21757	3236	263	25133
5	7	B	40000	30726	69.274	41.412	69274	27862	1	0	0	25238	2621	2	27859
5	7	cSpy was 7 spamed and the readout avoided!
6	0	G	40000	0	100	100	100000	200000	200000	200000	200000	200000	200000	200000	200002
6	0	A	40000	0	100	100	100000	100000	100000	100000	100000	100000	100000	100000	100001
6	0	B	40000	0	100	100	100000	100000	100000	100000	100000	100000	100000	100000	100001
6	1	G	40000	4843	95.157	78.7985	95157	21131	127	14	2	18770	1370	848	20622
6	1	A	40000	9937	90.063	79.99	90063	10073	16	2	0	8702	594	759	9680
6	1	B	40000	11335	88.665	77.607	88665	11058	111	12	2	10068	776	89	10942
6	1	cSpy was 28 spamed and the readout avoided!
6	2	G	40000	100000	0	0	0	0	0	0	0	0	0	0	2
6	2	A	40000	100000	0	0	0	0	0	0	0	0	0	0	1
6	2	B	40000	100000	0	0	0	0	0	0	0	0	0	0	1
6	3	G	40000	100000	0	0	0	0	0	0	0	0	0	0	2
6	3	A	40000	100000	0	0	0	0	0	0	0	0	0	0	1
6	3	B	40000	100000	0	0	0	0	0	0	0	0	0	0	1
6	4	G	40000	20512	79.488	58.3025	79488	34570	732	0	0	33141	140	557	33589
6	4	A	40000	24139	75.861	58.578	75861	17283	353	0	0	16537	0	393	16623
6	4	B	40000	24686	75.314	58.027	75314	17287	379	0	0	16604	140	164	16966
6	4	cSpy was 9 spamed and the readout avoided!
6	5	G	40000	3158	96.842	93.355	96842	4611	152	0	0	3256	627	576	4143
6	5	A	40000	3653	96.347	94.491	96347	1856	8	0	0	1224	196	428	1576
6	5	B	40000	5026	94.974	92.219	94974	2755	144	0	0	2032	431	148	2567
6	5	cSpy was 72 spamed and the readout avoided!
6	6	G	40000	100000	0	0	0	0	0	0	0	0	0	0	2
6	6	A	40000	100000	0	0	0	0	0	0	0	0	0	0	1
6	6	B	40000	100000	0	0	0	0	0	0	0	0	0	0	1
6	7	G	40000	100000	0	0	0	0	0	0	0	0	0	0	2
6	7	A	40000	100000	0	0	0	0	0	0	0	0	0	0	1
6	7	B	40000	100000	0	0	0	0	0	0	0	0	0	0	1
7	0	G	40000	1799	98.201	48.2105	98201	5556	207	0	0	4661	91	597	5042
7	0	A	40000	1873	98.127	95.763	98127	2364	207	0	0	1470	90	597	1849
7	0	B	40000	96150	3.85	0.658	3850	3192	0	0	0	3191	1	0	3193
7	0	cSpy was 6 spamed and the readout avoided!
7	1	G	40000	100000	0	0	0	0	0	0	0	0	0	0	2
7	1	A	40000	100000	0	0	0	0	0	0	0	0	0	0	1
7	1	B	40000	100000	0	0	0	0	0	0	0	0	0	0	1
7	2	G	40000	97998	2.002	0.5935	2002	1875	2	3	0	1855	13	2	1877
7	2	A	40000	98420	1.58	0.649	1580	931	2	3	0	921	3	2	932
7	2	B	40000	98518	1.482	0.538	1482	944	0	0	0	934	10	0	945
7	3	G	40000	12531	87.469	70.691	87469	22530	96	2	0	20751	1218	463	22190
7	3	A	40000	17208	82.792	71.999	82792	10793	11	2	0	10052	397	331	10570
7	3	B	40000	18880	81.12	69.383	81120	11737	85	0	0	10699	821	132	11620
7	3	cSpy was 87 spamed and the readout avoided!
7	4	G	40000	36675	63.325	13.902	63325	63954	23	13	0	57071	6724	123	63901
7	4	A	40000	52730	47.27	15.255	47270	32015	23	13	0	27598	4258	123	31961
7	4	B	40000	55512	44.488	12.549	44488	31939	0	0	0	29473	2466	0	31940
7	4	cSpy was 1 spamed and the readout avoided!
7	5	G	40000	100000	0	0	0	0	0	0	0	0	0	0	2
7	5	A	40000	100000	0	0	0	0	0	0	0	0	0	0	1
7	5	B	40000	100000	0	0	0	0	0	0	0	0	0	0	1
7	6	G	40000	99437	0.563002	0.104	563	678	0	0	0	677	1	0	680
7	6	A	40000	99542	0.458002	0.118	458	340	0	0	0	339	1	0	341
7	6	B	40000	99572	0.427997	0.09	428	338	0	0	0	338	0	0	339
7	7	G	40000	64472	35.528	13.9475	35528	28941	24	149	0	28264	391	113	28875
7	7	A	40000	70538	29.462	14.765	29462	14697	24	149	0	14281	131	112	14631
7	7	B	40000	72626	27.374	13.13	27374	14244	0	0	0	13983	260	1	14244
7	7	cSpy was 7 spamed and the readout avoided!
