#the gain was set to: 2	the bias was set to: 30
#Sent triggers per delay setting: 100000	and with a frequency [Hz] of: 40000
#160MHz delay setting	400MHz delay setting	Frequency	correct transmitted H+T		error rate [%]	uncertainty [%]	bad or missed events	error count	missing headers	missing trailers	flipped H/T	event nr errors	tbm missed trigger	unknown errors	event nr resets
0	0	G	40000	387	99.613	73.235	99613	18696	102	0	0	17687	278	629	18179
0	0	A	40000	627	99.373	98.237	99373	1136	86	0	0	199	237	614	627
0	0	B	40000	34207	65.793	48.233	65793	17560	16	0	0	17488	41	15	17552
0	0	cSpy was 26 spamed and the readout avoided!
0	1	G	40000	31543	68.457	48.605	68457	26555	113	0	0	25729	254	459	26454
0	1	A	40000	40420	59.58	48.054	59580	11526	60	0	0	11028	15	423	11448
0	1	B	40000	35815	64.185	49.156	64185	15029	53	0	0	14701	239	36	15006
0	2	G	40000	3413	96.587	84.2135	96587	15651	107	4	0	13127	1996	417	15324
0	2	A	40000	7496	92.504	85.125	92504	7379	45	0	0	5810	1216	308	7165
0	2	B	40000	8426	91.574	83.302	91574	8272	62	4	0	7317	780	109	8159
0	2	cSpy was 22 spamed and the readout avoided!
0	3	G	40000	95558	4.442	0.828	4442	4041	0	0	0	3687	349	5	4043
0	3	A	40000	97565	2.435	0.449	2435	1986	0	0	0	1842	139	5	1987
0	3	B	40000	96738	3.262	1.207	3262	2055	0	0	0	1845	210	0	2056
0	4	G	40000	100000	0	0	0	0	0	0	0	0	0	0	2
0	4	A	40000	100000	0	0	0	0	0	0	0	0	0	0	1
0	4	B	40000	100000	0	0	0	0	0	0	0	0	0	0	1
0	5	G	40000	54301	45.699	28.145	45699	25125	0	0	0	24789	88	248	25098
0	5	A	40000	60821	39.179	27.788	39179	11391	0	0	0	11111	32	248	11363
0	5	B	40000	57764	42.236	28.502	42236	13734	0	0	0	13678	56	0	13735
0	6	G	40000	2006	97.994	91.499	97994	8515	337	20	0	6579	1281	298	8102
0	6	A	40000	4306	95.694	91.385	95694	4309	131	0	0	3089	868	221	4065
0	6	B	40000	4181	95.819	91.613	95819	4206	206	20	0	3490	413	77	4037
0	6	cSpy was 28 spamed and the readout avoided!
0	7	G	40000	76467	23.533	20.8575	23533	4193	133	4	0	3616	335	105	4043
0	7	A	40000	77299	22.701	20.426	22701	2275	35	0	0	1940	252	48	2223
0	7	B	40000	76793	23.207	21.289	23207	1918	98	4	0	1676	83	57	1820
0	7	cSpy was 14 spamed and the readout avoided!
1	0	G	40000	213	99.787	98.348	99787	1840	152	0	0	1155	135	398	1459
1	0	A	40000	908	99.092	97.853	99092	1239	135	0	0	682	77	345	904
1	0	B	40000	556	99.444	98.843	99444	601	17	0	0	473	58	53	555
1	0	cSpy was 16 spamed and the readout avoided!
1	1	G	40000	77108	22.892	20.421	22892	4171	45	0	0	3669	397	60	4100
1	1	A	40000	77660	22.34	20.164	22340	2176	21	0	0	1835	301	19	2149
1	1	B	40000	77327	22.673	20.678	22673	1995	24	0	0	1834	96	41	1951
1	1	cSpy was 11 spamed and the readout avoided!
1	2	G	40000	100000	0	0	0	0	0	0	0	0	0	0	2
1	2	A	40000	100000	0	0	0	0	0	0	0	0	0	0	1
1	2	B	40000	100000	0	0	0	0	0	0	0	0	0	0	1
1	3	G	40000	97423	2.577	0.4605	2577	3723	0	0	0	3716	5	2	3725
1	3	A	40000	97761	2.239	0.407	2239	1832	0	0	0	1828	2	2	1833
1	3	B	40000	97595	2.405	0.514	2405	1891	0	0	0	1888	3	0	1892
1	4	G	40000	476	99.524	97.0615	99524	3070	190	0	0	1214	1421	245	2786
1	4	A	40000	1815	98.185	96.262	98185	1923	83	0	0	638	1111	91	1794
1	4	B	40000	992	99.008	97.861	99008	1147	107	0	0	576	310	154	992
1	4	cSpy was 24 spamed and the readout avoided!
1	5	G	40000	47760	52.24	12.794	52240	39893	0	0	0	35019	4871	3	39894
1	5	A	40000	74023	25.977	3.697	25977	22280	0	0	0	19140	3138	2	22281
1	5	B	40000	60496	39.504	21.891	39504	17613	0	0	0	15879	1733	1	17613
1	6	G	40000	100000	0	0	0	0	0	0	0	0	0	0	2
1	6	A	40000	100000	0	0	0	0	0	0	0	0	0	0	1
1	6	B	40000	100000	0	0	0	0	0	0	0	0	0	0	1
1	7	G	40000	100000	0	0	0	0	0	0	0	0	0	0	2
1	7	A	40000	100000	0	0	0	0	0	0	0	0	0	0	1
1	7	B	40000	100000	0	0	0	0	0	0	0	0	0	0	1
2	0	G	40000	2288	97.712	48.457	97712	4116	45	0	0	3894	95	82	4022
2	0	A	40000	2328	97.672	95.284	97672	2388	45	0	0	2166	95	82	2293
2	0	B	40000	96642	3.358	1.63	3358	1728	0	0	0	1728	0	0	1729
2	0	cSpy was 1 spamed and the readout avoided!
2	1	G	40000	99868	0.132	0.0235	132	182	0	0	0	182	0	0	184
2	1	A	40000	99888	0.111997	0.021	112	91	0	0	0	91	0	0	92
2	1	B	40000	99883	0.116998	0.026	117	91	0	0	0	91	0	0	92
2	2	G	40000	24154	75.846	52.415	75846	28247	796	8	0	25200	1488	755	27491
2	2	A	40000	37067	62.933	49.897	62933	13036	405	4	0	10677	1455	495	12603
2	2	B	40000	29856	70.144	54.933	70144	15211	391	4	0	14523	33	260	14888
2	3	G	40000	8254	91.746	73.155	91746	21369	248	0	0	17946	2891	284	21034
2	3	A	40000	19621	80.379	67.275	80379	13104	71	0	0	10820	2045	168	12965
2	3	B	40000	12700	87.3	79.035	87300	8265	177	0	0	7126	846	116	8069
2	3	cSpy was 59 spamed and the readout avoided!
2	4	G	40000	100000	0	0	0	0	0	0	0	0	0	0	2
2	4	A	40000	100000	0	0	0	0	0	0	0	0	0	0	1
2	4	B	40000	100000	0	0	0	0	0	0	0	0	0	0	1
2	5	G	40000	100000	0	0	0	0	0	0	0	0	0	0	2
2	5	A	40000	100000	0	0	0	0	0	0	0	0	0	0	1
2	5	B	40000	100000	0	0	0	0	0	0	0	0	0	0	1
2	6	G	40000	29043	70.957	44.0475	70957	30899	66	0	0	28910	1526	397	30808
2	6	A	40000	44305	55.695	41.123	55695	14572	44	0	0	12696	1459	373	14500
2	6	B	40000	36701	63.299	46.972	63299	16327	22	0	0	16214	67	24	16308
2	7	G	40000	0	100	100	100000	200000	200000	200000	200000	200000	200000	200000	200002
2	7	A	40000	0	100	100	100000	100000	100000	100000	100000	100000	100000	100000	100001
2	7	B	40000	0	100	100	100000	100000	100000	100000	100000	100000	100000	100000	100001
3	0	G	40000	942	99.058	74.5335	99058	20113	280	3	0	18733	413	684	19508
3	0	A	40000	1513	98.487	96.427	98487	2060	219	0	0	1161	21	659	1497
3	0	B	40000	29307	70.693	52.64	70693	18053	61	3	0	17572	392	25	18011
3	0	cSpy was 12 spamed and the readout avoided!
3	1	G	40000	0	100	100	100000	200000	200000	200000	200000	200000	200000	200000	200002
3	1	A	40000	0	100	100	100000	100000	100000	100000	100000	100000	100000	100000	100001
3	1	B	40000	0	100	100	100000	100000	100000	100000	100000	100000	100000	100000	100001
3	2	G	40000	98924	1.076	0.008	1076	2135	0	0	0	2135	0	0	2137
3	2	A	40000	98924	1.076	0.008	1076	1068	0	0	0	1068	0	0	1069
3	2	B	40000	98925	1.075	0.008	1075	1067	0	0	0	1067	0	0	1068
3	3	G	40000	100000	0	0	0	0	0	0	0	0	0	0	2
3	3	A	40000	100000	0	0	0	0	0	0	0	0	0	0	1
3	3	B	40000	100000	0	0	0	0	0	0	0	0	0	0	1
3	4	G	40000	92634	7.366	1.6385	7366	10588	0	0	0	10573	10	5	10590
3	4	A	40000	93118	6.882	1.566	6882	5316	0	0	0	5303	8	5	5317
3	4	B	40000	93017	6.983	1.711	6983	5272	0	0	0	5270	2	0	5273
3	5	G	40000	0	100	100	100000	200000	200000	200000	200000	200000	200000	200000	200002
3	5	A	40000	0	100	100	100000	100000	100000	100000	100000	100000	100000	100000	100001
3	5	B	40000	0	100	100	100000	100000	100000	100000	100000	100000	100000	100000	100001
3	6	G	40000	54155	45.845	11.568	45845	48491	10	9	0	44885	3559	28	48481
3	6	A	40000	63690	36.31	11.297	36310	25013	7	0	0	21861	3121	24	25010
3	6	B	40000	64683	35.317	11.839	35317	23478	3	9	0	23024	438	4	23471
3	6	cSpy was 7 spamed and the readout avoided!
3	7	G	40000	100000	0	0	0	0	0	0	0	0	0	0	2
3	7	A	40000	100000	0	0	0	0	0	0	0	0	0	0	1
3	7	B	40000	100000	0	0	0	0	0	0	0	0	0	0	1
4	0	G	40000	1023	98.977	65.247	98977	29416	107	2	0	26616	2553	138	29257
4	0	A	40000	1852	98.148	96.159	98148	1989	75	2	0	1214	568	130	1848
4	0	B	40000	38238	61.762	34.335	61762	27427	32	0	0	25402	1985	8	27409
4	0	cSpy was 3 spamed and the readout avoided!
4	1	G	40000	100000	0	0	0	0	0	0	0	0	0	0	2
4	1	A	40000	100000	0	0	0	0	0	0	0	0	0	0	1
4	1	B	40000	100000	0	0	0	0	0	0	0	0	0	0	1
4	2	G	40000	96033	3.967	1.683	3967	3361	0	0	0	3356	1	4	3362
4	2	A	40000	96632	3.368	1.723	3368	1645	0	0	0	1640	1	4	1645
4	2	B	40000	96641	3.359	1.643	3359	1716	0	0	0	1716	0	0	1717
4	3	G	40000	20448	79.552	58.5455	79552	34395	815	0	0	32819	151	610	33296
4	3	A	40000	23972	76.028	58.808	76028	17220	393	0	0	16401	0	426	16494
4	3	B	40000	24542	75.458	58.283	75458	17175	422	0	0	16418	151	184	16802
4	3	cSpy was 8 spamed and the readout avoided!
4	4	G	40000	4360	95.64	82.805	95640	17154	276	23	1	14661	1591	602	16623
4	4	A	40000	8242	91.758	83.442	91758	8316	127	11	1	7059	648	470	7958
4	4	B	40000	8994	91.006	82.168	91006	8838	149	12	0	7602	943	132	8665
4	4	cSpy was 32 spamed and the readout avoided!
4	5	G	40000	100000	0	0	0	0	0	0	0	0	0	0	2
4	5	A	40000	100000	0	0	0	0	0	0	0	0	0	0	1
4	5	B	40000	100000	0	0	0	0	0	0	0	0	0	0	1
4	6	G	40000	100000	0	0	0	0	0	0	0	0	0	0	2
4	6	A	40000	100000	0	0	0	0	0	0	0	0	0	0	1
4	6	B	40000	100000	0	0	0	0	0	0	0	0	0	0	1
4	7	G	40000	44181	55.819	38.7735	55819	27165	284	0	0	26609	15	257	26806
4	7	A	40000	47543	52.457	38.869	52457	13588	137	0	0	13257	0	194	13334
4	7	B	40000	47745	52.255	38.678	52255	13577	147	0	0	13352	15	63	13472
4	7	cSpy was 3 spamed and the readout avoided!
5	0	G	40000	502	99.498	56.93	99498	14818	142	0	0	13746	115	815	14285
5	0	A	40000	614	99.386	98.238	99386	1148	142	0	0	85	106	815	614
5	0	B	40000	70708	29.292	15.622	29292	13670	0	0	0	13661	9	0	13671
5	0	cSpy was 58 spamed and the readout avoided!
5	1	G	40000	69153	30.847	14.794	30847	24521	14	0	0	24448	8	51	24512
5	1	A	40000	72930	27.07	14.985	27070	12085	7	0	0	12020	8	50	12075
5	1	B	40000	72961	27.039	14.603	27039	12436	7	0	0	12428	0	1	12437
5	2	G	40000	0	100	100	100000	200000	200000	200000	200000	200000	200000	200000	200002
5	2	A	40000	0	100	100	100000	100000	100000	100000	100000	100000	100000	100000	100001
5	2	B	40000	0	100	100	100000	100000	100000	100000	100000	100000	100000	100000	100001
5	3	G	40000	97063	2.937	0.012	2937	5784	0	0	0	5724	60	0	5786
5	3	A	40000	97066	2.934	0.012	2934	2922	0	0	0	2865	57	0	2923
5	3	B	40000	97126	2.874	0.012	2874	2862	0	0	0	2859	3	0	2863
5	4	G	40000	100000	0	0	0	0	0	0	0	0	0	0	2
5	4	A	40000	100000	0	0	0	0	0	0	0	0	0	0	1
5	4	B	40000	100000	0	0	0	0	0	0	0	0	0	0	1
5	5	G	40000	94612	5.388	1.012	5388	7996	0	0	0	7995	0	1	7998
5	5	A	40000	94926	5.074	1.089	5074	3985	0	0	0	3984	0	1	3986
5	5	B	40000	95054	4.946	0.935	4946	4011	0	0	0	4011	0	0	4012
5	6	G	40000	5	99.995	97.6865	99995	2412	201	2	0	1191	907	111	2207
5	6	A	40000	7	99.993	99.954	99993	39	0	0	0	1	1	37	7
5	6	B	40000	2208	97.792	95.419	97792	2373	201	2	0	1190	906	74	2200
5	6	cSpy was 56 spamed and the readout avoided!
5	7	G	40000	20563	79.437	30.366	79437	63136	1	1	0	55518	7452	164	63060
5	7	A	40000	36552	63.448	33.267	63448	30181	1	1	0	25716	4300	163	30104
5	7	B	40000	39580	60.42	27.465	60420	32955	0	0	0	29802	3152	1	32956
5	7	cSpy was 5 spamed and the readout avoided!
6	0	G	40000	441	99.559	96.8925	99559	3390	353	2	0	1626	840	569	2814
6	0	A	40000	1015	98.985	97.55	98985	1435	185	0	0	247	529	474	1015
6	0	B	40000	1810	98.19	96.235	98190	1955	168	2	0	1379	311	95	1799
6	0	cSpy was 70 spamed and the readout avoided!
6	1	G	40000	0	100	100	100000	200000	200000	200000	200000	200000	200000	200000	200002
6	1	A	40000	0	100	100	100000	100000	100000	100000	100000	100000	100000	100000	100001
6	1	B	40000	0	100	100	100000	100000	100000	100000	100000	100000	100000	100000	100001
6	2	G	40000	100000	0	0	0	0	0	0	0	0	0	0	2
6	2	A	40000	100000	0	0	0	0	0	0	0	0	0	0	1
6	2	B	40000	100000	0	0	0	0	0	0	0	0	0	0	1
6	3	G	40000	99871	0.129002	0.005	129	244	0	0	0	242	2	0	246
6	3	A	40000	99872	0.128001	0.006	128	122	0	0	0	120	2	0	123
6	3	B	40000	99874	0.125998	0.004	126	122	0	0	0	122	0	0	123
6	4	G	40000	21254	78.746	57.0245	78746	35102	649	1	0	33834	112	506	34231
6	4	A	40000	25204	74.796	57.226	74796	17570	313	0	0	16892	0	365	16980
6	4	B	40000	25645	74.355	56.823	74355	17532	336	1	0	16942	112	141	17251
6	4	cSpy was 76 spamed and the readout avoided!
6	5	G	40000	3878	96.122	92.6025	96122	4706	212	2	0	3316	234	942	3962
6	5	A	40000	4581	95.419	93.296	95419	2123	22	0	0	1247	112	742	1609
6	5	B	40000	5508	94.492	91.909	94492	2583	190	2	0	2069	122	200	2353
6	5	cSpy was 90 spamed and the readout avoided!
6	6	G	40000	100000	0	0	0	0	0	0	0	0	0	0	2
6	6	A	40000	100000	0	0	0	0	0	0	0	0	0	0	1
6	6	B	40000	100000	0	0	0	0	0	0	0	0	0	0	1
6	7	G	40000	100000	0	0	0	0	0	0	0	0	0	0	2
6	7	A	40000	100000	0	0	0	0	0	0	0	0	0	0	1
6	7	B	40000	100000	0	0	0	0	0	0	0	0	0	0	1
7	0	G	40000	1910	98.09	48.076	98090	3403	221	0	0	2529	79	574	2889
7	0	A	40000	1930	98.07	95.65	98070	2420	221	0	0	1546	79	574	1905
7	0	B	40000	98515	1.485	0.502	1485	983	0	0	0	983	0	0	984
7	0	cSpy was 2 spamed and the readout avoided!
7	1	G	40000	100000	0	0	0	0	0	0	0	0	0	0	2
7	1	A	40000	100000	0	0	0	0	0	0	0	0	0	0	1
7	1	B	40000	100000	0	0	0	0	0	0	0	0	0	0	1
7	2	G	40000	97301	2.699	0.4485	2699	3959	1	2	0	3926	27	3	3961
7	2	A	40000	97521	2.479	0.506	2479	1973	1	2	0	1947	20	3	1974
7	2	B	40000	97623	2.377	0.391	2377	1986	0	0	0	1979	7	0	1987
7	2	cSpy was 1 spamed and the readout avoided!
7	3	G	40000	2765	97.235	88.252	97235	11259	152	5	0	9952	710	440	10900
7	3	A	40000	4880	95.12	90.552	95120	4568	50	4	0	4100	117	297	4337
7	3	B	40000	7357	92.643	85.952	92643	6691	102	1	0	5852	593	143	6563
7	3	cSpy was 83 spamed and the readout avoided!
7	4	G	40000	73270	26.73	6.011	26730	34545	0	0	0	31185	3297	63	34532
7	4	A	40000	74941	25.059	6.047	25059	19012	0	0	0	16187	2762	63	18999
7	4	B	40000	78492	21.508	5.975	21508	15533	0	0	0	14998	535	0	15533
7	5	G	40000	100000	0	0	0	0	0	0	0	0	0	0	2
7	5	A	40000	100000	0	0	0	0	0	0	0	0	0	0	1
7	5	B	40000	100000	0	0	0	0	0	0	0	0	0	0	1
7	6	G	40000	98748	1.252	0.386	1252	1101	1	1	0	1091	5	3	1101
7	6	A	40000	99028	0.972003	0.423	972	549	1	1	0	541	3	3	548
7	6	B	40000	99099	0.901002	0.349	901	552	0	0	0	550	2	0	553
7	6	cSpy was 1 spamed and the readout avoided!
7	7	G	40000	56863	43.137	16.8855	43137	39598	33	43	0	38653	641	228	39477
7	7	A	40000	62474	37.526	17.309	37526	20217	33	43	0	19661	253	227	20096
7	7	B	40000	64157	35.843	16.462	35843	19381	0	0	0	18992	388	1	19381
7	7	cSpy was 8 spamed and the readout avoided!
