#the gain was set to: 2	the bias was set to: 30
#Sent triggers per delay setting: 100000	and with a frequency [Hz] of: 40000
#160MHz delay setting	400MHz delay setting	Frequency	correct transmitted H+T		error rate [%]	uncertainty [%]	bad or missed events	error count	missing headers	missing trailers	flipped H/T	event nr errors	tbm missed trigger	unknown errors	event nr resets
0	0	G	40000	430	99.57	73.013	99570	18882	101	0	0	17843	289	649	18347
0	0	A	40000	613	99.387	98.241	99387	1146	87	0	0	176	238	645	613
0	0	B	40000	34479	65.521	47.785	65521	17736	14	0	0	17667	51	4	17734
0	0	cSpy was 31 spamed and the readout avoided!
0	1	G	40000	31294	68.706	48.716	68706	26531	103	0	0	25720	262	446	26443
0	1	A	40000	40349	59.651	48.128	59651	11523	56	0	0	11046	14	407	11454
0	1	B	40000	35688	64.312	49.304	64312	15008	47	0	0	14674	248	39	14989
0	2	G	40000	2601	97.399	86.594	97399	13364	347	8	0	10728	1823	458	12866
0	2	A	40000	5743	94.257	88.495	94257	5762	128	0	0	4174	1081	379	5434
0	2	B	40000	7705	92.295	84.693	92295	7602	219	8	0	6554	742	79	7432
0	2	cSpy was 39 spamed and the readout avoided!
0	3	G	40000	100000	0	0	0	0	0	0	0	0	0	0	2
0	3	A	40000	100000	0	0	0	0	0	0	0	0	0	0	1
0	3	B	40000	100000	0	0	0	0	0	0	0	0	0	0	1
0	4	G	40000	99935	0.0649989	0.0245	65	73	0	0	0	73	0	0	75
0	4	A	40000	99942	0.0580013	0.024	58	34	0	0	0	34	0	0	35
0	4	B	40000	99936	0.0639975	0.025	64	39	0	0	0	39	0	0	40
0	5	G	40000	36862	63.138	42.1515	63138	28653	25	0	0	28127	108	393	28604
0	5	A	40000	45636	54.364	41.629	54364	12735	16	0	0	12315	22	382	12690
0	5	B	40000	41408	58.592	42.674	58592	15918	9	0	0	15812	86	11	15914
0	6	G	40000	2119	97.881	90.882	97881	9151	320	13	0	6685	1828	305	8758
0	6	A	40000	4587	95.413	90.805	95413	4608	127	0	0	3099	1163	219	4373
0	6	B	40000	4498	95.502	90.959	95502	4543	193	13	0	3586	665	86	4385
0	6	cSpy was 28 spamed and the readout avoided!
0	7	G	40000	71519	28.481	9.343	28481	21473	4	0	0	18271	3180	18	21463
0	7	A	40000	83484	16.516	3.503	16516	13013	0	0	0	10772	2224	17	13006
0	7	B	40000	76357	23.643	15.183	23643	8460	4	0	0	7499	956	1	8457
0	7	cSpy was 1 spamed and the readout avoided!
1	0	G	40000	240	99.76	97.871	99760	2344	134	0	0	1168	541	501	1911
1	0	A	40000	777	99.223	98.071	99223	1152	96	0	0	479	126	451	775
1	0	B	40000	1137	98.863	97.671	98863	1192	38	0	0	689	415	50	1136
1	0	cSpy was 45 spamed and the readout avoided!
1	1	G	40000	71474	28.526	9.4595	28526	21614	6	0	0	18532	3055	21	21599
1	1	A	40000	83465	16.535	3.31	16535	13225	0	0	0	11015	2192	18	13216
1	1	B	40000	76002	23.998	15.609	23998	8389	6	0	0	7517	863	3	8383
1	2	G	40000	100000	0	0	0	0	0	0	0	0	0	0	2
1	2	A	40000	100000	0	0	0	0	0	0	0	0	0	0	1
1	2	B	40000	100000	0	0	0	0	0	0	0	0	0	0	1
1	3	G	40000	95029	4.971	1.2385	4971	6553	0	0	0	6542	5	6	6555
1	3	A	40000	95682	4.318	1.172	4318	3146	0	0	0	3135	5	6	3147
1	3	B	40000	95288	4.712	1.305	4712	3407	0	0	0	3407	0	0	3408
1	4	G	40000	664	99.336	96.38	99336	3775	276	3	0	2106	1106	284	3400
1	4	A	40000	2099	97.901	95.719	97901	2182	91	0	0	1110	874	107	2039
1	4	B	40000	1366	98.634	97.041	98634	1593	185	3	0	996	232	177	1361
1	4	cSpy was 26 spamed and the readout avoided!
1	5	G	40000	63027	36.973	9.03	36973	27706	5	0	0	23652	4031	18	27702
1	5	A	40000	81874	18.126	3.65	18126	14476	0	0	0	12332	2126	18	14476
1	5	B	40000	72360	27.64	14.41	27640	13230	5	0	0	11320	1905	0	13226
1	6	G	40000	100000	0	0	0	0	0	0	0	0	0	0	2
1	6	A	40000	100000	0	0	0	0	0	0	0	0	0	0	1
1	6	B	40000	100000	0	0	0	0	0	0	0	0	0	0	1
1	7	G	40000	99998	0.00200272	0	2	4	0	0	0	4	0	0	6
1	7	A	40000	99998	0.00200272	0	2	2	0	0	0	2	0	0	3
1	7	B	40000	99998	0.00200272	0	2	2	0	0	0	2	0	0	3
2	0	G	40000	2106	97.894	48.785	97894	4265	49	0	0	3997	133	86	4166
2	0	A	40000	2157	97.843	95.608	97843	2235	49	0	0	1967	133	86	2135
2	0	B	40000	96008	3.992	1.962	3992	2030	0	0	0	2030	0	0	2031
2	1	G	40000	100000	0	0	0	0	0	0	0	0	0	0	2
2	1	A	40000	100000	0	0	0	0	0	0	0	0	0	0	1
2	1	B	40000	100000	0	0	0	0	0	0	0	0	0	0	1
2	2	G	40000	26022	73.978	52.7235	73978	26162	849	1	0	23170	1400	742	25399
2	2	A	40000	37438	62.562	50.839	62562	11723	473	1	0	10165	611	473	11266
2	2	B	40000	30953	69.047	54.608	69047	14439	376	0	0	13005	789	269	14133
2	3	G	40000	0	100	100	100000	200000	200000	200000	200000	200000	200000	200000	200002
2	3	A	40000	0	100	100	100000	100000	100000	100000	100000	100000	100000	100000	100001
2	3	B	40000	0	100	100	100000	100000	100000	100000	100000	100000	100000	100000	100001
2	4	G	40000	100000	0	0	0	0	0	0	0	0	0	0	2
2	4	A	40000	100000	0	0	0	0	0	0	0	0	0	0	1
2	4	B	40000	100000	0	0	0	0	0	0	0	0	0	0	1
2	5	G	40000	99990	0.0100017	0	10	20	0	0	0	20	0	0	22
2	5	A	40000	99990	0.0100017	0	10	10	0	0	0	10	0	0	11
2	5	B	40000	99990	0.0100017	0	10	10	0	0	0	10	0	0	11
2	6	G	40000	30429	69.571	45.787	69571	27402	90	4	0	26008	877	423	27324
2	6	A	40000	44145	55.855	43.635	55855	12220	61	4	0	11000	750	405	12151
2	6	B	40000	36879	63.121	47.939	63121	15182	29	0	0	15008	127	18	15173
2	7	G	40000	0	100	100	100000	200000	200000	200000	200000	200000	200000	200000	200002
2	7	A	40000	0	100	100	100000	100000	100000	100000	100000	100000	100000	100000	100001
2	7	B	40000	0	100	100	100000	100000	100000	100000	100000	100000	100000	100000	100001
3	0	G	40000	1055	98.945	66.7075	98945	17880	226	2	0	16727	312	613	17366
3	0	A	40000	1500	98.5	96.508	98500	1992	195	0	0	1160	33	604	1494
3	0	B	40000	47205	52.795	36.907	52795	15888	31	2	0	15567	279	9	15872
3	0	cSpy was 67 spamed and the readout avoided!
3	1	G	40000	0	100	100	100000	200000	200000	200000	200000	200000	200000	200000	200002
3	1	A	40000	0	100	100	100000	100000	100000	100000	100000	100000	100000	100000	100001
3	1	B	40000	0	100	100	100000	100000	100000	100000	100000	100000	100000	100000	100001
3	2	G	40000	99292	0.708002	0.004	708	1407	0	0	0	1407	0	0	1409
3	2	A	40000	99292	0.708002	0.004	708	704	0	0	0	704	0	0	705
3	2	B	40000	99293	0.707	0.004	707	703	0	0	0	703	0	0	704
3	3	G	40000	100000	0	0	0	0	0	0	0	0	0	0	2
3	3	A	40000	100000	0	0	0	0	0	0	0	0	0	0	1
3	3	B	40000	100000	0	0	0	0	0	0	0	0	0	0	1
3	4	G	40000	88055	11.945	7.5935	11945	7102	99	0	0	6912	14	77	6973
3	4	A	40000	88821	11.179	7.584	11179	3595	49	0	0	3490	1	55	3506
3	4	B	40000	88890	11.11	7.603	11110	3507	50	0	0	3422	13	22	3467
3	5	G	40000	0	100	100	100000	200000	200000	200000	200000	200000	200000	200000	200002
3	5	A	40000	0	100	100	100000	100000	100000	100000	100000	100000	100000	100000	100001
3	5	B	40000	0	100	100	100000	100000	100000	100000	100000	100000	100000	100000	100001
3	6	G	40000	43935	56.065	21.188	56065	47786	21	9	0	43566	4068	122	47722
3	6	A	40000	54454	45.546	21.182	45546	24364	10	1	0	21186	3051	116	24308
3	6	B	40000	55384	44.616	21.194	44616	23422	11	8	0	22380	1017	6	23414
3	6	cSpy was 6 spamed and the readout avoided!
3	7	G	40000	100000	0	0	0	0	0	0	0	0	0	0	2
3	7	A	40000	100000	0	0	0	0	0	0	0	0	0	0	1
3	7	B	40000	100000	0	0	0	0	0	0	0	0	0	0	1
4	0	G	40000	761	99.239	72.088	99239	19000	144	4	0	16582	2039	231	18768
4	0	A	40000	1252	98.748	97.323	98748	1425	60	1	0	752	404	208	1248
4	0	B	40000	35572	64.428	46.853	64428	17575	84	3	0	15830	1635	23	17520
4	0	cSpy was 12 spamed and the readout avoided!
4	1	G	40000	100000	0	0	0	0	0	0	0	0	0	0	2
4	1	A	40000	100000	0	0	0	0	0	0	0	0	0	0	1
4	1	B	40000	100000	0	0	0	0	0	0	0	0	0	0	1
4	2	G	40000	99998	0.00200272	0	2	4	0	0	0	4	0	0	6
4	2	A	40000	99998	0.00200272	0	2	2	0	0	0	2	0	0	3
4	2	B	40000	99998	0.00200272	0	2	2	0	0	0	2	0	0	3
4	3	G	40000	27130	72.87	51.364	72870	34404	666	0	0	33119	107	512	33505
4	3	A	40000	31209	68.791	51.605	68791	17186	322	0	0	16503	1	360	16592
4	3	B	40000	31659	68.341	51.123	68341	17218	344	0	0	16616	106	152	16913
4	3	cSpy was 7 spamed and the readout avoided!
4	4	G	40000	5152	94.848	80.6295	94848	19080	214	26	0	16880	1503	458	18681
4	4	A	40000	9561	90.439	80.997	90439	9442	116	22	0	8136	763	406	9125
4	4	B	40000	10100	89.9	80.262	89900	9638	98	4	0	8744	740	52	9556
4	4	cSpy was 43 spamed and the readout avoided!
4	5	G	40000	100000	0	0	0	0	0	0	0	0	0	0	2
4	5	A	40000	100000	0	0	0	0	0	0	0	0	0	0	1
4	5	B	40000	100000	0	0	0	0	0	0	0	0	0	0	1
4	6	G	40000	100000	0	0	0	0	0	0	0	0	0	0	2
4	6	A	40000	100000	0	0	0	0	0	0	0	0	0	0	1
4	6	B	40000	100000	0	0	0	0	0	0	0	0	0	0	1
4	7	G	40000	32112	67.888	48.31	67888	30972	392	0	0	30210	37	333	30466
4	7	A	40000	36049	63.951	48.47	63951	15481	187	0	0	15043	1	250	15130
4	7	B	40000	36359	63.641	48.15	63641	15491	205	0	0	15167	36	83	15336
4	7	cSpy was 7 spamed and the readout avoided!
5	0	G	40000	478	99.522	57.273	99522	15167	136	0	0	14083	105	843	14621
5	0	A	40000	599	99.401	98.256	99401	1145	136	0	0	73	94	842	599
5	0	B	40000	69688	30.312	16.29	30312	14022	0	0	0	14010	11	1	14022
5	0	cSpy was 62 spamed and the readout avoided!
5	1	G	40000	77591	22.409	8.704	22409	22005	6	0	0	21969	3	27	22001
5	1	A	40000	80240	19.76	8.893	19760	10867	3	0	0	10834	3	27	10862
5	1	B	40000	80347	19.653	8.515	19653	11138	3	0	0	11135	0	0	11139
5	1	cSpy was 1 spamed and the readout avoided!
5	2	G	40000	25	99.975	98.895	99975	1434	29	0	0	590	73	742	770
5	2	A	40000	64	99.936	99.277	99936	659	0	0	0	4	0	655	63
5	2	B	40000	712	99.288	98.513	99288	775	29	0	0	586	73	87	707
5	2	cSpy was 25 spamed and the readout avoided!
5	3	G	40000	98085	1.915	0.001	1915	3819	0	0	0	3810	9	0	3821
5	3	A	40000	98085	1.915	0.001	1915	1914	0	0	0	1905	9	0	1915
5	3	B	40000	98094	1.906	0.001	1906	1905	0	0	0	1905	0	0	1906
5	4	G	40000	100000	0	0	0	0	0	0	0	0	0	0	2
5	4	A	40000	100000	0	0	0	0	0	0	0	0	0	0	1
5	4	B	40000	100000	0	0	0	0	0	0	0	0	0	0	1
5	5	G	40000	95639	4.361	0.708	4361	6716	0	0	0	6714	0	2	6718
5	5	A	40000	95882	4.118	0.774	4118	3344	0	0	0	3342	0	2	3345
5	5	B	40000	95986	4.014	0.642	4014	3372	0	0	0	3372	0	0	3373
5	6	G	40000	7	99.993	97.609	99993	2520	218	3	0	664	1459	176	2261
5	6	A	40000	11	99.989	99.923	99989	66	0	0	0	0	1	65	11
5	6	B	40000	2251	97.749	95.295	97749	2454	218	3	0	664	1458	111	2250
5	6	cSpy was 37 spamed and the readout avoided!
5	7	G	40000	31509	68.491	17.8725	68491	64995	12	24	0	57627	7200	132	64929
5	7	A	40000	48423	51.577	19.62	51577	31957	12	24	0	27461	4329	131	31891
5	7	B	40000	50837	49.163	16.125	49163	33038	0	0	0	30166	2871	1	33038
5	7	cSpy was 2 spamed and the readout avoided!
6	0	G	40000	587	99.413	95.9565	99413	4332	304	4	0	2153	1229	642	3742
6	0	A	40000	1268	98.732	96.972	98732	1760	163	0	0	208	794	595	1268
6	0	B	40000	2487	97.513	94.941	97513	2572	141	4	0	1945	435	47	2474
6	0	cSpy was 67 spamed and the readout avoided!
6	1	G	40000	16555	83.445	39.4615	83445	57125	0	0	0	50780	6116	229	57021
6	1	A	40000	30488	69.512	42.237	69512	27275	0	0	0	23629	3418	228	27171
6	1	B	40000	33464	66.536	36.686	66536	29850	0	0	0	27151	2698	1	29850
6	1	cSpy was 5 spamed and the readout avoided!
6	2	G	40000	100000	0	0	0	0	0	0	0	0	0	0	2
6	2	A	40000	100000	0	0	0	0	0	0	0	0	0	0	1
6	2	B	40000	100000	0	0	0	0	0	0	0	0	0	0	1
6	3	G	40000	100000	0	0	0	0	0	0	0	0	0	0	2
6	3	A	40000	100000	0	0	0	0	0	0	0	0	0	0	1
6	3	B	40000	100000	0	0	0	0	0	0	0	0	0	0	1
6	4	G	40000	20316	79.684	58.707	79684	34227	820	0	0	32654	150	603	33138
6	4	A	40000	23887	76.113	58.979	76113	17134	395	0	0	16312	0	427	16409
6	4	B	40000	24472	75.528	58.435	75528	17093	425	0	0	16342	150	176	16729
6	4	cSpy was 8 spamed and the readout avoided!
6	5	G	40000	2546	97.454	87.6435	97454	12494	229	11	1	10649	754	851	11932
6	5	A	40000	5695	94.305	88.361	94305	5944	31	4	0	4870	331	709	5578
6	5	B	40000	6524	93.476	86.926	93476	6550	198	7	1	5779	423	142	6354
6	5	cSpy was 50 spamed and the readout avoided!
6	6	G	40000	100000	0	0	0	0	0	0	0	0	0	0	2
6	6	A	40000	100000	0	0	0	0	0	0	0	0	0	0	1
6	6	B	40000	100000	0	0	0	0	0	0	0	0	0	0	1
6	7	G	40000	100000	0	0	0	0	0	0	0	0	0	0	2
6	7	A	40000	100000	0	0	0	0	0	0	0	0	0	0	1
6	7	B	40000	100000	0	0	0	0	0	0	0	0	0	0	1
7	0	G	40000	1886	98.114	48.19	98114	3452	180	0	0	2654	74	544	3003
7	0	A	40000	1902	98.098	95.769	98098	2329	180	0	0	1531	74	544	1879
7	0	B	40000	98266	1.734	0.611	1734	1123	0	0	0	1123	0	0	1124
7	0	cSpy was 1 spamed and the readout avoided!
7	1	G	40000	100000	0	0	0	0	0	0	0	0	0	0	2
7	1	A	40000	100000	0	0	0	0	0	0	0	0	0	0	1
7	1	B	40000	100000	0	0	0	0	0	0	0	0	0	0	1
7	2	G	40000	94802	5.198	0.8445	5198	7516	0	1	0	7445	67	3	7517
7	2	A	40000	95304	4.696	0.949	4696	3747	0	1	0	3690	53	3	3747
7	2	B	40000	95491	4.509	0.74	4509	3769	0	0	0	3755	14	0	3770
7	3	G	40000	0	100	100	100000	200000	200000	200000	200000	200000	200000	200000	200002
7	3	A	40000	0	100	100	100000	100000	100000	100000	100000	100000	100000	100000	100001
7	3	B	40000	0	100	100	100000	100000	100000	100000	100000	100000	100000	100000	100001
7	4	G	40000	70767	29.233	20.6895	29233	15311	56	1	0	14117	1079	58	15245
7	4	A	40000	70922	29.078	21.203	29078	7875	0	0	0	7056	790	29	7866
7	4	B	40000	72388	27.612	20.176	27612	7436	56	1	0	7061	289	29	7379
7	4	cSpy was 12 spamed and the readout avoided!
7	5	G	40000	100000	0	0	0	0	0	0	0	0	0	0	2
7	5	A	40000	100000	0	0	0	0	0	0	0	0	0	0	1
7	5	B	40000	100000	0	0	0	0	0	0	0	0	0	0	1
7	6	G	40000	99766	0.234002	0.006	234	452	0	0	0	452	0	0	454
7	6	A	40000	99767	0.233001	0.007	233	226	0	0	0	226	0	0	227
7	6	B	40000	99769	0.230998	0.005	231	226	0	0	0	226	0	0	227
7	7	G	40000	48360	51.64	24.256	51640	41191	5	21	0	39784	1161	220	41096
7	7	A	40000	54468	45.532	24.732	45532	20800	4	21	0	20044	512	219	20705
7	7	B	40000	55829	44.171	23.78	44171	20391	1	0	0	19740	649	1	20391
7	7	cSpy was 7 spamed and the readout avoided!
