#the gain was set to: 2	the bias was set to: 30
#Sent triggers per delay setting: 100000	and with a frequency [Hz] of: 40000
#160MHz delay setting	400MHz delay setting	Frequency	correct transmitted H+T		error rate [%]	uncertainty [%]	bad or missed events	error count	missing headers	missing trailers	flipped H/T	event nr errors	tbm missed trigger	unknown errors	event nr resets
0	0	G	40000	378	99.622	75.451	99622	18639	133	0	0	17514	315	677	18073
0	0	A	40000	592	99.408	98.295	99408	1113	73	0	0	174	230	636	592
0	0	B	40000	29867	70.133	52.607	70133	17526	60	0	0	17340	85	41	17481
0	0	cSpy was 43 spamed and the readout avoided!
0	1	G	40000	26177	73.823	54.4605	73823	25975	691	0	0	24487	2	795	25322
0	1	A	40000	35228	64.772	54.054	64772	10718	336	0	0	9880	1	501	10384
0	1	B	40000	29876	70.124	54.867	70124	15257	355	0	0	14607	1	294	14938
0	2	G	40000	6457	93.543	72.717	93543	26621	49	0	0	22567	3763	242	26474
0	2	A	40000	15218	84.782	70.423	84782	14359	22	0	0	11738	2372	227	14233
0	2	B	40000	12727	87.273	75.011	87273	12262	27	0	0	10829	1391	15	12241
0	2	cSpy was 3 spamed and the readout avoided!
0	3	G	40000	100000	0	0	0	0	0	0	0	0	0	0	2
0	3	A	40000	100000	0	0	0	0	0	0	0	0	0	0	1
0	3	B	40000	100000	0	0	0	0	0	0	0	0	0	0	1
0	4	G	40000	100000	0	0	0	0	0	0	0	0	0	0	2
0	4	A	40000	100000	0	0	0	0	0	0	0	0	0	0	1
0	4	B	40000	100000	0	0	0	0	0	0	0	0	0	0	1
0	5	G	40000	42157	57.843	40.664	57843	22837	288	1	0	22033	13	502	22582
0	5	A	40000	50058	49.942	40.173	49942	9769	144	0	0	9237	5	383	9620
0	5	B	40000	45777	54.223	41.155	54223	13068	144	1	0	12796	8	119	12962
0	6	G	40000	2770	97.23	85.48	97230	14450	141	4	0	11779	2119	407	14149
0	6	A	40000	5289	94.711	89.391	94711	5320	94	0	0	3903	948	375	5060
0	6	B	40000	9301	90.699	81.569	90699	9130	47	4	0	7876	1171	32	9089
0	6	cSpy was 7 spamed and the readout avoided!
0	7	G	40000	99954	0.0460029	0.019	46	54	0	0	0	54	0	0	56
0	7	A	40000	99954	0.0460029	0.019	46	27	0	0	0	27	0	0	28
0	7	B	40000	99954	0.0460029	0.019	46	27	0	0	0	27	0	0	28
1	0	G	40000	367	99.633	96.567	99633	3562	202	5	0	2708	295	352	3219
1	0	A	40000	2575	97.425	94.623	97425	2802	187	5	0	2087	214	309	2490
1	0	B	40000	729	99.271	98.511	99271	760	15	0	0	621	81	43	729
1	0	cSpy was 25 spamed and the readout avoided!
1	1	G	40000	99991	0.0090003	0	9	18	0	0	0	18	0	0	20
1	1	A	40000	99991	0.0090003	0	9	9	0	0	0	9	0	0	10
1	1	B	40000	99991	0.0090003	0	9	9	0	0	0	9	0	0	10
1	2	G	40000	100000	0	0	0	0	0	0	0	0	0	0	2
1	2	A	40000	100000	0	0	0	0	0	0	0	0	0	0	1
1	2	B	40000	100000	0	0	0	0	0	0	0	0	0	0	1
1	3	G	40000	90416	9.584	2.644	9584	11466	0	0	0	11423	29	14	11468
1	3	A	40000	92089	7.911	2.504	7911	5407	0	0	0	5369	25	13	5408
1	3	B	40000	91157	8.843	2.784	8843	6059	0	0	0	6054	4	1	6060
1	4	G	40000	698	99.302	95.6205	99302	4597	345	2	0	2627	1185	438	4078
1	4	A	40000	2537	97.463	94.755	97463	2708	126	0	0	1430	935	217	2465
1	4	B	40000	1625	98.375	96.486	98375	1889	219	2	0	1197	250	221	1613
1	4	cSpy was 39 spamed and the readout avoided!
1	5	G	40000	95063	4.937	0.6985	4937	6803	0	0	0	6598	200	5	6805
1	5	A	40000	96112	3.888	0.489	3888	3399	0	0	0	3309	85	5	3400
1	5	B	40000	95688	4.312	0.908	4312	3404	0	0	0	3289	115	0	3405
1	6	G	40000	100000	0	0	0	0	0	0	0	0	0	0	2
1	6	A	40000	100000	0	0	0	0	0	0	0	0	0	0	1
1	6	B	40000	100000	0	0	0	0	0	0	0	0	0	0	1
1	7	G	40000	94457	5.543	2.5365	5543	3820	0	0	0	3765	36	19	3821
1	7	A	40000	95818	4.182	2.417	4182	1765	0	0	0	1719	28	18	1765
1	7	B	40000	95289	4.711	2.656	4711	2055	0	0	0	2046	8	1	2056
2	0	G	40000	2101	97.899	48.826	97899	4315	42	3	0	4069	112	89	4214
2	0	A	40000	2139	97.861	95.643	97861	2218	42	3	0	1972	112	89	2116
2	0	B	40000	95894	4.106	2.009	4106	2097	0	0	0	2097	0	0	2098
2	1	G	40000	100000	0	0	0	0	0	0	0	0	0	0	2
2	1	A	40000	100000	0	0	0	0	0	0	0	0	0	0	1
2	1	B	40000	100000	0	0	0	0	0	0	0	0	0	0	1
2	2	G	40000	26684	73.316	51.547	73316	26832	787	0	0	23953	1383	709	26119
2	2	A	40000	38255	61.745	49.653	61745	12092	438	0	0	10606	578	470	11665
2	2	B	40000	31819	68.181	53.441	68181	14740	349	0	0	13347	805	239	14454
2	2	cSpy was 2 spamed and the readout avoided!
2	3	G	40000	8371	91.629	58.949	91629	38945	93	0	0	34575	4157	120	38837
2	3	A	40000	26824	73.176	48.152	73176	25024	8	0	0	21699	3257	60	24992
2	3	B	40000	16333	83.667	69.746	83667	13921	85	0	0	12876	900	60	13845
2	4	G	40000	100000	0	0	0	0	0	0	0	0	0	0	2
2	4	A	40000	100000	0	0	0	0	0	0	0	0	0	0	1
2	4	B	40000	100000	0	0	0	0	0	0	0	0	0	0	1
2	5	G	40000	100000	0	0	0	0	0	0	0	0	0	0	2
2	5	A	40000	100000	0	0	0	0	0	0	0	0	0	0	1
2	5	B	40000	100000	0	0	0	0	0	0	0	0	0	0	1
2	6	G	40000	27518	72.482	50.5605	72482	26061	538	0	0	23705	1195	623	25618
2	6	A	40000	39939	60.061	48.555	60061	11506	308	0	0	9988	751	459	11212
2	6	B	40000	32879	67.121	52.566	67121	14555	230	0	0	13717	444	164	14406
2	6	cSpy was 1 spamed and the readout avoided!
2	7	G	40000	2753	97.247	85.8165	97247	13865	253	8	0	11545	1637	423	13438
2	7	A	40000	8898	91.102	82.589	91102	8513	58	0	0	7050	1171	234	8321
2	7	B	40000	5604	94.396	89.044	94396	5352	195	8	0	4495	466	189	5117
2	7	cSpy was 62 spamed and the readout avoided!
3	0	G	40000	670	99.33	80.968	99330	16625	286	6	0	15269	342	722	15990
3	0	A	40000	1210	98.79	97.022	98790	1768	187	0	0	889	18	674	1199
3	0	B	40000	20229	79.771	64.914	79771	14857	99	6	0	14380	324	48	14791
3	0	cSpy was 18 spamed and the readout avoided!
3	1	G	40000	0	100	100	100000	200000	200000	200000	200000	200000	200000	200000	200002
3	1	A	40000	0	100	100	100000	100000	100000	100000	100000	100000	100000	100000	100001
3	1	B	40000	0	100	100	100000	100000	100000	100000	100000	100000	100000	100000	100001
3	2	G	40000	99998	0.00200272	0	2	4	0	0	0	4	0	0	6
3	2	A	40000	99998	0.00200272	0	2	2	0	0	0	2	0	0	3
3	2	B	40000	99998	0.00200272	0	2	2	0	0	0	2	0	0	3
3	3	G	40000	100000	0	0	0	0	0	0	0	0	0	0	2
3	3	A	40000	100000	0	0	0	0	0	0	0	0	0	0	1
3	3	B	40000	100000	0	0	0	0	0	0	0	0	0	0	1
3	4	G	40000	72037	27.963	14.519	27963	21169	77	0	0	20935	69	88	21077
3	4	A	40000	74962	25.038	14.32	25038	10718	37	0	0	10589	27	65	10652
3	4	B	40000	74831	25.169	14.718	25169	10451	40	0	0	10346	42	23	10425
3	5	G	40000	0	100	100	100000	200000	200000	200000	200000	200000	200000	200000	200002
3	5	A	40000	0	100	100	100000	100000	100000	100000	100000	100000	100000	100000	100001
3	5	B	40000	0	100	100	100000	100000	100000	100000	100000	100000	100000	100000	100001
3	6	G	40000	0	100	100	100000	200000	200000	200000	200000	200000	200000	200000	200002
3	6	A	40000	0	100	100	100000	100000	100000	100000	100000	100000	100000	100000	100001
3	6	B	40000	0	100	100	100000	100000	100000	100000	100000	100000	100000	100000	100001
3	7	G	40000	100000	0	0	0	0	0	0	0	0	0	0	2
3	7	A	40000	100000	0	0	0	0	0	0	0	0	0	0	1
3	7	B	40000	100000	0	0	0	0	0	0	0	0	0	0	1
4	0	G	40000	657	99.343	64.361	99343	14261	178	2	0	12269	1302	510	13818
4	0	A	40000	882	99.118	97.836	99118	1282	122	0	0	426	249	485	881
4	0	B	40000	56135	43.865	30.886	43865	12979	56	2	0	11843	1053	25	12937
4	0	cSpy was 19 spamed and the readout avoided!
4	1	G	40000	100000	0	0	0	0	0	0	0	0	0	0	2
4	1	A	40000	100000	0	0	0	0	0	0	0	0	0	0	1
4	1	B	40000	100000	0	0	0	0	0	0	0	0	0	0	1
4	2	G	40000	99987	0.0129998	0	13	26	0	0	0	26	0	0	28
4	2	A	40000	99987	0.0129998	0	13	13	0	0	0	13	0	0	14
4	2	B	40000	99987	0.0129998	0	13	13	0	0	0	13	0	0	14
4	3	G	40000	18844	81.156	58.599	81156	34015	692	1	0	32621	106	595	33071
4	3	A	40000	24049	75.951	58.956	75951	16995	350	1	0	16201	9	434	16349
4	3	B	40000	24738	75.262	58.242	75262	17020	342	0	0	16420	97	161	16722
4	3	cSpy was 4 spamed and the readout avoided!
4	4	G	40000	17040	82.96	43.49	82960	51569	35	9	0	46318	4983	224	51462
4	4	A	40000	30687	69.313	43.743	69313	25570	16	3	0	22143	3194	214	25477
4	4	B	40000	30764	69.236	43.237	69236	25999	19	6	0	24175	1789	10	25985
4	4	cSpy was 17 spamed and the readout avoided!
4	5	G	40000	100000	0	0	0	0	0	0	0	0	0	0	2
4	5	A	40000	100000	0	0	0	0	0	0	0	0	0	0	1
4	5	B	40000	100000	0	0	0	0	0	0	0	0	0	0	1
4	6	G	40000	100000	0	0	0	0	0	0	0	0	0	0	2
4	6	A	40000	100000	0	0	0	0	0	0	0	0	0	0	1
4	6	B	40000	100000	0	0	0	0	0	0	0	0	0	0	1
4	7	G	40000	21077	78.923	57.234	78923	35095	574	0	0	33960	87	474	34299
4	7	A	40000	25012	74.988	57.45	74988	17538	275	0	0	16934	0	329	17014
4	7	B	40000	25425	74.575	57.018	74575	17557	299	0	0	17026	87	145	17285
4	7	cSpy was 6 spamed and the readout avoided!
5	0	G	40000	464	99.536	58.3335	99536	16414	152	0	0	15286	130	846	15850
5	0	A	40000	600	99.4	98.236	99400	1164	150	0	0	62	109	843	600
5	0	B	40000	66319	33.681	18.431	33681	15250	2	0	0	15224	21	3	15250
5	0	cSpy was 82 spamed and the readout avoided!
5	1	G	40000	38577	61.423	36.0885	61423	38844	96	0	0	38607	4	137	38750
5	1	A	40000	44535	55.465	36.247	55465	19218	46	0	0	19043	4	125	19140
5	1	B	40000	44444	55.556	35.93	55556	19626	50	0	0	19564	0	12	19610
5	1	cSpy was 3 spamed and the readout avoided!
5	2	G	40000	77	99.923	98.0615	99923	2368	107	0	0	1154	96	1011	1498
5	2	A	40000	187	99.813	98.945	99813	868	5	0	0	41	0	822	187
5	2	B	40000	1322	98.678	97.178	98678	1500	102	0	0	1113	96	189	1311
5	2	cSpy was 72 spamed and the readout avoided!
5	3	G	40000	99924	0.0760019	0	76	152	0	0	0	152	0	0	154
5	3	A	40000	99924	0.0760019	0	76	76	0	0	0	76	0	0	77
5	3	B	40000	99924	0.0760019	0	76	76	0	0	0	76	0	0	77
5	4	G	40000	100000	0	0	0	0	0	0	0	0	0	0	2
5	4	A	40000	100000	0	0	0	0	0	0	0	0	0	0	1
5	4	B	40000	100000	0	0	0	0	0	0	0	0	0	0	1
5	5	G	40000	61336	38.664	17.373	38664	32082	16	0	0	32010	2	54	32066
5	5	A	40000	66536	33.464	17.683	33464	15781	8	0	0	15718	2	53	15765
5	5	B	40000	66636	33.364	17.063	33364	16301	8	0	0	16292	0	1	16301
5	6	G	40000	0	100	100	100000	200000	200000	200000	200000	200000	200000	200000	200002
5	6	A	40000	0	100	100	100000	100000	100000	100000	100000	100000	100000	100000	100001
5	6	B	40000	0	100	100	100000	100000	100000	100000	100000	100000	100000	100000	100001
5	7	G	40000	67008	32.992	7.3675	32992	39018	0	0	0	35170	3783	65	38999
5	7	A	40000	71295	28.705	7.54	28705	21165	0	0	0	18084	3016	65	21145
5	7	B	40000	74952	25.048	7.195	25048	17853	0	0	0	17086	767	0	17854
6	0	G	40000	536	99.464	95.9225	99464	4384	309	4	0	2137	1254	680	3763
6	0	A	40000	1290	98.71	96.922	98710	1788	169	1	0	168	832	618	1290
6	0	B	40000	2481	97.519	94.923	97519	2596	140	3	0	1969	422	62	2473
6	0	cSpy was 51 spamed and the readout avoided!
6	1	G	40000	17985	82.015	36.702	82015	58535	0	0	0	51684	6673	178	58450
6	1	A	40000	32605	67.395	39.41	67395	27985	0	0	0	24048	3762	175	27902
6	1	B	40000	35456	64.544	33.994	64544	30550	0	0	0	27636	2911	3	30548
6	1	cSpy was 3 spamed and the readout avoided!
6	2	G	40000	100000	0	0	0	0	0	0	0	0	0	0	2
6	2	A	40000	100000	0	0	0	0	0	0	0	0	0	0	1
6	2	B	40000	100000	0	0	0	0	0	0	0	0	0	0	1
6	3	G	40000	100000	0	0	0	0	0	0	0	0	0	0	2
6	3	A	40000	100000	0	0	0	0	0	0	0	0	0	0	1
6	3	B	40000	100000	0	0	0	0	0	0	0	0	0	0	1
6	4	G	40000	17701	82.299	60.197	82299	33115	771	0	0	31566	132	646	32076
6	4	A	40000	22891	77.109	60.592	77109	16517	383	0	0	15654	11	469	15824
6	4	B	40000	23600	76.4	59.802	76400	16598	388	0	0	15912	121	177	16252
6	4	cSpy was 7 spamed and the readout avoided!
6	5	G	40000	9652	90.348	61.868	90348	37100	36	1	0	33339	3110	614	36789
6	5	A	40000	18449	81.551	63.836	81551	17715	5	0	0	15623	1486	601	17427
6	5	B	40000	20715	79.285	59.9	79285	19385	31	1	0	17716	1624	13	19362
6	5	cSpy was 15 spamed and the readout avoided!
6	6	G	40000	100000	0	0	0	0	0	0	0	0	0	0	2
6	6	A	40000	100000	0	0	0	0	0	0	0	0	0	0	1
6	6	B	40000	100000	0	0	0	0	0	0	0	0	0	0	1
6	7	G	40000	99994	0.00600219	0	6	12	0	0	0	12	0	0	14
6	7	A	40000	99994	0.00600219	0	6	6	0	0	0	6	0	0	7
6	7	B	40000	99994	0.00600219	0	6	6	0	0	0	6	0	0	7
7	0	G	40000	1741	98.259	48.654	98259	8589	194	1	0	7663	173	558	8081
7	0	A	40000	1893	98.107	95.722	98107	2385	194	1	0	1554	78	558	1876
7	0	B	40000	92210	7.79	1.586	7790	6204	0	0	0	6109	95	0	6205
7	0	cSpy was 3 spamed and the readout avoided!
7	1	G	40000	100000	0	0	0	0	0	0	0	0	0	0	2
7	1	A	40000	100000	0	0	0	0	0	0	0	0	0	0	1
7	1	B	40000	100000	0	0	0	0	0	0	0	0	0	0	1
7	2	G	40000	89879	10.121	1.9665	10121	12564	4	1	0	12471	69	19	12564
7	2	A	40000	91496	8.504	2.212	8504	6292	4	1	0	6211	57	19	6291
7	2	B	40000	92007	7.993	1.721	7993	6272	0	0	0	6260	12	0	6273
7	3	G	40000	0	100	100	100000	200000	200000	200000	200000	200000	200000	200000	200002
7	3	A	40000	0	100	100	100000	100000	100000	100000	100000	100000	100000	100000	100001
7	3	B	40000	0	100	100	100000	100000	100000	100000	100000	100000	100000	100000	100001
7	4	G	40000	82680	17.32	3.4535	17320	22166	0	0	0	20445	1689	32	22159
7	4	A	40000	84671	15.329	3.53	15329	11799	0	0	0	10418	1349	32	11791
7	4	B	40000	86256	13.744	3.377	13744	10367	0	0	0	10027	340	0	10368
7	5	G	40000	100000	0	0	0	0	0	0	0	0	0	0	2
7	5	A	40000	100000	0	0	0	0	0	0	0	0	0	0	1
7	5	B	40000	100000	0	0	0	0	0	0	0	0	0	0	1
7	6	G	40000	99587	0.413001	0.0105	413	794	0	0	0	793	1	0	796
7	6	A	40000	99589	0.410998	0.014	411	397	0	0	0	396	1	0	398
7	6	B	40000	99596	0.404	0.007	404	397	0	0	0	397	0	0	398
7	7	G	40000	32116	67.884	39.5815	67884	39064	29	19	0	37239	1548	229	38965
7	7	A	40000	40070	59.93	40.54	59930	19390	12	19	0	18456	681	222	19302
7	7	B	40000	41703	58.297	38.623	58297	19674	17	0	0	18783	867	7	19663
7	7	cSpy was 5 spamed and the readout avoided!
