#the gain was set to: 2	the bias was set to: 30
#Sent triggers per delay setting: 100000	and with a frequency [Hz] of: 40000
#160MHz delay setting	400MHz delay setting	Frequency	correct transmitted H+T		error rate [%]	uncertainty [%]	bad or missed events	error count	missing headers	missing trailers	flipped H/T	event nr errors	tbm missed trigger	unknown errors	event nr resets
0	0	G	40000	390	99.61	74.249	99610	18861	109	0	0	17797	301	654	18304
0	0	A	40000	609	99.391	98.235	99391	1156	92	0	0	183	240	641	609
0	0	B	40000	32032	67.968	50.263	67968	17705	17	0	0	17614	61	13	17695
0	0	cSpy was 28 spamed and the readout avoided!
0	1	G	40000	26176	73.824	54.4745	73824	25996	681	0	0	24521	4	790	25356
0	1	A	40000	35192	64.808	54.078	64808	10730	328	0	0	9900	0	502	10401
0	1	B	40000	29863	70.137	54.871	70137	15266	353	0	0	14621	4	288	14955
0	2	G	40000	7987	92.013	76.213	92013	19250	106	0	0	15898	3000	246	19047
0	2	A	40000	15575	84.425	74.018	84425	10407	37	0	0	8224	1981	165	10294
0	2	B	40000	12749	87.251	78.408	87251	8843	69	0	0	7674	1019	81	8753
0	2	cSpy was 12 spamed and the readout avoided!
0	3	G	40000	100000	0	0	0	0	0	0	0	0	0	0	2
0	3	A	40000	100000	0	0	0	0	0	0	0	0	0	0	1
0	3	B	40000	100000	0	0	0	0	0	0	0	0	0	0	1
0	4	G	40000	100000	0	0	0	0	0	0	0	0	0	0	2
0	4	A	40000	100000	0	0	0	0	0	0	0	0	0	0	1
0	4	B	40000	100000	0	0	0	0	0	0	0	0	0	0	1
0	5	G	40000	40819	59.181	40.291	59181	24649	94	1	0	24065	53	436	24534
0	5	A	40000	49485	50.515	39.692	50515	10823	51	0	0	10366	23	383	10744
0	5	B	40000	45284	54.716	40.89	54716	13826	43	1	0	13699	30	53	13790
0	6	G	40000	2977	97.023	84.97	97023	14981	189	3	0	12089	2271	429	14602
0	6	A	40000	5684	94.316	88.596	94316	5720	116	0	0	4178	1029	397	5408
0	6	B	40000	9395	90.605	81.344	90605	9261	73	3	0	7911	1242	32	9194
0	6	cSpy was 14 spamed and the readout avoided!
0	7	G	40000	99894	0.106001	0.033	106	146	0	0	0	146	0	0	148
0	7	A	40000	99894	0.106001	0.033	106	73	0	0	0	73	0	0	74
0	7	B	40000	99894	0.106001	0.033	106	73	0	0	0	73	0	0	74
1	0	G	40000	484	99.516	95.8025	99516	4333	249	12	0	3201	514	357	3937
1	0	A	40000	3067	96.933	93.655	96933	3278	209	12	0	2451	304	302	2943
1	0	B	40000	995	99.005	97.95	99005	1055	40	0	0	750	210	55	994
1	0	cSpy was 21 spamed and the readout avoided!
1	1	G	40000	99813	0.186998	0.052	187	270	0	0	0	270	0	0	272
1	1	A	40000	99813	0.186998	0.052	187	135	0	0	0	135	0	0	136
1	1	B	40000	99813	0.186998	0.052	187	135	0	0	0	135	0	0	136
1	2	G	40000	100000	0	0	0	0	0	0	0	0	0	0	2
1	2	A	40000	100000	0	0	0	0	0	0	0	0	0	0	1
1	2	B	40000	100000	0	0	0	0	0	0	0	0	0	0	1
1	3	G	40000	72066	27.934	9.997	27934	23360	1	0	0	22939	359	61	23356
1	3	A	40000	79643	20.357	9.002	20357	11355	0	0	0	11015	280	60	11350
1	3	B	40000	77003	22.997	10.992	22997	12005	1	0	0	11924	79	1	12006
1	4	G	40000	0	100	100	100000	200000	200000	200000	200000	200000	200000	200000	200002
1	4	A	40000	0	100	100	100000	100000	100000	100000	100000	100000	100000	100000	100001
1	4	B	40000	0	100	100	100000	100000	100000	100000	100000	100000	100000	100000	100001
1	5	G	40000	92021	7.979	1.3325	7979	8754	0	0	0	8362	392	0	8756
1	5	A	40000	94812	5.188	0.832	5188	4356	0	0	0	4187	169	0	4357
1	5	B	40000	93769	6.231	1.833	6231	4398	0	0	0	4175	223	0	4399
1	6	G	40000	100000	0	0	0	0	0	0	0	0	0	0	2
1	6	A	40000	100000	0	0	0	0	0	0	0	0	0	0	1
1	6	B	40000	100000	0	0	0	0	0	0	0	0	0	0	1
1	7	G	40000	99800	0.199997	0.006	200	385	0	0	0	385	0	0	387
1	7	A	40000	99802	0.198001	0.006	198	192	0	0	0	192	0	0	193
1	7	B	40000	99801	0.199002	0.006	199	193	0	0	0	193	0	0	194
2	0	G	40000	2049	97.951	48.9385	97951	4405	49	0	0	4156	123	77	4317
2	0	A	40000	2102	97.898	95.735	97898	2163	49	0	0	1914	123	77	2074
2	0	B	40000	95616	4.384	2.142	4384	2242	0	0	0	2242	0	0	2243
2	0	cSpy was 1 spamed and the readout avoided!
2	1	G	40000	98595	1.405	0.4815	1405	1440	0	0	0	1433	5	2	1442
2	1	A	40000	98859	1.141	0.456	1141	685	0	0	0	678	5	2	686
2	1	B	40000	98738	1.262	0.507	1262	755	0	0	0	755	0	0	756
2	2	G	40000	24432	75.568	54.0885	75568	26965	857	0	0	23951	1388	769	26159
2	2	A	40000	35424	64.576	52.244	64576	12332	475	0	0	10900	467	490	11847
2	2	B	40000	29434	70.566	55.933	70566	14633	382	0	0	13051	921	279	14312
2	2	cSpy was 2 spamed and the readout avoided!
2	3	G	40000	7498	92.502	64.2795	92502	33902	147	38	1	29315	4199	202	33682
2	3	A	40000	22946	77.054	55.659	77054	21395	32	0	0	18230	3048	85	21320
2	3	B	40000	14593	85.407	72.9	85407	12507	115	38	1	11085	1151	117	12362
2	3	cSpy was 6 spamed and the readout avoided!
2	4	G	40000	100000	0	0	0	0	0	0	0	0	0	0	2
2	4	A	40000	100000	0	0	0	0	0	0	0	0	0	0	1
2	4	B	40000	100000	0	0	0	0	0	0	0	0	0	0	1
2	5	G	40000	100000	0	0	0	0	0	0	0	0	0	0	2
2	5	A	40000	100000	0	0	0	0	0	0	0	0	0	0	1
2	5	B	40000	100000	0	0	0	0	0	0	0	0	0	0	1
2	6	G	40000	30297	69.703	48.595	69703	25312	458	0	0	23147	1109	598	24950
2	6	A	40000	42159	57.841	46.675	57841	11166	260	0	0	9704	741	461	10914
2	6	B	40000	35339	64.661	50.515	64661	14146	198	0	0	13443	368	137	14036
2	7	G	40000	1158	98.842	92.5295	98842	7550	334	7	0	6059	717	433	7116
2	7	A	40000	4822	95.178	90.454	95178	4724	18	0	0	3900	546	260	4582
2	7	B	40000	2569	97.431	94.605	97431	2826	316	7	0	2159	171	173	2534
2	7	cSpy was 75 spamed and the readout avoided!
3	0	G	40000	891	99.109	72.8575	99109	14538	253	5	0	13336	260	684	13920
3	0	A	40000	1356	98.644	96.732	98644	1912	187	0	0	1041	30	654	1345
3	0	B	40000	38391	61.609	48.983	61609	12626	66	5	0	12295	230	30	12575
3	0	cSpy was 15 spamed and the readout avoided!
3	1	G	40000	0	100	100	100000	200000	200000	200000	200000	200000	200000	200000	200002
3	1	A	40000	0	100	100	100000	100000	100000	100000	100000	100000	100000	100000	100001
3	1	B	40000	0	100	100	100000	100000	100000	100000	100000	100000	100000	100000	100001
3	2	G	40000	99998	0.00200272	0	2	4	0	0	0	4	0	0	6
3	2	A	40000	99998	0.00200272	0	2	2	0	0	0	2	0	0	3
3	2	B	40000	99998	0.00200272	0	2	2	0	0	0	2	0	0	3
3	3	G	40000	100000	0	0	0	0	0	0	0	0	0	0	2
3	3	A	40000	100000	0	0	0	0	0	0	0	0	0	0	1
3	3	B	40000	100000	0	0	0	0	0	0	0	0	0	0	1
3	4	G	40000	68663	31.337	12.566	31337	29681	1	0	0	29553	100	27	29678
3	4	A	40000	72757	27.243	12.241	27243	15002	0	0	0	14938	37	27	14999
3	4	B	40000	72430	27.57	12.891	27570	14679	1	0	0	14615	63	0	14679
3	5	G	40000	0	100	100	100000	200000	200000	200000	200000	200000	200000	200000	200002
3	5	A	40000	0	100	100	100000	100000	100000	100000	100000	100000	100000	100000	100001
3	5	B	40000	0	100	100	100000	100000	100000	100000	100000	100000	100000	100000	100001
3	6	G	40000	84184	15.816	3.5195	15816	22681	7	7	0	21854	807	6	22678
3	6	A	40000	84680	15.32	3.509	15320	11811	0	0	0	11044	764	3	11812
3	6	B	40000	85600	14.4	3.53	14400	10870	7	7	0	10810	43	3	10866
3	7	G	40000	100000	0	0	0	0	0	0	0	0	0	0	2
3	7	A	40000	100000	0	0	0	0	0	0	0	0	0	0	1
3	7	B	40000	100000	0	0	0	0	0	0	0	0	0	0	1
4	0	G	40000	1146	98.854	62.2665	98854	22573	198	0	0	20718	1320	337	22204
4	0	A	40000	1778	98.222	96.104	98222	2118	153	0	0	1113	524	328	1777
4	0	B	40000	51116	48.884	28.429	48884	20455	45	0	0	19605	796	9	20427
4	0	cSpy was 6 spamed and the readout avoided!
4	1	G	40000	100000	0	0	0	0	0	0	0	0	0	0	2
4	1	A	40000	100000	0	0	0	0	0	0	0	0	0	0	1
4	1	B	40000	100000	0	0	0	0	0	0	0	0	0	0	1
4	2	G	40000	99304	0.695997	0.0625	696	1185	0	0	0	1184	1	0	1187
4	2	A	40000	99338	0.661999	0.073	662	589	0	0	0	588	1	0	590
4	2	B	40000	99352	0.647998	0.052	648	596	0	0	0	596	0	0	597
4	3	G	40000	22034	77.966	55.5415	77966	34957	669	0	0	33680	88	520	34079
4	3	A	40000	26719	73.281	55.797	73281	17484	328	0	0	16777	3	376	16895
4	3	B	40000	27241	72.759	55.286	72759	17473	341	0	0	16903	85	144	17184
4	3	cSpy was 6 spamed and the readout avoided!
4	4	G	40000	13452	86.548	53.3215	86548	43654	38	7	0	39207	4131	271	43497
4	4	A	40000	24705	75.295	53.608	75295	21687	18	4	0	18850	2555	260	21546
4	4	B	40000	24998	75.002	53.035	75002	21967	20	3	0	20357	1576	11	21951
4	4	cSpy was 14 spamed and the readout avoided!
4	5	G	40000	100000	0	0	0	0	0	0	0	0	0	0	2
4	5	A	40000	100000	0	0	0	0	0	0	0	0	0	0	1
4	5	B	40000	100000	0	0	0	0	0	0	0	0	0	0	1
4	6	G	40000	100000	0	0	0	0	0	0	0	0	0	0	2
4	6	A	40000	100000	0	0	0	0	0	0	0	0	0	0	1
4	6	B	40000	100000	0	0	0	0	0	0	0	0	0	0	1
4	7	G	40000	22075	77.925	55.041	77925	35949	425	0	0	35114	28	382	35388
4	7	A	40000	26821	73.179	55.217	73179	17962	202	0	0	17486	0	274	17581
4	7	B	40000	27148	72.852	54.865	72852	17987	223	0	0	17628	28	108	17807
4	7	cSpy was 7 spamed and the readout avoided!
5	0	G	40000	494	99.506	57.9335	99506	15975	151	0	0	14879	113	832	15432
5	0	A	40000	616	99.384	98.224	99384	1160	151	0	0	75	104	830	616
5	0	B	40000	67542	32.458	17.643	32458	14815	0	0	0	14804	9	2	14816
5	0	cSpy was 69 spamed and the readout avoided!
5	1	G	40000	30999	69.001	45.713	69001	36075	237	0	0	35609	3	226	35797
5	1	A	40000	36205	63.795	45.821	63795	17974	116	0	0	17668	1	189	17768
5	1	B	40000	36294	63.706	45.605	63706	18101	121	0	0	17941	2	37	18029
5	1	cSpy was 4 spamed and the readout avoided!
5	2	G	40000	53	99.947	98.3025	99947	2139	84	0	0	971	83	1001	1252
5	2	A	40000	129	99.871	99.028	99871	843	0	0	0	11	1	831	129
5	2	B	40000	1127	98.873	97.577	98873	1296	84	0	0	960	82	170	1123
5	2	cSpy was 44 spamed and the readout avoided!
5	3	G	40000	99668	0.331998	0	332	664	0	0	0	664	0	0	666
5	3	A	40000	99668	0.331998	0	332	332	0	0	0	332	0	0	333
5	3	B	40000	99668	0.331998	0	332	332	0	0	0	332	0	0	333
5	4	G	40000	100000	0	0	0	0	0	0	0	0	0	0	2
5	4	A	40000	100000	0	0	0	0	0	0	0	0	0	0	1
5	4	B	40000	100000	0	0	0	0	0	0	0	0	0	0	1
5	5	G	40000	82607	17.393	5.349	17393	19427	0	0	0	19413	2	12	19429
5	5	A	40000	84829	15.171	5.581	15171	9590	0	0	0	9576	2	12	9591
5	5	B	40000	85046	14.954	5.117	14954	9837	0	0	0	9837	0	0	9838
5	6	G	40000	8	99.992	97.5325	99992	2588	224	1	0	1160	1025	178	2342
5	6	A	40000	21	99.979	99.906	99979	73	0	0	0	5	3	65	21
5	6	B	40000	2326	97.674	95.159	97674	2515	224	1	0	1155	1022	113	2321
5	6	cSpy was 51 spamed and the readout avoided!
5	7	G	40000	45241	54.759	11.6555	54759	57204	5	7	0	51337	5753	102	57171
5	7	A	40000	58090	41.91	12.479	41910	29431	5	7	0	25397	3922	100	29397
5	7	B	40000	61395	38.605	10.832	38605	27773	0	0	0	25940	1831	2	27774
5	7	cSpy was 1 spamed and the readout avoided!
6	0	G	40000	579	99.421	95.737	99421	4567	327	5	0	2242	1296	697	3942
6	0	A	40000	1387	98.613	96.741	98613	1872	173	2	0	183	899	615	1387
6	0	B	40000	2572	97.428	94.733	97428	2695	154	3	0	2059	397	82	2555
6	0	cSpy was 61 spamed and the readout avoided!
6	1	G	40000	17588	82.412	35.6395	82412	60114	1	0	0	53316	6575	222	60038
6	1	A	40000	32795	67.205	38.466	67205	28739	0	0	0	24810	3708	221	28663
6	1	B	40000	35812	64.188	32.813	64188	31375	1	0	0	28506	2867	1	31375
6	1	cSpy was 7 spamed and the readout avoided!
6	2	G	40000	100000	0	0	0	0	0	0	0	0	0	0	2
6	2	A	40000	100000	0	0	0	0	0	0	0	0	0	0	1
6	2	B	40000	100000	0	0	0	0	0	0	0	0	0	0	1
6	3	G	40000	100000	0	0	0	0	0	0	0	0	0	0	2
6	3	A	40000	100000	0	0	0	0	0	0	0	0	0	0	1
6	3	B	40000	100000	0	0	0	0	0	0	0	0	0	0	1
6	4	G	40000	20342	79.658	58.675	79658	34238	821	0	0	32666	156	595	33158
6	4	A	40000	23912	76.088	58.952	76088	17136	396	0	0	16313	0	427	16408
6	4	B	40000	24500	75.5	58.398	75500	17102	425	0	0	16353	156	168	16750
6	4	cSpy was 8 spamed and the readout avoided!
6	5	G	40000	3881	96.119	83.4225	96119	16598	182	8	0	14475	1137	796	16083
6	5	A	40000	7761	92.239	84.336	92239	7903	26	1	0	6661	535	680	7547
6	5	B	40000	8796	91.204	82.509	91204	8695	156	7	0	7814	602	116	8536
6	5	cSpy was 59 spamed and the readout avoided!
6	6	G	40000	100000	0	0	0	0	0	0	0	0	0	0	2
6	6	A	40000	100000	0	0	0	0	0	0	0	0	0	0	1
6	6	B	40000	100000	0	0	0	0	0	0	0	0	0	0	1
6	7	G	40000	100000	0	0	0	0	0	0	0	0	0	0	2
6	7	A	40000	100000	0	0	0	0	0	0	0	0	0	0	1
6	7	B	40000	100000	0	0	0	0	0	0	0	0	0	0	1
7	0	G	40000	1785	98.215	48.278	98215	3487	221	0	0	2630	87	549	2986
7	0	A	40000	1806	98.194	95.904	98194	2290	221	0	0	1433	87	549	1788
7	0	B	40000	98151	1.849	0.652	1849	1197	0	0	0	1197	0	0	1198
7	0	cSpy was 3 spamed and the readout avoided!
7	1	G	40000	100000	0	0	0	0	0	0	0	0	0	0	2
7	1	A	40000	100000	0	0	0	0	0	0	0	0	0	0	1
7	1	B	40000	100000	0	0	0	0	0	0	0	0	0	0	1
7	2	G	40000	95635	4.365	0.525	4365	6958	0	0	0	6906	49	3	6959
7	2	A	40000	95922	4.078	0.595	4078	3483	0	0	0	3438	42	3	3483
7	2	B	40000	96070	3.93	0.455	3930	3475	0	0	0	3468	7	0	3476
7	3	G	40000	0	100	100	100000	200000	200000	200000	200000	200000	200000	200000	200002
7	3	A	40000	0	100	100	100000	100000	100000	100000	100000	100000	100000	100000	100001
7	3	B	40000	0	100	100	100000	100000	100000	100000	100000	100000	100000	100000	100001
7	4	G	40000	65488	34.512	28.6325	34512	10736	19	0	0	9943	669	105	10641
7	4	A	40000	65562	34.438	28.933	34438	5505	0	0	0	4982	464	59	5454
7	4	B	40000	66437	33.563	28.332	33563	5231	19	0	0	4961	205	46	5187
7	4	cSpy was 6 spamed and the readout avoided!
7	5	G	40000	100000	0	0	0	0	0	0	0	0	0	0	2
7	5	A	40000	100000	0	0	0	0	0	0	0	0	0	0	1
7	5	B	40000	100000	0	0	0	0	0	0	0	0	0	0	1
7	6	G	40000	98202	1.798	0.2625	1798	2582	0	0	0	2568	12	2	2584
7	6	A	40000	98408	1.592	0.294	1592	1298	0	0	0	1285	11	2	1299
7	6	B	40000	98485	1.515	0.231	1515	1284	0	0	0	1283	1	0	1285
7	7	G	40000	46882	53.118	26.047	53118	38621	16	46	0	37150	1229	180	38527
7	7	A	40000	53872	46.128	26.733	46128	19395	8	46	0	18633	530	178	19306
7	7	B	40000	55413	44.587	25.361	44587	19226	8	0	0	18517	699	2	19221
7	7	cSpy was 8 spamed and the readout avoided!
