#the gain was set to: 2	the bias was set to: 30
#Sent triggers per delay setting: 100000	and with a frequency [Hz] of: 40000
#160MHz delay setting	400MHz delay setting	Frequency	correct transmitted H+T		error rate [%]	uncertainty [%]	bad or missed events	error count	missing headers	missing trailers	flipped H/T	event nr errors	tbm missed trigger	unknown errors	event nr resets
0	0	G	40000	368	99.632	75.068	99632	18445	97	0	0	17422	284	642	17940
0	0	A	40000	600	99.4	98.298	99400	1102	80	0	0	151	237	634	600
0	0	B	40000	30819	69.181	51.838	69181	17343	17	0	0	17271	47	8	17340
0	0	cSpy was 33 spamed and the readout avoided!
0	1	G	40000	43162	56.838	41.1725	56838	20942	265	0	0	19845	379	453	20742
0	1	A	40000	50325	49.675	40.712	49675	8963	144	0	0	8464	1	354	8822
0	1	B	40000	46388	53.612	41.633	53612	11979	121	0	0	11381	378	99	11920
0	2	G	40000	4156	95.844	82.57	95844	17189	49	1	0	14808	2012	319	16992
0	2	A	40000	8180	91.82	83.848	91820	7972	30	0	0	6404	1240	298	7797
0	2	B	40000	9491	90.509	81.292	90509	9217	19	1	0	8404	772	21	9195
0	2	cSpy was 4 spamed and the readout avoided!
0	3	G	40000	100000	0	0	0	0	0	0	0	0	0	0	2
0	3	A	40000	100000	0	0	0	0	0	0	0	0	0	0	1
0	3	B	40000	100000	0	0	0	0	0	0	0	0	0	0	1
0	4	G	40000	100000	0	0	0	0	0	0	0	0	0	0	2
0	4	A	40000	100000	0	0	0	0	0	0	0	0	0	0	1
0	4	B	40000	100000	0	0	0	0	0	0	0	0	0	0	1
0	5	G	40000	50013	49.987	28.525	49987	30894	5	0	0	30543	84	262	30865
0	5	A	40000	57741	42.259	28.129	42259	14130	4	0	0	13830	34	262	14101
0	5	B	40000	54315	45.685	28.921	45685	16764	1	0	0	16713	50	0	16764
0	6	G	40000	1940	98.06	91.2405	98060	8822	265	7	0	6546	1532	472	8338
0	6	A	40000	4283	95.717	91.399	95717	4318	98	0	0	2957	1021	242	4088
0	6	B	40000	4414	95.586	91.082	95586	4504	167	7	0	3589	511	230	4250
0	6	cSpy was 40 spamed and the readout avoided!
0	7	G	40000	99305	0.695002	0.011	695	1364	0	0	0	1362	2	0	1366
0	7	A	40000	99309	0.691003	0.01	691	681	0	0	0	681	0	0	682
0	7	B	40000	99305	0.695002	0.012	695	683	0	0	0	681	2	0	684
1	0	G	40000	340	99.66	96.991	99660	3085	215	0	0	2022	255	593	2540
1	0	A	40000	1253	98.747	97.035	98747	1712	172	0	0	856	163	521	1242
1	0	B	40000	1680	98.32	96.947	98320	1373	43	0	0	1166	92	72	1298
1	0	cSpy was 29 spamed and the readout avoided!
1	1	G	40000	98853	1.147	0.246	1147	1797	0	0	0	1797	0	0	1799
1	1	A	40000	98856	1.144	0.245	1144	899	0	0	0	899	0	0	900
1	1	B	40000	98855	1.145	0.247	1145	898	0	0	0	898	0	0	899
1	2	G	40000	100000	0	0	0	0	0	0	0	0	0	0	2
1	2	A	40000	100000	0	0	0	0	0	0	0	0	0	0	1
1	2	B	40000	100000	0	0	0	0	0	0	0	0	0	0	1
1	3	G	40000	90766	9.234	4.5505	9234	6228	8	0	0	6023	158	39	6216
1	3	A	40000	92787	7.213	4.214	7213	2999	4	0	0	2816	143	36	2990
1	3	B	40000	91884	8.116	4.887	8116	3229	4	0	0	3207	15	3	3226
1	4	G	40000	0	100	100	100000	200000	200000	200000	200000	200000	200000	200000	200002
1	4	A	40000	0	100	100	100000	100000	100000	100000	100000	100000	100000	100000	100001
1	4	B	40000	0	100	100	100000	100000	100000	100000	100000	100000	100000	100000	100001
1	5	G	40000	67758	32.242	6.5435	32242	25300	0	0	0	22497	2802	1	25302
1	5	A	40000	84702	15.298	2.265	15298	13033	0	0	0	11556	1476	1	13034
1	5	B	40000	76911	23.089	10.822	23089	12267	0	0	0	10941	1326	0	12268
1	6	G	40000	100000	0	0	0	0	0	0	0	0	0	0	2
1	6	A	40000	100000	0	0	0	0	0	0	0	0	0	0	1
1	6	B	40000	100000	0	0	0	0	0	0	0	0	0	0	1
1	7	G	40000	99997	0.00299811	0	3	6	0	0	0	6	0	0	8
1	7	A	40000	99997	0.00299811	0	3	3	0	0	0	3	0	0	4
1	7	B	40000	99997	0.00299811	0	3	3	0	0	0	3	0	0	4
2	0	G	40000	2157	97.843	48.7025	97843	4183	46	1	0	3923	133	80	4097
2	0	A	40000	2204	97.796	95.548	97796	2248	46	1	0	1988	133	80	2161
2	0	B	40000	96208	3.792	1.857	3792	1935	0	0	0	1935	0	0	1936
2	0	cSpy was 1 spamed and the readout avoided!
2	1	G	40000	99326	0.673997	0.1915	674	836	0	0	0	832	1	3	838
2	1	A	40000	99415	0.585002	0.183	585	402	0	0	0	399	1	2	403
2	1	B	40000	99366	0.634003	0.2	634	434	0	0	0	433	0	1	435
2	2	G	40000	26513	73.487	52.115	73487	26175	862	0	0	23161	1439	713	25448
2	2	A	40000	38100	61.9	50.197	61900	11703	477	0	0	10093	659	474	11245
2	2	B	40000	31495	68.505	54.033	68505	14472	385	0	0	13068	780	239	14203
2	3	G	40000	5451	94.549	71.197	94549	27785	123	12	0	23841	3592	217	27584
2	3	A	40000	18576	81.424	63.71	81424	17714	22	0	0	15150	2418	124	17617
2	3	B	40000	11245	88.755	78.684	88755	10071	101	12	0	8691	1174	93	9967
2	3	cSpy was 33 spamed and the readout avoided!
2	4	G	40000	100000	0	0	0	0	0	0	0	0	0	0	2
2	4	A	40000	100000	0	0	0	0	0	0	0	0	0	0	1
2	4	B	40000	100000	0	0	0	0	0	0	0	0	0	0	1
2	5	G	40000	100000	0	0	0	0	0	0	0	0	0	0	2
2	5	A	40000	100000	0	0	0	0	0	0	0	0	0	0	1
2	5	B	40000	100000	0	0	0	0	0	0	0	0	0	0	1
2	6	G	40000	43564	56.436	35.5235	56436	24386	70	0	0	23292	699	325	24325
2	6	A	40000	55260	44.74	33.797	44740	10943	50	0	0	9970	612	311	10885
2	6	B	40000	49307	50.693	37.25	50693	13443	20	0	0	13322	87	14	13440
2	7	G	40000	0	100	100	100000	200000	200000	200000	200000	200000	200000	200000	200002
2	7	A	40000	0	100	100	100000	100000	100000	100000	100000	100000	100000	100000	100001
2	7	B	40000	0	100	100	100000	100000	100000	100000	100000	100000	100000	100000	100001
3	0	G	40000	874	99.126	71.4415	99126	19347	235	1	0	18082	395	634	18821
3	0	A	40000	1370	98.63	96.758	98630	1872	193	0	0	1029	29	621	1360
3	0	B	40000	36400	63.6	46.125	63600	17475	42	1	0	17053	366	13	17461
3	0	cSpy was 11 spamed and the readout avoided!
3	1	G	40000	0	100	100	100000	200000	200000	200000	200000	200000	200000	200000	200002
3	1	A	40000	0	100	100	100000	100000	100000	100000	100000	100000	100000	100000	100001
3	1	B	40000	0	100	100	100000	100000	100000	100000	100000	100000	100000	100000	100001
3	2	G	40000	99119	0.880998	0.003	881	1755	0	0	0	1754	1	0	1757
3	2	A	40000	99119	0.880998	0.003	881	878	0	0	0	877	1	0	879
3	2	B	40000	99120	0.880003	0.003	880	877	0	0	0	877	0	0	878
3	3	G	40000	100000	0	0	0	0	0	0	0	0	0	0	2
3	3	A	40000	100000	0	0	0	0	0	0	0	0	0	0	1
3	3	B	40000	100000	0	0	0	0	0	0	0	0	0	0	1
3	4	G	40000	94982	5.018	0.9655	5018	7255	0	0	0	7240	12	3	7257
3	4	A	40000	95453	4.547	0.903	4547	3644	0	0	0	3630	11	3	3645
3	4	B	40000	95361	4.639	1.028	4639	3611	0	0	0	3610	1	0	3612
3	5	G	40000	0	100	100	100000	200000	200000	200000	200000	200000	200000	200000	200002
3	5	A	40000	0	100	100	100000	100000	100000	100000	100000	100000	100000	100000	100001
3	5	B	40000	0	100	100	100000	100000	100000	100000	100000	100000	100000	100000	100001
3	6	G	40000	64597	35.403	8.95	35403	38823	9	6	0	35963	2824	21	38816
3	6	A	40000	70899	29.101	8.8	29101	20301	6	1	0	17747	2534	13	20301
3	6	B	40000	72378	27.622	9.1	27622	18522	3	5	0	18216	290	8	18515
3	6	cSpy was 6 spamed and the readout avoided!
3	7	G	40000	100000	0	0	0	0	0	0	0	0	0	0	2
3	7	A	40000	100000	0	0	0	0	0	0	0	0	0	0	1
3	7	B	40000	100000	0	0	0	0	0	0	0	0	0	0	1
4	0	G	40000	980	99.02	63.0065	99020	29584	82	1	0	26755	2615	131	29442
4	0	A	40000	1712	98.288	96.454	98288	1834	58	1	0	1073	582	120	1707
4	0	B	40000	42691	57.309	29.559	57309	27750	24	0	0	25682	2033	11	27735
4	0	cSpy was 2 spamed and the readout avoided!
4	1	G	40000	100000	0	0	0	0	0	0	0	0	0	0	2
4	1	A	40000	100000	0	0	0	0	0	0	0	0	0	0	1
4	1	B	40000	100000	0	0	0	0	0	0	0	0	0	0	1
4	2	G	40000	99606	0.393999	0.174	394	346	0	0	0	343	2	1	347
4	2	A	40000	99653	0.347	0.177	347	170	0	0	0	167	2	1	170
4	2	B	40000	99653	0.347	0.171	347	176	0	0	0	176	0	0	177
4	3	G	40000	19995	80.005	58.8625	80005	34145	812	0	0	32585	140	608	33063
4	3	A	40000	23761	76.239	59.146	76239	17093	391	0	0	16277	0	425	16378
4	3	B	40000	24369	75.631	58.579	75631	17052	421	0	0	16308	140	183	16685
4	3	cSpy was 8 spamed and the readout avoided!
4	4	G	40000	0	100	100	100000	200000	200000	200000	200000	200000	200000	200000	200002
4	4	A	40000	0	100	100	100000	100000	100000	100000	100000	100000	100000	100000	100001
4	4	B	40000	0	100	100	100000	100000	100000	100000	100000	100000	100000	100000	100001
4	5	G	40000	100000	0	0	0	0	0	0	0	0	0	0	2
4	5	A	40000	100000	0	0	0	0	0	0	0	0	0	0	1
4	5	B	40000	100000	0	0	0	0	0	0	0	0	0	0	1
4	6	G	40000	100000	0	0	0	0	0	0	0	0	0	0	2
4	6	A	40000	100000	0	0	0	0	0	0	0	0	0	0	1
4	6	B	40000	100000	0	0	0	0	0	0	0	0	0	0	1
4	7	G	40000	40987	59.013	37.6235	59013	33081	152	0	0	32772	2	155	32915
4	7	A	40000	45834	54.166	37.716	54166	16450	74	0	0	16242	2	132	16323
4	7	B	40000	45838	54.162	37.531	54162	16631	78	0	0	16530	0	23	16592
4	7	cSpy was 7 spamed and the readout avoided!
5	0	G	40000	470	99.53	57.983	99530	15882	129	0	0	14816	93	844	15340
5	0	A	40000	584	99.416	98.289	99416	1127	129	0	0	72	83	843	584
5	0	B	40000	67568	32.432	17.677	32432	14755	0	0	0	14744	10	1	14756
5	0	cSpy was 58 spamed and the readout avoided!
5	1	G	40000	60714	39.286	20.697	39286	28915	52	0	0	28779	2	82	28865
5	1	A	40000	64846	35.154	20.846	35154	14308	26	0	0	14208	2	72	14265
5	1	B	40000	64845	35.155	20.548	35155	14607	26	0	0	14571	0	10	14600
5	1	cSpy was 3 spamed and the readout avoided!
5	2	G	40000	10	99.99	99.055	99990	1141	29	0	0	420	254	438	748
5	2	A	40000	25	99.975	99.649	99975	326	0	0	0	3	2	321	25
5	2	B	40000	724	99.276	98.461	99276	815	29	0	0	417	252	117	723
5	2	cSpy was 20 spamed and the readout avoided!
5	3	G	40000	98670	1.33	0	1330	2654	0	0	0	2648	6	0	2656
5	3	A	40000	98670	1.33	0	1330	1330	0	0	0	1324	6	0	1331
5	3	B	40000	98676	1.324	0	1324	1324	0	0	0	1324	0	0	1325
5	4	G	40000	100000	0	0	0	0	0	0	0	0	0	0	2
5	4	A	40000	100000	0	0	0	0	0	0	0	0	0	0	1
5	4	B	40000	100000	0	0	0	0	0	0	0	0	0	0	1
5	5	G	40000	80332	19.668	6.5705	19668	20750	2	0	0	20731	2	15	20750
5	5	A	40000	82945	17.055	6.815	17055	10240	1	0	0	10222	2	15	10239
5	5	B	40000	83164	16.836	6.326	16836	10510	1	0	0	10509	0	0	10511
5	6	G	40000	11	99.989	97.8885	99989	2239	175	0	0	1021	822	221	1978
5	6	A	40000	40	99.96	99.842	99960	118	0	0	0	14	6	98	40
5	6	B	40000	1944	98.056	95.935	98056	2121	175	0	0	1007	816	123	1938
5	6	cSpy was 54 spamed and the readout avoided!
5	7	G	40000	36918	63.082	13.621	63082	64130	18	11	0	57125	6849	127	64074
5	7	A	40000	52913	47.087	14.958	47087	32129	18	11	0	27691	4283	126	32073
5	7	B	40000	55715	44.285	12.284	44285	32001	0	0	0	29434	2566	1	32001
5	7	cSpy was 2 spamed and the readout avoided!
6	0	G	40000	573	99.427	96.041	99427	4280	357	3	0	2074	1152	694	3626
6	0	A	40000	1326	98.674	96.84	98674	1834	196	1	0	202	821	614	1325
6	0	B	40000	2312	97.688	95.242	97688	2446	161	2	0	1872	331	80	2301
6	0	cSpy was 62 spamed and the readout avoided!
6	1	G	40000	16972	83.028	37.511	83028	58811	0	1	0	52140	6444	226	58715
6	1	A	40000	31556	68.444	40.368	68444	28076	0	1	0	24250	3602	223	27979
6	1	B	40000	34611	65.389	34.654	65389	30735	0	0	0	27890	2842	3	30736
6	1	cSpy was 4 spamed and the readout avoided!
6	2	G	40000	100000	0	0	0	0	0	0	0	0	0	0	2
6	2	A	40000	100000	0	0	0	0	0	0	0	0	0	0	1
6	2	B	40000	100000	0	0	0	0	0	0	0	0	0	0	1
6	3	G	40000	100000	0	0	0	0	0	0	0	0	0	0	2
6	3	A	40000	100000	0	0	0	0	0	0	0	0	0	0	1
6	3	B	40000	100000	0	0	0	0	0	0	0	0	0	0	1
6	4	G	40000	19536	80.464	59.0785	80464	33966	813	0	0	32408	122	623	32847
6	4	A	40000	23630	76.37	59.374	76370	16996	397	0	0	16167	1	431	16267
6	4	B	40000	24247	75.753	58.783	75753	16970	416	0	0	16241	121	192	16580
6	4	cSpy was 9 spamed and the readout avoided!
6	5	G	40000	5076	94.924	85.8185	94924	11888	194	2	0	10175	674	843	11321
6	5	A	40000	7640	92.36	86.865	92360	5495	17	0	0	4467	301	710	5107
6	5	B	40000	8835	91.165	84.772	91165	6393	177	2	0	5708	373	133	6214
6	5	cSpy was 77 spamed and the readout avoided!
6	6	G	40000	100000	0	0	0	0	0	0	0	0	0	0	2
6	6	A	40000	100000	0	0	0	0	0	0	0	0	0	0	1
6	6	B	40000	100000	0	0	0	0	0	0	0	0	0	0	1
6	7	G	40000	100000	0	0	0	0	0	0	0	0	0	0	2
6	7	A	40000	100000	0	0	0	0	0	0	0	0	0	0	1
6	7	B	40000	100000	0	0	0	0	0	0	0	0	0	0	1
7	0	G	40000	1773	98.227	48.306	98227	3501	206	0	0	2639	83	573	2997
7	0	A	40000	1796	98.204	95.919	98204	2285	206	0	0	1424	82	573	1780
7	0	B	40000	98091	1.909	0.693	1909	1216	0	0	0	1215	1	0	1217
7	0	cSpy was 1 spamed and the readout avoided!
7	1	G	40000	100000	0	0	0	0	0	0	0	0	0	0	2
7	1	A	40000	100000	0	0	0	0	0	0	0	0	0	0	1
7	1	B	40000	100000	0	0	0	0	0	0	0	0	0	0	1
7	2	G	40000	96090	3.91	1.047	3910	4049	8	2	0	3998	32	9	4044
7	2	A	40000	96834	3.166	1.153	3166	2013	8	2	0	1984	10	9	2007
7	2	B	40000	97023	2.977	0.941	2977	2036	0	0	0	2014	22	0	2037
7	3	G	40000	0	100	100	100000	200000	200000	200000	200000	200000	200000	200000	200002
7	3	A	40000	0	100	100	100000	100000	100000	100000	100000	100000	100000	100000	100001
7	3	B	40000	0	100	100	100000	100000	100000	100000	100000	100000	100000	100000	100001
7	4	G	40000	84504	15.496	2.4795	15496	23277	0	0	0	21378	1878	21	23275
7	4	A	40000	84838	15.162	2.482	15162	12680	0	0	0	11002	1657	21	12678
7	4	B	40000	86926	13.074	2.477	13074	10597	0	0	0	10376	221	0	10597
7	5	G	40000	100000	0	0	0	0	0	0	0	0	0	0	2
7	5	A	40000	100000	0	0	0	0	0	0	0	0	0	0	1
7	5	B	40000	100000	0	0	0	0	0	0	0	0	0	0	1
7	6	G	40000	96475	3.525	1.029	3525	3137	1	6	0	3099	25	6	3136
7	6	A	40000	97299	2.701	1.14	2701	1561	1	6	0	1535	13	6	1559
7	6	B	40000	97506	2.494	0.918	2494	1576	0	0	0	1564	12	0	1577
7	6	cSpy was 1 spamed and the readout avoided!
7	7	G	40000	58547	41.453	16.4605	41453	36145	12	62	0	35281	593	197	36051
7	7	A	40000	64548	35.452	17.065	35452	18387	12	62	0	17881	235	197	18292
7	7	B	40000	66386	33.614	15.856	33614	17758	0	0	0	17400	358	0	17759
7	7	cSpy was 8 spamed and the readout avoided!
