#the gain was set to: 2	the bias was set to: 30
#Sent triggers per delay setting: 100000	and with a frequency [Hz] of: 40000
#160MHz delay setting	400MHz delay setting	Frequency	correct transmitted H+T		error rate [%]	uncertainty [%]	bad or missed events	error count	missing headers	missing trailers	flipped H/T	event nr errors	tbm missed trigger	unknown errors	event nr resets
0	0	G	40000	396	99.604	73.1525	99604	18829	93	0	0	17809	277	650	18298
0	0	A	40000	584	99.416	98.315	99416	1101	72	0	0	150	244	635	584
0	0	B	40000	34282	65.718	47.99	65718	17728	21	0	0	17659	33	15	17714
0	0	cSpy was 31 spamed and the readout avoided!
0	1	G	40000	42679	57.321	32.5775	57321	33586	25	0	0	33118	145	298	33522
0	1	A	40000	52397	47.603	31.991	47603	15612	14	0	0	15233	71	294	15550
0	1	B	40000	48862	51.138	33.164	51138	17974	11	0	0	17885	74	4	17972
0	2	G	40000	2865	97.135	87.2445	97135	12785	410	15	0	9810	2110	440	12264
0	2	A	40000	6239	93.761	87.551	93761	6210	142	0	0	4493	1247	328	5918
0	2	B	40000	6487	93.513	86.938	93513	6575	268	15	0	5317	863	112	6346
0	2	cSpy was 54 spamed and the readout avoided!
0	3	G	40000	100000	0	0	0	0	0	0	0	0	0	0	2
0	3	A	40000	100000	0	0	0	0	0	0	0	0	0	0	1
0	3	B	40000	100000	0	0	0	0	0	0	0	0	0	0	1
0	4	G	40000	100000	0	0	0	0	0	0	0	0	0	0	2
0	4	A	40000	100000	0	0	0	0	0	0	0	0	0	0	1
0	4	B	40000	100000	0	0	0	0	0	0	0	0	0	0	1
0	5	G	40000	75863	24.137	9.9295	24137	21641	2	0	0	21523	28	88	21626
0	5	A	40000	80110	19.89	9.71	19890	10180	2	0	0	10077	13	88	10164
0	5	B	40000	78390	21.61	10.149	21610	11461	0	0	0	11446	15	0	11462
0	6	G	40000	910	99.09	94.9805	99090	5194	390	8	0	3415	1066	315	4730
0	6	A	40000	3060	96.94	93.786	96940	3154	119	0	0	2020	871	144	2968
0	6	B	40000	1785	98.215	96.175	98215	2040	271	8	0	1395	195	171	1762
0	6	cSpy was 66 spamed and the readout avoided!
0	7	G	40000	85744	14.256	2.4505	14256	12716	0	0	0	11736	980	0	12718
0	7	A	40000	92404	7.596	1.174	7596	6422	0	0	0	5950	472	0	6423
0	7	B	40000	89979	10.021	3.727	10021	6294	0	0	0	5786	508	0	6295
1	0	G	40000	232	99.768	98.304	99768	1894	121	0	0	1126	159	488	1496
1	0	A	40000	824	99.176	97.996	99176	1180	102	0	0	537	103	438	822
1	0	B	40000	674	99.326	98.612	99326	714	19	0	0	589	56	50	674
1	0	cSpy was 23 spamed and the readout avoided!
1	1	G	40000	82503	17.497	3.2895	17497	14815	0	0	0	13252	1557	6	14817
1	1	A	40000	91110	8.89	1.523	8890	7367	0	0	0	6651	710	6	7368
1	1	B	40000	87496	12.504	5.056	12504	7448	0	0	0	6601	847	0	7449
1	2	G	40000	100000	0	0	0	0	0	0	0	0	0	0	2
1	2	A	40000	100000	0	0	0	0	0	0	0	0	0	0	1
1	2	B	40000	100000	0	0	0	0	0	0	0	0	0	0	1
1	3	G	40000	99130	0.870001	0.08	870	1513	0	0	0	1513	0	0	1515
1	3	A	40000	99182	0.818002	0.073	818	745	0	0	0	745	0	0	746
1	3	B	40000	99145	0.854999	0.087	855	768	0	0	0	768	0	0	769
1	4	G	40000	447	99.553	97.258	99553	2948	226	0	0	1228	1087	407	2531
1	4	A	40000	1394	98.606	97.088	98606	1518	50	0	0	616	722	130	1389
1	4	B	40000	1142	98.858	97.428	98858	1430	176	0	0	612	365	277	1142
1	4	cSpy was 24 spamed and the readout avoided!
1	5	G	40000	22066	77.934	25.862	77934	56589	12	1	0	47774	8743	59	56550
1	5	A	40000	56005	43.995	9.384	43995	34611	0	0	0	28391	6170	50	34586
1	5	B	40000	35682	64.318	42.34	64318	21978	12	1	0	19383	2573	9	21964
1	6	G	40000	100000	0	0	0	0	0	0	0	0	0	0	2
1	6	A	40000	100000	0	0	0	0	0	0	0	0	0	0	1
1	6	B	40000	100000	0	0	0	0	0	0	0	0	0	0	1
1	7	G	40000	99410	0.590003	0.1865	590	668	0	0	0	666	1	1	670
1	7	A	40000	99502	0.498003	0.18	498	318	0	0	0	316	1	1	319
1	7	B	40000	99457	0.542998	0.193	543	350	0	0	0	350	0	0	351
2	0	G	40000	2252	97.748	48.499	97748	4087	48	2	0	3847	108	82	3998
2	0	A	40000	2290	97.71	95.367	97710	2343	48	2	0	2103	108	82	2253
2	0	B	40000	96625	3.375	1.631	3375	1744	0	0	0	1744	0	0	1745
2	0	cSpy was 1 spamed and the readout avoided!
2	1	G	40000	99964	0.0360012	0	36	72	0	0	0	72	0	0	74
2	1	A	40000	99964	0.0360012	0	36	36	0	0	0	36	0	0	37
2	1	B	40000	99964	0.0360012	0	36	36	0	0	0	36	0	0	37
2	2	G	40000	35859	64.141	41.2165	64141	27555	247	0	0	25926	945	437	27354
2	2	A	40000	48275	51.725	39.401	51725	12324	150	0	0	11122	689	363	12174
2	2	B	40000	41737	58.263	43.032	58263	15231	97	0	0	14804	256	74	15180
2	3	G	40000	3935	96.065	79.506	96065	20095	57	1	0	17705	2165	167	19972
2	3	A	40000	13401	86.599	73.672	86599	12927	6	0	0	11245	1550	126	12858
2	3	B	40000	7492	92.508	85.34	92508	7168	51	1	0	6460	615	41	7114
2	3	cSpy was 4 spamed and the readout avoided!
2	4	G	40000	100000	0	0	0	0	0	0	0	0	0	0	2
2	4	A	40000	100000	0	0	0	0	0	0	0	0	0	0	1
2	4	B	40000	100000	0	0	0	0	0	0	0	0	0	0	1
2	5	G	40000	100000	0	0	0	0	0	0	0	0	0	0	2
2	5	A	40000	100000	0	0	0	0	0	0	0	0	0	0	1
2	5	B	40000	100000	0	0	0	0	0	0	0	0	0	0	1
2	6	G	40000	42273	57.727	32.197	57727	30502	28	0	0	29490	713	271	30470
2	6	A	40000	55644	44.356	30.519	44356	13837	20	0	0	12920	631	266	13807
2	6	B	40000	49460	50.54	33.875	50540	16665	8	0	0	16570	82	5	16663
2	7	G	40000	0	100	100	100000	200000	200000	200000	200000	200000	200000	200000	200002
2	7	A	40000	0	100	100	100000	100000	100000	100000	100000	100000	100000	100000	100001
2	7	B	40000	0	100	100	100000	100000	100000	100000	100000	100000	100000	100000	100001
3	0	G	40000	932	99.068	68.725	99068	21207	223	0	0	19934	405	645	20662
3	0	A	40000	1457	98.543	96.567	98543	1976	193	0	0	1127	19	637	1444
3	0	B	40000	39886	60.114	40.883	60114	19231	30	0	0	18807	386	8	19218
3	0	cSpy was 13 spamed and the readout avoided!
3	1	G	40000	0	100	100	100000	200000	200000	200000	200000	200000	200000	200000	200002
3	1	A	40000	0	100	100	100000	100000	100000	100000	100000	100000	100000	100000	100001
3	1	B	40000	0	100	100	100000	100000	100000	100000	100000	100000	100000	100000	100001
3	2	G	40000	95725	4.275	0.247	4275	7963	0	0	0	7912	51	0	7965
3	2	A	40000	95729	4.271	0.247	4271	4024	0	0	0	3973	51	0	4025
3	2	B	40000	95814	4.186	0.247	4186	3939	0	0	0	3939	0	0	3940
3	3	G	40000	100000	0	0	0	0	0	0	0	0	0	0	2
3	3	A	40000	100000	0	0	0	0	0	0	0	0	0	0	1
3	3	B	40000	100000	0	0	0	0	0	0	0	0	0	0	1
3	4	G	40000	99267	0.733	0.027	733	1399	0	0	0	1399	0	0	1401
3	4	A	40000	99277	0.722998	0.023	723	700	0	0	0	700	0	0	701
3	4	B	40000	99270	0.730002	0.031	730	699	0	0	0	699	0	0	700
3	5	G	40000	0	100	100	100000	200000	200000	200000	200000	200000	200000	200000	200002
3	5	A	40000	0	100	100	100000	100000	100000	100000	100000	100000	100000	100000	100001
3	5	B	40000	0	100	100	100000	100000	100000	100000	100000	100000	100000	100000	100001
3	6	G	40000	29600	70.4	27.2435	70400	56083	10	10	0	50550	5441	72	56048
3	6	A	40000	44999	55.001	27.006	55001	27995	9	3	0	23973	3942	68	27967
3	6	B	40000	44431	55.569	27.481	55569	28088	1	7	0	26577	1499	4	28081
3	6	cSpy was 6 spamed and the readout avoided!
3	7	G	40000	100000	0	0	0	0	0	0	0	0	0	0	2
3	7	A	40000	100000	0	0	0	0	0	0	0	0	0	0	1
3	7	B	40000	100000	0	0	0	0	0	0	0	0	0	0	1
4	0	G	40000	1420	98.58	79.41	98580	19984	278	4	0	17511	1940	251	19650
4	0	A	40000	2902	97.098	93.959	97098	3139	149	2	0	1798	976	214	2897
4	0	B	40000	18294	81.706	64.861	81706	16845	129	2	0	15713	964	37	16753
4	0	cSpy was 10 spamed and the readout avoided!
4	1	G	40000	100000	0	0	0	0	0	0	0	0	0	0	2
4	1	A	40000	100000	0	0	0	0	0	0	0	0	0	0	1
4	1	B	40000	100000	0	0	0	0	0	0	0	0	0	0	1
4	2	G	40000	100000	0	0	0	0	0	0	0	0	0	0	2
4	2	A	40000	100000	0	0	0	0	0	0	0	0	0	0	1
4	2	B	40000	100000	0	0	0	0	0	0	0	0	0	0	1
4	3	G	40000	20403	79.597	58.6465	79597	34319	800	1	0	32770	155	593	33250
4	3	A	40000	23905	76.095	58.922	76095	17173	382	0	0	16362	5	424	16460
4	3	B	40000	24483	75.517	58.371	75517	17146	418	1	0	16408	150	169	16790
4	3	cSpy was 17 spamed and the readout avoided!
4	4	G	40000	0	100	100	100000	200000	200000	200000	200000	200000	200000	200000	200002
4	4	A	40000	0	100	100	100000	100000	100000	100000	100000	100000	100000	100000	100001
4	4	B	40000	0	100	100	100000	100000	100000	100000	100000	100000	100000	100000	100001
4	5	G	40000	100000	0	0	0	0	0	0	0	0	0	0	2
4	5	A	40000	100000	0	0	0	0	0	0	0	0	0	0	1
4	5	B	40000	100000	0	0	0	0	0	0	0	0	0	0	1
4	6	G	40000	100000	0	0	0	0	0	0	0	0	0	0	2
4	6	A	40000	100000	0	0	0	0	0	0	0	0	0	0	1
4	6	B	40000	100000	0	0	0	0	0	0	0	0	0	0	1
4	7	G	40000	62136	37.864	17.7405	37864	31188	24	1	0	31096	7	60	31155
4	7	A	40000	66662	33.338	17.947	33338	15391	12	0	0	15318	6	55	15363
4	7	B	40000	66669	33.331	17.534	33331	15797	12	1	0	15778	1	5	15792
4	7	cSpy was 1 spamed and the readout avoided!
5	0	G	40000	488	99.512	57.2975	99512	15162	140	0	0	14071	95	856	14624
5	0	A	40000	614	99.386	98.233	99386	1153	140	0	0	71	86	856	614
5	0	B	40000	69629	30.371	16.362	30371	14009	0	0	0	14000	9	0	14010
5	0	cSpy was 53 spamed and the readout avoided!
5	1	G	40000	84087	15.913	5.829	15913	16576	5	0	0	16552	2	17	16574
5	1	A	40000	85832	14.168	5.968	14168	8200	3	0	0	8179	2	16	8197
5	1	B	40000	85934	14.066	5.69	14066	8376	2	0	0	8373	0	1	8377
5	2	G	40000	8	99.992	98.7575	99992	1383	79	0	0	509	502	293	1102
5	2	A	40000	17	99.983	99.784	99983	199	0	0	0	2	1	196	17
5	2	B	40000	1085	98.915	97.731	98915	1184	79	0	0	507	501	97	1085
5	2	cSpy was 20 spamed and the readout avoided!
5	3	G	40000	91377	8.623	0.604	8623	14873	0	0	0	13915	952	6	14875
5	3	A	40000	91451	8.549	0.604	8549	7945	0	0	0	7055	884	6	7946
5	3	B	40000	92468	7.532	0.604	7532	6928	0	0	0	6860	68	0	6929
5	4	G	40000	100000	0	0	0	0	0	0	0	0	0	0	2
5	4	A	40000	100000	0	0	0	0	0	0	0	0	0	0	1
5	4	B	40000	100000	0	0	0	0	0	0	0	0	0	0	1
5	5	G	40000	99587	0.413001	0.0125	413	794	0	0	0	794	0	0	796
5	5	A	40000	99587	0.413001	0.016	413	397	0	0	0	397	0	0	398
5	5	B	40000	99594	0.405997	0.009	406	397	0	0	0	397	0	0	398
5	6	G	40000	0	100	100	100000	200000	200000	200000	200000	200000	200000	200000	200002
5	6	A	40000	0	100	100	100000	100000	100000	100000	100000	100000	100000	100000	100001
5	6	B	40000	0	100	100	100000	100000	100000	100000	100000	100000	100000	100000	100001
5	7	G	40000	16708	83.292	41.4415	83292	53751	26	0	0	46834	6563	328	53532
5	7	A	40000	30295	69.705	43.954	69705	25751	19	0	0	21681	3744	307	25550
5	7	B	40000	33071	66.929	38.929	66929	28000	7	0	0	25153	2819	21	27982
5	7	cSpy was 26 spamed and the readout avoided!
6	0	G	40000	0	100	100	100000	200000	200000	200000	200000	200000	200000	200000	200002
6	0	A	40000	0	100	100	100000	100000	100000	100000	100000	100000	100000	100000	100001
6	0	B	40000	0	100	100	100000	100000	100000	100000	100000	100000	100000	100000	100001
6	1	G	40000	7595	92.405	68.2535	92405	31176	25	3	0	28047	2601	500	30904
6	1	A	40000	15202	84.798	69.923	84798	14875	2	0	0	13159	1229	485	14629
6	1	B	40000	17115	82.885	66.584	82885	16301	23	3	0	14888	1372	15	16275
6	1	cSpy was 14 spamed and the readout avoided!
6	2	G	40000	100000	0	0	0	0	0	0	0	0	0	0	2
6	2	A	40000	100000	0	0	0	0	0	0	0	0	0	0	1
6	2	B	40000	100000	0	0	0	0	0	0	0	0	0	0	1
6	3	G	40000	100000	0	0	0	0	0	0	0	0	0	0	2
6	3	A	40000	100000	0	0	0	0	0	0	0	0	0	0	1
6	3	B	40000	100000	0	0	0	0	0	0	0	0	0	0	1
6	4	G	40000	21057	78.943	58.11	78943	34113	782	0	0	32589	157	585	33060
6	4	A	40000	24553	75.447	58.39	75447	17057	377	0	0	16270	0	410	16360
6	4	B	40000	25114	74.886	57.83	74886	17056	405	0	0	16319	157	175	16700
6	4	cSpy was 8 spamed and the readout avoided!
6	5	G	40000	0	100	100	100000	200000	200000	200000	200000	200000	200000	200000	200002
6	5	A	40000	0	100	100	100000	100000	100000	100000	100000	100000	100000	100000	100001
6	5	B	40000	0	100	100	100000	100000	100000	100000	100000	100000	100000	100000	100001
6	6	G	40000	99999	0.00100136	0	1	1	0	0	0	1	0	0	3
6	6	A	40000	100000	0	0	0	0	0	0	0	0	0	0	1
6	6	B	40000	99999	0.00100136	0	1	1	0	0	0	1	0	0	2
6	7	G	40000	100000	0	0	0	0	0	0	0	0	0	0	2
6	7	A	40000	100000	0	0	0	0	0	0	0	0	0	0	1
6	7	B	40000	100000	0	0	0	0	0	0	0	0	0	0	1
7	0	G	40000	1911	98.089	48.083	98089	3872	202	0	0	3011	69	590	3361
7	0	A	40000	1940	98.06	95.635	98060	2425	202	0	0	1564	69	590	1913
7	0	B	40000	98022	1.978	0.531	1978	1447	0	0	0	1447	0	0	1448
7	0	cSpy was 4 spamed and the readout avoided!
7	1	G	40000	100000	0	0	0	0	0	0	0	0	0	0	2
7	1	A	40000	100000	0	0	0	0	0	0	0	0	0	0	1
7	1	B	40000	100000	0	0	0	0	0	0	0	0	0	0	1
7	2	G	40000	99853	0.147003	0.0015	147	290	0	0	0	290	0	0	292
7	2	A	40000	99853	0.147003	0.002	147	145	0	0	0	145	0	0	146
7	2	B	40000	99854	0.146002	0.001	146	145	0	0	0	145	0	0	146
7	3	G	40000	0	100	100	100000	200000	200000	200000	200000	200000	200000	200000	200002
7	3	A	40000	0	100	100	100000	100000	100000	100000	100000	100000	100000	100000	100001
7	3	B	40000	0	100	100	100000	100000	100000	100000	100000	100000	100000	100000	100001
7	4	G	40000	39264	60.736	32.123	60736	40305	35	3	0	36087	3898	282	40106
7	4	A	40000	46296	53.704	32.537	53704	21167	16	3	0	18104	2847	197	21039
7	4	B	40000	49153	50.847	31.709	50847	19138	19	0	0	17983	1051	85	19067
7	4	cSpy was 43 spamed and the readout avoided!
7	5	G	40000	100000	0	0	0	0	0	0	0	0	0	0	2
7	5	A	40000	100000	0	0	0	0	0	0	0	0	0	0	1
7	5	B	40000	100000	0	0	0	0	0	0	0	0	0	0	1
7	6	G	40000	99979	0.0209987	0	21	42	0	0	0	42	0	0	44
7	6	A	40000	99979	0.0209987	0	21	21	0	0	0	21	0	0	22
7	6	B	40000	99979	0.0209987	0	21	21	0	0	0	21	0	0	22
7	7	G	40000	62392	37.608	13.996	37608	33778	28	69	0	33014	507	160	33681
7	7	A	40000	68260	31.74	14.558	31740	17182	28	69	0	16723	202	160	17084
7	7	B	40000	69970	30.03	13.434	30030	16596	0	0	0	16291	305	0	16597
7	7	cSpy was 6 spamed and the readout avoided!
