#the gain was set to: 2	the bias was set to: 30
#Sent triggers per delay setting: 100000	and with a frequency [Hz] of: 40000
#160MHz delay setting	400MHz delay setting	Frequency	correct transmitted H+T		error rate [%]	uncertainty [%]	bad or missed events	error count	missing headers	missing trailers	flipped H/T	event nr errors	tbm missed trigger	unknown errors	event nr resets
0	0	G	40000	382	99.618	75.079	99618	18341	105	0	0	17305	284	647	17804
0	0	A	40000	622	99.378	98.238	99378	1140	85	0	0	195	228	632	622
0	0	B	40000	30879	69.121	51.92	69121	17201	20	0	0	17110	56	15	17182
0	0	cSpy was 33 spamed and the readout avoided!
0	1	G	40000	26240	73.76	54.403	73760	26001	657	0	0	24568	5	771	25393
0	1	A	40000	35260	64.74	53.981	64740	10759	316	0	0	9938	0	505	10438
0	1	B	40000	29933	70.067	54.825	70067	15242	341	0	0	14630	5	266	14955
0	2	G	40000	6775	93.225	77.613	93225	19263	222	1	0	16003	2719	318	18926
0	2	A	40000	14030	85.97	75.551	85970	10419	74	0	0	8337	1805	203	10250
0	2	B	40000	11481	88.519	79.675	88519	8844	148	1	0	7666	914	115	8676
0	2	cSpy was 31 spamed and the readout avoided!
0	3	G	40000	100000	0	0	0	0	0	0	0	0	0	0	2
0	3	A	40000	100000	0	0	0	0	0	0	0	0	0	0	1
0	3	B	40000	100000	0	0	0	0	0	0	0	0	0	0	1
0	4	G	40000	99854	0.146002	0.0195	146	218	0	0	0	217	0	1	220
0	4	A	40000	99881	0.119001	0.018	119	101	0	0	0	100	0	1	102
0	4	B	40000	99862	0.138003	0.021	138	117	0	0	0	117	0	0	118
0	5	G	40000	43137	56.863	33.36	56863	32058	22	0	0	31612	109	315	31984
0	5	A	40000	52401	47.599	32.786	47599	14813	12	0	0	14447	52	302	14751
0	5	B	40000	48821	51.179	33.934	51179	17245	10	0	0	17165	57	13	17233
0	6	G	40000	0	100	100	100000	200000	200000	200000	200000	200000	200000	200000	200002
0	6	A	40000	0	100	100	100000	100000	100000	100000	100000	100000	100000	100000	100001
0	6	B	40000	0	100	100	100000	100000	100000	100000	100000	100000	100000	100000	100001
0	7	G	40000	99422	0.577998	0.155	578	846	0	0	0	846	0	0	848
0	7	A	40000	99422	0.577998	0.155	578	423	0	0	0	423	0	0	424
0	7	B	40000	99422	0.577998	0.155	578	423	0	0	0	423	0	0	424
1	0	G	40000	336	99.664	97.174	99664	3003	201	2	0	2210	195	395	2602
1	0	A	40000	1949	98.051	95.802	98051	2249	177	2	0	1591	140	339	1904
1	0	B	40000	700	99.3	98.546	99300	754	24	0	0	619	55	56	698
1	0	cSpy was 22 spamed and the readout avoided!
1	1	G	40000	99410	0.590003	0.144	590	891	0	0	0	891	0	0	893
1	1	A	40000	99410	0.590003	0.144	590	446	0	0	0	446	0	0	447
1	1	B	40000	99411	0.589001	0.144	589	445	0	0	0	445	0	0	446
1	2	G	40000	100000	0	0	0	0	0	0	0	0	0	0	2
1	2	A	40000	100000	0	0	0	0	0	0	0	0	0	0	1
1	2	B	40000	100000	0	0	0	0	0	0	0	0	0	0	1
1	3	G	40000	92994	7.006	1.6575	7006	8474	0	0	0	8428	38	8	8475
1	3	A	40000	94404	5.596	1.458	5596	4138	0	0	0	4113	17	8	4138
1	3	B	40000	93807	6.193	1.857	6193	4336	0	0	0	4315	21	0	4337
1	4	G	40000	708	99.292	96.0645	99292	4112	281	1	0	1985	1517	328	3709
1	4	A	40000	2423	97.577	95.024	97577	2553	102	0	0	1095	1233	123	2382
1	4	B	40000	1336	98.664	97.105	98664	1559	179	1	0	890	284	205	1327
1	4	cSpy was 47 spamed and the readout avoided!
1	5	G	40000	81566	18.434	3.21	18434	16181	0	0	0	14892	1289	0	16183
1	5	A	40000	90395	9.605	1.487	9605	8118	0	0	0	7507	611	0	8119
1	5	B	40000	87004	12.996	4.933	12996	8063	0	0	0	7385	678	0	8064
1	6	G	40000	100000	0	0	0	0	0	0	0	0	0	0	2
1	6	A	40000	100000	0	0	0	0	0	0	0	0	0	0	1
1	6	B	40000	100000	0	0	0	0	0	0	0	0	0	0	1
1	7	G	40000	96707	3.293	1.7245	3293	1803	0	0	0	1728	63	12	1804
1	7	A	40000	97536	2.464	1.595	2464	869	0	0	0	803	54	12	869
1	7	B	40000	97212	2.788	1.854	2788	934	0	0	0	925	9	0	935
2	0	G	40000	1968	98.032	49.0515	98032	4370	38	0	0	4124	119	89	4275
2	0	A	40000	2020	97.98	95.886	97980	2094	38	0	0	1848	119	89	1998
2	0	B	40000	95507	4.493	2.217	4493	2276	0	0	0	2276	0	0	2277
2	1	G	40000	100000	0	0	0	0	0	0	0	0	0	0	2
2	1	A	40000	100000	0	0	0	0	0	0	0	0	0	0	1
2	1	B	40000	100000	0	0	0	0	0	0	0	0	0	0	1
2	2	G	40000	30777	69.223	45.414	69223	28947	716	8	0	26251	1329	643	28249
2	2	A	40000	43366	56.634	43.099	56634	13535	363	6	0	11485	1263	418	13142
2	2	B	40000	36859	63.141	47.729	63141	15412	353	2	0	14766	66	225	15107
2	2	cSpy was 1 spamed and the readout avoided!
2	3	G	40000	6175	93.825	68.698	93825	30160	65	1	0	26175	3846	73	30076
2	3	A	40000	20657	79.343	60.021	79343	19322	3	0	0	16470	2804	45	19289
2	3	B	40000	11787	88.213	77.375	88213	10838	62	1	0	9705	1042	28	10787
2	3	cSpy was 3 spamed and the readout avoided!
2	4	G	40000	100000	0	0	0	0	0	0	0	0	0	0	2
2	4	A	40000	100000	0	0	0	0	0	0	0	0	0	0	1
2	4	B	40000	100000	0	0	0	0	0	0	0	0	0	0	1
2	5	G	40000	100000	0	0	0	0	0	0	0	0	0	0	2
2	5	A	40000	100000	0	0	0	0	0	0	0	0	0	0	1
2	5	B	40000	100000	0	0	0	0	0	0	0	0	0	0	1
2	6	G	40000	25751	74.249	49.5185	74249	28937	322	2	0	26501	1551	561	28642
2	6	A	40000	39781	60.219	46.739	60219	13480	172	2	0	11332	1530	444	13285
2	6	B	40000	32245	67.755	52.298	67755	15457	150	0	0	15169	21	117	15357
2	7	G	40000	0	100	100	100000	200000	200000	200000	200000	200000	200000	200000	200002
2	7	A	40000	0	100	100	100000	100000	100000	100000	100000	100000	100000	100000	100001
2	7	B	40000	0	100	100	100000	100000	100000	100000	100000	100000	100000	100000	100001
3	0	G	40000	715	99.285	78.143	99285	17758	278	2	0	16403	376	699	17162
3	0	A	40000	1257	98.743	96.947	98743	1796	203	0	0	903	24	666	1252
3	0	B	40000	24699	75.301	59.339	75301	15962	75	2	0	15500	352	33	15910
3	0	cSpy was 22 spamed and the readout avoided!
3	1	G	40000	0	100	100	100000	200000	200000	200000	200000	200000	200000	200000	200002
3	1	A	40000	0	100	100	100000	100000	100000	100000	100000	100000	100000	100000	100001
3	1	B	40000	0	100	100	100000	100000	100000	100000	100000	100000	100000	100000	100001
3	2	G	40000	99927	0.0729978	0	73	146	0	0	0	146	0	0	148
3	2	A	40000	99927	0.0729978	0	73	73	0	0	0	73	0	0	74
3	2	B	40000	99927	0.0729978	0	73	73	0	0	0	73	0	0	74
3	3	G	40000	100000	0	0	0	0	0	0	0	0	0	0	2
3	3	A	40000	100000	0	0	0	0	0	0	0	0	0	0	1
3	3	B	40000	100000	0	0	0	0	0	0	0	0	0	0	1
3	4	G	40000	84999	15.001	4.3125	15001	18338	0	0	0	18301	29	8	18339
3	4	A	40000	86634	13.366	4.122	13366	9244	0	0	0	9215	21	8	9244
3	4	B	40000	86403	13.597	4.503	13597	9094	0	0	0	9086	8	0	9095
3	5	G	40000	0	100	100	100000	200000	200000	200000	200000	200000	200000	200000	200002
3	5	A	40000	0	100	100	100000	100000	100000	100000	100000	100000	100000	100000	100001
3	5	B	40000	0	100	100	100000	100000	100000	100000	100000	100000	100000	100000	100001
3	6	G	40000	81517	18.483	4.1805	18483	25887	9	8	0	24648	1216	6	25883
3	6	A	40000	82143	17.857	4.17	17857	13687	1	0	0	12525	1156	5	13687
3	6	B	40000	83609	16.391	4.191	16391	12200	8	8	0	12123	60	1	12196
3	6	cSpy was 1 spamed and the readout avoided!
3	7	G	40000	100000	0	0	0	0	0	0	0	0	0	0	2
3	7	A	40000	100000	0	0	0	0	0	0	0	0	0	0	1
3	7	B	40000	100000	0	0	0	0	0	0	0	0	0	0	1
4	0	G	40000	0	100	100	100000	200000	200000	200000	200000	200000	200000	200000	200002
4	0	A	40000	0	100	100	100000	100000	100000	100000	100000	100000	100000	100000	100001
4	0	B	40000	0	100	100	100000	100000	100000	100000	100000	100000	100000	100000	100001
4	1	G	40000	100000	0	0	0	0	0	0	0	0	0	0	2
4	1	A	40000	100000	0	0	0	0	0	0	0	0	0	0	1
4	1	B	40000	100000	0	0	0	0	0	0	0	0	0	0	1
4	2	G	40000	100000	0	0	0	0	0	0	0	0	0	0	2
4	2	A	40000	100000	0	0	0	0	0	0	0	0	0	0	1
4	2	B	40000	100000	0	0	0	0	0	0	0	0	0	0	1
4	3	G	40000	19222	80.778	58.5215	80778	33850	707	0	0	32467	109	567	32917
4	3	A	40000	24256	75.744	58.819	75744	16925	351	0	0	16148	5	421	16290
4	3	B	40000	24851	75.149	58.224	75149	16925	356	0	0	16319	104	146	16627
4	3	cSpy was 7 spamed and the readout avoided!
4	4	G	40000	8388	91.612	68.522	91612	30670	135	19	0	27674	2401	442	30354
4	4	A	40000	15778	84.222	69.071	84222	15151	60	14	0	13414	1257	407	14896
4	4	B	40000	16508	83.492	67.973	83492	15519	75	5	0	14260	1144	35	15458
4	4	cSpy was 29 spamed and the readout avoided!
4	5	G	40000	100000	0	0	0	0	0	0	0	0	0	0	2
4	5	A	40000	100000	0	0	0	0	0	0	0	0	0	0	1
4	5	B	40000	100000	0	0	0	0	0	0	0	0	0	0	1
4	6	G	40000	100000	0	0	0	0	0	0	0	0	0	0	2
4	6	A	40000	100000	0	0	0	0	0	0	0	0	0	0	1
4	6	B	40000	100000	0	0	0	0	0	0	0	0	0	0	1
4	7	G	40000	27444	72.556	48.919	72556	37279	283	0	0	36706	27	263	36926
4	7	A	40000	32374	67.626	49.05	67626	18576	135	0	0	18230	5	206	18323
4	7	B	40000	32509	67.491	48.788	67491	18703	148	0	0	18476	22	57	18603
4	7	cSpy was 3 spamed and the readout avoided!
5	0	G	40000	454	99.546	58.419	99546	16249	115	0	0	15165	114	855	15696
5	0	A	40000	589	99.411	98.268	99411	1143	115	0	0	72	102	854	589
5	0	B	40000	66324	33.676	18.57	33676	15106	0	0	0	15093	12	1	15107
5	0	cSpy was 81 spamed and the readout avoided!
5	1	G	40000	43393	56.607	31.539	56607	37848	49	0	0	37693	5	101	37794
5	1	A	40000	49583	50.417	31.709	50417	18708	24	0	0	18584	4	96	18662
5	1	B	40000	49491	50.509	31.369	50509	19140	25	0	0	19109	1	5	19132
5	1	cSpy was 6 spamed and the readout avoided!
5	2	G	40000	59	99.941	98.3435	99941	2015	82	0	0	996	83	854	1293
5	2	A	40000	159	99.841	99.089	99841	752	3	0	0	20	0	729	159
5	2	B	40000	1139	98.861	97.598	98861	1263	79	0	0	976	83	125	1134
5	2	cSpy was 60 spamed and the readout avoided!
5	3	G	40000	99289	0.711	0	711	1421	0	0	0	1420	1	0	1423
5	3	A	40000	99289	0.711	0	711	711	0	0	0	710	1	0	712
5	3	B	40000	99290	0.709999	0	710	710	0	0	0	710	0	0	711
5	4	G	40000	100000	0	0	0	0	0	0	0	0	0	0	2
5	4	A	40000	100000	0	0	0	0	0	0	0	0	0	0	1
5	4	B	40000	100000	0	0	0	0	0	0	0	0	0	0	1
5	5	G	40000	92623	7.377	1.556	7377	10243	0	0	0	10242	0	1	10245
5	5	A	40000	93241	6.759	1.677	6759	5082	0	0	0	5081	0	1	5083
5	5	B	40000	93404	6.596	1.435	6596	5161	0	0	0	5161	0	0	5162
5	5	cSpy was 1 spamed and the readout avoided!
5	6	G	40000	17	99.983	97.6635	99983	2463	178	3	0	1254	816	212	2203
5	6	A	40000	28	99.972	99.869	99972	103	0	0	0	12	2	89	28
5	6	B	40000	2182	97.818	95.458	97818	2360	178	3	0	1242	814	123	2175
5	6	cSpy was 59 spamed and the readout avoided!
5	7	G	40000	43337	56.663	11.973	56663	59484	4	8	0	53355	6013	104	59443
5	7	A	40000	56650	43.35	12.829	43350	30521	4	8	0	26423	3983	103	30480
5	7	B	40000	59920	40.08	11.117	40080	28963	0	0	0	26932	2030	1	28963
6	0	G	40000	648	99.352	95.4095	99352	4895	295	6	0	2420	1419	755	4263
6	0	A	40000	1501	98.499	96.482	98499	2017	152	1	0	197	962	705	1501
6	0	B	40000	2785	97.215	94.337	97215	2878	143	5	0	2223	457	50	2762
6	0	cSpy was 51 spamed and the readout avoided!
6	1	G	40000	13810	86.19	45.6655	86190	52428	8	0	0	46832	5166	422	52210
6	1	A	40000	26502	73.498	48.502	73498	24996	1	0	0	21800	2782	413	24784
6	1	B	40000	29739	70.261	42.829	70261	27432	7	0	0	25032	2384	9	27426
6	1	cSpy was 2 spamed and the readout avoided!
6	2	G	40000	100000	0	0	0	0	0	0	0	0	0	0	2
6	2	A	40000	100000	0	0	0	0	0	0	0	0	0	0	1
6	2	B	40000	100000	0	0	0	0	0	0	0	0	0	0	1
6	3	G	40000	100000	0	0	0	0	0	0	0	0	0	0	2
6	3	A	40000	100000	0	0	0	0	0	0	0	0	0	0	1
6	3	B	40000	100000	0	0	0	0	0	0	0	0	0	0	1
6	4	G	40000	19966	80.034	58.801	80034	34131	820	1	0	32567	143	600	33057
6	4	A	40000	23824	76.176	59.089	76176	17087	398	0	0	16257	0	432	16360
6	4	B	40000	24443	75.557	58.513	75557	17044	422	1	0	16310	143	168	16697
6	4	cSpy was 30 spamed and the readout avoided!
6	5	G	40000	7287	92.713	85.812	92713	9258	116	3	0	7684	513	942	8524
6	5	A	40000	9090	90.91	86.498	90910	4412	6	1	0	3387	220	798	3826
6	5	B	40000	10028	89.972	85.126	89972	4846	110	2	0	4297	293	144	4698
6	5	cSpy was 51 spamed and the readout avoided!
6	6	G	40000	100000	0	0	0	0	0	0	0	0	0	0	2
6	6	A	40000	100000	0	0	0	0	0	0	0	0	0	0	1
6	6	B	40000	100000	0	0	0	0	0	0	0	0	0	0	1
6	7	G	40000	100000	0	0	0	0	0	0	0	0	0	0	2
6	7	A	40000	100000	0	0	0	0	0	0	0	0	0	0	1
6	7	B	40000	100000	0	0	0	0	0	0	0	0	0	0	1
7	0	G	40000	1734	98.266	48.3205	98266	6265	211	0	0	5396	94	564	5762
7	0	A	40000	1801	98.199	95.92	98199	2279	211	0	0	1419	85	564	1776
7	0	B	40000	95293	4.707	0.721	4707	3986	0	0	0	3977	9	0	3986
7	0	cSpy was 5 spamed and the readout avoided!
7	1	G	40000	100000	0	0	0	0	0	0	0	0	0	0	2
7	1	A	40000	100000	0	0	0	0	0	0	0	0	0	0	1
7	1	B	40000	100000	0	0	0	0	0	0	0	0	0	0	1
7	2	G	40000	91770	8.23	2.0395	8230	8864	9	5	0	8761	78	11	8860
7	2	A	40000	93306	6.694	2.288	6694	4406	9	5	0	4334	47	11	4401
7	2	B	40000	93751	6.249	1.791	6249	4458	0	0	0	4427	31	0	4459
7	2	cSpy was 1 spamed and the readout avoided!
7	3	G	40000	0	100	100	100000	200000	200000	200000	200000	200000	200000	200000	200002
7	3	A	40000	0	100	100	100000	100000	100000	100000	100000	100000	100000	100000	100001
7	3	B	40000	0	100	100	100000	100000	100000	100000	100000	100000	100000	100000	100001
7	4	G	40000	75724	24.276	4.7955	24276	29374	2	0	0	26929	2398	45	29362
7	4	A	40000	79634	20.366	4.996	20366	15370	2	0	0	13539	1784	45	15358
7	4	B	40000	81401	18.599	4.595	18599	14004	0	0	0	13390	614	0	14004
7	5	G	40000	100000	0	0	0	0	0	0	0	0	0	0	2
7	5	A	40000	100000	0	0	0	0	0	0	0	0	0	0	1
7	5	B	40000	100000	0	0	0	0	0	0	0	0	0	0	1
7	6	G	40000	98026	1.974	0.336	1974	2587	0	0	0	2561	22	4	2588
7	6	A	40000	98323	1.677	0.383	1677	1294	0	0	0	1272	18	4	1294
7	6	B	40000	98418	1.582	0.289	1582	1293	0	0	0	1289	4	0	1294
7	7	G	40000	52222	47.778	21.4175	47778	39467	16	12	0	38298	1000	141	39410
7	7	A	40000	58176	41.824	21.943	41824	19881	14	12	0	19295	419	141	19824
7	7	B	40000	59522	40.478	20.892	40478	19586	2	0	0	19003	581	0	19586
7	7	cSpy was 6 spamed and the readout avoided!
