#the gain was set to: 2	the bias was set to: 30
#Sent triggers per delay setting: 100000	and with a frequency [Hz] of: 40000
#160MHz delay setting	400MHz delay setting	Frequency	correct transmitted H+T		error rate [%]	uncertainty [%]	bad or missed events	error count	missing headers	missing trailers	flipped H/T	event nr errors	tbm missed trigger	unknown errors	event nr resets
0	0	G	40000	390	99.61	74.4225	99610	18621	99	0	0	17561	287	674	18071
0	0	A	40000	582	99.418	98.294	99418	1124	82	0	0	154	233	655	582
0	0	B	40000	31952	68.048	50.551	68048	17497	17	0	0	17407	54	19	17489
0	0	cSpy was 34 spamed and the readout avoided!
0	1	G	40000	26513	73.487	53.339	73487	26484	490	0	0	25269	12	713	26027
0	1	A	40000	36103	63.897	52.81	63897	11087	243	0	0	10342	5	497	10831
0	1	B	40000	30735	69.265	53.868	69265	15397	247	0	0	14927	7	216	15196
0	2	G	40000	7701	92.299	75.9015	92299	20776	273	7	0	17150	3050	296	20447
0	2	A	40000	14933	85.067	73.77	85067	11297	81	0	0	9045	1935	236	11111
0	2	B	40000	12488	87.512	78.033	87512	9479	192	7	0	8105	1115	60	9336
0	2	cSpy was 35 spamed and the readout avoided!
0	3	G	40000	100000	0	0	0	0	0	0	0	0	0	0	2
0	3	A	40000	100000	0	0	0	0	0	0	0	0	0	0	1
0	3	B	40000	100000	0	0	0	0	0	0	0	0	0	0	1
0	4	G	40000	99551	0.449002	0.1565	449	484	0	0	0	480	2	2	485
0	4	A	40000	99626	0.374001	0.155	374	219	0	0	0	216	1	2	219
0	4	B	40000	99577	0.423002	0.158	423	265	0	0	0	264	1	0	266
0	5	G	40000	31267	68.733	45.312	68733	30170	54	0	0	29578	102	436	30069
0	5	A	40000	41848	58.152	44.597	58152	13555	29	0	0	13064	46	416	13469
0	5	B	40000	37358	62.642	46.027	62642	16615	25	0	0	16514	56	20	16600
0	6	G	40000	2262	97.738	89.593	97738	10473	309	8	0	7729	2034	393	10019
0	6	A	40000	4746	95.254	90.472	95254	4782	102	0	0	3376	1036	268	4528
0	6	B	40000	5595	94.405	88.714	94405	5691	207	8	0	4353	998	125	5491
0	6	cSpy was 32 spamed and the readout avoided!
0	7	G	40000	99718	0.282001	0.089	282	386	0	0	0	386	0	0	388
0	7	A	40000	99718	0.282001	0.089	282	193	0	0	0	193	0	0	194
0	7	B	40000	99718	0.282001	0.089	282	193	0	0	0	193	0	0	194
1	0	G	40000	436	99.564	96.1755	99564	3966	213	4	0	2574	819	356	3593
1	0	A	40000	2334	97.666	95.104	97666	2562	161	4	0	1821	261	315	2244
1	0	B	40000	1349	98.651	97.247	98651	1404	52	0	0	753	558	41	1349
1	0	cSpy was 19 spamed and the readout avoided!
1	1	G	40000	74364	25.636	8.193	25636	18936	5	0	0	16011	2904	16	18927
1	1	A	40000	85716	14.284	2.85	14284	11434	0	0	0	9417	2002	15	11429
1	1	B	40000	78962	21.038	13.536	21038	7502	5	0	0	6594	902	1	7498
1	2	G	40000	100000	0	0	0	0	0	0	0	0	0	0	2
1	2	A	40000	100000	0	0	0	0	0	0	0	0	0	0	1
1	2	B	40000	100000	0	0	0	0	0	0	0	0	0	0	1
1	3	G	40000	93188	6.812	1.879	6812	8209	0	0	0	8178	22	9	8211
1	3	A	40000	94310	5.69	1.766	5690	3924	0	0	0	3895	20	9	3925
1	3	B	40000	93723	6.277	1.992	6277	4285	0	0	0	4283	2	0	4286
1	4	G	40000	768	99.232	95.7825	99232	4394	352	4	0	2805	917	316	3948
1	4	A	40000	2549	97.451	94.842	97451	2609	88	0	0	1629	772	120	2467
1	4	B	40000	1492	98.508	96.723	98508	1785	264	4	0	1176	145	196	1481
1	4	cSpy was 34 spamed and the readout avoided!
1	5	G	40000	70543	29.457	21.5635	29457	9478	57	0	0	8421	918	82	9391
1	5	A	40000	74449	25.551	20.806	25551	4745	12	0	0	4243	460	30	4714
1	5	B	40000	72946	27.054	22.321	27054	4733	45	0	0	4178	458	52	4677
1	5	cSpy was 2 spamed and the readout avoided!
1	6	G	40000	100000	0	0	0	0	0	0	0	0	0	0	2
1	6	A	40000	100000	0	0	0	0	0	0	0	0	0	0	1
1	6	B	40000	100000	0	0	0	0	0	0	0	0	0	0	1
1	7	G	40000	99977	0.0230014	0	23	46	0	0	0	46	0	0	48
1	7	A	40000	99977	0.0230014	0	23	23	0	0	0	23	0	0	24
1	7	B	40000	99977	0.0230014	0	23	23	0	0	0	23	0	0	24
2	0	G	40000	2070	97.93	48.884	97930	4298	59	1	0	4025	130	83	4195
2	0	A	40000	2103	97.897	95.716	97897	2181	59	1	0	1908	130	83	2077
2	0	B	40000	95831	4.169	2.052	4169	2117	0	0	0	2117	0	0	2118
2	1	G	40000	100000	0	0	0	0	0	0	0	0	0	0	2
2	1	A	40000	100000	0	0	0	0	0	0	0	0	0	0	1
2	1	B	40000	100000	0	0	0	0	0	0	0	0	0	0	1
2	2	G	40000	25976	74.024	52.594	74024	26335	877	3	0	23287	1418	750	25547
2	2	A	40000	37495	62.505	50.687	62505	11818	488	0	0	10260	590	480	11350
2	2	B	40000	30982	69.018	54.501	69018	14517	389	3	0	13027	828	270	14197
2	2	cSpy was 26 spamed and the readout avoided!
2	3	G	40000	9748	90.252	67.1425	90252	27968	183	9	0	24553	2967	256	27729
2	3	A	40000	22760	77.24	59.32	77240	17920	12	0	0	15490	2262	156	17835
2	3	B	40000	14987	85.013	74.965	85013	10048	171	9	0	9063	705	100	9894
2	3	cSpy was 15 spamed and the readout avoided!
2	4	G	40000	100000	0	0	0	0	0	0	0	0	0	0	2
2	4	A	40000	100000	0	0	0	0	0	0	0	0	0	0	1
2	4	B	40000	100000	0	0	0	0	0	0	0	0	0	0	1
2	5	G	40000	99828	0.172001	0.0315	172	267	0	0	0	267	0	0	269
2	5	A	40000	99838	0.161999	0.031	162	131	0	0	0	131	0	0	132
2	5	B	40000	99832	0.168002	0.032	168	136	0	0	0	136	0	0	137
2	6	G	40000	32898	67.102	42.964	67102	28317	115	0	0	26931	866	405	28213
2	6	A	40000	46327	53.673	40.987	53673	12686	79	0	0	11515	719	373	12600
2	6	B	40000	39428	60.572	44.941	60572	15631	36	0	0	15416	147	32	15613
2	7	G	40000	0	100	100	100000	200000	200000	200000	200000	200000	200000	200000	200002
2	7	A	40000	0	100	100	100000	100000	100000	100000	100000	100000	100000	100000	100001
2	7	B	40000	0	100	100	100000	100000	100000	100000	100000	100000	100000	100000	100001
3	0	G	40000	915	99.085	70.105	99085	16339	274	4	0	15058	293	710	15723
3	0	A	40000	1363	98.637	96.709	98637	1928	208	0	0	1003	44	673	1358
3	0	B	40000	42088	57.912	43.501	57912	14411	66	4	0	14055	249	37	14365
3	0	cSpy was 22 spamed and the readout avoided!
3	1	G	40000	0	100	100	100000	200000	200000	200000	200000	200000	200000	200000	200002
3	1	A	40000	0	100	100	100000	100000	100000	100000	100000	100000	100000	100000	100001
3	1	B	40000	0	100	100	100000	100000	100000	100000	100000	100000	100000	100000	100001
3	2	G	40000	99984	0.0159979	0	16	32	0	0	0	32	0	0	34
3	2	A	40000	99984	0.0159979	0	16	16	0	0	0	16	0	0	17
3	2	B	40000	99984	0.0159979	0	16	16	0	0	0	16	0	0	17
3	3	G	40000	100000	0	0	0	0	0	0	0	0	0	0	2
3	3	A	40000	100000	0	0	0	0	0	0	0	0	0	0	1
3	3	B	40000	100000	0	0	0	0	0	0	0	0	0	0	1
3	4	G	40000	87919	12.081	3.493	12081	14692	0	0	0	14662	25	5	14694
3	4	A	40000	89252	10.748	3.342	10748	7406	0	0	0	7385	16	5	7407
3	4	B	40000	89070	10.93	3.644	10930	7286	0	0	0	7277	9	0	7287
3	5	G	40000	0	100	100	100000	200000	200000	200000	200000	200000	200000	200000	200002
3	5	A	40000	0	100	100	100000	100000	100000	100000	100000	100000	100000	100000	100001
3	5	B	40000	0	100	100	100000	100000	100000	100000	100000	100000	100000	100000	100001
3	6	G	40000	85617	14.383	3.1835	14383	20481	5	7	0	19558	909	2	20480
3	6	A	40000	86025	13.975	3.176	13975	10799	0	0	0	9926	871	2	10800
3	6	B	40000	87127	12.873	3.191	12873	9682	5	7	0	9632	38	0	9680
3	6	cSpy was 1 spamed and the readout avoided!
3	7	G	40000	100000	0	0	0	0	0	0	0	0	0	0	2
3	7	A	40000	100000	0	0	0	0	0	0	0	0	0	0	1
3	7	B	40000	100000	0	0	0	0	0	0	0	0	0	0	1
4	0	G	40000	1048	98.952	54.985	98952	24912	148	1	0	23118	1326	319	24587
4	0	A	40000	1408	98.592	96.863	98592	1729	143	0	0	795	477	314	1405
4	0	B	40000	63710	36.29	13.107	36290	23183	5	1	0	22323	849	5	23182
4	0	cSpy was 2 spamed and the readout avoided!
4	1	G	40000	100000	0	0	0	0	0	0	0	0	0	0	2
4	1	A	40000	100000	0	0	0	0	0	0	0	0	0	0	1
4	1	B	40000	100000	0	0	0	0	0	0	0	0	0	0	1
4	2	G	40000	100000	0	0	0	0	0	0	0	0	0	0	2
4	2	A	40000	100000	0	0	0	0	0	0	0	0	0	0	1
4	2	B	40000	100000	0	0	0	0	0	0	0	0	0	0	1
4	3	G	40000	16885	83.115	60.9985	83115	32688	748	0	0	31129	135	676	31645
4	3	A	40000	22239	77.761	61.451	77761	16310	380	0	0	15418	21	491	15614
4	3	B	40000	23076	76.924	60.546	76924	16378	368	0	0	15711	114	185	16031
4	3	cSpy was 31 spamed and the readout avoided!
4	4	G	40000	9370	90.63	74.022	90630	22129	309	10	0	19442	1791	577	21577
4	4	A	40000	14620	85.38	74.438	85380	10942	155	6	0	9339	965	477	10530
4	4	B	40000	15207	84.793	73.606	84793	11187	154	4	0	10103	826	100	11047
4	4	cSpy was 94 spamed and the readout avoided!
4	5	G	40000	100000	0	0	0	0	0	0	0	0	0	0	2
4	5	A	40000	100000	0	0	0	0	0	0	0	0	0	0	1
4	5	B	40000	100000	0	0	0	0	0	0	0	0	0	0	1
4	6	G	40000	100000	0	0	0	0	0	0	0	0	0	0	2
4	6	A	40000	100000	0	0	0	0	0	0	0	0	0	0	1
4	6	B	40000	100000	0	0	0	0	0	0	0	0	0	0	1
4	7	G	40000	20942	79.058	56.871	79058	35370	598	0	0	34183	79	510	34537
4	7	A	40000	25248	74.752	57.068	74752	17684	287	0	0	17043	1	353	17135
4	7	B	40000	25640	74.36	56.674	74360	17686	311	0	0	17140	78	157	17402
4	7	cSpy was 7 spamed and the readout avoided!
5	0	G	40000	482	99.518	58.3505	99518	16166	154	0	0	15055	115	842	15600
5	0	A	40000	596	99.404	98.241	99404	1163	154	0	0	66	101	842	596
5	0	B	40000	66537	33.463	18.46	33463	15003	0	0	0	14989	14	0	15004
5	0	cSpy was 47 spamed and the readout avoided!
5	1	G	40000	41520	58.48	33.5265	58480	38724	73	0	0	38513	2	136	38645
5	1	A	40000	47181	52.819	33.675	52819	19144	36	0	0	18981	2	125	19080
5	1	B	40000	47042	52.958	33.378	52958	19580	37	0	0	19532	0	11	19565
5	1	cSpy was 3 spamed and the readout avoided!
5	2	G	40000	26	99.974	98.647	99974	1779	44	0	0	687	87	961	921
5	2	A	40000	83	99.917	99.106	99917	811	1	0	0	7	0	803	83
5	2	B	40000	844	99.156	98.188	99156	968	43	0	0	680	87	158	838
5	2	cSpy was 40 spamed and the readout avoided!
5	3	G	40000	99256	0.743997	0	744	1487	0	0	0	1486	1	0	1489
5	3	A	40000	99256	0.743997	0	744	744	0	0	0	743	1	0	745
5	3	B	40000	99257	0.743002	0	743	743	0	0	0	743	0	0	744
5	4	G	40000	100000	0	0	0	0	0	0	0	0	0	0	2
5	4	A	40000	100000	0	0	0	0	0	0	0	0	0	0	1
5	4	B	40000	100000	0	0	0	0	0	0	0	0	0	0	1
5	5	G	40000	90417	9.583	3.8805	9583	9419	9	0	0	9395	0	15	9413
5	5	A	40000	91360	8.64	3.972	8640	4668	4	0	0	4651	0	13	4664
5	5	B	40000	91460	8.54	3.789	8540	4751	5	0	0	4744	0	2	4749
5	5	cSpy was 1 spamed and the readout avoided!
5	6	G	40000	0	100	100	100000	200000	200000	200000	200000	200000	200000	200000	200002
5	6	A	40000	0	100	100	100000	100000	100000	100000	100000	100000	100000	100000	100001
5	6	B	40000	0	100	100	100000	100000	100000	100000	100000	100000	100000	100000	100001
5	7	G	40000	38197	61.803	22.3395	61803	52584	5	12	0	47111	5353	103	52547
5	7	A	40000	49934	50.066	23.106	50066	26960	5	12	0	23333	3508	102	26923
5	7	B	40000	52803	47.197	21.573	47197	25624	0	0	0	23778	1845	1	25624
6	0	G	40000	559	99.441	95.946	99441	4328	298	7	0	2127	1228	668	3766
6	0	A	40000	1323	98.677	96.901	98677	1776	162	0	0	157	845	612	1323
6	0	B	40000	2457	97.543	94.991	97543	2552	136	7	0	1970	383	56	2443
6	0	cSpy was 47 spamed and the readout avoided!
6	1	G	40000	16473	83.527	41.28	83527	54754	1	0	0	48620	5861	272	54620
6	1	A	40000	29979	70.021	43.812	70021	26209	0	0	0	22657	3283	269	26075
6	1	B	40000	32707	67.293	38.748	67293	28545	1	0	0	25963	2578	3	28545
6	1	cSpy was 7 spamed and the readout avoided!
6	2	G	40000	100000	0	0	0	0	0	0	0	0	0	0	2
6	2	A	40000	100000	0	0	0	0	0	0	0	0	0	0	1
6	2	B	40000	100000	0	0	0	0	0	0	0	0	0	0	1
6	3	G	40000	100000	0	0	0	0	0	0	0	0	0	0	2
6	3	A	40000	100000	0	0	0	0	0	0	0	0	0	0	1
6	3	B	40000	100000	0	0	0	0	0	0	0	0	0	0	1
6	4	G	40000	20342	79.658	58.7255	79658	34204	823	0	0	32622	154	605	33107
6	4	A	40000	23877	76.123	59.009	76123	17114	396	0	0	16291	0	427	16385
6	4	B	40000	24468	75.532	58.442	75532	17090	427	0	0	16331	154	178	16722
6	4	cSpy was 8 spamed and the readout avoided!
6	5	G	40000	0	100	100	100000	200000	200000	200000	200000	200000	200000	200000	200002
6	5	A	40000	0	100	100	100000	100000	100000	100000	100000	100000	100000	100000	100001
6	5	B	40000	0	100	100	100000	100000	100000	100000	100000	100000	100000	100000	100001
6	6	G	40000	100000	0	0	0	0	0	0	0	0	0	0	2
6	6	A	40000	100000	0	0	0	0	0	0	0	0	0	0	1
6	6	B	40000	100000	0	0	0	0	0	0	0	0	0	0	1
6	7	G	40000	99999	0.00100136	0	1	2	0	0	0	2	0	0	4
6	7	A	40000	99999	0.00100136	0	1	1	0	0	0	1	0	0	2
6	7	B	40000	99999	0.00100136	0	1	1	0	0	0	1	0	0	2
7	0	G	40000	1661	98.339	48.676	98339	8727	203	0	0	7806	172	546	8236
7	0	A	40000	1775	98.225	95.971	98225	2254	203	0	0	1419	86	546	1762
7	0	B	40000	92146	7.854	1.381	7854	6473	0	0	0	6387	86	0	6474
7	0	cSpy was 3 spamed and the readout avoided!
7	1	G	40000	100000	0	0	0	0	0	0	0	0	0	0	2
7	1	A	40000	100000	0	0	0	0	0	0	0	0	0	0	1
7	1	B	40000	100000	0	0	0	0	0	0	0	0	0	0	1
7	2	G	40000	97156	2.844	0.3385	2844	4611	0	0	0	4567	41	3	4610
7	2	A	40000	97310	2.69	0.383	2690	2307	0	0	0	2268	36	3	2305
7	2	B	40000	97402	2.598	0.294	2598	2304	0	0	0	2299	5	0	2305
7	3	G	40000	0	100	100	100000	200000	200000	200000	200000	200000	200000	200000	200002
7	3	A	40000	0	100	100	100000	100000	100000	100000	100000	100000	100000	100000	100001
7	3	B	40000	0	100	100	100000	100000	100000	100000	100000	100000	100000	100000	100001
7	4	G	40000	68915	31.085	25.383	31085	10278	45	0	0	9348	590	295	10031
7	4	A	40000	69000	31	25.648	31000	5352	4	0	0	4591	514	243	5170
7	4	B	40000	69956	30.044	25.118	30044	4926	41	0	0	4757	76	52	4861
7	4	cSpy was 14 spamed and the readout avoided!
7	5	G	40000	100000	0	0	0	0	0	0	0	0	0	0	2
7	5	A	40000	100000	0	0	0	0	0	0	0	0	0	0	1
7	5	B	40000	100000	0	0	0	0	0	0	0	0	0	0	1
7	6	G	40000	99976	0.0240028	0.001	24	46	0	0	0	46	0	0	48
7	6	A	40000	99976	0.0240028	0.001	24	23	0	0	0	23	0	0	24
7	6	B	40000	99976	0.0240028	0.001	24	23	0	0	0	23	0	0	24
7	7	G	40000	53638	46.362	19.797	46362	40038	9	10	0	39071	790	158	39971
7	7	A	40000	59500	40.5	20.241	40500	20259	8	10	0	19754	330	157	20193
7	7	B	40000	60868	39.132	19.353	39132	19779	1	0	0	19317	460	1	19778
7	7	cSpy was 7 spamed and the readout avoided!
