#the gain was set to: 2	the bias was set to: 30
#Sent triggers per delay setting: 100000	and with a frequency [Hz] of: 40000
#160MHz delay setting	400MHz delay setting	Frequency	correct transmitted H+T		error rate [%]	uncertainty [%]	bad or missed events	error count	missing headers	missing trailers	flipped H/T	event nr errors	tbm missed trigger	unknown errors	event nr resets
0	0	G	40000	389	99.611	75.531	99611	18190	113	0	0	17162	290	625	17676
0	0	A	40000	615	99.385	98.276	99385	1109	84	0	0	184	234	607	615
0	0	B	40000	30133	69.867	52.786	69867	17081	29	0	0	16978	56	18	17061
0	0	cSpy was 31 spamed and the readout avoided!
0	1	G	40000	28684	71.316	52.757	71316	25030	592	0	0	23206	585	647	24568
0	1	A	40000	37105	62.895	52.26	62895	10635	306	0	0	9865	1	463	10334
0	1	B	40000	32351	67.649	53.254	67649	14395	286	0	0	13341	584	184	14234
0	2	G	40000	4198	95.802	81.895	95802	17850	99	0	0	15032	2419	300	17615
0	2	A	40000	9891	90.109	80.522	90109	9587	45	0	0	7718	1581	243	9413
0	2	B	40000	8469	91.531	83.268	91531	8263	54	0	0	7314	838	57	8202
0	2	cSpy was 5 spamed and the readout avoided!
0	3	G	40000	100000	0	0	0	0	0	0	0	0	0	0	2
0	3	A	40000	100000	0	0	0	0	0	0	0	0	0	0	1
0	3	B	40000	100000	0	0	0	0	0	0	0	0	0	0	1
0	4	G	40000	100000	0	0	0	0	0	0	0	0	0	0	2
0	4	A	40000	100000	0	0	0	0	0	0	0	0	0	0	1
0	4	B	40000	100000	0	0	0	0	0	0	0	0	0	0	1
0	5	G	40000	40908	59.092	39.497	59092	26716	29	0	0	26218	124	345	26670
0	5	A	40000	49097	50.903	39.01	50903	11893	19	0	0	11519	17	338	11848
0	5	B	40000	45193	54.807	39.984	54807	14823	10	0	0	14699	107	7	14822
0	6	G	40000	3095	96.905	84.2145	96905	15629	163	2	0	13000	2027	437	15284
0	6	A	40000	6227	93.773	87.563	93773	6210	92	0	0	4571	1135	412	5905
0	6	B	40000	9715	90.285	80.866	90285	9419	71	2	0	8429	892	25	9379
0	6	cSpy was 13 spamed and the readout avoided!
0	7	G	40000	99808	0.191998	0.001	192	382	0	0	0	382	0	0	384
0	7	A	40000	99808	0.191998	0.001	192	191	0	0	0	191	0	0	192
0	7	B	40000	99808	0.191998	0.001	192	191	0	0	0	191	0	0	192
1	0	G	40000	357	99.643	96.3595	99643	3787	227	3	0	2914	274	369	3400
1	0	A	40000	2700	97.3	94.366	97300	2934	200	3	0	2213	213	305	2607
1	0	B	40000	794	99.206	98.353	99206	853	27	0	0	701	61	64	793
1	0	cSpy was 38 spamed and the readout avoided!
1	1	G	40000	99506	0.493997	0.129	494	730	0	0	0	730	0	0	732
1	1	A	40000	99506	0.493997	0.129	494	365	0	0	0	365	0	0	366
1	1	B	40000	99506	0.493997	0.129	494	365	0	0	0	365	0	0	366
1	2	G	40000	100000	0	0	0	0	0	0	0	0	0	0	2
1	2	A	40000	100000	0	0	0	0	0	0	0	0	0	0	1
1	2	B	40000	100000	0	0	0	0	0	0	0	0	0	0	1
1	3	G	40000	89239	10.761	3.31	10761	10902	6	0	0	10756	109	31	10894
1	3	A	40000	91729	8.271	2.938	8271	5333	3	0	0	5224	77	29	5325
1	3	B	40000	90749	9.251	3.682	9251	5569	3	0	0	5532	32	2	5569
1	4	G	40000	0	100	100	100000	200000	200000	200000	200000	200000	200000	200000	200002
1	4	A	40000	0	100	100	100000	100000	100000	100000	100000	100000	100000	100000	100001
1	4	B	40000	0	100	100	100000	100000	100000	100000	100000	100000	100000	100000	100001
1	5	G	40000	87604	12.396	2.0815	12396	11909	0	0	0	11161	748	0	11911
1	5	A	40000	92898	7.102	1.12	7102	5982	0	0	0	5638	344	0	5983
1	5	B	40000	91030	8.97	3.043	8970	5927	0	0	0	5523	404	0	5928
1	6	G	40000	100000	0	0	0	0	0	0	0	0	0	0	2
1	6	A	40000	100000	0	0	0	0	0	0	0	0	0	0	1
1	6	B	40000	100000	0	0	0	0	0	0	0	0	0	0	1
1	7	G	40000	99956	0.0440001	0	44	88	0	0	0	88	0	0	90
1	7	A	40000	99956	0.0440001	0	44	44	0	0	0	44	0	0	45
1	7	B	40000	99956	0.0440001	0	44	44	0	0	0	44	0	0	45
2	0	G	40000	2095	97.905	48.8235	97905	4220	34	1	0	4015	107	63	4148
2	0	A	40000	2140	97.86	95.672	97860	2188	34	1	0	1983	107	63	2115
2	0	B	40000	95993	4.007	1.975	4007	2032	0	0	0	2032	0	0	2033
2	0	cSpy was 1 spamed and the readout avoided!
2	1	G	40000	99133	0.866997	0.2195	867	1064	0	0	0	1058	3	3	1065
2	1	A	40000	99277	0.722998	0.198	723	525	0	0	0	521	1	3	525
2	1	B	40000	99220	0.779998	0.241	780	539	0	0	0	537	2	0	540
2	2	G	40000	23906	76.094	52.2805	76094	28485	766	9	0	25506	1483	721	27751
2	2	A	40000	37025	62.975	49.726	62975	13249	389	6	0	10968	1396	490	12830
2	2	B	40000	29929	70.071	54.835	70071	15236	377	3	0	14538	87	231	14921
2	2	cSpy was 1 spamed and the readout avoided!
2	3	G	40000	6465	93.535	67.702	93535	31030	127	0	0	26026	4697	180	30852
2	3	A	40000	21129	78.871	59.016	78871	19855	51	0	0	16102	3572	130	19746
2	3	B	40000	12437	87.563	76.388	87563	11175	76	0	0	9924	1125	50	11106
2	3	cSpy was 17 spamed and the readout avoided!
2	4	G	40000	100000	0	0	0	0	0	0	0	0	0	0	2
2	4	A	40000	100000	0	0	0	0	0	0	0	0	0	0	1
2	4	B	40000	100000	0	0	0	0	0	0	0	0	0	0	1
2	5	G	40000	100000	0	0	0	0	0	0	0	0	0	0	2
2	5	A	40000	100000	0	0	0	0	0	0	0	0	0	0	1
2	5	B	40000	100000	0	0	0	0	0	0	0	0	0	0	1
2	6	G	40000	28383	71.617	47.474	71617	27964	218	1	0	25734	1500	511	27756
2	6	A	40000	42283	57.717	44.718	57717	12999	119	1	0	10973	1487	419	12855
2	6	B	40000	34805	65.195	50.23	65195	14965	99	0	0	14761	13	92	14901
2	7	G	40000	0	100	100	100000	200000	200000	200000	200000	200000	200000	200000	200002
2	7	A	40000	0	100	100	100000	100000	100000	100000	100000	100000	100000	100000	100001
2	7	B	40000	0	100	100	100000	100000	100000	100000	100000	100000	100000	100000	100001
3	0	G	40000	753	99.247	78.7925	99247	18171	292	7	0	16768	425	679	17556
3	0	A	40000	1339	98.661	96.778	98661	1883	217	0	0	994	27	645	1323
3	0	B	40000	22905	77.095	60.807	77095	16288	75	7	0	15774	398	34	16233
3	0	cSpy was 26 spamed and the readout avoided!
3	1	G	40000	0	100	100	100000	200000	200000	200000	200000	200000	200000	200000	200002
3	1	A	40000	0	100	100	100000	100000	100000	100000	100000	100000	100000	100000	100001
3	1	B	40000	0	100	100	100000	100000	100000	100000	100000	100000	100000	100000	100001
3	2	G	40000	95835	4.165	0.667	4165	6614	0	0	0	6402	212	0	6616
3	2	A	40000	95874	4.126	0.667	4126	3459	0	0	0	3251	208	0	3460
3	2	B	40000	96178	3.822	0.667	3822	3155	0	0	0	3151	4	0	3156
3	3	G	40000	100000	0	0	0	0	0	0	0	0	0	0	2
3	3	A	40000	100000	0	0	0	0	0	0	0	0	0	0	1
3	3	B	40000	100000	0	0	0	0	0	0	0	0	0	0	1
3	4	G	40000	86363	13.637	4.097	13637	16326	0	0	0	16304	21	1	16328
3	4	A	40000	87835	12.165	3.931	12165	8234	0	0	0	8220	13	1	8235
3	4	B	40000	87645	12.355	4.263	12355	8092	0	0	0	8084	8	0	8093
3	5	G	40000	0	100	100	100000	200000	200000	200000	200000	200000	200000	200000	200002
3	5	A	40000	0	100	100	100000	100000	100000	100000	100000	100000	100000	100000	100001
3	5	B	40000	0	100	100	100000	100000	100000	100000	100000	100000	100000	100000	100001
3	6	G	40000	65795	34.205	22.449	34205	20987	60	4	0	19744	1063	116	20886
3	6	A	40000	66360	33.64	22.725	33640	10915	1	0	0	9955	910	49	10883
3	6	B	40000	67755	32.245	22.173	32245	10072	59	4	0	9789	153	67	10003
3	6	cSpy was 48 spamed and the readout avoided!
3	7	G	40000	100000	0	0	0	0	0	0	0	0	0	0	2
3	7	A	40000	100000	0	0	0	0	0	0	0	0	0	0	1
3	7	B	40000	100000	0	0	0	0	0	0	0	0	0	0	1
4	0	G	40000	0	100	100	100000	200000	200000	200000	200000	200000	200000	200000	200002
4	0	A	40000	0	100	100	100000	100000	100000	100000	100000	100000	100000	100000	100001
4	0	B	40000	0	100	100	100000	100000	100000	100000	100000	100000	100000	100000	100001
4	1	G	40000	100000	0	0	0	0	0	0	0	0	0	0	2
4	1	A	40000	100000	0	0	0	0	0	0	0	0	0	0	1
4	1	B	40000	100000	0	0	0	0	0	0	0	0	0	0	1
4	2	G	40000	94750	5.25	2.5565	5250	3927	6	0	0	3909	3	9	3924
4	2	A	40000	95474	4.526	2.595	4526	1931	3	0	0	1916	3	9	1928
4	2	B	40000	95486	4.514	2.518	4514	1996	3	0	0	1993	0	0	1996
4	3	G	40000	18146	81.854	59.858	81854	33518	796	0	0	31938	139	645	32432
4	3	A	40000	23016	76.984	60.224	76984	16760	394	0	0	15904	5	457	16048
4	3	B	40000	23750	76.25	59.492	76250	16758	402	0	0	16034	134	188	16384
4	3	cSpy was 6 spamed and the readout avoided!
4	4	G	40000	8213	91.787	68.9055	91787	30079	185	17	0	26123	3235	519	29679
4	4	A	40000	16087	83.913	68.71	83913	15203	111	9	0	12671	1998	414	14911
4	4	B	40000	16023	83.977	69.101	83977	14876	74	8	0	13452	1237	105	14768
4	4	cSpy was 31 spamed and the readout avoided!
4	5	G	40000	100000	0	0	0	0	0	0	0	0	0	0	2
4	5	A	40000	100000	0	0	0	0	0	0	0	0	0	0	1
4	5	B	40000	100000	0	0	0	0	0	0	0	0	0	0	1
4	6	G	40000	100000	0	0	0	0	0	0	0	0	0	0	2
4	6	A	40000	100000	0	0	0	0	0	0	0	0	0	0	1
4	6	B	40000	100000	0	0	0	0	0	0	0	0	0	0	1
4	7	G	40000	31347	68.653	49.1515	68653	31203	470	0	0	30279	65	389	30555
4	7	A	40000	35074	64.926	49.323	64926	15603	226	0	0	15105	0	272	15180
4	7	B	40000	35420	64.58	48.98	64580	15600	244	0	0	15174	65	117	15375
4	7	cSpy was 7 spamed and the readout avoided!
5	0	G	40000	438	99.562	58.2115	99562	16055	125	0	0	14975	117	838	15492
5	0	A	40000	574	99.426	98.289	99426	1137	125	0	0	66	109	837	574
5	0	B	40000	66948	33.052	18.134	33052	14918	0	0	0	14909	8	1	14918
5	0	cSpy was 72 spamed and the readout avoided!
5	1	G	40000	52117	47.883	27.5855	47883	31473	60	0	0	31318	5	90	31415
5	1	A	40000	56713	43.287	27.707	43287	15580	28	0	0	15466	5	81	15535
5	1	B	40000	56643	43.357	27.464	43357	15893	32	0	0	15852	0	9	15880
5	1	cSpy was 1 spamed and the readout avoided!
5	2	G	40000	15	99.985	98.95	99985	1377	29	0	0	554	72	722	723
5	2	A	40000	61	99.939	99.3	99939	639	1	0	0	2	0	636	61
5	2	B	40000	662	99.338	98.6	99338	738	28	0	0	552	72	86	662
5	2	cSpy was 29 spamed and the readout avoided!
5	3	G	40000	99338	0.661999	0	662	1324	0	0	0	1324	0	0	1326
5	3	A	40000	99338	0.661999	0	662	662	0	0	0	662	0	0	663
5	3	B	40000	99338	0.661999	0	662	662	0	0	0	662	0	0	663
5	4	G	40000	100000	0	0	0	0	0	0	0	0	0	0	2
5	4	A	40000	100000	0	0	0	0	0	0	0	0	0	0	1
5	4	B	40000	100000	0	0	0	0	0	0	0	0	0	0	1
5	5	G	40000	93091	6.909	1.528	6909	9399	0	0	0	9396	1	2	9401
5	5	A	40000	93677	6.323	1.656	6323	4667	0	0	0	4664	1	2	4668
5	5	B	40000	93868	6.132	1.4	6132	4732	0	0	0	4732	0	0	4733
5	6	G	40000	5	99.995	97.4665	99995	2633	227	1	0	1212	1063	130	2424
5	6	A	40000	8	99.992	99.953	99992	39	0	0	0	1	1	37	8
5	6	B	40000	2426	97.574	94.98	97574	2594	227	1	0	1211	1062	93	2416
5	6	cSpy was 42 spamed and the readout avoided!
5	7	G	40000	41528	58.472	12.421	58472	60581	10	13	0	54422	6030	106	60546
5	7	A	40000	55682	44.318	13.448	44318	30870	10	13	0	26764	3977	106	30834
5	7	B	40000	58895	41.105	11.394	41105	29711	0	0	0	27658	2053	0	29712
5	7	cSpy was 2 spamed and the readout avoided!
6	0	G	40000	708	99.292	95.2775	99292	5039	324	7	0	2496	1466	746	4390
6	0	A	40000	1558	98.442	96.36	98442	2082	182	3	0	226	985	686	1558
6	0	B	40000	2848	97.152	94.195	97152	2957	142	4	0	2270	481	60	2832
6	0	cSpy was 55 spamed and the readout avoided!
6	1	G	40000	13531	86.469	46.636	86469	51662	6	1	0	46343	4898	414	51459
6	1	A	40000	25943	74.057	49.448	74057	24609	1	1	0	21646	2548	413	24407
6	1	B	40000	29123	70.877	43.824	70877	27053	5	0	0	24697	2350	1	27052
6	1	cSpy was 6 spamed and the readout avoided!
6	2	G	40000	100000	0	0	0	0	0	0	0	0	0	0	2
6	2	A	40000	100000	0	0	0	0	0	0	0	0	0	0	1
6	2	B	40000	100000	0	0	0	0	0	0	0	0	0	0	1
6	3	G	40000	100000	0	0	0	0	0	0	0	0	0	0	2
6	3	A	40000	100000	0	0	0	0	0	0	0	0	0	0	1
6	3	B	40000	100000	0	0	0	0	0	0	0	0	0	0	1
6	4	G	40000	20125	79.875	58.948	79875	34082	815	3	0	32493	152	619	32987
6	4	A	40000	23714	76.286	59.228	76286	17058	392	1	0	16223	4	438	16332
6	4	B	40000	24308	75.692	58.668	75692	17024	423	2	0	16270	148	181	16655
6	4	cSpy was 22 spamed and the readout avoided!
6	5	G	40000	7666	92.334	84.909	92334	10252	195	4	0	8456	1057	541	9827
6	5	A	40000	9210	90.79	86.058	90790	4732	17	0	0	3910	400	406	4494
6	5	B	40000	10720	89.28	83.76	89280	5520	178	4	0	4546	657	135	5333
6	5	cSpy was 45 spamed and the readout avoided!
6	6	G	40000	100000	0	0	0	0	0	0	0	0	0	0	2
6	6	A	40000	100000	0	0	0	0	0	0	0	0	0	0	1
6	6	B	40000	100000	0	0	0	0	0	0	0	0	0	0	1
6	7	G	40000	99999	0.00100136	0	1	2	0	0	0	2	0	0	4
6	7	A	40000	99999	0.00100136	0	1	1	0	0	0	1	0	0	2
6	7	B	40000	99999	0.00100136	0	1	1	0	0	0	1	0	0	2
7	0	G	40000	1776	98.224	48.49	98224	8404	230	0	0	7461	138	575	7883
7	0	A	40000	1900	98.1	95.69	98100	2410	230	0	0	1522	83	575	1888
7	0	B	40000	92716	7.284	1.29	7284	5994	0	0	0	5939	55	0	5995
7	0	cSpy was 9 spamed and the readout avoided!
7	1	G	40000	100000	0	0	0	0	0	0	0	0	0	0	2
7	1	A	40000	100000	0	0	0	0	0	0	0	0	0	0	1
7	1	B	40000	100000	0	0	0	0	0	0	0	0	0	0	1
7	2	G	40000	95838	4.162	0.648	4162	5901	1	0	0	5848	46	6	5902
7	2	A	40000	96311	3.689	0.735	3689	2954	1	0	0	2911	36	6	2954
7	2	B	40000	96492	3.508	0.561	3508	2947	0	0	0	2937	10	0	2948
7	3	G	40000	0	100	100	100000	200000	200000	200000	200000	200000	200000	200000	200002
7	3	A	40000	0	100	100	100000	100000	100000	100000	100000	100000	100000	100000	100001
7	3	B	40000	0	100	100	100000	100000	100000	100000	100000	100000	100000	100000	100001
7	4	G	40000	65088	34.912	27.3165	34912	12632	126	5	0	11415	731	355	12372
7	4	A	40000	65921	34.079	27.546	34079	6533	15	1	0	5664	583	270	6389
7	4	B	40000	66814	33.186	27.087	33186	6099	111	4	0	5751	148	85	5983
7	4	cSpy was 28 spamed and the readout avoided!
7	5	G	40000	100000	0	0	0	0	0	0	0	0	0	0	2
7	5	A	40000	100000	0	0	0	0	0	0	0	0	0	0	1
7	5	B	40000	100000	0	0	0	0	0	0	0	0	0	0	1
7	6	G	40000	96748	3.252	0.768	3252	3370	1	2	0	3341	17	9	3370
7	6	A	40000	97467	2.533	0.86	2533	1673	1	2	0	1648	13	9	1672
7	6	B	40000	97627	2.373	0.676	2373	1697	0	0	0	1693	4	0	1698
7	7	G	40000	55320	44.68	19.021	44680	38165	12	32	0	37116	845	160	38101
7	7	A	40000	61160	38.84	19.562	38840	19278	11	32	0	18735	342	158	19215
7	7	B	40000	62633	37.367	18.48	37367	18887	1	0	0	18381	503	2	18886
7	7	cSpy was 8 spamed and the readout avoided!
