#the gain was set to: 2	the bias was set to: 30
#Sent triggers per delay setting: 100000	and with a frequency [Hz] of: 40000
#160MHz delay setting	400MHz delay setting	Frequency	correct transmitted H+T		error rate [%]	uncertainty [%]	bad or missed events	error count	missing headers	missing trailers	flipped H/T	event nr errors	tbm missed trigger	unknown errors	event nr resets
0	0	G	40000	373	99.627	74.5815	99627	18582	98	0	0	17537	286	661	18053
0	0	A	40000	585	99.415	98.313	99415	1102	79	0	0	151	228	644	585
0	0	B	40000	31670	68.33	50.85	68330	17480	19	0	0	17386	58	17	17468
0	0	cSpy was 40 spamed and the readout avoided!
0	1	G	40000	29082	70.918	51.004	70918	26014	415	1	0	24947	9	642	25649
0	1	A	40000	38579	61.421	50.453	61421	10968	209	0	0	10293	3	463	10750
0	1	B	40000	33399	66.601	51.555	66601	15046	206	1	0	14654	6	179	14899
0	2	G	40000	6213	93.787	73.338	93787	25999	49	1	0	22209	3500	240	25843
0	2	A	40000	14895	85.105	71.047	85105	14058	15	0	0	11598	2218	227	13916
0	2	B	40000	12430	87.57	75.629	87570	11941	34	1	0	10611	1282	13	11927
0	2	cSpy was 2 spamed and the readout avoided!
0	3	G	40000	100000	0	0	0	0	0	0	0	0	0	0	2
0	3	A	40000	100000	0	0	0	0	0	0	0	0	0	0	1
0	3	B	40000	100000	0	0	0	0	0	0	0	0	0	0	1
0	4	G	40000	99955	0.0450015	0.004	45	70	0	0	0	70	0	0	72
0	4	A	40000	99965	0.0349998	0.003	35	32	0	0	0	32	0	0	33
0	4	B	40000	99957	0.0429988	0.005	43	38	0	0	0	38	0	0	39
0	5	G	40000	45967	54.033	34.32	54033	26677	38	0	0	26225	72	342	26611
0	5	A	40000	54161	45.839	33.764	45839	12075	22	0	0	11694	32	327	12020
0	5	B	40000	50522	49.478	34.876	49478	14602	16	0	0	14531	40	15	14591
0	6	G	40000	0	100	100	100000	200000	200000	200000	200000	200000	200000	200000	200002
0	6	A	40000	0	100	100	100000	100000	100000	100000	100000	100000	100000	100000	100001
0	6	B	40000	0	100	100	100000	100000	100000	100000	100000	100000	100000	100000	100001
0	7	G	40000	99671	0.329	0.103	329	451	0	0	0	451	0	0	453
0	7	A	40000	99671	0.329	0.103	329	226	0	0	0	226	0	0	227
0	7	B	40000	99672	0.327998	0.103	328	225	0	0	0	225	0	0	226
1	0	G	40000	344	99.656	96.816	99656	3297	194	2	0	2539	255	307	2986
1	0	A	40000	2411	97.589	94.991	97589	2598	181	2	0	1958	195	262	2326
1	0	B	40000	660	99.34	98.641	99340	699	13	0	0	581	60	45	660
1	0	cSpy was 24 spamed and the readout avoided!
1	1	G	40000	99840	0.160003	0	160	320	0	0	0	320	0	0	322
1	1	A	40000	99840	0.160003	0	160	160	0	0	0	160	0	0	161
1	1	B	40000	99840	0.160003	0	160	160	0	0	0	160	0	0	161
1	2	G	40000	100000	0	0	0	0	0	0	0	0	0	0	2
1	2	A	40000	100000	0	0	0	0	0	0	0	0	0	0	1
1	2	B	40000	100000	0	0	0	0	0	0	0	0	0	0	1
1	3	G	40000	89715	10.285	3.0355	10285	11658	0	0	0	11596	50	12	11659
1	3	A	40000	91580	8.42	2.847	8420	5573	0	0	0	5517	44	12	5573
1	3	B	40000	90691	9.309	3.224	9309	6085	0	0	0	6079	6	0	6086
1	4	G	40000	1022	98.978	94.2495	98978	5928	472	9	0	3971	1113	363	5382
1	4	A	40000	3605	96.395	92.78	96395	3615	107	1	0	2440	917	150	3439
1	4	B	40000	1968	98.032	95.719	98032	2313	365	8	0	1531	196	213	1943
1	4	cSpy was 51 spamed and the readout avoided!
1	5	G	40000	88998	11.002	1.9215	11002	10790	0	0	0	10003	782	5	10792
1	5	A	40000	93558	6.442	1.078	6442	5364	0	0	0	5043	316	5	5365
1	5	B	40000	91809	8.191	2.765	8191	5426	0	0	0	4960	466	0	5427
1	6	G	40000	100000	0	0	0	0	0	0	0	0	0	0	2
1	6	A	40000	100000	0	0	0	0	0	0	0	0	0	0	1
1	6	B	40000	100000	0	0	0	0	0	0	0	0	0	0	1
1	7	G	40000	99932	0.0680029	0.001	68	134	0	0	0	134	0	0	136
1	7	A	40000	99932	0.0680029	0.001	68	67	0	0	0	67	0	0	68
1	7	B	40000	99932	0.0680029	0.001	68	67	0	0	0	67	0	0	68
2	0	G	40000	2047	97.953	48.888	97953	4242	54	0	0	3979	114	95	4142
2	0	A	40000	2080	97.92	95.772	97920	2148	54	0	0	1886	113	95	2047
2	0	B	40000	95902	4.098	2.004	4098	2094	0	0	0	2093	1	0	2095
2	1	G	40000	99335	0.664997	0.163	665	882	0	0	0	880	1	1	884
2	1	A	40000	99420	0.580001	0.154	580	426	0	0	0	424	1	1	427
2	1	B	40000	99372	0.628	0.172	628	456	0	0	0	456	0	0	457
2	2	G	40000	26475	73.525	52.09	73525	26184	812	0	0	23237	1410	725	25475
2	2	A	40000	38134	61.866	50.182	61866	11684	452	0	0	10102	651	479	11251
2	2	B	40000	31502	68.498	53.998	68498	14500	360	0	0	13135	759	246	14224
2	3	G	40000	6560	93.44	67.554	93440	30975	117	24	2	26645	4019	168	30781
2	3	A	40000	20892	79.108	59.437	79108	19671	29	0	0	16763	2790	89	19587
2	3	B	40000	13025	86.975	75.671	86975	11304	88	24	2	9882	1229	79	11194
2	3	cSpy was 11 spamed and the readout avoided!
2	4	G	40000	100000	0	0	0	0	0	0	0	0	0	0	2
2	4	A	40000	100000	0	0	0	0	0	0	0	0	0	0	1
2	4	B	40000	100000	0	0	0	0	0	0	0	0	0	0	1
2	5	G	40000	100000	0	0	0	0	0	0	0	0	0	0	2
2	5	A	40000	100000	0	0	0	0	0	0	0	0	0	0	1
2	5	B	40000	100000	0	0	0	0	0	0	0	0	0	0	1
2	6	G	40000	34792	65.208	43.9765	65208	24830	199	0	0	23298	888	445	24663
2	6	A	40000	46962	53.038	42.036	53038	11002	134	0	0	9757	711	400	10866
2	6	B	40000	40255	59.745	45.917	59745	13828	65	0	0	13541	177	45	13797
2	7	G	40000	2082	97.918	87.8965	97918	12021	215	7	0	10213	1219	367	11700
2	7	A	40000	7938	92.062	84.385	92062	7677	18	0	0	6540	884	235	7546
2	7	B	40000	4248	95.752	91.408	95752	4344	197	7	0	3673	335	132	4154
2	7	cSpy was 35 spamed and the readout avoided!
3	0	G	40000	823	99.177	74.5835	99177	15689	273	5	1	14367	327	716	15048
3	0	A	40000	1305	98.695	96.826	98695	1869	194	0	0	966	36	673	1297
3	0	B	40000	33839	66.161	52.341	66161	13820	79	5	1	13401	291	43	13751
3	0	cSpy was 17 spamed and the readout avoided!
3	1	G	40000	0	100	100	100000	200000	200000	200000	200000	200000	200000	200000	200002
3	1	A	40000	0	100	100	100000	100000	100000	100000	100000	100000	100000	100000	100001
3	1	B	40000	0	100	100	100000	100000	100000	100000	100000	100000	100000	100000	100001
3	2	G	40000	99965	0.0349998	0	35	70	0	0	0	70	0	0	72
3	2	A	40000	99965	0.0349998	0	35	35	0	0	0	35	0	0	36
3	2	B	40000	99965	0.0349998	0	35	35	0	0	0	35	0	0	36
3	3	G	40000	100000	0	0	0	0	0	0	0	0	0	0	2
3	3	A	40000	100000	0	0	0	0	0	0	0	0	0	0	1
3	3	B	40000	100000	0	0	0	0	0	0	0	0	0	0	1
3	4	G	40000	80308	19.692	6.2225	19692	22399	2	0	0	22334	55	8	22398
3	4	A	40000	82707	17.293	5.986	17293	11307	1	0	0	11264	34	8	11305
3	4	B	40000	82449	17.551	6.459	17551	11092	1	0	0	11070	21	0	11093
3	5	G	40000	0	100	100	100000	200000	200000	200000	200000	200000	200000	200000	200002
3	5	A	40000	0	100	100	100000	100000	100000	100000	100000	100000	100000	100000	100001
3	5	B	40000	0	100	100	100000	100000	100000	100000	100000	100000	100000	100000	100001
3	6	G	40000	82547	17.453	3.883	17453	24699	8	11	0	23607	1069	4	24698
3	6	A	40000	83122	16.878	3.872	16878	13006	1	0	0	11974	1027	4	13007
3	6	B	40000	84413	15.587	3.894	15587	11693	7	11	0	11633	42	0	11691
3	6	cSpy was 3 spamed and the readout avoided!
3	7	G	40000	100000	0	0	0	0	0	0	0	0	0	0	2
3	7	A	40000	100000	0	0	0	0	0	0	0	0	0	0	1
3	7	B	40000	100000	0	0	0	0	0	0	0	0	0	0	1
4	0	G	40000	883	99.117	65.121	99117	17477	271	2	0	15048	1604	552	16954
4	0	A	40000	1317	98.683	96.912	98683	1771	196	1	0	706	368	500	1312
4	0	B	40000	50964	49.036	33.33	49036	15706	75	1	0	14342	1236	52	15642
4	0	cSpy was 87 spamed and the readout avoided!
4	1	G	40000	100000	0	0	0	0	0	0	0	0	0	0	2
4	1	A	40000	100000	0	0	0	0	0	0	0	0	0	0	1
4	1	B	40000	100000	0	0	0	0	0	0	0	0	0	0	1
4	2	G	40000	100000	0	0	0	0	0	0	0	0	0	0	2
4	2	A	40000	100000	0	0	0	0	0	0	0	0	0	0	1
4	2	B	40000	100000	0	0	0	0	0	0	0	0	0	0	1
4	3	G	40000	19731	80.269	58.8145	80269	34220	802	0	0	32682	132	604	33128
4	3	A	40000	23785	76.215	59.071	76215	17144	390	0	0	16329	2	423	16424
4	3	B	40000	24366	75.634	58.558	75634	17076	412	0	0	16353	130	181	16704
4	3	cSpy was 16 spamed and the readout avoided!
4	4	G	40000	0	100	100	100000	200000	200000	200000	200000	200000	200000	200000	200002
4	4	A	40000	0	100	100	100000	100000	100000	100000	100000	100000	100000	100000	100001
4	4	B	40000	0	100	100	100000	100000	100000	100000	100000	100000	100000	100000	100001
4	5	G	40000	100000	0	0	0	0	0	0	0	0	0	0	2
4	5	A	40000	100000	0	0	0	0	0	0	0	0	0	0	1
4	5	B	40000	100000	0	0	0	0	0	0	0	0	0	0	1
4	6	G	40000	100000	0	0	0	0	0	0	0	0	0	0	2
4	6	A	40000	100000	0	0	0	0	0	0	0	0	0	0	1
4	6	B	40000	100000	0	0	0	0	0	0	0	0	0	0	1
4	7	G	40000	38513	61.487	40.725	61487	32501	249	0	0	32004	4	244	32214
4	7	A	40000	42954	57.046	40.817	57046	16229	121	0	0	15916	2	190	16020
4	7	B	40000	43095	56.905	40.633	56905	16272	128	0	0	16088	2	54	16194
4	7	cSpy was 7 spamed and the readout avoided!
5	0	G	40000	459	99.541	58.9635	99541	16774	124	0	0	15685	123	842	16225
5	0	A	40000	579	99.421	98.293	99421	1128	124	0	0	52	111	841	579
5	0	B	40000	64720	35.28	19.634	35280	15646	0	0	0	15633	12	1	15646
5	0	cSpy was 64 spamed and the readout avoided!
5	1	G	40000	49582	50.418	30.131	50418	31294	103	0	0	31055	8	128	31182
5	1	A	40000	54244	45.756	30.238	45756	15518	50	0	0	15344	8	116	15432
5	1	B	40000	54200	45.8	30.024	45800	15776	53	0	0	15711	0	12	15750
5	1	cSpy was 4 spamed and the readout avoided!
5	2	G	40000	34	99.966	98.7315	99966	1615	48	0	0	706	67	794	917
5	2	A	40000	95	99.905	99.2	99905	705	2	0	0	7	0	696	94
5	2	B	40000	827	99.173	98.263	99173	910	46	0	0	699	67	98	823
5	2	cSpy was 29 spamed and the readout avoided!
5	3	G	40000	99687	0.313002	0	313	625	0	0	0	624	1	0	627
5	3	A	40000	99687	0.313002	0	313	313	0	0	0	312	1	0	314
5	3	B	40000	99688	0.312001	0	312	312	0	0	0	312	0	0	313
5	4	G	40000	100000	0	0	0	0	0	0	0	0	0	0	2
5	4	A	40000	100000	0	0	0	0	0	0	0	0	0	0	1
5	4	B	40000	100000	0	0	0	0	0	0	0	0	0	0	1
5	5	G	40000	91035	8.965	2.3895	8965	11250	0	0	0	11242	3	5	11252
5	5	A	40000	91919	8.081	2.506	8081	5575	0	0	0	5567	3	5	5576
5	5	B	40000	92052	7.948	2.273	7948	5675	0	0	0	5675	0	0	5676
5	6	G	40000	2	99.998	97.7925	99998	2324	192	0	0	831	1146	155	2086
5	6	A	40000	7	99.993	99.936	99993	57	0	0	0	0	1	56	7
5	6	B	40000	2084	97.916	95.649	97916	2267	192	0	0	831	1145	99	2079
5	6	cSpy was 42 spamed and the readout avoided!
5	7	G	40000	47993	52.007	11.0485	52007	55896	2	5	0	50265	5523	101	55866
5	7	A	40000	59192	40.808	11.677	40808	29131	2	5	0	25205	3818	101	29100
5	7	B	40000	62815	37.185	10.42	37185	26765	0	0	0	25060	1705	0	26766
6	0	G	40000	745	99.255	95.2345	99255	5079	301	7	0	2514	1478	779	4436
6	0	A	40000	1550	98.45	96.359	98450	2091	167	1	0	177	1014	732	1550
6	0	B	40000	2902	97.098	94.11	97098	2988	134	6	0	2337	464	47	2886
6	0	cSpy was 51 spamed and the readout avoided!
6	1	G	40000	15812	84.188	39.323	84188	57943	0	1	0	51686	5916	340	57790
6	1	A	40000	29980	70.02	42.417	70020	27603	0	1	0	23973	3293	336	27451
6	1	B	40000	33431	66.569	36.229	66569	30340	0	0	0	27713	2623	4	30339
6	1	cSpy was 4 spamed and the readout avoided!
6	2	G	40000	100000	0	0	0	0	0	0	0	0	0	0	2
6	2	A	40000	100000	0	0	0	0	0	0	0	0	0	0	1
6	2	B	40000	100000	0	0	0	0	0	0	0	0	0	0	1
6	3	G	40000	100000	0	0	0	0	0	0	0	0	0	0	2
6	3	A	40000	100000	0	0	0	0	0	0	0	0	0	0	1
6	3	B	40000	100000	0	0	0	0	0	0	0	0	0	0	1
6	4	G	40000	19658	80.342	59.0855	80342	33961	798	3	0	32417	141	603	32890
6	4	A	40000	23629	76.371	59.37	76371	17001	386	3	0	16163	14	435	16280
6	4	B	40000	24239	75.761	58.801	75761	16960	412	0	0	16254	127	168	16610
6	4	cSpy was 25 spamed and the readout avoided!
6	5	G	40000	9050	90.95	82.3245	90950	11465	74	2	0	9938	760	691	10962
6	5	A	40000	11434	88.566	83.122	88566	5444	7	0	0	4509	340	588	5043
6	5	B	40000	12452	87.548	81.527	87548	6021	67	2	0	5429	420	103	5919
6	5	cSpy was 20 spamed and the readout avoided!
6	6	G	40000	100000	0	0	0	0	0	0	0	0	0	0	2
6	6	A	40000	100000	0	0	0	0	0	0	0	0	0	0	1
6	6	B	40000	100000	0	0	0	0	0	0	0	0	0	0	1
6	7	G	40000	100000	0	0	0	0	0	0	0	0	0	0	2
6	7	A	40000	100000	0	0	0	0	0	0	0	0	0	0	1
6	7	B	40000	100000	0	0	0	0	0	0	0	0	0	0	1
7	0	G	40000	1742	98.258	48.3455	98258	3476	207	0	0	2585	100	584	2979
7	0	A	40000	1758	98.242	96.001	98242	2241	207	0	0	1350	100	584	1743
7	0	B	40000	98075	1.925	0.69	1925	1235	0	0	0	1235	0	0	1236
7	1	G	40000	100000	0	0	0	0	0	0	0	0	0	0	2
7	1	A	40000	100000	0	0	0	0	0	0	0	0	0	0	1
7	1	B	40000	100000	0	0	0	0	0	0	0	0	0	0	1
7	2	G	40000	94865	5.135	0.7525	5135	7566	0	0	0	7495	63	8	7567
7	2	A	40000	95355	4.645	0.852	4645	3793	0	0	0	3737	48	8	3793
7	2	B	40000	95574	4.426	0.653	4426	3773	0	0	0	3758	15	0	3774
7	3	G	40000	0	100	100	100000	200000	200000	200000	200000	200000	200000	200000	200002
7	3	A	40000	0	100	100	100000	100000	100000	100000	100000	100000	100000	100000	100001
7	3	B	40000	0	100	100	100000	100000	100000	100000	100000	100000	100000	100000	100001
7	4	G	40000	73621	26.379	21.5535	26379	9130	6	0	0	8687	334	103	9041
7	4	A	40000	73644	26.356	21.697	26356	4659	0	0	0	4325	261	73	4592
7	4	B	40000	74119	25.881	21.41	25881	4471	6	0	0	4362	73	30	4449
7	4	cSpy was 3 spamed and the readout avoided!
7	5	G	40000	100000	0	0	0	0	0	0	0	0	0	0	2
7	5	A	40000	100000	0	0	0	0	0	0	0	0	0	0	1
7	5	B	40000	100000	0	0	0	0	0	0	0	0	0	0	1
7	6	G	40000	99924	0.0760019	0.001	76	150	0	0	0	150	0	0	152
7	6	A	40000	99924	0.0760019	0.001	76	75	0	0	0	75	0	0	76
7	6	B	40000	99924	0.0760019	0.001	76	75	0	0	0	75	0	0	76
7	7	G	40000	43170	56.83	27.765	56830	43552	8	3	0	42034	1334	173	43491
7	7	A	40000	49894	50.106	28.232	50106	21874	3	3	0	21122	576	170	21816
7	7	B	40000	51024	48.976	27.298	48976	21678	5	0	0	20912	758	3	21675
7	7	cSpy was 5 spamed and the readout avoided!
