#the gain was set to: 2	the bias was set to: 30
#Sent triggers per delay setting: 100000	and with a frequency [Hz] of: 40000
#160MHz delay setting	400MHz delay setting	Frequency	correct transmitted H+T		error rate [%]	uncertainty [%]	bad or missed events	error count	missing headers	missing trailers	flipped H/T	event nr errors	tbm missed trigger	unknown errors	event nr resets
0	0	G	40000	371	99.629	73.769	99629	18840	102	0	0	17751	325	662	18296
0	0	A	40000	596	99.404	98.275	99404	1129	75	0	0	147	259	648	596
0	0	B	40000	33026	66.974	49.263	66974	17711	27	0	0	17604	66	14	17700
0	0	cSpy was 23 spamed and the readout avoided!
0	1	G	40000	28697	71.303	52.3685	71303	25152	440	0	0	23570	524	618	24795
0	1	A	40000	37480	62.52	51.824	62520	10696	230	0	0	10011	1	454	10468
0	1	B	40000	32631	67.369	52.913	67369	14456	210	0	0	13559	523	164	14327
0	2	G	40000	4945	95.055	79.155	95055	20536	52	0	0	17677	2473	334	20339
0	2	A	40000	10025	89.975	80.219	89975	9756	26	0	0	7886	1520	324	9572
0	2	B	40000	11129	88.871	78.091	88871	10780	26	0	0	9791	953	10	10767
0	2	cSpy was 5 spamed and the readout avoided!
0	3	G	40000	100000	0	0	0	0	0	0	0	0	0	0	2
0	3	A	40000	100000	0	0	0	0	0	0	0	0	0	0	1
0	3	B	40000	100000	0	0	0	0	0	0	0	0	0	0	1
0	4	G	40000	100000	0	0	0	0	0	0	0	0	0	0	2
0	4	A	40000	100000	0	0	0	0	0	0	0	0	0	0	1
0	4	B	40000	100000	0	0	0	0	0	0	0	0	0	0	1
0	5	G	40000	49140	50.86	35.339	50860	21471	58	0	0	20909	177	327	21411
0	5	A	40000	55672	44.328	34.922	44328	9406	33	0	0	9057	8	308	9360
0	5	B	40000	52179	47.821	35.756	47821	12065	25	0	0	11852	169	19	12051
0	6	G	40000	2334	97.666	89.685	97666	10235	227	5	0	8293	1395	315	9922
0	6	A	40000	4639	95.361	90.759	95361	4602	106	0	0	3373	843	280	4375
0	6	B	40000	5756	94.244	88.611	94244	5633	121	5	0	4920	552	35	5547
0	6	cSpy was 25 spamed and the readout avoided!
0	7	G	40000	77379	22.621	18.852	22621	5059	14	1	0	4342	620	82	5015
0	7	A	40000	78560	21.44	18.977	21440	2463	4	0	0	1989	391	79	2426
0	7	B	40000	78677	21.323	18.727	21323	2596	10	1	0	2353	229	3	2589
0	7	cSpy was 1 spamed and the readout avoided!
1	0	G	40000	383	99.617	96.1985	99617	3898	216	9	0	2978	432	263	3584
1	0	A	40000	2873	97.127	94.106	97127	3021	185	9	0	2317	287	223	2753
1	0	B	40000	832	99.168	98.291	99168	877	31	0	0	661	145	40	831
1	0	cSpy was 22 spamed and the readout avoided!
1	1	G	40000	99925	0.0750005	0	75	150	0	0	0	150	0	0	152
1	1	A	40000	99925	0.0750005	0	75	75	0	0	0	75	0	0	76
1	1	B	40000	99925	0.0750005	0	75	75	0	0	0	75	0	0	76
1	2	G	40000	100000	0	0	0	0	0	0	0	0	0	0	2
1	2	A	40000	100000	0	0	0	0	0	0	0	0	0	0	1
1	2	B	40000	100000	0	0	0	0	0	0	0	0	0	0	1
1	3	G	40000	84858	15.142	4.8455	15142	15316	0	0	0	15209	80	27	15314
1	3	A	40000	88248	11.752	4.537	11752	7215	0	0	0	7116	72	27	7212
1	3	B	40000	86745	13.255	5.154	13255	8101	0	0	0	8093	8	0	8102
1	4	G	40000	834	99.166	95.26	99166	4913	377	5	0	2984	1193	354	4422
1	4	A	40000	2852	97.148	94.245	97148	2903	104	0	0	1737	927	135	2736
1	4	B	40000	1715	98.285	96.275	98285	2010	273	5	0	1247	266	219	1686
1	4	cSpy was 45 spamed and the readout avoided!
1	5	G	40000	92828	7.172	1.1355	7172	8064	0	0	0	7610	453	1	8066
1	5	A	40000	95308	4.692	0.68	4692	4012	0	0	0	3816	195	1	4013
1	5	B	40000	94357	5.643	1.591	5643	4052	0	0	0	3794	258	0	4053
1	6	G	40000	100000	0	0	0	0	0	0	0	0	0	0	2
1	6	A	40000	100000	0	0	0	0	0	0	0	0	0	0	1
1	6	B	40000	100000	0	0	0	0	0	0	0	0	0	0	1
1	7	G	40000	99832	0.168002	0.002	168	330	0	0	0	330	0	0	332
1	7	A	40000	99833	0.167	0.002	167	165	0	0	0	165	0	0	166
1	7	B	40000	99833	0.167	0.002	167	165	0	0	0	165	0	0	166
2	0	G	40000	1996	98.004	48.926	98004	4253	32	1	0	3999	147	74	4174
2	0	A	40000	2051	97.949	95.836	97949	2113	32	1	0	1859	147	74	2033
2	0	B	40000	95844	4.156	2.016	4156	2140	0	0	0	2140	0	0	2141
2	1	G	40000	100000	0	0	0	0	0	0	0	0	0	0	2
2	1	A	40000	100000	0	0	0	0	0	0	0	0	0	0	1
2	1	B	40000	100000	0	0	0	0	0	0	0	0	0	0	1
2	2	G	40000	23308	76.692	55.061	76692	26896	836	1	0	23861	1437	761	26133
2	2	A	40000	34455	65.545	53.147	65545	12398	476	1	0	10968	460	493	11932
2	2	B	40000	28527	71.473	56.975	71473	14498	360	0	0	12893	977	268	14201
2	2	cSpy was 24 spamed and the readout avoided!
2	3	G	40000	9874	90.126	59.9595	90126	36076	89	0	0	31981	3902	104	35979
2	3	A	40000	27115	72.885	49.556	72885	23329	5	0	0	20224	3040	60	23299
2	3	B	40000	16890	83.11	70.363	83110	12747	84	0	0	11757	862	44	12680
2	4	G	40000	100000	0	0	0	0	0	0	0	0	0	0	2
2	4	A	40000	100000	0	0	0	0	0	0	0	0	0	0	1
2	4	B	40000	100000	0	0	0	0	0	0	0	0	0	0	1
2	5	G	40000	99997	0.00299811	0	3	6	0	0	0	6	0	0	8
2	5	A	40000	99997	0.00299811	0	3	3	0	0	0	3	0	0	4
2	5	B	40000	99997	0.00299811	0	3	3	0	0	0	3	0	0	4
2	6	G	40000	43272	56.728	38.6215	56728	21884	228	0	0	20438	811	407	21710
2	6	A	40000	53283	46.717	37.008	46717	9709	144	0	0	8605	608	352	9569
2	6	B	40000	47590	52.41	40.235	52410	12175	84	0	0	11833	203	55	12141
2	7	G	40000	0	100	100	100000	200000	200000	200000	200000	200000	200000	200000	200002
2	7	A	40000	0	100	100	100000	100000	100000	100000	100000	100000	100000	100000	100001
2	7	B	40000	0	100	100	100000	100000	100000	100000	100000	100000	100000	100000	100001
3	0	G	40000	655	99.345	80.203	99345	17521	303	5	0	16123	386	704	16890
3	0	A	40000	1252	98.748	96.964	98748	1784	212	0	0	886	21	665	1237
3	0	B	40000	20821	79.179	63.442	79179	15737	91	5	0	15237	365	39	15653
3	0	cSpy was 13 spamed and the readout avoided!
3	1	G	40000	0	100	100	100000	200000	200000	200000	200000	200000	200000	200000	200002
3	1	A	40000	0	100	100	100000	100000	100000	100000	100000	100000	100000	100000	100001
3	1	B	40000	0	100	100	100000	100000	100000	100000	100000	100000	100000	100000	100001
3	2	G	40000	99984	0.0159979	0	16	32	0	0	0	32	0	0	34
3	2	A	40000	99984	0.0159979	0	16	16	0	0	0	16	0	0	17
3	2	B	40000	99984	0.0159979	0	16	16	0	0	0	16	0	0	17
3	3	G	40000	100000	0	0	0	0	0	0	0	0	0	0	2
3	3	A	40000	100000	0	0	0	0	0	0	0	0	0	0	1
3	3	B	40000	100000	0	0	0	0	0	0	0	0	0	0	1
3	4	G	40000	69746	30.254	15.711	30254	22344	49	0	0	22159	79	57	22286
3	4	A	40000	73186	26.814	15.505	26814	11309	23	0	0	11208	30	48	11265
3	4	B	40000	73048	26.952	15.917	26952	11035	26	0	0	10951	49	9	11021
3	5	G	40000	0	100	100	100000	200000	200000	200000	200000	200000	200000	200000	200002
3	5	A	40000	0	100	100	100000	100000	100000	100000	100000	100000	100000	100000	100001
3	5	B	40000	0	100	100	100000	100000	100000	100000	100000	100000	100000	100000	100001
3	6	G	40000	0	100	100	100000	200000	200000	200000	200000	200000	200000	200000	200002
3	6	A	40000	0	100	100	100000	100000	100000	100000	100000	100000	100000	100000	100001
3	6	B	40000	0	100	100	100000	100000	100000	100000	100000	100000	100000	100000	100001
3	7	G	40000	100000	0	0	0	0	0	0	0	0	0	0	2
3	7	A	40000	100000	0	0	0	0	0	0	0	0	0	0	1
3	7	B	40000	100000	0	0	0	0	0	0	0	0	0	0	1
4	0	G	40000	1307	98.693	66.1565	98693	19104	269	4	1	16940	1454	436	18645
4	0	A	40000	2055	97.945	95.477	97945	2468	215	2	1	1047	788	415	2052
4	0	B	40000	46528	53.472	36.836	53472	16636	54	2	0	15893	666	21	16593
4	0	cSpy was 21 spamed and the readout avoided!
4	1	G	40000	100000	0	0	0	0	0	0	0	0	0	0	2
4	1	A	40000	100000	0	0	0	0	0	0	0	0	0	0	1
4	1	B	40000	100000	0	0	0	0	0	0	0	0	0	0	1
4	2	G	40000	94487	5.513	3.022	5513	3715	10	0	0	3689	1	15	3710
4	2	A	40000	95126	4.874	3.047	4874	1827	5	0	0	1807	1	14	1822
4	2	B	40000	95115	4.885	2.997	4885	1888	5	0	0	1882	0	1	1888
4	3	G	40000	19450	80.55	59.043	80550	34046	814	0	0	32512	111	609	32960
4	3	A	40000	23613	76.387	59.339	76387	17048	398	0	0	16219	0	431	16324
4	3	B	40000	24255	75.745	58.747	75745	16998	416	0	0	16293	111	178	16636
4	3	cSpy was 8 spamed and the readout avoided!
4	4	G	40000	9591	90.409	65.2255	90409	33204	110	5	0	29638	2992	459	32862
4	4	A	40000	17845	82.155	65.8	82155	16355	29	2	0	14275	1694	355	16128
4	4	B	40000	18500	81.5	64.651	81500	16849	81	3	0	15363	1298	104	16734
4	4	cSpy was 44 spamed and the readout avoided!
4	5	G	40000	100000	0	0	0	0	0	0	0	0	0	0	2
4	5	A	40000	100000	0	0	0	0	0	0	0	0	0	0	1
4	5	B	40000	100000	0	0	0	0	0	0	0	0	0	0	1
4	6	G	40000	99987	0.0129998	0.0005	13	24	0	0	0	24	0	0	26
4	6	A	40000	99987	0.0129998	0.001	13	12	0	0	0	12	0	0	13
4	6	B	40000	99988	0.0119984	0	12	12	0	0	0	12	0	0	13
4	7	G	40000	41995	58.005	39.3245	58005	29540	268	0	0	29024	13	235	29200
4	7	A	40000	45788	54.212	39.447	54212	14765	131	0	0	14455	2	177	14525
4	7	B	40000	46023	53.977	39.202	53977	14775	137	0	0	14569	11	58	14675
4	7	cSpy was 4 spamed and the readout avoided!
5	0	G	40000	454	99.546	58.814	99546	16644	141	0	0	15551	131	821	16103
5	0	A	40000	595	99.405	98.268	99405	1137	141	0	0	57	119	820	595
5	0	B	40000	65133	34.867	19.36	34867	15507	0	0	0	15494	12	1	15508
5	0	cSpy was 69 spamed and the readout avoided!
5	1	G	40000	47036	52.964	32.0915	52964	32267	116	1	0	32025	3	122	32152
5	1	A	40000	51735	48.265	32.227	48265	16038	55	1	0	15876	3	103	15948
5	1	B	40000	51815	48.185	31.956	48185	16229	61	0	0	16149	0	19	16204
5	2	G	40000	0	100	100	100000	200000	200000	200000	200000	200000	200000	200000	200002
5	2	A	40000	0	100	100	100000	100000	100000	100000	100000	100000	100000	100000	100001
5	2	B	40000	0	100	100	100000	100000	100000	100000	100000	100000	100000	100000	100001
5	3	G	40000	99744	0.256002	0	256	512	0	0	0	512	0	0	514
5	3	A	40000	99744	0.256002	0	256	256	0	0	0	256	0	0	257
5	3	B	40000	99744	0.256002	0	256	256	0	0	0	256	0	0	257
5	4	G	40000	100000	0	0	0	0	0	0	0	0	0	0	2
5	4	A	40000	100000	0	0	0	0	0	0	0	0	0	0	1
5	4	B	40000	100000	0	0	0	0	0	0	0	0	0	0	1
5	5	G	40000	88833	11.167	3.1765	11167	13436	2	0	0	13424	3	7	13437
5	5	A	40000	90038	9.962	3.317	9962	6645	1	0	0	6634	3	7	6645
5	5	B	40000	90173	9.827	3.036	9827	6791	1	0	0	6790	0	0	6792
5	6	G	40000	0	100	97.802	100000	2335	216	0	0	710	1219	190	2060
5	6	A	40000	3	99.997	99.916	99997	81	0	0	0	1	0	80	3
5	6	B	40000	2058	97.942	95.688	97942	2254	216	0	0	709	1219	110	2057
5	6	cSpy was 26 spamed and the readout avoided!
5	7	G	40000	52935	47.065	10.168	47065	52114	2	2	0	46940	5077	93	52082
5	7	A	40000	61870	38.13	10.642	38130	27488	2	2	0	23681	3710	93	27455
5	7	B	40000	65680	34.32	9.694	34320	24626	0	0	0	23259	1367	0	24627
5	7	cSpy was 2 spamed and the readout avoided!
6	0	G	40000	679	99.321	95.3625	99321	4927	260	2	0	2543	1354	768	4334
6	0	A	40000	1413	98.587	96.672	98587	1915	151	1	0	151	893	719	1413
6	0	B	40000	2935	97.065	94.053	97065	3012	109	1	0	2392	461	49	2921
6	0	cSpy was 51 spamed and the readout avoided!
6	1	G	40000	16120	83.88	39.968	83880	57021	1	1	0	50715	6006	298	56873
6	1	A	40000	29956	70.044	42.893	70044	27151	1	1	0	23519	3334	296	27003
6	1	B	40000	33087	66.913	37.043	66913	29870	0	0	0	27196	2672	2	29870
6	1	cSpy was 6 spamed and the readout avoided!
6	2	G	40000	100000	0	0	0	0	0	0	0	0	0	0	2
6	2	A	40000	100000	0	0	0	0	0	0	0	0	0	0	1
6	2	B	40000	100000	0	0	0	0	0	0	0	0	0	0	1
6	3	G	40000	100000	0	0	0	0	0	0	0	0	0	0	2
6	3	A	40000	100000	0	0	0	0	0	0	0	0	0	0	1
6	3	B	40000	100000	0	0	0	0	0	0	0	0	0	0	1
6	4	G	40000	19636	80.364	58.998	80364	34025	820	1	0	32461	133	610	32931
6	4	A	40000	23681	76.319	59.295	76319	17024	398	1	0	16192	1	432	16297
6	4	B	40000	24298	75.702	58.701	75702	17001	422	0	0	16269	132	178	16634
6	4	cSpy was 8 spamed and the readout avoided!
6	5	G	40000	6048	93.952	84.1855	93952	12661	172	5	0	10960	741	783	12132
6	5	A	40000	8873	91.127	85.268	91127	5859	11	1	0	4833	341	673	5493
6	5	B	40000	10095	89.905	83.103	89905	6802	161	4	0	6127	400	110	6639
6	5	cSpy was 83 spamed and the readout avoided!
6	6	G	40000	100000	0	0	0	0	0	0	0	0	0	0	2
6	6	A	40000	100000	0	0	0	0	0	0	0	0	0	0	1
6	6	B	40000	100000	0	0	0	0	0	0	0	0	0	0	1
6	7	G	40000	100000	0	0	0	0	0	0	0	0	0	0	2
6	7	A	40000	100000	0	0	0	0	0	0	0	0	0	0	1
6	7	B	40000	100000	0	0	0	0	0	0	0	0	0	0	1
7	0	G	40000	1771	98.229	48.2905	98229	3542	230	0	0	2639	84	589	3011
7	0	A	40000	1792	98.208	95.902	98208	2306	230	0	0	1403	84	589	1774
7	0	B	40000	98085	1.915	0.679	1915	1236	0	0	0	1236	0	0	1237
7	0	cSpy was 2 spamed and the readout avoided!
7	1	G	40000	100000	0	0	0	0	0	0	0	0	0	0	2
7	1	A	40000	100000	0	0	0	0	0	0	0	0	0	0	1
7	1	B	40000	100000	0	0	0	0	0	0	0	0	0	0	1
7	2	G	40000	91553	8.447	1.598	8447	11012	1	1	0	10934	66	10	11011
7	2	A	40000	92697	7.303	1.794	7303	5509	1	1	0	5449	48	10	5507
7	2	B	40000	93095	6.905	1.402	6905	5503	0	0	0	5485	18	0	5504
7	3	G	40000	0	100	100	100000	200000	200000	200000	200000	200000	200000	200000	200002
7	3	A	40000	0	100	100	100000	100000	100000	100000	100000	100000	100000	100000	100001
7	3	B	40000	0	100	100	100000	100000	100000	100000	100000	100000	100000	100000	100001
7	4	G	40000	94727	5.273	0.232	5273	9784	0	0	0	9527	254	3	9786
7	4	A	40000	94744	5.256	0.232	5256	5024	0	0	0	4789	232	3	5025
7	4	B	40000	95008	4.992	0.232	4992	4760	0	0	0	4738	22	0	4761
7	5	G	40000	100000	0	0	0	0	0	0	0	0	0	0	2
7	5	A	40000	100000	0	0	0	0	0	0	0	0	0	0	1
7	5	B	40000	100000	0	0	0	0	0	0	0	0	0	0	1
7	6	G	40000	99814	0.186002	0.0035	186	362	0	0	0	361	1	0	364
7	6	A	40000	99815	0.185001	0.004	185	181	0	0	0	180	1	0	182
7	6	B	40000	99816	0.184	0.003	184	181	0	0	0	181	0	0	182
7	7	G	40000	37457	62.543	32.871	62543	44438	11	1	0	42628	1597	201	44359
7	7	A	40000	44305	55.695	33.4	55695	22295	3	0	0	21362	730	200	22221
7	7	B	40000	45515	54.485	32.342	54485	22143	8	1	0	21266	867	1	22138
7	7	cSpy was 7 spamed and the readout avoided!
