#the gain was set to: 2	the bias was set to: 30
#Sent triggers per delay setting: 100000	and with a frequency [Hz] of: 40000
#160MHz delay setting	400MHz delay setting	Frequency	correct transmitted H+T		error rate [%]	uncertainty [%]	bad or missed events	error count	missing headers	missing trailers	flipped H/T	event nr errors	tbm missed trigger	unknown errors	event nr resets
0	0	G	40000	398	99.602	73.5145	99602	18950	93	0	0	17923	300	634	18418
0	0	A	40000	590	99.41	98.298	99410	1112	75	0	0	159	254	624	590
0	0	B	40000	33431	66.569	48.731	66569	17838	18	0	0	17764	46	10	17828
0	0	cSpy was 26 spamed and the readout avoided!
0	1	G	40000	26141	73.859	54.037	73859	26173	562	0	0	24854	9	748	25649
0	1	A	40000	35559	64.441	53.565	64441	10876	271	0	0	10108	1	496	10595
0	1	B	40000	30194	69.806	54.509	69806	15297	291	0	0	14746	8	252	15054
0	2	G	40000	4344	95.656	80.387	95656	18686	74	0	0	15541	2743	328	18449
0	2	A	40000	10540	89.46	79.897	89460	9563	38	0	0	7541	1743	241	9398
0	2	B	40000	10000	90	80.877	90000	9123	36	0	0	8000	1000	87	9051
0	2	cSpy was 2 spamed and the readout avoided!
0	3	G	40000	100000	0	0	0	0	0	0	0	0	0	0	2
0	3	A	40000	100000	0	0	0	0	0	0	0	0	0	0	1
0	3	B	40000	100000	0	0	0	0	0	0	0	0	0	0	1
0	4	G	40000	100000	0	0	0	0	0	0	0	0	0	0	2
0	4	A	40000	100000	0	0	0	0	0	0	0	0	0	0	1
0	4	B	40000	100000	0	0	0	0	0	0	0	0	0	0	1
0	5	G	40000	39299	60.701	40.8615	60701	25523	59	0	0	24992	90	382	25430
0	5	A	40000	48441	51.559	40.255	51559	11304	29	0	0	10880	37	358	11230
0	5	B	40000	44313	55.687	41.468	55687	14219	30	0	0	14112	53	24	14200
0	6	G	40000	3212	96.788	85.734	96788	14251	269	9	0	11333	2245	395	13840
0	6	A	40000	6139	93.861	87.712	93861	6149	124	0	0	4503	1185	337	5863
0	6	B	40000	8142	91.858	83.756	91858	8102	145	9	0	6830	1060	58	7977
0	6	cSpy was 17 spamed and the readout avoided!
0	7	G	40000	99673	0.326997	0.0925	327	468	0	0	0	467	1	0	470
0	7	A	40000	99674	0.326002	0.092	326	234	0	0	0	233	1	0	235
0	7	B	40000	99673	0.326997	0.093	327	234	0	0	0	234	0	0	235
1	0	G	40000	345	99.655	96.5845	99655	3548	217	1	0	2713	260	357	3195
1	0	A	40000	2558	97.442	94.672	97442	2770	195	1	0	2079	197	298	2474
1	0	B	40000	725	99.275	98.497	99275	778	22	0	0	634	63	59	721
1	0	cSpy was 26 spamed and the readout avoided!
1	1	G	40000	99725	0.274998	0	275	550	0	0	0	550	0	0	552
1	1	A	40000	99725	0.274998	0	275	275	0	0	0	275	0	0	276
1	1	B	40000	99725	0.274998	0	275	275	0	0	0	275	0	0	276
1	2	G	40000	100000	0	0	0	0	0	0	0	0	0	0	2
1	2	A	40000	100000	0	0	0	0	0	0	0	0	0	0	1
1	2	B	40000	100000	0	0	0	0	0	0	0	0	0	0	1
1	3	G	40000	92976	7.024	1.813	7024	8903	0	0	0	8870	21	12	8902
1	3	A	40000	94041	5.959	1.695	5959	4264	0	0	0	4232	21	11	4262
1	3	B	40000	93430	6.57	1.931	6570	4639	0	0	0	4638	0	1	4640
1	4	G	40000	677	99.323	95.911	99323	4318	311	3	0	2399	1109	496	3790
1	4	A	40000	2362	97.638	95.131	97638	2507	96	1	0	1267	942	201	2298
1	4	B	40000	1498	98.502	96.691	98502	1811	215	2	0	1132	167	295	1492
1	4	cSpy was 50 spamed and the readout avoided!
1	5	G	40000	83712	16.288	3.0555	16288	14514	0	0	0	13194	1313	7	14516
1	5	A	40000	91219	8.781	1.603	8781	7178	0	0	0	6622	549	7	7179
1	5	B	40000	88156	11.844	4.508	11844	7336	0	0	0	6572	764	0	7337
1	6	G	40000	100000	0	0	0	0	0	0	0	0	0	0	2
1	6	A	40000	100000	0	0	0	0	0	0	0	0	0	0	1
1	6	B	40000	100000	0	0	0	0	0	0	0	0	0	0	1
1	7	G	40000	97384	2.616	1.07	2616	2059	0	0	0	2035	15	9	2061
1	7	A	40000	98039	1.961	1.017	1961	944	0	0	0	920	15	9	945
1	7	B	40000	97762	2.238	1.123	2238	1115	0	0	0	1115	0	0	1116
2	0	G	40000	2169	97.831	48.6915	97831	4224	43	0	0	4000	103	78	4138
2	0	A	40000	2210	97.79	95.524	97790	2266	43	0	0	2042	103	78	2179
2	0	B	40000	96183	3.817	1.859	3817	1958	0	0	0	1958	0	0	1959
2	1	G	40000	100000	0	0	0	0	0	0	0	0	0	0	2
2	1	A	40000	100000	0	0	0	0	0	0	0	0	0	0	1
2	1	B	40000	100000	0	0	0	0	0	0	0	0	0	0	1
2	2	G	40000	29116	70.884	48.5945	70884	27063	687	0	0	24445	1296	635	26458
2	2	A	40000	41205	58.795	46.717	58795	12078	383	0	0	10609	654	432	11708
2	2	B	40000	34543	65.457	50.472	65457	14985	304	0	0	13836	642	203	14750
2	3	G	40000	6159	93.841	68.261	93841	30767	60	0	0	27095	3527	85	30691
2	3	A	40000	20881	79.119	59.129	79119	19990	5	0	0	17277	2652	56	19959
2	3	B	40000	11830	88.17	77.393	88170	10777	55	0	0	9818	875	29	10732
2	3	cSpy was 2 spamed and the readout avoided!
2	4	G	40000	100000	0	0	0	0	0	0	0	0	0	0	2
2	4	A	40000	100000	0	0	0	0	0	0	0	0	0	0	1
2	4	B	40000	100000	0	0	0	0	0	0	0	0	0	0	1
2	5	G	40000	100000	0	0	0	0	0	0	0	0	0	0	2
2	5	A	40000	100000	0	0	0	0	0	0	0	0	0	0	1
2	5	B	40000	100000	0	0	0	0	0	0	0	0	0	0	1
2	6	G	40000	30020	69.98	46.611	69980	27153	114	1	0	25687	917	434	27057
2	6	A	40000	43462	56.538	44.508	56538	12030	78	1	0	10775	769	407	11951
2	6	B	40000	36163	63.837	48.714	63837	15123	36	0	0	14912	148	27	15106
2	7	G	40000	0	100	100	100000	200000	200000	200000	200000	200000	200000	200000	200002
2	7	A	40000	0	100	100	100000	100000	100000	100000	100000	100000	100000	100000	100001
2	7	B	40000	0	100	100	100000	100000	100000	100000	100000	100000	100000	100000	100001
3	0	G	40000	722	99.278	77.995	99278	17435	312	4	0	16041	369	709	16774
3	0	A	40000	1292	98.708	96.827	98708	1881	219	0	0	955	35	672	1279
3	0	B	40000	25283	74.717	59.163	74717	15554	93	4	0	15086	334	37	15495
3	0	cSpy was 18 spamed and the readout avoided!
3	1	G	40000	0	100	100	100000	200000	200000	200000	200000	200000	200000	200000	200002
3	1	A	40000	0	100	100	100000	100000	100000	100000	100000	100000	100000	100000	100001
3	1	B	40000	0	100	100	100000	100000	100000	100000	100000	100000	100000	100000	100001
3	2	G	40000	99955	0.0450015	0	45	90	0	0	0	90	0	0	92
3	2	A	40000	99955	0.0450015	0	45	45	0	0	0	45	0	0	46
3	2	B	40000	99955	0.0450015	0	45	45	0	0	0	45	0	0	46
3	3	G	40000	100000	0	0	0	0	0	0	0	0	0	0	2
3	3	A	40000	100000	0	0	0	0	0	0	0	0	0	0	1
3	3	B	40000	100000	0	0	0	0	0	0	0	0	0	0	1
3	4	G	40000	89749	10.251	3.018	10251	12203	0	0	0	12174	26	3	12205
3	4	A	40000	90943	9.057	2.893	9057	6164	0	0	0	6143	18	3	6165
3	4	B	40000	90818	9.182	3.143	9182	6039	0	0	0	6031	8	0	6040
3	5	G	40000	0	100	100	100000	200000	200000	200000	200000	200000	200000	200000	200002
3	5	A	40000	0	100	100	100000	100000	100000	100000	100000	100000	100000	100000	100001
3	5	B	40000	0	100	100	100000	100000	100000	100000	100000	100000	100000	100000	100001
3	6	G	40000	60959	39.041	29.559	39041	16591	299	11	0	15194	752	337	16175
3	6	A	40000	61725	38.275	29.62	38275	8655	159	1	0	7585	667	245	8391
3	6	B	40000	62566	37.434	29.498	37434	7936	140	10	0	7609	85	92	7784
3	6	cSpy was 71 spamed and the readout avoided!
3	7	G	40000	100000	0	0	0	0	0	0	0	0	0	0	2
3	7	A	40000	100000	0	0	0	0	0	0	0	0	0	0	1
3	7	B	40000	100000	0	0	0	0	0	0	0	0	0	0	1
4	0	G	40000	1064	98.936	54.7595	98936	25110	166	5	0	23319	1271	349	24744
4	0	A	40000	1408	98.592	96.826	98592	1766	162	0	0	807	456	341	1403
4	0	B	40000	63963	36.037	12.693	36037	23344	4	5	0	22512	815	8	23341
4	0	cSpy was 3 spamed and the readout avoided!
4	1	G	40000	100000	0	0	0	0	0	0	0	0	0	0	2
4	1	A	40000	100000	0	0	0	0	0	0	0	0	0	0	1
4	1	B	40000	100000	0	0	0	0	0	0	0	0	0	0	1
4	2	G	40000	94694	5.306	2.623	5306	3909	2	0	0	3904	0	3	3908
4	2	A	40000	95426	4.574	2.657	4574	1917	1	0	0	1913	0	3	1915
4	2	B	40000	95419	4.581	2.589	4581	1992	1	0	0	1991	0	0	1993
4	3	G	40000	19447	80.553	59.08	80553	34022	807	0	0	32444	139	632	32932
4	3	A	40000	23600	76.4	59.364	76400	17036	394	0	0	16201	1	440	16324
4	3	B	40000	24218	75.782	58.796	75782	16986	413	0	0	16243	138	192	16608
4	3	cSpy was 10 spamed and the readout avoided!
4	4	G	40000	8649	91.351	67.6875	91351	31091	106	6	0	27532	2973	474	30763
4	4	A	40000	16466	83.534	68.185	83534	15349	40	3	0	13348	1570	388	15105
4	4	B	40000	17068	82.932	67.19	82932	15742	66	3	0	14184	1403	86	15658
4	4	cSpy was 33 spamed and the readout avoided!
4	5	G	40000	100000	0	0	0	0	0	0	0	0	0	0	2
4	5	A	40000	100000	0	0	0	0	0	0	0	0	0	0	1
4	5	B	40000	100000	0	0	0	0	0	0	0	0	0	0	1
4	6	G	40000	100000	0	0	0	0	0	0	0	0	0	0	2
4	6	A	40000	100000	0	0	0	0	0	0	0	0	0	0	1
4	6	B	40000	100000	0	0	0	0	0	0	0	0	0	0	1
4	7	G	40000	33642	66.358	46.26	66358	32272	399	0	0	31484	52	337	31767
4	7	A	40000	37471	62.529	46.408	62529	16121	193	0	0	15669	5	254	15760
4	7	B	40000	37737	62.263	46.112	62263	16151	206	0	0	15815	47	83	16007
4	7	cSpy was 6 spamed and the readout avoided!
5	0	G	40000	465	99.535	58.0715	99535	15987	141	0	0	14872	120	854	15405
5	0	A	40000	593	99.407	98.231	99407	1176	141	0	0	72	109	854	593
5	0	B	40000	67277	32.723	17.912	32723	14811	0	0	0	14800	11	0	14812
5	0	cSpy was 48 spamed and the readout avoided!
5	1	G	40000	48173	51.827	30.0615	51827	33144	87	0	0	32922	6	129	33055
5	1	A	40000	53395	46.605	30.196	46605	16409	43	0	0	16242	5	119	16333
5	1	B	40000	53338	46.662	29.927	46662	16735	44	0	0	16680	1	10	16722
5	1	cSpy was 6 spamed and the readout avoided!
5	2	G	40000	35	99.965	98.7575	99965	1608	50	0	0	654	71	833	873
5	2	A	40000	92	99.908	99.178	99908	730	1	0	0	5	0	724	92
5	2	B	40000	785	99.215	98.337	99215	878	49	0	0	649	71	109	781
5	2	cSpy was 20 spamed and the readout avoided!
5	3	G	40000	99430	0.569999	0	570	1140	0	0	0	1140	0	0	1142
5	3	A	40000	99430	0.569999	0	570	570	0	0	0	570	0	0	571
5	3	B	40000	99430	0.569999	0	570	570	0	0	0	570	0	0	571
5	4	G	40000	100000	0	0	0	0	0	0	0	0	0	0	2
5	4	A	40000	100000	0	0	0	0	0	0	0	0	0	0	1
5	4	B	40000	100000	0	0	0	0	0	0	0	0	0	0	1
5	5	G	40000	88893	11.107	2.8105	11107	14174	2	0	0	14167	0	5	14175
5	5	A	40000	90008	9.992	2.973	9992	7019	1	0	0	7013	0	5	7019
5	5	B	40000	90197	9.803	2.648	9803	7155	1	0	0	7154	0	0	7156
5	6	G	40000	29	99.971	97.8825	99971	2247	191	2	0	1029	775	250	1976
5	6	A	40000	78	99.922	99.745	99922	177	0	0	0	25	16	136	78
5	6	B	40000	1910	98.09	96.02	98090	2070	191	2	0	1004	759	114	1898
5	6	cSpy was 61 spamed and the readout avoided!
5	7	G	40000	43462	56.538	14.2065	56538	56706	6	8	0	50872	5712	108	56661
5	7	A	40000	55855	44.145	14.996	44145	29149	6	8	0	25161	3868	106	29104
5	7	B	40000	59026	40.974	13.417	40974	27557	0	0	0	25711	1844	2	27557
5	7	cSpy was 2 spamed and the readout avoided!
6	0	G	40000	702	99.298	95.4705	99298	4859	327	3	0	2423	1358	748	4186
6	0	A	40000	1461	98.539	96.529	98539	2010	182	0	0	188	950	690	1461
6	0	B	40000	2739	97.261	94.412	97261	2849	145	3	0	2235	408	58	2725
6	0	cSpy was 45 spamed and the readout avoided!
6	1	G	40000	14251	85.749	44.891	85749	53050	3	0	0	47498	5171	378	52864
6	1	A	40000	26970	73.03	47.737	73030	25293	1	0	0	22073	2844	375	25110
6	1	B	40000	30198	69.802	42.045	69802	27757	2	0	0	25425	2327	3	27754
6	1	cSpy was 4 spamed and the readout avoided!
6	2	G	40000	100000	0	0	0	0	0	0	0	0	0	0	2
6	2	A	40000	100000	0	0	0	0	0	0	0	0	0	0	1
6	2	B	40000	100000	0	0	0	0	0	0	0	0	0	0	1
6	3	G	40000	100000	0	0	0	0	0	0	0	0	0	0	2
6	3	A	40000	100000	0	0	0	0	0	0	0	0	0	0	1
6	3	B	40000	100000	0	0	0	0	0	0	0	0	0	0	1
6	4	G	40000	20125	79.875	58.762	79875	34190	821	0	0	32611	155	603	33109
6	4	A	40000	23845	76.155	59.04	76155	17115	399	0	0	16284	0	432	16387
6	4	B	40000	24441	75.559	58.484	75559	17075	422	0	0	16327	155	171	16722
6	4	cSpy was 14 spamed and the readout avoided!
6	5	G	40000	6778	93.222	87.4465	93222	7852	130	0	0	6326	427	969	7104
6	5	A	40000	8179	91.821	88.069	91821	3752	19	0	0	2741	185	807	3157
6	5	B	40000	9076	90.924	86.824	90924	4100	111	0	0	3585	242	162	3947
6	5	cSpy was 44 spamed and the readout avoided!
6	6	G	40000	100000	0	0	0	0	0	0	0	0	0	0	2
6	6	A	40000	100000	0	0	0	0	0	0	0	0	0	0	1
6	6	B	40000	100000	0	0	0	0	0	0	0	0	0	0	1
6	7	G	40000	99996	0.00399947	0	4	8	0	0	0	8	0	0	10
6	7	A	40000	99996	0.00399947	0	4	4	0	0	0	4	0	0	5
6	7	B	40000	99996	0.00399947	0	4	4	0	0	0	4	0	0	5
7	0	G	40000	1775	98.225	48.2925	98225	7817	253	1	0	6848	143	572	7267
7	0	A	40000	1868	98.132	95.733	98132	2399	253	1	0	1475	98	572	1848
7	0	B	40000	93730	6.27	0.852	6270	5418	0	0	0	5373	45	0	5419
7	0	cSpy was 5 spamed and the readout avoided!
7	1	G	40000	100000	0	0	0	0	0	0	0	0	0	0	2
7	1	A	40000	100000	0	0	0	0	0	0	0	0	0	0	1
7	1	B	40000	100000	0	0	0	0	0	0	0	0	0	0	1
7	2	G	40000	95855	4.145	0.609	4145	6058	0	0	0	6008	47	3	6059
7	2	A	40000	96291	3.709	0.679	3709	3030	0	0	0	2990	37	3	3030
7	2	B	40000	96433	3.567	0.539	3567	3028	0	0	0	3018	10	0	3029
7	3	G	40000	0	100	100	100000	200000	200000	200000	200000	200000	200000	200000	200002
7	3	A	40000	0	100	100	100000	100000	100000	100000	100000	100000	100000	100000	100001
7	3	B	40000	0	100	100	100000	100000	100000	100000	100000	100000	100000	100000	100001
7	4	G	40000	66360	33.64	7.7945	33640	36182	1	1	0	32345	3751	84	36147
7	4	A	40000	73243	26.757	8.737	26757	18020	1	1	0	15609	2325	84	17985
7	4	B	40000	74986	25.014	6.852	25014	18162	0	0	0	16736	1426	0	18162
7	5	G	40000	100000	0	0	0	0	0	0	0	0	0	0	2
7	5	A	40000	100000	0	0	0	0	0	0	0	0	0	0	1
7	5	B	40000	100000	0	0	0	0	0	0	0	0	0	0	1
7	6	G	40000	98773	1.227	0.149	1227	1840	0	0	0	1826	10	4	1840
7	6	A	40000	98901	1.099	0.175	1099	924	0	0	0	912	8	4	923
7	6	B	40000	98961	1.039	0.123	1039	916	0	0	0	914	2	0	917
7	7	G	40000	43025	56.975	28.8365	56975	40766	24	17	0	39245	1300	180	40678
7	7	A	40000	50125	49.875	29.476	49875	20399	16	17	0	19633	555	178	20317
7	7	B	40000	51436	48.564	28.197	48564	20367	8	0	0	19612	745	2	20361
7	7	cSpy was 6 spamed and the readout avoided!
