#the gain was set to: 2	the bias was set to: 30
#Sent triggers per delay setting: 100000	and with a frequency [Hz] of: 40000
#160MHz delay setting	400MHz delay setting	Frequency	correct transmitted H+T		error rate [%]	uncertainty [%]	bad or missed events	error count	missing headers	missing trailers	flipped H/T	event nr errors	tbm missed trigger	unknown errors	event nr resets
0	0	G	40000	421	99.579	72.4455	99579	18929	97	0	0	17983	279	570	18452
0	0	A	40000	633	99.367	98.264	99367	1103	78	0	0	210	254	561	633
0	0	B	40000	35547	64.453	46.627	64453	17826	19	0	0	17773	25	9	17819
0	0	cSpy was 26 spamed and the readout avoided!
0	1	G	40000	32672	67.328	43.9195	67328	30738	67	0	0	30120	120	431	30617
0	1	A	40000	42934	57.066	43.241	57066	13825	35	0	0	13338	54	398	13730
0	1	B	40000	38489	61.511	44.598	61511	16913	32	0	0	16782	66	33	16887
0	2	G	40000	3136	96.864	85.3135	96864	14684	349	14	0	11617	2266	438	14210
0	2	A	40000	6512	93.488	86.976	93488	6512	138	0	0	4803	1203	368	6209
0	2	B	40000	8177	91.823	83.651	91823	8172	211	14	0	6814	1063	70	8001
0	2	cSpy was 49 spamed and the readout avoided!
0	3	G	40000	99997	0.00299811	0.001	3	4	0	0	0	4	0	0	6
0	3	A	40000	99997	0.00299811	0.001	3	2	0	0	0	2	0	0	3
0	3	B	40000	99997	0.00299811	0.001	3	2	0	0	0	2	0	0	3
0	4	G	40000	100000	0	0	0	0	0	0	0	0	0	0	2
0	4	A	40000	100000	0	0	0	0	0	0	0	0	0	0	1
0	4	B	40000	100000	0	0	0	0	0	0	0	0	0	0	1
0	5	G	40000	60046	39.954	19.6245	39954	29367	3	0	0	29114	64	186	29336
0	5	A	40000	67030	32.97	19.252	32970	13718	3	0	0	13502	30	183	13686
0	5	B	40000	64354	35.646	19.997	35646	15649	0	0	0	15612	34	3	15650
0	6	G	40000	971	99.029	94.4985	99029	5673	352	13	0	3572	1363	373	5197
0	6	A	40000	3050	96.95	93.796	96950	3154	93	1	0	1837	1019	204	2945
0	6	B	40000	2280	97.72	95.201	97720	2519	259	12	0	1735	344	169	2252
0	6	cSpy was 38 spamed and the readout avoided!
0	7	G	40000	90342	9.658	1.618	9658	10105	0	0	0	9559	546	0	10107
0	7	A	40000	93997	6.003	0.953	6003	5050	0	0	0	4793	257	0	5051
0	7	B	40000	92662	7.338	2.283	7338	5055	0	0	0	4766	289	0	5056
1	0	G	40000	383	99.617	97.459	99617	2808	216	3	0	1391	582	616	2254
1	0	A	40000	1194	98.806	97.156	98806	1650	163	1	0	714	236	536	1175
1	0	B	40000	1080	98.92	97.762	98920	1158	53	2	0	677	346	80	1079
1	0	cSpy was 49 spamed and the readout avoided!
1	1	G	40000	88733	11.267	1.8955	11267	11076	0	0	0	10385	691	0	11078
1	1	A	40000	93488	6.512	1.016	6512	5496	0	0	0	5185	311	0	5497
1	1	B	40000	91645	8.355	2.775	8355	5580	0	0	0	5200	380	0	5581
1	2	G	40000	100000	0	0	0	0	0	0	0	0	0	0	2
1	2	A	40000	100000	0	0	0	0	0	0	0	0	0	0	1
1	2	B	40000	100000	0	0	0	0	0	0	0	0	0	0	1
1	3	G	40000	91940	8.06	4.0715	8060	4781	4	0	0	4598	150	29	4774
1	3	A	40000	93954	6.046	3.759	6046	2287	2	0	0	2121	136	28	2282
1	3	B	40000	93122	6.878	4.384	6878	2494	2	0	0	2477	14	1	2492
1	4	G	40000	0	100	100	100000	200000	200000	200000	200000	200000	200000	200000	200002
1	4	A	40000	0	100	100	100000	100000	100000	100000	100000	100000	100000	100000	100001
1	4	B	40000	0	100	100	100000	100000	100000	100000	100000	100000	100000	100000	100001
1	5	G	40000	34664	65.336	19.693	65336	49273	3	0	0	42976	6278	16	49268
1	5	A	40000	63636	36.364	6	36364	30364	0	0	0	25420	4934	10	30361
1	5	B	40000	47705	52.295	33.386	52295	18909	3	0	0	17556	1344	6	18907
1	6	G	40000	100000	0	0	0	0	0	0	0	0	0	0	2
1	6	A	40000	100000	0	0	0	0	0	0	0	0	0	0	1
1	6	B	40000	100000	0	0	0	0	0	0	0	0	0	0	1
1	7	G	40000	100000	0	0	0	0	0	0	0	0	0	0	2
1	7	A	40000	100000	0	0	0	0	0	0	0	0	0	0	1
1	7	B	40000	100000	0	0	0	0	0	0	0	0	0	0	1
2	0	G	40000	2268	97.732	48.4905	97732	4097	40	0	0	3857	138	62	4023
2	0	A	40000	2314	97.686	95.332	97686	2354	40	0	0	2114	138	62	2279
2	0	B	40000	96608	3.392	1.649	3392	1743	0	0	0	1743	0	0	1744
2	1	G	40000	99946	0.0540018	0.004	54	98	0	0	0	98	0	0	100
2	1	A	40000	99948	0.0519991	0.004	52	48	0	0	0	48	0	0	49
2	1	B	40000	99946	0.0540018	0.004	54	50	0	0	0	50	0	0	51
2	2	G	40000	27264	72.736	51.2735	72736	25934	716	1	0	23209	1334	674	25339
2	2	A	40000	39199	60.801	49.349	60801	11452	400	1	0	9842	738	471	11075
2	2	B	40000	32320	67.68	53.198	67680	14482	316	0	0	13367	596	203	14264
2	3	G	40000	4022	95.978	78.6875	95978	20888	106	4	0	17980	2559	239	20692
2	3	A	40000	13605	86.395	73.274	86395	13121	12	0	0	11325	1645	139	13028
2	3	B	40000	8132	91.868	84.101	91868	7767	94	4	0	6655	914	100	7664
2	3	cSpy was 52 spamed and the readout avoided!
2	4	G	40000	100000	0	0	0	0	0	0	0	0	0	0	2
2	4	A	40000	100000	0	0	0	0	0	0	0	0	0	0	1
2	4	B	40000	100000	0	0	0	0	0	0	0	0	0	0	1
2	5	G	40000	100000	0	0	0	0	0	0	0	0	0	0	2
2	5	A	40000	100000	0	0	0	0	0	0	0	0	0	0	1
2	5	B	40000	100000	0	0	0	0	0	0	0	0	0	0	1
2	6	G	40000	55044	44.956	25.1405	44956	23601	21	0	0	22811	558	211	23578
2	6	A	40000	65516	34.484	23.831	34484	10653	15	0	0	9957	475	206	10631
2	6	B	40000	60602	39.398	26.45	39398	12948	6	0	0	12854	83	5	12947
2	7	G	40000	0	100	100	100000	200000	200000	200000	200000	200000	200000	200000	200002
2	7	A	40000	0	100	100	100000	100000	100000	100000	100000	100000	100000	100000	100001
2	7	B	40000	0	100	100	100000	100000	100000	100000	100000	100000	100000	100000	100001
3	0	G	40000	1094	98.906	65.073	98906	18312	224	0	0	17145	331	612	17799
3	0	A	40000	1585	98.415	96.343	98415	2072	204	0	0	1233	33	602	1572
3	0	B	40000	49957	50.043	33.803	50043	16240	20	0	0	15912	298	10	16227
3	0	cSpy was 10 spamed and the readout avoided!
3	1	G	40000	0	100	100	100000	200000	200000	200000	200000	200000	200000	200000	200002
3	1	A	40000	0	100	100	100000	100000	100000	100000	100000	100000	100000	100000	100001
3	1	B	40000	0	100	100	100000	100000	100000	100000	100000	100000	100000	100000	100001
3	2	G	40000	69411	30.589	24.3705	30589	9933	176	18	0	9118	364	259	9658
3	2	A	40000	70552	29.448	24.49	29448	4958	102	9	0	4423	211	215	4763
3	2	B	40000	70774	29.226	24.251	29226	4975	74	9	0	4695	153	44	4895
3	2	cSpy was 29 spamed and the readout avoided!
3	3	G	40000	100000	0	0	0	0	0	0	0	0	0	0	2
3	3	A	40000	100000	0	0	0	0	0	0	0	0	0	0	1
3	3	B	40000	100000	0	0	0	0	0	0	0	0	0	0	1
3	4	G	40000	87915	12.085	8.205	12085	5838	75	0	0	5686	8	69	5734
3	4	A	40000	88829	11.171	8.203	11171	2968	35	0	0	2889	0	44	2900
3	4	B	40000	88923	11.077	8.207	11077	2870	40	0	0	2797	8	25	2834
3	5	G	40000	0	100	100	100000	200000	200000	200000	200000	200000	200000	200000	200002
3	5	A	40000	0	100	100	100000	100000	100000	100000	100000	100000	100000	100000	100001
3	5	B	40000	0	100	100	100000	100000	100000	100000	100000	100000	100000	100000	100001
3	6	G	40000	0	100	100	100000	200000	200000	200000	200000	200000	200000	200000	200002
3	6	A	40000	0	100	100	100000	100000	100000	100000	100000	100000	100000	100000	100001
3	6	B	40000	0	100	100	100000	100000	100000	100000	100000	100000	100000	100000	100001
3	7	G	40000	99999	0.00100136	0	1	1	0	0	0	1	0	0	3
3	7	A	40000	99999	0.00100136	0	1	1	0	0	0	1	0	0	2
3	7	B	40000	100000	0	0	0	0	0	0	0	0	0	0	1
4	0	G	40000	0	100	100	100000	200000	200000	200000	200000	200000	200000	200000	200002
4	0	A	40000	0	100	100	100000	100000	100000	100000	100000	100000	100000	100000	100001
4	0	B	40000	0	100	100	100000	100000	100000	100000	100000	100000	100000	100000	100001
4	1	G	40000	100000	0	0	0	0	0	0	0	0	0	0	2
4	1	A	40000	100000	0	0	0	0	0	0	0	0	0	0	1
4	1	B	40000	100000	0	0	0	0	0	0	0	0	0	0	1
4	2	G	40000	99130	0.870001	0.1425	870	1334	0	0	0	1334	0	0	1336
4	2	A	40000	99184	0.816	0.153	816	663	0	0	0	663	0	0	664
4	2	B	40000	99197	0.803	0.132	803	671	0	0	0	671	0	0	672
4	3	G	40000	27477	72.523	50.753	72523	35276	616	1	0	34082	118	459	34461
4	3	A	40000	31415	68.585	50.996	68585	17589	297	1	0	16959	2	330	17042
4	3	B	40000	31803	68.197	50.51	68197	17687	319	0	0	17123	116	129	17419
4	3	cSpy was 6 spamed and the readout avoided!
4	4	G	40000	0	100	100	100000	200000	200000	200000	200000	200000	200000	200000	200002
4	4	A	40000	0	100	100	100000	100000	100000	100000	100000	100000	100000	100000	100001
4	4	B	40000	0	100	100	100000	100000	100000	100000	100000	100000	100000	100000	100001
4	5	G	40000	100000	0	0	0	0	0	0	0	0	0	0	2
4	5	A	40000	100000	0	0	0	0	0	0	0	0	0	0	1
4	5	B	40000	100000	0	0	0	0	0	0	0	0	0	0	1
4	6	G	40000	99972	0.0280023	0.002	28	52	0	0	0	52	0	0	54
4	6	A	40000	99972	0.0280023	0.002	28	26	0	0	0	26	0	0	27
4	6	B	40000	99972	0.0280023	0.002	28	26	0	0	0	26	0	0	27
4	7	G	40000	61779	38.221	19.7685	38221	28834	28	0	0	28753	5	48	28808
4	7	A	40000	65830	34.17	19.912	34170	14258	14	0	0	14193	5	46	14236
4	7	B	40000	65799	34.201	19.625	34201	14576	14	0	0	14560	0	2	14572
4	7	cSpy was 2 spamed and the readout avoided!
5	0	G	40000	462	99.538	57.313	99538	15345	143	0	0	14254	106	842	14780
5	0	A	40000	592	99.408	98.25	99408	1158	143	0	0	78	96	841	592
5	0	B	40000	69437	30.563	16.376	30563	14187	0	0	0	14176	10	1	14188
5	0	cSpy was 62 spamed and the readout avoided!
5	1	G	40000	88608	11.392	3.91	11392	12493	2	0	0	12474	3	14	12490
5	1	A	40000	89795	10.205	4.017	10205	6188	1	0	0	6170	3	14	6184
5	1	B	40000	89892	10.108	3.803	10108	6305	1	0	0	6304	0	0	6306
5	2	G	40000	0	100	100	100000	200000	200000	200000	200000	200000	200000	200000	200002
5	2	A	40000	0	100	100	100000	100000	100000	100000	100000	100000	100000	100000	100001
5	2	B	40000	0	100	100	100000	100000	100000	100000	100000	100000	100000	100000	100001
5	3	G	40000	92714	7.286	0.498	7286	12655	0	0	0	11874	779	2	12657
5	3	A	40000	92760	7.24	0.498	7240	6742	0	0	0	6013	727	2	6743
5	3	B	40000	93589	6.411	0.498	6411	5913	0	0	0	5861	52	0	5914
5	4	G	40000	100000	0	0	0	0	0	0	0	0	0	0	2
5	4	A	40000	100000	0	0	0	0	0	0	0	0	0	0	1
5	4	B	40000	100000	0	0	0	0	0	0	0	0	0	0	1
5	5	G	40000	99536	0.463998	0.01	464	904	0	0	0	904	0	0	906
5	5	A	40000	99537	0.463003	0.011	463	452	0	0	0	452	0	0	453
5	5	B	40000	99539	0.461	0.009	461	452	0	0	0	452	0	0	453
5	6	G	40000	2556	97.444	92.427	97444	6789	304	2	0	5501	761	221	6431
5	6	A	40000	3010	96.99	94.774	96990	2216	49	0	0	2046	0	121	2067
5	6	B	40000	5347	94.653	90.08	94653	4573	255	2	0	3455	761	100	4364
5	6	cSpy was 52 spamed and the readout avoided!
5	7	G	40000	13566	86.434	46.865	86434	51316	9	0	0	45780	5163	364	51131
5	7	A	40000	25813	74.187	49.831	74187	24356	1	0	0	21187	2809	359	24177
5	7	B	40000	29141	70.859	43.899	70859	26960	8	0	0	24593	2354	5	26954
5	7	cSpy was 6 spamed and the readout avoided!
6	0	G	40000	0	100	100	100000	200000	200000	200000	200000	200000	200000	200000	200002
6	0	A	40000	0	100	100	100000	100000	100000	100000	100000	100000	100000	100000	100001
6	0	B	40000	0	100	100	100000	100000	100000	100000	100000	100000	100000	100000	100001
6	1	G	40000	10002	89.998	73.9105	89998	21179	118	3	0	18573	1724	761	20664
6	1	A	40000	14570	85.43	75.542	85430	9888	3	0	0	8439	789	657	9502
6	1	B	40000	16430	83.57	72.279	83570	11291	115	3	0	10134	935	104	11162
6	1	cSpy was 62 spamed and the readout avoided!
6	2	G	40000	100000	0	0	0	0	0	0	0	0	0	0	2
6	2	A	40000	100000	0	0	0	0	0	0	0	0	0	0	1
6	2	B	40000	100000	0	0	0	0	0	0	0	0	0	0	1
6	3	G	40000	100000	0	0	0	0	0	0	0	0	0	0	2
6	3	A	40000	100000	0	0	0	0	0	0	0	0	0	0	1
6	3	B	40000	100000	0	0	0	0	0	0	0	0	0	0	1
6	4	G	40000	20463	79.537	58.6455	79537	34261	815	0	0	32690	154	602	33172
6	4	A	40000	23931	76.069	58.931	76069	17138	393	0	0	16318	0	427	16411
6	4	B	40000	24517	75.483	58.36	75483	17123	422	0	0	16372	154	175	16761
6	4	cSpy was 8 spamed and the readout avoided!
6	5	G	40000	0	100	100	100000	200000	200000	200000	200000	200000	200000	200000	200002
6	5	A	40000	0	100	100	100000	100000	100000	100000	100000	100000	100000	100000	100001
6	5	B	40000	0	100	100	100000	100000	100000	100000	100000	100000	100000	100000	100001
6	6	G	40000	100000	0	0	0	0	0	0	0	0	0	0	2
6	6	A	40000	100000	0	0	0	0	0	0	0	0	0	0	1
6	6	B	40000	100000	0	0	0	0	0	0	0	0	0	0	1
6	7	G	40000	100000	0	0	0	0	0	0	0	0	0	0	2
6	7	A	40000	100000	0	0	0	0	0	0	0	0	0	0	1
6	7	B	40000	100000	0	0	0	0	0	0	0	0	0	0	1
7	0	G	40000	2001	97.999	50.717	97999	12420	218	1	0	11230	466	505	11960
7	0	A	40000	2334	97.666	94.907	97666	2759	216	1	0	1916	121	505	2300
7	0	B	40000	83812	16.188	6.527	16188	9661	2	0	0	9314	345	0	9660
7	0	cSpy was 3 spamed and the readout avoided!
7	1	G	40000	100000	0	0	0	0	0	0	0	0	0	0	2
7	1	A	40000	100000	0	0	0	0	0	0	0	0	0	0	1
7	1	B	40000	100000	0	0	0	0	0	0	0	0	0	0	1
7	2	G	40000	99903	0.0970006	0.0015	97	190	0	0	0	189	0	1	192
7	2	A	40000	99903	0.0970006	0.002	97	95	0	0	0	94	0	1	96
7	2	B	40000	99904	0.0959992	0.001	96	95	0	0	0	95	0	0	96
7	3	G	40000	0	100	100	100000	200000	200000	200000	200000	200000	200000	200000	200002
7	3	A	40000	0	100	100	100000	100000	100000	100000	100000	100000	100000	100000	100001
7	3	B	40000	0	100	100	100000	100000	100000	100000	100000	100000	100000	100000	100001
7	4	G	40000	37983	62.017	30.2565	62017	43667	21	3	0	39212	4123	308	43507
7	4	A	40000	46539	53.461	31.276	53461	22185	5	0	0	19201	2682	297	22036
7	4	B	40000	49281	50.719	29.237	50719	21482	16	3	0	20011	1441	11	21471
7	4	cSpy was 8 spamed and the readout avoided!
7	5	G	40000	100000	0	0	0	0	0	0	0	0	0	0	2
7	5	A	40000	100000	0	0	0	0	0	0	0	0	0	0	1
7	5	B	40000	100000	0	0	0	0	0	0	0	0	0	0	1
7	6	G	40000	97774	2.226	0.439	2226	2585	1	1	0	2562	14	7	2586
7	6	A	40000	98209	1.791	0.498	1791	1293	1	1	0	1273	11	7	1293
7	6	B	40000	98328	1.672	0.38	1672	1292	0	0	0	1289	3	0	1293
7	7	G	40000	63091	36.909	13.584	36909	32914	38	61	0	32198	454	163	32817
7	7	A	40000	69091	30.909	14.216	30909	16693	37	61	0	16258	175	162	16597
7	7	B	40000	70827	29.173	12.952	29173	16221	1	0	0	15940	279	1	16220
7	7	cSpy was 7 spamed and the readout avoided!
