#the gain was set to: 2	the bias was set to: 30
#Sent triggers per delay setting: 100000	and with a frequency [Hz] of: 40000
#160MHz delay setting	400MHz delay setting	Frequency	correct transmitted H+T		error rate [%]	uncertainty [%]	bad or missed events	error count	missing headers	missing trailers	flipped H/T	event nr errors	tbm missed trigger	unknown errors	event nr resets
0	0	G	40000	383	99.617	72.5525	99617	19009	95	0	0	17970	280	664	18462
0	0	A	40000	605	99.395	98.252	99395	1143	78	0	0	167	242	656	605
0	0	B	40000	35281	64.719	46.853	64719	17866	17	0	0	17803	38	8	17857
0	0	cSpy was 25 spamed and the readout avoided!
0	1	G	40000	40324	59.676	37.5735	59676	29209	38	0	0	28694	121	356	29123
0	1	A	40000	49720	50.28	36.966	50280	13314	23	0	0	12904	53	334	13240
0	1	B	40000	45924	54.076	38.181	54076	15895	15	0	0	15790	68	22	15883
0	2	G	40000	2891	97.109	85.6295	97109	14359	260	10	0	11361	2295	433	13958
0	2	A	40000	5814	94.186	88.331	94186	5855	110	0	0	4265	1101	379	5565
0	2	B	40000	8568	91.432	82.928	91432	8504	150	10	0	7096	1194	54	8393
0	2	cSpy was 27 spamed and the readout avoided!
0	3	G	40000	100000	0	0	0	0	0	0	0	0	0	0	2
0	3	A	40000	100000	0	0	0	0	0	0	0	0	0	0	1
0	3	B	40000	100000	0	0	0	0	0	0	0	0	0	0	1
0	4	G	40000	100000	0	0	0	0	0	0	0	0	0	0	2
0	4	A	40000	100000	0	0	0	0	0	0	0	0	0	0	1
0	4	B	40000	100000	0	0	0	0	0	0	0	0	0	0	1
0	5	G	40000	62547	37.453	18.0635	37453	28296	8	0	0	28074	45	169	28266
0	5	A	40000	69029	30.971	17.704	30971	13267	5	0	0	13077	21	164	13238
0	5	B	40000	66548	33.452	18.423	33452	15029	3	0	0	14997	24	5	15028
0	6	G	40000	1481	98.519	92.6925	98519	7432	493	14	0	5298	1286	341	6921
0	6	A	40000	4454	95.546	91.075	95546	4471	139	1	0	3175	971	185	4253
0	6	B	40000	2729	97.271	94.31	97271	2961	354	13	0	2123	315	156	2668
0	6	cSpy was 66 spamed and the readout avoided!
0	7	G	40000	93114	6.886	1.187	6886	7587	0	0	0	7225	362	0	7589
0	7	A	40000	95438	4.562	0.761	4562	3801	0	0	0	3639	162	0	3802
0	7	B	40000	94601	5.399	1.613	5399	3786	0	0	0	3586	200	0	3787
1	0	G	40000	231	99.769	98.2485	99769	1967	139	1	0	1088	223	516	1535
1	0	A	40000	782	99.218	98.054	99218	1164	110	0	0	449	141	464	781
1	0	B	40000	754	99.246	98.443	99246	803	29	1	0	639	82	52	754
1	0	cSpy was 16 spamed and the readout avoided!
1	1	G	40000	91207	8.793	1.4155	8793	9249	0	0	0	8619	625	5	9251
1	1	A	40000	94658	5.342	0.755	5342	4587	0	0	0	4296	286	5	4588
1	1	B	40000	93262	6.738	2.076	6738	4662	0	0	0	4323	339	0	4663
1	2	G	40000	100000	0	0	0	0	0	0	0	0	0	0	2
1	2	A	40000	100000	0	0	0	0	0	0	0	0	0	0	1
1	2	B	40000	100000	0	0	0	0	0	0	0	0	0	0	1
1	3	G	40000	99524	0.476003	0.025	476	886	0	0	0	885	1	0	888
1	3	A	40000	99537	0.463003	0.024	463	439	0	0	0	438	1	0	440
1	3	B	40000	99527	0.472999	0.026	473	447	0	0	0	447	0	0	448
1	4	G	40000	340	99.66	97.5705	99660	2659	197	0	0	1091	933	438	2198
1	4	A	40000	1148	98.852	97.55	98852	1302	43	0	0	453	643	163	1146
1	4	B	40000	1052	98.948	97.591	98948	1357	154	0	0	638	290	275	1052
1	4	cSpy was 38 spamed and the readout avoided!
1	5	G	40000	27213	72.787	22.604	72787	53170	21	0	0	44660	8437	52	53136
1	5	A	40000	60404	39.596	8.014	39596	31582	0	0	0	25932	5604	46	31570
1	5	B	40000	41218	58.782	37.194	58782	21588	21	0	0	18728	2833	6	21566
1	6	G	40000	100000	0	0	0	0	0	0	0	0	0	0	2
1	6	A	40000	100000	0	0	0	0	0	0	0	0	0	0	1
1	6	B	40000	100000	0	0	0	0	0	0	0	0	0	0	1
1	7	G	40000	97702	2.298	0.8115	2298	2189	0	0	0	2167	14	8	2191
1	7	A	40000	98206	1.794	0.766	1794	1028	0	0	0	1010	11	7	1029
1	7	B	40000	97982	2.018	0.857	2018	1161	0	0	0	1157	3	1	1162
2	0	G	40000	2339	97.661	48.3355	97661	3956	41	1	0	3756	94	64	3881
2	0	A	40000	2377	97.623	95.204	97623	2419	41	1	0	2219	94	64	2343
2	0	B	40000	96996	3.004	1.467	3004	1537	0	0	0	1537	0	0	1538
2	0	cSpy was 1 spamed and the readout avoided!
2	1	G	40000	100000	0	0	0	0	0	0	0	0	0	0	2
2	1	A	40000	100000	0	0	0	0	0	0	0	0	0	0	1
2	1	B	40000	100000	0	0	0	0	0	0	0	0	0	0	1
2	2	G	40000	31830	68.17	45.416	68170	27305	522	5	0	24809	1371	598	26803
2	2	A	40000	44282	55.718	43.014	55718	12704	268	2	0	10670	1347	417	12412
2	2	B	40000	37581	62.419	47.818	62419	14601	254	3	0	14139	24	181	14391
2	3	G	40000	5577	94.423	73.121	94423	26077	68	1	0	22158	3737	113	25970
2	3	A	40000	17573	82.427	65.953	82427	16474	10	0	0	13676	2695	93	16416
2	3	B	40000	10108	89.892	80.289	89892	9603	58	1	0	8482	1042	20	9554
2	3	cSpy was 14 spamed and the readout avoided!
2	4	G	40000	100000	0	0	0	0	0	0	0	0	0	0	2
2	4	A	40000	100000	0	0	0	0	0	0	0	0	0	0	1
2	4	B	40000	100000	0	0	0	0	0	0	0	0	0	0	1
2	5	G	40000	100000	0	0	0	0	0	0	0	0	0	0	2
2	5	A	40000	100000	0	0	0	0	0	0	0	0	0	0	1
2	5	B	40000	100000	0	0	0	0	0	0	0	0	0	0	1
2	6	G	40000	42587	57.413	29.5185	57413	33093	25	0	0	31615	1223	230	33048
2	6	A	40000	56864	43.136	27.207	43136	15929	17	0	0	14622	1065	225	15890
2	6	B	40000	51006	48.994	31.83	48994	17164	8	0	0	16993	158	5	17158
2	7	G	40000	0	100	100	100000	200000	200000	200000	200000	200000	200000	200000	200002
2	7	A	40000	0	100	100	100000	100000	100000	100000	100000	100000	100000	100000	100001
2	7	B	40000	0	100	100	100000	100000	100000	100000	100000	100000	100000	100000	100001
3	0	G	40000	1013	98.987	69.283	98987	19803	231	0	0	18572	376	624	19265
3	0	A	40000	1517	98.483	96.466	98483	2017	193	0	0	1180	37	607	1503
3	0	B	40000	40114	59.886	42.1	59886	17786	38	0	0	17392	339	17	17762
3	0	cSpy was 6 spamed and the readout avoided!
3	1	G	40000	0	100	100	100000	200000	200000	200000	200000	200000	200000	200000	200002
3	1	A	40000	0	100	100	100000	100000	100000	100000	100000	100000	100000	100000	100001
3	1	B	40000	0	100	100	100000	100000	100000	100000	100000	100000	100000	100000	100001
3	2	G	40000	96507	3.493	0.15	3493	6633	0	0	0	6617	16	0	6635
3	2	A	40000	96508	3.492	0.15	3492	3342	0	0	0	3326	16	0	3343
3	2	B	40000	96559	3.441	0.15	3441	3291	0	0	0	3291	0	0	3292
3	3	G	40000	100000	0	0	0	0	0	0	0	0	0	0	2
3	3	A	40000	100000	0	0	0	0	0	0	0	0	0	0	1
3	3	B	40000	100000	0	0	0	0	0	0	0	0	0	0	1
3	4	G	40000	88347	11.653	7.803	11653	5949	105	0	0	5753	13	78	5814
3	4	A	40000	89179	10.821	7.797	10821	3024	51	0	0	2916	1	56	2930
3	4	B	40000	89266	10.734	7.809	10734	2925	54	0	0	2837	12	22	2884
3	5	G	40000	0	100	100	100000	200000	200000	200000	200000	200000	200000	200000	200002
3	5	A	40000	0	100	100	100000	100000	100000	100000	100000	100000	100000	100000	100001
3	5	B	40000	0	100	100	100000	100000	100000	100000	100000	100000	100000	100000	100001
3	6	G	40000	27888	72.112	38.0825	72112	44809	157	16	1	40423	3879	333	44543
3	6	A	40000	39421	60.579	38.187	60579	22392	86	5	1	19325	2687	288	22191
3	6	B	40000	39605	60.395	37.978	60395	22417	71	11	0	21098	1192	45	22352
3	6	cSpy was 29 spamed and the readout avoided!
3	7	G	40000	100000	0	0	0	0	0	0	0	0	0	0	2
3	7	A	40000	100000	0	0	0	0	0	0	0	0	0	0	1
3	7	B	40000	100000	0	0	0	0	0	0	0	0	0	0	1
4	0	G	40000	1503	98.497	78.7805	98497	20272	306	4	0	17701	1936	325	19836
4	0	A	40000	2849	97.151	93.964	97151	3187	180	2	0	1775	947	283	2846
4	0	B	40000	19318	80.682	63.597	80682	17085	126	2	0	15926	989	42	16990
4	0	cSpy was 17 spamed and the readout avoided!
4	1	G	40000	100000	0	0	0	0	0	0	0	0	0	0	2
4	1	A	40000	100000	0	0	0	0	0	0	0	0	0	0	1
4	1	B	40000	100000	0	0	0	0	0	0	0	0	0	0	1
4	2	G	40000	99223	0.777	0.1545	777	1124	0	0	0	1124	0	0	1126
4	2	A	40000	99278	0.721997	0.165	722	557	0	0	0	557	0	0	558
4	2	B	40000	99289	0.711	0.144	711	567	0	0	0	567	0	0	568
4	3	G	40000	20546	79.454	58.4265	79454	34450	781	0	0	32944	145	580	33409
4	3	A	40000	24070	75.93	58.69	75930	17240	376	0	0	16454	0	410	16543
4	3	B	40000	24627	75.373	58.163	75373	17210	405	0	0	16490	145	170	16866
4	3	cSpy was 8 spamed and the readout avoided!
4	4	G	40000	0	100	100	100000	200000	200000	200000	200000	200000	200000	200000	200002
4	4	A	40000	0	100	100	100000	100000	100000	100000	100000	100000	100000	100000	100001
4	4	B	40000	0	100	100	100000	100000	100000	100000	100000	100000	100000	100000	100001
4	5	G	40000	100000	0	0	0	0	0	0	0	0	0	0	2
4	5	A	40000	100000	0	0	0	0	0	0	0	0	0	0	1
4	5	B	40000	100000	0	0	0	0	0	0	0	0	0	0	1
4	6	G	40000	99993	0.00699759	0	7	14	0	0	0	14	0	0	16
4	6	A	40000	99993	0.00699759	0	7	7	0	0	0	7	0	0	8
4	6	B	40000	99993	0.00699759	0	7	7	0	0	0	7	0	0	8
4	7	G	40000	62081	37.919	20.597	37919	27345	38	0	0	27236	11	60	27306
4	7	A	40000	65741	34.259	20.729	34259	13530	19	0	0	13447	10	54	13496
4	7	B	40000	65720	34.28	20.465	34280	13815	19	0	0	13789	1	6	13810
4	7	cSpy was 1 spamed and the readout avoided!
5	0	G	40000	491	99.509	56.756	99509	14697	143	0	0	13599	107	848	14137
5	0	A	40000	602	99.398	98.235	99398	1163	143	0	0	73	100	847	602
5	0	B	40000	71189	28.811	15.277	28811	13534	0	0	0	13526	7	1	13535
5	0	cSpy was 52 spamed and the readout avoided!
5	1	G	40000	86776	13.224	4.8125	13224	13913	0	0	0	13901	2	10	13914
5	1	A	40000	88191	11.809	4.932	11809	6877	0	0	0	6865	2	10	6877
5	1	B	40000	88271	11.729	4.693	11729	7036	0	0	0	7036	0	0	7037
5	2	G	40000	0	100	100	100000	200000	200000	200000	200000	200000	200000	200000	200002
5	2	A	40000	0	100	100	100000	100000	100000	100000	100000	100000	100000	100000	100001
5	2	B	40000	0	100	100	100000	100000	100000	100000	100000	100000	100000	100000	100001
5	3	G	40000	93473	6.527	0.342	6527	11646	0	0	0	11030	613	3	11648
5	3	A	40000	93514	6.486	0.342	6486	6144	0	0	0	5567	574	3	6145
5	3	B	40000	94156	5.844	0.342	5844	5502	0	0	0	5463	39	0	5503
5	4	G	40000	100000	0	0	0	0	0	0	0	0	0	0	2
5	4	A	40000	100000	0	0	0	0	0	0	0	0	0	0	1
5	4	B	40000	100000	0	0	0	0	0	0	0	0	0	0	1
5	5	G	40000	99527	0.472999	0.0185	473	898	0	0	0	898	0	0	900
5	5	A	40000	99529	0.471002	0.022	471	449	0	0	0	449	0	0	450
5	5	B	40000	99536	0.463998	0.015	464	449	0	0	0	449	0	0	450
5	6	G	40000	2534	97.466	92.6075	97466	6592	281	3	0	5471	637	200	6279
5	6	A	40000	2996	97.004	94.821	97004	2183	47	0	0	2033	1	102	2059
5	6	B	40000	5197	94.803	90.394	94803	4409	234	3	0	3438	636	98	4220
5	6	cSpy was 42 spamed and the readout avoided!
5	7	G	40000	17076	82.924	37.304	82924	58803	4	0	0	52141	6376	282	58671
5	7	A	40000	31547	68.453	40.483	68453	27970	0	0	0	24087	3604	279	27840
5	7	B	40000	35042	64.958	34.125	64958	30833	4	0	0	28054	2772	3	30831
5	7	cSpy was 4 spamed and the readout avoided!
6	0	G	40000	0	100	100	100000	200000	200000	200000	200000	200000	200000	200000	200002
6	0	A	40000	0	100	100	100000	100000	100000	100000	100000	100000	100000	100000	100001
6	0	B	40000	0	100	100	100000	100000	100000	100000	100000	100000	100000	100000	100001
6	1	G	40000	8459	91.541	66.1755	91541	32949	30	0	0	29375	2982	562	32599
6	1	A	40000	16254	83.746	68.052	83746	15694	10	0	0	13661	1489	534	15372
6	1	B	40000	18446	81.554	64.299	81554	17255	20	0	0	15714	1493	28	17227
6	1	cSpy was 30 spamed and the readout avoided!
6	2	G	40000	99965	0.0349998	0	35	70	0	0	0	70	0	0	72
6	2	A	40000	99965	0.0349998	0	35	35	0	0	0	35	0	0	36
6	2	B	40000	99965	0.0349998	0	35	35	0	0	0	35	0	0	36
6	3	G	40000	100000	0	0	0	0	0	0	0	0	0	0	2
6	3	A	40000	100000	0	0	0	0	0	0	0	0	0	0	1
6	3	B	40000	100000	0	0	0	0	0	0	0	0	0	0	1
6	4	G	40000	35110	64.89	46.7805	64890	29804	524	0	0	28782	79	419	29074
6	4	A	40000	38129	61.871	46.983	61871	14888	251	0	0	14345	1	291	14419
6	4	B	40000	38506	61.494	46.578	61494	14916	273	0	0	14437	78	128	14655
6	4	cSpy was 6 spamed and the readout avoided!
6	5	G	40000	0	100	100	100000	200000	200000	200000	200000	200000	200000	200000	200002
6	5	A	40000	0	100	100	100000	100000	100000	100000	100000	100000	100000	100000	100001
6	5	B	40000	0	100	100	100000	100000	100000	100000	100000	100000	100000	100000	100001
6	6	G	40000	100000	0	0	0	0	0	0	0	0	0	0	2
6	6	A	40000	100000	0	0	0	0	0	0	0	0	0	0	1
6	6	B	40000	100000	0	0	0	0	0	0	0	0	0	0	1
6	7	G	40000	100000	0	0	0	0	0	0	0	0	0	0	2
6	7	A	40000	100000	0	0	0	0	0	0	0	0	0	0	1
6	7	B	40000	100000	0	0	0	0	0	0	0	0	0	0	1
7	0	G	40000	1763	98.237	57.6925	98237	8993	247	0	0	7858	337	551	8484
7	0	A	40000	2120	97.88	95.299	97880	2581	217	0	0	1766	65	533	2096
7	0	B	40000	73502	26.498	20.086	26498	6412	30	0	0	6092	272	18	6388
7	0	cSpy was 18 spamed and the readout avoided!
7	1	G	40000	100000	0	0	0	0	0	0	0	0	0	0	2
7	1	A	40000	100000	0	0	0	0	0	0	0	0	0	0	1
7	1	B	40000	100000	0	0	0	0	0	0	0	0	0	0	1
7	2	G	40000	98399	1.601	0.113	1601	2786	0	0	0	2775	11	0	2788
7	2	A	40000	98474	1.526	0.132	1526	1394	0	0	0	1384	10	0	1395
7	2	B	40000	98514	1.486	0.094	1486	1392	0	0	0	1391	1	0	1393
7	3	G	40000	0	100	100	100000	200000	200000	200000	200000	200000	200000	200000	200002
7	3	A	40000	0	100	100	100000	100000	100000	100000	100000	100000	100000	100000	100001
7	3	B	40000	0	100	100	100000	100000	100000	100000	100000	100000	100000	100000	100001
7	4	G	40000	39716	60.284	28.851	60284	43433	18	3	0	39153	3986	273	43303
7	4	A	40000	47991	52.009	29.84	52009	22169	5	2	0	19250	2643	269	22048
7	4	B	40000	50874	49.126	27.862	49126	21264	13	1	0	19903	1343	4	21255
7	4	cSpy was 4 spamed and the readout avoided!
7	5	G	40000	100000	0	0	0	0	0	0	0	0	0	0	2
7	5	A	40000	100000	0	0	0	0	0	0	0	0	0	0	1
7	5	B	40000	100000	0	0	0	0	0	0	0	0	0	0	1
7	6	G	40000	99986	0.0140011	0	14	28	0	0	0	28	0	0	30
7	6	A	40000	99986	0.0140011	0	14	14	0	0	0	14	0	0	15
7	6	B	40000	99986	0.0140011	0	14	14	0	0	0	14	0	0	15
7	7	G	40000	61844	38.156	14.176	38156	34400	45	46	0	33618	517	174	34294
7	7	A	40000	67774	32.226	14.749	32226	17477	45	46	0	17000	212	174	17370
7	7	B	40000	69474	30.526	13.603	30526	16923	0	0	0	16618	305	0	16924
7	7	cSpy was 6 spamed and the readout avoided!
