#the gain was set to: 2	the bias was set to: 30
#Sent triggers per delay setting: 100000	and with a frequency [Hz] of: 40000
#160MHz delay setting	400MHz delay setting	Frequency	correct transmitted H+T		error rate [%]	uncertainty [%]	bad or missed events	error count	missing headers	missing trailers	flipped H/T	event nr errors	tbm missed trigger	unknown errors	event nr resets
0	0	G	40000	414	99.586	72.1875	99586	19050	92	0	0	18049	308	601	18547
0	0	A	40000	623	99.377	98.257	99377	1120	78	0	0	174	270	598	623
0	0	B	40000	35952	64.048	46.118	64048	17930	14	0	0	17875	38	3	17924
0	0	cSpy was 26 spamed and the readout avoided!
0	1	G	40000	32813	67.187	47.4335	67187	26463	84	0	0	25717	236	426	26391
0	1	A	40000	41603	58.397	46.882	58397	11515	49	0	0	11058	13	395	11452
0	1	B	40000	37067	62.933	47.985	62933	14948	35	0	0	14659	223	31	14939
0	2	G	40000	4736	95.264	78.9435	95264	20766	43	1	0	17950	2425	347	20552
0	2	A	40000	9673	90.327	80.875	90327	9452	26	0	0	7654	1434	338	9251
0	2	B	40000	11674	88.326	77.012	88326	11314	17	1	0	10296	991	9	11301
0	2	cSpy was 1 spamed and the readout avoided!
0	3	G	40000	100000	0	0	0	0	0	0	0	0	0	0	2
0	3	A	40000	100000	0	0	0	0	0	0	0	0	0	0	1
0	3	B	40000	100000	0	0	0	0	0	0	0	0	0	0	1
0	4	G	40000	100000	0	0	0	0	0	0	0	0	0	0	2
0	4	A	40000	100000	0	0	0	0	0	0	0	0	0	0	1
0	4	B	40000	100000	0	0	0	0	0	0	0	0	0	0	1
0	5	G	40000	60327	39.673	24.0685	39673	22059	13	0	0	21756	97	193	22033
0	5	A	40000	66316	33.684	23.747	33684	9937	10	0	0	9704	34	189	9911
0	5	B	40000	63488	36.512	24.39	36512	12122	3	0	0	12052	63	4	12122
0	6	G	40000	0	100	100	100000	200000	200000	200000	200000	200000	200000	200000	200002
0	6	A	40000	0	100	100	100000	100000	100000	100000	100000	100000	100000	100000	100001
0	6	B	40000	0	100	100	100000	100000	100000	100000	100000	100000	100000	100000	100001
0	7	G	40000	98284	1.716	0.1005	1716	3088	0	0	0	3069	18	1	3090
0	7	A	40000	98375	1.625	0.08	1625	1545	0	0	0	1535	9	1	1546
0	7	B	40000	98336	1.664	0.121	1664	1543	0	0	0	1534	9	0	1544
1	0	G	40000	304	99.696	97.648	99696	2551	202	1	0	1717	184	447	2132
1	0	A	40000	1472	98.528	96.724	98528	1804	172	1	0	1128	128	375	1453
1	0	B	40000	681	99.319	98.572	99319	747	30	0	0	589	56	72	679
1	0	cSpy was 24 spamed and the readout avoided!
1	1	G	40000	97669	2.331	0.407	2331	3606	0	0	0	3583	23	0	3608
1	1	A	40000	97822	2.178	0.377	2178	1801	0	0	0	1795	6	0	1802
1	1	B	40000	97758	2.242	0.437	2242	1805	0	0	0	1788	17	0	1806
1	2	G	40000	100000	0	0	0	0	0	0	0	0	0	0	2
1	2	A	40000	100000	0	0	0	0	0	0	0	0	0	0	1
1	2	B	40000	100000	0	0	0	0	0	0	0	0	0	0	1
1	3	G	40000	97227	2.773	0.4535	2773	4126	0	0	0	4117	7	2	4127
1	3	A	40000	97585	2.415	0.395	2415	2020	0	0	0	2017	1	2	2020
1	3	B	40000	97382	2.618	0.512	2618	2106	0	0	0	2100	6	0	2107
1	4	G	40000	459	99.541	96.9215	99541	3225	216	1	0	1410	1337	261	2913
1	4	A	40000	1623	98.377	96.636	98377	1741	57	0	0	561	999	124	1609
1	4	B	40000	1309	98.691	97.207	98691	1484	159	1	0	849	338	137	1304
1	4	cSpy was 9 spamed and the readout avoided!
1	5	G	40000	34609	65.391	26.8545	65391	41388	27	0	0	35609	5718	34	41363
1	5	A	40000	59020	40.98	16.763	40980	24217	0	0	0	20312	3887	18	24211
1	5	B	40000	45883	54.117	36.946	54117	17171	27	0	0	15297	1831	16	17152
1	6	G	40000	100000	0	0	0	0	0	0	0	0	0	0	2
1	6	A	40000	100000	0	0	0	0	0	0	0	0	0	0	1
1	6	B	40000	100000	0	0	0	0	0	0	0	0	0	0	1
1	7	G	40000	99995	0.00500083	0	5	10	0	0	0	10	0	0	12
1	7	A	40000	99995	0.00500083	0	5	5	0	0	0	5	0	0	6
1	7	B	40000	99995	0.00500083	0	5	5	0	0	0	5	0	0	6
2	0	G	40000	2271	97.729	48.4425	97729	4005	42	0	0	3769	111	83	3917
2	0	A	40000	2321	97.679	95.31	97679	2369	42	0	0	2133	111	83	2280
2	0	B	40000	96789	3.211	1.575	3211	1636	0	0	0	1636	0	0	1637
2	1	G	40000	100000	0	0	0	0	0	0	0	0	0	0	2
2	1	A	40000	100000	0	0	0	0	0	0	0	0	0	0	1
2	1	B	40000	100000	0	0	0	0	0	0	0	0	0	0	1
2	2	G	40000	25432	74.568	51.141	74568	28235	731	9	0	25280	1477	738	27509
2	2	A	40000	38310	61.69	48.653	61690	13037	371	4	0	10731	1452	479	12641
2	2	B	40000	31173	68.827	53.629	68827	15198	360	5	0	14549	25	259	14868
2	3	G	40000	6024	93.976	69.467	93976	29656	56	4	0	25157	4285	154	29548
2	3	A	40000	20018	79.982	61.138	79982	18844	7	0	0	15649	3056	132	18774
2	3	B	40000	11392	88.608	77.796	88608	10812	49	4	0	9508	1229	22	10774
2	3	cSpy was 9 spamed and the readout avoided!
2	4	G	40000	100000	0	0	0	0	0	0	0	0	0	0	2
2	4	A	40000	100000	0	0	0	0	0	0	0	0	0	0	1
2	4	B	40000	100000	0	0	0	0	0	0	0	0	0	0	1
2	5	G	40000	99997	0.00299811	0	3	6	0	0	0	6	0	0	8
2	5	A	40000	99997	0.00299811	0	3	3	0	0	0	3	0	0	4
2	5	B	40000	99997	0.00299811	0	3	3	0	0	0	3	0	0	4
2	6	G	40000	30917	69.083	41.6685	69083	31893	45	0	0	29970	1527	351	31830
2	6	A	40000	46036	53.964	38.841	53964	15123	26	0	0	13326	1429	342	15069
2	6	B	40000	38734	61.266	44.496	61266	16770	19	0	0	16644	98	9	16761
2	7	G	40000	0	100	100	100000	200000	200000	200000	200000	200000	200000	200000	200002
2	7	A	40000	0	100	100	100000	100000	100000	100000	100000	100000	100000	100000	100001
2	7	B	40000	0	100	100	100000	100000	100000	100000	100000	100000	100000	100000	100001
3	0	G	40000	1197	98.803	67.4935	98803	16022	283	2	0	14793	286	658	15431
3	0	A	40000	1662	98.338	96.131	98338	2207	235	0	0	1316	21	635	1647
3	0	B	40000	47329	52.671	38.856	52671	13815	48	2	0	13477	265	23	13784
3	0	cSpy was 15 spamed and the readout avoided!
3	1	G	40000	0	100	100	100000	200000	200000	200000	200000	200000	200000	200000	200002
3	1	A	40000	0	100	100	100000	100000	100000	100000	100000	100000	100000	100000	100001
3	1	B	40000	0	100	100	100000	100000	100000	100000	100000	100000	100000	100000	100001
3	2	G	40000	77209	22.791	5.841	22791	22246	3	2	0	20078	2145	18	22239
3	2	A	40000	83149	16.851	5.793	16851	11058	2	0	0	9524	1516	16	11051
3	2	B	40000	82923	17.077	5.889	17077	11188	1	2	0	10554	629	2	11188
3	2	cSpy was 2 spamed and the readout avoided!
3	3	G	40000	100000	0	0	0	0	0	0	0	0	0	0	2
3	3	A	40000	100000	0	0	0	0	0	0	0	0	0	0	1
3	3	B	40000	100000	0	0	0	0	0	0	0	0	0	0	1
3	4	G	40000	93307	6.693	1.4595	6693	9521	0	0	0	9510	10	1	9523
3	4	A	40000	93829	6.171	1.385	6171	4786	0	0	0	4776	9	1	4787
3	4	B	40000	93731	6.269	1.534	6269	4735	0	0	0	4734	1	0	4736
3	5	G	40000	0	100	100	100000	200000	200000	200000	200000	200000	200000	200000	200002
3	5	A	40000	0	100	100	100000	100000	100000	100000	100000	100000	100000	100000	100001
3	5	B	40000	0	100	100	100000	100000	100000	100000	100000	100000	100000	100000	100001
3	6	G	40000	49481	50.519	31.331	50519	28159	76	3	0	25673	2274	133	28028
3	6	A	40000	53903	46.097	31.814	46097	14283	2	0	0	12546	1673	62	14243
3	6	B	40000	55276	44.724	30.848	44724	13876	74	3	0	13127	601	71	13785
3	6	cSpy was 73 spamed and the readout avoided!
3	7	G	40000	100000	0	0	0	0	0	0	0	0	0	0	2
3	7	A	40000	100000	0	0	0	0	0	0	0	0	0	0	1
3	7	B	40000	100000	0	0	0	0	0	0	0	0	0	0	1
4	0	G	40000	730	99.27	72.728	99270	19998	196	1	0	16409	2966	426	19586
4	0	A	40000	1292	98.708	97.074	98708	1634	107	0	0	789	338	400	1285
4	0	B	40000	33254	66.746	48.382	66746	18364	89	1	0	15620	2628	26	18301
4	0	cSpy was 76 spamed and the readout avoided!
4	1	G	40000	100000	0	0	0	0	0	0	0	0	0	0	2
4	1	A	40000	100000	0	0	0	0	0	0	0	0	0	0	1
4	1	B	40000	100000	0	0	0	0	0	0	0	0	0	0	1
4	2	G	40000	99469	0.531	0.2085	531	464	0	0	0	464	0	0	466
4	2	A	40000	99558	0.441998	0.215	442	227	0	0	0	227	0	0	228
4	2	B	40000	99561	0.439	0.202	439	237	0	0	0	237	0	0	238
4	3	G	40000	20354	79.646	58.67	79646	34276	812	0	0	32698	159	607	33178
4	3	A	40000	23901	76.099	58.944	76099	17155	392	0	0	16336	0	427	16430
4	3	B	40000	24483	75.517	58.396	75517	17121	420	0	0	16362	159	180	16748
4	3	cSpy was 8 spamed and the readout avoided!
4	4	G	40000	6798	93.202	75.5585	93202	22922	206	14	0	20148	2021	534	22487
4	4	A	40000	12572	87.428	76.384	87428	11044	68	6	0	9510	1060	400	10771
4	4	B	40000	13389	86.611	74.733	86611	11878	138	8	0	10638	961	134	11716
4	4	cSpy was 69 spamed and the readout avoided!
4	5	G	40000	100000	0	0	0	0	0	0	0	0	0	0	2
4	5	A	40000	100000	0	0	0	0	0	0	0	0	0	0	1
4	5	B	40000	100000	0	0	0	0	0	0	0	0	0	0	1
4	6	G	40000	100000	0	0	0	0	0	0	0	0	0	0	2
4	6	A	40000	100000	0	0	0	0	0	0	0	0	0	0	1
4	6	B	40000	100000	0	0	0	0	0	0	0	0	0	0	1
4	7	G	40000	39209	60.791	35.009	60791	39013	80	0	0	38799	8	126	38923
4	7	A	40000	45520	54.48	35.163	54480	19317	40	0	0	19152	7	118	19243
4	7	B	40000	45449	54.551	34.855	54551	19696	40	0	0	19647	1	8	19680
4	7	cSpy was 6 spamed and the readout avoided!
5	0	G	40000	492	99.508	56.536	99508	14355	139	2	0	13249	111	854	13792
5	0	A	40000	613	99.387	98.211	99387	1176	138	0	0	89	96	853	612
5	0	B	40000	71960	28.04	14.861	28040	13179	1	2	0	13160	15	1	13180
5	0	cSpy was 68 spamed and the readout avoided!
5	1	G	40000	79435	20.565	6.807	20565	22172	1	1	0	22152	1	17	22173
5	1	A	40000	82011	17.989	7.041	17989	10948	1	1	0	10928	1	17	10948
5	1	B	40000	82203	17.797	6.573	17797	11224	0	0	0	11224	0	0	11225
5	1	cSpy was 2 spamed and the readout avoided!
5	2	G	40000	24	99.976	98.6715	99976	1597	58	0	0	555	394	590	1057
5	2	A	40000	58	99.942	99.458	99942	484	1	0	0	6	3	474	58
5	2	B	40000	1002	98.998	97.885	98998	1113	57	0	0	549	391	116	999
5	2	cSpy was 24 spamed and the readout avoided!
5	3	G	40000	97182	2.818	0.011	2818	5585	0	0	0	5560	25	0	5587
5	3	A	40000	97184	2.816	0.011	2816	2805	0	0	0	2782	23	0	2806
5	3	B	40000	97209	2.791	0.011	2791	2780	0	0	0	2778	2	0	2781
5	4	G	40000	100000	0	0	0	0	0	0	0	0	0	0	2
5	4	A	40000	100000	0	0	0	0	0	0	0	0	0	0	1
5	4	B	40000	100000	0	0	0	0	0	0	0	0	0	0	1
5	5	G	40000	93186	6.814	3.2905	6814	5554	6	1	0	5538	0	9	5550
5	5	A	40000	93923	6.077	3.335	6077	2742	3	1	0	2732	0	6	2738
5	5	B	40000	93942	6.058	3.246	6058	2812	3	0	0	2806	0	3	2812
5	6	G	40000	0	100	100	100000	200000	200000	200000	200000	200000	200000	200000	200002
5	6	A	40000	0	100	100	100000	100000	100000	100000	100000	100000	100000	100000	100001
5	6	B	40000	0	100	100	100000	100000	100000	100000	100000	100000	100000	100000	100001
5	7	G	40000	21991	78.009	29.768	78009	61571	1	7	0	54124	7286	153	61500
5	7	A	40000	38113	61.887	32.263	61887	29624	1	7	0	25320	4144	152	29554
5	7	B	40000	40780	59.22	27.273	59220	31947	0	0	0	28804	3142	1	31946
5	7	cSpy was 8 spamed and the readout avoided!
6	0	G	40000	569	99.431	96.1885	99431	4073	302	3	0	2007	1159	602	3531
6	0	A	40000	1266	98.734	97.015	98734	1719	177	2	0	188	804	548	1266
6	0	B	40000	2284	97.716	95.362	97716	2354	125	1	0	1819	355	54	2265
6	0	cSpy was 47 spamed and the readout avoided!
6	1	G	40000	11454	88.546	54.3115	88546	44298	14	0	0	39538	4382	364	44105
6	1	A	40000	22181	77.819	56.702	77819	21117	0	0	0	18452	2306	359	20935
6	1	B	40000	24898	75.102	51.921	75102	23181	14	0	0	21086	2076	5	23170
6	1	cSpy was 6 spamed and the readout avoided!
6	2	G	40000	100000	0	0	0	0	0	0	0	0	0	0	2
6	2	A	40000	100000	0	0	0	0	0	0	0	0	0	0	1
6	2	B	40000	100000	0	0	0	0	0	0	0	0	0	0	1
6	3	G	40000	100000	0	0	0	0	0	0	0	0	0	0	2
6	3	A	40000	100000	0	0	0	0	0	0	0	0	0	0	1
6	3	B	40000	100000	0	0	0	0	0	0	0	0	0	0	1
6	4	G	40000	20450	79.55	58.6935	79550	34218	813	0	0	32652	158	595	33138
6	4	A	40000	23905	76.095	58.977	76095	17118	391	0	0	16304	0	423	16397
6	4	B	40000	24490	75.51	58.41	75510	17100	422	0	0	16348	158	172	16741
6	4	cSpy was 7 spamed and the readout avoided!
6	5	G	40000	1486	98.514	92.108	98514	8110	274	12	0	6621	365	840	7495
6	5	A	40000	3531	96.469	92.651	96469	3818	35	0	0	2977	159	649	3462
6	5	B	40000	4143	95.857	91.565	95857	4292	239	12	0	3644	206	191	4033
6	5	cSpy was 77 spamed and the readout avoided!
6	6	G	40000	100000	0	0	0	0	0	0	0	0	0	0	2
6	6	A	40000	100000	0	0	0	0	0	0	0	0	0	0	1
6	6	B	40000	100000	0	0	0	0	0	0	0	0	0	0	1
6	7	G	40000	100000	0	0	0	0	0	0	0	0	0	0	2
6	7	A	40000	100000	0	0	0	0	0	0	0	0	0	0	1
6	7	B	40000	100000	0	0	0	0	0	0	0	0	0	0	1
7	0	G	40000	2051	97.949	47.9455	97949	3562	229	0	0	2682	69	582	3044
7	0	A	40000	2071	97.929	95.37	97929	2559	229	0	0	1680	68	582	2040
7	0	B	40000	98476	1.524	0.521	1524	1003	0	0	0	1002	1	0	1004
7	0	cSpy was 3 spamed and the readout avoided!
7	1	G	40000	100000	0	0	0	0	0	0	0	0	0	0	2
7	1	A	40000	100000	0	0	0	0	0	0	0	0	0	0	1
7	1	B	40000	100000	0	0	0	0	0	0	0	0	0	0	1
7	2	G	40000	98217	1.783	0.1495	1783	3048	0	0	0	3029	17	2	3050
7	2	A	40000	98302	1.698	0.173	1698	1525	0	0	0	1509	14	2	1526
7	2	B	40000	98351	1.649	0.126	1649	1523	0	0	0	1520	3	0	1524
7	3	G	40000	0	100	100	100000	200000	200000	200000	200000	200000	200000	200000	200002
7	3	A	40000	0	100	100	100000	100000	100000	100000	100000	100000	100000	100000	100001
7	3	B	40000	0	100	100	100000	100000	100000	100000	100000	100000	100000	100000	100001
7	4	G	40000	79640	20.36	4.285	20360	27642	0	0	0	25115	2487	40	27631
7	4	A	40000	80477	19.523	4.298	19523	15225	0	0	0	13072	2113	40	15213
7	4	B	40000	83311	16.689	4.272	16689	12417	0	0	0	12043	374	0	12418
7	5	G	40000	100000	0	0	0	0	0	0	0	0	0	0	2
7	5	A	40000	100000	0	0	0	0	0	0	0	0	0	0	1
7	5	B	40000	100000	0	0	0	0	0	0	0	0	0	0	1
7	6	G	40000	99977	0.0230014	0	23	46	0	0	0	46	0	0	48
7	6	A	40000	99977	0.0230014	0	23	23	0	0	0	23	0	0	24
7	6	B	40000	99977	0.0230014	0	23	23	0	0	0	23	0	0	24
7	7	G	40000	54408	45.592	18.5885	45592	40884	14	21	0	39761	869	219	40791
7	7	A	40000	60206	39.794	19.009	39794	20785	12	21	0	20164	370	218	20692
7	7	B	40000	61733	38.267	18.168	38267	20099	2	0	0	19597	499	1	20099
7	7	cSpy was 7 spamed and the readout avoided!
