#the gain was set to: 2	the bias was set to: 30
#Sent triggers per delay setting: 100000	and with a frequency [Hz] of: 40000
#160MHz delay setting	400MHz delay setting	Frequency	correct transmitted H+T		error rate [%]	uncertainty [%]	bad or missed events	error count	missing headers	missing trailers	flipped H/T	event nr errors	tbm missed trigger	unknown errors	event nr resets
0	0	G	40000	411	99.589	72.084	99589	19106	96	0	0	18079	276	655	18572
0	0	A	40000	632	99.368	98.209	99368	1159	84	0	0	179	249	647	632
0	0	B	40000	36094	63.906	45.959	63906	17947	12	0	0	17900	27	8	17940
0	0	cSpy was 37 spamed and the readout avoided!
0	1	G	40000	31651	68.349	45.0785	68349	30402	72	0	0	29772	129	429	30297
0	1	A	40000	41971	58.029	44.384	58029	13645	39	0	0	13144	58	404	13554
0	1	B	40000	37470	62.53	45.773	62530	16757	33	0	0	16628	71	25	16743
0	2	G	40000	2288	97.712	87.8045	97712	12214	358	3	0	9587	1836	430	11745
0	2	A	40000	5421	94.579	89.162	94579	5417	123	0	0	3934	1033	327	5155
0	2	B	40000	6756	93.244	86.447	93244	6797	235	3	0	5653	803	103	6590
0	2	cSpy was 60 spamed and the readout avoided!
0	3	G	40000	100000	0	0	0	0	0	0	0	0	0	0	2
0	3	A	40000	100000	0	0	0	0	0	0	0	0	0	0	1
0	3	B	40000	100000	0	0	0	0	0	0	0	0	0	0	1
0	4	G	40000	100000	0	0	0	0	0	0	0	0	0	0	2
0	4	A	40000	100000	0	0	0	0	0	0	0	0	0	0	1
0	4	B	40000	100000	0	0	0	0	0	0	0	0	0	0	1
0	5	G	40000	66600	33.4	14.5115	33400	28681	9	0	0	28492	51	129	28665
0	5	A	40000	72280	27.72	14.227	27720	13493	6	0	0	13335	25	127	13478
0	5	B	40000	70016	29.984	14.796	29984	15188	3	0	0	15157	26	2	15187
0	6	G	40000	1069	98.931	94.1505	98931	5975	316	5	0	3928	1391	335	5570
0	6	A	40000	3489	96.511	92.974	96511	3537	88	0	0	2269	1023	157	3370
0	6	B	40000	2235	97.765	95.327	97765	2438	228	5	0	1659	368	178	2200
0	6	cSpy was 34 spamed and the readout avoided!
0	7	G	40000	92636	7.364	1.23	7364	8418	0	0	0	8036	382	0	8420
0	7	A	40000	95010	4.99	0.802	4990	4188	0	0	0	4025	163	0	4189
0	7	B	40000	94112	5.888	1.658	5888	4230	0	0	0	4011	219	0	4231
1	0	G	40000	311	99.689	97.8885	99689	2356	156	1	0	1345	224	630	1850
1	0	A	40000	964	99.036	97.628	99036	1408	129	0	0	562	158	559	962
1	0	B	40000	903	99.097	98.149	99097	948	27	1	0	783	66	71	888
1	0	cSpy was 28 spamed and the readout avoided!
1	1	G	40000	90869	9.131	1.504	9131	9667	0	0	0	9166	501	0	9669
1	1	A	40000	94316	5.684	0.867	5684	4817	0	0	0	4585	232	0	4818
1	1	B	40000	93009	6.991	2.141	6991	4850	0	0	0	4581	269	0	4851
1	2	G	40000	100000	0	0	0	0	0	0	0	0	0	0	2
1	2	A	40000	100000	0	0	0	0	0	0	0	0	0	0	1
1	2	B	40000	100000	0	0	0	0	0	0	0	0	0	0	1
1	3	G	40000	91462	8.538	4.6505	8538	4792	8	0	0	4566	179	39	4786
1	3	A	40000	93387	6.613	4.324	6613	2289	6	0	0	2089	157	37	2282
1	3	B	40000	92520	7.48	4.977	7480	2503	2	0	0	2477	22	2	2504
1	4	G	40000	0	100	100	100000	200000	200000	200000	200000	200000	200000	200000	200002
1	4	A	40000	0	100	100	100000	100000	100000	100000	100000	100000	100000	100000	100001
1	4	B	40000	0	100	100	100000	100000	100000	100000	100000	100000	100000	100000	100001
1	5	G	40000	39505	60.495	17.5145	60495	45826	1	0	0	40124	5689	12	45822
1	5	A	40000	67137	32.863	5.159	32863	27704	0	0	0	23367	4328	9	27701
1	5	B	40000	52008	47.992	29.87	47992	18122	1	0	0	16757	1361	3	18121
1	6	G	40000	100000	0	0	0	0	0	0	0	0	0	0	2
1	6	A	40000	100000	0	0	0	0	0	0	0	0	0	0	1
1	6	B	40000	100000	0	0	0	0	0	0	0	0	0	0	1
1	7	G	40000	100000	0	0	0	0	0	0	0	0	0	0	2
1	7	A	40000	100000	0	0	0	0	0	0	0	0	0	0	1
1	7	B	40000	100000	0	0	0	0	0	0	0	0	0	0	1
2	0	G	40000	2414	97.586	48.2235	97586	3957	48	0	0	3718	109	82	3867
2	0	A	40000	2453	97.547	95.055	97547	2492	48	0	0	2253	109	82	2401
2	0	B	40000	97143	2.857	1.392	2857	1465	0	0	0	1465	0	0	1466
2	1	G	40000	99942	0.0580013	0.009	58	94	0	0	0	94	0	0	96
2	1	A	40000	99944	0.0559986	0.009	56	47	0	0	0	47	0	0	48
2	1	B	40000	99944	0.0559986	0.009	56	47	0	0	0	47	0	0	48
2	2	G	40000	27157	72.843	51.4705	72843	25932	805	0	0	23067	1355	705	25244
2	2	A	40000	38986	61.014	49.552	61014	11462	445	0	0	9823	723	471	11045
2	2	B	40000	32141	67.859	53.389	67859	14470	360	0	0	13244	632	234	14199
2	3	G	40000	5024	94.976	75.178	94976	23900	127	1	0	20781	2761	230	23690
2	3	A	40000	15933	84.067	69.04	84067	15027	11	0	0	12959	1944	113	14954
2	3	B	40000	9811	90.189	81.316	90189	8873	116	1	0	7822	817	117	8736
2	3	cSpy was 38 spamed and the readout avoided!
2	4	G	40000	100000	0	0	0	0	0	0	0	0	0	0	2
2	4	A	40000	100000	0	0	0	0	0	0	0	0	0	0	1
2	4	B	40000	100000	0	0	0	0	0	0	0	0	0	0	1
2	5	G	40000	100000	0	0	0	0	0	0	0	0	0	0	2
2	5	A	40000	100000	0	0	0	0	0	0	0	0	0	0	1
2	5	B	40000	100000	0	0	0	0	0	0	0	0	0	0	1
2	6	G	40000	50252	49.748	29.0985	49748	24422	21	0	0	23560	611	230	24393
2	6	A	40000	61374	38.626	27.621	38626	11005	14	0	0	10227	534	230	10977
2	6	B	40000	56007	43.993	30.576	43993	13417	7	0	0	13333	77	0	13416
2	6	cSpy was 1 spamed and the readout avoided!
2	7	G	40000	0	100	100	100000	200000	200000	200000	200000	200000	200000	200000	200002
2	7	A	40000	0	100	100	100000	100000	100000	100000	100000	100000	100000	100000	100001
2	7	B	40000	0	100	100	100000	100000	100000	100000	100000	100000	100000	100000	100001
3	0	G	40000	1121	98.879	68.118	98879	19197	263	0	0	17875	423	636	18620
3	0	A	40000	1614	98.386	96.233	98386	2153	223	0	0	1283	31	616	1602
3	0	B	40000	42953	57.047	40.003	57047	17044	40	0	0	16592	392	20	17018
3	0	cSpy was 7 spamed and the readout avoided!
3	1	G	40000	0	100	100	100000	200000	200000	200000	200000	200000	200000	200000	200002
3	1	A	40000	0	100	100	100000	100000	100000	100000	100000	100000	100000	100000	100001
3	1	B	40000	0	100	100	100000	100000	100000	100000	100000	100000	100000	100000	100001
3	2	G	40000	96870	3.13	0.144	3130	5938	0	0	0	5917	21	0	5940
3	2	A	40000	96871	3.129	0.144	3129	2985	0	0	0	2964	21	0	2986
3	2	B	40000	96903	3.097	0.144	3097	2953	0	0	0	2953	0	0	2954
3	3	G	40000	100000	0	0	0	0	0	0	0	0	0	0	2
3	3	A	40000	100000	0	0	0	0	0	0	0	0	0	0	1
3	3	B	40000	100000	0	0	0	0	0	0	0	0	0	0	1
3	4	G	40000	98902	1.098	0.056	1098	2072	0	0	0	2071	1	0	2074
3	4	A	40000	98912	1.088	0.052	1088	1036	0	0	0	1035	1	0	1037
3	4	B	40000	98904	1.096	0.06	1096	1036	0	0	0	1036	0	0	1037
3	5	G	40000	0	100	100	100000	200000	200000	200000	200000	200000	200000	200000	200002
3	5	A	40000	0	100	100	100000	100000	100000	100000	100000	100000	100000	100000	100001
3	5	B	40000	0	100	100	100000	100000	100000	100000	100000	100000	100000	100000	100001
3	6	G	40000	34118	65.882	22.3865	65882	56975	13	4	0	51695	5212	51	56956
3	6	A	40000	49369	50.631	22.119	50631	28512	10	1	0	24601	3853	47	28496
3	6	B	40000	48883	51.117	22.654	51117	28463	3	3	0	27094	1359	4	28460
3	6	cSpy was 9 spamed and the readout avoided!
3	7	G	40000	100000	0	0	0	0	0	0	0	0	0	0	2
3	7	A	40000	100000	0	0	0	0	0	0	0	0	0	0	1
3	7	B	40000	100000	0	0	0	0	0	0	0	0	0	0	1
4	0	G	40000	1302	98.698	74.735	98698	23909	225	8	0	21591	1892	193	23625
4	0	A	40000	2526	97.474	94.744	97474	2730	125	7	0	1825	605	168	2517
4	0	B	40000	24095	75.905	54.726	75905	21179	100	1	0	19766	1287	25	21108
4	0	cSpy was 4 spamed and the readout avoided!
4	1	G	40000	100000	0	0	0	0	0	0	0	0	0	0	2
4	1	A	40000	100000	0	0	0	0	0	0	0	0	0	0	1
4	1	B	40000	100000	0	0	0	0	0	0	0	0	0	0	1
4	2	G	40000	99371	0.629002	0.129	629	849	0	0	0	849	0	0	851
4	2	A	40000	99439	0.560999	0.141	561	420	0	0	0	420	0	0	421
4	2	B	40000	99454	0.546002	0.117	546	429	0	0	0	429	0	0	430
4	3	G	40000	20421	79.579	58.636	79579	34290	814	0	0	32720	152	604	33205
4	3	A	40000	23930	76.07	58.907	76070	17163	393	0	0	16343	0	427	16437
4	3	B	40000	24508	75.492	58.365	75492	17127	421	0	0	16377	152	177	16768
4	3	cSpy was 8 spamed and the readout avoided!
4	4	G	40000	2930	97.07	87.5795	97070	12510	305	20	0	10511	980	698	11906
4	4	A	40000	5770	94.23	88.287	94230	5943	125	11	0	4917	413	479	5591
4	4	B	40000	6561	93.439	86.872	93439	6567	180	9	0	5594	567	219	6315
4	4	cSpy was 100 spamed and the readout avoided!
4	5	G	40000	100000	0	0	0	0	0	0	0	0	0	0	2
4	5	A	40000	100000	0	0	0	0	0	0	0	0	0	0	1
4	5	B	40000	100000	0	0	0	0	0	0	0	0	0	0	1
4	6	G	40000	100000	0	0	0	0	0	0	0	0	0	0	2
4	6	A	40000	100000	0	0	0	0	0	0	0	0	0	0	1
4	6	B	40000	100000	0	0	0	0	0	0	0	0	0	0	1
4	7	G	40000	48195	51.805	27.4065	51805	37820	42	0	0	37688	7	83	37780
4	7	A	40000	53719	46.281	27.59	46281	18691	21	0	0	18585	6	79	18656
4	7	B	40000	53648	46.352	27.223	46352	19129	21	0	0	19103	1	4	19124
4	7	cSpy was 2 spamed and the readout avoided!
5	0	G	40000	481	99.519	56.8565	99519	14784	150	0	0	13689	115	830	14237
5	0	A	40000	608	99.392	98.236	99392	1156	150	0	0	79	101	826	608
5	0	B	40000	70895	29.105	15.477	29105	13628	0	0	0	13610	14	4	13629
5	0	cSpy was 59 spamed and the readout avoided!
5	1	G	40000	88522	11.478	3.1045	11478	14246	0	0	0	14241	1	4	14248
5	1	A	40000	89690	10.31	3.253	10310	7057	0	0	0	7052	1	4	7058
5	1	B	40000	89855	10.145	2.956	10145	7189	0	0	0	7189	0	0	7190
5	2	G	40000	0	100	100	100000	200000	200000	200000	200000	200000	200000	200000	200002
5	2	A	40000	0	100	100	100000	100000	100000	100000	100000	100000	100000	100000	100001
5	2	B	40000	0	100	100	100000	100000	100000	100000	100000	100000	100000	100000	100001
5	3	G	40000	91640	8.36	0.548	8360	14565	0	0	0	13683	878	4	14565
5	3	A	40000	91689	8.311	0.548	8311	7763	0	0	0	6931	828	4	7763
5	3	B	40000	92650	7.35	0.548	7350	6802	0	0	0	6752	50	0	6802
5	4	G	40000	100000	0	0	0	0	0	0	0	0	0	0	2
5	4	A	40000	100000	0	0	0	0	0	0	0	0	0	0	1
5	4	B	40000	100000	0	0	0	0	0	0	0	0	0	0	1
5	5	G	40000	92131	7.869	4.0055	7869	6603	16	0	0	6574	0	13	6587
5	5	A	40000	92662	7.338	4.046	7338	3292	8	0	0	3272	0	12	3278
5	5	B	40000	92724	7.276	3.965	7276	3311	8	0	0	3302	0	1	3309
5	6	G	40000	0	100	100	100000	200000	200000	200000	200000	200000	200000	200000	200002
5	6	A	40000	0	100	100	100000	100000	100000	100000	100000	100000	100000	100000	100001
5	6	B	40000	0	100	100	100000	100000	100000	100000	100000	100000	100000	100000	100001
5	7	G	40000	16428	83.572	39.721	83572	56381	1	0	0	49919	6211	250	56263
5	7	A	40000	30415	69.585	42.703	69585	26882	0	0	0	23080	3552	250	26765
5	7	B	40000	33762	66.238	36.739	66238	29499	1	0	0	26839	2659	0	29498
5	7	cSpy was 2 spamed and the readout avoided!
6	0	G	40000	243	99.757	97.9945	99757	2270	264	1	0	904	582	519	1730
6	0	A	40000	555	99.445	98.525	99445	920	118	0	0	252	161	389	555
6	0	B	40000	1186	98.814	97.464	98814	1350	146	1	0	652	421	130	1175
6	0	cSpy was 96 spamed and the readout avoided!
6	1	G	40000	9875	90.125	61.7	90125	37115	32	0	0	33001	3545	537	36795
6	1	A	40000	18532	81.468	63.794	81468	17674	6	0	0	15278	1888	502	17389
6	1	B	40000	20953	79.047	59.606	79047	19441	26	0	0	17723	1657	35	19406
6	1	cSpy was 40 spamed and the readout avoided!
6	2	G	40000	100000	0	0	0	0	0	0	0	0	0	0	2
6	2	A	40000	100000	0	0	0	0	0	0	0	0	0	0	1
6	2	B	40000	100000	0	0	0	0	0	0	0	0	0	0	1
6	3	G	40000	100000	0	0	0	0	0	0	0	0	0	0	2
6	3	A	40000	100000	0	0	0	0	0	0	0	0	0	0	1
6	3	B	40000	100000	0	0	0	0	0	0	0	0	0	0	1
6	4	G	40000	30941	69.059	48.9765	69059	32830	645	1	0	31575	125	484	31970
6	4	A	40000	34367	65.633	49.252	65633	16381	311	1	0	15722	3	344	15811
6	4	B	40000	34850	65.15	48.701	65150	16449	334	0	0	15853	122	140	16159
6	4	cSpy was 6 spamed and the readout avoided!
6	5	G	40000	574	99.426	96.1515	99426	4022	215	4	0	3038	174	591	3597
6	5	A	40000	1590	98.41	96.597	98410	1813	33	0	0	1253	72	455	1564
6	5	B	40000	2085	97.915	95.706	97915	2209	182	4	0	1785	102	136	2033
6	5	cSpy was 96 spamed and the readout avoided!
6	6	G	40000	100000	0	0	0	0	0	0	0	0	0	0	2
6	6	A	40000	100000	0	0	0	0	0	0	0	0	0	0	1
6	6	B	40000	100000	0	0	0	0	0	0	0	0	0	0	1
6	7	G	40000	100000	0	0	0	0	0	0	0	0	0	0	2
6	7	A	40000	100000	0	0	0	0	0	0	0	0	0	0	1
6	7	B	40000	100000	0	0	0	0	0	0	0	0	0	0	1
7	0	G	40000	1671	98.329	58.842	98329	3850	269	2	0	2863	81	635	3299
7	0	A	40000	1832	98.168	95.875	98168	2293	196	1	0	1448	56	592	1813
7	0	B	40000	76634	23.366	21.809	23366	1557	73	1	0	1415	25	43	1486
7	0	cSpy was 26 spamed and the readout avoided!
7	1	G	40000	100000	0	0	0	0	0	0	0	0	0	0	2
7	1	A	40000	100000	0	0	0	0	0	0	0	0	0	0	1
7	1	B	40000	100000	0	0	0	0	0	0	0	0	0	0	1
7	2	G	40000	99801	0.199002	0.0065	199	382	0	0	0	382	0	0	384
7	2	A	40000	99801	0.199002	0.008	199	191	0	0	0	191	0	0	192
7	2	B	40000	99804	0.195998	0.005	196	191	0	0	0	191	0	0	192
7	3	G	40000	0	100	100	100000	200000	200000	200000	200000	200000	200000	200000	200002
7	3	A	40000	0	100	100	100000	100000	100000	100000	100000	100000	100000	100000	100001
7	3	B	40000	0	100	100	100000	100000	100000	100000	100000	100000	100000	100000	100001
7	4	G	40000	46225	53.775	12.205	53775	56436	10	11	0	50590	5713	112	56389
7	4	A	40000	57979	42.021	13.105	42021	28916	10	11	0	24925	3858	112	28868
7	4	B	40000	61175	38.825	11.305	38825	27520	0	0	0	25665	1855	0	27521
7	5	G	40000	100000	0	0	0	0	0	0	0	0	0	0	2
7	5	A	40000	100000	0	0	0	0	0	0	0	0	0	0	1
7	5	B	40000	100000	0	0	0	0	0	0	0	0	0	0	1
7	6	G	40000	99234	0.765997	0.078	766	1267	0	0	0	1257	9	1	1269
7	6	A	40000	99277	0.722998	0.089	723	634	0	0	0	626	7	1	635
7	6	B	40000	99300	0.700003	0.067	700	633	0	0	0	631	2	0	634
7	7	G	40000	61870	38.13	14.221	38130	34376	26	55	0	33560	543	192	34259
7	7	A	40000	67783	32.217	14.754	32217	17463	26	55	0	16972	218	192	17345
7	7	B	40000	69399	30.601	13.688	30601	16913	0	0	0	16588	325	0	16914
7	7	cSpy was 7 spamed and the readout avoided!
