#the gain was set to: 2	the bias was set to: 30
#Sent triggers per delay setting: 100000	and with a frequency [Hz] of: 40000
#160MHz delay setting	400MHz delay setting	Frequency	correct transmitted H+T		error rate [%]	uncertainty [%]	bad or missed events	error count	missing headers	missing trailers	flipped H/T	event nr errors	tbm missed trigger	unknown errors	event nr resets
0	0	G	40000	448	99.552	71.928	99552	19084	97	0	0	18101	322	564	18611
0	0	A	40000	650	99.35	98.235	99350	1115	82	0	0	198	285	550	650
0	0	B	40000	36410	63.59	45.621	63590	17969	15	0	0	17903	37	14	17961
0	0	cSpy was 26 spamed and the readout avoided!
0	1	G	40000	29780	70.22	50.9175	70220	25703	182	0	0	24656	377	488	25564
0	1	A	40000	38636	61.364	50.347	61364	11017	100	0	0	10486	3	428	10906
0	1	B	40000	33826	66.174	51.488	66174	14686	82	0	0	14170	374	60	14658
0	2	G	40000	4669	95.331	82.899	95331	14752	308	5	0	12024	1999	416	14308
0	2	A	40000	9220	90.78	84.213	90780	6567	105	0	0	4959	1182	321	6321
0	2	B	40000	10230	89.77	81.585	89770	8185	203	5	0	7065	817	95	7987
0	2	cSpy was 35 spamed and the readout avoided!
0	3	G	40000	100000	0	0	0	0	0	0	0	0	0	0	2
0	3	A	40000	100000	0	0	0	0	0	0	0	0	0	0	1
0	3	B	40000	100000	0	0	0	0	0	0	0	0	0	0	1
0	4	G	40000	99628	0.371999	0.1385	372	342	0	0	0	342	0	0	344
0	4	A	40000	99713	0.287002	0.134	287	153	0	0	0	153	0	0	154
0	4	B	40000	99668	0.331998	0.143	332	189	0	0	0	189	0	0	190
0	5	G	40000	36608	63.392	42.546	63392	28664	24	0	0	28098	167	375	28616
0	5	A	40000	45290	54.71	42.037	54710	12673	14	0	0	12268	28	363	12629
0	5	B	40000	40954	59.046	43.055	59046	15991	10	0	0	15830	139	12	15987
0	6	G	40000	2067	97.933	90.729	97933	9341	328	19	0	6951	1700	343	8878
0	6	A	40000	4663	95.337	90.59	95337	4747	141	0	0	3295	1068	243	4465
0	6	B	40000	4538	95.462	90.868	95462	4594	187	19	0	3656	632	100	4413
0	6	cSpy was 29 spamed and the readout avoided!
0	7	G	40000	78033	21.967	5.757	21967	17013	3	0	0	14466	2531	13	17009
0	7	A	40000	88552	11.448	2.084	11448	9364	0	0	0	7841	1510	13	9362
0	7	B	40000	82921	17.079	9.43	17079	7649	3	0	0	6625	1021	0	7647
1	0	G	40000	306	99.694	97.673	99694	2527	156	1	0	1342	556	472	2109
1	0	A	40000	955	99.045	97.739	99045	1306	125	0	0	649	112	420	941
1	0	B	40000	1172	98.828	97.607	98828	1221	31	1	0	693	444	52	1168
1	0	cSpy was 22 spamed and the readout avoided!
1	1	G	40000	71105	28.895	13.1305	28895	18997	6	0	0	16000	2977	14	18989
1	1	A	40000	80026	19.974	7.982	19974	11992	0	0	0	9598	2385	9	11989
1	1	B	40000	74716	25.284	18.279	25284	7005	6	0	0	6402	592	5	7000
1	2	G	40000	100000	0	0	0	0	0	0	0	0	0	0	2
1	2	A	40000	100000	0	0	0	0	0	0	0	0	0	0	1
1	2	B	40000	100000	0	0	0	0	0	0	0	0	0	0	1
1	3	G	40000	97257	2.743	0.518	2743	3739	0	0	0	3731	6	2	3741
1	3	A	40000	97711	2.289	0.458	2289	1831	0	0	0	1827	2	2	1832
1	3	B	40000	97514	2.486	0.578	2486	1908	0	0	0	1904	4	0	1909
1	4	G	40000	679	99.321	96.203	99321	3946	275	0	0	2295	1099	277	3571
1	4	A	40000	2335	97.665	95.247	97665	2418	95	0	0	1338	884	101	2270
1	4	B	40000	1313	98.687	97.159	98687	1528	180	0	0	957	215	176	1301
1	4	cSpy was 40 spamed and the readout avoided!
1	5	G	40000	45862	54.138	24.3215	54138	29522	42	0	0	25807	3604	69	29447
1	5	A	40000	65687	34.313	18.674	34313	15639	0	0	0	13569	2039	31	15618
1	5	B	40000	56148	43.852	29.969	43852	13883	42	0	0	12238	1565	38	13829
1	5	cSpy was 4 spamed and the readout avoided!
1	6	G	40000	100000	0	0	0	0	0	0	0	0	0	0	2
1	6	A	40000	100000	0	0	0	0	0	0	0	0	0	0	1
1	6	B	40000	100000	0	0	0	0	0	0	0	0	0	0	1
1	7	G	40000	100000	0	0	0	0	0	0	0	0	0	0	2
1	7	A	40000	100000	0	0	0	0	0	0	0	0	0	0	1
1	7	B	40000	100000	0	0	0	0	0	0	0	0	0	0	1
2	0	G	40000	2256	97.744	48.4845	97744	4012	51	1	0	3778	107	75	3924
2	0	A	40000	2285	97.715	95.37	97715	2345	51	1	0	2111	107	75	2256
2	0	B	40000	96734	3.266	1.599	3266	1667	0	0	0	1667	0	0	1668
2	1	G	40000	100000	0	0	0	0	0	0	0	0	0	0	2
2	1	A	40000	100000	0	0	0	0	0	0	0	0	0	0	1
2	1	B	40000	100000	0	0	0	0	0	0	0	0	0	0	1
2	2	G	40000	26065	73.935	52.558	73935	26333	866	1	0	23355	1398	713	25584
2	2	A	40000	37511	62.489	50.678	62489	11811	481	1	0	10271	585	473	11352
2	2	B	40000	31040	68.96	54.438	68960	14522	385	0	0	13084	813	240	14232
2	3	G	40000	11070	88.93	69.6485	88930	22991	299	0	0	19945	2438	309	22607
2	3	A	40000	22271	77.729	62.958	77729	14771	76	0	0	12673	1824	198	14594
2	3	B	40000	15441	84.559	76.339	84559	8220	223	0	0	7272	614	111	8013
2	3	cSpy was 83 spamed and the readout avoided!
2	4	G	40000	100000	0	0	0	0	0	0	0	0	0	0	2
2	4	A	40000	100000	0	0	0	0	0	0	0	0	0	0	1
2	4	B	40000	100000	0	0	0	0	0	0	0	0	0	0	1
2	5	G	40000	100000	0	0	0	0	0	0	0	0	0	0	2
2	5	A	40000	100000	0	0	0	0	0	0	0	0	0	0	1
2	5	B	40000	100000	0	0	0	0	0	0	0	0	0	0	1
2	6	G	40000	29866	70.134	46.7575	70134	27220	140	1	0	25705	935	439	27106
2	6	A	40000	43282	56.718	44.626	56718	12092	94	1	0	10834	758	405	11993
2	6	B	40000	35983	64.017	48.889	64017	15128	46	0	0	14871	177	34	15113
2	7	G	40000	0	100	100	100000	200000	200000	200000	200000	200000	200000	200000	200002
2	7	A	40000	0	100	100	100000	100000	100000	100000	100000	100000	100000	100000	100001
2	7	B	40000	0	100	100	100000	100000	100000	100000	100000	100000	100000	100000	100001
3	0	G	40000	843	99.157	76.2785	99157	18206	284	2	0	16844	385	691	17578
3	0	A	40000	1423	98.577	96.606	98577	1971	205	0	0	1095	27	644	1405
3	0	B	40000	27814	72.186	55.951	72186	16235	79	2	0	15749	358	47	16173
3	0	cSpy was 13 spamed and the readout avoided!
3	1	G	40000	0	100	100	100000	200000	200000	200000	200000	200000	200000	200000	200002
3	1	A	40000	0	100	100	100000	100000	100000	100000	100000	100000	100000	100000	100001
3	1	B	40000	0	100	100	100000	100000	100000	100000	100000	100000	100000	100000	100001
3	2	G	40000	99565	0.435001	0	435	870	0	0	0	870	0	0	872
3	2	A	40000	99565	0.435001	0	435	435	0	0	0	435	0	0	436
3	2	B	40000	99565	0.435001	0	435	435	0	0	0	435	0	0	436
3	3	G	40000	100000	0	0	0	0	0	0	0	0	0	0	2
3	3	A	40000	100000	0	0	0	0	0	0	0	0	0	0	1
3	3	B	40000	100000	0	0	0	0	0	0	0	0	0	0	1
3	4	G	40000	95354	4.646	0.6295	4646	7665	0	0	0	7656	9	0	7667
3	4	A	40000	95572	4.428	0.588	4428	3840	0	0	0	3831	9	0	3841
3	4	B	40000	95504	4.496	0.671	4496	3825	0	0	0	3825	0	0	3826
3	5	G	40000	0	100	100	100000	200000	200000	200000	200000	200000	200000	200000	200002
3	5	A	40000	0	100	100	100000	100000	100000	100000	100000	100000	100000	100000	100001
3	5	B	40000	0	100	100	100000	100000	100000	100000	100000	100000	100000	100000	100001
3	6	G	40000	65389	34.611	9.1195	34611	39638	7	6	0	36917	2680	28	39629
3	6	A	40000	70181	29.819	8.993	29819	20826	6	0	0	18305	2498	17	20825
3	6	B	40000	71942	28.058	9.246	28058	18812	1	6	0	18612	182	11	18804
3	6	cSpy was 6 spamed and the readout avoided!
3	7	G	40000	100000	0	0	0	0	0	0	0	0	0	0	2
3	7	A	40000	100000	0	0	0	0	0	0	0	0	0	0	1
3	7	B	40000	100000	0	0	0	0	0	0	0	0	0	0	1
4	0	G	40000	1221	98.779	70.164	98779	22131	256	7	1	19439	2050	378	21735
4	0	A	40000	2146	97.854	95.375	97854	2479	174	7	1	1186	766	345	2143
4	0	B	40000	35395	64.605	44.953	64605	19652	82	0	0	18253	1284	33	19592
4	0	cSpy was 22 spamed and the readout avoided!
4	1	G	40000	100000	0	0	0	0	0	0	0	0	0	0	2
4	1	A	40000	100000	0	0	0	0	0	0	0	0	0	0	1
4	1	B	40000	100000	0	0	0	0	0	0	0	0	0	0	1
4	2	G	40000	94363	5.637	2.7895	5637	4108	2	0	0	4097	1	8	4105
4	2	A	40000	95163	4.837	2.816	4837	2021	1	0	0	2011	1	8	2017
4	2	B	40000	95150	4.85	2.763	4850	2087	1	0	0	2086	0	0	2088
4	3	G	40000	20285	79.715	58.703	79715	34273	818	0	0	32721	134	600	33192
4	3	A	40000	23862	76.138	58.968	76138	17170	395	0	0	16348	0	427	16447
4	3	B	40000	24459	75.541	58.438	75541	17103	423	0	0	16373	134	173	16745
4	3	cSpy was 7 spamed and the readout avoided!
4	4	G	40000	4676	95.324	81.1205	95324	18704	348	20	3	15349	2389	595	18139
4	4	A	40000	9750	90.25	80.535	90250	9715	214	14	1	7469	1560	457	9324
4	4	B	40000	9305	90.695	81.706	90695	8989	134	6	2	7880	829	138	8815
4	4	cSpy was 40 spamed and the readout avoided!
4	5	G	40000	100000	0	0	0	0	0	0	0	0	0	0	2
4	5	A	40000	100000	0	0	0	0	0	0	0	0	0	0	1
4	5	B	40000	100000	0	0	0	0	0	0	0	0	0	0	1
4	6	G	40000	100000	0	0	0	0	0	0	0	0	0	0	2
4	6	A	40000	100000	0	0	0	0	0	0	0	0	0	0	1
4	6	B	40000	100000	0	0	0	0	0	0	0	0	0	0	1
4	7	G	40000	42432	57.568	37.81	57568	30775	181	1	0	30416	2	175	30568
4	7	A	40000	46786	53.214	37.884	53214	15330	88	1	0	15103	2	136	15182
4	7	B	40000	46819	53.181	37.736	53181	15445	93	0	0	15313	0	39	15386
4	7	cSpy was 4 spamed and the readout avoided!
5	0	G	40000	495	99.505	56.6785	99505	14582	133	0	0	13509	113	827	14040
5	0	A	40000	616	99.384	98.226	99384	1158	133	0	0	91	107	827	616
5	0	B	40000	71445	28.555	15.131	28555	13424	0	0	0	13418	6	0	13424
5	0	cSpy was 60 spamed and the readout avoided!
5	1	G	40000	67927	32.073	15.743	32073	25248	38	0	0	25149	5	56	25215
5	1	A	40000	71619	28.381	15.905	28381	12476	19	0	0	12404	5	48	12451
5	1	B	40000	71647	28.353	15.581	28353	12772	19	0	0	12745	0	8	12764
5	2	G	40000	10	99.99	99.025	99990	1142	52	0	0	364	350	376	806
5	2	A	40000	18	99.982	99.74	99982	242	0	0	0	2	1	239	18
5	2	B	40000	790	99.21	98.31	99210	900	52	0	0	362	349	137	788
5	2	cSpy was 22 spamed and the readout avoided!
5	3	G	40000	98074	1.926	0.005	1926	3834	0	0	0	3826	8	0	3836
5	3	A	40000	98074	1.926	0.005	1926	1921	0	0	0	1913	8	0	1922
5	3	B	40000	98082	1.918	0.005	1918	1913	0	0	0	1913	0	0	1914
5	4	G	40000	100000	0	0	0	0	0	0	0	0	0	0	2
5	4	A	40000	100000	0	0	0	0	0	0	0	0	0	0	1
5	4	B	40000	100000	0	0	0	0	0	0	0	0	0	0	1
5	5	G	40000	97642	2.358	0.26	2358	4012	0	0	0	4012	0	0	4014
5	5	A	40000	97708	2.292	0.289	2292	2003	0	0	0	2003	0	0	2004
5	5	B	40000	97760	2.24	0.231	2240	2009	0	0	0	2009	0	0	2010
5	6	G	40000	1	99.999	97.5585	99999	2543	237	0	0	1019	1165	122	2335
5	6	A	40000	6	99.994	99.958	99994	36	0	0	0	1	0	35	6
5	6	B	40000	2334	97.666	95.159	97666	2507	237	0	0	1018	1165	87	2329
5	6	cSpy was 32 spamed and the readout avoided!
5	7	G	40000	25882	74.118	20.5955	74118	67942	9	15	0	59946	7806	166	67855
5	7	A	40000	44042	55.958	23.073	55958	32885	9	15	0	28128	4567	166	32797
5	7	B	40000	46825	53.175	18.118	53175	35057	0	0	0	31818	3239	0	35058
5	7	cSpy was 5 spamed and the readout avoided!
6	0	G	40000	337	99.663	97.36	99663	2925	363	1	0	1340	697	524	2347
6	0	A	40000	854	99.146	97.902	99146	1244	171	0	0	305	359	409	854
6	0	B	40000	1501	98.499	96.818	98499	1681	192	1	0	1035	338	115	1493
6	0	cSpy was 100 spamed and the readout avoided!
6	1	G	40000	0	100	100	100000	200000	200000	200000	200000	200000	200000	200000	200002
6	1	A	40000	0	100	100	100000	100000	100000	100000	100000	100000	100000	100000	100001
6	1	B	40000	0	100	100	100000	100000	100000	100000	100000	100000	100000	100000	100001
6	2	G	40000	100000	0	0	0	0	0	0	0	0	0	0	2
6	2	A	40000	100000	0	0	0	0	0	0	0	0	0	0	1
6	2	B	40000	100000	0	0	0	0	0	0	0	0	0	0	1
6	3	G	40000	99930	0.0699997	0	70	140	0	0	0	140	0	0	142
6	3	A	40000	99930	0.0699997	0	70	70	0	0	0	70	0	0	71
6	3	B	40000	99930	0.0699997	0	70	70	0	0	0	70	0	0	71
6	4	G	40000	28137	71.863	49.7385	71863	34529	589	0	0	33367	111	462	33743
6	4	A	40000	32773	67.227	50.015	67227	17212	283	0	0	16592	3	334	16686
6	4	B	40000	33221	66.779	49.462	66779	17317	306	0	0	16775	108	128	17057
6	4	cSpy was 8 spamed and the readout avoided!
6	5	G	40000	1521	98.479	92.2295	98479	7884	200	6	0	6626	439	614	7457
6	5	A	40000	3579	96.421	92.645	96421	3776	25	1	0	3050	202	498	3512
6	5	B	40000	4078	95.922	91.814	95922	4108	175	5	0	3576	237	116	3945
6	5	cSpy was 47 spamed and the readout avoided!
6	6	G	40000	96044	3.956	0.481	3956	6175	0	0	0	5586	587	2	6177
6	6	A	40000	96103	3.897	0.481	3897	3416	0	0	0	2883	531	2	3417
6	6	B	40000	96760	3.24	0.481	3240	2759	0	0	0	2703	56	0	2760
6	7	G	40000	100000	0	0	0	0	0	0	0	0	0	0	2
6	7	A	40000	100000	0	0	0	0	0	0	0	0	0	0	1
6	7	B	40000	100000	0	0	0	0	0	0	0	0	0	0	1
7	0	G	40000	2077	97.923	47.9025	97923	3370	223	0	0	2545	64	538	2887
7	0	A	40000	2086	97.914	95.368	97914	2546	223	0	0	1721	64	538	2062
7	0	B	40000	98739	1.261	0.437	1261	824	0	0	0	824	0	0	825
7	0	cSpy was 2 spamed and the readout avoided!
7	1	G	40000	100000	0	0	0	0	0	0	0	0	0	0	2
7	1	A	40000	100000	0	0	0	0	0	0	0	0	0	0	1
7	1	B	40000	100000	0	0	0	0	0	0	0	0	0	0	1
7	2	G	40000	99130	0.870001	0.0445	870	1607	0	0	0	1601	6	0	1609
7	2	A	40000	99143	0.857002	0.054	857	803	0	0	0	798	5	0	804
7	2	B	40000	99161	0.839001	0.035	839	804	0	0	0	803	1	0	805
7	3	G	40000	0	100	100	100000	200000	200000	200000	200000	200000	200000	200000	200002
7	3	A	40000	0	100	100	100000	100000	100000	100000	100000	100000	100000	100000	100001
7	3	B	40000	0	100	100	100000	100000	100000	100000	100000	100000	100000	100000	100001
7	4	G	40000	82047	17.953	3.703	17953	24753	0	0	0	22525	2191	37	24747
7	4	A	40000	82683	17.317	3.716	17317	13601	0	0	0	11704	1860	37	13594
7	4	B	40000	85158	14.842	3.69	14842	11152	0	0	0	10821	331	0	11153
7	5	G	40000	100000	0	0	0	0	0	0	0	0	0	0	2
7	5	A	40000	100000	0	0	0	0	0	0	0	0	0	0	1
7	5	B	40000	100000	0	0	0	0	0	0	0	0	0	0	1
7	6	G	40000	99983	0.0169992	0	17	34	0	0	0	34	0	0	36
7	6	A	40000	99983	0.0169992	0	17	17	0	0	0	17	0	0	18
7	6	B	40000	99983	0.0169992	0	17	17	0	0	0	17	0	0	18
7	7	G	40000	51283	48.717	21.3155	48717	42477	2	1	0	41294	1012	168	42411
7	7	A	40000	56800	43.2	21.679	43200	21521	1	1	0	20899	453	167	21455
7	7	B	40000	58092	41.908	20.952	41908	20956	1	0	0	20395	559	1	20956
7	7	cSpy was 8 spamed and the readout avoided!
