#the gain was set to: 2	the bias was set to: 30
#Sent triggers per delay setting: 100000	and with a frequency [Hz] of: 40000
#160MHz delay setting	400MHz delay setting	Frequency	correct transmitted H+T		error rate [%]	uncertainty [%]	bad or missed events	error count	missing headers	missing trailers	flipped H/T	event nr errors	tbm missed trigger	unknown errors	event nr resets
0	0	G	40000	418	99.582	72.591	99582	18952	94	0	0	17910	308	640	18417
0	0	A	40000	614	99.386	98.242	99386	1144	78	0	0	159	272	635	614
0	0	B	40000	35252	64.748	46.94	64748	17808	16	0	0	17751	36	5	17803
0	0	cSpy was 33 spamed and the readout avoided!
0	1	G	40000	43022	56.978	41.1575	56978	21084	196	0	0	20131	326	431	20936
0	1	A	40000	50273	49.727	40.683	49727	9044	107	0	0	8576	3	358	8935
0	1	B	40000	46328	53.672	41.632	53672	12040	89	0	0	11555	323	73	12001
0	2	G	40000	3156	96.844	84.5185	96844	15303	57	0	0	13077	1802	367	15062
0	2	A	40000	6164	93.836	87.718	93836	6118	36	0	0	4774	950	358	5896
0	2	B	40000	9496	90.504	81.319	90504	9185	21	0	0	8303	852	9	9166
0	2	cSpy was 9 spamed and the readout avoided!
0	3	G	40000	100000	0	0	0	0	0	0	0	0	0	0	2
0	3	A	40000	100000	0	0	0	0	0	0	0	0	0	0	1
0	3	B	40000	100000	0	0	0	0	0	0	0	0	0	0	1
0	4	G	40000	100000	0	0	0	0	0	0	0	0	0	0	2
0	4	A	40000	100000	0	0	0	0	0	0	0	0	0	0	1
0	4	B	40000	100000	0	0	0	0	0	0	0	0	0	0	1
0	5	G	40000	35186	64.814	43.972	64814	28206	28	0	0	27601	198	379	28157
0	5	A	40000	44151	55.849	43.443	55849	12406	20	0	0	11984	35	367	12361
0	5	B	40000	39699	60.301	44.501	60301	15800	8	0	0	15617	163	12	15796
0	6	G	40000	1686	98.314	91.805	98314	8312	350	4	0	5863	1640	455	7774
0	6	A	40000	4242	95.758	91.449	95758	4309	121	0	0	2861	1099	228	4063
0	6	B	40000	3836	96.164	92.161	96164	4003	229	4	0	3002	541	227	3711
0	6	cSpy was 32 spamed and the readout avoided!
0	7	G	40000	98970	1.03	0.0205	1030	2012	0	0	0	2010	2	0	2014
0	7	A	40000	98975	1.025	0.019	1025	1006	0	0	0	1005	1	0	1007
0	7	B	40000	98972	1.028	0.022	1028	1006	0	0	0	1005	1	0	1007
1	0	G	40000	379	99.621	97.3305	99621	2909	182	0	0	1702	448	577	2411
1	0	A	40000	1283	98.717	97.027	98717	1690	134	0	0	848	224	484	1275
1	0	B	40000	1147	98.853	97.634	98853	1219	48	0	0	854	224	93	1136
1	0	cSpy was 30 spamed and the readout avoided!
1	1	G	40000	98595	1.405	0.2915	1405	2206	0	0	0	2204	2	0	2208
1	1	A	40000	98606	1.394	0.289	1394	1105	0	0	0	1105	0	0	1106
1	1	B	40000	98605	1.395	0.294	1395	1101	0	0	0	1099	2	0	1102
1	2	G	40000	100000	0	0	0	0	0	0	0	0	0	0	2
1	2	A	40000	100000	0	0	0	0	0	0	0	0	0	0	1
1	2	B	40000	100000	0	0	0	0	0	0	0	0	0	0	1
1	3	G	40000	88165	11.835	5.7265	11835	7732	2	0	0	7470	218	42	7727
1	3	A	40000	90975	9.025	5.29	9025	3735	1	0	0	3503	189	42	3729
1	3	B	40000	89840	10.16	6.163	10160	3997	1	0	0	3967	29	0	3998
1	4	G	40000	0	100	100	100000	200000	200000	200000	200000	200000	200000	200000	200002
1	4	A	40000	0	100	100	100000	100000	100000	100000	100000	100000	100000	100000	100001
1	4	B	40000	0	100	100	100000	100000	100000	100000	100000	100000	100000	100000	100001
1	5	G	40000	62027	37.973	8.311	37973	29355	0	0	0	25860	3495	0	29357
1	5	A	40000	81852	18.148	2.587	18148	15561	0	0	0	13585	1976	0	15562
1	5	B	40000	72171	27.829	14.035	27829	13794	0	0	0	12275	1519	0	13795
1	6	G	40000	100000	0	0	0	0	0	0	0	0	0	0	2
1	6	A	40000	100000	0	0	0	0	0	0	0	0	0	0	1
1	6	B	40000	100000	0	0	0	0	0	0	0	0	0	0	1
1	7	G	40000	99999	0.00100136	0	1	2	0	0	0	2	0	0	4
1	7	A	40000	99999	0.00100136	0	1	1	0	0	0	1	0	0	2
1	7	B	40000	99999	0.00100136	0	1	1	0	0	0	1	0	0	2
2	0	G	40000	2329	97.671	48.3745	97671	4008	46	0	0	3763	121	78	3923
2	0	A	40000	2358	97.642	95.231	97642	2411	46	0	0	2166	121	78	2325
2	0	B	40000	96885	3.115	1.518	3115	1597	0	0	0	1597	0	0	1598
2	1	G	40000	99762	0.238001	0.055	238	313	0	0	0	312	0	1	315
2	1	A	40000	99795	0.204998	0.05	205	155	0	0	0	154	0	1	156
2	1	B	40000	99782	0.217998	0.06	218	158	0	0	0	158	0	0	159
2	2	G	40000	23183	76.817	53.3485	76817	28431	906	9	0	25312	1398	806	27545
2	2	A	40000	35800	64.2	50.963	64200	13237	457	6	0	11015	1250	509	12743
2	2	B	40000	29072	70.928	55.734	70928	15194	449	3	0	14297	148	297	14802
2	3	G	40000	9302	90.698	68.7075	90698	24951	117	1	0	21611	3033	189	24754
2	3	A	40000	22928	77.072	61.54	77072	15532	61	0	0	13119	2239	113	15414
2	3	B	40000	14706	85.294	75.875	85294	9419	56	1	0	8492	794	76	9340
2	3	cSpy was 13 spamed and the readout avoided!
2	4	G	40000	99740	0.260001	0.075	260	370	0	0	0	370	0	0	372
2	4	A	40000	99740	0.260001	0.075	260	185	0	0	0	185	0	0	186
2	4	B	40000	99740	0.260001	0.075	260	185	0	0	0	185	0	0	186
2	5	G	40000	100000	0	0	0	0	0	0	0	0	0	0	2
2	5	A	40000	100000	0	0	0	0	0	0	0	0	0	0	1
2	5	B	40000	100000	0	0	0	0	0	0	0	0	0	0	1
2	6	G	40000	38651	61.349	40.085	61349	24865	131	1	0	23051	1291	391	24743
2	6	A	40000	50697	49.303	37.692	49303	11611	73	0	0	9916	1269	353	11515
2	6	B	40000	44268	55.732	42.478	55732	13254	58	1	0	13135	22	38	13228
2	7	G	40000	0	100	100	100000	200000	200000	200000	200000	200000	200000	200000	200002
2	7	A	40000	0	100	100	100000	100000	100000	100000	100000	100000	100000	100000	100001
2	7	B	40000	0	100	100	100000	100000	100000	100000	100000	100000	100000	100000	100001
3	0	G	40000	1093	98.907	70.86	98907	15154	241	1	0	14019	264	629	14608
3	0	A	40000	1547	98.453	96.409	98453	2044	183	0	0	1242	24	595	1539
3	0	B	40000	41579	58.421	45.311	58421	13110	58	1	0	12777	240	34	13069
3	0	cSpy was 13 spamed and the readout avoided!
3	1	G	40000	0	100	100	100000	200000	200000	200000	200000	200000	200000	200000	200002
3	1	A	40000	0	100	100	100000	100000	100000	100000	100000	100000	100000	100000	100001
3	1	B	40000	0	100	100	100000	100000	100000	100000	100000	100000	100000	100000	100001
3	2	G	40000	77054	22.946	21.8295	22946	1763	204	2	0	1235	59	263	1448
3	2	A	40000	77243	22.757	21.875	22757	882	112	2	0	557	25	186	676
3	2	B	40000	77335	22.665	21.784	22665	881	92	0	0	678	34	77	772
3	2	cSpy was 66 spamed and the readout avoided!
3	3	G	40000	100000	0	0	0	0	0	0	0	0	0	0	2
3	3	A	40000	100000	0	0	0	0	0	0	0	0	0	0	1
3	3	B	40000	100000	0	0	0	0	0	0	0	0	0	0	1
3	4	G	40000	87794	12.206	7.496	12206	7654	65	0	0	7505	21	63	7563
3	4	A	40000	88626	11.374	7.569	11374	3805	37	0	0	3717	3	48	3742
3	4	B	40000	88728	11.272	7.423	11272	3849	28	0	0	3788	18	15	3821
3	5	G	40000	0	100	100	100000	200000	200000	200000	200000	200000	200000	200000	200002
3	5	A	40000	0	100	100	100000	100000	100000	100000	100000	100000	100000	100000	100001
3	5	B	40000	0	100	100	100000	100000	100000	100000	100000	100000	100000	100000	100001
3	6	G	40000	0	100	100	100000	200000	200000	200000	200000	200000	200000	200000	200002
3	6	A	40000	0	100	100	100000	100000	100000	100000	100000	100000	100000	100000	100001
3	6	B	40000	0	100	100	100000	100000	100000	100000	100000	100000	100000	100000	100001
3	7	G	40000	100000	0	0	0	0	0	0	0	0	0	0	2
3	7	A	40000	100000	0	0	0	0	0	0	0	0	0	0	1
3	7	B	40000	100000	0	0	0	0	0	0	0	0	0	0	1
4	0	G	40000	854	99.146	69.7265	99146	19550	165	1	0	17523	1603	258	19298
4	0	A	40000	1335	98.665	97.144	98665	1521	78	0	0	850	365	228	1332
4	0	B	40000	39662	60.338	42.309	60338	18029	87	1	0	16673	1238	30	17966
4	0	cSpy was 19 spamed and the readout avoided!
4	1	G	40000	100000	0	0	0	0	0	0	0	0	0	0	2
4	1	A	40000	100000	0	0	0	0	0	0	0	0	0	0	1
4	1	B	40000	100000	0	0	0	0	0	0	0	0	0	0	1
4	2	G	40000	100000	0	0	0	0	0	0	0	0	0	0	2
4	2	A	40000	100000	0	0	0	0	0	0	0	0	0	0	1
4	2	B	40000	100000	0	0	0	0	0	0	0	0	0	0	1
4	3	G	40000	23945	76.055	54.528	76055	34645	711	0	0	33308	101	525	33721
4	3	A	40000	27891	72.109	54.778	72109	17331	346	0	0	16607	2	376	16706
4	3	B	40000	28408	71.592	54.278	71592	17314	365	0	0	16701	99	149	17015
4	3	cSpy was 5 spamed and the readout avoided!
4	4	G	40000	9964	90.036	63.5075	90036	35220	100	10	0	31591	3103	416	34954
4	4	A	40000	18597	81.403	63.938	81403	17465	38	7	0	15338	1709	373	17256
4	4	B	40000	19168	80.832	63.077	80832	17755	62	3	0	16253	1394	43	17698
4	4	cSpy was 23 spamed and the readout avoided!
4	5	G	40000	100000	0	0	0	0	0	0	0	0	0	0	2
4	5	A	40000	100000	0	0	0	0	0	0	0	0	0	0	1
4	5	B	40000	100000	0	0	0	0	0	0	0	0	0	0	1
4	6	G	40000	100000	0	0	0	0	0	0	0	0	0	0	2
4	6	A	40000	100000	0	0	0	0	0	0	0	0	0	0	1
4	6	B	40000	100000	0	0	0	0	0	0	0	0	0	0	1
4	7	G	40000	29740	70.26	45.342	70260	38393	199	0	0	37968	11	215	38184
4	7	A	40000	35449	64.551	45.458	64551	19093	97	0	0	18806	8	182	18936
4	7	B	40000	35474	64.526	45.226	64526	19300	102	0	0	19162	3	33	19248
4	7	cSpy was 5 spamed and the readout avoided!
5	0	G	40000	506	99.494	56.3655	99494	14240	134	0	0	13183	97	826	13708
5	0	A	40000	623	99.377	98.222	99377	1155	134	0	0	102	93	826	623
5	0	B	40000	72406	27.594	14.509	27594	13085	0	0	0	13081	4	0	13085
5	0	cSpy was 58 spamed and the readout avoided!
5	1	G	40000	40151	59.849	34.464	59849	38903	93	0	0	38660	8	142	38799
5	1	A	40000	46160	53.84	34.593	53840	19247	46	0	0	19066	8	127	19165
5	1	B	40000	46009	53.991	34.335	53991	19656	47	0	0	19594	0	15	19634
5	1	cSpy was 5 spamed and the readout avoided!
5	2	G	40000	14	99.986	98.707	99986	1503	49	0	0	541	440	473	1082
5	2	A	40000	35	99.965	99.621	99965	344	0	0	0	7	0	337	34
5	2	B	40000	1048	98.952	97.793	98952	1159	49	0	0	534	440	136	1048
5	2	cSpy was 17 spamed and the readout avoided!
5	3	G	40000	97674	2.326	0.004	2326	4617	0	0	0	4591	26	0	4619
5	3	A	40000	97674	2.326	0.004	2326	2322	0	0	0	2296	26	0	2323
5	3	B	40000	97701	2.299	0.004	2299	2295	0	0	0	2295	0	0	2296
5	4	G	40000	100000	0	0	0	0	0	0	0	0	0	0	2
5	4	A	40000	100000	0	0	0	0	0	0	0	0	0	0	1
5	4	B	40000	100000	0	0	0	0	0	0	0	0	0	0	1
5	5	G	40000	89446	10.554	5.54	10554	8089	14	0	0	8063	0	12	8077
5	5	A	40000	90413	9.587	5.581	9587	4006	7	0	0	3988	0	11	3998
5	5	B	40000	90418	9.582	5.499	9582	4083	7	0	0	4075	0	1	4079
5	5	cSpy was 1 spamed and the readout avoided!
5	6	G	40000	0	100	100	100000	200000	200000	200000	200000	200000	200000	200000	200002
5	6	A	40000	0	100	100	100000	100000	100000	100000	100000	100000	100000	100000	100001
5	6	B	40000	0	100	100	100000	100000	100000	100000	100000	100000	100000	100000	100001
5	7	G	40000	23861	76.139	27.748	76139	62267	9	7	0	54586	7511	154	62191
5	7	A	40000	39854	60.146	30.079	60146	30067	9	7	0	25572	4326	153	29990
5	7	B	40000	42383	57.617	25.417	57617	32200	0	0	0	29014	3185	1	32201
5	7	cSpy was 4 spamed and the readout avoided!
6	0	G	40000	572	99.428	95.9805	99428	4299	306	2	0	2143	1209	639	3729
6	0	A	40000	1279	98.721	96.979	98721	1742	168	0	0	155	824	595	1279
6	0	B	40000	2461	97.539	94.982	97539	2557	138	2	0	1988	385	44	2450
6	0	cSpy was 58 spamed and the readout avoided!
6	1	G	40000	12788	87.212	50.027	87212	48219	6	1	0	43074	4821	317	48063
6	1	A	40000	24438	75.562	52.633	75562	22929	0	1	0	20043	2572	313	22776
6	1	B	40000	27289	72.711	47.421	72711	25290	6	0	0	23031	2249	4	25287
6	1	cSpy was 6 spamed and the readout avoided!
6	2	G	40000	100000	0	0	0	0	0	0	0	0	0	0	2
6	2	A	40000	100000	0	0	0	0	0	0	0	0	0	0	1
6	2	B	40000	100000	0	0	0	0	0	0	0	0	0	0	1
6	3	G	40000	100000	0	0	0	0	0	0	0	0	0	0	2
6	3	A	40000	100000	0	0	0	0	0	0	0	0	0	0	1
6	3	B	40000	100000	0	0	0	0	0	0	0	0	0	0	1
6	4	G	40000	20313	79.687	58.6485	79687	34266	802	0	0	32717	153	594	33191
6	4	A	40000	23928	76.072	58.929	76072	17143	386	0	0	16337	0	420	16427
6	4	B	40000	24509	75.491	58.368	75491	17123	416	0	0	16380	153	174	16764
6	4	cSpy was 8 spamed and the readout avoided!
6	5	G	40000	0	100	100	100000	200000	200000	200000	200000	200000	200000	200000	200002
6	5	A	40000	0	100	100	100000	100000	100000	100000	100000	100000	100000	100000	100001
6	5	B	40000	0	100	100	100000	100000	100000	100000	100000	100000	100000	100000	100001
6	6	G	40000	100000	0	0	0	0	0	0	0	0	0	0	2
6	6	A	40000	100000	0	0	0	0	0	0	0	0	0	0	1
6	6	B	40000	100000	0	0	0	0	0	0	0	0	0	0	1
6	7	G	40000	100000	0	0	0	0	0	0	0	0	0	0	2
6	7	A	40000	100000	0	0	0	0	0	0	0	0	0	0	1
6	7	B	40000	100000	0	0	0	0	0	0	0	0	0	0	1
7	0	G	40000	2079	97.921	49.1525	97921	10717	203	0	0	9721	274	519	10244
7	0	A	40000	2286	97.714	94.985	97714	2729	202	0	0	1943	67	517	2255
7	0	B	40000	88692	11.308	3.32	11308	7988	1	0	0	7778	207	2	7989
7	0	cSpy was 6 spamed and the readout avoided!
7	1	G	40000	100000	0	0	0	0	0	0	0	0	0	0	2
7	1	A	40000	100000	0	0	0	0	0	0	0	0	0	0	1
7	1	B	40000	100000	0	0	0	0	0	0	0	0	0	0	1
7	2	G	40000	97520	2.48	0.239	2480	4121	0	0	0	4098	22	1	4123
7	2	A	40000	97670	2.33	0.271	2330	2059	0	0	0	2037	21	1	2060
7	2	B	40000	97731	2.269	0.207	2269	2062	0	0	0	2061	1	0	2063
7	3	G	40000	0	100	100	100000	200000	200000	200000	200000	200000	200000	200000	200002
7	3	A	40000	0	100	100	100000	100000	100000	100000	100000	100000	100000	100000	100001
7	3	B	40000	0	100	100	100000	100000	100000	100000	100000	100000	100000	100000	100001
7	4	G	40000	57435	42.565	30.047	42565	20331	118	3	0	18135	1714	361	20090
7	4	A	40000	58863	41.137	30.241	41137	10896	14	0	0	9235	1358	289	10752
7	4	B	40000	60712	39.288	29.853	39288	9435	104	3	0	8900	356	72	9338
7	4	cSpy was 27 spamed and the readout avoided!
7	5	G	40000	100000	0	0	0	0	0	0	0	0	0	0	2
7	5	A	40000	100000	0	0	0	0	0	0	0	0	0	0	1
7	5	B	40000	100000	0	0	0	0	0	0	0	0	0	0	1
7	6	G	40000	97311	2.689	0.635	2689	2904	0	3	0	2888	7	6	2904
7	6	A	40000	97847	2.153	0.705	2153	1448	0	3	0	1435	4	6	1447
7	6	B	40000	97979	2.021	0.565	2021	1456	0	0	0	1453	3	0	1457
7	6	cSpy was 1 spamed and the readout avoided!
7	7	G	40000	56521	43.479	17.7635	43479	37620	20	28	0	36666	732	174	37550
7	7	A	40000	62644	37.356	18.341	37356	19015	19	28	0	18494	301	173	18945
7	7	B	40000	64209	35.791	17.186	35791	18605	1	0	0	18172	431	1	18605
7	7	cSpy was 8 spamed and the readout avoided!
