#the gain was set to: 2	the bias was set to: 30
#Sent triggers per delay setting: 100000	and with a frequency [Hz] of: 40000
#160MHz delay setting	400MHz delay setting	Frequency	correct transmitted H+T		error rate [%]	uncertainty [%]	bad or missed events	error count	missing headers	missing trailers	flipped H/T	event nr errors	tbm missed trigger	unknown errors	event nr resets
0	0	G	40000	402	99.598	73.427	99598	18748	116	0	0	17690	316	626	18228
0	0	A	40000	640	99.36	98.211	99360	1149	95	0	0	186	256	612	640
0	0	B	40000	33758	66.242	48.643	66242	17599	21	0	0	17504	60	14	17588
0	0	cSpy was 28 spamed and the readout avoided!
0	1	G	40000	31361	68.639	47.052	68639	28319	271	1	0	27485	19	543	28072
0	1	A	40000	41297	58.703	46.444	58703	12259	137	0	0	11684	10	428	12105
0	1	B	40000	36280	63.72	47.66	63720	16060	134	1	0	15801	9	115	15967
0	2	G	40000	3294	96.706	83.3995	96706	16417	66	0	0	13805	2240	306	16237
0	2	A	40000	6880	93.12	86.381	93120	6739	45	0	0	5258	1137	299	6567
0	2	B	40000	9904	90.096	80.418	90096	9678	21	0	0	8547	1103	7	9670
0	2	cSpy was 1 spamed and the readout avoided!
0	3	G	40000	100000	0	0	0	0	0	0	0	0	0	0	2
0	3	A	40000	100000	0	0	0	0	0	0	0	0	0	0	1
0	3	B	40000	100000	0	0	0	0	0	0	0	0	0	0	1
0	4	G	40000	100000	0	0	0	0	0	0	0	0	0	0	2
0	4	A	40000	100000	0	0	0	0	0	0	0	0	0	0	1
0	4	B	40000	100000	0	0	0	0	0	0	0	0	0	0	1
0	5	G	40000	29551	70.449	48.084	70449	28929	73	0	0	28273	79	504	28819
0	5	A	40000	39882	60.118	47.368	60118	12750	40	0	0	12218	33	459	12658
0	5	B	40000	35021	64.979	48.8	64979	16179	33	0	0	16055	46	45	16161
0	6	G	40000	3427	96.573	81.8495	96573	18046	165	2	0	14761	2623	495	17659
0	6	A	40000	6671	93.329	86.633	93329	6696	111	0	0	4940	1173	472	6353
0	6	B	40000	11584	88.416	77.066	88416	11350	54	2	0	9821	1450	23	11306
0	6	cSpy was 10 spamed and the readout avoided!
0	7	G	40000	99688	0.312001	0.096	312	432	0	0	0	432	0	0	434
0	7	A	40000	99688	0.312001	0.096	312	216	0	0	0	216	0	0	217
0	7	B	40000	99688	0.312001	0.096	312	216	0	0	0	216	0	0	217
1	0	G	40000	409	99.591	96.471	99591	3759	255	7	0	2600	374	523	3216
1	0	A	40000	2072	97.928	95.469	97928	2459	184	7	0	1588	253	427	2023
1	0	B	40000	1227	98.773	97.473	98773	1300	71	0	0	1012	121	96	1193
1	0	cSpy was 38 spamed and the readout avoided!
1	1	G	40000	99546	0.454003	0.138	454	632	0	0	0	632	0	0	634
1	1	A	40000	99546	0.454003	0.138	454	316	0	0	0	316	0	0	317
1	1	B	40000	99546	0.454003	0.138	454	316	0	0	0	316	0	0	317
1	2	G	40000	100000	0	0	0	0	0	0	0	0	0	0	2
1	2	A	40000	100000	0	0	0	0	0	0	0	0	0	0	1
1	2	B	40000	100000	0	0	0	0	0	0	0	0	0	0	1
1	3	G	40000	84530	15.47	5.844	15470	13298	7	0	0	13054	197	40	13290
1	3	A	40000	88197	11.803	5.322	11803	6481	4	0	0	6287	150	40	6473
1	3	B	40000	86817	13.183	6.366	13183	6817	3	0	0	6767	47	0	6817
1	4	G	40000	0	100	100	100000	200000	200000	200000	200000	200000	200000	200000	200002
1	4	A	40000	0	100	100	100000	100000	100000	100000	100000	100000	100000	100000	100001
1	4	B	40000	0	100	100	100000	100000	100000	100000	100000	100000	100000	100000	100001
1	5	G	40000	87104	12.896	2.1635	12896	12213	0	0	0	11376	837	0	12215
1	5	A	40000	92828	7.172	1.131	7172	6041	0	0	0	5682	359	0	6042
1	5	B	40000	90632	9.368	3.196	9368	6172	0	0	0	5694	478	0	6173
1	6	G	40000	100000	0	0	0	0	0	0	0	0	0	0	2
1	6	A	40000	100000	0	0	0	0	0	0	0	0	0	0	1
1	6	B	40000	100000	0	0	0	0	0	0	0	0	0	0	1
1	7	G	40000	99904	0.0959992	0.001	96	190	0	0	0	190	0	0	192
1	7	A	40000	99904	0.0959992	0.001	96	95	0	0	0	95	0	0	96
1	7	B	40000	99904	0.0959992	0.001	96	95	0	0	0	95	0	0	96
2	0	G	40000	2400	97.6	48.26	97600	4021	47	0	0	3785	113	76	3926
2	0	A	40000	2440	97.56	95.061	97560	2499	47	0	0	2263	113	76	2403
2	0	B	40000	97019	2.981	1.459	2981	1522	0	0	0	1522	0	0	1523
2	0	cSpy was 1 spamed and the readout avoided!
2	1	G	40000	98338	1.662	0.7135	1662	1247	0	0	0	1233	10	4	1249
2	1	A	40000	98736	1.264	0.684	1264	580	0	0	0	568	8	4	581
2	1	B	40000	98590	1.41	0.743	1410	667	0	0	0	665	2	0	668
2	2	G	40000	25369	74.631	53.285	74631	26763	874	0	0	23714	1428	747	25984
2	2	A	40000	36424	63.576	51.443	63576	12133	485	0	0	10666	494	488	11653
2	2	B	40000	30243	69.757	55.127	69757	14630	389	0	0	13048	934	259	14331
2	3	G	40000	10359	89.641	66.395	89641	26864	171	1	0	23412	3021	259	26595
2	3	A	40000	24523	75.477	58.728	75477	16749	72	1	0	14326	2224	126	16623
2	3	B	40000	15823	84.177	74.062	84177	10115	99	0	0	9086	797	133	9972
2	3	cSpy was 16 spamed and the readout avoided!
2	4	G	40000	100000	0	0	0	0	0	0	0	0	0	0	2
2	4	A	40000	100000	0	0	0	0	0	0	0	0	0	0	1
2	4	B	40000	100000	0	0	0	0	0	0	0	0	0	0	1
2	5	G	40000	100000	0	0	0	0	0	0	0	0	0	0	2
2	5	A	40000	100000	0	0	0	0	0	0	0	0	0	0	1
2	5	B	40000	100000	0	0	0	0	0	0	0	0	0	0	1
2	6	G	40000	42821	57.179	39.0065	57179	21825	229	0	0	20351	815	430	21648
2	6	A	40000	52981	47.019	37.347	47019	9672	137	0	0	8576	607	352	9541
2	6	B	40000	47181	52.819	40.666	52819	12153	92	0	0	11775	208	78	12107
2	7	G	40000	2113	97.887	88.992	97887	10917	158	8	0	9349	1092	310	10648
2	7	A	40000	6994	93.006	86.251	93006	6755	9	0	0	5750	792	204	6636
2	7	B	40000	4105	95.895	91.733	95895	4162	149	8	0	3599	300	106	4012
2	7	cSpy was 30 spamed and the readout avoided!
3	0	G	40000	1082	98.918	72.3215	98918	15248	269	3	0	14048	293	636	14688
3	0	A	40000	1622	98.378	96.264	98378	2114	202	0	0	1274	30	608	1601
3	0	B	40000	38487	61.513	48.379	61513	13134	67	3	0	12774	263	28	13087
3	0	cSpy was 9 spamed and the readout avoided!
3	1	G	40000	0	100	100	100000	200000	200000	200000	200000	200000	200000	200000	200002
3	1	A	40000	0	100	100	100000	100000	100000	100000	100000	100000	100000	100000	100001
3	1	B	40000	0	100	100	100000	100000	100000	100000	100000	100000	100000	100000	100001
3	2	G	40000	99977	0.0230014	0	23	46	0	0	0	46	0	0	48
3	2	A	40000	99977	0.0230014	0	23	23	0	0	0	23	0	0	24
3	2	B	40000	99977	0.0230014	0	23	23	0	0	0	23	0	0	24
3	3	G	40000	100000	0	0	0	0	0	0	0	0	0	0	2
3	3	A	40000	100000	0	0	0	0	0	0	0	0	0	0	1
3	3	B	40000	100000	0	0	0	0	0	0	0	0	0	0	1
3	4	G	40000	93263	6.737	0.9185	6737	10884	0	0	0	10869	15	0	10886
3	4	A	40000	93691	6.309	0.847	6309	5462	0	0	0	5448	14	0	5463
3	4	B	40000	93588	6.412	0.99	6412	5422	0	0	0	5421	1	0	5423
3	5	G	40000	0	100	100	100000	200000	200000	200000	200000	200000	200000	200000	200002
3	5	A	40000	0	100	100	100000	100000	100000	100000	100000	100000	100000	100000	100001
3	5	B	40000	0	100	100	100000	100000	100000	100000	100000	100000	100000	100000	100001
3	6	G	40000	85714	14.286	3.143	14286	20593	7	5	0	19872	704	5	20594
3	6	A	40000	86179	13.821	3.131	13821	10690	0	0	0	10018	668	4	10691
3	6	B	40000	86942	13.058	3.155	13058	9903	7	5	0	9854	36	1	9903
3	6	cSpy was 1 spamed and the readout avoided!
3	7	G	40000	100000	0	0	0	0	0	0	0	0	0	0	2
3	7	A	40000	100000	0	0	0	0	0	0	0	0	0	0	1
3	7	B	40000	100000	0	0	0	0	0	0	0	0	0	0	1
4	0	G	40000	1081	98.919	54.0095	98919	24474	172	7	0	22740	1165	390	24077
4	0	A	40000	1433	98.567	96.748	98567	1819	170	0	0	852	417	380	1427
4	0	B	40000	66074	33.926	11.271	33926	22655	2	7	0	21888	748	10	22650
4	0	cSpy was 8 spamed and the readout avoided!
4	1	G	40000	100000	0	0	0	0	0	0	0	0	0	0	2
4	1	A	40000	100000	0	0	0	0	0	0	0	0	0	0	1
4	1	B	40000	100000	0	0	0	0	0	0	0	0	0	0	1
4	2	G	40000	99711	0.288999	0.1955	289	155	2	0	0	152	0	1	155
4	2	A	40000	99727	0.273001	0.195	273	78	1	0	0	76	0	1	78
4	2	B	40000	99727	0.273001	0.196	273	77	1	0	0	76	0	0	77
4	3	G	40000	19485	80.515	58.9545	80515	34140	809	1	0	32593	134	603	33071
4	3	A	40000	23663	76.337	59.241	76337	17096	393	0	0	16275	3	425	16384
4	3	B	40000	24288	75.712	58.668	75712	17044	416	1	0	16318	131	178	16687
4	3	cSpy was 36 spamed and the readout avoided!
4	4	G	40000	0	100	100	100000	200000	200000	200000	200000	200000	200000	200000	200002
4	4	A	40000	0	100	100	100000	100000	100000	100000	100000	100000	100000	100000	100001
4	4	B	40000	0	100	100	100000	100000	100000	100000	100000	100000	100000	100000	100001
4	5	G	40000	100000	0	0	0	0	0	0	0	0	0	0	2
4	5	A	40000	100000	0	0	0	0	0	0	0	0	0	0	1
4	5	B	40000	100000	0	0	0	0	0	0	0	0	0	0	1
4	6	G	40000	100000	0	0	0	0	0	0	0	0	0	0	2
4	6	A	40000	100000	0	0	0	0	0	0	0	0	0	0	1
4	6	B	40000	100000	0	0	0	0	0	0	0	0	0	0	1
4	7	G	40000	39553	60.447	42.899	60447	28267	400	0	0	27476	62	329	27717
4	7	A	40000	42818	57.182	43.066	57182	14116	193	0	0	13684	2	237	13752
4	7	B	40000	43117	56.883	42.732	56883	14151	207	0	0	13792	60	92	13965
4	7	cSpy was 7 spamed and the readout avoided!
5	0	G	40000	514	99.486	56.603	99486	14577	157	0	0	13490	103	827	14033
5	0	A	40000	619	99.381	98.217	99381	1164	157	0	0	85	96	826	619
5	0	B	40000	71598	28.402	14.989	28402	13413	0	0	0	13405	7	1	13414
5	0	cSpy was 53 spamed and the readout avoided!
5	1	G	40000	47361	52.639	33.2995	52639	29651	127	0	0	29394	2	128	29523
5	1	A	40000	51861	48.139	33.386	48139	14753	61	0	0	14577	2	113	14648
5	1	B	40000	51889	48.111	33.213	48111	14898	66	0	0	14817	0	15	14875
5	1	cSpy was 1 spamed and the readout avoided!
5	2	G	40000	0	100	100	100000	200000	200000	200000	200000	200000	200000	200000	200002
5	2	A	40000	0	100	100	100000	100000	100000	100000	100000	100000	100000	100000	100001
5	2	B	40000	0	100	100	100000	100000	100000	100000	100000	100000	100000	100000	100001
5	3	G	40000	99630	0.370002	0	370	740	0	0	0	740	0	0	742
5	3	A	40000	99630	0.370002	0	370	370	0	0	0	370	0	0	371
5	3	B	40000	99630	0.370002	0	370	370	0	0	0	370	0	0	371
5	4	G	40000	100000	0	0	0	0	0	0	0	0	0	0	2
5	4	A	40000	100000	0	0	0	0	0	0	0	0	0	0	1
5	4	B	40000	100000	0	0	0	0	0	0	0	0	0	0	1
5	5	G	40000	84660	15.34	4.4875	15340	18061	0	0	0	18050	3	8	18063
5	5	A	40000	86388	13.612	4.683	13612	8929	0	0	0	8918	3	8	8930
5	5	B	40000	86576	13.424	4.292	13424	9132	0	0	0	9132	0	0	9133
5	6	G	40000	2	99.998	97.652	99998	2446	208	0	0	864	1239	135	2247
5	6	A	40000	6	99.994	99.936	99994	58	0	0	0	0	0	58	6
5	6	B	40000	2244	97.756	95.368	97756	2388	208	0	0	864	1239	77	2241
5	6	cSpy was 34 spamed and the readout avoided!
5	7	G	40000	46152	53.848	12.275	53848	55437	6	2	0	49889	5441	99	55403
5	7	A	40000	58320	41.68	12.982	41680	28698	6	2	0	24757	3834	99	28664
5	7	B	40000	61693	38.307	11.568	38307	26739	0	0	0	25132	1607	0	26739
5	7	cSpy was 1 spamed and the readout avoided!
6	0	G	40000	584	99.416	95.1925	99416	5146	352	6	0	2594	1408	786	4460
6	0	A	40000	1489	98.511	96.467	98511	2044	187	3	0	176	950	728	1489
6	0	B	40000	2980	97.02	93.918	97020	3102	165	3	0	2418	458	58	2971
6	0	cSpy was 45 spamed and the readout avoided!
6	1	G	40000	16635	83.365	37.791	83365	59450	3	0	0	52911	6243	293	59293
6	1	A	40000	30764	69.236	40.92	69236	28316	0	0	0	24536	3489	291	28162
6	1	B	40000	34204	65.796	34.662	65796	31134	3	0	0	28375	2754	2	31131
6	1	cSpy was 3 spamed and the readout avoided!
6	2	G	40000	100000	0	0	0	0	0	0	0	0	0	0	2
6	2	A	40000	100000	0	0	0	0	0	0	0	0	0	0	1
6	2	B	40000	100000	0	0	0	0	0	0	0	0	0	0	1
6	3	G	40000	100000	0	0	0	0	0	0	0	0	0	0	2
6	3	A	40000	100000	0	0	0	0	0	0	0	0	0	0	1
6	3	B	40000	100000	0	0	0	0	0	0	0	0	0	0	1
6	4	G	40000	19655	80.345	58.984	80345	34020	803	0	0	32482	142	593	32967
6	4	A	40000	23703	76.297	59.266	76297	17031	392	0	0	16212	0	427	16319
6	4	B	40000	24309	75.691	58.702	75691	16989	411	0	0	16270	142	166	16648
6	4	cSpy was 32 spamed and the readout avoided!
6	5	G	40000	7043	92.957	84.0895	92957	11730	142	1	1	9978	681	928	11017
6	5	A	40000	9459	90.541	85.021	90541	5520	18	0	0	4391	305	807	4960
6	5	B	40000	10632	89.368	83.158	89368	6210	124	1	1	5587	376	121	6057
6	5	cSpy was 45 spamed and the readout avoided!
6	6	G	40000	100000	0	0	0	0	0	0	0	0	0	0	2
6	6	A	40000	100000	0	0	0	0	0	0	0	0	0	0	1
6	6	B	40000	100000	0	0	0	0	0	0	0	0	0	0	1
6	7	G	40000	99997	0.00299811	0	3	6	0	0	0	6	0	0	8
6	7	A	40000	99997	0.00299811	0	3	3	0	0	0	3	0	0	4
6	7	B	40000	99997	0.00299811	0	3	3	0	0	0	3	0	0	4
7	0	G	40000	2106	97.894	48.0795	97894	5021	221	0	0	4140	108	552	4541
7	0	A	40000	2161	97.839	95.226	97839	2613	221	0	0	1773	67	552	2132
7	0	B	40000	96659	3.341	0.933	3341	2408	0	0	0	2367	41	0	2409
7	1	G	40000	100000	0	0	0	0	0	0	0	0	0	0	2
7	1	A	40000	100000	0	0	0	0	0	0	0	0	0	0	1
7	1	B	40000	100000	0	0	0	0	0	0	0	0	0	0	1
7	2	G	40000	93091	6.909	1.2805	6909	9060	1	3	0	8997	49	10	9059
7	2	A	40000	94037	5.963	1.436	5963	4527	1	3	0	4472	41	10	4525
7	2	B	40000	94342	5.658	1.125	5658	4533	0	0	0	4525	8	0	4534
7	3	G	40000	0	100	100	100000	200000	200000	200000	200000	200000	200000	200000	200002
7	3	A	40000	0	100	100	100000	100000	100000	100000	100000	100000	100000	100000	100001
7	3	B	40000	0	100	100	100000	100000	100000	100000	100000	100000	100000	100000	100001
7	4	G	40000	91847	8.153	0.742	8153	14016	0	0	0	13390	621	5	14018
7	4	A	40000	91931	8.069	0.742	8069	7327	0	0	0	6785	537	5	7328
7	4	B	40000	92569	7.431	0.742	7431	6689	0	0	0	6605	84	0	6690
7	5	G	40000	100000	0	0	0	0	0	0	0	0	0	0	2
7	5	A	40000	100000	0	0	0	0	0	0	0	0	0	0	1
7	5	B	40000	100000	0	0	0	0	0	0	0	0	0	0	1
7	6	G	40000	96942	3.058	0.844	3058	2843	2	4	0	2816	14	7	2843
7	6	A	40000	97653	2.347	0.941	2347	1406	2	4	0	1386	7	7	1405
7	6	B	40000	97816	2.184	0.747	2184	1437	0	0	0	1430	7	0	1438
7	7	G	40000	46186	53.814	25.232	53814	43150	13	13	0	41639	1287	198	43061
7	7	A	40000	52542	47.458	25.665	47458	21793	9	13	0	20984	589	198	21705
7	7	B	40000	53844	46.156	24.799	46156	21357	4	0	0	20655	698	0	21356
7	7	cSpy was 8 spamed and the readout avoided!
