#the gain was set to: 2	the bias was set to: 30
#Sent triggers per delay setting: 100000	and with a frequency [Hz] of: 40000
#160MHz delay setting	400MHz delay setting	Frequency	correct transmitted H+T		error rate [%]	uncertainty [%]	bad or missed events	error count	missing headers	missing trailers	flipped H/T	event nr errors	tbm missed trigger	unknown errors	event nr resets
0	0	G	40000	391	99.609	73.233	99609	19080	112	0	0	18035	312	621	18556
0	0	A	40000	618	99.382	98.256	99382	1126	85	0	0	183	248	610	618
0	0	B	40000	33836	66.164	48.21	66164	17954	27	0	0	17852	64	11	17938
0	0	cSpy was 21 spamed and the readout avoided!
0	1	G	40000	41727	58.273	41.5315	58273	23015	451	0	0	21998	0	566	22597
0	1	A	40000	49087	50.913	41.157	50913	9756	220	0	0	9154	0	382	9535
0	1	B	40000	44835	55.165	41.906	55165	13259	231	0	0	12844	0	184	13062
0	2	G	40000	4987	95.013	80.603	95013	18984	46	0	0	16175	2561	202	18854
0	2	A	40000	9945	90.055	80.609	90055	9446	27	0	0	7690	1534	195	9329
0	2	B	40000	9865	90.135	80.597	90135	9538	19	0	0	8485	1027	7	9525
0	2	cSpy was 1 spamed and the readout avoided!
0	3	G	40000	100000	0	0	0	0	0	0	0	0	0	0	2
0	3	A	40000	100000	0	0	0	0	0	0	0	0	0	0	1
0	3	B	40000	100000	0	0	0	0	0	0	0	0	0	0	1
0	4	G	40000	100000	0	0	0	0	0	0	0	0	0	0	2
0	4	A	40000	100000	0	0	0	0	0	0	0	0	0	0	1
0	4	B	40000	100000	0	0	0	0	0	0	0	0	0	0	1
0	5	G	40000	26194	73.806	52.8315	73806	26603	233	0	0	25773	10	587	26400
0	5	A	40000	36675	63.325	52.092	63325	11233	123	0	0	10616	4	490	11098
0	5	B	40000	31059	68.941	53.571	68941	15370	110	0	0	15157	6	97	15302
0	6	G	40000	3276	96.724	82.5675	96724	17397	248	6	0	14010	2636	497	16920
0	6	A	40000	6593	93.407	86.744	93407	6663	150	0	0	4855	1203	455	6275
0	6	B	40000	10875	89.125	78.391	89125	10734	98	6	0	9155	1433	42	10645
0	6	cSpy was 14 spamed and the readout avoided!
0	7	G	40000	99891	0.108999	0.04	109	138	0	0	0	138	0	0	140
0	7	A	40000	99891	0.108999	0.04	109	69	0	0	0	69	0	0	70
0	7	B	40000	99891	0.108999	0.04	109	69	0	0	0	69	0	0	70
1	0	G	40000	385	99.615	96.7435	99615	3440	222	2	0	2566	246	404	3032
1	0	A	40000	2287	97.713	95.1	97713	2613	204	2	0	1863	192	352	2247
1	0	B	40000	786	99.214	98.387	99214	827	18	0	0	703	54	52	785
1	0	cSpy was 33 spamed and the readout avoided!
1	1	G	40000	99942	0.0580013	0	58	116	0	0	0	116	0	0	118
1	1	A	40000	99942	0.0580013	0	58	58	0	0	0	58	0	0	59
1	1	B	40000	99942	0.0580013	0	58	58	0	0	0	58	0	0	59
1	2	G	40000	100000	0	0	0	0	0	0	0	0	0	0	2
1	2	A	40000	100000	0	0	0	0	0	0	0	0	0	0	1
1	2	B	40000	100000	0	0	0	0	0	0	0	0	0	0	1
1	3	G	40000	82022	17.978	6.548	17978	16560	1	0	0	16446	76	37	16560
1	3	A	40000	86044	13.956	6.196	13956	7760	1	0	0	7659	65	35	7759
1	3	B	40000	84300	15.7	6.9	15700	8800	0	0	0	8787	11	2	8801
1	4	G	40000	931	99.069	94.629	99069	5540	371	5	0	3486	1295	383	5061
1	4	A	40000	3255	96.745	93.37	96745	3375	118	0	0	2079	981	197	3142
1	4	B	40000	1947	98.053	95.888	98053	2165	253	5	0	1407	314	186	1919
1	4	cSpy was 44 spamed and the readout avoided!
1	5	G	40000	92602	7.398	1.164	7398	8637	0	0	0	8161	471	5	8639
1	5	A	40000	95011	4.989	0.725	4989	4264	0	0	0	4092	167	5	4265
1	5	B	40000	94024	5.976	1.603	5976	4373	0	0	0	4069	304	0	4374
1	6	G	40000	100000	0	0	0	0	0	0	0	0	0	0	2
1	6	A	40000	100000	0	0	0	0	0	0	0	0	0	0	1
1	6	B	40000	100000	0	0	0	0	0	0	0	0	0	0	1
1	7	G	40000	97052	2.948	1.617	2948	1586	1	0	0	1537	24	24	1587
1	7	A	40000	97742	2.258	1.539	2258	719	0	0	0	677	22	20	719
1	7	B	40000	97438	2.562	1.695	2562	867	1	0	0	860	2	4	868
2	0	G	40000	2287	97.713	48.4685	97713	4106	50	0	0	3864	110	82	4019
2	0	A	40000	2324	97.676	95.296	97676	2380	50	0	0	2139	109	82	2292
2	0	B	40000	96633	3.367	1.641	3367	1726	0	0	0	1725	1	0	1727
2	1	G	40000	98969	1.031	0.2485	1031	1307	0	0	0	1303	3	1	1309
2	1	A	40000	99132	0.867999	0.227	868	641	0	0	0	640	0	1	642
2	1	B	40000	99064	0.936002	0.27	936	666	0	0	0	663	3	0	667
2	2	G	40000	23423	76.577	52.026	76577	29872	670	4	0	27223	1282	693	29192
2	2	A	40000	35883	64.117	49.713	64117	14404	345	3	0	12667	918	471	14000
2	2	B	40000	30193	69.807	54.339	69807	15468	325	1	0	14556	364	222	15192
2	2	cSpy was 4 spamed and the readout avoided!
2	3	G	40000	8112	91.888	62.784	91888	34813	95	0	0	31044	3609	65	34729
2	3	A	40000	24167	75.833	53.812	75833	22021	4	0	0	19205	2788	24	22006
2	3	B	40000	15452	84.548	71.756	84548	12792	91	0	0	11839	821	41	12723
2	3	cSpy was 3 spamed and the readout avoided!
2	4	G	40000	100000	0	0	0	0	0	0	0	0	0	0	2
2	4	A	40000	100000	0	0	0	0	0	0	0	0	0	0	1
2	4	B	40000	100000	0	0	0	0	0	0	0	0	0	0	1
2	5	G	40000	100000	0	0	0	0	0	0	0	0	0	0	2
2	5	A	40000	100000	0	0	0	0	0	0	0	0	0	0	1
2	5	B	40000	100000	0	0	0	0	0	0	0	0	0	0	1
2	6	G	40000	24457	75.543	51.6075	75543	28190	440	7	0	25538	1553	652	27800
2	6	A	40000	38074	61.926	48.904	61926	13022	224	2	0	10767	1549	480	12774
2	6	B	40000	30521	69.479	54.311	69479	15168	216	5	0	14771	4	172	15026
2	7	G	40000	0	100	100	100000	200000	200000	200000	200000	200000	200000	200000	200002
2	7	A	40000	0	100	100	100000	100000	100000	100000	100000	100000	100000	100000	100001
2	7	B	40000	0	100	100	100000	100000	100000	100000	100000	100000	100000	100000	100001
3	0	G	40000	694	99.306	81.1695	99306	16922	312	0	0	15489	419	702	16273
3	0	A	40000	1305	98.695	96.809	98695	1886	209	0	0	988	24	665	1289
3	0	B	40000	19434	80.566	65.53	80566	15036	103	0	0	14501	395	37	14984
3	0	cSpy was 34 spamed and the readout avoided!
3	1	G	40000	0	100	100	100000	200000	200000	200000	200000	200000	200000	200000	200002
3	1	A	40000	0	100	100	100000	100000	100000	100000	100000	100000	100000	100000	100001
3	1	B	40000	0	100	100	100000	100000	100000	100000	100000	100000	100000	100000	100001
3	2	G	40000	85470	14.53	3.6065	14530	15435	4	0	0	14254	1169	8	15435
3	2	A	40000	88513	11.487	3.538	11487	7949	3	0	0	6931	1007	8	7948
3	2	B	40000	88839	11.161	3.675	11161	7486	1	0	0	7323	162	0	7487
3	2	cSpy was 3 spamed and the readout avoided!
3	3	G	40000	100000	0	0	0	0	0	0	0	0	0	0	2
3	3	A	40000	100000	0	0	0	0	0	0	0	0	0	0	1
3	3	B	40000	100000	0	0	0	0	0	0	0	0	0	0	1
3	4	G	40000	88847	11.153	2.825	11153	14675	0	0	0	14648	26	1	14677
3	4	A	40000	89919	10.081	2.695	10081	7386	0	0	0	7364	21	1	7387
3	4	B	40000	89756	10.244	2.955	10244	7289	0	0	0	7284	5	0	7290
3	5	G	40000	0	100	100	100000	200000	200000	200000	200000	200000	200000	200000	200002
3	5	A	40000	0	100	100	100000	100000	100000	100000	100000	100000	100000	100000	100001
3	5	B	40000	0	100	100	100000	100000	100000	100000	100000	100000	100000	100000	100001
3	6	G	40000	69634	30.366	23.924	30366	11905	47	0	0	11228	523	107	11803
3	6	A	40000	69744	30.256	24.381	30256	5875	0	0	0	5600	250	25	5853
3	6	B	40000	70503	29.497	23.467	29497	6030	47	0	0	5628	273	82	5950
3	6	cSpy was 95 spamed and the readout avoided!
3	7	G	40000	100000	0	0	0	0	0	0	0	0	0	0	2
3	7	A	40000	100000	0	0	0	0	0	0	0	0	0	0	1
3	7	B	40000	100000	0	0	0	0	0	0	0	0	0	0	1
4	0	G	40000	1069	98.931	65.595	98931	16409	302	4	1	14248	1280	574	15819
4	0	A	40000	1676	98.324	96.124	98324	2200	235	2	1	822	592	548	1676
4	0	B	40000	50725	49.275	35.066	49275	14209	67	2	0	13426	688	26	14143
4	0	cSpy was 24 spamed and the readout avoided!
4	1	G	40000	100000	0	0	0	0	0	0	0	0	0	0	2
4	1	A	40000	100000	0	0	0	0	0	0	0	0	0	0	1
4	1	B	40000	100000	0	0	0	0	0	0	0	0	0	0	1
4	2	G	40000	91774	8.226	5.1495	8226	4663	22	0	0	4613	1	27	4638
4	2	A	40000	92522	7.478	5.169	7478	2309	11	0	0	2277	1	20	2290
4	2	B	40000	92516	7.484	5.13	7484	2354	11	0	0	2336	0	7	2348
4	3	G	40000	18382	81.618	59.9655	81618	33570	801	6	0	31942	136	685	32454
4	3	A	40000	22901	77.099	60.299	77099	16800	390	4	0	15898	15	493	16058
4	3	B	40000	23598	76.402	59.632	76402	16770	411	2	0	16044	121	192	16396
4	3	cSpy was 37 spamed and the readout avoided!
4	4	G	40000	15818	84.182	54.1105	84182	39412	113	6	0	35221	3755	317	39155
4	4	A	40000	25958	74.042	54.603	74042	19439	18	1	0	16732	2469	219	19305
4	4	B	40000	26409	73.591	53.618	73591	19973	95	5	0	18489	1286	98	19850
4	4	cSpy was 57 spamed and the readout avoided!
4	5	G	40000	100000	0	0	0	0	0	0	0	0	0	0	2
4	5	A	40000	100000	0	0	0	0	0	0	0	0	0	0	1
4	5	B	40000	100000	0	0	0	0	0	0	0	0	0	0	1
4	6	G	40000	99204	0.796002	0.159	796	1067	0	0	0	1066	0	1	1069
4	6	A	40000	99293	0.707	0.176	707	531	0	0	0	530	0	1	532
4	6	B	40000	99322	0.678003	0.142	678	536	0	0	0	536	0	0	537
4	7	G	40000	32882	67.118	45.4065	67118	34522	382	0	0	33772	32	336	34012
4	7	A	40000	37191	62.809	45.594	62809	17215	185	0	0	16787	0	243	16866
4	7	B	40000	37474	62.526	45.219	62526	17307	197	0	0	16985	32	93	17146
4	7	cSpy was 5 spamed and the readout avoided!
5	0	G	40000	475	99.525	57.2785	99525	15469	136	0	0	14357	111	865	14893
5	0	A	40000	599	99.401	98.225	99401	1176	136	0	0	77	99	864	599
5	0	B	40000	69375	30.625	16.332	30625	14293	0	0	0	14280	12	1	14294
5	0	cSpy was 61 spamed and the readout avoided!
5	1	G	40000	44302	55.698	37.618	55698	28935	277	0	0	28386	16	256	28572
5	1	A	40000	47797	52.203	37.74	52203	14463	133	0	0	14143	2	185	14208
5	1	B	40000	48032	51.968	37.496	51968	14472	144	0	0	14243	14	71	14364
5	1	cSpy was 3 spamed and the readout avoided!
5	2	G	40000	71	99.929	98.317	99929	1956	116	3	0	1072	100	665	1399
5	2	A	40000	178	99.822	99.238	99822	584	3	0	0	29	0	552	178
5	2	B	40000	1232	98.768	97.396	98768	1372	113	3	0	1043	100	113	1221
5	2	cSpy was 62 spamed and the readout avoided!
5	3	G	40000	79037	20.963	4.986	20963	20484	2	2	0	17973	2457	50	20465
5	3	A	40000	84374	15.626	5.704	15626	9922	2	2	0	8452	1416	50	9903
5	3	B	40000	85170	14.83	4.268	14830	10562	0	0	0	9521	1041	0	10562
5	4	G	40000	100000	0	0	0	0	0	0	0	0	0	0	2
5	4	A	40000	100000	0	0	0	0	0	0	0	0	0	0	1
5	4	B	40000	100000	0	0	0	0	0	0	0	0	0	0	1
5	5	G	40000	75821	24.179	9.4835	24179	22644	7	2	0	22604	5	26	22640
5	5	A	40000	79129	20.871	9.725	20871	11146	4	0	0	11113	5	24	11142
5	5	B	40000	79260	20.74	9.242	20740	11498	3	2	0	11491	0	2	11498
5	6	G	40000	6	99.994	98.4175	99994	1717	145	0	0	445	910	217	1447
5	6	A	40000	8	99.992	99.889	99992	103	0	0	0	1	1	101	8
5	6	B	40000	1440	98.56	96.946	98560	1614	145	0	0	444	909	116	1439
5	6	cSpy was 20 spamed and the readout avoided!
5	7	G	40000	64483	35.517	7.9285	35517	41456	0	0	0	37375	4003	78	41433
5	7	A	40000	69551	30.449	8.146	30449	22303	0	0	0	19069	3156	78	22279
5	7	B	40000	73136	26.864	7.711	26864	19153	0	0	0	18306	847	0	19154
6	0	G	40000	546	99.454	95.822	99454	4444	265	6	0	2272	1221	680	3901
6	0	A	40000	1274	98.726	96.982	98726	1744	148	3	0	170	787	636	1274
6	0	B	40000	2638	97.362	94.662	97362	2700	117	3	0	2102	434	44	2627
6	0	cSpy was 52 spamed and the readout avoided!
6	1	G	40000	18287	81.713	35.7975	81713	59442	0	0	0	52711	6532	199	59353
6	1	A	40000	33080	66.92	38.496	66920	28424	0	0	0	24527	3700	197	28336
6	1	B	40000	35883	64.117	33.099	64117	31018	0	0	0	28184	2832	2	31017
6	1	cSpy was 2 spamed and the readout avoided!
6	2	G	40000	100000	0	0	0	0	0	0	0	0	0	0	2
6	2	A	40000	100000	0	0	0	0	0	0	0	0	0	0	1
6	2	B	40000	100000	0	0	0	0	0	0	0	0	0	0	1
6	3	G	40000	100000	0	0	0	0	0	0	0	0	0	0	2
6	3	A	40000	100000	0	0	0	0	0	0	0	0	0	0	1
6	3	B	40000	100000	0	0	0	0	0	0	0	0	0	0	1
6	4	G	40000	18278	81.722	59.6445	81722	33652	794	0	0	32110	121	627	32582
6	4	A	40000	23191	76.809	59.973	76809	16836	397	0	0	15992	4	443	16120
6	4	B	40000	23868	76.132	59.316	76132	16816	397	0	0	16118	117	184	16462
6	4	cSpy was 8 spamed and the readout avoided!
6	5	G	40000	6779	93.221	79.843	93221	17328	175	3	0	15080	1319	751	16836
6	5	A	40000	10857	89.143	80.975	89143	8168	20	1	0	6920	591	636	7838
6	5	B	40000	12129	87.871	78.711	87871	9160	155	2	0	8160	728	115	8998
6	5	cSpy was 81 spamed and the readout avoided!
6	6	G	40000	100000	0	0	0	0	0	0	0	0	0	0	2
6	6	A	40000	100000	0	0	0	0	0	0	0	0	0	0	1
6	6	B	40000	100000	0	0	0	0	0	0	0	0	0	0	1
6	7	G	40000	100000	0	0	0	0	0	0	0	0	0	0	2
6	7	A	40000	100000	0	0	0	0	0	0	0	0	0	0	1
6	7	B	40000	100000	0	0	0	0	0	0	0	0	0	0	1
7	0	G	40000	1935	98.065	48.0615	98065	3448	215	0	0	2593	79	561	2945
7	0	A	40000	1961	98.039	95.597	98039	2442	215	0	0	1587	79	561	1938
7	0	B	40000	98468	1.532	0.526	1532	1006	0	0	0	1006	0	0	1007
7	0	cSpy was 6 spamed and the readout avoided!
7	1	G	40000	100000	0	0	0	0	0	0	0	0	0	0	2
7	1	A	40000	100000	0	0	0	0	0	0	0	0	0	0	1
7	1	B	40000	100000	0	0	0	0	0	0	0	0	0	0	1
7	2	G	40000	95002	4.998	1.2025	4998	5990	3	7	0	5921	52	7	5990
7	2	A	40000	95703	4.297	1.327	4297	2970	3	7	0	2931	22	7	2969
7	2	B	40000	95902	4.098	1.078	4098	3020	0	0	0	2990	30	0	3021
7	2	cSpy was 1 spamed and the readout avoided!
7	3	G	40000	0	100	100	100000	200000	200000	200000	200000	200000	200000	200000	200002
7	3	A	40000	0	100	100	100000	100000	100000	100000	100000	100000	100000	100000	100001
7	3	B	40000	0	100	100	100000	100000	100000	100000	100000	100000	100000	100000	100001
7	4	G	40000	94621	5.379	0.284	5379	9882	0	0	0	9646	233	3	9884
7	4	A	40000	94653	5.347	0.284	5347	5063	0	0	0	4860	200	3	5064
7	4	B	40000	94897	5.103	0.284	5103	4819	0	0	0	4786	33	0	4820
7	5	G	40000	100000	0	0	0	0	0	0	0	0	0	0	2
7	5	A	40000	100000	0	0	0	0	0	0	0	0	0	0	1
7	5	B	40000	100000	0	0	0	0	0	0	0	0	0	0	1
7	6	G	40000	99668	0.331998	0.008	332	644	0	0	0	643	1	0	646
7	6	A	40000	99668	0.331998	0.01	332	322	0	0	0	321	1	0	323
7	6	B	40000	99672	0.327998	0.006	328	322	0	0	0	322	0	0	323
7	7	G	40000	33266	66.734	36.2475	66734	43999	23	0	0	41990	1757	229	43901
7	7	A	40000	41114	58.886	36.879	58886	22007	7	0	0	20978	796	226	21918
7	7	B	40000	42392	57.608	35.616	57608	21992	16	0	0	21012	961	3	21983
7	7	cSpy was 9 spamed and the readout avoided!
