#the gain was set to: 2	the bias was set to: 30
#Sent triggers per delay setting: 100000	and with a frequency [Hz] of: 40000
#160MHz delay setting	400MHz delay setting	Frequency	correct transmitted H+T		error rate [%]	uncertainty [%]	bad or missed events	error count	missing headers	missing trailers	flipped H/T	event nr errors	tbm missed trigger	unknown errors	event nr resets
0	0	G	40000	411	99.589	72.2025	99589	19353	116	0	0	18253	371	613	18840
0	0	A	40000	650	99.35	98.201	99350	1149	91	0	0	187	271	600	650
0	0	B	40000	35592	64.408	46.204	64408	18204	25	0	0	18066	100	13	18190
0	0	cSpy was 30 spamed and the readout avoided!
0	1	G	40000	26246	73.754	54.4525	73754	25962	660	0	0	24531	0	771	25371
0	1	A	40000	35245	64.755	54.045	64755	10710	318	0	0	9888	0	504	10393
0	1	B	40000	29888	70.112	54.86	70112	15252	342	0	0	14643	0	267	14978
0	2	G	40000	5267	94.733	77.075	94733	22518	147	4	0	18884	3145	338	22227
0	2	A	40000	11350	88.65	77.791	88650	10859	73	0	0	8677	1806	303	10630
0	2	B	40000	11982	88.018	76.359	88018	11659	74	4	0	10207	1339	35	11597
0	2	cSpy was 11 spamed and the readout avoided!
0	3	G	40000	100000	0	0	0	0	0	0	0	0	0	0	2
0	3	A	40000	100000	0	0	0	0	0	0	0	0	0	0	1
0	3	B	40000	100000	0	0	0	0	0	0	0	0	0	0	1
0	4	G	40000	99999	0.00100136	0	1	2	0	0	0	2	0	0	4
0	4	A	40000	99999	0.00100136	0	1	1	0	0	0	1	0	0	2
0	4	B	40000	99999	0.00100136	0	1	1	0	0	0	1	0	0	2
0	5	G	40000	43145	56.855	40.41	56855	21396	182	0	0	20744	5	465	21254
0	5	A	40000	51061	48.939	39.885	48939	9054	91	0	0	8592	1	370	8958
0	5	B	40000	46723	53.277	40.935	53277	12342	91	0	0	12152	4	95	12296
0	6	G	40000	2764	97.236	86.0375	97236	13937	192	3	0	11350	1989	403	13578
0	6	A	40000	5249	94.751	89.417	94751	5334	116	0	0	3912	936	370	5028
0	6	B	40000	8739	91.261	82.658	91261	8603	76	3	0	7438	1053	33	8550
0	6	cSpy was 8 spamed and the readout avoided!
0	7	G	40000	99912	0.0880003	0.03	88	116	0	0	0	116	0	0	118
0	7	A	40000	99912	0.0880003	0.03	88	58	0	0	0	58	0	0	59
0	7	B	40000	99912	0.0880003	0.03	88	58	0	0	0	58	0	0	59
1	0	G	40000	318	99.682	97.024	99682	3150	230	2	0	2353	205	360	2759
1	0	A	40000	2064	97.936	95.565	97936	2371	203	2	0	1710	144	312	2025
1	0	B	40000	738	99.262	98.483	99262	779	27	0	0	643	61	48	734
1	0	cSpy was 26 spamed and the readout avoided!
1	1	G	40000	99863	0.137001	0.042	137	190	0	0	0	190	0	0	192
1	1	A	40000	99863	0.137001	0.042	137	95	0	0	0	95	0	0	96
1	1	B	40000	99863	0.137001	0.042	137	95	0	0	0	95	0	0	96
1	2	G	40000	100000	0	0	0	0	0	0	0	0	0	0	2
1	2	A	40000	100000	0	0	0	0	0	0	0	0	0	0	1
1	2	B	40000	100000	0	0	0	0	0	0	0	0	0	0	1
1	3	G	40000	80656	19.344	6.1115	19344	17800	3	0	0	17536	224	37	17797
1	3	A	40000	85921	14.079	5.452	14079	8627	2	0	0	8426	162	37	8623
1	3	B	40000	84056	15.944	6.771	15944	9173	1	0	0	9110	62	0	9174
1	4	G	40000	722	99.278	95.937	99278	4220	249	2	0	2042	1614	313	3851
1	4	A	40000	2516	97.484	94.868	97484	2616	94	0	0	1140	1263	119	2468
1	4	B	40000	1390	98.61	97.006	98610	1604	155	2	0	902	351	194	1383
1	4	cSpy was 33 spamed and the readout avoided!
1	5	G	40000	94288	5.712	0.931	5712	7205	0	0	0	6993	212	0	7207
1	5	A	40000	95750	4.25	0.666	4250	3584	0	0	0	3500	84	0	3585
1	5	B	40000	95183	4.817	1.196	4817	3621	0	0	0	3493	128	0	3622
1	6	G	40000	100000	0	0	0	0	0	0	0	0	0	0	2
1	6	A	40000	100000	0	0	0	0	0	0	0	0	0	0	1
1	6	B	40000	100000	0	0	0	0	0	0	0	0	0	0	1
1	7	G	40000	96879	3.121	1.077	3121	2802	0	0	0	2766	29	7	2802
1	7	A	40000	97642	2.358	0.985	2358	1373	0	0	0	1344	22	7	1372
1	7	B	40000	97402	2.598	1.169	2598	1429	0	0	0	1422	7	0	1430
2	0	G	40000	2559	97.441	48.107	97441	4123	43	0	0	3914	95	71	4042
2	0	A	40000	2590	97.41	94.799	97410	2611	43	0	0	2403	94	71	2529
2	0	B	40000	97073	2.927	1.415	2927	1512	0	0	0	1511	1	0	1513
2	1	G	40000	100000	0	0	0	0	0	0	0	0	0	0	2
2	1	A	40000	100000	0	0	0	0	0	0	0	0	0	0	1
2	1	B	40000	100000	0	0	0	0	0	0	0	0	0	0	1
2	2	G	40000	27391	72.609	50.744	72609	27571	691	1	0	24993	1220	666	26906
2	2	A	40000	38148	61.852	49.003	61852	12849	394	1	0	11609	404	441	12435
2	2	B	40000	32793	67.207	52.485	67207	14722	297	0	0	13384	816	225	14471
2	3	G	40000	9396	90.604	56.7345	90604	40570	114	0	0	36079	4260	117	40457
2	3	A	40000	28078	71.922	46.184	71922	25738	5	0	0	22280	3404	49	25709
2	3	B	40000	17883	82.117	67.285	82117	14832	109	0	0	13799	856	68	14748
2	4	G	40000	100000	0	0	0	0	0	0	0	0	0	0	2
2	4	A	40000	100000	0	0	0	0	0	0	0	0	0	0	1
2	4	B	40000	100000	0	0	0	0	0	0	0	0	0	0	1
2	5	G	40000	100000	0	0	0	0	0	0	0	0	0	0	2
2	5	A	40000	100000	0	0	0	0	0	0	0	0	0	0	1
2	5	B	40000	100000	0	0	0	0	0	0	0	0	0	0	1
2	6	G	40000	27281	72.719	51.1305	72719	25934	545	0	0	23558	1202	629	25516
2	6	A	40000	39383	60.617	49.179	60617	11438	314	0	0	9898	752	474	11138
2	6	B	40000	32422	67.578	53.082	67578	14496	231	0	0	13660	450	155	14378
2	7	G	40000	0	100	100	100000	200000	200000	200000	200000	200000	200000	200000	200002
2	7	A	40000	0	100	100	100000	100000	100000	100000	100000	100000	100000	100000	100001
2	7	B	40000	0	100	100	100000	100000	100000	100000	100000	100000	100000	100000	100001
3	0	G	40000	783	99.217	81.298	99217	16897	283	5	0	15583	378	649	16320
3	0	A	40000	1469	98.531	96.564	98531	1967	185	0	0	1147	22	613	1451
3	0	B	40000	19038	80.962	66.032	80962	14930	98	5	0	14436	356	36	14869
3	0	cSpy was 23 spamed and the readout avoided!
3	1	G	40000	0	100	100	100000	200000	200000	200000	200000	200000	200000	200000	200002
3	1	A	40000	0	100	100	100000	100000	100000	100000	100000	100000	100000	100000	100001
3	1	B	40000	0	100	100	100000	100000	100000	100000	100000	100000	100000	100000	100001
3	2	G	40000	95528	4.472	0.871	4472	6845	3	0	0	6661	180	1	6846
3	2	A	40000	95597	4.403	0.869	4403	3534	0	0	0	3361	172	1	3535
3	2	B	40000	95816	4.184	0.873	4184	3311	3	0	0	3300	8	0	3311
3	3	G	40000	100000	0	0	0	0	0	0	0	0	0	0	2
3	3	A	40000	100000	0	0	0	0	0	0	0	0	0	0	1
3	3	B	40000	100000	0	0	0	0	0	0	0	0	0	0	1
3	4	G	40000	87269	12.731	3.247	12731	16125	0	0	0	16096	25	4	16127
3	4	A	40000	88769	11.231	3.092	11231	8139	0	0	0	8118	17	4	8140
3	4	B	40000	88612	11.388	3.402	11388	7986	0	0	0	7978	8	0	7987
3	5	G	40000	0	100	100	100000	200000	200000	200000	200000	200000	200000	200000	200002
3	5	A	40000	0	100	100	100000	100000	100000	100000	100000	100000	100000	100000	100001
3	5	B	40000	0	100	100	100000	100000	100000	100000	100000	100000	100000	100000	100001
3	6	G	40000	0	100	100	100000	200000	200000	200000	200000	200000	200000	200000	200002
3	6	A	40000	0	100	100	100000	100000	100000	100000	100000	100000	100000	100000	100001
3	6	B	40000	0	100	100	100000	100000	100000	100000	100000	100000	100000	100000	100001
3	7	G	40000	100000	0	0	0	0	0	0	0	0	0	0	2
3	7	A	40000	100000	0	0	0	0	0	0	0	0	0	0	1
3	7	B	40000	100000	0	0	0	0	0	0	0	0	0	0	1
4	0	G	40000	727	99.273	64.623	99273	14268	207	3	0	12421	1151	486	13840
4	0	A	40000	970	99.03	97.684	99030	1346	136	0	0	517	242	451	969
4	0	B	40000	55516	44.484	31.562	44484	12922	71	3	0	11904	909	35	12871
4	0	cSpy was 26 spamed and the readout avoided!
4	1	G	40000	100000	0	0	0	0	0	0	0	0	0	0	2
4	1	A	40000	100000	0	0	0	0	0	0	0	0	0	0	1
4	1	B	40000	100000	0	0	0	0	0	0	0	0	0	0	1
4	2	G	40000	99996	0.00399947	0	4	8	0	0	0	8	0	0	10
4	2	A	40000	99996	0.00399947	0	4	4	0	0	0	4	0	0	5
4	2	B	40000	99996	0.00399947	0	4	4	0	0	0	4	0	0	5
4	3	G	40000	19346	80.654	58.2235	80654	34086	697	1	0	32736	106	546	33201
4	3	A	40000	24406	75.594	58.554	75594	17040	348	1	0	16271	10	410	16415
4	3	B	40000	25061	74.939	57.893	74939	17046	349	0	0	16465	96	136	16786
4	3	cSpy was 9 spamed and the readout avoided!
4	4	G	40000	16378	83.622	45.508	83622	49805	29	4	0	44787	4781	204	49690
4	4	A	40000	29561	70.439	45.765	70439	24674	15	4	0	21404	3049	202	24566
4	4	B	40000	29618	70.382	45.251	70382	25131	14	0	0	23383	1732	2	25124
4	4	cSpy was 17 spamed and the readout avoided!
4	5	G	40000	100000	0	0	0	0	0	0	0	0	0	0	2
4	5	A	40000	100000	0	0	0	0	0	0	0	0	0	0	1
4	5	B	40000	100000	0	0	0	0	0	0	0	0	0	0	1
4	6	G	40000	100000	0	0	0	0	0	0	0	0	0	0	2
4	6	A	40000	100000	0	0	0	0	0	0	0	0	0	0	1
4	6	B	40000	100000	0	0	0	0	0	0	0	0	0	0	1
4	7	G	40000	21055	78.945	57.413	78945	34915	647	0	0	33664	110	494	34050
4	7	A	40000	24898	75.102	57.638	75102	17464	310	0	0	16804	0	350	16885
4	7	B	40000	25361	74.639	57.188	74639	17451	337	0	0	16860	110	144	17165
4	7	cSpy was 7 spamed and the readout avoided!
5	0	G	40000	506	99.494	56.3965	99494	14389	139	0	0	13305	110	835	13861
5	0	A	40000	628	99.372	98.215	99372	1157	139	0	0	83	100	835	628
5	0	B	40000	72190	27.81	14.578	27810	13232	0	0	0	13222	10	0	13233
5	0	cSpy was 50 spamed and the readout avoided!
5	1	G	40000	39918	60.082	34.7625	60082	38935	84	1	0	38719	6	125	38856
5	1	A	40000	45803	54.197	34.924	54197	19273	41	1	0	19112	6	113	19209
5	1	B	40000	45737	54.263	34.601	54263	19662	43	0	0	19607	0	12	19647
5	1	cSpy was 5 spamed and the readout avoided!
5	2	G	40000	21	99.979	98.602	99979	1738	65	0	0	648	280	745	1051
5	2	A	40000	65	99.935	99.321	99935	614	1	0	0	15	2	596	65
5	2	B	40000	993	99.007	97.883	99007	1124	64	0	0	633	278	149	986
5	2	cSpy was 23 spamed and the readout avoided!
5	3	G	40000	99910	0.0899971	0	90	180	0	0	0	180	0	0	182
5	3	A	40000	99910	0.0899971	0	90	90	0	0	0	90	0	0	91
5	3	B	40000	99910	0.0899971	0	90	90	0	0	0	90	0	0	91
5	4	G	40000	100000	0	0	0	0	0	0	0	0	0	0	2
5	4	A	40000	100000	0	0	0	0	0	0	0	0	0	0	1
5	4	B	40000	100000	0	0	0	0	0	0	0	0	0	0	1
5	5	G	40000	85832	14.168	6.303	14168	12937	4	0	0	12912	2	19	12932
5	5	A	40000	87186	12.814	6.407	12814	6407	2	0	0	6385	2	18	6402
5	5	B	40000	87271	12.729	6.199	12729	6530	2	0	0	6527	0	1	6530
5	6	G	40000	0	100	100	100000	200000	200000	200000	200000	200000	200000	200000	200002
5	6	A	40000	0	100	100	100000	100000	100000	100000	100000	100000	100000	100000	100001
5	6	B	40000	0	100	100	100000	100000	100000	100000	100000	100000	100000	100000	100001
5	7	G	40000	65950	34.05	7.629	34050	39688	0	0	0	35799	3814	75	39667
5	7	A	40000	70766	29.234	7.845	29234	21389	0	0	0	18323	2991	75	21367
5	7	B	40000	74288	25.712	7.413	25712	18299	0	0	0	17476	823	0	18300
6	0	G	40000	538	99.462	95.994	99462	4272	269	2	0	2250	1108	643	3726
6	0	A	40000	1211	98.789	97.135	98789	1654	136	2	0	177	747	592	1211
6	0	B	40000	2529	97.471	94.853	97471	2618	133	0	0	2073	361	51	2515
6	0	cSpy was 56 spamed and the readout avoided!
6	1	G	40000	17644	82.356	38.348	82356	57090	1	0	0	50702	6223	164	57019
6	1	A	40000	31684	68.316	41.048	68316	27268	0	0	0	23510	3596	162	27198
6	1	B	40000	34530	65.47	35.648	65470	29822	1	0	0	27192	2627	2	29821
6	1	cSpy was 3 spamed and the readout avoided!
6	2	G	40000	100000	0	0	0	0	0	0	0	0	0	0	2
6	2	A	40000	100000	0	0	0	0	0	0	0	0	0	0	1
6	2	B	40000	100000	0	0	0	0	0	0	0	0	0	0	1
6	3	G	40000	100000	0	0	0	0	0	0	0	0	0	0	2
6	3	A	40000	100000	0	0	0	0	0	0	0	0	0	0	1
6	3	B	40000	100000	0	0	0	0	0	0	0	0	0	0	1
6	4	G	40000	17768	82.232	59.8555	82232	33375	761	1	0	31882	126	605	32358
6	4	A	40000	23070	76.93	60.268	76930	16662	387	1	0	15829	6	439	15968
6	4	B	40000	23844	76.156	59.443	76156	16713	374	0	0	16053	120	166	16390
6	4	cSpy was 8 spamed and the readout avoided!
6	5	G	40000	6286	93.714	74.7335	93714	24579	141	9	1	21775	1899	755	24147
6	5	A	40000	12259	87.741	75.963	87741	11778	16	1	0	10206	874	682	11445
6	5	B	40000	13695	86.305	73.504	86305	12801	125	8	1	11569	1025	73	12702
6	5	cSpy was 38 spamed and the readout avoided!
6	6	G	40000	100000	0	0	0	0	0	0	0	0	0	0	2
6	6	A	40000	100000	0	0	0	0	0	0	0	0	0	0	1
6	6	B	40000	100000	0	0	0	0	0	0	0	0	0	0	1
6	7	G	40000	100000	0	0	0	0	0	0	0	0	0	0	2
6	7	A	40000	100000	0	0	0	0	0	0	0	0	0	0	1
6	7	B	40000	100000	0	0	0	0	0	0	0	0	0	0	1
7	0	G	40000	2091	97.909	47.902	97909	3897	214	0	0	3063	76	544	3400
7	0	A	40000	2113	97.887	95.31	97887	2577	214	0	0	1745	74	544	2079
7	0	B	40000	98186	1.814	0.494	1814	1320	0	0	0	1318	2	0	1321
7	0	cSpy was 3 spamed and the readout avoided!
7	1	G	40000	100000	0	0	0	0	0	0	0	0	0	0	2
7	1	A	40000	100000	0	0	0	0	0	0	0	0	0	0	1
7	1	B	40000	100000	0	0	0	0	0	0	0	0	0	0	1
7	2	G	40000	87352	12.648	3.2935	12648	13124	11	12	0	12985	86	30	13116
7	2	A	40000	89824	10.176	3.643	10176	6533	11	12	0	6444	36	30	6524
7	2	B	40000	90465	9.535	2.944	9535	6591	0	0	0	6541	50	0	6592
7	2	cSpy was 1 spamed and the readout avoided!
7	3	G	40000	0	100	100	100000	200000	200000	200000	200000	200000	200000	200000	200002
7	3	A	40000	0	100	100	100000	100000	100000	100000	100000	100000	100000	100000	100001
7	3	B	40000	0	100	100	100000	100000	100000	100000	100000	100000	100000	100000	100001
7	4	G	40000	94576	5.424	0.249	5424	10079	0	0	0	9854	220	5	10081
7	4	A	40000	94597	5.403	0.249	5403	5154	0	0	0	4953	196	5	5155
7	4	B	40000	94826	5.174	0.249	5174	4925	0	0	0	4901	24	0	4926
7	5	G	40000	100000	0	0	0	0	0	0	0	0	0	0	2
7	5	A	40000	100000	0	0	0	0	0	0	0	0	0	0	1
7	5	B	40000	100000	0	0	0	0	0	0	0	0	0	0	1
7	6	G	40000	95227	4.773	1.4255	4773	4173	10	7	0	4101	41	14	4171
7	6	A	40000	96375	3.625	1.577	3625	2048	10	7	0	2013	4	14	2045
7	6	B	40000	96601	3.399	1.274	3399	2125	0	0	0	2088	37	0	2126
7	7	G	40000	37929	62.071	33.4665	62071	39932	21	32	0	38176	1489	214	39842
7	7	A	40000	45816	54.184	34.237	54184	19947	9	32	0	19016	679	211	19864
7	7	B	40000	47319	52.681	32.696	52681	19985	12	0	0	19160	810	3	19978
7	7	cSpy was 8 spamed and the readout avoided!
