#the gain was set to: 2	the bias was set to: 30
#Sent triggers per delay setting: 100000	and with a frequency [Hz] of: 40000
#160MHz delay setting	400MHz delay setting	Frequency	correct transmitted H+T		error rate [%]	uncertainty [%]	bad or missed events	error count	missing headers	missing trailers	flipped H/T	event nr errors	tbm missed trigger	unknown errors	event nr resets
0	0	G	40000	425	99.575	73.963	99575	18601	130	0	0	17545	334	592	18096
0	0	A	40000	636	99.364	98.245	99364	1119	89	0	0	195	254	581	636
0	0	B	40000	32837	67.163	49.681	67163	17482	41	0	0	17350	80	11	17460
0	0	cSpy was 32 spamed and the readout avoided!
0	1	G	40000	26312	73.688	54.51	73688	26028	750	1	0	24449	0	828	25308
0	1	A	40000	35137	64.863	54.136	64863	10727	363	0	0	9854	0	510	10365
0	1	B	40000	29815	70.185	54.884	70185	15301	387	1	0	14595	0	318	14943
0	2	G	40000	5687	94.313	75.082	94313	23715	92	0	0	19837	3568	218	23523
0	2	A	40000	14969	85.031	71.468	85031	13563	9	0	0	10896	2498	160	13456
0	2	B	40000	11152	88.848	78.696	88848	10152	83	0	0	8941	1070	58	10067
0	2	cSpy was 1 spamed and the readout avoided!
0	3	G	40000	100000	0	0	0	0	0	0	0	0	0	0	2
0	3	A	40000	100000	0	0	0	0	0	0	0	0	0	0	1
0	3	B	40000	100000	0	0	0	0	0	0	0	0	0	0	1
0	4	G	40000	100000	0	0	0	0	0	0	0	0	0	0	2
0	4	A	40000	100000	0	0	0	0	0	0	0	0	0	0	1
0	4	B	40000	100000	0	0	0	0	0	0	0	0	0	0	1
0	5	G	40000	36896	63.104	42.764	63104	26259	86	0	0	25686	54	433	26150
0	5	A	40000	46315	53.685	42.115	53685	11570	49	0	0	11105	25	391	11483
0	5	B	40000	41898	58.102	43.413	58102	14689	37	0	0	14581	29	42	14667
0	6	G	40000	3218	96.782	83.703	96782	16221	180	6	0	13285	2315	435	15846
0	6	A	40000	6070	93.93	87.821	93930	6109	120	0	0	4543	1040	406	5786
0	6	B	40000	10303	89.697	79.585	89697	10112	60	6	0	8742	1275	29	10060
0	6	cSpy was 7 spamed and the readout avoided!
0	7	G	40000	99929	0.0710011	0.025	71	92	0	0	0	92	0	0	94
0	7	A	40000	99929	0.0710011	0.025	71	46	0	0	0	46	0	0	47
0	7	B	40000	99929	0.0710011	0.025	71	46	0	0	0	46	0	0	47
1	0	G	40000	401	99.599	95.9745	99599	4187	240	10	0	3184	378	375	3764
1	0	A	40000	3004	96.996	93.737	96996	3259	209	10	0	2439	293	308	2907
1	0	B	40000	860	99.14	98.212	99140	928	31	0	0	745	85	67	857
1	0	cSpy was 27 spamed and the readout avoided!
1	1	G	40000	99976	0.0240028	0	24	48	0	0	0	48	0	0	50
1	1	A	40000	99976	0.0240028	0	24	24	0	0	0	24	0	0	25
1	1	B	40000	99976	0.0240028	0	24	24	0	0	0	24	0	0	25
1	2	G	40000	100000	0	0	0	0	0	0	0	0	0	0	2
1	2	A	40000	100000	0	0	0	0	0	0	0	0	0	0	1
1	2	B	40000	100000	0	0	0	0	0	0	0	0	0	0	1
1	3	G	40000	90704	9.296	2.4975	9296	11202	0	0	0	11164	18	20	11204
1	3	A	40000	92416	7.584	2.355	7584	5229	0	0	0	5195	15	19	5230
1	3	B	40000	91387	8.613	2.64	8613	5973	0	0	0	5969	3	1	5974
1	4	G	40000	691	99.309	96.1215	99309	4078	286	2	0	2317	1056	417	3605
1	4	A	40000	2225	97.775	95.421	97775	2354	83	0	0	1208	875	188	2166
1	4	B	40000	1454	98.546	96.822	98546	1724	203	2	0	1109	181	229	1439
1	4	cSpy was 55 spamed and the readout avoided!
1	5	G	40000	96309	3.691	0.4375	3691	5558	0	0	0	5426	131	1	5560
1	5	A	40000	96918	3.082	0.314	3082	2768	0	0	0	2724	43	1	2769
1	5	B	40000	96649	3.351	0.561	3351	2790	0	0	0	2702	88	0	2791
1	6	G	40000	100000	0	0	0	0	0	0	0	0	0	0	2
1	6	A	40000	100000	0	0	0	0	0	0	0	0	0	0	1
1	6	B	40000	100000	0	0	0	0	0	0	0	0	0	0	1
1	7	G	40000	99924	0.0760019	0.001	76	150	0	0	0	150	0	0	152
1	7	A	40000	99924	0.0760019	0.001	76	75	0	0	0	75	0	0	76
1	7	B	40000	99924	0.0760019	0.001	76	75	0	0	0	75	0	0	76
2	0	G	40000	2436	97.564	48.2715	97564	4137	43	0	0	3911	119	64	4060
2	0	A	40000	2487	97.513	94.986	97513	2527	43	0	0	2301	119	64	2449
2	0	B	40000	96833	3.167	1.557	3167	1610	0	0	0	1610	0	0	1611
2	1	G	40000	97491	2.509	0.9125	2509	2070	0	0	0	2051	16	3	2072
2	1	A	40000	98158	1.842	0.838	1842	1004	0	0	0	988	13	3	1005
2	1	B	40000	97947	2.053	0.987	2053	1066	0	0	0	1063	3	0	1067
2	2	G	40000	19896	80.104	57.302	80104	28213	876	7	0	25260	1250	820	27309
2	2	A	40000	31272	68.728	55.118	68728	13610	453	2	0	11786	841	528	13094
2	2	B	40000	25911	74.089	59.486	74089	14603	423	5	0	13474	409	292	14215
2	2	cSpy was 6 spamed and the readout avoided!
2	3	G	40000	15065	84.935	59.445	84935	29456	113	0	0	26346	2844	153	29295
2	3	A	40000	29815	70.185	51.94	70185	18245	44	0	0	15854	2276	71	18170
2	3	B	40000	21839	78.161	66.95	78161	11211	69	0	0	10492	568	82	11125
2	3	cSpy was 7 spamed and the readout avoided!
2	4	G	40000	100000	0	0	0	0	0	0	0	0	0	0	2
2	4	A	40000	100000	0	0	0	0	0	0	0	0	0	0	1
2	4	B	40000	100000	0	0	0	0	0	0	0	0	0	0	1
2	5	G	40000	100000	0	0	0	0	0	0	0	0	0	0	2
2	5	A	40000	100000	0	0	0	0	0	0	0	0	0	0	1
2	5	B	40000	100000	0	0	0	0	0	0	0	0	0	0	1
2	6	G	40000	36836	63.164	42.178	63164	25555	425	4	0	23303	1266	557	25169
2	6	A	40000	48154	51.846	39.969	51846	11877	222	1	0	10011	1253	390	11632
2	6	B	40000	41935	58.065	44.387	58065	13678	203	3	0	13292	13	167	13537
2	7	G	40000	1622	98.378	91.139	98378	8849	248	9	0	7171	1121	300	8534
2	7	A	40000	5630	94.37	88.874	94370	5496	23	0	0	4471	813	189	5388
2	7	B	40000	3243	96.757	93.404	96757	3353	225	9	0	2700	308	111	3146
2	7	cSpy was 55 spamed and the readout avoided!
3	0	G	40000	938	99.062	75.5705	99062	19073	272	9	0	17748	360	684	18465
3	0	A	40000	1551	98.449	96.363	98449	2086	203	0	0	1209	27	647	1534
3	0	B	40000	28235	71.765	54.778	71765	16987	69	9	0	16539	333	37	16931
3	0	cSpy was 70 spamed and the readout avoided!
3	1	G	40000	0	100	100	100000	200000	200000	200000	200000	200000	200000	200000	200002
3	1	A	40000	0	100	100	100000	100000	100000	100000	100000	100000	100000	100000	100001
3	1	B	40000	0	100	100	100000	100000	100000	100000	100000	100000	100000	100000	100001
3	2	G	40000	99998	0.00200272	0	2	4	0	0	0	4	0	0	6
3	2	A	40000	99998	0.00200272	0	2	2	0	0	0	2	0	0	3
3	2	B	40000	99998	0.00200272	0	2	2	0	0	0	2	0	0	3
3	3	G	40000	100000	0	0	0	0	0	0	0	0	0	0	2
3	3	A	40000	100000	0	0	0	0	0	0	0	0	0	0	1
3	3	B	40000	100000	0	0	0	0	0	0	0	0	0	0	1
3	4	G	40000	77624	22.376	11.952	22376	17128	138	0	0	16849	36	105	16953
3	4	A	40000	79494	20.506	11.841	20506	8665	67	0	0	8511	11	76	8543
3	4	B	40000	79474	20.526	12.063	20526	8463	71	0	0	8338	25	29	8410
3	5	G	40000	0	100	100	100000	200000	200000	200000	200000	200000	200000	200000	200002
3	5	A	40000	0	100	100	100000	100000	100000	100000	100000	100000	100000	100000	100001
3	5	B	40000	0	100	100	100000	100000	100000	100000	100000	100000	100000	100000	100001
3	6	G	40000	65708	34.292	18.233	34292	23820	35	0	0	22081	1547	157	23722
3	6	A	40000	69700	30.3	18.246	30300	12054	9	0	0	10975	920	150	11970
3	6	B	40000	70014	29.986	18.22	29986	11766	26	0	0	11106	627	7	11752
3	6	cSpy was 9 spamed and the readout avoided!
3	7	G	40000	100000	0	0	0	0	0	0	0	0	0	0	2
3	7	A	40000	100000	0	0	0	0	0	0	0	0	0	0	1
3	7	B	40000	100000	0	0	0	0	0	0	0	0	0	0	1
4	0	G	40000	714	99.286	63.759	99286	13240	222	0	0	11839	618	561	12735
4	0	A	40000	929	99.071	97.707	99071	1364	147	0	0	466	224	527	928
4	0	B	40000	58313	41.687	29.811	41687	11876	75	0	0	11373	394	34	11807
4	0	cSpy was 16 spamed and the readout avoided!
4	1	G	40000	100000	0	0	0	0	0	0	0	0	0	0	2
4	1	A	40000	100000	0	0	0	0	0	0	0	0	0	0	1
4	1	B	40000	100000	0	0	0	0	0	0	0	0	0	0	1
4	2	G	40000	99990	0.0100017	0	10	20	0	0	0	20	0	0	22
4	2	A	40000	99990	0.0100017	0	10	10	0	0	0	10	0	0	11
4	2	B	40000	99990	0.0100017	0	10	10	0	0	0	10	0	0	11
4	3	G	40000	18445	81.555	58.9125	81555	33703	686	3	0	32314	117	583	32782
4	3	A	40000	23884	76.116	59.288	76116	16828	349	3	0	16034	14	428	16205
4	3	B	40000	24588	75.412	58.537	75412	16875	337	0	0	16280	103	155	16577
4	3	cSpy was 6 spamed and the readout avoided!
4	4	G	40000	18384	81.616	40.7825	81616	53363	31	2	0	47973	5168	189	53258
4	4	A	40000	32620	67.38	40.937	67380	26443	15	0	0	22886	3356	186	26347
4	4	B	40000	32452	67.548	40.628	67548	26920	16	2	0	25087	1812	3	26911
4	4	cSpy was 14 spamed and the readout avoided!
4	5	G	40000	100000	0	0	0	0	0	0	0	0	0	0	2
4	5	A	40000	100000	0	0	0	0	0	0	0	0	0	0	1
4	5	B	40000	100000	0	0	0	0	0	0	0	0	0	0	1
4	6	G	40000	100000	0	0	0	0	0	0	0	0	0	0	2
4	6	A	40000	100000	0	0	0	0	0	0	0	0	0	0	1
4	6	B	40000	100000	0	0	0	0	0	0	0	0	0	0	1
4	7	G	40000	21015	78.985	57.229	78985	35060	573	0	0	33940	78	469	34279
4	7	A	40000	25018	74.982	57.44	74982	17542	277	0	0	16933	1	331	17021
4	7	B	40000	25464	74.536	57.018	74536	17518	296	0	0	17007	77	138	17258
4	7	cSpy was 9 spamed and the readout avoided!
5	0	G	40000	491	99.509	56.86	99509	15083	143	0	0	13981	114	845	14525
5	0	A	40000	614	99.386	98.213	99386	1173	143	0	0	78	107	845	614
5	0	B	40000	70583	29.417	15.507	29417	13910	0	0	0	13903	7	0	13911
5	0	cSpy was 60 spamed and the readout avoided!
5	1	G	40000	22809	77.191	54.5325	77191	36178	441	0	0	35314	34	389	35615
5	1	A	40000	27230	72.77	54.672	72770	18098	217	0	0	17589	2	290	17701
5	1	B	40000	27527	72.473	54.393	72473	18080	224	0	0	17725	32	99	17914
5	1	cSpy was 7 spamed and the readout avoided!
5	2	G	40000	44	99.956	98.6145	99956	1787	48	0	0	736	86	917	981
5	2	A	40000	109	99.891	99.067	99891	824	3	0	0	8	2	811	109
5	2	B	40000	875	99.125	98.162	99125	963	45	0	0	728	84	106	872
5	2	cSpy was 25 spamed and the readout avoided!
5	3	G	40000	99882	0.117999	0	118	236	0	0	0	236	0	0	238
5	3	A	40000	99882	0.117999	0	118	118	0	0	0	118	0	0	119
5	3	B	40000	99882	0.117999	0	118	118	0	0	0	118	0	0	119
5	4	G	40000	100000	0	0	0	0	0	0	0	0	0	0	2
5	4	A	40000	100000	0	0	0	0	0	0	0	0	0	0	1
5	4	B	40000	100000	0	0	0	0	0	0	0	0	0	0	1
5	5	G	40000	86624	13.376	4.1065	13376	15733	4	0	0	15721	0	8	15732
5	5	A	40000	87937	12.063	4.266	12063	7797	2	0	0	7787	0	8	7796
5	5	B	40000	88117	11.883	3.947	11883	7936	2	0	0	7934	0	0	7936
5	6	G	40000	56	99.944	98.477	99944	1711	114	0	0	522	640	435	1328
5	6	A	40000	178	99.822	99.36	99822	462	29	0	0	43	25	365	171
5	6	B	40000	1157	98.843	97.594	98843	1249	85	0	0	479	615	70	1157
5	6	cSpy was 80 spamed and the readout avoided!
5	7	G	40000	64392	35.608	7.9655	35608	42716	1	0	0	38480	4166	69	42692
5	7	A	40000	68620	31.38	8.132	31380	23248	1	0	0	19829	3349	69	23223
5	7	B	40000	72733	27.267	7.799	27267	19468	0	0	0	18651	817	0	19469
6	0	G	40000	670	99.33	95.26	99330	5039	293	5	0	2602	1411	728	4434
6	0	A	40000	1505	98.495	96.495	98495	2000	160	1	0	219	948	672	1505
6	0	B	40000	2936	97.064	94.025	97064	3039	133	4	0	2383	463	56	2929
6	0	cSpy was 61 spamed and the readout avoided!
6	1	G	40000	20892	79.108	28.611	79108	64839	0	0	0	57471	7192	176	64776
6	1	A	40000	37554	62.446	31.416	62446	31030	0	0	0	26703	4155	172	30968
6	1	B	40000	40385	59.615	25.806	59615	33809	0	0	0	30768	3037	4	33808
6	1	cSpy was 4 spamed and the readout avoided!
6	2	G	40000	100000	0	0	0	0	0	0	0	0	0	0	2
6	2	A	40000	100000	0	0	0	0	0	0	0	0	0	0	1
6	2	B	40000	100000	0	0	0	0	0	0	0	0	0	0	1
6	3	G	40000	100000	0	0	0	0	0	0	0	0	0	0	2
6	3	A	40000	100000	0	0	0	0	0	0	0	0	0	0	1
6	3	B	40000	100000	0	0	0	0	0	0	0	0	0	0	1
6	4	G	40000	17393	82.607	60.315	82607	33093	770	2	0	31565	127	629	32047
6	4	A	40000	22767	77.233	60.737	77233	16496	384	1	0	15652	10	449	15802
6	4	B	40000	23510	76.49	59.893	76490	16597	386	1	0	15913	117	180	16245
6	4	cSpy was 10 spamed and the readout avoided!
6	5	G	40000	7076	92.924	76.4315	92924	21429	163	4	0	18869	1703	690	20957
6	5	A	40000	12148	87.852	77.668	87852	10184	22	1	0	8764	795	602	9847
6	5	B	40000	13560	86.44	75.195	86440	11245	141	3	0	10105	908	88	11110
6	5	cSpy was 79 spamed and the readout avoided!
6	6	G	40000	100000	0	0	0	0	0	0	0	0	0	0	2
6	6	A	40000	100000	0	0	0	0	0	0	0	0	0	0	1
6	6	B	40000	100000	0	0	0	0	0	0	0	0	0	0	1
6	7	G	40000	100000	0	0	0	0	0	0	0	0	0	0	2
6	7	A	40000	100000	0	0	0	0	0	0	0	0	0	0	1
6	7	B	40000	100000	0	0	0	0	0	0	0	0	0	0	1
7	0	G	40000	2170	97.83	47.834	97830	3485	202	0	0	2672	56	555	3026
7	0	A	40000	2184	97.816	95.205	97816	2611	202	0	0	1798	56	555	2151
7	0	B	40000	98663	1.337	0.463	1337	874	0	0	0	874	0	0	875
7	1	G	40000	100000	0	0	0	0	0	0	0	0	0	0	2
7	1	A	40000	100000	0	0	0	0	0	0	0	0	0	0	1
7	1	B	40000	100000	0	0	0	0	0	0	0	0	0	0	1
7	2	G	40000	89609	10.391	2.1065	10391	12775	1	4	0	12673	73	24	12770
7	2	A	40000	91245	8.755	2.362	8755	6393	1	4	0	6308	56	24	6387
7	2	B	40000	91767	8.233	1.851	8233	6382	0	0	0	6365	17	0	6383
7	3	G	40000	0	100	100	100000	200000	200000	200000	200000	200000	200000	200000	200002
7	3	A	40000	0	100	100	100000	100000	100000	100000	100000	100000	100000	100000	100001
7	3	B	40000	0	100	100	100000	100000	100000	100000	100000	100000	100000	100000	100001
7	4	G	40000	95470	4.53	0.187	4530	8495	0	0	0	8331	163	1	8497
7	4	A	40000	95477	4.523	0.187	4523	4336	0	0	0	4179	156	1	4337
7	4	B	40000	95654	4.346	0.187	4346	4159	0	0	0	4152	7	0	4160
7	5	G	40000	100000	0	0	0	0	0	0	0	0	0	0	2
7	5	A	40000	100000	0	0	0	0	0	0	0	0	0	0	1
7	5	B	40000	100000	0	0	0	0	0	0	0	0	0	0	1
7	6	G	40000	99514	0.485998	0.0165	486	936	0	0	0	930	6	0	938
7	6	A	40000	99514	0.485998	0.018	486	468	0	0	0	464	4	0	469
7	6	B	40000	99517	0.483	0.015	483	468	0	0	0	466	2	0	469
7	7	G	40000	28264	71.736	41.3425	71736	42825	32	0	0	40756	1798	239	42713
7	7	A	40000	36505	63.495	42.193	63495	21302	7	0	0	20249	812	234	21208
7	7	B	40000	37985	62.015	40.492	62015	21523	25	0	0	20507	986	5	21505
7	7	cSpy was 5 spamed and the readout avoided!
