#the gain was set to: 2	the bias was set to: 30
#Sent triggers per delay setting: 100000	and with a frequency [Hz] of: 40000
#160MHz delay setting	400MHz delay setting	Frequency	correct transmitted H+T		error rate [%]	uncertainty [%]	bad or missed events	error count	missing headers	missing trailers	flipped H/T	event nr errors	tbm missed trigger	unknown errors	event nr resets
0	0	G	40000	453	99.547	71.5455	99547	19103	112	0	0	18035	311	645	18568
0	0	A	40000	642	99.358	98.196	99358	1162	93	0	0	164	276	629	642
0	0	B	40000	37164	62.836	44.895	62836	17941	19	0	0	17871	35	16	17926
0	0	cSpy was 21 spamed and the readout avoided!
0	1	G	40000	30598	69.402	49.7135	69402	26242	172	0	0	25312	272	486	26098
0	1	A	40000	39547	60.453	49.151	60453	11302	96	0	0	10781	7	418	11194
0	1	B	40000	34784	65.216	50.276	65216	14940	76	0	0	14531	265	68	14904
0	2	G	40000	3101	96.899	84.8835	96899	15024	223	10	0	12466	1870	455	14633
0	2	A	40000	6185	93.815	87.639	93815	6176	96	1	0	4638	1036	405	5889
0	2	B	40000	9024	90.976	82.128	90976	8848	127	9	0	7828	834	50	8744
0	2	cSpy was 32 spamed and the readout avoided!
0	3	G	40000	100000	0	0	0	0	0	0	0	0	0	0	2
0	3	A	40000	100000	0	0	0	0	0	0	0	0	0	0	1
0	3	B	40000	100000	0	0	0	0	0	0	0	0	0	0	1
0	4	G	40000	100000	0	0	0	0	0	0	0	0	0	0	2
0	4	A	40000	100000	0	0	0	0	0	0	0	0	0	0	1
0	4	B	40000	100000	0	0	0	0	0	0	0	0	0	0	1
0	5	G	40000	56244	43.756	23.3505	43756	30186	4	0	0	29896	84	202	30170
0	5	A	40000	63119	36.881	23.012	36881	13869	2	0	0	13635	35	197	13852
0	5	B	40000	59994	40.006	23.689	40006	16317	2	0	0	16261	49	5	16318
0	6	G	40000	2624	97.376	88.4975	97376	11497	387	15	0	9048	1642	405	10997
0	6	A	40000	5993	94.007	88.047	94007	5960	124	0	0	4459	1080	297	5678
0	6	B	40000	5515	94.485	88.948	94485	5537	263	15	0	4589	562	108	5319
0	6	cSpy was 47 spamed and the readout avoided!
0	7	G	40000	97333	2.667	0.247	2667	4286	0	0	0	4208	78	0	4288
0	7	A	40000	97683	2.317	0.178	2317	2139	0	0	0	2116	23	0	2140
0	7	B	40000	97537	2.463	0.316	2463	2147	0	0	0	2092	55	0	2148
1	0	G	40000	257	99.743	98.103	99743	2097	169	0	0	1319	160	449	1693
1	0	A	40000	1036	98.964	97.569	98964	1395	153	0	0	742	106	394	1033
1	0	B	40000	661	99.339	98.637	99339	702	16	0	0	577	54	55	660
1	0	cSpy was 21 spamed and the readout avoided!
1	1	G	40000	97364	2.636	0.24	2636	4237	0	0	0	4157	80	0	4239
1	1	A	40000	97719	2.281	0.164	2281	2117	0	0	0	2087	30	0	2118
1	1	B	40000	97564	2.436	0.316	2436	2120	0	0	0	2070	50	0	2121
1	2	G	40000	100000	0	0	0	0	0	0	0	0	0	0	2
1	2	A	40000	100000	0	0	0	0	0	0	0	0	0	0	1
1	2	B	40000	100000	0	0	0	0	0	0	0	0	0	0	1
1	3	G	40000	98696	1.304	0.1255	1304	2267	0	0	0	2267	0	0	2269
1	3	A	40000	98769	1.231	0.117	1231	1114	0	0	0	1114	0	0	1115
1	3	B	40000	98713	1.287	0.134	1287	1153	0	0	0	1153	0	0	1154
1	4	G	40000	587	99.413	96.7605	99413	3438	273	0	0	1530	1303	332	3015
1	4	A	40000	1774	98.226	96.328	98226	1898	80	0	0	752	946	120	1750
1	4	B	40000	1267	98.733	97.193	98733	1540	193	0	0	778	357	212	1265
1	4	cSpy was 10 spamed and the readout avoided!
1	5	G	40000	39486	60.514	17.163	60514	44573	16	0	0	37443	7072	42	44550
1	5	A	40000	68661	31.339	6.093	31339	25246	0	0	0	20878	4331	37	25240
1	5	B	40000	52440	47.56	28.233	47560	19327	16	0	0	16565	2741	5	19310
1	6	G	40000	100000	0	0	0	0	0	0	0	0	0	0	2
1	6	A	40000	100000	0	0	0	0	0	0	0	0	0	0	1
1	6	B	40000	100000	0	0	0	0	0	0	0	0	0	0	1
1	7	G	40000	100000	0	0	0	0	0	0	0	0	0	0	2
1	7	A	40000	100000	0	0	0	0	0	0	0	0	0	0	1
1	7	B	40000	100000	0	0	0	0	0	0	0	0	0	0	1
2	0	G	40000	2337	97.663	48.3015	97663	3945	54	0	0	3683	137	71	3861
2	0	A	40000	2383	97.617	95.185	97617	2432	54	0	0	2170	137	71	2347
2	0	B	40000	97069	2.931	1.418	2931	1513	0	0	0	1513	0	0	1514
2	1	G	40000	99922	0.0779986	0.023	78	92	0	0	0	92	0	0	94
2	1	A	40000	99933	0.0670016	0.022	67	45	0	0	0	45	0	0	46
2	1	B	40000	99929	0.0710011	0.024	71	47	0	0	0	47	0	0	48
2	2	G	40000	26771	73.229	51.8625	73229	25803	679	4	0	23137	1295	688	25240
2	2	A	40000	38657	61.343	49.906	61343	11437	384	1	0	9832	746	474	11068
2	2	B	40000	31815	68.185	53.819	68185	14366	295	3	0	13305	549	214	14172
2	3	G	40000	3993	96.007	79.1925	96007	20507	178	11	0	17809	2204	305	20234
2	3	A	40000	13428	86.572	73.587	86572	12985	13	0	0	11187	1574	211	12862
2	3	B	40000	7680	92.32	84.798	92320	7522	165	11	0	6622	630	94	7372
2	3	cSpy was 35 spamed and the readout avoided!
2	4	G	40000	100000	0	0	0	0	0	0	0	0	0	0	2
2	4	A	40000	100000	0	0	0	0	0	0	0	0	0	0	1
2	4	B	40000	100000	0	0	0	0	0	0	0	0	0	0	1
2	5	G	40000	100000	0	0	0	0	0	0	0	0	0	0	2
2	5	A	40000	100000	0	0	0	0	0	0	0	0	0	0	1
2	5	B	40000	100000	0	0	0	0	0	0	0	0	0	0	1
2	6	G	40000	40594	59.406	33.589	59406	31007	26	0	0	29995	719	267	30973
2	6	A	40000	53993	46.007	31.883	46007	14124	16	0	0	13199	645	264	14092
2	6	B	40000	47822	52.178	35.295	52178	16883	10	0	0	16796	74	3	16881
2	7	G	40000	0	100	100	100000	200000	200000	200000	200000	200000	200000	200000	200002
2	7	A	40000	0	100	100	100000	100000	100000	100000	100000	100000	100000	100000	100001
2	7	B	40000	0	100	100	100000	100000	100000	100000	100000	100000	100000	100000	100001
3	0	G	40000	1031	98.969	66.888	98969	20764	219	0	0	19526	382	637	20223
3	0	A	40000	1569	98.431	96.346	98431	2085	192	0	0	1241	24	628	1555
3	0	B	40000	43891	56.109	37.43	56109	18679	27	0	0	18285	358	9	18668
3	0	cSpy was 11 spamed and the readout avoided!
3	1	G	40000	0	100	100	100000	200000	200000	200000	200000	200000	200000	200000	200002
3	1	A	40000	0	100	100	100000	100000	100000	100000	100000	100000	100000	100000	100001
3	1	B	40000	0	100	100	100000	100000	100000	100000	100000	100000	100000	100000	100001
3	2	G	40000	98262	1.738	0.03	1738	3406	0	0	0	3402	4	0	3408
3	2	A	40000	98262	1.738	0.03	1738	1708	0	0	0	1704	4	0	1709
3	2	B	40000	98272	1.728	0.03	1728	1698	0	0	0	1698	0	0	1699
3	3	G	40000	100000	0	0	0	0	0	0	0	0	0	0	2
3	3	A	40000	100000	0	0	0	0	0	0	0	0	0	0	1
3	3	B	40000	100000	0	0	0	0	0	0	0	0	0	0	1
3	4	G	40000	96533	3.467	0.4035	3467	5896	0	0	0	5894	2	0	5898
3	4	A	40000	96680	3.32	0.369	3320	2951	0	0	0	2949	2	0	2952
3	4	B	40000	96617	3.383	0.438	3383	2945	0	0	0	2945	0	0	2946
3	5	G	40000	0	100	100	100000	200000	200000	200000	200000	200000	200000	200000	200002
3	5	A	40000	0	100	100	100000	100000	100000	100000	100000	100000	100000	100000	100001
3	5	B	40000	0	100	100	100000	100000	100000	100000	100000	100000	100000	100000	100001
3	6	G	40000	56330	43.67	10.8945	43670	45137	6	4	0	41556	3539	32	45129
3	6	A	40000	66333	33.667	10.648	33667	23019	6	0	0	20108	2879	26	23015
3	6	B	40000	66741	33.259	11.141	33259	22118	0	4	0	21448	660	6	22114
3	6	cSpy was 6 spamed and the readout avoided!
3	7	G	40000	100000	0	0	0	0	0	0	0	0	0	0	2
3	7	A	40000	100000	0	0	0	0	0	0	0	0	0	0	1
3	7	B	40000	100000	0	0	0	0	0	0	0	0	0	0	1
4	0	G	40000	1090	98.91	74.0985	98910	23720	146	0	0	21323	2110	141	23534
4	0	A	40000	1957	98.043	95.96	98043	2083	72	0	0	1362	538	111	1951
4	0	B	40000	26126	73.874	52.237	73874	21637	74	0	0	19961	1572	30	21583
4	0	cSpy was 7 spamed and the readout avoided!
4	1	G	40000	100000	0	0	0	0	0	0	0	0	0	0	2
4	1	A	40000	100000	0	0	0	0	0	0	0	0	0	0	1
4	1	B	40000	100000	0	0	0	0	0	0	0	0	0	0	1
4	2	G	40000	100000	0	0	0	0	0	0	0	0	0	0	2
4	2	A	40000	100000	0	0	0	0	0	0	0	0	0	0	1
4	2	B	40000	100000	0	0	0	0	0	0	0	0	0	0	1
4	3	G	40000	21140	78.86	57.9605	78860	34223	804	0	0	32679	154	586	33159
4	3	A	40000	24642	75.358	58.227	75358	17131	389	0	0	16324	0	418	16419
4	3	B	40000	25214	74.786	57.694	74786	17092	415	0	0	16355	154	168	16740
4	3	cSpy was 7 spamed and the readout avoided!
4	4	G	40000	4627	95.373	82.267	95373	17617	353	27	2	15348	1293	595	17062
4	4	A	40000	8620	91.38	82.737	91380	8643	172	16	1	7352	628	475	8256
4	4	B	40000	9229	90.771	81.797	90771	8974	181	11	1	7996	665	120	8806
4	4	cSpy was 64 spamed and the readout avoided!
4	5	G	40000	100000	0	0	0	0	0	0	0	0	0	0	2
4	5	A	40000	100000	0	0	0	0	0	0	0	0	0	0	1
4	5	B	40000	100000	0	0	0	0	0	0	0	0	0	0	1
4	6	G	40000	100000	0	0	0	0	0	0	0	0	0	0	2
4	6	A	40000	100000	0	0	0	0	0	0	0	0	0	0	1
4	6	B	40000	100000	0	0	0	0	0	0	0	0	0	0	1
4	7	G	40000	45969	54.031	32.737	54031	33039	76	1	0	32854	3	105	32962
4	7	A	40000	50796	49.204	32.821	49204	16383	38	1	0	16240	3	101	16316
4	7	B	40000	50691	49.309	32.653	49309	16656	38	0	0	16614	0	4	16646
4	7	cSpy was 3 spamed and the readout avoided!
5	0	G	40000	515	99.485	56.7865	99485	14607	142	0	0	13529	117	819	14086
5	0	A	40000	618	99.382	98.243	99382	1139	142	0	0	71	109	817	618
5	0	B	40000	71202	28.798	15.33	28798	13468	0	0	0	13458	8	2	13468
5	0	cSpy was 50 spamed and the readout avoided!
5	1	G	40000	83010	16.99	5.846	16990	17882	1	0	0	17869	0	12	17882
5	1	A	40000	85144	14.856	6.029	14856	8827	1	0	0	8814	0	12	8826
5	1	B	40000	85282	14.718	5.663	14718	9055	0	0	0	9055	0	0	9056
5	2	G	40000	8	99.992	98.9185	99992	1229	57	0	0	399	459	314	934
5	2	A	40000	12	99.988	99.793	99988	195	0	0	0	0	1	194	12
5	2	B	40000	922	99.078	98.044	99078	1034	57	0	0	399	458	120	922
5	2	cSpy was 13 spamed and the readout avoided!
5	3	G	40000	95181	4.819	0.14	4819	9033	0	0	0	8726	306	1	9035
5	3	A	40000	95189	4.811	0.14	4811	4671	0	0	0	4373	297	1	4672
5	3	B	40000	95498	4.502	0.14	4502	4362	0	0	0	4353	9	0	4363
5	4	G	40000	100000	0	0	0	0	0	0	0	0	0	0	2
5	4	A	40000	100000	0	0	0	0	0	0	0	0	0	0	1
5	4	B	40000	100000	0	0	0	0	0	0	0	0	0	0	1
5	5	G	40000	98752	1.248	0.1085	1248	2201	0	0	0	2201	0	0	2203
5	5	A	40000	98777	1.223	0.123	1223	1100	0	0	0	1100	0	0	1101
5	5	B	40000	98805	1.195	0.094	1195	1101	0	0	0	1101	0	0	1102
5	6	G	40000	2	99.998	98.0235	99998	2061	165	0	0	985	797	114	1887
5	6	A	40000	5	99.995	99.96	99995	35	0	0	0	0	1	34	5
5	6	B	40000	1887	98.113	96.087	98113	2026	165	0	0	985	796	80	1882
5	6	cSpy was 39 spamed and the readout avoided!
5	7	G	40000	15850	84.15	41.99	84150	54599	1	0	0	48334	6071	193	54501
5	7	A	40000	29038	70.962	44.995	70962	25967	1	0	0	22268	3507	191	25869
5	7	B	40000	32383	67.617	38.985	67617	28632	0	0	0	26066	2564	2	28632
5	7	cSpy was 7 spamed and the readout avoided!
6	0	G	40000	304	99.696	97.605	99696	2648	327	1	0	1204	625	491	2136
6	0	A	40000	790	99.21	98.072	99210	1138	170	0	0	252	338	378	790
6	0	B	40000	1352	98.648	97.138	98648	1510	157	1	0	952	287	113	1346
6	0	cSpy was 82 spamed and the readout avoided!
6	1	G	40000	11886	88.114	57.617	88114	39644	40	4	0	35188	3934	478	39344
6	1	A	40000	21454	78.546	59.582	78546	18964	15	4	0	16460	2061	424	18704
6	1	B	40000	23668	76.332	55.652	76332	20680	25	0	0	18728	1873	54	20640
6	1	cSpy was 33 spamed and the readout avoided!
6	2	G	40000	100000	0	0	0	0	0	0	0	0	0	0	2
6	2	A	40000	100000	0	0	0	0	0	0	0	0	0	0	1
6	2	B	40000	100000	0	0	0	0	0	0	0	0	0	0	1
6	3	G	40000	99999	0.00100136	0	1	2	0	0	0	2	0	0	4
6	3	A	40000	99999	0.00100136	0	1	1	0	0	0	1	0	0	2
6	3	B	40000	99999	0.00100136	0	1	1	0	0	0	1	0	0	2
6	4	G	40000	24783	75.217	52.671	75217	35695	542	4	0	34536	97	516	34951
6	4	A	40000	29278	70.722	52.905	70722	17817	265	4	0	17155	4	389	17301
6	4	B	40000	29685	70.315	52.437	70315	17878	277	0	0	17381	93	127	17650
6	4	cSpy was 24 spamed and the readout avoided!
6	5	G	40000	1715	98.285	92.087	98285	8105	192	3	0	6569	531	810	7492
6	5	A	40000	3503	96.497	92.611	96497	3886	50	0	0	2940	194	702	3416
6	5	B	40000	4218	95.782	91.563	95782	4219	142	3	0	3629	337	108	4076
6	5	cSpy was 100 spamed and the readout avoided!
6	6	G	40000	100000	0	0	0	0	0	0	0	0	0	0	2
6	6	A	40000	100000	0	0	0	0	0	0	0	0	0	0	1
6	6	B	40000	100000	0	0	0	0	0	0	0	0	0	0	1
6	7	G	40000	100000	0	0	0	0	0	0	0	0	0	0	2
6	7	A	40000	100000	0	0	0	0	0	0	0	0	0	0	1
6	7	B	40000	100000	0	0	0	0	0	0	0	0	0	0	1
7	0	G	40000	1920	98.08	48.091	98080	3604	217	1	0	2740	71	575	3102
7	0	A	40000	1949	98.051	95.63	98051	2421	217	1	0	1557	71	575	1918
7	0	B	40000	98265	1.735	0.552	1735	1183	0	0	0	1183	0	0	1184
7	0	cSpy was 1 spamed and the readout avoided!
7	1	G	40000	100000	0	0	0	0	0	0	0	0	0	0	2
7	1	A	40000	100000	0	0	0	0	0	0	0	0	0	0	1
7	1	B	40000	100000	0	0	0	0	0	0	0	0	0	0	1
7	2	G	40000	99541	0.458997	0.0315	459	793	0	0	0	791	2	0	795
7	2	A	40000	99566	0.433999	0.038	434	396	0	0	0	394	2	0	397
7	2	B	40000	99578	0.422001	0.025	422	397	0	0	0	397	0	0	398
7	3	G	40000	6279	93.721	80.9395	93721	16665	74	2	0	15335	846	408	16391
7	3	A	40000	9859	90.141	82.459	90141	7682	21	2	0	7125	266	268	7516
7	3	B	40000	11597	88.403	79.42	88403	8983	53	0	0	8210	580	140	8875
7	3	cSpy was 82 spamed and the readout avoided!
7	4	G	40000	63033	36.967	8.554	36967	42826	0	0	0	38720	4025	81	42803
7	4	A	40000	68222	31.778	8.761	31778	23017	0	0	0	19775	3161	81	22993
7	4	B	40000	71844	28.156	8.347	28156	19809	0	0	0	18945	864	0	19810
7	5	G	40000	100000	0	0	0	0	0	0	0	0	0	0	2
7	5	A	40000	100000	0	0	0	0	0	0	0	0	0	0	1
7	5	B	40000	100000	0	0	0	0	0	0	0	0	0	0	1
7	6	G	40000	99999	0.00100136	0	1	2	0	0	0	2	0	0	4
7	6	A	40000	99999	0.00100136	0	1	1	0	0	0	1	0	0	2
7	6	B	40000	99999	0.00100136	0	1	1	0	0	0	1	0	0	2
7	7	G	40000	61751	38.249	14.588	38249	33414	51	105	0	32653	469	136	33319
7	7	A	40000	67728	32.272	15.216	32272	17056	51	105	0	16589	175	136	16960
7	7	B	40000	69682	30.318	13.96	30318	16358	0	0	0	16064	294	0	16359
7	7	cSpy was 8 spamed and the readout avoided!
