#the gain was set to: 2	the bias was set to: 30
#Sent triggers per delay setting: 100000	and with a frequency [Hz] of: 40000
#160MHz delay setting	400MHz delay setting	Frequency	correct transmitted H+T		error rate [%]	uncertainty [%]	bad or missed events	error count	missing headers	missing trailers	flipped H/T	event nr errors	tbm missed trigger	unknown errors	event nr resets
0	0	G	40000	444	99.556	72.2935	99556	19325	115	0	0	18258	341	611	18806
0	0	A	40000	646	99.354	98.202	99354	1152	91	0	0	196	264	601	646
0	0	B	40000	35442	64.558	46.385	64558	18173	24	0	0	18062	77	10	18160
0	0	cSpy was 25 spamed and the readout avoided!
0	1	G	40000	39576	60.424	43.3815	60424	23765	504	0	0	22198	509	554	23330
0	1	A	40000	46766	53.234	42.985	53234	10249	257	0	0	9617	2	373	9993
0	1	B	40000	42706	57.294	43.778	57294	13516	247	0	0	12581	507	181	13337
0	2	G	40000	4853	95.147	78.0105	95147	21606	32	1	0	18608	2746	219	21468
0	2	A	40000	12149	87.851	76.185	87851	11666	10	0	0	9635	1822	199	11552
0	2	B	40000	10224	89.776	79.836	89776	9940	22	1	0	8973	924	20	9916
0	2	cSpy was 1 spamed and the readout avoided!
0	3	G	40000	100000	0	0	0	0	0	0	0	0	0	0	2
0	3	A	40000	100000	0	0	0	0	0	0	0	0	0	0	1
0	3	B	40000	100000	0	0	0	0	0	0	0	0	0	0	1
0	4	G	40000	100000	0	0	0	0	0	0	0	0	0	0	2
0	4	A	40000	100000	0	0	0	0	0	0	0	0	0	0	1
0	4	B	40000	100000	0	0	0	0	0	0	0	0	0	0	1
0	5	G	40000	28769	71.231	51.9895	71231	25256	282	0	0	23936	483	555	25045
0	5	A	40000	37849	62.151	51.377	62151	10774	153	0	0	10161	3	457	10622
0	5	B	40000	32916	67.084	52.602	67084	14482	129	0	0	13775	480	98	14423
0	6	G	40000	3312	96.688	84.4735	96688	15469	323	12	0	12562	2102	470	14940
0	6	A	40000	6600	93.4	86.731	93400	6669	156	0	0	4870	1237	406	6283
0	6	B	40000	8984	91.016	82.216	91016	8800	167	12	0	7692	865	64	8657
0	6	cSpy was 23 spamed and the readout avoided!
0	7	G	40000	99973	0.0270009	0	27	54	0	0	0	54	0	0	56
0	7	A	40000	99973	0.0270009	0	27	27	0	0	0	27	0	0	28
0	7	B	40000	99973	0.0270009	0	27	27	0	0	0	27	0	0	28
1	0	G	40000	396	99.604	96.4435	99604	3488	211	1	0	2535	254	487	3041
1	0	A	40000	2170	97.83	95.331	97830	2499	182	1	0	1735	172	409	2118
1	0	B	40000	1455	98.545	97.556	98545	989	29	0	0	800	82	78	923
1	0	cSpy was 26 spamed and the readout avoided!
1	1	G	40000	99977	0.0230014	0	23	46	0	0	0	46	0	0	48
1	1	A	40000	99977	0.0230014	0	23	23	0	0	0	23	0	0	24
1	1	B	40000	99977	0.0230014	0	23	23	0	0	0	23	0	0	24
1	2	G	40000	100000	0	0	0	0	0	0	0	0	0	0	2
1	2	A	40000	100000	0	0	0	0	0	0	0	0	0	0	1
1	2	B	40000	100000	0	0	0	0	0	0	0	0	0	0	1
1	3	G	40000	75077	24.923	10.169	24923	20099	4	0	0	19862	159	74	20090
1	3	A	40000	81074	18.926	9.604	18926	9322	3	0	0	9110	140	69	9313
1	3	B	40000	78489	21.511	10.734	21511	10777	1	0	0	10752	19	5	10777
1	4	G	40000	0	100	100	100000	200000	200000	200000	200000	200000	200000	200000	200002
1	4	A	40000	0	100	100	100000	100000	100000	100000	100000	100000	100000	100000	100001
1	4	B	40000	0	100	100	100000	100000	100000	100000	100000	100000	100000	100000	100001
1	5	G	40000	95885	4.115	0.5775	4115	5624	0	0	0	5436	188	0	5626
1	5	A	40000	96796	3.204	0.399	3204	2805	0	0	0	2732	73	0	2806
1	5	B	40000	96425	3.575	0.756	3575	2819	0	0	0	2704	115	0	2820
1	6	G	40000	100000	0	0	0	0	0	0	0	0	0	0	2
1	6	A	40000	100000	0	0	0	0	0	0	0	0	0	0	1
1	6	B	40000	100000	0	0	0	0	0	0	0	0	0	0	1
1	7	G	40000	99700	0.300002	0.0055	300	583	0	0	0	583	0	0	585
1	7	A	40000	99705	0.295001	0.005	295	290	0	0	0	290	0	0	291
1	7	B	40000	99701	0.299001	0.006	299	293	0	0	0	293	0	0	294
2	0	G	40000	2348	97.652	48.408	97652	4162	45	0	0	3934	105	78	4077
2	0	A	40000	2395	97.605	95.17	97605	2435	45	0	0	2207	105	78	2349
2	0	B	40000	96627	3.373	1.646	3373	1727	0	0	0	1727	0	0	1728
2	1	G	40000	99849	0.151002	0.055	151	123	0	0	0	122	1	0	125
2	1	A	40000	99889	0.111002	0.051	111	60	0	0	0	59	1	0	61
2	1	B	40000	99878	0.121999	0.059	122	63	0	0	0	63	0	0	64
2	2	G	40000	15794	84.206	62.549	84206	27183	817	16	0	24317	1131	902	26294
2	2	A	40000	25961	74.039	60.442	74039	13597	439	3	0	12026	557	572	13077
2	2	B	40000	21758	78.242	64.656	78242	13586	378	13	0	12291	574	330	13217
2	2	cSpy was 14 spamed and the readout avoided!
2	3	G	40000	12840	87.16	60.5965	87160	32059	209	3	0	28218	3399	230	31817
2	3	A	40000	27039	72.961	53.025	72961	19936	24	0	0	17171	2605	136	19846
2	3	B	40000	19709	80.291	68.168	80291	12123	185	3	0	11047	794	94	11971
2	3	cSpy was 30 spamed and the readout avoided!
2	4	G	40000	100000	0	0	0	0	0	0	0	0	0	0	2
2	4	A	40000	100000	0	0	0	0	0	0	0	0	0	0	1
2	4	B	40000	100000	0	0	0	0	0	0	0	0	0	0	1
2	5	G	40000	99141	0.858998	0.3045	859	778	0	0	0	771	4	3	780
2	5	A	40000	99336	0.664002	0.282	664	382	0	0	0	375	4	3	383
2	5	B	40000	99277	0.722998	0.327	723	396	0	0	0	396	0	0	397
2	6	G	40000	24348	75.652	51.9835	75652	28153	524	3	0	25398	1541	687	27662
2	6	A	40000	37667	62.333	49.338	62333	12995	264	0	0	10706	1536	489	12706
2	6	B	40000	30213	69.787	54.629	69787	15158	260	3	0	14692	5	198	14956
2	7	G	40000	1882	98.118	88.931	98118	11058	285	5	0	7942	2438	388	10644
2	7	A	40000	6434	93.566	87.237	93566	6329	58	0	0	4903	1137	231	6137
2	7	B	40000	4646	95.354	90.625	95354	4729	227	5	0	3039	1301	157	4507
2	7	cSpy was 66 spamed and the readout avoided!
3	0	G	40000	718	99.282	81.277	99282	16816	293	1	0	15517	330	675	16214
3	0	A	40000	1320	98.68	96.822	98680	1858	220	0	0	976	18	644	1305
3	0	B	40000	19310	80.69	65.732	80690	14958	73	1	0	14541	312	31	14909
3	0	cSpy was 14 spamed and the readout avoided!
3	1	G	40000	0	100	100	100000	200000	200000	200000	200000	200000	200000	200000	200002
3	1	A	40000	0	100	100	100000	100000	100000	100000	100000	100000	100000	100000	100001
3	1	B	40000	0	100	100	100000	100000	100000	100000	100000	100000	100000	100000	100001
3	2	G	40000	99998	0.00200272	0	2	4	0	0	0	4	0	0	6
3	2	A	40000	99998	0.00200272	0	2	2	0	0	0	2	0	0	3
3	2	B	40000	99998	0.00200272	0	2	2	0	0	0	2	0	0	3
3	3	G	40000	100000	0	0	0	0	0	0	0	0	0	0	2
3	3	A	40000	100000	0	0	0	0	0	0	0	0	0	0	1
3	3	B	40000	100000	0	0	0	0	0	0	0	0	0	0	1
3	4	G	40000	74100	25.9	14.082	25900	18920	131	0	0	18649	32	108	18738
3	4	A	40000	76455	23.545	13.964	23545	9581	63	0	0	9430	15	73	9461
3	4	B	40000	76461	23.539	14.2	23539	9339	68	0	0	9219	17	35	9277
3	5	G	40000	0	100	100	100000	200000	200000	200000	200000	200000	200000	200000	200002
3	5	A	40000	0	100	100	100000	100000	100000	100000	100000	100000	100000	100000	100001
3	5	B	40000	0	100	100	100000	100000	100000	100000	100000	100000	100000	100000	100001
3	6	G	40000	69830	30.17	25.706	30170	8472	39	0	0	8070	146	217	8263
3	6	A	40000	69873	30.127	25.913	30127	4214	0	0	0	4007	96	111	4103
3	6	B	40000	70243	29.757	25.499	29757	4258	39	0	0	4063	50	106	4160
3	6	cSpy was 87 spamed and the readout avoided!
3	7	G	40000	100000	0	0	0	0	0	0	0	0	0	0	2
3	7	A	40000	100000	0	0	0	0	0	0	0	0	0	0	1
3	7	B	40000	100000	0	0	0	0	0	0	0	0	0	0	1
4	0	G	40000	1179	98.821	62.33	98821	19126	216	4	0	17239	1127	540	18618
4	0	A	40000	1824	98.176	95.881	98176	2295	172	0	0	1057	543	523	1824
4	0	B	40000	54390	45.61	28.779	45610	16831	44	4	0	16182	584	17	16794
4	0	cSpy was 13 spamed and the readout avoided!
4	1	G	40000	100000	0	0	0	0	0	0	0	0	0	0	2
4	1	A	40000	100000	0	0	0	0	0	0	0	0	0	0	1
4	1	B	40000	100000	0	0	0	0	0	0	0	0	0	0	1
4	2	G	40000	92533	7.467	3.8655	7467	5310	6	0	0	5293	1	10	5301
4	2	A	40000	93471	6.529	3.916	6529	2613	3	0	0	2600	1	9	2606
4	2	B	40000	93488	6.512	3.815	6512	2697	3	0	0	2693	0	1	2695
4	3	G	40000	17228	82.772	60.4675	82772	33141	758	2	0	31577	157	647	32114
4	3	A	40000	22551	77.449	60.9	77449	16549	391	1	0	15662	12	483	15845
4	3	B	40000	23373	76.627	60.035	76627	16592	367	1	0	15915	145	164	16269
4	3	cSpy was 8 spamed and the readout avoided!
4	4	G	40000	13735	86.265	54.524	86265	41712	75	7	1	37182	4121	326	41468
4	4	A	40000	24485	75.515	54.897	75515	20618	27	1	1	17779	2540	270	20445
4	4	B	40000	24755	75.245	54.151	75245	21094	48	6	0	19403	1581	56	21023
4	4	cSpy was 21 spamed and the readout avoided!
4	5	G	40000	100000	0	0	0	0	0	0	0	0	0	0	2
4	5	A	40000	100000	0	0	0	0	0	0	0	0	0	0	1
4	5	B	40000	100000	0	0	0	0	0	0	0	0	0	0	1
4	6	G	40000	100000	0	0	0	0	0	0	0	0	0	0	2
4	6	A	40000	100000	0	0	0	0	0	0	0	0	0	0	1
4	6	B	40000	100000	0	0	0	0	0	0	0	0	0	0	1
4	7	G	40000	31880	68.12	48.8685	68120	31130	507	0	0	30156	64	403	30452
4	7	A	40000	35376	64.624	49.051	64624	15573	244	0	0	15040	0	289	15112
4	7	B	40000	35757	64.243	48.686	64243	15557	263	0	0	15116	64	114	15340
4	7	cSpy was 8 spamed and the readout avoided!
5	0	G	40000	471	99.529	57.2275	99529	15276	134	0	0	14187	114	841	14730
5	0	A	40000	604	99.396	98.246	99396	1150	134	0	0	76	101	839	603
5	0	B	40000	69665	30.335	16.209	30335	14126	0	0	0	14111	13	2	14127
5	0	cSpy was 88 spamed and the readout avoided!
5	1	G	40000	54305	45.695	26.9565	45695	28784	88	0	0	28585	2	109	28709
5	1	A	40000	58679	41.321	27.066	41321	14255	43	0	0	14111	2	99	14191
5	1	B	40000	58624	41.376	26.847	41376	14529	45	0	0	14474	0	10	14518
5	1	cSpy was 5 spamed and the readout avoided!
5	2	G	40000	27	99.973	98.9435	99973	1366	34	0	0	570	49	713	737
5	2	A	40000	84	99.916	99.287	99916	629	0	0	0	3	0	626	84
5	2	B	40000	663	99.337	98.6	99337	737	34	0	0	567	49	87	653
5	2	cSpy was 27 spamed and the readout avoided!
5	3	G	40000	99897	0.103003	0	103	206	0	0	0	206	0	0	208
5	3	A	40000	99897	0.103003	0	103	103	0	0	0	103	0	0	104
5	3	B	40000	99897	0.103003	0	103	103	0	0	0	103	0	0	104
5	4	G	40000	100000	0	0	0	0	0	0	0	0	0	0	2
5	4	A	40000	100000	0	0	0	0	0	0	0	0	0	0	1
5	4	B	40000	100000	0	0	0	0	0	0	0	0	0	0	1
5	5	G	40000	69509	30.491	12.8075	30491	26962	8	0	0	26929	2	23	26955
5	5	A	40000	73677	26.323	13.085	26323	13238	4	0	0	13209	2	23	13231
5	5	B	40000	73746	26.254	12.53	26254	13724	4	0	0	13720	0	0	13724
5	6	G	40000	4	99.996	98.4145	99996	1727	110	0	0	454	906	257	1444
5	6	A	40000	10	99.99	99.846	99990	144	0	0	0	0	1	143	10
5	6	B	40000	1434	98.566	96.983	98566	1583	110	0	0	454	905	114	1434
5	6	cSpy was 21 spamed and the readout avoided!
5	7	G	40000	60605	39.395	8.6825	39395	44658	0	3	0	40165	4399	91	44629
5	7	A	40000	67084	32.916	8.961	32916	23955	0	3	0	20478	3384	90	23925
5	7	B	40000	70893	29.107	8.404	29107	20703	0	0	0	19687	1015	1	20704
6	0	G	40000	628	99.372	95.8955	99372	4409	329	9	0	2158	1257	656	3792
6	0	A	40000	1327	98.673	96.865	98673	1808	186	1	0	191	837	593	1327
6	0	B	40000	2473	97.527	94.926	97527	2601	143	8	0	1967	420	63	2465
6	0	cSpy was 65 spamed and the readout avoided!
6	1	G	40000	17227	82.773	38.1275	82773	57762	1	1	0	51224	6363	173	57679
6	1	A	40000	31521	68.479	40.92	68479	27559	0	1	0	23719	3666	173	27476
6	1	B	40000	34462	65.538	35.335	65538	30203	1	0	0	27505	2697	0	30203
6	1	cSpy was 5 spamed and the readout avoided!
6	2	G	40000	100000	0	0	0	0	0	0	0	0	0	0	2
6	2	A	40000	100000	0	0	0	0	0	0	0	0	0	0	1
6	2	B	40000	100000	0	0	0	0	0	0	0	0	0	0	1
6	3	G	40000	100000	0	0	0	0	0	0	0	0	0	0	2
6	3	A	40000	100000	0	0	0	0	0	0	0	0	0	0	1
6	3	B	40000	100000	0	0	0	0	0	0	0	0	0	0	1
6	4	G	40000	18677	81.323	59.4405	81323	33700	795	0	0	32171	127	607	32645
6	4	A	40000	23368	76.632	59.786	76632	16846	394	0	0	16008	2	442	16124
6	4	B	40000	24051	75.949	59.095	75949	16854	401	0	0	16163	125	165	16521
6	4	cSpy was 8 spamed and the readout avoided!
6	5	G	40000	8235	91.765	67.5915	91765	32004	62	5	0	28752	2489	696	31604
6	5	A	40000	15420	84.58	69.278	84580	15302	10	2	0	13509	1130	651	14960
6	5	B	40000	17393	82.607	65.905	82607	16702	52	3	0	15243	1359	45	16644
6	5	cSpy was 19 spamed and the readout avoided!
6	6	G	40000	100000	0	0	0	0	0	0	0	0	0	0	2
6	6	A	40000	100000	0	0	0	0	0	0	0	0	0	0	1
6	6	B	40000	100000	0	0	0	0	0	0	0	0	0	0	1
6	7	G	40000	99999	0.00100136	0	1	2	0	0	0	2	0	0	4
6	7	A	40000	99999	0.00100136	0	1	1	0	0	0	1	0	0	2
6	7	B	40000	99999	0.00100136	0	1	1	0	0	0	1	0	0	2
7	0	G	40000	1980	98.02	48.148	98020	4844	202	0	0	4013	98	531	4382
7	0	A	40000	2032	97.968	95.495	97968	2473	202	0	0	1669	71	531	2010
7	0	B	40000	96828	3.172	0.801	3172	2371	0	0	0	2344	27	0	2372
7	0	cSpy was 1 spamed and the readout avoided!
7	1	G	40000	100000	0	0	0	0	0	0	0	0	0	0	2
7	1	A	40000	100000	0	0	0	0	0	0	0	0	0	0	1
7	1	B	40000	100000	0	0	0	0	0	0	0	0	0	0	1
7	2	G	40000	90223	9.777	2.128	9777	11393	5	5	0	11307	55	21	11392
7	2	A	40000	91946	8.054	2.368	8054	5686	5	5	0	5618	37	21	5684
7	2	B	40000	92405	7.595	1.888	7595	5707	0	0	0	5689	18	0	5708
7	2	cSpy was 2 spamed and the readout avoided!
7	3	G	40000	0	100	100	100000	200000	200000	200000	200000	200000	200000	200000	200002
7	3	A	40000	0	100	100	100000	100000	100000	100000	100000	100000	100000	100000	100001
7	3	B	40000	0	100	100	100000	100000	100000	100000	100000	100000	100000	100000	100001
7	4	G	40000	94399	5.601	0.281	5601	10349	0	0	0	10109	239	1	10351
7	4	A	40000	94419	5.581	0.281	5581	5300	0	0	0	5082	217	1	5301
7	4	B	40000	94670	5.33	0.281	5330	5049	0	0	0	5027	22	0	5050
7	5	G	40000	100000	0	0	0	0	0	0	0	0	0	0	2
7	5	A	40000	100000	0	0	0	0	0	0	0	0	0	0	1
7	5	B	40000	100000	0	0	0	0	0	0	0	0	0	0	1
7	6	G	40000	96009	3.991	1.2275	3991	3497	9	4	0	3444	29	11	3496
7	6	A	40000	96920	3.08	1.355	3080	1725	9	4	0	1696	5	11	1723
7	6	B	40000	97128	2.872	1.1	2872	1772	0	0	0	1748	24	0	1773
7	6	cSpy was 1 spamed and the readout avoided!
7	7	G	40000	38902	61.098	31.855	61098	43078	12	1	0	41361	1494	210	42998
7	7	A	40000	45949	54.051	32.417	54051	21634	6	1	0	20732	689	206	21559
7	7	B	40000	47263	52.737	31.293	52737	21444	6	0	0	20629	805	4	21439
7	7	cSpy was 9 spamed and the readout avoided!
