#the gain was set to: 2	the bias was set to: 30
#Sent triggers per delay setting: 100000	and with a frequency [Hz] of: 40000
#160MHz delay setting	400MHz delay setting	Frequency	correct transmitted H+T		error rate [%]	uncertainty [%]	bad or missed events	error count	missing headers	missing trailers	flipped H/T	event nr errors	tbm missed trigger	unknown errors	event nr resets
0	0	G	40000	358	99.642	77.068	99642	18292	125	0	0	17163	321	683	17722
0	0	A	40000	592	99.408	98.29	99408	1118	71	0	0	166	232	649	592
0	0	B	40000	26980	73.02	55.846	73020	17174	54	0	0	16997	89	34	17130
0	0	cSpy was 23 spamed and the readout avoided!
0	1	G	40000	30667	69.333	50.99	69333	25307	741	0	0	23226	653	687	24653
0	1	A	40000	38588	61.412	50.605	61412	10807	372	0	0	9985	1	449	10434
0	1	B	40000	34125	65.875	51.375	65875	14500	369	0	0	13241	652	238	14219
0	2	G	40000	6262	93.738	71.877	93738	27455	52	5	0	23549	3636	213	27315
0	2	A	40000	16569	83.431	67.757	83431	15674	9	1	0	13036	2437	191	15566
0	2	B	40000	12222	87.778	75.997	87778	11781	43	4	0	10513	1199	22	11749
0	2	cSpy was 4 spamed and the readout avoided!
0	3	G	40000	100000	0	0	0	0	0	0	0	0	0	0	2
0	3	A	40000	100000	0	0	0	0	0	0	0	0	0	0	1
0	3	B	40000	100000	0	0	0	0	0	0	0	0	0	0	1
0	4	G	40000	100000	0	0	0	0	0	0	0	0	0	0	2
0	4	A	40000	100000	0	0	0	0	0	0	0	0	0	0	1
0	4	B	40000	100000	0	0	0	0	0	0	0	0	0	0	1
0	5	G	40000	29140	70.86	51.4725	70860	25475	216	0	0	24264	461	534	25310
0	5	A	40000	38226	61.774	50.876	61774	10898	117	0	0	10317	3	461	10776
0	5	B	40000	33354	66.646	52.069	66646	14577	99	0	0	13947	458	73	14534
0	6	G	40000	2758	97.242	85.458	97242	14387	80	3	0	11920	1953	431	14067
0	6	A	40000	6727	93.273	86.695	93273	6578	25	0	0	5036	1217	300	6383
0	6	B	40000	7970	92.03	84.221	92030	7809	55	3	0	6884	736	131	7684
0	6	cSpy was 26 spamed and the readout avoided!
0	7	G	40000	94956	5.044	0.9175	5044	4804	0	0	0	4435	364	5	4806
0	7	A	40000	97085	2.915	0.526	2915	2389	0	0	0	2229	155	5	2390
0	7	B	40000	96276	3.724	1.309	3724	2415	0	0	0	2206	209	0	2416
1	0	G	40000	634	99.366	95.0775	99366	5068	251	13	0	3190	1201	413	4634
1	0	A	40000	2936	97.064	93.9	97064	3164	168	11	0	2236	378	371	2794
1	0	B	40000	1841	98.159	96.255	98159	1904	83	2	0	954	823	42	1840
1	0	cSpy was 28 spamed and the readout avoided!
1	1	G	40000	93907	6.093	1.0275	6093	5413	0	0	0	4969	444	0	5415
1	1	A	40000	96839	3.161	0.462	3161	2699	0	0	0	2495	204	0	2700
1	1	B	40000	95693	4.307	1.593	4307	2714	0	0	0	2474	240	0	2715
1	2	G	40000	100000	0	0	0	0	0	0	0	0	0	0	2
1	2	A	40000	100000	0	0	0	0	0	0	0	0	0	0	1
1	2	B	40000	100000	0	0	0	0	0	0	0	0	0	0	1
1	3	G	40000	80968	19.032	5.793	19032	17465	0	0	0	17198	231	36	17465
1	3	A	40000	86426	13.574	5.123	13574	8451	0	0	0	8237	178	36	8450
1	3	B	40000	84523	15.477	6.463	15477	9014	0	0	0	8961	53	0	9015
1	4	G	40000	1266	98.734	93.723	98734	6340	328	6	0	4614	1150	242	5968
1	4	A	40000	3804	96.196	92.435	96196	3761	82	0	0	2693	869	117	3612
1	4	B	40000	2410	97.59	95.011	97590	2579	246	6	0	1921	281	125	2356
1	4	cSpy was 48 spamed and the readout avoided!
1	5	G	40000	71941	28.059	19.899	28059	10638	9	0	0	9260	1331	38	10617
1	5	A	40000	75737	24.263	18.117	24263	6146	0	0	0	5259	851	36	6130
1	5	B	40000	73827	26.173	21.681	26173	4492	9	0	0	4001	480	2	4487
1	5	cSpy was 1 spamed and the readout avoided!
1	6	G	40000	100000	0	0	0	0	0	0	0	0	0	0	2
1	6	A	40000	100000	0	0	0	0	0	0	0	0	0	0	1
1	6	B	40000	100000	0	0	0	0	0	0	0	0	0	0	1
1	7	G	40000	99689	0.310999	0.005	311	607	0	0	0	607	0	0	609
1	7	A	40000	99692	0.308001	0.005	308	303	0	0	0	303	0	0	304
1	7	B	40000	99691	0.309002	0.005	309	304	0	0	0	304	0	0	305
2	0	G	40000	2022	97.978	48.957	97978	4347	43	0	0	4081	140	83	4261
2	0	A	40000	2071	97.929	95.785	97929	2144	43	0	0	1879	140	82	2057
2	0	B	40000	95668	4.332	2.129	4332	2203	0	0	0	2202	0	1	2204
2	1	G	40000	99977	0.0230014	0	23	46	0	0	0	46	0	0	48
2	1	A	40000	99977	0.0230014	0	23	23	0	0	0	23	0	0	24
2	1	B	40000	99977	0.0230014	0	23	23	0	0	0	23	0	0	24
2	2	G	40000	19562	80.438	57.525	80438	28596	797	11	0	25764	1201	823	27752
2	2	A	40000	30602	69.398	55.405	69398	13993	421	5	0	12318	704	545	13500
2	2	B	40000	25752	74.248	59.645	74248	14603	376	6	0	13446	497	278	14252
2	2	cSpy was 3 spamed and the readout avoided!
2	3	G	40000	12719	87.281	48.1215	87281	46390	112	0	0	41799	4407	72	46293
2	3	A	40000	34273	65.727	36.299	65727	29428	4	0	0	25796	3603	25	29412
2	3	B	40000	23094	76.906	59.944	76906	16962	108	0	0	16003	804	47	16881
2	3	cSpy was 5 spamed and the readout avoided!
2	4	G	40000	100000	0	0	0	0	0	0	0	0	0	0	2
2	4	A	40000	100000	0	0	0	0	0	0	0	0	0	0	1
2	4	B	40000	100000	0	0	0	0	0	0	0	0	0	0	1
2	5	G	40000	100000	0	0	0	0	0	0	0	0	0	0	2
2	5	A	40000	100000	0	0	0	0	0	0	0	0	0	0	1
2	5	B	40000	100000	0	0	0	0	0	0	0	0	0	0	1
2	6	G	40000	23506	76.494	53.0755	76494	28324	907	11	0	25221	1389	796	27460
2	6	A	40000	36212	63.788	50.652	63788	13136	457	4	0	10865	1305	505	12660
2	6	B	40000	29313	70.687	55.499	70687	15188	450	7	0	14356	84	291	14800
2	6	cSpy was 1 spamed and the readout avoided!
2	7	G	40000	0	100	100	100000	200000	200000	200000	200000	200000	200000	200000	200002
2	7	A	40000	0	100	100	100000	100000	100000	100000	100000	100000	100000	100000	100001
2	7	B	40000	0	100	100	100000	100000	100000	100000	100000	100000	100000	100000	100001
3	0	G	40000	657	99.343	80.994	99343	17055	262	5	0	15794	322	672	16475
3	0	A	40000	1223	98.777	97.048	98777	1729	173	0	0	907	20	629	1215
3	0	B	40000	19734	80.266	64.94	80266	15326	89	5	0	14887	302	43	15260
3	0	cSpy was 20 spamed and the readout avoided!
3	1	G	40000	0	100	100	100000	200000	200000	200000	200000	200000	200000	200000	200002
3	1	A	40000	0	100	100	100000	100000	100000	100000	100000	100000	100000	100000	100001
3	1	B	40000	0	100	100	100000	100000	100000	100000	100000	100000	100000	100000	100001
3	2	G	40000	100000	0	0	0	0	0	0	0	0	0	0	2
3	2	A	40000	100000	0	0	0	0	0	0	0	0	0	0	1
3	2	B	40000	100000	0	0	0	0	0	0	0	0	0	0	1
3	3	G	40000	100000	0	0	0	0	0	0	0	0	0	0	2
3	3	A	40000	100000	0	0	0	0	0	0	0	0	0	0	1
3	3	B	40000	100000	0	0	0	0	0	0	0	0	0	0	1
3	4	G	40000	51106	48.894	29.7225	48894	28232	162	0	0	27722	199	149	28024
3	4	A	40000	56205	43.795	29.519	43795	14276	77	0	0	14071	11	117	14125
3	4	B	40000	56118	43.882	29.926	43882	13956	85	0	0	13651	188	32	13899
3	5	G	40000	0	100	100	100000	200000	200000	200000	200000	200000	200000	200000	200002
3	5	A	40000	0	100	100	100000	100000	100000	100000	100000	100000	100000	100000	100001
3	5	B	40000	0	100	100	100000	100000	100000	100000	100000	100000	100000	100000	100001
3	6	G	40000	98544	1.456	0.031	1456	2845	0	0	0	2844	1	0	2847
3	6	A	40000	98545	1.455	0.031	1455	1424	0	0	0	1423	1	0	1425
3	6	B	40000	98548	1.452	0.031	1452	1421	0	0	0	1421	0	0	1422
3	7	G	40000	100000	0	0	0	0	0	0	0	0	0	0	2
3	7	A	40000	100000	0	0	0	0	0	0	0	0	0	0	1
3	7	B	40000	100000	0	0	0	0	0	0	0	0	0	0	1
4	0	G	40000	649	99.351	51.0425	99351	12866	190	0	0	11576	278	822	12264
4	0	A	40000	736	99.264	97.927	99264	1337	189	0	0	171	155	822	734
4	0	B	40000	84313	15.687	4.158	15687	11529	1	0	0	11405	123	0	11530
4	0	cSpy was 25 spamed and the readout avoided!
4	1	G	40000	100000	0	0	0	0	0	0	0	0	0	0	2
4	1	A	40000	100000	0	0	0	0	0	0	0	0	0	0	1
4	1	B	40000	100000	0	0	0	0	0	0	0	0	0	0	1
4	2	G	40000	99866	0.133997	0.001	134	266	0	0	0	266	0	0	268
4	2	A	40000	99866	0.133997	0.001	134	133	0	0	0	133	0	0	134
4	2	B	40000	99866	0.133997	0.001	134	133	0	0	0	133	0	0	134
4	3	G	40000	4456	95.544	89.349	95544	9196	300	0	0	8077	276	543	8620
4	3	A	40000	5471	94.529	90.458	94529	4071	69	0	0	3632	27	343	3748
4	3	B	40000	6635	93.365	88.24	93365	5125	231	0	0	4445	249	200	4872
4	3	cSpy was 81 spamed and the readout avoided!
4	4	G	40000	22133	77.867	37.9215	77867	51966	19	2	0	46944	4882	119	51897
4	4	A	40000	36454	63.546	37.861	63546	25685	12	0	0	22234	3324	115	25622
4	4	B	40000	35737	64.263	37.982	64263	26281	7	2	0	24710	1558	4	26275
4	4	cSpy was 10 spamed and the readout avoided!
4	5	G	40000	100000	0	0	0	0	0	0	0	0	0	0	2
4	5	A	40000	100000	0	0	0	0	0	0	0	0	0	0	1
4	5	B	40000	100000	0	0	0	0	0	0	0	0	0	0	1
4	6	G	40000	100000	0	0	0	0	0	0	0	0	0	0	2
4	6	A	40000	100000	0	0	0	0	0	0	0	0	0	0	1
4	6	B	40000	100000	0	0	0	0	0	0	0	0	0	0	1
4	7	G	40000	20384	79.616	58.488	79616	34406	767	0	0	32909	151	579	33369
4	7	A	40000	24035	75.965	58.738	75965	17227	372	0	0	16446	0	409	16538
4	7	B	40000	24583	75.417	58.238	75417	17179	395	0	0	16463	151	170	16831
4	7	cSpy was 8 spamed and the readout avoided!
5	0	G	40000	465	99.535	58.153	99535	16783	133	0	0	15671	149	830	16250
5	0	A	40000	603	99.397	98.265	99397	1132	130	0	0	60	120	822	603
5	0	B	40000	66308	33.692	18.041	33692	15651	3	0	0	15611	29	8	15647
5	0	cSpy was 82 spamed and the readout avoided!
5	1	G	40000	31120	68.88	46.8225	68880	34536	294	0	0	33987	5	250	34203
5	1	A	40000	35826	64.174	46.953	64174	17221	142	0	0	16882	1	196	16980
5	1	B	40000	35993	64.007	46.692	64007	17315	152	0	0	17105	4	54	17223
5	1	cSpy was 4 spamed and the readout avoided!
5	2	G	40000	0	100	100	100000	200000	200000	200000	200000	200000	200000	200000	200002
5	2	A	40000	0	100	100	100000	100000	100000	100000	100000	100000	100000	100000	100001
5	2	B	40000	0	100	100	100000	100000	100000	100000	100000	100000	100000	100000	100001
5	3	G	40000	99999	0.00100136	0	1	2	0	0	0	2	0	0	4
5	3	A	40000	99999	0.00100136	0	1	1	0	0	0	1	0	0	2
5	3	B	40000	99999	0.00100136	0	1	1	0	0	0	1	0	0	2
5	4	G	40000	100000	0	0	0	0	0	0	0	0	0	0	2
5	4	A	40000	100000	0	0	0	0	0	0	0	0	0	0	1
5	4	B	40000	100000	0	0	0	0	0	0	0	0	0	0	1
5	5	G	40000	76931	23.069	7.9345	23069	23782	2	3	0	23749	6	22	23780
5	5	A	40000	80083	19.917	8.21	19917	11707	1	2	0	11678	6	20	11705
5	5	B	40000	80266	19.734	7.659	19734	12075	1	1	0	12071	0	2	12075
5	6	G	40000	14	99.986	98.772	99986	1460	50	0	0	551	356	503	996
5	6	A	40000	35	99.965	99.589	99965	376	0	0	0	4	0	372	35
5	6	B	40000	961	99.039	97.955	99039	1084	50	0	0	547	356	131	961
5	6	cSpy was 13 spamed and the readout avoided!
5	7	G	40000	88737	11.263	1.261	11263	18261	0	0	0	16918	1329	14	18260
5	7	A	40000	88885	11.115	1.261	11115	9854	0	0	0	8636	1205	13	9852
5	7	B	40000	90332	9.668	1.261	9668	8407	0	0	0	8282	124	1	8408
6	0	G	40000	647	99.353	95.0115	99353	5290	261	8	0	2811	1395	815	4670
6	0	A	40000	1451	98.549	96.562	98549	1987	136	1	0	197	879	774	1451
6	0	B	40000	3236	96.764	93.461	96764	3303	125	7	0	2614	516	41	3219
6	0	cSpy was 53 spamed and the readout avoided!
6	1	G	40000	45952	54.048	12.865	54048	56134	6	6	0	50669	5349	104	56091
6	1	A	40000	57502	42.498	13.48	42498	29018	6	6	0	25222	3681	103	28975
6	1	B	40000	60634	39.366	12.25	39366	27116	0	0	0	25447	1668	1	27116
6	1	cSpy was 1 spamed and the readout avoided!
6	2	G	40000	100000	0	0	0	0	0	0	0	0	0	0	2
6	2	A	40000	100000	0	0	0	0	0	0	0	0	0	0	1
6	2	B	40000	100000	0	0	0	0	0	0	0	0	0	0	1
6	3	G	40000	99680	0.319999	0.109	320	262	1	0	0	256	4	1	264
6	3	A	40000	99754	0.246	0.12	246	126	1	0	0	123	1	1	127
6	3	B	40000	99766	0.234002	0.098	234	136	0	0	0	133	3	0	137
6	4	G	40000	0	100	100	100000	200000	200000	200000	200000	200000	200000	200000	200002
6	4	A	40000	0	100	100	100000	100000	100000	100000	100000	100000	100000	100000	100001
6	4	B	40000	0	100	100	100000	100000	100000	100000	100000	100000	100000	100000	100001
6	5	G	40000	11730	88.27	54.105	88270	44340	16	1	0	39474	4325	524	44046
6	5	A	40000	22440	77.56	56.334	77560	21226	11	1	0	18407	2289	518	20938
6	5	B	40000	25010	74.99	51.876	74990	23114	5	0	0	21067	2036	6	23108
6	5	cSpy was 69 spamed and the readout avoided!
6	6	G	40000	100000	0	0	0	0	0	0	0	0	0	0	2
6	6	A	40000	100000	0	0	0	0	0	0	0	0	0	0	1
6	6	B	40000	100000	0	0	0	0	0	0	0	0	0	0	1
6	7	G	40000	100000	0	0	0	0	0	0	0	0	0	0	2
6	7	A	40000	100000	0	0	0	0	0	0	0	0	0	0	1
6	7	B	40000	100000	0	0	0	0	0	0	0	0	0	0	1
7	0	G	40000	1868	98.132	48.152	98132	3447	209	0	0	2560	99	579	2938
7	0	A	40000	1885	98.115	95.743	98115	2372	209	0	0	1485	99	579	1862
7	0	B	40000	98364	1.636	0.561	1636	1075	0	0	0	1075	0	0	1076
7	1	G	40000	100000	0	0	0	0	0	0	0	0	0	0	2
7	1	A	40000	100000	0	0	0	0	0	0	0	0	0	0	1
7	1	B	40000	100000	0	0	0	0	0	0	0	0	0	0	1
7	2	G	40000	78464	21.536	5.7885	21536	20761	19	20	0	20553	118	51	20750
7	2	A	40000	83271	16.729	6.421	16729	10308	19	20	0	10156	64	49	10296
7	2	B	40000	84391	15.609	5.156	15609	10453	0	0	0	10397	54	2	10454
7	2	cSpy was 2 spamed and the readout avoided!
7	3	G	40000	0	100	100	100000	200000	200000	200000	200000	200000	200000	200000	200002
7	3	A	40000	0	100	100	100000	100000	100000	100000	100000	100000	100000	100000	100001
7	3	B	40000	0	100	100	100000	100000	100000	100000	100000	100000	100000	100000	100001
7	4	G	40000	85299	14.701	3.2695	14701	17249	0	0	0	15623	1592	34	17246
7	4	A	40000	87439	12.561	3.353	12561	9208	0	0	0	7953	1221	34	9204
7	4	B	40000	88773	11.227	3.186	11227	8041	0	0	0	7670	371	0	8042
7	5	G	40000	100000	0	0	0	0	0	0	0	0	0	0	2
7	5	A	40000	100000	0	0	0	0	0	0	0	0	0	0	1
7	5	B	40000	100000	0	0	0	0	0	0	0	0	0	0	1
7	6	G	40000	98238	1.762	0.118	1762	3190	0	0	0	3171	18	1	3192
7	6	A	40000	98270	1.73	0.133	1730	1597	0	0	0	1581	15	1	1598
7	6	B	40000	98304	1.696	0.103	1696	1593	0	0	0	1590	3	0	1594
7	7	G	40000	0	100	100	100000	200000	200000	200000	200000	200000	200000	200000	200002
7	7	A	40000	0	100	100	100000	100000	100000	100000	100000	100000	100000	100000	100001
7	7	B	40000	0	100	100	100000	100000	100000	100000	100000	100000	100000	100000	100001
