#the gain was set to: 2	the bias was set to: 30
#Sent triggers per delay setting: 100000	and with a frequency [Hz] of: 40000
#160MHz delay setting	400MHz delay setting	Frequency	correct transmitted H+T		error rate [%]	uncertainty [%]	bad or missed events	error count	missing headers	missing trailers	flipped H/T	event nr errors	tbm missed trigger	unknown errors	event nr resets
0	0	G	40000	380	99.62	77.7265	99620	18113	189	0	0	16899	310	715	17507
0	0	A	40000	660	99.34	98.125	99340	1215	109	0	0	204	217	685	660
0	0	B	40000	25774	74.226	57.328	74226	16898	80	0	0	16695	93	30	16847
0	0	cSpy was 35 spamed and the readout avoided!
0	1	G	40000	32624	67.376	48.9835	67376	25524	671	0	0	23517	671	665	24922
0	1	A	40000	40391	59.609	48.603	59609	11006	336	0	0	10235	3	432	10665
0	1	B	40000	36118	63.882	49.364	63882	14518	335	0	0	13282	668	233	14257
0	2	G	40000	6577	93.423	67.985	93423	31134	70	15	0	26733	4180	136	31020
0	2	A	40000	19943	80.057	61.335	80057	18722	12	1	0	15737	2865	107	18663
0	2	B	40000	12953	87.047	74.635	87047	12412	58	14	0	10996	1315	29	12357
0	2	cSpy was 8 spamed and the readout avoided!
0	3	G	40000	100000	0	0	0	0	0	0	0	0	0	0	2
0	3	A	40000	100000	0	0	0	0	0	0	0	0	0	0	1
0	3	B	40000	100000	0	0	0	0	0	0	0	0	0	0	1
0	4	G	40000	100000	0	0	0	0	0	0	0	0	0	0	2
0	4	A	40000	100000	0	0	0	0	0	0	0	0	0	0	1
0	4	B	40000	100000	0	0	0	0	0	0	0	0	0	0	1
0	5	G	40000	28477	71.523	52.9155	71523	25022	607	0	0	23095	660	660	24533
0	5	A	40000	36939	63.061	52.424	63061	10637	312	0	0	9857	0	468	10328
0	5	B	40000	32208	67.792	53.407	67792	14385	295	0	0	13238	660	192	14205
0	6	G	40000	3087	96.913	84.151	96913	15563	97	0	0	12785	2197	484	15209
0	6	A	40000	7794	92.206	84.772	92206	7434	26	0	0	5704	1418	286	7259
0	6	B	40000	8341	91.659	83.53	91659	8129	71	0	0	7081	779	198	7950
0	6	cSpy was 32 spamed and the readout avoided!
0	7	G	40000	100000	0	0	0	0	0	0	0	0	0	0	2
0	7	A	40000	100000	0	0	0	0	0	0	0	0	0	0	1
0	7	B	40000	100000	0	0	0	0	0	0	0	0	0	0	1
1	0	G	40000	1006	98.994	93.631	98994	6517	323	14	0	3863	1847	470	5998
1	0	A	40000	3572	96.428	92.64	96428	3788	181	13	0	2647	553	394	3390
1	0	B	40000	2649	97.351	94.622	97351	2729	142	1	0	1216	1294	76	2608
1	0	cSpy was 54 spamed and the readout avoided!
1	1	G	40000	100000	0	0	0	0	0	0	0	0	0	0	2
1	1	A	40000	100000	0	0	0	0	0	0	0	0	0	0	1
1	1	B	40000	100000	0	0	0	0	0	0	0	0	0	0	1
1	2	G	40000	99993	0.00699759	0	7	14	0	0	0	14	0	0	16
1	2	A	40000	99993	0.00699759	0	7	7	0	0	0	7	0	0	8
1	2	B	40000	99993	0.00699759	0	7	7	0	0	0	7	0	0	8
1	3	G	40000	60768	39.232	18.445	39232	26771	9	0	0	26315	317	130	26759
1	3	A	40000	70290	29.71	17.488	29710	12222	7	0	0	11818	268	129	12210
1	3	B	40000	66049	33.951	19.402	33951	14549	2	0	0	14497	49	1	14549
1	4	G	40000	0	100	100	100000	200000	200000	200000	200000	200000	200000	200000	200002
1	4	A	40000	0	100	100	100000	100000	100000	100000	100000	100000	100000	100000	100001
1	4	B	40000	0	100	100	100000	100000	100000	100000	100000	100000	100000	100000	100001
1	5	G	40000	99341	0.659001	0.0085	659	1299	0	0	0	1298	1	0	1301
1	5	A	40000	99343	0.656998	0.008	657	649	0	0	0	649	0	0	650
1	5	B	40000	99341	0.659001	0.009	659	650	0	0	0	649	1	0	651
1	6	G	40000	100000	0	0	0	0	0	0	0	0	0	0	2
1	6	A	40000	100000	0	0	0	0	0	0	0	0	0	0	1
1	6	B	40000	100000	0	0	0	0	0	0	0	0	0	0	1
1	7	G	40000	98400	1.6	0.151	1600	2829	0	0	0	2828	0	1	2831
1	7	A	40000	98457	1.543	0.147	1543	1396	0	0	0	1395	0	1	1397
1	7	B	40000	98412	1.588	0.155	1588	1433	0	0	0	1433	0	0	1434
2	0	G	40000	2173	97.827	48.6865	97827	4291	40	2	0	4052	118	79	4201
2	0	A	40000	2232	97.768	95.476	97768	2292	40	2	0	2054	117	79	2201
2	0	B	40000	96104	3.896	1.897	3896	1999	0	0	0	1998	1	0	2000
2	1	G	40000	96595	3.405	1.514	3405	2361	0	0	0	2310	37	14	2363
2	1	A	40000	97450	2.55	1.404	2550	1146	0	0	0	1106	27	13	1147
2	1	B	40000	97161	2.839	1.624	2839	1215	0	0	0	1204	10	1	1216
2	2	G	40000	11996	88.004	68.2335	88004	25168	715	10	0	22630	899	914	24288
2	2	A	40000	20805	79.195	66.248	79195	12947	405	6	0	11581	419	536	12410
2	2	B	40000	17560	82.44	70.219	82440	12221	310	4	0	11049	480	378	11878
2	2	cSpy was 14 spamed and the readout avoided!
2	3	G	40000	14480	85.52	54.883	85520	36540	102	3	0	32460	3819	156	36395
2	3	A	40000	31032	68.968	46.061	68968	22907	10	0	0	19729	3054	114	22829
2	3	B	40000	22662	77.338	63.705	77338	13633	92	3	0	12731	765	42	13566
2	3	cSpy was 8 spamed and the readout avoided!
2	4	G	40000	100000	0	0	0	0	0	0	0	0	0	0	2
2	4	A	40000	100000	0	0	0	0	0	0	0	0	0	0	1
2	4	B	40000	100000	0	0	0	0	0	0	0	0	0	0	1
2	5	G	40000	96559	3.441	1.268	3441	2937	0	0	0	2893	28	16	2938
2	5	A	40000	97378	2.622	1.173	2622	1449	0	0	0	1414	20	15	1449
2	5	B	40000	97149	2.851	1.363	2851	1488	0	0	0	1479	8	1	1489
2	6	G	40000	31407	68.593	43.671	68593	29962	480	8	0	27531	1383	560	29497
2	6	A	40000	44754	55.246	41.22	55246	14026	247	4	0	12066	1328	381	13758
2	6	B	40000	37942	62.058	46.122	62058	15936	233	4	0	15465	55	179	15739
2	7	G	40000	2541	97.459	87.005	97459	12778	120	5	0	10654	1770	229	12585
2	7	A	40000	8176	91.824	84.014	91824	7810	19	0	0	6394	1232	165	7710
2	7	B	40000	5036	94.964	89.996	94964	4968	101	5	0	4260	538	64	4875
2	7	cSpy was 27 spamed and the readout avoided!
3	0	G	40000	880	99.12	75.201	99120	18106	265	7	0	16747	394	693	17502
3	0	A	40000	1450	98.55	96.578	98550	1972	192	0	0	1122	47	611	1444
3	0	B	40000	30042	69.958	53.824	69958	16134	73	7	0	15625	347	82	16058
3	0	cSpy was 31 spamed and the readout avoided!
3	1	G	40000	0	100	100	100000	200000	200000	200000	200000	200000	200000	200000	200002
3	1	A	40000	0	100	100	100000	100000	100000	100000	100000	100000	100000	100000	100001
3	1	B	40000	0	100	100	100000	100000	100000	100000	100000	100000	100000	100000	100001
3	2	G	40000	96713	3.287	0.555	3287	5277	0	0	0	5170	107	0	5277
3	2	A	40000	96743	3.257	0.555	3257	2702	0	0	0	2597	105	0	2702
3	2	B	40000	96870	3.13	0.555	3130	2575	0	0	0	2573	2	0	2575
3	3	G	40000	100000	0	0	0	0	0	0	0	0	0	0	2
3	3	A	40000	100000	0	0	0	0	0	0	0	0	0	0	1
3	3	B	40000	100000	0	0	0	0	0	0	0	0	0	0	1
3	4	G	40000	54611	45.389	24.6225	45389	30570	29	0	0	30276	211	54	30552
3	4	A	40000	60263	39.737	24.337	39737	15400	14	0	0	15312	22	52	15382
3	4	B	40000	59922	40.078	24.908	40078	15170	15	0	0	14964	189	2	15170
3	5	G	40000	0	100	100	100000	200000	200000	200000	200000	200000	200000	200000	200002
3	5	A	40000	0	100	100	100000	100000	100000	100000	100000	100000	100000	100000	100001
3	5	B	40000	0	100	100	100000	100000	100000	100000	100000	100000	100000	100000	100001
3	6	G	40000	0	100	100	100000	200000	200000	200000	200000	200000	200000	200000	200002
3	6	A	40000	0	100	100	100000	100000	100000	100000	100000	100000	100000	100000	100001
3	6	B	40000	0	100	100	100000	100000	100000	100000	100000	100000	100000	100000	100001
3	7	G	40000	100000	0	0	0	0	0	0	0	0	0	0	2
3	7	A	40000	100000	0	0	0	0	0	0	0	0	0	0	1
3	7	B	40000	100000	0	0	0	0	0	0	0	0	0	0	1
4	0	G	40000	1009	98.991	63.622	98991	13679	274	5	0	11735	993	672	13104
4	0	A	40000	1679	98.321	96.111	98321	2210	214	4	0	740	605	647	1678
4	0	B	40000	57398	42.602	31.133	42602	11469	60	1	0	10995	388	25	11426
4	0	cSpy was 28 spamed and the readout avoided!
4	1	G	40000	100000	0	0	0	0	0	0	0	0	0	0	2
4	1	A	40000	100000	0	0	0	0	0	0	0	0	0	0	1
4	1	B	40000	100000	0	0	0	0	0	0	0	0	0	0	1
4	2	G	40000	92726	7.274	3.847	7274	5170	10	0	0	5147	0	13	5163
4	2	A	40000	93565	6.435	3.882	6435	2553	5	0	0	2536	0	12	2547
4	2	B	40000	93571	6.429	3.812	6429	2617	5	0	0	2611	0	1	2616
4	3	G	40000	0	100	100	100000	200000	200000	200000	200000	200000	200000	200000	200002
4	3	A	40000	0	100	100	100000	100000	100000	100000	100000	100000	100000	100000	100001
4	3	B	40000	0	100	100	100000	100000	100000	100000	100000	100000	100000	100000	100001
4	4	G	40000	18052	81.948	41.698	81948	52460	22	10	0	47164	5046	218	52350
4	4	A	40000	32170	67.83	41.834	67830	25996	11	4	0	22468	3304	209	25896
4	4	B	40000	31974	68.026	41.562	68026	26464	11	6	0	24696	1742	9	26454
4	4	cSpy was 14 spamed and the readout avoided!
4	5	G	40000	100000	0	0	0	0	0	0	0	0	0	0	2
4	5	A	40000	100000	0	0	0	0	0	0	0	0	0	0	1
4	5	B	40000	100000	0	0	0	0	0	0	0	0	0	0	1
4	6	G	40000	100000	0	0	0	0	0	0	0	0	0	0	2
4	6	A	40000	100000	0	0	0	0	0	0	0	0	0	0	1
4	6	B	40000	100000	0	0	0	0	0	0	0	0	0	0	1
4	7	G	40000	20445	79.555	58.6535	79555	34256	816	0	0	32683	160	597	33174
4	7	A	40000	23927	76.073	58.929	76073	17144	393	0	0	16327	0	424	16422
4	7	B	40000	24510	75.49	58.378	75490	17112	423	0	0	16356	160	173	16752
4	7	cSpy was 8 spamed and the readout avoided!
5	0	G	40000	447	99.553	58.807	99553	16472	151	0	0	15333	128	860	15909
5	0	A	40000	600	99.4	98.237	99400	1163	148	0	0	62	100	853	600
5	0	B	40000	65314	34.686	19.377	34686	15309	3	0	0	15271	28	7	15309
5	0	cSpy was 76 spamed and the readout avoided!
5	1	G	40000	21388	78.612	56.4985	78612	35375	534	0	0	34352	53	436	34661
5	1	A	40000	25614	74.386	56.681	74386	17705	258	0	0	17140	0	307	17223
5	1	B	40000	26014	73.986	56.316	73986	17670	276	0	0	17212	53	129	17438
5	1	cSpy was 7 spamed and the readout avoided!
5	2	G	40000	0	100	100	100000	200000	200000	200000	200000	200000	200000	200000	200002
5	2	A	40000	0	100	100	100000	100000	100000	100000	100000	100000	100000	100000	100001
5	2	B	40000	0	100	100	100000	100000	100000	100000	100000	100000	100000	100000	100001
5	3	G	40000	99999	0.00100136	0	1	2	0	0	0	2	0	0	4
5	3	A	40000	99999	0.00100136	0	1	1	0	0	0	1	0	0	2
5	3	B	40000	99999	0.00100136	0	1	1	0	0	0	1	0	0	2
5	4	G	40000	100000	0	0	0	0	0	0	0	0	0	0	2
5	4	A	40000	100000	0	0	0	0	0	0	0	0	0	0	1
5	4	B	40000	100000	0	0	0	0	0	0	0	0	0	0	1
5	5	G	40000	62335	37.665	16.6475	37665	32027	18	0	0	31964	3	42	32015
5	5	A	40000	67312	32.688	16.935	32688	15753	9	0	0	15699	3	42	15740
5	5	B	40000	67366	32.634	16.36	32634	16274	9	0	0	16265	0	0	16275
5	5	cSpy was 2 spamed and the readout avoided!
5	6	G	40000	5	99.995	98.27	99995	1905	144	0	0	499	942	320	1555
5	6	A	40000	14	99.986	99.798	99986	188	0	0	0	0	2	186	14
5	6	B	40000	1541	98.459	96.742	98459	1717	144	0	0	499	940	134	1541
5	6	cSpy was 31 spamed and the readout avoided!
5	7	G	40000	81894	18.106	3.1665	18106	26034	0	0	0	23487	2506	41	26029
5	7	A	40000	82429	17.571	3.171	17571	14400	0	0	0	12185	2174	41	14394
5	7	B	40000	85204	14.796	3.162	14796	11634	0	0	0	11302	332	0	11635
6	0	G	40000	624	99.376	95.4165	99376	4876	246	5	0	2541	1312	772	4280
6	0	A	40000	1305	98.695	96.874	98695	1821	134	1	0	162	794	730	1305
6	0	B	40000	2986	97.014	93.959	97014	3055	112	4	0	2379	518	42	2975
6	0	cSpy was 52 spamed and the readout avoided!
6	1	G	40000	30975	69.025	23.0945	69025	59675	15	12	0	53285	6226	137	59617
6	1	A	40000	46052	53.948	24.382	53948	29566	15	12	0	25553	3849	137	29507
6	1	B	40000	48084	51.916	21.807	51916	30109	0	0	0	27732	2377	0	30110
6	1	cSpy was 1 spamed and the readout avoided!
6	2	G	40000	100000	0	0	0	0	0	0	0	0	0	0	2
6	2	A	40000	100000	0	0	0	0	0	0	0	0	0	0	1
6	2	B	40000	100000	0	0	0	0	0	0	0	0	0	0	1
6	3	G	40000	100000	0	0	0	0	0	0	0	0	0	0	2
6	3	A	40000	100000	0	0	0	0	0	0	0	0	0	0	1
6	3	B	40000	100000	0	0	0	0	0	0	0	0	0	0	1
6	4	G	40000	16323	83.677	61.3935	83677	32371	750	3	0	30709	161	748	31319
6	4	A	40000	21959	78.041	61.925	78041	16116	390	3	0	15131	28	564	15410
6	4	B	40000	22883	77.117	60.862	77117	16255	360	0	0	15578	133	184	15909
6	4	cSpy was 12 spamed and the readout avoided!
6	5	G	40000	10121	89.879	58.9925	89879	40270	35	1	0	36139	3505	590	39950
6	5	A	40000	19688	80.312	61.056	80312	19256	2	0	0	17063	1626	565	18964
6	5	B	40000	22057	77.943	56.929	77943	21014	33	1	0	19076	1879	25	20986
6	5	cSpy was 7 spamed and the readout avoided!
6	6	G	40000	100000	0	0	0	0	0	0	0	0	0	0	2
6	6	A	40000	100000	0	0	0	0	0	0	0	0	0	0	1
6	6	B	40000	100000	0	0	0	0	0	0	0	0	0	0	1
6	7	G	40000	99868	0.132	0.0035	132	256	0	0	0	255	1	0	258
6	7	A	40000	99868	0.132	0.004	132	128	0	0	0	127	1	0	129
6	7	B	40000	99869	0.130999	0.003	131	128	0	0	0	128	0	0	129
7	0	G	40000	1757	98.243	48.3225	98243	7118	226	0	0	6211	95	586	6567
7	0	A	40000	1832	98.168	95.8	98168	2368	226	0	0	1483	73	586	1816
7	0	B	40000	94405	5.595	0.845	5595	4750	0	0	0	4728	22	0	4751
7	0	cSpy was 6 spamed and the readout avoided!
7	1	G	40000	100000	0	0	0	0	0	0	0	0	0	0	2
7	1	A	40000	100000	0	0	0	0	0	0	0	0	0	0	1
7	1	B	40000	100000	0	0	0	0	0	0	0	0	0	0	1
7	2	G	40000	86727	13.273	2.83	13273	15044	3	3	0	14961	41	36	15042
7	2	A	40000	89318	10.682	3.155	10682	7527	3	3	0	7456	29	36	7524
7	2	B	40000	89978	10.022	2.505	10022	7517	0	0	0	7505	12	0	7518
7	3	G	40000	0	100	100	100000	200000	200000	200000	200000	200000	200000	200000	200002
7	3	A	40000	0	100	100	100000	100000	100000	100000	100000	100000	100000	100000	100001
7	3	B	40000	0	100	100	100000	100000	100000	100000	100000	100000	100000	100000	100001
7	4	G	40000	87515	12.485	2.7155	12485	15985	0	0	0	14598	1363	24	15981
7	4	A	40000	88592	11.408	2.749	11408	8659	0	0	0	7507	1128	24	8654
7	4	B	40000	89992	10.008	2.682	10008	7326	0	0	0	7091	235	0	7327
7	5	G	40000	100000	0	0	0	0	0	0	0	0	0	0	2
7	5	A	40000	100000	0	0	0	0	0	0	0	0	0	0	1
7	5	B	40000	100000	0	0	0	0	0	0	0	0	0	0	1
7	6	G	40000	98494	1.506	0.148	1506	2542	0	0	0	2528	13	1	2544
7	6	A	40000	98565	1.435	0.166	1435	1269	0	0	0	1258	10	1	1270
7	6	B	40000	98597	1.403	0.13	1403	1273	0	0	0	1270	3	0	1274
7	7	G	40000	0	100	100	100000	200000	200000	200000	200000	200000	200000	200000	200002
7	7	A	40000	0	100	100	100000	100000	100000	100000	100000	100000	100000	100000	100001
7	7	B	40000	0	100	100	100000	100000	100000	100000	100000	100000	100000	100000	100001
