#the gain was set to: 2	the bias was set to: 30
#Sent triggers per delay setting: 100000	and with a frequency [Hz] of: 40000
#160MHz delay setting	400MHz delay setting	Frequency	correct transmitted H+T		error rate [%]	uncertainty [%]	bad or missed events	error count	missing headers	missing trailers	flipped H/T	event nr errors	tbm missed trigger	unknown errors	event nr resets
0	0	G	40000	375	99.625	76.7305	99625	18461	140	0	0	17326	332	663	17930
0	0	A	40000	623	99.377	98.266	99377	1111	78	0	0	165	233	635	623
0	0	B	40000	27455	72.545	55.195	72545	17350	62	0	0	17161	99	28	17307
0	0	cSpy was 33 spamed and the readout avoided!
0	1	G	40000	31675	68.325	49.826	68325	25766	710	0	0	23723	660	673	25132
0	1	A	40000	39451	60.549	49.455	60549	11094	356	0	0	10290	6	442	10734
0	1	B	40000	35131	64.869	50.197	64869	14672	354	0	0	13433	654	231	14398
0	2	G	40000	5880	94.12	72.1515	94120	27167	62	10	0	23324	3581	190	27027
0	2	A	40000	16558	83.442	67.804	83442	15638	19	0	0	13041	2417	161	15545
0	2	B	40000	11972	88.028	76.499	88028	11529	43	10	0	10283	1164	29	11482
0	2	cSpy was 8 spamed and the readout avoided!
0	3	G	40000	100000	0	0	0	0	0	0	0	0	0	0	2
0	3	A	40000	100000	0	0	0	0	0	0	0	0	0	0	1
0	3	B	40000	100000	0	0	0	0	0	0	0	0	0	0	1
0	4	G	40000	100000	0	0	0	0	0	0	0	0	0	0	2
0	4	A	40000	100000	0	0	0	0	0	0	0	0	0	0	1
0	4	B	40000	100000	0	0	0	0	0	0	0	0	0	0	1
0	5	G	40000	28537	71.463	52.4455	71463	25086	367	0	0	23581	542	596	24803
0	5	A	40000	37456	62.544	51.864	62544	10680	195	0	0	10023	0	462	10488
0	5	B	40000	32567	67.433	53.027	67433	14406	172	0	0	13558	542	134	14315
0	6	G	40000	3495	96.505	84.7365	96505	15186	234	5	0	12432	2119	396	14790
0	6	A	40000	7616	92.384	84.846	92384	7538	77	0	0	5812	1357	292	7300
0	6	B	40000	7725	92.275	84.627	92275	7648	157	5	0	6620	762	104	7490
0	6	cSpy was 16 spamed and the readout avoided!
0	7	G	40000	99998	0.00200272	0	2	4	0	0	0	4	0	0	6
0	7	A	40000	99998	0.00200272	0	2	2	0	0	0	2	0	0	3
0	7	B	40000	99998	0.00200272	0	2	2	0	0	0	2	0	0	3
1	0	G	40000	384	99.616	95.6405	99616	3565	221	2	0	2577	245	520	3080
1	0	A	40000	1993	98.007	95.635	98007	2372	198	2	0	1580	146	446	1946
1	0	B	40000	3161	96.839	95.646	96839	1193	23	0	0	997	99	74	1134
1	0	cSpy was 29 spamed and the readout avoided!
1	1	G	40000	100000	0	0	0	0	0	0	0	0	0	0	2
1	1	A	40000	100000	0	0	0	0	0	0	0	0	0	0	1
1	1	B	40000	100000	0	0	0	0	0	0	0	0	0	0	1
1	2	G	40000	100000	0	0	0	0	0	0	0	0	0	0	2
1	2	A	40000	100000	0	0	0	0	0	0	0	0	0	0	1
1	2	B	40000	100000	0	0	0	0	0	0	0	0	0	0	1
1	3	G	40000	77950	22.05	8.6295	22050	18926	8	0	0	18718	134	66	18916
1	3	A	40000	83065	16.935	8.172	16935	8763	6	0	0	8577	115	65	8753
1	3	B	40000	80750	19.25	9.087	19250	10163	2	0	0	10141	19	1	10163
1	4	G	40000	0	100	100	100000	200000	200000	200000	200000	200000	200000	200000	200002
1	4	A	40000	0	100	100	100000	100000	100000	100000	100000	100000	100000	100000	100001
1	4	B	40000	0	100	100	100000	100000	100000	100000	100000	100000	100000	100000	100001
1	5	G	40000	98624	1.376	0.058	1376	2599	0	0	0	2594	5	0	2601
1	5	A	40000	98646	1.354	0.053	1354	1301	0	0	0	1299	2	0	1302
1	5	B	40000	98639	1.361	0.063	1361	1298	0	0	0	1295	3	0	1299
1	6	G	40000	100000	0	0	0	0	0	0	0	0	0	0	2
1	6	A	40000	100000	0	0	0	0	0	0	0	0	0	0	1
1	6	B	40000	100000	0	0	0	0	0	0	0	0	0	0	1
1	7	G	40000	99405	0.594997	0.016	595	1145	0	0	0	1144	0	1	1147
1	7	A	40000	99416	0.584	0.015	584	569	0	0	0	568	0	1	570
1	7	B	40000	99407	0.593001	0.017	593	576	0	0	0	576	0	0	577
2	0	G	40000	2078	97.922	48.856	97922	4311	56	1	0	4032	132	90	4204
2	0	A	40000	2117	97.883	95.687	97883	2196	56	1	0	1917	132	90	2088
2	0	B	40000	95860	4.14	2.025	4140	2115	0	0	0	2115	0	0	2116
2	1	G	40000	98346	1.654	0.8575	1654	1002	0	0	0	981	12	9	1002
2	1	A	40000	98721	1.279	0.816	1279	463	0	0	0	444	10	9	462
2	1	B	40000	98562	1.438	0.899	1438	539	0	0	0	537	2	0	540
2	2	G	40000	20636	79.364	57.626	79364	27358	839	3	0	24342	1384	790	26550
2	2	A	40000	31317	68.683	55.756	68683	12927	478	3	0	11585	356	505	12416
2	2	B	40000	26073	73.927	59.496	73927	14431	361	0	0	12757	1028	285	14134
2	2	cSpy was 24 spamed and the readout avoided!
2	3	G	40000	12242	87.758	47.8995	87758	47392	108	0	0	42594	4562	128	47266
2	3	A	40000	34400	65.6	35.616	65600	29984	5	0	0	26140	3789	50	29948
2	3	B	40000	22409	77.591	60.183	77591	17408	103	0	0	16454	773	78	17318
2	4	G	40000	100000	0	0	0	0	0	0	0	0	0	0	2
2	4	A	40000	100000	0	0	0	0	0	0	0	0	0	0	1
2	4	B	40000	100000	0	0	0	0	0	0	0	0	0	0	1
2	5	G	40000	98760	1.24	0.3865	1240	1440	0	0	0	1433	3	4	1442
2	5	A	40000	98938	1.062	0.37	1062	692	0	0	0	685	3	4	693
2	5	B	40000	98849	1.151	0.403	1151	748	0	0	0	748	0	0	749
2	6	G	40000	33080	66.92	43.726	66920	27673	221	0	0	26019	957	476	27503
2	6	A	40000	45841	54.159	41.831	54159	12328	135	0	0	11078	707	408	12194
2	6	B	40000	39034	60.966	45.621	60966	15345	86	0	0	14941	250	68	15309
2	7	G	40000	2608	97.392	86.251	97392	13539	86	6	0	11858	1361	228	13384
2	7	A	40000	8949	91.051	82.443	91051	8608	9	0	0	7461	964	174	8516
2	7	B	40000	5010	94.99	90.059	94990	4931	77	6	0	4397	397	54	4868
2	7	cSpy was 15 spamed and the readout avoided!
3	0	G	40000	911	99.089	73.051	99089	15183	287	1	0	13940	258	697	14564
3	0	A	40000	1385	98.615	96.693	98615	1922	196	0	0	1053	28	645	1369
3	0	B	40000	37330	62.67	49.409	62670	13261	91	1	0	12887	230	52	13195
3	0	cSpy was 9 spamed and the readout avoided!
3	1	G	40000	0	100	100	100000	200000	200000	200000	200000	200000	200000	200000	200002
3	1	A	40000	0	100	100	100000	100000	100000	100000	100000	100000	100000	100000	100001
3	1	B	40000	0	100	100	100000	100000	100000	100000	100000	100000	100000	100000	100001
3	2	G	40000	99997	0.00299811	0	3	6	0	0	0	6	0	0	8
3	2	A	40000	99997	0.00299811	0	3	3	0	0	0	3	0	0	4
3	2	B	40000	99997	0.00299811	0	3	3	0	0	0	3	0	0	4
3	3	G	40000	100000	0	0	0	0	0	0	0	0	0	0	2
3	3	A	40000	100000	0	0	0	0	0	0	0	0	0	0	1
3	3	B	40000	100000	0	0	0	0	0	0	0	0	0	0	1
3	4	G	40000	77503	22.497	7.726	22497	24520	0	0	0	24450	57	13	24521
3	4	A	40000	80135	19.865	7.478	19865	12387	0	0	0	12343	31	13	12387
3	4	B	40000	79893	20.107	7.974	20107	12133	0	0	0	12107	26	0	12134
3	5	G	40000	0	100	100	100000	200000	200000	200000	200000	200000	200000	200000	200002
3	5	A	40000	0	100	100	100000	100000	100000	100000	100000	100000	100000	100000	100001
3	5	B	40000	0	100	100	100000	100000	100000	100000	100000	100000	100000	100000	100001
3	6	G	40000	93506	6.494	0.807	6494	11139	0	0	0	11031	108	0	11141
3	6	A	40000	93529	6.471	0.807	6471	5664	0	0	0	5557	107	0	5665
3	6	B	40000	93718	6.282	0.807	6282	5475	0	0	0	5474	1	0	5476
3	7	G	40000	100000	0	0	0	0	0	0	0	0	0	0	2
3	7	A	40000	100000	0	0	0	0	0	0	0	0	0	0	1
3	7	B	40000	100000	0	0	0	0	0	0	0	0	0	0	1
4	0	G	40000	810	99.19	51.639	99190	18378	215	0	0	16928	560	675	17785
4	0	A	40000	979	99.021	97.454	99021	1567	214	0	0	432	246	675	974
4	0	B	40000	77365	22.635	5.824	22635	16811	1	0	0	16496	314	0	16811
4	0	cSpy was 15 spamed and the readout avoided!
4	1	G	40000	100000	0	0	0	0	0	0	0	0	0	0	2
4	1	A	40000	100000	0	0	0	0	0	0	0	0	0	0	1
4	1	B	40000	100000	0	0	0	0	0	0	0	0	0	0	1
4	2	G	40000	98511	1.489	0.99	1489	731	3	0	0	725	0	3	729
4	2	A	40000	98643	1.357	0.993	1357	364	1	0	0	360	0	3	362
4	2	B	40000	98646	1.354	0.987	1354	367	2	0	0	365	0	0	367
4	2	cSpy was 1 spamed and the readout avoided!
4	3	G	40000	14587	85.413	62.577	85413	31882	710	6	0	30096	170	900	30801
4	3	A	40000	20949	79.051	63.121	79051	15930	381	4	0	14807	32	706	15163
4	3	B	40000	22015	77.985	62.033	77985	15952	329	2	0	15289	138	194	15638
4	3	cSpy was 85 spamed and the readout avoided!
4	4	G	40000	14011	85.989	50.6425	85989	46518	48	11	0	41844	4273	342	46331
4	4	A	40000	25839	74.161	51.066	74161	23095	18	6	0	20223	2525	323	22927
4	4	B	40000	26358	73.642	50.219	73642	23423	30	5	0	21621	1748	19	23404
4	4	cSpy was 16 spamed and the readout avoided!
4	5	G	40000	100000	0	0	0	0	0	0	0	0	0	0	2
4	5	A	40000	100000	0	0	0	0	0	0	0	0	0	0	1
4	5	B	40000	100000	0	0	0	0	0	0	0	0	0	0	1
4	6	G	40000	100000	0	0	0	0	0	0	0	0	0	0	2
4	6	A	40000	100000	0	0	0	0	0	0	0	0	0	0	1
4	6	B	40000	100000	0	0	0	0	0	0	0	0	0	0	1
4	7	G	40000	20500	79.5	58.3165	79500	34548	762	0	0	33071	147	568	33531
4	7	A	40000	24137	75.863	58.575	75863	17288	367	0	0	16523	0	398	16610
4	7	B	40000	24682	75.318	58.058	75318	17260	395	0	0	16548	147	170	16921
4	7	cSpy was 6 spamed and the readout avoided!
5	0	G	40000	481	99.519	57.952	99519	16069	147	0	0	14965	107	850	15518
5	0	A	40000	603	99.397	98.245	99397	1152	147	0	0	68	95	842	603
5	0	B	40000	67424	32.576	17.659	32576	14917	0	0	0	14897	12	8	14915
5	0	cSpy was 68 spamed and the readout avoided!
5	1	G	40000	21154	78.846	56.9455	78846	35266	613	0	0	34100	68	485	34447
5	1	A	40000	25218	74.782	57.136	74782	17646	296	0	0	17006	0	344	17096
5	1	B	40000	25625	74.375	56.755	74375	17620	317	0	0	17094	68	141	17351
5	1	cSpy was 6 spamed and the readout avoided!
5	2	G	40000	65	99.935	98.222	99935	2213	85	0	0	1037	66	1025	1337
5	2	A	40000	155	99.845	98.974	99845	871	2	0	0	13	0	856	155
5	2	B	40000	1188	98.812	97.47	98812	1342	83	0	0	1024	66	169	1182
5	2	cSpy was 50 spamed and the readout avoided!
5	3	G	40000	99984	0.0159979	0	16	32	0	0	0	32	0	0	34
5	3	A	40000	99984	0.0159979	0	16	16	0	0	0	16	0	0	17
5	3	B	40000	99984	0.0159979	0	16	16	0	0	0	16	0	0	17
5	4	G	40000	100000	0	0	0	0	0	0	0	0	0	0	2
5	4	A	40000	100000	0	0	0	0	0	0	0	0	0	0	1
5	4	B	40000	100000	0	0	0	0	0	0	0	0	0	0	1
5	5	G	40000	68491	31.509	14.17	31509	26924	10	0	0	26880	3	31	26915
5	5	A	40000	72325	27.675	14.4	27675	13275	4	0	0	13238	3	30	13266
5	5	B	40000	72411	27.589	13.94	27589	13649	6	0	0	13642	0	1	13649
5	5	cSpy was 2 spamed and the readout avoided!
5	6	G	40000	8	99.992	97.943	99992	2217	165	3	0	955	795	299	1894
5	6	A	40000	25	99.975	99.798	99975	177	0	0	0	11	1	165	25
5	6	B	40000	1872	98.128	96.088	98128	2040	165	3	0	944	794	134	1869
5	6	cSpy was 36 spamed and the readout avoided!
5	7	G	40000	68747	31.253	6.773	31253	39070	0	0	0	35090	3919	61	39055
5	7	A	40000	71590	28.41	6.865	28410	21545	0	0	0	18228	3256	61	21529
5	7	B	40000	75794	24.206	6.681	24206	17525	0	0	0	16862	663	0	17526
6	0	G	40000	743	99.257	94.83	99257	5482	317	4	0	2793	1560	808	4837
6	0	A	40000	1596	98.404	96.261	98404	2143	194	2	0	194	989	764	1596
6	0	B	40000	3262	96.738	93.399	96738	3339	123	2	0	2599	571	44	3241
6	0	cSpy was 39 spamed and the readout avoided!
6	1	G	40000	24002	75.998	22.0525	75998	69669	1	0	0	61719	7756	193	69584
6	1	A	40000	41775	58.225	24.712	58225	33513	1	0	0	28838	4481	193	33428
6	1	B	40000	44451	55.549	19.393	55549	36156	0	0	0	32881	3275	0	36156
6	1	cSpy was 5 spamed and the readout avoided!
6	2	G	40000	100000	0	0	0	0	0	0	0	0	0	0	2
6	2	A	40000	100000	0	0	0	0	0	0	0	0	0	0	1
6	2	B	40000	100000	0	0	0	0	0	0	0	0	0	0	1
6	3	G	40000	100000	0	0	0	0	0	0	0	0	0	0	2
6	3	A	40000	100000	0	0	0	0	0	0	0	0	0	0	1
6	3	B	40000	100000	0	0	0	0	0	0	0	0	0	0	1
6	4	G	40000	18333	81.667	59.808	81667	33431	785	1	0	31866	139	640	32365
6	4	A	40000	23102	76.898	60.187	76898	16711	395	0	0	15842	5	469	15979
6	4	B	40000	23851	76.149	59.429	76149	16720	390	1	0	16024	134	171	16386
6	4	cSpy was 30 spamed and the readout avoided!
6	5	G	40000	9420	90.58	72.723	90580	23438	112	3	0	20610	1966	747	22961
6	5	A	40000	14630	85.37	74.352	85370	11018	0	1	0	9459	905	653	10663
6	5	B	40000	16486	83.514	71.094	83514	12420	112	2	0	11151	1061	94	12298
6	5	cSpy was 73 spamed and the readout avoided!
6	6	G	40000	100000	0	0	0	0	0	0	0	0	0	0	2
6	6	A	40000	100000	0	0	0	0	0	0	0	0	0	0	1
6	6	B	40000	100000	0	0	0	0	0	0	0	0	0	0	1
6	7	G	40000	100000	0	0	0	0	0	0	0	0	0	0	2
6	7	A	40000	100000	0	0	0	0	0	0	0	0	0	0	1
6	7	B	40000	100000	0	0	0	0	0	0	0	0	0	0	1
7	0	G	40000	1837	98.163	48.2275	98163	3608	210	0	0	2732	80	586	3085
7	0	A	40000	1858	98.142	95.792	98142	2350	210	0	0	1474	80	586	1826
7	0	B	40000	98079	1.921	0.663	1921	1258	0	0	0	1258	0	0	1259
7	1	G	40000	100000	0	0	0	0	0	0	0	0	0	0	2
7	1	A	40000	100000	0	0	0	0	0	0	0	0	0	0	1
7	1	B	40000	100000	0	0	0	0	0	0	0	0	0	0	1
7	2	G	40000	93451	6.549	1.8475	6549	6847	7	8	0	6757	62	13	6842
7	2	A	40000	94568	5.432	2.035	5432	3397	7	8	0	3352	17	13	3391
7	2	B	40000	94890	5.11	1.66	5110	3450	0	0	0	3405	45	0	3451
7	2	cSpy was 1 spamed and the readout avoided!
7	3	G	40000	0	100	100	100000	200000	200000	200000	200000	200000	200000	200000	200002
7	3	A	40000	0	100	100	100000	100000	100000	100000	100000	100000	100000	100000	100001
7	3	B	40000	0	100	100	100000	100000	100000	100000	100000	100000	100000	100000	100001
7	4	G	40000	95685	4.315	0.129	4315	8228	0	0	0	8102	126	0	8230
7	4	A	40000	95698	4.302	0.129	4302	4173	0	0	0	4062	111	0	4174
7	4	B	40000	95816	4.184	0.129	4184	4055	0	0	0	4040	15	0	4056
7	5	G	40000	100000	0	0	0	0	0	0	0	0	0	0	2
7	5	A	40000	100000	0	0	0	0	0	0	0	0	0	0	1
7	5	B	40000	100000	0	0	0	0	0	0	0	0	0	0	1
7	6	G	40000	95892	4.108	1.2955	4108	3591	8	6	0	3519	45	13	3589
7	6	A	40000	96810	3.19	1.429	3190	1761	8	6	0	1725	10	12	1758
7	6	B	40000	97008	2.992	1.162	2992	1830	0	0	0	1794	35	1	1831
7	6	cSpy was 1 spamed and the readout avoided!
7	7	G	40000	31935	68.065	39	68065	42041	15	1	0	40231	1581	213	41956
7	7	A	40000	39218	60.782	39.848	60782	20934	3	1	0	19971	747	212	20855
7	7	B	40000	40741	59.259	38.152	59259	21107	12	0	0	20260	834	1	21101
7	7	cSpy was 7 spamed and the readout avoided!
