#the gain was set to: 2	the bias was set to: 30
#Sent triggers per delay setting: 100000	and with a frequency [Hz] of: 40000
#160MHz delay setting	400MHz delay setting	Frequency	correct transmitted H+T		error rate [%]	uncertainty [%]	bad or missed events	error count	missing headers	missing trailers	flipped H/T	event nr errors	tbm missed trigger	unknown errors	event nr resets
0	0	G	40000	401	99.599	74.3565	99599	18885	116	0	0	17798	316	655	18340
0	0	A	40000	601	99.399	98.283	99399	1116	77	0	0	178	239	622	601
0	0	B	40000	31801	68.199	50.43	68199	17769	39	0	0	17620	77	33	17739
0	0	cSpy was 27 spamed and the readout avoided!
0	1	G	40000	28671	71.329	52.757	71329	25024	549	0	0	23198	613	664	24568
0	1	A	40000	37119	62.881	52.255	62881	10626	285	0	0	9881	0	460	10343
0	1	B	40000	32343	67.657	53.259	67657	14398	264	0	0	13317	613	204	14225
0	2	G	40000	5580	94.42	77.8435	94420	21823	47	0	0	18753	2689	334	21644
0	2	A	40000	11104	88.896	78.15	88896	10746	20	0	0	8694	1713	319	10583
0	2	B	40000	11386	88.614	77.537	88614	11077	27	0	0	10059	976	15	11061
0	2	cSpy was 6 spamed and the readout avoided!
0	3	G	40000	100000	0	0	0	0	0	0	0	0	0	0	2
0	3	A	40000	100000	0	0	0	0	0	0	0	0	0	0	1
0	3	B	40000	100000	0	0	0	0	0	0	0	0	0	0	1
0	4	G	40000	99965	0.0349998	0.002	35	57	0	0	0	57	0	0	59
0	4	A	40000	99974	0.0259995	0.002	26	24	0	0	0	24	0	0	25
0	4	B	40000	99965	0.0349998	0.002	35	33	0	0	0	33	0	0	34
0	5	G	40000	47295	52.705	36.235	52705	22939	72	0	0	22280	238	349	22879
0	5	A	40000	54106	45.894	35.808	45894	10086	38	0	0	9721	8	319	10037
0	5	B	40000	50485	49.515	36.662	49515	12853	34	0	0	12559	230	30	12842
0	6	G	40000	2433	97.567	88.63	97567	11291	188	7	0	9238	1526	332	10973
0	6	A	40000	4681	95.319	90.63	95319	4689	106	0	0	3437	859	287	4438
0	6	B	40000	6768	93.232	86.63	93232	6602	82	7	0	5801	667	45	6535
0	6	cSpy was 16 spamed and the readout avoided!
0	7	G	40000	99961	0.0389993	0	39	78	0	0	0	78	0	0	80
0	7	A	40000	99961	0.0389993	0	39	39	0	0	0	39	0	0	40
0	7	B	40000	99961	0.0389993	0	39	39	0	0	0	39	0	0	40
1	0	G	40000	272	99.728	97.834	99728	2338	199	0	0	1630	149	360	1973
1	0	A	40000	1379	98.621	96.94	98621	1681	178	0	0	1096	91	316	1358
1	0	B	40000	615	99.385	98.728	99385	657	21	0	0	534	58	44	615
1	0	cSpy was 27 spamed and the readout avoided!
1	1	G	40000	99870	0.129998	0.04	130	180	0	0	0	180	0	0	182
1	1	A	40000	99870	0.129998	0.04	130	90	0	0	0	90	0	0	91
1	1	B	40000	99870	0.129998	0.04	130	90	0	0	0	90	0	0	91
1	2	G	40000	100000	0	0	0	0	0	0	0	0	0	0	2
1	2	A	40000	100000	0	0	0	0	0	0	0	0	0	0	1
1	2	B	40000	100000	0	0	0	0	0	0	0	0	0	0	1
1	3	G	40000	85278	14.722	4.5095	14722	14061	0	0	0	13853	163	45	14056
1	3	A	40000	89111	10.889	4.016	10889	6873	0	0	0	6707	121	45	6867
1	3	B	40000	87809	12.191	5.003	12191	7188	0	0	0	7146	42	0	7189
1	4	G	40000	745	99.255	95.975	99255	4180	313	4	0	2423	1157	283	3792
1	4	A	40000	2461	97.539	94.998	97539	2541	109	0	0	1382	941	109	2397
1	4	B	40000	1409	98.591	96.952	98591	1639	204	4	0	1041	216	174	1395
1	4	cSpy was 50 spamed and the readout avoided!
1	5	G	40000	95434	4.566	0.762	4566	5953	0	0	0	5781	172	0	5955
1	5	A	40000	96461	3.539	0.578	3539	2961	0	0	0	2886	75	0	2962
1	5	B	40000	96062	3.938	0.946	3938	2992	0	0	0	2895	97	0	2993
1	6	G	40000	100000	0	0	0	0	0	0	0	0	0	0	2
1	6	A	40000	100000	0	0	0	0	0	0	0	0	0	0	1
1	6	B	40000	100000	0	0	0	0	0	0	0	0	0	0	1
1	7	G	40000	99787	0.212997	0.0075	213	404	0	0	0	404	0	0	406
1	7	A	40000	99791	0.208998	0.007	209	202	0	0	0	202	0	0	203
1	7	B	40000	99790	0.209999	0.008	210	202	0	0	0	202	0	0	203
2	0	G	40000	2136	97.864	48.768	97864	4243	45	0	0	4008	124	66	4166
2	0	A	40000	2181	97.819	95.588	97819	2231	45	0	0	1996	124	66	2153
2	0	B	40000	96040	3.96	1.948	3960	2012	0	0	0	2012	0	0	2013
2	1	G	40000	99999	0.00100136	0	1	2	0	0	0	2	0	0	4
2	1	A	40000	99999	0.00100136	0	1	1	0	0	0	1	0	0	2
2	1	B	40000	99999	0.00100136	0	1	1	0	0	0	1	0	0	2
2	2	G	40000	21421	78.579	57.054	78579	27260	822	0	0	24372	1293	773	26462
2	2	A	40000	32013	67.987	55.198	67987	12789	471	0	0	11488	337	493	12303
2	2	B	40000	26619	73.381	58.91	73381	14471	351	0	0	12884	956	280	14159
2	2	cSpy was 29 spamed and the readout avoided!
2	3	G	40000	9569	90.431	54.795	90431	42765	124	0	0	38060	4452	129	42632
2	3	A	40000	29348	70.652	43.291	70652	27361	10	0	0	23703	3594	54	27325
2	3	B	40000	18297	81.703	66.299	81703	15404	114	0	0	14357	858	75	15307
2	4	G	40000	100000	0	0	0	0	0	0	0	0	0	0	2
2	4	A	40000	100000	0	0	0	0	0	0	0	0	0	0	1
2	4	B	40000	100000	0	0	0	0	0	0	0	0	0	0	1
2	5	G	40000	99952	0.0479996	0	48	96	0	0	0	96	0	0	98
2	5	A	40000	99952	0.0479996	0	48	48	0	0	0	48	0	0	49
2	5	B	40000	99952	0.0479996	0	48	48	0	0	0	48	0	0	49
2	6	G	40000	45214	54.786	37.246	54786	21517	280	1	0	19980	835	421	21303
2	6	A	40000	54762	45.238	35.706	45238	9532	167	1	0	8451	574	339	9376
2	6	B	40000	49229	50.771	38.786	50771	11985	113	0	0	11529	261	82	11927
2	7	G	40000	618	99.382	96.046	99382	4045	243	3	0	3145	375	279	3728
2	7	A	40000	2545	97.455	94.942	97455	2513	16	0	0	2050	287	160	2427
2	7	B	40000	1318	98.682	97.15	98682	1532	227	3	0	1095	88	119	1301
2	7	cSpy was 96 spamed and the readout avoided!
3	0	G	40000	740	99.26	80.791	99260	17163	299	2	0	15777	375	710	16544
3	0	A	40000	1321	98.679	96.826	98679	1853	198	0	0	970	29	656	1309
3	0	B	40000	19934	80.066	64.756	80066	15310	101	2	0	14807	346	54	15235
3	0	cSpy was 12 spamed and the readout avoided!
3	1	G	40000	0	100	100	100000	200000	200000	200000	200000	200000	200000	200000	200002
3	1	A	40000	0	100	100	100000	100000	100000	100000	100000	100000	100000	100000	100001
3	1	B	40000	0	100	100	100000	100000	100000	100000	100000	100000	100000	100000	100001
3	2	G	40000	89206	10.794	2.8095	10794	12666	2	2	0	11800	842	20	12656
3	2	A	40000	90508	9.492	2.78	9492	6712	1	0	0	5921	782	8	6712
3	2	B	40000	91207	8.793	2.839	8793	5954	1	2	0	5879	60	12	5944
3	2	cSpy was 1 spamed and the readout avoided!
3	3	G	40000	100000	0	0	0	0	0	0	0	0	0	0	2
3	3	A	40000	100000	0	0	0	0	0	0	0	0	0	0	1
3	3	B	40000	100000	0	0	0	0	0	0	0	0	0	0	1
3	4	G	40000	80058	19.942	7.8035	19942	19515	8	0	0	19413	74	20	19511
3	4	A	40000	82542	17.458	7.612	17458	9846	4	0	0	9790	33	19	9841
3	4	B	40000	82336	17.664	7.995	17664	9669	4	0	0	9623	41	1	9670
3	5	G	40000	0	100	100	100000	200000	200000	200000	200000	200000	200000	200000	200002
3	5	A	40000	0	100	100	100000	100000	100000	100000	100000	100000	100000	100000	100001
3	5	B	40000	0	100	100	100000	100000	100000	100000	100000	100000	100000	100000	100001
3	6	G	40000	65818	34.182	28.3075	34182	10729	277	4	0	9871	255	322	10321
3	6	A	40000	66175	33.825	28.332	33825	5493	148	2	0	4910	189	244	5217
3	6	B	40000	66481	33.519	28.283	33519	5236	129	2	0	4961	66	78	5104
3	6	cSpy was 79 spamed and the readout avoided!
3	7	G	40000	100000	0	0	0	0	0	0	0	0	0	0	2
3	7	A	40000	100000	0	0	0	0	0	0	0	0	0	0	1
3	7	B	40000	100000	0	0	0	0	0	0	0	0	0	0	1
4	0	G	40000	930	99.07	52.366	99070	20723	215	0	0	19200	746	562	20180
4	0	A	40000	1140	98.86	97.179	98860	1681	215	0	0	570	334	562	1137
4	0	B	40000	73405	26.595	7.553	26595	19042	0	0	0	18630	412	0	19043
4	0	cSpy was 6 spamed and the readout avoided!
4	1	G	40000	100000	0	0	0	0	0	0	0	0	0	0	2
4	1	A	40000	100000	0	0	0	0	0	0	0	0	0	0	1
4	1	B	40000	100000	0	0	0	0	0	0	0	0	0	0	1
4	2	G	40000	93217	6.783	4.533	6783	3559	18	0	0	3519	0	22	3545
4	2	A	40000	93685	6.315	4.542	6315	1773	9	0	0	1745	0	19	1761
4	2	B	40000	93690	6.31	4.524	6310	1786	9	0	0	1774	0	3	1784
4	2	cSpy was 1 spamed and the readout avoided!
4	3	G	40000	16391	83.609	61.041	83609	32778	746	1	0	31221	137	673	31751
4	3	A	40000	22148	77.852	61.482	77852	16370	385	1	0	15469	12	503	15666
4	3	B	40000	22992	77.008	60.6	77008	16408	361	0	0	15752	125	170	16085
4	3	cSpy was 10 spamed and the readout avoided!
4	4	G	40000	11733	88.267	62.1605	88267	33943	104	8	1	30295	3102	433	33618
4	4	A	40000	20711	79.289	62.631	79289	16658	14	5	0	14474	1846	319	16474
4	4	B	40000	21025	78.975	61.69	78975	17285	90	3	1	15821	1256	114	17144
4	4	cSpy was 51 spamed and the readout avoided!
4	5	G	40000	100000	0	0	0	0	0	0	0	0	0	0	2
4	5	A	40000	100000	0	0	0	0	0	0	0	0	0	0	1
4	5	B	40000	100000	0	0	0	0	0	0	0	0	0	0	1
4	6	G	40000	98526	1.474	0.393	1474	1720	0	0	0	1720	0	0	1722
4	6	A	40000	98737	1.263	0.418	1263	845	0	0	0	845	0	0	846
4	6	B	40000	98757	1.243	0.368	1243	875	0	0	0	875	0	0	876
4	7	G	40000	30441	69.559	47.3985	69559	35290	455	0	0	34392	57	386	34666
4	7	A	40000	34815	65.185	47.609	65185	17576	218	0	0	17081	3	274	17166
4	7	B	40000	35098	64.902	47.188	64902	17714	237	0	0	17311	54	112	17500
4	7	cSpy was 6 spamed and the readout avoided!
5	0	G	40000	463	99.537	58.1305	99537	16168	146	0	0	15068	116	838	15622
5	0	A	40000	602	99.398	98.25	99398	1148	146	0	0	65	101	836	602
5	0	B	40000	66969	33.031	18.011	33031	15020	0	0	0	15003	15	2	15020
5	0	cSpy was 65 spamed and the readout avoided!
5	1	G	40000	27068	72.932	49.0875	72932	37264	347	0	0	36580	14	323	36806
5	1	A	40000	32184	67.816	49.245	67816	18571	169	0	0	18165	5	232	18267
5	1	B	40000	32377	67.623	48.93	67623	18693	178	0	0	18415	9	91	18539
5	1	cSpy was 6 spamed and the readout avoided!
5	2	G	40000	0	100	100	100000	200000	200000	200000	200000	200000	200000	200000	200002
5	2	A	40000	0	100	100	100000	100000	100000	100000	100000	100000	100000	100000	100001
5	2	B	40000	0	100	100	100000	100000	100000	100000	100000	100000	100000	100000	100001
5	3	G	40000	99906	0.0940025	0	94	188	0	0	0	188	0	0	190
5	3	A	40000	99906	0.0940025	0	94	94	0	0	0	94	0	0	95
5	3	B	40000	99906	0.0940025	0	94	94	0	0	0	94	0	0	95
5	4	G	40000	100000	0	0	0	0	0	0	0	0	0	0	2
5	4	A	40000	100000	0	0	0	0	0	0	0	0	0	0	1
5	4	B	40000	100000	0	0	0	0	0	0	0	0	0	0	1
5	5	G	40000	64897	35.103	15.015	35103	30354	12	0	0	30301	3	38	30342
5	5	A	40000	69752	30.248	15.31	30248	14938	6	0	0	14893	3	36	14927
5	5	B	40000	69864	30.136	14.72	30136	15416	6	0	0	15408	0	2	15415
5	5	cSpy was 1 spamed and the readout avoided!
5	6	G	40000	3	99.997	98.466	99997	1676	106	0	0	475	815	280	1392
5	6	A	40000	10	99.99	99.845	99990	145	0	0	0	0	1	144	10
5	6	B	40000	1382	98.618	97.087	98618	1531	106	0	0	475	814	136	1382
5	6	cSpy was 26 spamed and the readout avoided!
5	7	G	40000	64756	35.244	7.73	35244	42590	0	0	0	38326	4185	79	42571
5	7	A	40000	68861	31.139	7.885	31139	23254	0	0	0	19775	3400	79	23235
5	7	B	40000	73089	26.911	7.575	26911	19336	0	0	0	18551	785	0	19336
6	0	G	40000	690	99.31	94.8285	99310	5495	280	4	0	2895	1490	826	4835
6	0	A	40000	1521	98.479	96.388	98479	2091	155	1	0	209	940	786	1521
6	0	B	40000	3327	96.673	93.269	96673	3404	125	3	0	2686	550	40	3314
6	0	cSpy was 37 spamed and the readout avoided!
6	1	G	40000	22185	77.815	23.577	77815	69827	0	0	0	61773	7870	184	69744
6	1	A	40000	39955	60.045	26.594	60045	33451	0	0	0	28733	4534	184	33368
6	1	B	40000	43064	56.936	20.56	56936	36376	0	0	0	33040	3336	0	36376
6	1	cSpy was 3 spamed and the readout avoided!
6	2	G	40000	100000	0	0	0	0	0	0	0	0	0	0	2
6	2	A	40000	100000	0	0	0	0	0	0	0	0	0	0	1
6	2	B	40000	100000	0	0	0	0	0	0	0	0	0	0	1
6	3	G	40000	99930	0.0699997	0.023	70	47	0	0	0	46	1	0	49
6	3	A	40000	99954	0.0460029	0.026	46	20	0	0	0	20	0	0	21
6	3	B	40000	99953	0.0469983	0.02	47	27	0	0	0	26	1	0	28
6	4	G	40000	20122	79.878	58.7365	79878	34211	821	1	0	32639	145	605	33118
6	4	A	40000	23858	76.142	59.011	76142	17131	397	1	0	16305	0	428	16403
6	4	B	40000	24458	75.542	58.462	75542	17080	424	0	0	16334	145	177	16715
6	4	cSpy was 40 spamed and the readout avoided!
6	5	G	40000	10529	89.471	74.2295	89471	20262	111	1	0	17812	1546	792	19725
6	5	A	40000	14703	85.297	75.817	85297	9480	4	1	0	8075	694	706	9054
6	5	B	40000	16576	83.424	72.642	83424	10782	107	0	0	9737	852	86	10671
6	5	cSpy was 67 spamed and the readout avoided!
6	6	G	40000	100000	0	0	0	0	0	0	0	0	0	0	2
6	6	A	40000	100000	0	0	0	0	0	0	0	0	0	0	1
6	6	B	40000	100000	0	0	0	0	0	0	0	0	0	0	1
6	7	G	40000	100000	0	0	0	0	0	0	0	0	0	0	2
6	7	A	40000	100000	0	0	0	0	0	0	0	0	0	0	1
6	7	B	40000	100000	0	0	0	0	0	0	0	0	0	0	1
7	0	G	40000	1812	98.188	48.219	98188	4354	219	0	0	3460	99	576	3819
7	0	A	40000	1851	98.149	95.775	98149	2374	219	0	0	1485	94	576	1838
7	0	B	40000	97357	2.643	0.663	2643	1980	0	0	0	1975	5	0	1981
7	0	cSpy was 2 spamed and the readout avoided!
7	1	G	40000	100000	0	0	0	0	0	0	0	0	0	0	2
7	1	A	40000	100000	0	0	0	0	0	0	0	0	0	0	1
7	1	B	40000	100000	0	0	0	0	0	0	0	0	0	0	1
7	2	G	40000	87543	12.457	2.986	12457	13345	6	7	0	13236	70	26	13342
7	2	A	40000	90020	9.98	3.322	9980	6658	6	7	0	6574	45	26	6654
7	2	B	40000	90663	9.337	2.65	9337	6687	0	0	0	6662	25	0	6688
7	2	cSpy was 1 spamed and the readout avoided!
7	3	G	40000	0	100	100	100000	200000	200000	200000	200000	200000	200000	200000	200002
7	3	A	40000	0	100	100	100000	100000	100000	100000	100000	100000	100000	100000	100001
7	3	B	40000	0	100	100	100000	100000	100000	100000	100000	100000	100000	100000	100001
7	4	G	40000	95464	4.536	0.138	4536	8617	0	0	0	8468	147	2	8619
7	4	A	40000	95481	4.519	0.138	4519	4381	0	0	0	4250	129	2	4382
7	4	B	40000	95626	4.374	0.138	4374	4236	0	0	0	4218	18	0	4237
7	5	G	40000	100000	0	0	0	0	0	0	0	0	0	0	2
7	5	A	40000	100000	0	0	0	0	0	0	0	0	0	0	1
7	5	B	40000	100000	0	0	0	0	0	0	0	0	0	0	1
7	6	G	40000	96517	3.483	0.8635	3483	3724	3	2	0	3694	15	10	3725
7	6	A	40000	97181	2.819	0.96	2819	1859	3	2	0	1834	10	10	1859
7	6	B	40000	97368	2.632	0.767	2632	1865	0	0	0	1860	5	0	1866
7	7	G	40000	39303	60.697	32.0175	60697	40116	23	33	0	38402	1469	189	40032
7	7	A	40000	47172	52.828	32.777	52828	20051	12	33	0	19171	647	188	19975
7	7	B	40000	48677	51.323	31.258	51323	20065	11	0	0	19231	822	1	20057
7	7	cSpy was 9 spamed and the readout avoided!
