#the gain was set to: 2	the bias was set to: 30
#Sent triggers per delay setting: 100000	and with a frequency [Hz] of: 40000
#160MHz delay setting	400MHz delay setting	Frequency	correct transmitted H+T		error rate [%]	uncertainty [%]	bad or missed events	error count	missing headers	missing trailers	flipped H/T	event nr errors	tbm missed trigger	unknown errors	event nr resets
0	0	G	40000	434	99.566	72.197	99566	19055	104	0	0	18030	290	631	18529
0	0	A	40000	634	99.366	98.217	99366	1149	90	0	0	188	253	618	634
0	0	B	40000	35917	64.083	46.177	64083	17906	14	0	0	17842	37	13	17895
0	0	cSpy was 28 spamed and the readout avoided!
0	1	G	40000	31953	68.047	47.9095	68047	26920	114	0	0	26121	238	447	26822
0	1	A	40000	40956	59.044	47.344	59044	11700	64	0	0	11211	19	406	11620
0	1	B	40000	36305	63.695	48.475	63695	15220	50	0	0	14910	219	41	15202
0	2	G	40000	2939	97.061	83.235	97061	16593	141	6	0	13969	1985	492	16226
0	2	A	40000	5994	94.006	88.018	94006	5988	84	0	0	4484	970	450	5680
0	2	B	40000	10943	89.057	78.452	89057	10605	57	6	0	9485	1015	42	10546
0	2	cSpy was 7 spamed and the readout avoided!
0	3	G	40000	100000	0	0	0	0	0	0	0	0	0	0	2
0	3	A	40000	100000	0	0	0	0	0	0	0	0	0	0	1
0	3	B	40000	100000	0	0	0	0	0	0	0	0	0	0	1
0	4	G	40000	99999	0.00100136	0	1	1	0	0	0	1	0	0	3
0	4	A	40000	100000	0	0	0	0	0	0	0	0	0	0	1
0	4	B	40000	99999	0.00100136	0	1	1	0	0	0	1	0	0	2
0	5	G	40000	56307	43.693	26.571	43693	24561	7	0	0	24257	76	221	24533
0	5	A	40000	62656	37.344	26.23	37344	11114	4	0	0	10865	25	220	11087
0	5	B	40000	59641	40.359	26.912	40359	13447	3	0	0	13392	51	1	13446
0	6	G	40000	0	100	100	100000	200000	200000	200000	200000	200000	200000	200000	200002
0	6	A	40000	0	100	100	100000	100000	100000	100000	100000	100000	100000	100000	100001
0	6	B	40000	0	100	100	100000	100000	100000	100000	100000	100000	100000	100000	100001
0	7	G	40000	98297	1.703	0.101	1703	3073	0	0	0	3052	21	0	3075
0	7	A	40000	98381	1.619	0.083	1619	1536	0	0	0	1528	8	0	1537
0	7	B	40000	98344	1.656	0.119	1656	1537	0	0	0	1524	13	0	1538
1	0	G	40000	289	99.711	97.676	99711	2505	167	1	0	1755	170	412	2117
1	0	A	40000	1454	98.546	96.763	98546	1783	155	1	0	1142	119	366	1433
1	0	B	40000	689	99.311	98.589	99311	722	12	0	0	613	51	46	684
1	0	cSpy was 26 spamed and the readout avoided!
1	1	G	40000	98113	1.887	0.1095	1887	3391	0	0	0	3364	26	1	3393
1	1	A	40000	98221	1.779	0.084	1779	1695	0	0	0	1684	10	1	1696
1	1	B	40000	98169	1.831	0.135	1831	1696	0	0	0	1680	16	0	1697
1	2	G	40000	100000	0	0	0	0	0	0	0	0	0	0	2
1	2	A	40000	100000	0	0	0	0	0	0	0	0	0	0	1
1	2	B	40000	100000	0	0	0	0	0	0	0	0	0	0	1
1	3	G	40000	95686	4.314	0.8585	4314	6284	0	0	0	6274	8	2	6286
1	3	A	40000	96173	3.827	0.811	3827	3016	0	0	0	3006	8	2	3017
1	3	B	40000	95826	4.174	0.906	4174	3268	0	0	0	3268	0	0	3269
1	4	G	40000	625	99.375	96.4025	99375	3804	299	2	0	1796	1311	396	3363
1	4	A	40000	1929	98.071	96.02	98071	2051	74	0	0	894	949	134	1901
1	4	B	40000	1462	98.538	96.785	98538	1753	225	2	0	902	362	262	1462
1	4	cSpy was 20 spamed and the readout avoided!
1	5	G	40000	45758	54.242	14.2445	54242	39888	11	0	0	33686	6161	30	39877
1	5	A	40000	73120	26.88	5.268	26880	21612	0	0	0	18084	3498	30	21611
1	5	B	40000	58503	41.497	23.221	41497	18276	11	0	0	15602	2663	0	18266
1	6	G	40000	100000	0	0	0	0	0	0	0	0	0	0	2
1	6	A	40000	100000	0	0	0	0	0	0	0	0	0	0	1
1	6	B	40000	100000	0	0	0	0	0	0	0	0	0	0	1
1	7	G	40000	99014	0.985998	0.2065	986	1414	0	0	0	1412	1	1	1416
1	7	A	40000	99126	0.874001	0.198	874	676	0	0	0	674	1	1	677
1	7	B	40000	99047	0.953001	0.215	953	738	0	0	0	738	0	0	739
2	0	G	40000	2371	97.629	48.342	97629	4083	36	0	0	3880	106	61	4010
2	0	A	40000	2410	97.59	95.148	97590	2442	36	0	0	2240	105	61	2368
2	0	B	40000	96823	3.177	1.536	3177	1641	0	0	0	1640	1	0	1642
2	1	G	40000	100000	0	0	0	0	0	0	0	0	0	0	2
2	1	A	40000	100000	0	0	0	0	0	0	0	0	0	0	1
2	1	B	40000	100000	0	0	0	0	0	0	0	0	0	0	1
2	2	G	40000	31888	68.112	47.1205	68112	25694	674	0	0	23159	1253	608	25154
2	2	A	40000	43250	56.75	45.339	56750	11411	378	0	0	9942	663	428	11058
2	2	B	40000	36815	63.185	48.902	63185	14283	296	0	0	13217	590	180	14096
2	3	G	40000	5517	94.483	70.737	94483	28610	48	4	0	25194	3231	133	28510
2	3	A	40000	19179	80.821	62.375	80821	18446	4	0	0	16055	2277	110	18383
2	3	B	40000	10737	89.263	79.099	89263	10164	44	4	0	9139	954	23	10127
2	3	cSpy was 2 spamed and the readout avoided!
2	4	G	40000	100000	0	0	0	0	0	0	0	0	0	0	2
2	4	A	40000	100000	0	0	0	0	0	0	0	0	0	0	1
2	4	B	40000	100000	0	0	0	0	0	0	0	0	0	0	1
2	5	G	40000	100000	0	0	0	0	0	0	0	0	0	0	2
2	5	A	40000	100000	0	0	0	0	0	0	0	0	0	0	1
2	5	B	40000	100000	0	0	0	0	0	0	0	0	0	0	1
2	6	G	40000	33940	66.06	41.2255	66060	29049	50	1	0	27842	798	358	28992
2	6	A	40000	47721	52.279	39.242	52279	13037	36	1	0	11954	703	343	12984
2	6	B	40000	40779	59.221	43.209	59221	16012	14	0	0	15888	95	15	16008
2	7	G	40000	0	100	100	100000	200000	200000	200000	200000	200000	200000	200000	200002
2	7	A	40000	0	100	100	100000	100000	100000	100000	100000	100000	100000	100000	100001
2	7	B	40000	0	100	100	100000	100000	100000	100000	100000	100000	100000	100000	100001
3	0	G	40000	916	99.084	72.5085	99084	20551	260	1	0	19195	458	637	20008
3	0	A	40000	1516	98.484	96.463	98484	2021	213	1	0	1161	32	614	1508
3	0	B	40000	32916	67.084	48.554	67084	18530	47	0	0	18034	426	23	18500
3	0	cSpy was 30 spamed and the readout avoided!
3	1	G	40000	0	100	100	100000	200000	200000	200000	200000	200000	200000	200000	200002
3	1	A	40000	0	100	100	100000	100000	100000	100000	100000	100000	100000	100000	100001
3	1	B	40000	0	100	100	100000	100000	100000	100000	100000	100000	100000	100000	100001
3	2	G	40000	98890	1.11	0.007	1110	2203	0	0	0	2202	1	0	2205
3	2	A	40000	98890	1.11	0.007	1110	1103	0	0	0	1102	1	0	1104
3	2	B	40000	98893	1.107	0.007	1107	1100	0	0	0	1100	0	0	1101
3	3	G	40000	100000	0	0	0	0	0	0	0	0	0	0	2
3	3	A	40000	100000	0	0	0	0	0	0	0	0	0	0	1
3	3	B	40000	100000	0	0	0	0	0	0	0	0	0	0	1
3	4	G	40000	98045	1.955	0.139	1955	3541	0	0	0	3538	3	0	3543
3	4	A	40000	98104	1.896	0.125	1896	1771	0	0	0	1768	3	0	1772
3	4	B	40000	98077	1.923	0.153	1923	1770	0	0	0	1770	0	0	1771
3	5	G	40000	0	100	100	100000	200000	200000	200000	200000	200000	200000	200000	200002
3	5	A	40000	0	100	100	100000	100000	100000	100000	100000	100000	100000	100000	100001
3	5	B	40000	0	100	100	100000	100000	100000	100000	100000	100000	100000	100000	100001
3	6	G	40000	55209	44.791	11.417	44791	47499	12	6	0	43932	3518	31	47487
3	6	A	40000	64261	35.739	11.172	35739	24567	8	0	0	21471	3066	22	24563
3	6	B	40000	65406	34.594	11.662	34594	22932	4	6	0	22461	452	9	22924
3	6	cSpy was 8 spamed and the readout avoided!
3	7	G	40000	100000	0	0	0	0	0	0	0	0	0	0	2
3	7	A	40000	100000	0	0	0	0	0	0	0	0	0	0	1
3	7	B	40000	100000	0	0	0	0	0	0	0	0	0	0	1
4	0	G	40000	742	99.258	73.36	99258	19748	196	2	0	16333	2782	435	19310
4	0	A	40000	1262	98.738	97.115	98738	1623	100	1	0	800	321	401	1258
4	0	B	40000	32270	67.73	49.605	67730	18125	96	1	0	15533	2461	34	18052
4	0	cSpy was 72 spamed and the readout avoided!
4	1	G	40000	100000	0	0	0	0	0	0	0	0	0	0	2
4	1	A	40000	100000	0	0	0	0	0	0	0	0	0	0	1
4	1	B	40000	100000	0	0	0	0	0	0	0	0	0	0	1
4	2	G	40000	99897	0.103003	0.0365	103	93	0	0	0	93	0	0	95
4	2	A	40000	99917	0.0829995	0.038	83	45	0	0	0	45	0	0	46
4	2	B	40000	99917	0.0829995	0.035	83	48	0	0	0	48	0	0	49
4	3	G	40000	20107	79.893	58.785	79893	34219	807	1	0	32639	158	614	33116
4	3	A	40000	23817	76.183	59.062	76183	17121	391	0	0	16301	1	428	16396
4	3	B	40000	24394	75.606	58.508	75606	17098	416	1	0	16338	157	186	16720
4	3	cSpy was 8 spamed and the readout avoided!
4	4	G	40000	0	100	100	100000	200000	200000	200000	200000	200000	200000	200000	200002
4	4	A	40000	0	100	100	100000	100000	100000	100000	100000	100000	100000	100000	100001
4	4	B	40000	0	100	100	100000	100000	100000	100000	100000	100000	100000	100000	100001
4	5	G	40000	100000	0	0	0	0	0	0	0	0	0	0	2
4	5	A	40000	100000	0	0	0	0	0	0	0	0	0	0	1
4	5	B	40000	100000	0	0	0	0	0	0	0	0	0	0	1
4	6	G	40000	100000	0	0	0	0	0	0	0	0	0	0	2
4	6	A	40000	100000	0	0	0	0	0	0	0	0	0	0	1
4	6	B	40000	100000	0	0	0	0	0	0	0	0	0	0	1
4	7	G	40000	55928	44.072	24.887	44072	29441	67	0	0	29279	3	92	29368
4	7	A	40000	60391	39.609	25.017	39609	14592	33	0	0	14473	3	83	14531
4	7	B	40000	60394	39.606	24.757	39606	14849	34	0	0	14806	0	9	14837
4	7	cSpy was 2 spamed and the readout avoided!
5	0	G	40000	521	99.479	57.085	99479	15058	169	0	0	13936	104	849	14509
5	0	A	40000	633	99.367	98.184	99367	1183	169	0	0	72	94	848	633
5	0	B	40000	70139	29.861	15.986	29861	13875	0	0	0	13864	10	1	13876
5	0	cSpy was 50 spamed and the readout avoided!
5	1	G	40000	74152	25.848	10.576	25848	23446	9	1	0	23396	2	38	23437
5	1	A	40000	77646	22.354	10.787	22354	11567	5	0	0	11522	2	38	11557
5	1	B	40000	77756	22.244	10.365	22244	11879	4	1	0	11874	0	0	11880
5	2	G	40000	14	99.986	99.0835	99986	1088	37	0	0	400	267	384	744
5	2	A	40000	30	99.97	99.669	99970	301	0	0	0	0	1	300	30
5	2	B	40000	715	99.285	98.498	99285	787	37	0	0	400	266	84	714
5	2	cSpy was 14 spamed and the readout avoided!
5	3	G	40000	96087	3.913	0.053	3913	7567	0	0	0	7430	136	1	7569
5	3	A	40000	96095	3.905	0.053	3905	3852	0	0	0	3723	128	1	3853
5	3	B	40000	96232	3.768	0.053	3768	3715	0	0	0	3707	8	0	3716
5	4	G	40000	100000	0	0	0	0	0	0	0	0	0	0	2
5	4	A	40000	100000	0	0	0	0	0	0	0	0	0	0	1
5	4	B	40000	100000	0	0	0	0	0	0	0	0	0	0	1
5	5	G	40000	96575	3.425	0.4125	3425	5669	0	0	0	5669	0	0	5671
5	5	A	40000	96718	3.282	0.454	3282	2828	0	0	0	2828	0	0	2829
5	5	B	40000	96788	3.212	0.371	3212	2841	0	0	0	2841	0	0	2842
5	6	G	40000	18	99.982	97.869	99982	2264	172	1	0	1362	489	240	1991
5	6	A	40000	60	99.94	99.792	99940	148	0	0	0	15	9	124	60
5	6	B	40000	1938	98.062	95.946	98062	2116	172	1	0	1347	480	116	1931
5	6	cSpy was 79 spamed and the readout avoided!
5	7	G	40000	19692	80.308	30.263	80308	64334	0	0	0	56600	7563	171	64261
5	7	A	40000	35897	64.103	33.425	64103	30678	0	0	0	26227	4280	171	30604
5	7	B	40000	39243	60.757	27.101	60757	33656	0	0	0	30373	3283	0	33657
6	0	G	40000	494	99.506	96.7965	99506	3464	326	5	1	1666	914	552	2937
6	0	A	40000	1085	98.915	97.438	98915	1477	168	0	0	233	607	469	1085
6	0	B	40000	1858	98.142	96.155	98142	1987	158	5	1	1433	307	83	1852
6	0	cSpy was 82 spamed and the readout avoided!
6	1	G	40000	8259	91.741	66.5305	91741	32892	45	1	0	29235	2980	631	32532
6	1	A	40000	16094	83.906	68.092	83906	15814	22	0	0	13747	1444	601	15486
6	1	B	40000	17953	82.047	64.969	82047	17078	23	1	0	15488	1536	30	17046
6	1	cSpy was 74 spamed and the readout avoided!
6	2	G	40000	100000	0	0	0	0	0	0	0	0	0	0	2
6	2	A	40000	100000	0	0	0	0	0	0	0	0	0	0	1
6	2	B	40000	100000	0	0	0	0	0	0	0	0	0	0	1
6	3	G	40000	100000	0	0	0	0	0	0	0	0	0	0	2
6	3	A	40000	100000	0	0	0	0	0	0	0	0	0	0	1
6	3	B	40000	100000	0	0	0	0	0	0	0	0	0	0	1
6	4	G	40000	31069	68.931	49.0045	68931	32600	649	0	0	31336	134	481	31739
6	4	A	40000	34457	65.543	49.269	65543	16274	313	0	0	15616	0	345	15703
6	4	B	40000	34934	65.066	48.74	65066	16326	336	0	0	15720	134	136	16036
6	4	cSpy was 6 spamed and the readout avoided!
6	5	G	40000	0	100	100	100000	200000	200000	200000	200000	200000	200000	200000	200002
6	5	A	40000	0	100	100	100000	100000	100000	100000	100000	100000	100000	100000	100001
6	5	B	40000	0	100	100	100000	100000	100000	100000	100000	100000	100000	100000	100001
6	6	G	40000	100000	0	0	0	0	0	0	0	0	0	0	2
6	6	A	40000	100000	0	0	0	0	0	0	0	0	0	0	1
6	6	B	40000	100000	0	0	0	0	0	0	0	0	0	0	1
6	7	G	40000	100000	0	0	0	0	0	0	0	0	0	0	2
6	7	A	40000	100000	0	0	0	0	0	0	0	0	0	0	1
6	7	B	40000	100000	0	0	0	0	0	0	0	0	0	0	1
7	0	G	40000	1668	98.332	59.7445	98332	4085	306	6	0	3053	62	658	3469
7	0	A	40000	1884	98.116	95.738	98116	2378	215	0	0	1526	51	586	1863
7	0	B	40000	74542	25.458	23.751	25458	1707	91	6	0	1527	11	72	1606
7	0	cSpy was 51 spamed and the readout avoided!
7	1	G	40000	100000	0	0	0	0	0	0	0	0	0	0	2
7	1	A	40000	100000	0	0	0	0	0	0	0	0	0	0	1
7	1	B	40000	100000	0	0	0	0	0	0	0	0	0	0	1
7	2	G	40000	94988	5.012	1.374	5012	5180	8	8	0	5113	39	12	5180
7	2	A	40000	95917	4.083	1.519	4083	2564	8	8	0	2524	12	12	2563
7	2	B	40000	96155	3.845	1.229	3845	2616	0	0	0	2589	27	0	2617
7	2	cSpy was 2 spamed and the readout avoided!
7	3	G	40000	0	100	100	100000	200000	200000	200000	200000	200000	200000	200000	200002
7	3	A	40000	0	100	100	100000	100000	100000	100000	100000	100000	100000	100000	100001
7	3	B	40000	0	100	100	100000	100000	100000	100000	100000	100000	100000	100000	100001
7	4	G	40000	68626	31.374	7.398	31374	38788	0	0	0	35118	3602	68	38766
7	4	A	40000	71327	28.673	7.479	28673	21194	0	0	0	18163	2963	68	21172
7	4	B	40000	75089	24.911	7.317	24911	17594	0	0	0	16955	639	0	17594
7	5	G	40000	100000	0	0	0	0	0	0	0	0	0	0	2
7	5	A	40000	100000	0	0	0	0	0	0	0	0	0	0	1
7	5	B	40000	100000	0	0	0	0	0	0	0	0	0	0	1
7	6	G	40000	96801	3.199	0.9195	3199	2973	3	3	0	2935	22	10	2973
7	6	A	40000	97502	2.498	1.019	2498	1479	3	3	0	1451	12	10	1478
7	6	B	40000	97686	2.314	0.82	2314	1494	0	0	0	1484	10	0	1495
7	7	G	40000	60795	39.205	14.683	39205	34549	48	71	0	33723	540	167	34460
7	7	A	40000	67173	32.827	15.336	32827	17491	48	71	0	17005	200	167	17401
7	7	B	40000	68912	31.088	14.03	31088	17058	0	0	0	16718	340	0	17059
7	7	cSpy was 8 spamed and the readout avoided!
