#the gain was set to: 2	the bias was set to: 30
#Sent triggers per delay setting: 100000	and with a frequency [Hz] of: 40000
#160MHz delay setting	400MHz delay setting	Frequency	correct transmitted H+T		error rate [%]	uncertainty [%]	bad or missed events	error count	missing headers	missing trailers	flipped H/T	event nr errors	tbm missed trigger	unknown errors	event nr resets
0	0	G	40000	458	99.542	72.2525	99542	18958	130	0	0	17908	292	628	18425
0	0	A	40000	665	99.335	98.157	99335	1178	99	0	0	221	249	609	665
0	0	B	40000	35872	64.128	46.348	64128	17780	31	0	0	17687	43	19	17760
0	0	cSpy was 23 spamed and the readout avoided!
0	1	G	40000	29789	70.211	50.6605	70211	25805	211	0	0	24786	305	503	25642
0	1	A	40000	38826	61.174	50.084	61174	11090	117	0	0	10546	5	422	10963
0	1	B	40000	34048	65.952	51.237	65952	14715	94	0	0	14240	300	81	14679
0	2	G	40000	2921	97.079	85.276	97079	14610	127	0	0	12165	1896	422	14275
0	2	A	40000	6653	93.347	86.763	93347	6584	57	0	0	5093	1093	341	6341
0	2	B	40000	8185	91.815	83.789	91815	8026	70	0	0	7072	803	81	7934
0	2	cSpy was 15 spamed and the readout avoided!
0	3	G	40000	80628	19.372	5.8405	19372	14133	5	0	0	11729	2390	9	14127
0	3	A	40000	89659	10.341	2.089	10341	8252	0	0	0	6705	1539	8	8251
0	3	B	40000	84527	15.473	9.592	15473	5881	5	0	0	5024	851	1	5876
0	4	G	40000	100000	0	0	0	0	0	0	0	0	0	0	2
0	4	A	40000	100000	0	0	0	0	0	0	0	0	0	0	1
0	4	B	40000	100000	0	0	0	0	0	0	0	0	0	0	1
0	5	G	40000	62043	37.957	20.372	37957	25994	5	0	0	25711	91	187	25970
0	5	A	40000	67933	32.067	20.078	32067	11989	5	0	0	11761	39	184	11965
0	5	B	40000	65329	34.671	20.666	34671	14005	0	0	0	13950	52	3	14005
0	6	G	40000	2103	97.897	90.842	97897	9166	407	7	0	7090	1335	327	8727
0	6	A	40000	5081	94.919	89.904	94919	5015	125	0	0	3739	933	218	4792
0	6	B	40000	4069	95.931	91.78	95931	4151	282	7	0	3351	402	109	3935
0	6	cSpy was 51 spamed and the readout avoided!
0	7	G	40000	76716	23.284	19.778	23284	5520	109	0	0	4895	417	99	5392
0	7	A	40000	77735	22.265	19.367	22265	2898	31	0	0	2521	305	41	2850
0	7	B	40000	77189	22.811	20.189	22811	2622	78	0	0	2374	112	58	2542
0	7	cSpy was 10 spamed and the readout avoided!
1	0	G	40000	245	99.755	98.258	99755	1935	155	0	0	1193	160	427	1538
1	0	A	40000	945	99.055	97.799	99055	1256	129	0	0	676	104	347	935
1	0	B	40000	604	99.396	98.717	99396	679	26	0	0	517	56	80	603
1	0	cSpy was 24 spamed and the readout avoided!
1	1	G	40000	96990	3.01	0.5015	3010	4335	0	0	0	4258	77	0	4337
1	1	A	40000	97430	2.57	0.411	2570	2159	0	0	0	2127	32	0	2160
1	1	B	40000	97232	2.768	0.592	2768	2176	0	0	0	2131	45	0	2177
1	2	G	40000	100000	0	0	0	0	0	0	0	0	0	0	2
1	2	A	40000	100000	0	0	0	0	0	0	0	0	0	0	1
1	2	B	40000	100000	0	0	0	0	0	0	0	0	0	0	1
1	3	G	40000	98533	1.467	0.2095	1467	2323	0	0	0	2323	0	0	2325
1	3	A	40000	98665	1.335	0.189	1335	1146	0	0	0	1146	0	0	1147
1	3	B	40000	98593	1.407	0.23	1407	1177	0	0	0	1177	0	0	1178
1	4	G	40000	476	99.524	96.9085	99524	3229	164	0	0	1266	1512	287	2923
1	4	A	40000	1916	98.084	96.066	98084	2018	77	0	0	660	1175	106	1886
1	4	B	40000	1038	98.962	97.751	98962	1211	87	0	0	606	337	181	1037
1	4	cSpy was 23 spamed and the readout avoided!
1	5	G	40000	37913	62.087	15.858	62087	47367	0	0	0	41508	5855	4	47369
1	5	A	40000	68436	31.564	4.397	31564	27167	0	0	0	23166	3997	4	27168
1	5	B	40000	52481	47.519	27.319	47519	20200	0	0	0	18342	1858	0	20201
1	6	G	40000	100000	0	0	0	0	0	0	0	0	0	0	2
1	6	A	40000	100000	0	0	0	0	0	0	0	0	0	0	1
1	6	B	40000	100000	0	0	0	0	0	0	0	0	0	0	1
1	7	G	40000	99343	0.656998	0.2445	657	488	0	0	0	484	2	2	490
1	7	A	40000	99538	0.462002	0.227	462	235	0	0	0	231	2	2	236
1	7	B	40000	99485	0.515002	0.262	515	253	0	0	0	253	0	0	254
2	0	G	40000	2460	97.54	48.1625	97540	3903	41	0	0	3697	100	65	3828
2	0	A	40000	2490	97.51	94.998	97510	2512	41	0	0	2306	100	65	2436
2	0	B	40000	97282	2.718	1.327	2718	1391	0	0	0	1391	0	0	1392
2	1	G	40000	99968	0.0320017	0	32	64	0	0	0	64	0	0	66
2	1	A	40000	99968	0.0320017	0	32	32	0	0	0	32	0	0	33
2	1	B	40000	99968	0.0320017	0	32	32	0	0	0	32	0	0	33
2	2	G	40000	39453	60.547	39.708	60547	25360	461	5	0	23160	1221	513	24935
2	2	A	40000	50596	49.404	37.579	49404	11825	236	3	0	10026	1198	362	11571
2	2	B	40000	44628	55.372	41.837	55372	13535	225	2	0	13134	23	151	13364
2	3	G	40000	4486	95.514	76.609	95514	22651	51	2	0	19302	3181	115	22568
2	3	A	40000	15279	84.721	70.366	84721	14355	3	0	0	11936	2326	90	14310
2	3	B	40000	8852	91.148	82.852	91148	8296	48	2	0	7366	855	25	8258
2	3	cSpy was 6 spamed and the readout avoided!
2	4	G	40000	100000	0	0	0	0	0	0	0	0	0	0	2
2	4	A	40000	100000	0	0	0	0	0	0	0	0	0	0	1
2	4	B	40000	100000	0	0	0	0	0	0	0	0	0	0	1
2	5	G	40000	100000	0	0	0	0	0	0	0	0	0	0	2
2	5	A	40000	100000	0	0	0	0	0	0	0	0	0	0	1
2	5	B	40000	100000	0	0	0	0	0	0	0	0	0	0	1
2	6	G	40000	40075	59.925	30.9865	59925	34233	22	0	0	32661	1322	228	34202
2	6	A	40000	54985	45.015	28.5	45015	16515	12	0	0	15110	1169	224	16488
2	6	B	40000	48809	51.191	33.473	51191	17718	10	0	0	17551	153	4	17714
2	7	G	40000	0	100	100	100000	200000	200000	200000	200000	200000	200000	200000	200002
2	7	A	40000	0	100	100	100000	100000	100000	100000	100000	100000	100000	100000	100001
2	7	B	40000	0	100	100	100000	100000	100000	100000	100000	100000	100000	100000	100001
3	0	G	40000	1173	98.827	66.224	98827	21010	241	0	0	19761	406	602	20478
3	0	A	40000	1755	98.245	95.988	98245	2257	219	0	0	1415	27	596	1738
3	0	B	40000	44787	55.213	36.46	55213	18753	22	0	0	18346	379	6	18740
3	0	cSpy was 6 spamed and the readout avoided!
3	1	G	40000	0	100	100	100000	200000	200000	200000	200000	200000	200000	200000	200002
3	1	A	40000	0	100	100	100000	100000	100000	100000	100000	100000	100000	100000	100001
3	1	B	40000	0	100	100	100000	100000	100000	100000	100000	100000	100000	100000	100001
3	2	G	40000	97847	2.153	0.039	2153	4219	0	0	0	4213	6	0	4221
3	2	A	40000	97847	2.153	0.039	2153	2114	0	0	0	2108	6	0	2115
3	2	B	40000	97856	2.144	0.039	2144	2105	0	0	0	2105	0	0	2106
3	3	G	40000	100000	0	0	0	0	0	0	0	0	0	0	2
3	3	A	40000	100000	0	0	0	0	0	0	0	0	0	0	1
3	3	B	40000	100000	0	0	0	0	0	0	0	0	0	0	1
3	4	G	40000	96624	3.376	0.352	3376	5826	0	0	0	5823	3	0	5828
3	4	A	40000	96765	3.235	0.318	3235	2917	0	0	0	2914	3	0	2918
3	4	B	40000	96705	3.295	0.386	3295	2909	0	0	0	2909	0	0	2910
3	5	G	40000	0	100	100	100000	200000	200000	200000	200000	200000	200000	200000	200002
3	5	A	40000	0	100	100	100000	100000	100000	100000	100000	100000	100000	100000	100001
3	5	B	40000	0	100	100	100000	100000	100000	100000	100000	100000	100000	100000	100001
3	6	G	40000	51564	48.436	11.981	48436	49301	9	1	0	45285	3973	33	49291
3	6	A	40000	63232	36.768	11.721	36768	25047	7	0	0	21819	3194	27	25040
3	6	B	40000	63505	36.495	12.241	36495	24254	2	1	0	23466	779	6	24251
3	6	cSpy was 7 spamed and the readout avoided!
3	7	G	40000	100000	0	0	0	0	0	0	0	0	0	0	2
3	7	A	40000	100000	0	0	0	0	0	0	0	0	0	0	1
3	7	B	40000	100000	0	0	0	0	0	0	0	0	0	0	1
4	0	G	40000	1246	98.754	70.419	98754	26872	144	4	0	24228	2358	138	26700
4	0	A	40000	2162	97.838	95.556	97838	2282	71	3	0	1572	527	109	2156
4	0	B	40000	30128	69.872	45.282	69872	24590	73	1	0	22656	1831	29	24544
4	0	cSpy was 2 spamed and the readout avoided!
4	1	G	40000	100000	0	0	0	0	0	0	0	0	0	0	2
4	1	A	40000	100000	0	0	0	0	0	0	0	0	0	0	1
4	1	B	40000	100000	0	0	0	0	0	0	0	0	0	0	1
4	2	G	40000	99925	0.0750005	0.021	75	88	0	0	0	88	0	0	90
4	2	A	40000	99935	0.0649989	0.022	65	43	0	0	0	43	0	0	44
4	2	B	40000	99935	0.0649989	0.02	65	45	0	0	0	45	0	0	46
4	3	G	40000	20160	79.84	58.763	79840	34199	814	0	0	32643	141	601	33118
4	3	A	40000	23839	76.161	59.029	76161	17132	395	0	0	16308	0	429	16407
4	3	B	40000	24436	75.564	58.497	75564	17067	419	0	0	16335	141	172	16711
4	3	cSpy was 8 spamed and the readout avoided!
4	4	G	40000	0	100	100	100000	200000	200000	200000	200000	200000	200000	200000	200002
4	4	A	40000	0	100	100	100000	100000	100000	100000	100000	100000	100000	100000	100001
4	4	B	40000	0	100	100	100000	100000	100000	100000	100000	100000	100000	100000	100001
4	5	G	40000	100000	0	0	0	0	0	0	0	0	0	0	2
4	5	A	40000	100000	0	0	0	0	0	0	0	0	0	0	1
4	5	B	40000	100000	0	0	0	0	0	0	0	0	0	0	1
4	6	G	40000	100000	0	0	0	0	0	0	0	0	0	0	2
4	6	A	40000	100000	0	0	0	0	0	0	0	0	0	0	1
4	6	B	40000	100000	0	0	0	0	0	0	0	0	0	0	1
4	7	G	40000	46320	53.68	33.3745	53680	31066	107	0	0	30839	1	119	30957
4	7	A	40000	51102	48.898	33.477	48898	15421	52	0	0	15264	1	104	15334
4	7	B	40000	51083	48.917	33.272	48917	15645	55	0	0	15575	0	15	15623
4	7	cSpy was 2 spamed and the readout avoided!
5	0	G	40000	507	99.493	56.133	99493	13938	152	0	0	12842	99	845	13387
5	0	A	40000	621	99.379	98.206	99379	1173	152	0	0	82	94	845	621
5	0	B	40000	73175	26.825	14.06	26825	12765	0	0	0	12760	5	0	12766
5	0	cSpy was 55 spamed and the readout avoided!
5	1	G	40000	80652	19.348	7.143	19348	19472	3	0	0	19441	2	26	19468
5	1	A	40000	83075	16.925	7.314	16925	9611	1	0	0	9584	2	24	9607
5	1	B	40000	83167	16.833	6.972	16833	9861	2	0	0	9857	0	2	9861
5	2	G	40000	4	99.996	99.0765	99996	1063	40	0	0	371	339	313	783
5	2	A	40000	17	99.983	99.781	99983	202	0	0	0	1	1	200	17
5	2	B	40000	767	99.233	98.372	99233	861	40	0	0	370	338	113	766
5	2	cSpy was 14 spamed and the readout avoided!
5	3	G	40000	95380	4.62	0.107	4620	8766	0	0	0	8533	232	1	8768
5	3	A	40000	95390	4.61	0.107	4610	4503	0	0	0	4281	221	1	4504
5	3	B	40000	95630	4.37	0.107	4370	4263	0	0	0	4252	11	0	4264
5	4	G	40000	100000	0	0	0	0	0	0	0	0	0	0	2
5	4	A	40000	100000	0	0	0	0	0	0	0	0	0	0	1
5	4	B	40000	100000	0	0	0	0	0	0	0	0	0	0	1
5	5	G	40000	98450	1.55	0.1445	1550	2715	0	0	0	2715	0	0	2717
5	5	A	40000	98481	1.519	0.163	1519	1356	0	0	0	1356	0	0	1357
5	5	B	40000	98515	1.485	0.126	1485	1359	0	0	0	1359	0	0	1360
5	6	G	40000	6	99.994	97.7845	99994	2315	207	0	0	1235	719	154	2109
5	6	A	40000	19	99.981	99.918	99981	63	0	0	0	3	2	58	19
5	6	B	40000	2097	97.903	95.651	97903	2252	207	0	0	1232	717	96	2090
5	6	cSpy was 38 spamed and the readout avoided!
5	7	G	40000	19437	80.563	30.163	80563	65084	0	0	0	57477	7405	202	64995
5	7	A	40000	35412	64.588	33.588	64588	31000	0	0	0	26542	4257	201	30912
5	7	B	40000	39178	60.822	26.738	60822	34084	0	0	0	30935	3148	1	34083
5	7	cSpy was 7 spamed and the readout avoided!
6	0	G	40000	413	99.587	96.997	99587	3305	388	1	0	1512	831	573	2696
6	0	A	40000	1022	98.978	97.55	98978	1428	177	1	0	277	518	455	1021
6	0	B	40000	1679	98.321	96.444	98321	1877	211	0	0	1235	313	118	1675
6	0	cSpy was 76 spamed and the readout avoided!
6	1	G	40000	6709	93.291	72.1265	93291	27448	42	6	0	24718	2135	547	27159
6	1	A	40000	13287	86.713	73.61	86713	13103	7	0	0	11567	1021	508	12845
6	1	B	40000	15012	84.988	70.643	84988	14345	35	6	0	13151	1114	39	14314
6	1	cSpy was 10 spamed and the readout avoided!
6	2	G	40000	100000	0	0	0	0	0	0	0	0	0	0	2
6	2	A	40000	100000	0	0	0	0	0	0	0	0	0	0	1
6	2	B	40000	100000	0	0	0	0	0	0	0	0	0	0	1
6	3	G	40000	100000	0	0	0	0	0	0	0	0	0	0	2
6	3	A	40000	100000	0	0	0	0	0	0	0	0	0	0	1
6	3	B	40000	100000	0	0	0	0	0	0	0	0	0	0	1
6	4	G	40000	22309	77.691	57.0385	77691	33916	779	0	0	32417	146	574	32880
6	4	A	40000	25724	74.276	57.315	74276	16961	375	0	0	16179	1	406	16273
6	4	B	40000	26283	73.717	56.762	73717	16955	404	0	0	16238	145	168	16607
6	4	cSpy was 8 spamed and the readout avoided!
6	5	G	40000	2119	97.881	90.0675	97881	10079	232	11	0	8508	530	799	9544
6	5	A	40000	4496	95.504	90.761	95504	4743	40	2	0	3796	253	653	4396
6	5	B	40000	5290	94.71	89.374	94710	5336	192	9	0	4712	277	146	5148
6	5	cSpy was 58 spamed and the readout avoided!
6	6	G	40000	100000	0	0	0	0	0	0	0	0	0	0	2
6	6	A	40000	100000	0	0	0	0	0	0	0	0	0	0	1
6	6	B	40000	100000	0	0	0	0	0	0	0	0	0	0	1
6	7	G	40000	100000	0	0	0	0	0	0	0	0	0	0	2
6	7	A	40000	100000	0	0	0	0	0	0	0	0	0	0	1
6	7	B	40000	100000	0	0	0	0	0	0	0	0	0	0	1
7	0	G	40000	2142	97.858	47.8295	97858	3467	203	0	0	2639	79	546	2987
7	0	A	40000	2157	97.843	95.239	97843	2604	203	0	0	1776	79	546	2123
7	0	B	40000	98717	1.283	0.42	1283	863	0	0	0	863	0	0	864
7	0	cSpy was 2 spamed and the readout avoided!
7	1	G	40000	100000	0	0	0	0	0	0	0	0	0	0	2
7	1	A	40000	100000	0	0	0	0	0	0	0	0	0	0	1
7	1	B	40000	100000	0	0	0	0	0	0	0	0	0	0	1
7	2	G	40000	98997	1.003	0.109	1003	1621	0	1	0	1614	4	2	1623
7	2	A	40000	99073	0.927001	0.122	927	805	0	1	0	801	1	2	806
7	2	B	40000	99088	0.911999	0.096	912	816	0	0	0	813	3	0	817
7	3	G	40000	6736	93.264	79.5215	93264	18056	91	1	0	16627	939	398	17760
7	3	A	40000	10514	89.486	81.181	89486	8305	23	1	0	7698	297	286	8128
7	3	B	40000	12387	87.613	77.862	87613	9751	68	0	0	8929	642	112	9632
7	3	cSpy was 79 spamed and the readout avoided!
7	4	G	40000	61207	38.793	9.1505	38793	45755	1	0	0	41293	4368	93	45729
7	4	A	40000	66060	33.94	9.339	33940	24601	1	0	0	21081	3427	92	24576
7	4	B	40000	69884	30.116	8.962	30116	21154	0	0	0	20212	941	1	21153
7	5	G	40000	100000	0	0	0	0	0	0	0	0	0	0	2
7	5	A	40000	100000	0	0	0	0	0	0	0	0	0	0	1
7	5	B	40000	100000	0	0	0	0	0	0	0	0	0	0	1
7	6	G	40000	99173	0.827003	0.223	827	859	1	0	0	854	3	1	861
7	6	A	40000	99327	0.673002	0.245	673	428	1	0	0	423	3	1	429
7	6	B	40000	99368	0.632	0.201	632	431	0	0	0	431	0	0	432
7	7	G	40000	61690	38.31	14.647	38310	33272	54	108	0	32525	458	127	33180
7	7	A	40000	67709	32.291	15.295	32291	16996	54	108	0	16528	179	127	16904
7	7	B	40000	69725	30.275	13.999	30275	16276	0	0	0	15997	279	0	16276
7	7	cSpy was 8 spamed and the readout avoided!
