#the gain was set to: 2	the bias was set to: 30
#Sent triggers per delay setting: 100000	and with a frequency [Hz] of: 40000
#160MHz delay setting	400MHz delay setting	Frequency	correct transmitted H+T		error rate [%]	uncertainty [%]	bad or missed events	error count	missing headers	missing trailers	flipped H/T	event nr errors	tbm missed trigger	unknown errors	event nr resets
0	0	G	40000	428	99.572	72.5335	99572	18885	116	0	0	17852	296	621	18354
0	0	A	40000	612	99.388	98.256	99388	1132	96	0	0	166	258	612	612
0	0	B	40000	35436	64.564	46.811	64564	17753	20	0	0	17686	38	9	17742
0	0	cSpy was 26 spamed and the readout avoided!
0	1	G	40000	29558	70.442	48.2645	70442	28752	139	0	0	28014	83	516	28590
0	1	A	40000	39827	60.173	47.573	60173	12600	74	0	0	12030	39	457	12479
0	1	B	40000	34892	65.108	48.956	65108	16152	65	0	0	15984	44	59	16111
0	2	G	40000	3217	96.783	84.3025	96783	15234	99	0	0	12249	2492	394	14943
0	2	A	40000	7469	92.531	85.535	92531	6996	66	0	0	5159	1485	286	6797
0	2	B	40000	8692	91.308	83.07	91308	8238	33	0	0	7090	1007	108	8146
0	2	cSpy was 4 spamed and the readout avoided!
0	3	G	40000	92914	7.086	1.2835	7086	5938	0	0	0	5407	530	1	5940
0	3	A	40000	96503	3.497	0.534	3497	2963	0	0	0	2696	266	1	2964
0	3	B	40000	94992	5.008	2.033	5008	2975	0	0	0	2711	264	0	2976
0	4	G	40000	100000	0	0	0	0	0	0	0	0	0	0	2
0	4	A	40000	100000	0	0	0	0	0	0	0	0	0	0	1
0	4	B	40000	100000	0	0	0	0	0	0	0	0	0	0	1
0	5	G	40000	56948	43.052	22.9675	43052	27974	5	0	0	27660	91	218	27929
0	5	A	40000	64387	35.613	22.547	35613	13066	3	0	0	12803	43	217	13020
0	5	B	40000	61704	38.296	23.388	38296	14908	2	0	0	14857	48	1	14909
0	6	G	40000	1636	98.364	92.218	98364	7861	348	16	0	5823	1386	288	7465
0	6	A	40000	4103	95.897	91.781	95897	4116	130	0	0	2918	881	187	3918
0	6	B	40000	3600	96.4	92.655	96400	3745	218	16	0	2905	505	101	3547
0	6	cSpy was 40 spamed and the readout avoided!
0	7	G	40000	77341	22.659	19.8125	22659	4716	99	1	0	4160	351	105	4580
0	7	A	40000	78064	21.936	19.405	21936	2531	36	0	0	2170	291	34	2480
0	7	B	40000	77595	22.405	20.22	22405	2185	63	1	0	1990	60	71	2100
0	7	cSpy was 19 spamed and the readout avoided!
1	0	G	40000	0	100	100	100000	200000	200000	200000	200000	200000	200000	200000	200002
1	0	A	40000	0	100	100	100000	100000	100000	100000	100000	100000	100000	100000	100001
1	0	B	40000	0	100	100	100000	100000	100000	100000	100000	100000	100000	100000	100001
1	1	G	40000	96454	3.546	0.5845	3546	4975	0	0	0	4866	109	0	4977
1	1	A	40000	97070	2.93	0.459	2930	2471	0	0	0	2427	44	0	2472
1	1	B	40000	96786	3.214	0.71	3214	2504	0	0	0	2439	65	0	2505
1	2	G	40000	100000	0	0	0	0	0	0	0	0	0	0	2
1	2	A	40000	100000	0	0	0	0	0	0	0	0	0	0	1
1	2	B	40000	100000	0	0	0	0	0	0	0	0	0	0	1
1	3	G	40000	98168	1.832	0.232	1832	2909	0	0	0	2906	3	0	2911
1	3	A	40000	98371	1.629	0.194	1629	1435	0	0	0	1434	1	0	1436
1	3	B	40000	98256	1.744	0.27	1744	1474	0	0	0	1472	2	0	1475
1	4	G	40000	543	99.457	96.7375	99457	3414	177	1	0	1196	1736	304	3091
1	4	A	40000	2016	97.984	95.85	97984	2134	84	0	0	599	1339	112	1996
1	4	B	40000	1095	98.905	97.625	98905	1280	93	1	0	597	397	192	1095
1	4	cSpy was 14 spamed and the readout avoided!
1	5	G	40000	39237	60.763	15.4005	60763	46418	0	0	0	40669	5745	4	46415
1	5	A	40000	69210	30.79	4.349	30790	26441	0	0	0	22608	3829	4	26438
1	5	B	40000	53571	46.429	26.452	46429	19977	0	0	0	18061	1916	0	19977
1	6	G	40000	100000	0	0	0	0	0	0	0	0	0	0	2
1	6	A	40000	100000	0	0	0	0	0	0	0	0	0	0	1
1	6	B	40000	100000	0	0	0	0	0	0	0	0	0	0	1
1	7	G	40000	98296	1.704	0.5195	1704	1702	0	0	0	1697	2	3	1703
1	7	A	40000	98686	1.314	0.479	1314	835	0	0	0	830	2	3	835
1	7	B	40000	98573	1.427	0.56	1427	867	0	0	0	867	0	0	868
2	0	G	40000	2373	97.627	48.4185	97627	4228	39	0	0	3997	122	70	4150
2	0	A	40000	2407	97.593	95.142	97593	2451	39	0	0	2220	122	70	2372
2	0	B	40000	96528	3.472	1.695	3472	1777	0	0	0	1777	0	0	1778
2	1	G	40000	100000	0	0	0	0	0	0	0	0	0	0	2
2	1	A	40000	100000	0	0	0	0	0	0	0	0	0	0	1
2	1	B	40000	100000	0	0	0	0	0	0	0	0	0	0	1
2	2	G	40000	30106	69.894	45.461	69894	29230	503	4	0	26691	1438	594	28756
2	2	A	40000	43401	56.599	42.981	56599	13618	259	1	0	11552	1393	413	13337
2	2	B	40000	36447	63.553	47.941	63553	15612	244	3	0	15139	45	181	15419
2	3	G	40000	5052	94.948	73.8505	94948	25340	84	4	0	21504	3618	130	25216
2	3	A	40000	17072	82.928	66.863	82928	16065	6	0	0	13410	2560	89	16006
2	3	B	40000	9887	90.113	80.838	90113	9275	78	4	0	8094	1058	41	9210
2	3	cSpy was 8 spamed and the readout avoided!
2	4	G	40000	100000	0	0	0	0	0	0	0	0	0	0	2
2	4	A	40000	100000	0	0	0	0	0	0	0	0	0	0	1
2	4	B	40000	100000	0	0	0	0	0	0	0	0	0	0	1
2	5	G	40000	100000	0	0	0	0	0	0	0	0	0	0	2
2	5	A	40000	100000	0	0	0	0	0	0	0	0	0	0	1
2	5	B	40000	100000	0	0	0	0	0	0	0	0	0	0	1
2	6	G	40000	34856	65.144	36.1245	65144	33743	35	0	0	31966	1452	290	33691
2	6	A	40000	50461	49.539	33.407	49539	16132	22	0	0	14523	1307	280	16088
2	6	B	40000	43547	56.453	38.842	56453	17611	13	0	0	17443	145	10	17603
2	7	G	40000	0	100	100	100000	200000	200000	200000	200000	200000	200000	200000	200002
2	7	A	40000	0	100	100	100000	100000	100000	100000	100000	100000	100000	100000	100001
2	7	B	40000	0	100	100	100000	100000	100000	100000	100000	100000	100000	100000	100001
3	0	G	40000	1060	98.94	68.4675	98940	21012	235	2	0	19710	429	636	20469
3	0	A	40000	1633	98.367	96.227	98367	2140	200	0	0	1290	23	627	1616
3	0	B	40000	40420	59.58	40.708	59580	18872	35	2	0	18420	406	9	18853
3	0	cSpy was 9 spamed and the readout avoided!
3	1	G	40000	0	100	100	100000	200000	200000	200000	200000	200000	200000	200000	200002
3	1	A	40000	0	100	100	100000	100000	100000	100000	100000	100000	100000	100000	100001
3	1	B	40000	0	100	100	100000	100000	100000	100000	100000	100000	100000	100000	100001
3	2	G	40000	98295	1.705	0.027	1705	3354	0	0	0	3353	1	0	3356
3	2	A	40000	98295	1.705	0.027	1705	1678	0	0	0	1677	1	0	1679
3	2	B	40000	98297	1.703	0.027	1703	1676	0	0	0	1676	0	0	1677
3	3	G	40000	100000	0	0	0	0	0	0	0	0	0	0	2
3	3	A	40000	100000	0	0	0	0	0	0	0	0	0	0	1
3	3	B	40000	100000	0	0	0	0	0	0	0	0	0	0	1
3	4	G	40000	95060	4.94	0.596	4940	8256	0	0	0	8252	4	0	8258
3	4	A	40000	95313	4.687	0.55	4687	4137	0	0	0	4134	3	0	4138
3	4	B	40000	95239	4.761	0.642	4761	4119	0	0	0	4118	1	0	4120
3	5	G	40000	0	100	100	100000	200000	200000	200000	200000	200000	200000	200000	200002
3	5	A	40000	0	100	100	100000	100000	100000	100000	100000	100000	100000	100000	100001
3	5	B	40000	0	100	100	100000	100000	100000	100000	100000	100000	100000	100000	100001
3	6	G	40000	50264	49.736	12.1755	49736	51127	8	6	0	47055	4027	31	51116
3	6	A	40000	62026	37.974	11.901	37974	26073	6	1	0	22690	3350	26	26066
3	6	B	40000	62496	37.504	12.45	37504	25054	2	5	0	24365	677	5	25050
3	6	cSpy was 7 spamed and the readout avoided!
3	7	G	40000	100000	0	0	0	0	0	0	0	0	0	0	2
3	7	A	40000	100000	0	0	0	0	0	0	0	0	0	0	1
3	7	B	40000	100000	0	0	0	0	0	0	0	0	0	0	1
4	0	G	40000	1157	98.843	68.5935	98843	28075	162	0	0	25295	2439	179	27857
4	0	A	40000	2011	97.989	95.81	97989	2179	92	0	0	1409	524	154	2002
4	0	B	40000	32727	67.273	41.377	67273	25896	70	0	0	23886	1915	25	25855
4	0	cSpy was 4 spamed and the readout avoided!
4	1	G	40000	100000	0	0	0	0	0	0	0	0	0	0	2
4	1	A	40000	100000	0	0	0	0	0	0	0	0	0	0	1
4	1	B	40000	100000	0	0	0	0	0	0	0	0	0	0	1
4	2	G	40000	97836	2.164	0.695	2164	2295	0	0	0	2292	0	3	2297
4	2	A	40000	98156	1.844	0.721	1844	1123	0	0	0	1120	0	3	1124
4	2	B	40000	98159	1.841	0.669	1841	1172	0	0	0	1172	0	0	1173
4	3	G	40000	20530	79.47	58.603	79470	34327	810	0	0	32754	165	598	33245
4	3	A	40000	23947	76.053	58.871	76053	17182	391	0	0	16369	0	422	16458
4	3	B	40000	24520	75.48	58.335	75480	17145	419	0	0	16385	165	176	16787
4	3	cSpy was 8 spamed and the readout avoided!
4	4	G	40000	2995	97.005	87.6875	97005	12467	369	23	3	10225	1187	662	11826
4	4	A	40000	5731	94.269	88.27	94269	5999	174	13	1	4874	467	471	5595
4	4	B	40000	6427	93.573	87.105	93573	6468	195	10	2	5351	720	191	6231
4	4	cSpy was 61 spamed and the readout avoided!
4	5	G	40000	100000	0	0	0	0	0	0	0	0	0	0	2
4	5	A	40000	100000	0	0	0	0	0	0	0	0	0	0	1
4	5	B	40000	100000	0	0	0	0	0	0	0	0	0	0	1
4	6	G	40000	99979	0.0209987	0	21	42	0	0	0	42	0	0	44
4	6	A	40000	99979	0.0209987	0	21	21	0	0	0	21	0	0	22
4	6	B	40000	99979	0.0209987	0	21	21	0	0	0	21	0	0	22
4	7	G	40000	60715	39.285	19.072	39285	31716	24	0	0	31634	6	52	31690
4	7	A	40000	65070	34.93	19.271	34930	15659	11	0	0	15594	6	48	15638
4	7	B	40000	65070	34.93	18.873	34930	16057	13	0	0	16040	0	4	16052
4	7	cSpy was 2 spamed and the readout avoided!
5	0	G	40000	492	99.508	56.762	99508	14883	128	0	0	13806	115	834	14335
5	0	A	40000	602	99.398	98.247	99398	1151	128	0	0	86	106	831	602
5	0	B	40000	70991	29.009	15.277	29009	13732	0	0	0	13720	9	3	13733
5	0	cSpy was 63 spamed and the readout avoided!
5	1	G	40000	76387	23.613	8.8505	23613	23321	6	0	0	23287	2	26	23317
5	1	A	40000	79416	20.584	9.081	20584	11503	3	0	0	11472	2	26	11498
5	1	B	40000	79562	20.438	8.62	20438	11818	3	0	0	11815	0	0	11819
5	1	cSpy was 1 spamed and the readout avoided!
5	2	G	40000	0	100	100	100000	200000	200000	200000	200000	200000	200000	200000	200002
5	2	A	40000	0	100	100	100000	100000	100000	100000	100000	100000	100000	100000	100001
5	2	B	40000	0	100	100	100000	100000	100000	100000	100000	100000	100000	100000	100001
5	3	G	40000	96261	3.739	0.048	3739	7239	0	0	0	7117	122	0	7241
5	3	A	40000	96270	3.73	0.048	3730	3682	0	0	0	3569	113	0	3683
5	3	B	40000	96395	3.605	0.048	3605	3557	0	0	0	3548	9	0	3558
5	4	G	40000	100000	0	0	0	0	0	0	0	0	0	0	2
5	4	A	40000	100000	0	0	0	0	0	0	0	0	0	0	1
5	4	B	40000	100000	0	0	0	0	0	0	0	0	0	0	1
5	5	G	40000	96871	3.129	0.3835	3129	5186	0	0	0	5186	0	0	5188
5	5	A	40000	96988	3.012	0.425	3012	2587	0	0	0	2587	0	0	2588
5	5	B	40000	97059	2.941	0.342	2941	2599	0	0	0	2599	0	0	2600
5	6	G	40000	11	99.989	97.7025	99989	2398	211	1	0	1341	704	141	2186
5	6	A	40000	27	99.973	99.895	99973	78	0	0	0	7	3	68	27
5	6	B	40000	2170	97.83	95.51	97830	2320	211	1	0	1334	701	73	2159
5	6	cSpy was 55 spamed and the readout avoided!
5	7	G	40000	19884	80.116	31.326	80116	63173	0	0	0	55742	7264	167	63094
5	7	A	40000	35428	64.572	34.413	64572	30159	0	0	0	25823	4172	164	30082
5	7	B	40000	38747	61.253	28.239	61253	33014	0	0	0	29919	3092	3	33012
5	7	cSpy was 6 spamed and the readout avoided!
6	0	G	40000	449	99.551	96.792	99551	3483	354	0	0	1684	882	563	2924
6	0	A	40000	1063	98.937	97.468	98937	1469	187	0	0	247	561	474	1063
6	0	B	40000	1870	98.13	96.116	98130	2014	167	0	0	1437	321	89	1861
6	0	cSpy was 62 spamed and the readout avoided!
6	1	G	40000	7387	92.613	68.5475	92613	30900	34	0	0	27782	2614	470	30648
6	1	A	40000	15078	84.922	70.144	84922	14778	2	0	0	13079	1245	452	14547
6	1	B	40000	16927	83.073	66.951	83073	16122	32	0	0	14703	1369	18	16101
6	1	cSpy was 6 spamed and the readout avoided!
6	2	G	40000	100000	0	0	0	0	0	0	0	0	0	0	2
6	2	A	40000	100000	0	0	0	0	0	0	0	0	0	0	1
6	2	B	40000	100000	0	0	0	0	0	0	0	0	0	0	1
6	3	G	40000	100000	0	0	0	0	0	0	0	0	0	0	2
6	3	A	40000	100000	0	0	0	0	0	0	0	0	0	0	1
6	3	B	40000	100000	0	0	0	0	0	0	0	0	0	0	1
6	4	G	40000	20501	79.499	58.3635	79499	34458	757	0	0	32993	149	559	33452
6	4	A	40000	24132	75.868	58.625	75868	17243	364	0	0	16480	0	399	16567
6	4	B	40000	24683	75.317	58.102	75317	17215	393	0	0	16513	149	160	16885
6	4	cSpy was 7 spamed and the readout avoided!
6	5	G	40000	2358	97.642	88.5995	97642	11492	207	8	0	9888	658	731	10987
6	5	A	40000	5200	94.8	89.393	94800	5407	28	3	0	4479	270	627	5072
6	5	B	40000	6109	93.891	87.806	93891	6085	179	5	0	5409	388	104	5915
6	5	cSpy was 79 spamed and the readout avoided!
6	6	G	40000	100000	0	0	0	0	0	0	0	0	0	0	2
6	6	A	40000	100000	0	0	0	0	0	0	0	0	0	0	1
6	6	B	40000	100000	0	0	0	0	0	0	0	0	0	0	1
6	7	G	40000	100000	0	0	0	0	0	0	0	0	0	0	2
6	7	A	40000	100000	0	0	0	0	0	0	0	0	0	0	1
6	7	B	40000	100000	0	0	0	0	0	0	0	0	0	0	1
7	0	G	40000	1933	98.067	48.075	98067	3491	207	0	0	2652	68	564	2988
7	0	A	40000	1962	98.038	95.589	98038	2449	207	0	0	1610	68	564	1945
7	0	B	40000	98397	1.603	0.561	1603	1042	0	0	0	1042	0	0	1043
7	0	cSpy was 1 spamed and the readout avoided!
7	1	G	40000	100000	0	0	0	0	0	0	0	0	0	0	2
7	1	A	40000	100000	0	0	0	0	0	0	0	0	0	0	1
7	1	B	40000	100000	0	0	0	0	0	0	0	0	0	0	1
7	2	G	40000	98135	1.865	0.1815	1865	3133	0	1	0	3114	17	1	3135
7	2	A	40000	98228	1.772	0.206	1772	1566	0	1	0	1554	10	1	1567
7	2	B	40000	98276	1.724	0.157	1724	1567	0	0	0	1560	7	0	1568
7	3	G	40000	2833	97.167	88.31	97167	11220	137	7	0	9906	713	457	10846
7	3	A	40000	4942	95.058	90.438	95058	4620	46	3	0	4127	142	302	4382
7	3	B	40000	7218	92.782	86.182	92782	6600	91	4	0	5779	571	155	6464
7	3	cSpy was 76 spamed and the readout avoided!
7	4	G	40000	69462	30.538	7.1375	30538	38181	0	0	0	34607	3504	70	38167
7	4	A	40000	71948	28.052	7.215	28052	20837	0	0	0	17895	2873	69	20822
7	4	B	40000	75596	24.404	7.06	24404	17344	0	0	0	16712	631	1	17345
7	5	G	40000	100000	0	0	0	0	0	0	0	0	0	0	2
7	5	A	40000	100000	0	0	0	0	0	0	0	0	0	0	1
7	5	B	40000	100000	0	0	0	0	0	0	0	0	0	0	1
7	6	G	40000	98526	1.474	0.4305	1474	1391	1	3	0	1377	9	1	1393
7	6	A	40000	98831	1.169	0.475	1169	694	1	3	0	684	5	1	695
7	6	B	40000	98917	1.083	0.386	1083	697	0	0	0	693	4	0	698
7	6	cSpy was 1 spamed and the readout avoided!
7	7	G	40000	57368	42.632	16.313	42632	38706	41	47	0	37736	666	216	38582
7	7	A	40000	63460	36.54	16.815	36540	19725	41	47	0	19153	268	216	19600
7	7	B	40000	65208	34.792	15.811	34792	18981	0	0	0	18583	398	0	18982
7	7	cSpy was 8 spamed and the readout avoided!
