#the gain was set to: 2	the bias was set to: 30
#Sent triggers per delay setting: 100000	and with a frequency [Hz] of: 40000
#160MHz delay setting	400MHz delay setting	Frequency	correct transmitted H+T		error rate [%]	uncertainty [%]	bad or missed events	error count	missing headers	missing trailers	flipped H/T	event nr errors	tbm missed trigger	unknown errors	event nr resets
0	0	G	40000	435	99.565	72.135	99565	19088	110	0	0	18023	306	649	18544
0	0	A	40000	650	99.35	98.174	99350	1176	93	0	0	181	269	633	650
0	0	B	40000	35992	64.008	46.096	64008	17912	17	0	0	17842	37	16	17894
0	0	cSpy was 29 spamed and the readout avoided!
0	1	G	40000	29645	70.355	50.965	70355	25662	231	0	0	24552	356	523	25480
0	1	A	40000	38615	61.385	50.387	61385	10998	128	0	0	10430	3	437	10862
0	1	B	40000	33793	66.207	51.543	66207	14664	103	0	0	14122	353	86	14618
0	2	G	40000	2838	97.162	86.329	97162	13101	307	6	0	10048	2341	399	12692
0	2	A	40000	7262	92.738	86.172	92738	6566	128	0	0	4579	1591	268	6323
0	2	B	40000	6979	93.021	86.486	93021	6535	179	6	0	5469	750	131	6369
0	2	cSpy was 28 spamed and the readout avoided!
0	3	G	40000	100000	0	0	0	0	0	0	0	0	0	0	2
0	3	A	40000	100000	0	0	0	0	0	0	0	0	0	0	1
0	3	B	40000	100000	0	0	0	0	0	0	0	0	0	0	1
0	4	G	40000	100000	0	0	0	0	0	0	0	0	0	0	2
0	4	A	40000	100000	0	0	0	0	0	0	0	0	0	0	1
0	4	B	40000	100000	0	0	0	0	0	0	0	0	0	0	1
0	5	G	40000	64700	35.3	20.3405	35300	21718	4	0	0	21482	57	175	21698
0	5	A	40000	70064	29.936	20.067	29936	9869	3	0	0	9667	25	174	9849
0	5	B	40000	67537	32.463	20.614	32463	11849	1	0	0	11815	32	1	11849
0	6	G	40000	0	100	100	100000	200000	200000	200000	200000	200000	200000	200000	200002
0	6	A	40000	0	100	100	100000	100000	100000	100000	100000	100000	100000	100000	100001
0	6	B	40000	0	100	100	100000	100000	100000	100000	100000	100000	100000	100000	100001
0	7	G	40000	97886	2.114	0.1775	2114	3663	0	0	0	3625	37	1	3665
0	7	A	40000	98031	1.969	0.143	1969	1826	0	0	0	1811	14	1	1827
0	7	B	40000	97951	2.049	0.212	2049	1837	0	0	0	1814	23	0	1838
1	0	G	40000	247	99.753	98.0965	99753	2132	165	0	0	1245	215	507	1672
1	0	A	40000	938	99.062	97.726	99062	1336	146	0	0	611	132	447	935
1	0	B	40000	737	99.263	98.467	99263	796	19	0	0	634	83	60	737
1	0	cSpy was 34 spamed and the readout avoided!
1	1	G	40000	96932	3.068	0.5105	3068	4539	0	0	0	4471	68	0	4541
1	1	A	40000	97297	2.703	0.442	2703	2261	0	0	0	2233	28	0	2262
1	1	B	40000	97143	2.857	0.579	2857	2278	0	0	0	2238	40	0	2279
1	2	G	40000	100000	0	0	0	0	0	0	0	0	0	0	2
1	2	A	40000	100000	0	0	0	0	0	0	0	0	0	0	1
1	2	B	40000	100000	0	0	0	0	0	0	0	0	0	0	1
1	3	G	40000	97528	2.472	0.364	2472	3805	0	0	0	3800	3	2	3807
1	3	A	40000	97817	2.183	0.316	2183	1867	0	0	0	1865	0	2	1868
1	3	B	40000	97650	2.35	0.412	2350	1938	0	0	0	1935	3	0	1939
1	4	G	40000	415	99.585	97.3205	99585	2817	165	0	0	1186	1196	270	2523
1	4	A	40000	1463	98.537	96.956	98537	1581	70	0	0	546	861	104	1445
1	4	B	40000	1079	98.921	97.685	98921	1236	95	0	0	640	335	166	1078
1	4	cSpy was 15 spamed and the readout avoided!
1	5	G	40000	33213	66.787	20.8585	66787	49065	3	0	0	42488	6559	15	49055
1	5	A	40000	62788	37.212	7.393	37212	29819	0	0	0	24847	4961	11	29812
1	5	B	40000	46430	53.57	34.324	53570	19246	3	0	0	17641	1598	4	19243
1	6	G	40000	100000	0	0	0	0	0	0	0	0	0	0	2
1	6	A	40000	100000	0	0	0	0	0	0	0	0	0	0	1
1	6	B	40000	100000	0	0	0	0	0	0	0	0	0	0	1
1	7	G	40000	97513	2.487	0.768	2487	2365	0	0	0	2344	17	4	2367
1	7	A	40000	98160	1.84	0.689	1840	1151	0	0	0	1133	14	4	1152
1	7	B	40000	97939	2.061	0.847	2061	1214	0	0	0	1211	3	0	1215
2	0	G	40000	2345	97.655	48.363	97655	4070	45	0	0	3837	116	72	3992
2	0	A	40000	2384	97.616	95.185	97616	2431	45	0	0	2198	116	72	2352
2	0	B	40000	96820	3.18	1.541	3180	1639	0	0	0	1639	0	0	1640
2	1	G	40000	100000	0	0	0	0	0	0	0	0	0	0	2
2	1	A	40000	100000	0	0	0	0	0	0	0	0	0	0	1
2	1	B	40000	100000	0	0	0	0	0	0	0	0	0	0	1
2	2	G	40000	30735	69.265	46.241	69265	27824	668	4	0	25096	1379	677	27161
2	2	A	40000	43196	56.804	43.875	56804	12929	334	2	0	10815	1337	441	12566
2	2	B	40000	36498	63.502	48.607	63502	14895	334	2	0	14281	42	236	14595
2	3	G	40000	4930	95.07	73.975	95070	25272	54	2	0	21266	3815	135	25189
2	3	A	40000	16987	83.013	67.054	83013	15959	5	0	0	13074	2767	113	15906
2	3	B	40000	9791	90.209	80.896	90209	9313	49	2	0	8192	1048	22	9283
2	3	cSpy was 9 spamed and the readout avoided!
2	4	G	40000	100000	0	0	0	0	0	0	0	0	0	0	2
2	4	A	40000	100000	0	0	0	0	0	0	0	0	0	0	1
2	4	B	40000	100000	0	0	0	0	0	0	0	0	0	0	1
2	5	G	40000	100000	0	0	0	0	0	0	0	0	0	0	2
2	5	A	40000	100000	0	0	0	0	0	0	0	0	0	0	1
2	5	B	40000	100000	0	0	0	0	0	0	0	0	0	0	1
2	6	G	40000	30238	69.762	42.1735	69762	31798	50	0	0	29879	1515	354	31737
2	6	A	40000	45637	54.363	39.325	54363	15038	30	0	0	13241	1422	345	14990
2	6	B	40000	38218	61.782	45.022	61782	16760	20	0	0	16638	93	9	16747
2	7	G	40000	0	100	100	100000	200000	200000	200000	200000	200000	200000	200000	200002
2	7	A	40000	0	100	100	100000	100000	100000	100000	100000	100000	100000	100000	100001
2	7	B	40000	0	100	100	100000	100000	100000	100000	100000	100000	100000	100000	100001
3	0	G	40000	899	99.101	74.14	99101	20167	277	4	0	18834	425	627	19596
3	0	A	40000	1460	98.54	96.569	98540	1971	201	0	0	1144	21	605	1443
3	0	B	40000	30093	69.907	51.711	69907	18196	76	4	0	17690	404	22	18153
3	0	cSpy was 17 spamed and the readout avoided!
3	1	G	40000	0	100	100	100000	200000	200000	200000	200000	200000	200000	200000	200002
3	1	A	40000	0	100	100	100000	100000	100000	100000	100000	100000	100000	100000	100001
3	1	B	40000	0	100	100	100000	100000	100000	100000	100000	100000	100000	100000	100001
3	2	G	40000	98840	1.16	0.012	1160	2295	0	0	0	2295	0	0	2297
3	2	A	40000	98840	1.16	0.012	1160	1148	0	0	0	1148	0	0	1149
3	2	B	40000	98841	1.159	0.012	1159	1147	0	0	0	1147	0	0	1148
3	3	G	40000	100000	0	0	0	0	0	0	0	0	0	0	2
3	3	A	40000	100000	0	0	0	0	0	0	0	0	0	0	1
3	3	B	40000	100000	0	0	0	0	0	0	0	0	0	0	1
3	4	G	40000	97756	2.244	0.231	2244	3939	0	0	0	3938	1	0	3941
3	4	A	40000	97813	2.187	0.217	2187	1970	0	0	0	1969	1	0	1971
3	4	B	40000	97786	2.214	0.245	2214	1969	0	0	0	1969	0	0	1970
3	5	G	40000	0	100	100	100000	200000	200000	200000	200000	200000	200000	200000	200002
3	5	A	40000	0	100	100	100000	100000	100000	100000	100000	100000	100000	100000	100001
3	5	B	40000	0	100	100	100000	100000	100000	100000	100000	100000	100000	100000	100001
3	6	G	40000	57933	42.067	10.7115	42067	45649	9	8	0	42282	3327	23	45645
3	6	A	40000	65792	34.208	10.489	34208	23719	6	0	0	20732	2962	19	23718
3	6	B	40000	67136	32.864	10.934	32864	21930	3	8	0	21550	365	4	21927
3	6	cSpy was 6 spamed and the readout avoided!
3	7	G	40000	100000	0	0	0	0	0	0	0	0	0	0	2
3	7	A	40000	100000	0	0	0	0	0	0	0	0	0	0	1
3	7	B	40000	100000	0	0	0	0	0	0	0	0	0	0	1
4	0	G	40000	1088	98.912	73.698	98912	21235	269	4	0	18183	2352	428	20782
4	0	A	40000	1997	98.003	95.629	98003	2374	185	3	0	1138	661	388	1995
4	0	B	40000	29372	70.628	51.767	70628	18861	84	1	0	17045	1691	40	18787
4	0	cSpy was 39 spamed and the readout avoided!
4	1	G	40000	100000	0	0	0	0	0	0	0	0	0	0	2
4	1	A	40000	100000	0	0	0	0	0	0	0	0	0	0	1
4	1	B	40000	100000	0	0	0	0	0	0	0	0	0	0	1
4	2	G	40000	99091	0.909001	0.3545	909	829	0	0	0	827	1	1	830
4	2	A	40000	99229	0.770998	0.365	771	406	0	0	0	404	1	1	406
4	2	B	40000	99233	0.766999	0.344	767	423	0	0	0	423	0	0	424
4	3	G	40000	20388	79.612	58.661	79612	34272	811	0	0	32706	152	603	33183
4	3	A	40000	23915	76.085	58.93	76085	17155	392	0	0	16338	0	425	16433
4	3	B	40000	24491	75.509	58.392	75509	17117	419	0	0	16368	152	178	16750
4	3	cSpy was 8 spamed and the readout avoided!
4	4	G	40000	5220	94.78	80.025	94780	19548	219	22	1	17109	1635	563	19085
4	4	A	40000	9816	90.184	80.702	90184	9482	86	15	1	8137	836	408	9201
4	4	B	40000	10586	89.414	79.348	89414	10066	133	7	0	8972	799	155	9884
4	4	cSpy was 81 spamed and the readout avoided!
4	5	G	40000	100000	0	0	0	0	0	0	0	0	0	0	2
4	5	A	40000	100000	0	0	0	0	0	0	0	0	0	0	1
4	5	B	40000	100000	0	0	0	0	0	0	0	0	0	0	1
4	6	G	40000	100000	0	0	0	0	0	0	0	0	0	0	2
4	6	A	40000	100000	0	0	0	0	0	0	0	0	0	0	1
4	6	B	40000	100000	0	0	0	0	0	0	0	0	0	0	1
4	7	G	40000	23917	76.083	52.7775	76083	36852	391	2	0	36100	21	338	36387
4	7	A	40000	28689	71.311	52.885	71311	18426	187	2	0	17990	4	243	18106
4	7	B	40000	28904	71.096	52.67	71096	18426	204	0	0	18110	17	95	18281
4	7	cSpy was 5 spamed and the readout avoided!
5	0	G	40000	494	99.506	57.2975	99506	15154	148	0	0	14049	121	836	14604
5	0	A	40000	611	99.389	98.228	99389	1161	148	0	0	76	102	835	610
5	0	B	40000	69640	30.36	16.367	30360	13993	0	0	0	13973	19	1	13994
5	0	cSpy was 63 spamed and the readout avoided!
5	1	G	40000	80191	19.809	6.6645	19809	21394	4	1	0	21371	4	14	21391
5	1	A	40000	82572	17.428	6.878	17428	10550	2	0	0	10531	4	13	10547
5	1	B	40000	82705	17.295	6.451	17295	10844	2	1	0	10840	0	1	10844
5	2	G	40000	68	99.932	98.765	99932	1544	62	0	0	618	146	718	925
5	2	A	40000	173	99.827	99.162	99827	665	15	0	0	64	9	577	173
5	2	B	40000	753	99.247	98.368	99247	879	47	0	0	554	137	141	752
5	2	cSpy was 81 spamed and the readout avoided!
5	3	G	40000	95871	4.129	0.066	4129	8009	0	0	0	7903	106	0	8011
5	3	A	40000	95874	4.126	0.066	4126	4060	0	0	0	3958	102	0	4061
5	3	B	40000	95985	4.015	0.066	4015	3949	0	0	0	3945	4	0	3950
5	4	G	40000	100000	0	0	0	0	0	0	0	0	0	0	2
5	4	A	40000	100000	0	0	0	0	0	0	0	0	0	0	1
5	4	B	40000	100000	0	0	0	0	0	0	0	0	0	0	1
5	5	G	40000	93659	6.341	2.614	6341	6582	12	0	0	6557	0	13	6568
5	5	A	40000	94060	5.94	2.663	5940	3277	6	0	0	3261	0	10	3267
5	5	B	40000	94130	5.87	2.565	5870	3305	6	0	0	3296	0	3	3301
5	6	G	40000	0	100	100	100000	200000	200000	200000	200000	200000	200000	200000	200002
5	6	A	40000	0	100	100	100000	100000	100000	100000	100000	100000	100000	100000	100001
5	6	B	40000	0	100	100	100000	100000	100000	100000	100000	100000	100000	100000	100001
5	7	G	40000	20806	79.194	30.091	79194	63490	0	1	0	55823	7485	181	63403
5	7	A	40000	36618	63.382	32.998	63382	30384	0	1	0	25831	4373	179	30298
5	7	B	40000	39710	60.29	27.184	60290	33106	0	0	0	29992	3112	2	33105
5	7	cSpy was 3 spamed and the readout avoided!
6	0	G	40000	423	99.577	96.9635	99577	3304	347	3	0	1601	833	520	2762
6	0	A	40000	995	99.005	97.598	99005	1407	186	1	0	254	524	442	995
6	0	B	40000	1774	98.226	96.329	98226	1897	161	2	0	1347	309	78	1767
6	0	cSpy was 85 spamed and the readout avoided!
6	1	G	40000	0	100	100	100000	200000	200000	200000	200000	200000	200000	200000	200002
6	1	A	40000	0	100	100	100000	100000	100000	100000	100000	100000	100000	100000	100001
6	1	B	40000	0	100	100	100000	100000	100000	100000	100000	100000	100000	100000	100001
6	2	G	40000	100000	0	0	0	0	0	0	0	0	0	0	2
6	2	A	40000	100000	0	0	0	0	0	0	0	0	0	0	1
6	2	B	40000	100000	0	0	0	0	0	0	0	0	0	0	1
6	3	G	40000	99971	0.0289977	0	29	58	0	0	0	58	0	0	60
6	3	A	40000	99971	0.0289977	0	29	29	0	0	0	29	0	0	30
6	3	B	40000	99971	0.0289977	0	29	29	0	0	0	29	0	0	30
6	4	G	40000	24708	75.292	52.829	75292	35110	609	0	0	33876	122	503	34304
6	4	A	40000	29382	70.618	53.116	70618	17502	301	0	0	16824	4	373	16955
6	4	B	40000	29850	70.15	52.542	70150	17608	308	0	0	17052	118	130	17349
6	4	cSpy was 9 spamed and the readout avoided!
6	5	G	40000	596	99.404	96.5695	99404	3619	224	6	0	2701	127	561	3180
6	5	A	40000	1447	98.553	96.902	98553	1651	34	1	0	1134	60	422	1418
6	5	B	40000	1795	98.205	96.237	98205	1968	190	5	0	1567	67	139	1762
6	5	cSpy was 90 spamed and the readout avoided!
6	6	G	40000	100000	0	0	0	0	0	0	0	0	0	0	2
6	6	A	40000	100000	0	0	0	0	0	0	0	0	0	0	1
6	6	B	40000	100000	0	0	0	0	0	0	0	0	0	0	1
6	7	G	40000	100000	0	0	0	0	0	0	0	0	0	0	2
6	7	A	40000	100000	0	0	0	0	0	0	0	0	0	0	1
6	7	B	40000	100000	0	0	0	0	0	0	0	0	0	0	1
7	0	G	40000	1857	98.143	58.5385	98143	5674	264	4	0	4698	150	558	5133
7	0	A	40000	2080	97.92	95.364	97920	2556	215	0	0	1749	64	528	2064
7	0	B	40000	75169	24.831	21.713	24831	3118	49	4	0	2949	86	30	3069
7	0	cSpy was 20 spamed and the readout avoided!
7	1	G	40000	100000	0	0	0	0	0	0	0	0	0	0	2
7	1	A	40000	100000	0	0	0	0	0	0	0	0	0	0	1
7	1	B	40000	100000	0	0	0	0	0	0	0	0	0	0	1
7	2	G	40000	98424	1.576	0.1385	1576	2750	0	0	0	2730	20	0	2752
7	2	A	40000	98471	1.529	0.154	1529	1375	0	0	0	1360	15	0	1376
7	2	B	40000	98502	1.498	0.123	1498	1375	0	0	0	1370	5	0	1376
7	3	G	40000	0	100	100	100000	200000	200000	200000	200000	200000	200000	200000	200002
7	3	A	40000	0	100	100	100000	100000	100000	100000	100000	100000	100000	100000	100001
7	3	B	40000	0	100	100	100000	100000	100000	100000	100000	100000	100000	100000	100001
7	4	G	40000	56940	43.06	29.8465	43060	21962	16	0	0	19650	1989	307	21712
7	4	A	40000	57996	42.004	29.98	42004	12024	0	0	0	10125	1638	261	11813
7	4	B	40000	60349	39.651	29.713	39651	9938	16	0	0	9525	351	46	9899
7	4	cSpy was 12 spamed and the readout avoided!
7	5	G	40000	100000	0	0	0	0	0	0	0	0	0	0	2
7	5	A	40000	100000	0	0	0	0	0	0	0	0	0	0	1
7	5	B	40000	100000	0	0	0	0	0	0	0	0	0	0	1
7	6	G	40000	99982	0.0180006	0	18	36	0	0	0	36	0	0	38
7	6	A	40000	99982	0.0180006	0	18	18	0	0	0	18	0	0	19
7	6	B	40000	99982	0.0180006	0	18	18	0	0	0	18	0	0	19
7	7	G	40000	58792	41.208	15.78	41208	37602	28	48	0	36753	567	206	37484
7	7	A	40000	64562	35.438	16.279	35438	19159	27	48	0	18651	227	206	19041
7	7	B	40000	66276	33.724	15.281	33724	18443	1	0	0	18102	340	0	18443
7	7	cSpy was 8 spamed and the readout avoided!
