#the gain was set to: 2	the bias was set to: 30
#Sent triggers per delay setting: 100000	and with a frequency [Hz] of: 40000
#160MHz delay setting	400MHz delay setting	Frequency	correct transmitted H+T		error rate [%]	uncertainty [%]	bad or missed events	error count	missing headers	missing trailers	flipped H/T	event nr errors	tbm missed trigger	unknown errors	event nr resets
0	0	G	40000	531	99.469	67.0455	99469	18986	115	0	0	18001	362	508	18537
0	0	A	40000	743	99.257	98.067	99257	1190	107	0	0	257	322	504	743
0	0	B	40000	46180	53.82	36.024	53820	17796	8	0	0	17744	40	4	17794
0	0	cSpy was 22 spamed and the readout avoided!
0	1	G	40000	29289	70.711	51.6735	70711	25330	317	0	0	23990	462	561	25087
0	1	A	40000	38081	61.919	51.104	61919	10815	171	0	0	10190	3	451	10643
0	1	B	40000	33242	66.758	52.243	66758	14515	146	0	0	13800	459	110	14444
0	2	G	40000	3775	96.225	81.7085	96225	18099	78	1	0	15446	2164	410	17836
0	2	A	40000	7562	92.438	84.953	92438	7485	52	0	0	5821	1214	398	7242
0	2	B	40000	10922	89.078	78.464	89078	10614	26	1	0	9625	950	12	10594
0	2	cSpy was 3 spamed and the readout avoided!
0	3	G	40000	100000	0	0	0	0	0	0	0	0	0	0	2
0	3	A	40000	100000	0	0	0	0	0	0	0	0	0	0	1
0	3	B	40000	100000	0	0	0	0	0	0	0	0	0	0	1
0	4	G	40000	99994	0.00600219	0	6	10	0	0	0	10	0	0	12
0	4	A	40000	99996	0.00399947	0	4	4	0	0	0	4	0	0	5
0	4	B	40000	99994	0.00600219	0	6	6	0	0	0	6	0	0	7
0	5	G	40000	58298	41.702	22.8005	41702	27374	10	0	0	27087	79	198	27346
0	5	A	40000	65027	34.973	22.448	34973	12525	8	0	0	12294	31	192	12499
0	5	B	40000	61998	38.002	23.153	38002	14849	2	0	0	14793	48	6	14847
0	6	G	40000	0	100	100	100000	200000	200000	200000	200000	200000	200000	200000	200002
0	6	A	40000	0	100	100	100000	100000	100000	100000	100000	100000	100000	100000	100001
0	6	B	40000	0	100	100	100000	100000	100000	100000	100000	100000	100000	100000	100001
0	7	G	40000	99204	0.796002	0.014	796	1553	0	0	0	1550	3	0	1555
0	7	A	40000	99211	0.788999	0.012	789	777	0	0	0	774	3	0	778
0	7	B	40000	99208	0.792003	0.016	792	776	0	0	0	776	0	0	777
1	0	G	40000	309	99.691	97.899	99691	2294	179	1	0	1484	173	457	1897
1	0	A	40000	1170	98.83	97.324	98830	1506	153	1	0	840	112	400	1161
1	0	B	40000	738	99.262	98.474	99262	788	26	0	0	644	61	57	736
1	0	cSpy was 24 spamed and the readout avoided!
1	1	G	40000	98690	1.31	0.271	1310	2067	0	0	0	2065	2	0	2069
1	1	A	40000	98698	1.302	0.269	1302	1033	0	0	0	1032	1	0	1034
1	1	B	40000	98693	1.307	0.273	1307	1034	0	0	0	1033	1	0	1035
1	2	G	40000	100000	0	0	0	0	0	0	0	0	0	0	2
1	2	A	40000	100000	0	0	0	0	0	0	0	0	0	0	1
1	2	B	40000	100000	0	0	0	0	0	0	0	0	0	0	1
1	3	G	40000	98384	1.616	0.2115	1616	2608	0	0	0	2607	1	0	2610
1	3	A	40000	98525	1.475	0.191	1475	1284	0	0	0	1284	0	0	1285
1	3	B	40000	98444	1.556	0.232	1556	1324	0	0	0	1323	1	0	1325
1	4	G	40000	563	99.437	96.67	99437	3497	190	0	0	1416	1581	310	3142
1	4	A	40000	2006	97.994	95.851	97994	2143	95	0	0	726	1212	110	1987
1	4	B	40000	1157	98.843	97.489	98843	1354	95	0	0	690	369	200	1155
1	4	cSpy was 26 spamed and the readout avoided!
1	5	G	40000	63967	36.033	7.284	36033	28311	0	0	0	25148	3163	0	28313
1	5	A	40000	82889	17.111	2.502	17111	14609	0	0	0	12992	1617	0	14610
1	5	B	40000	74232	25.768	12.066	25768	13702	0	0	0	12156	1546	0	13703
1	6	G	40000	100000	0	0	0	0	0	0	0	0	0	0	2
1	6	A	40000	100000	0	0	0	0	0	0	0	0	0	0	1
1	6	B	40000	100000	0	0	0	0	0	0	0	0	0	0	1
1	7	G	40000	97058	2.942	1.1705	2942	2231	0	0	0	2189	34	8	2233
1	7	A	40000	97848	2.152	1.075	2152	1077	0	0	0	1040	29	8	1078
1	7	B	40000	97580	2.42	1.266	2420	1154	0	0	0	1149	5	0	1155
2	0	G	40000	3034	96.966	47.431	96966	4093	45	2	0	3894	84	68	4015
2	0	A	40000	3066	96.934	93.883	96934	3051	45	2	0	2852	84	68	2972
2	0	B	40000	97979	2.021	0.979	2021	1042	0	0	0	1042	0	0	1043
2	1	G	40000	99994	0.00600219	0	6	12	0	0	0	12	0	0	14
2	1	A	40000	99994	0.00600219	0	6	6	0	0	0	6	0	0	7
2	1	B	40000	99994	0.00600219	0	6	6	0	0	0	6	0	0	7
2	2	G	40000	29235	70.765	46.036	70765	29852	709	5	0	27193	1319	626	29171
2	2	A	40000	42225	57.775	43.694	57775	14081	357	1	0	12130	1177	416	13694
2	2	B	40000	35851	64.149	48.378	64149	15771	352	4	0	15063	142	210	15477
2	2	cSpy was 2 spamed and the readout avoided!
2	3	G	40000	5980	94.02	69.974	94020	28842	60	1	0	25141	3572	68	28774
2	3	A	40000	19764	80.236	61.762	80236	18474	3	0	0	15801	2625	45	18444
2	3	B	40000	11446	88.554	78.186	88554	10368	57	1	0	9340	947	23	10330
2	3	cSpy was 3 spamed and the readout avoided!
2	4	G	40000	100000	0	0	0	0	0	0	0	0	0	0	2
2	4	A	40000	100000	0	0	0	0	0	0	0	0	0	0	1
2	4	B	40000	100000	0	0	0	0	0	0	0	0	0	0	1
2	5	G	40000	100000	0	0	0	0	0	0	0	0	0	0	2
2	5	A	40000	100000	0	0	0	0	0	0	0	0	0	0	1
2	5	B	40000	100000	0	0	0	0	0	0	0	0	0	0	1
2	6	G	40000	28191	71.809	47.1735	71809	28447	162	1	0	26292	1502	490	28276
2	6	A	40000	42314	57.686	44.373	57686	13313	91	0	0	11323	1483	416	13193
2	6	B	40000	34892	65.108	49.974	65108	15134	71	1	0	14969	19	74	15083
2	7	G	40000	0	100	100	100000	200000	200000	200000	200000	200000	200000	200000	200002
2	7	A	40000	0	100	100	100000	100000	100000	100000	100000	100000	100000	100000	100001
2	7	B	40000	0	100	100	100000	100000	100000	100000	100000	100000	100000	100000	100001
3	0	G	40000	1110	98.89	74.503	98890	18260	241	2	0	17021	394	602	17738
3	0	A	40000	1791	98.209	95.957	98209	2252	188	0	0	1439	34	591	1763
3	0	B	40000	30943	69.057	53.049	69057	16008	53	2	0	15582	360	11	15975
3	0	cSpy was 6 spamed and the readout avoided!
3	1	G	40000	0	100	100	100000	200000	200000	200000	200000	200000	200000	200000	200002
3	1	A	40000	0	100	100	100000	100000	100000	100000	100000	100000	100000	100000	100001
3	1	B	40000	0	100	100	100000	100000	100000	100000	100000	100000	100000	100000	100001
3	2	G	40000	99761	0.239003	0	239	478	0	0	0	478	0	0	480
3	2	A	40000	99761	0.239003	0	239	239	0	0	0	239	0	0	240
3	2	B	40000	99761	0.239003	0	239	239	0	0	0	239	0	0	240
3	3	G	40000	100000	0	0	0	0	0	0	0	0	0	0	2
3	3	A	40000	100000	0	0	0	0	0	0	0	0	0	0	1
3	3	B	40000	100000	0	0	0	0	0	0	0	0	0	0	1
3	4	G	40000	94174	5.826	0.983	5826	9051	0	0	0	9042	8	1	9053
3	4	A	40000	94533	5.467	0.92	5467	4547	0	0	0	4539	7	1	4548
3	4	B	40000	94450	5.55	1.046	5550	4504	0	0	0	4503	1	0	4505
3	5	G	40000	0	100	100	100000	200000	200000	200000	200000	200000	200000	200000	200002
3	5	A	40000	0	100	100	100000	100000	100000	100000	100000	100000	100000	100000	100001
3	5	B	40000	0	100	100	100000	100000	100000	100000	100000	100000	100000	100000	100001
3	6	G	40000	70076	29.924	7.5895	29924	36231	7	10	0	33754	2419	41	36209
3	6	A	40000	73232	26.768	7.514	26768	19254	1	0	0	16963	2278	12	19254
3	6	B	40000	75358	24.642	7.665	24642	16977	6	10	0	16791	141	29	16955
3	6	cSpy was 1 spamed and the readout avoided!
3	7	G	40000	100000	0	0	0	0	0	0	0	0	0	0	2
3	7	A	40000	100000	0	0	0	0	0	0	0	0	0	0	1
3	7	B	40000	100000	0	0	0	0	0	0	0	0	0	0	1
4	0	G	40000	1203	98.797	61.589	98797	29084	143	0	0	26558	2177	206	28837
4	0	A	40000	1889	98.111	96.011	98111	2100	110	0	0	1293	506	191	1881
4	0	B	40000	45849	54.151	27.167	54151	26984	33	0	0	25265	1671	15	26956
4	0	cSpy was 3 spamed and the readout avoided!
4	1	G	40000	100000	0	0	0	0	0	0	0	0	0	0	2
4	1	A	40000	100000	0	0	0	0	0	0	0	0	0	0	1
4	1	B	40000	100000	0	0	0	0	0	0	0	0	0	0	1
4	2	G	40000	97597	2.403	0.7505	2403	2587	0	2	0	2582	0	3	2589
4	2	A	40000	97949	2.051	0.779	2051	1272	0	2	0	1267	0	3	1273
4	2	B	40000	97963	2.037	0.722	2037	1315	0	0	0	1315	0	0	1316
4	3	G	40000	20303	79.697	58.463	79697	34424	784	0	0	32918	125	597	33368
4	3	A	40000	24050	75.95	58.712	75950	17238	379	0	0	16445	0	414	16540
4	3	B	40000	24600	75.4	58.214	75400	17186	405	0	0	16473	125	183	16828
4	3	cSpy was 8 spamed and the readout avoided!
4	4	G	40000	2987	97.013	87.498	97013	12658	411	23	0	10322	1205	698	11967
4	4	A	40000	5730	94.27	88.256	94270	6014	198	14	0	4827	468	508	5565
4	4	B	40000	6616	93.384	86.74	93384	6644	213	9	0	5495	737	190	6402
4	4	cSpy was 44 spamed and the readout avoided!
4	5	G	40000	100000	0	0	0	0	0	0	0	0	0	0	2
4	5	A	40000	100000	0	0	0	0	0	0	0	0	0	0	1
4	5	B	40000	100000	0	0	0	0	0	0	0	0	0	0	1
4	6	G	40000	99982	0.0180006	0.001	18	34	0	0	0	34	0	0	36
4	6	A	40000	99982	0.0180006	0.001	18	17	0	0	0	17	0	0	18
4	6	B	40000	99982	0.0180006	0.001	18	17	0	0	0	17	0	0	18
4	7	G	40000	33994	66.006	42.0185	66006	37338	208	1	0	36903	15	211	37090
4	7	A	40000	39283	60.717	42.164	60717	18553	100	1	0	18286	3	163	18381
4	7	B	40000	39342	60.658	41.873	60658	18785	108	0	0	18617	12	48	18709
4	7	cSpy was 2 spamed and the readout avoided!
5	0	G	40000	513	99.487	55.571	99487	13446	134	0	0	12354	113	845	12887
5	0	A	40000	615	99.385	98.21	99385	1175	134	0	0	90	106	845	615
5	0	B	40000	74797	25.203	12.932	25203	12271	0	0	0	12264	7	0	12272
5	0	cSpy was 54 spamed and the readout avoided!
5	1	G	40000	72888	27.112	11.2355	27112	24854	3	0	0	24814	3	34	24849
5	1	A	40000	76300	23.7	11.441	23700	12259	2	0	0	12222	3	32	12254
5	1	B	40000	76375	23.625	11.03	23625	12595	1	0	0	12592	0	2	12595
5	1	cSpy was 4 spamed and the readout avoided!
5	2	G	40000	0	100	100	100000	200000	200000	200000	200000	200000	200000	200000	200002
5	2	A	40000	0	100	100	100000	100000	100000	100000	100000	100000	100000	100000	100001
5	2	B	40000	0	100	100	100000	100000	100000	100000	100000	100000	100000	100000	100001
5	3	G	40000	98279	1.721	0.002	1721	3434	0	0	0	3430	4	0	3436
5	3	A	40000	98279	1.721	0.002	1721	1719	0	0	0	1715	4	0	1720
5	3	B	40000	98283	1.717	0.002	1717	1715	0	0	0	1715	0	0	1716
5	4	G	40000	100000	0	0	0	0	0	0	0	0	0	0	2
5	4	A	40000	100000	0	0	0	0	0	0	0	0	0	0	1
5	4	B	40000	100000	0	0	0	0	0	0	0	0	0	0	1
5	5	G	40000	90807	9.193	2.253	9193	11906	0	0	0	11902	0	4	11908
5	5	A	40000	91704	8.296	2.395	8296	5901	0	0	0	5897	0	4	5902
5	5	B	40000	91884	8.116	2.111	8116	6005	0	0	0	6005	0	0	6006
5	6	G	40000	2	99.998	97.694	99998	2406	191	0	0	940	1137	138	2204
5	6	A	40000	4	99.996	99.951	99996	45	0	0	0	1	0	44	4
5	6	B	40000	2202	97.798	95.437	97798	2361	191	0	0	939	1137	94	2200
5	6	cSpy was 31 spamed and the readout avoided!
5	7	G	40000	27102	72.898	22.3765	72898	64819	12	15	0	57174	7439	179	64726
5	7	A	40000	43944	56.056	24.483	56056	31573	12	15	0	27062	4306	178	31479
5	7	B	40000	46484	53.516	20.27	53516	33246	0	0	0	30112	3133	1	33247
5	7	cSpy was 4 spamed and the readout avoided!
6	0	G	40000	642	99.358	95.5165	99358	4766	258	5	0	2413	1377	713	4185
6	0	A	40000	1422	98.578	96.659	98578	1919	148	3	0	168	916	684	1422
6	0	B	40000	2779	97.221	94.374	97221	2847	110	2	0	2245	461	29	2763
6	0	cSpy was 41 spamed and the readout avoided!
6	1	G	40000	14592	85.408	45.389	85408	52507	5	1	0	46817	5340	344	52353
6	1	A	40000	26883	73.117	48.033	73117	25084	0	1	0	21807	2932	344	24931
6	1	B	40000	29832	70.168	42.745	70168	27423	5	0	0	25010	2408	0	27422
6	1	cSpy was 7 spamed and the readout avoided!
6	2	G	40000	100000	0	0	0	0	0	0	0	0	0	0	2
6	2	A	40000	100000	0	0	0	0	0	0	0	0	0	0	1
6	2	B	40000	100000	0	0	0	0	0	0	0	0	0	0	1
6	3	G	40000	100000	0	0	0	0	0	0	0	0	0	0	2
6	3	A	40000	100000	0	0	0	0	0	0	0	0	0	0	1
6	3	B	40000	100000	0	0	0	0	0	0	0	0	0	0	1
6	4	G	40000	20293	79.707	58.7155	79707	34212	803	0	0	32661	148	600	33127
6	4	A	40000	23895	76.105	58.994	76105	17111	389	0	0	16302	0	420	16398
6	4	B	40000	24462	75.538	58.437	75538	17101	414	0	0	16359	148	180	16729
6	4	cSpy was 8 spamed and the readout avoided!
6	5	G	40000	3668	96.332	90.5185	96332	7426	225	7	0	5962	390	842	6810
6	5	A	40000	5223	94.777	91.479	94777	3298	16	3	0	2438	154	687	2885
6	5	B	40000	6314	93.686	89.558	93686	4128	209	4	0	3524	236	155	3925
6	5	cSpy was 87 spamed and the readout avoided!
6	6	G	40000	100000	0	0	0	0	0	0	0	0	0	0	2
6	6	A	40000	100000	0	0	0	0	0	0	0	0	0	0	1
6	6	B	40000	100000	0	0	0	0	0	0	0	0	0	0	1
6	7	G	40000	100000	0	0	0	0	0	0	0	0	0	0	2
6	7	A	40000	100000	0	0	0	0	0	0	0	0	0	0	1
6	7	B	40000	100000	0	0	0	0	0	0	0	0	0	0	1
7	0	G	40000	2210	97.79	47.736	97790	3462	198	0	0	2677	69	518	2972
7	0	A	40000	2224	97.776	95.082	97776	2694	198	0	0	1909	69	518	2203
7	0	B	40000	98842	1.158	0.39	1158	768	0	0	0	768	0	0	769
7	0	cSpy was 1 spamed and the readout avoided!
7	1	G	40000	100000	0	0	0	0	0	0	0	0	0	0	2
7	1	A	40000	100000	0	0	0	0	0	0	0	0	0	0	1
7	1	B	40000	100000	0	0	0	0	0	0	0	0	0	0	1
7	2	G	40000	98891	1.109	0.116	1109	1860	0	0	0	1852	7	1	1862
7	2	A	40000	98940	1.06	0.129	1060	931	0	0	0	926	4	1	932
7	2	B	40000	98968	1.032	0.103	1032	929	0	0	0	926	3	0	930
7	3	G	40000	1004	98.996	93.928	98996	6175	199	4	0	4607	855	510	5733
7	3	A	40000	1813	98.187	96.206	98187	1981	67	0	0	1576	30	308	1729
7	3	B	40000	4156	95.844	91.65	95844	4194	132	4	0	3031	825	202	4004
7	3	cSpy was 86 spamed and the readout avoided!
7	4	G	40000	81944	18.056	3.1825	18056	26088	0	0	0	23689	2373	26	26087
7	4	A	40000	82456	17.544	3.187	17544	14357	0	0	0	12281	2050	26	14355
7	4	B	40000	85091	14.909	3.178	14909	11731	0	0	0	11408	323	0	11732
7	5	G	40000	100000	0	0	0	0	0	0	0	0	0	0	2
7	5	A	40000	100000	0	0	0	0	0	0	0	0	0	0	1
7	5	B	40000	100000	0	0	0	0	0	0	0	0	0	0	1
7	6	G	40000	99870	0.129998	0.0285	130	143	0	0	0	142	1	0	145
7	6	A	40000	99897	0.103003	0.032	103	71	0	0	0	71	0	0	72
7	6	B	40000	99903	0.0970006	0.025	97	72	0	0	0	71	1	0	73
7	7	G	40000	47333	52.667	25.444	52667	41393	8	0	0	40127	1077	181	41318
7	7	A	40000	53110	46.89	26.003	46890	20887	4	0	0	20224	480	179	20816
7	7	B	40000	54609	45.391	24.885	45391	20506	4	0	0	19903	597	2	20502
7	7	cSpy was 6 spamed and the readout avoided!
