#the gain was set to: 2	the bias was set to: 30
#Sent triggers per delay setting: 100000	and with a frequency [Hz] of: 40000
#160MHz delay setting	400MHz delay setting	Frequency	correct transmitted H+T		error rate [%]	uncertainty [%]	bad or missed events	error count	missing headers	missing trailers	flipped H/T	event nr errors	tbm missed trigger	unknown errors	event nr resets
0	0	G	40000	463	99.537	72.513	99537	18934	126	0	0	17936	281	591	18432
0	0	A	40000	671	99.329	98.172	99329	1157	101	0	0	231	254	571	671
0	0	B	40000	35369	64.631	46.854	64631	17777	25	0	0	17705	27	20	17761
0	0	cSpy was 21 spamed and the readout avoided!
0	1	G	40000	27675	72.325	50.661	72325	27823	218	1	0	26976	52	576	27607
0	1	A	40000	38013	61.987	49.983	61987	12004	110	0	0	11392	21	481	11862
0	1	B	40000	32842	67.158	51.339	67158	15819	108	1	0	15584	31	95	15745
0	2	G	40000	3623	96.377	82.7945	96377	17023	116	0	0	14054	2507	346	16763
0	2	A	40000	7682	92.318	84.841	92318	7477	39	0	0	5881	1266	291	7293
0	2	B	40000	9706	90.294	80.748	90294	9546	77	0	0	8173	1241	55	9470
0	2	cSpy was 3 spamed and the readout avoided!
0	3	G	40000	100000	0	0	0	0	0	0	0	0	0	0	2
0	3	A	40000	100000	0	0	0	0	0	0	0	0	0	0	1
0	3	B	40000	100000	0	0	0	0	0	0	0	0	0	0	1
0	4	G	40000	100000	0	0	0	0	0	0	0	0	0	0	2
0	4	A	40000	100000	0	0	0	0	0	0	0	0	0	0	1
0	4	B	40000	100000	0	0	0	0	0	0	0	0	0	0	1
0	5	G	40000	40580	59.42	35.323	59420	32080	9	0	0	31637	122	312	32013
0	5	A	40000	50653	49.347	34.71	49347	14637	6	0	0	14264	55	312	14569
0	5	B	40000	46621	53.379	35.936	53379	17443	3	0	0	17373	67	0	17444
0	6	G	40000	2015	97.985	90.5415	97985	9542	419	16	0	7166	1596	345	9066
0	6	A	40000	5185	94.815	89.627	94815	5188	149	0	0	3750	1066	223	4951
0	6	B	40000	4190	95.81	91.456	95810	4354	270	16	0	3416	530	122	4115
0	6	cSpy was 46 spamed and the readout avoided!
0	7	G	40000	98209	1.791	0.342	1791	2822	0	0	0	2809	13	0	2824
0	7	A	40000	98261	1.739	0.334	1739	1405	0	0	0	1400	5	0	1406
0	7	B	40000	98233	1.767	0.35	1767	1417	0	0	0	1409	8	0	1418
1	0	G	40000	254	99.746	97.8945	99746	2322	171	1	0	1479	193	478	1877
1	0	A	40000	1184	98.816	97.256	98816	1560	148	1	0	864	127	420	1175
1	0	B	40000	705	99.295	98.533	99295	762	23	0	0	615	66	58	702
1	0	cSpy was 27 spamed and the readout avoided!
1	1	G	40000	97608	2.392	0.417	2392	3690	0	0	0	3658	32	0	3692
1	1	A	40000	97783	2.217	0.379	2217	1838	0	0	0	1830	8	0	1839
1	1	B	40000	97693	2.307	0.455	2307	1852	0	0	0	1828	24	0	1853
1	2	G	40000	100000	0	0	0	0	0	0	0	0	0	0	2
1	2	A	40000	100000	0	0	0	0	0	0	0	0	0	0	1
1	2	B	40000	100000	0	0	0	0	0	0	0	0	0	0	1
1	3	G	40000	96051	3.949	0.762	3949	5469	0	0	0	5447	16	6	5470
1	3	A	40000	96631	3.369	0.673	3369	2696	0	0	0	2684	6	6	2696
1	3	B	40000	96376	3.624	0.851	3624	2773	0	0	0	2763	10	0	2774
1	4	G	40000	533	99.467	96.876	99467	3271	177	0	0	1350	1475	269	2952
1	4	A	40000	1870	98.13	96.144	98130	1986	73	0	0	676	1131	106	1847
1	4	B	40000	1107	98.893	97.608	98893	1285	104	0	0	674	344	163	1105
1	4	cSpy was 14 spamed and the readout avoided!
1	5	G	40000	46266	53.734	12.7985	53734	41050	1	0	0	35983	5065	1	41051
1	5	A	40000	73619	26.381	3.684	26381	22697	0	0	0	19546	3150	1	22698
1	5	B	40000	59734	40.266	21.913	40266	18353	1	0	0	16437	1915	0	18353
1	6	G	40000	100000	0	0	0	0	0	0	0	0	0	0	2
1	6	A	40000	100000	0	0	0	0	0	0	0	0	0	0	1
1	6	B	40000	100000	0	0	0	0	0	0	0	0	0	0	1
1	7	G	40000	96791	3.209	1.011	3209	2907	1	0	0	2870	29	7	2908
1	7	A	40000	97690	2.31	0.902	2310	1408	1	0	0	1383	17	7	1408
1	7	B	40000	97381	2.619	1.12	2619	1499	0	0	0	1487	12	0	1500
2	0	G	40000	2412	97.588	48.282	97588	4040	37	0	0	3847	98	58	3976
2	0	A	40000	2449	97.551	95.075	97551	2476	37	0	0	2283	98	58	2411
2	0	B	40000	96947	3.053	1.489	3053	1564	0	0	0	1564	0	0	1565
2	1	G	40000	100000	0	0	0	0	0	0	0	0	0	0	2
2	1	A	40000	100000	0	0	0	0	0	0	0	0	0	0	1
2	1	B	40000	100000	0	0	0	0	0	0	0	0	0	0	1
2	2	G	40000	28116	71.884	48.2005	71884	28333	545	5	0	25747	1430	606	27833
2	2	A	40000	41149	58.851	45.691	58851	13160	282	3	0	11037	1399	439	12857
2	2	B	40000	34117	65.883	50.71	65883	15173	263	2	0	14710	31	167	14976
2	3	G	40000	5811	94.189	70.2655	94189	28854	63	2	0	24555	4109	125	28746
2	3	A	40000	19475	80.525	62.232	80525	18293	5	0	0	15251	2940	97	18235
2	3	B	40000	11140	88.86	78.299	88860	10561	58	2	0	9304	1169	28	10511
2	3	cSpy was 8 spamed and the readout avoided!
2	4	G	40000	100000	0	0	0	0	0	0	0	0	0	0	2
2	4	A	40000	100000	0	0	0	0	0	0	0	0	0	0	1
2	4	B	40000	100000	0	0	0	0	0	0	0	0	0	0	1
2	5	G	40000	100000	0	0	0	0	0	0	0	0	0	0	2
2	5	A	40000	100000	0	0	0	0	0	0	0	0	0	0	1
2	5	B	40000	100000	0	0	0	0	0	0	0	0	0	0	1
2	6	G	40000	28568	71.432	44.568	71432	30845	89	0	0	28831	1539	386	30740
2	6	A	40000	43854	56.146	41.664	56146	14482	53	0	0	12582	1480	367	14398
2	6	B	40000	36165	63.835	47.472	63835	16363	36	0	0	16249	59	19	16342
2	7	G	40000	0	100	100	100000	200000	200000	200000	200000	200000	200000	200000	200002
2	7	A	40000	0	100	100	100000	100000	100000	100000	100000	100000	100000	100000	100001
2	7	B	40000	0	100	100	100000	100000	100000	100000	100000	100000	100000	100000	100001
3	0	G	40000	911	99.089	74.6535	99089	19983	292	1	0	18602	446	642	19410
3	0	A	40000	1535	98.465	96.398	98465	2067	230	0	0	1195	18	624	1523
3	0	B	40000	29175	70.825	52.909	70825	17916	62	1	0	17407	428	18	17887
3	0	cSpy was 10 spamed and the readout avoided!
3	1	G	40000	0	100	100	100000	200000	200000	200000	200000	200000	200000	200000	200002
3	1	A	40000	0	100	100	100000	100000	100000	100000	100000	100000	100000	100000	100001
3	1	B	40000	0	100	100	100000	100000	100000	100000	100000	100000	100000	100000	100001
3	2	G	40000	99168	0.831997	0.007	832	1649	0	0	0	1649	0	0	1651
3	2	A	40000	99168	0.831997	0.007	832	825	0	0	0	825	0	0	826
3	2	B	40000	99169	0.831002	0.007	831	824	0	0	0	824	0	0	825
3	3	G	40000	100000	0	0	0	0	0	0	0	0	0	0	2
3	3	A	40000	100000	0	0	0	0	0	0	0	0	0	0	1
3	3	B	40000	100000	0	0	0	0	0	0	0	0	0	0	1
3	4	G	40000	96874	3.126	0.505	3126	5016	0	0	0	5012	4	0	5018
3	4	A	40000	97009	2.991	0.476	2991	2515	0	0	0	2512	3	0	2516
3	4	B	40000	96965	3.035	0.534	3035	2501	0	0	0	2500	1	0	2502
3	5	G	40000	0	100	100	100000	200000	200000	200000	200000	200000	200000	200000	200002
3	5	A	40000	0	100	100	100000	100000	100000	100000	100000	100000	100000	100000	100001
3	5	B	40000	0	100	100	100000	100000	100000	100000	100000	100000	100000	100000	100001
3	6	G	40000	59715	40.285	10.4135	40285	44044	10	4	0	40908	3098	24	44042
3	6	A	40000	66787	33.213	10.228	33213	22985	7	0	0	20142	2816	20	22986
3	6	B	40000	68342	31.658	10.599	31658	21059	3	4	0	20766	282	4	21056
3	6	cSpy was 7 spamed and the readout avoided!
3	7	G	40000	100000	0	0	0	0	0	0	0	0	0	0	2
3	7	A	40000	100000	0	0	0	0	0	0	0	0	0	0	1
3	7	B	40000	100000	0	0	0	0	0	0	0	0	0	0	1
4	0	G	40000	1336	98.664	69.3635	98664	25442	159	4	0	22896	2195	188	25215
4	0	A	40000	2355	97.645	95.111	97645	2534	104	3	0	1497	764	166	2345
4	0	B	40000	33476	66.524	43.616	66524	22908	55	1	0	21399	1431	22	22870
4	0	cSpy was 9 spamed and the readout avoided!
4	1	G	40000	100000	0	0	0	0	0	0	0	0	0	0	2
4	1	A	40000	100000	0	0	0	0	0	0	0	0	0	0	1
4	1	B	40000	100000	0	0	0	0	0	0	0	0	0	0	1
4	2	G	40000	97178	2.822	0.8615	2822	3102	1	0	0	3097	4	0	3104
4	2	A	40000	97575	2.425	0.907	2425	1518	0	0	0	1514	4	0	1519
4	2	B	40000	97600	2.4	0.816	2400	1584	1	0	0	1583	0	0	1585
4	3	G	40000	20366	79.634	58.268	79634	34521	758	0	0	33068	129	566	33515
4	3	A	40000	24190	75.81	58.52	75810	17290	369	0	0	16512	0	409	16609
4	3	B	40000	24753	75.247	58.016	75247	17231	389	0	0	16556	129	157	16906
4	3	cSpy was 8 spamed and the readout avoided!
4	4	G	40000	7022	92.978	73.022	92978	26277	122	14	1	23553	2205	382	25988
4	4	A	40000	13614	86.386	73.349	86386	13037	56	7	0	11485	1142	347	12814
4	4	B	40000	14065	85.935	72.695	85935	13240	66	7	1	12068	1063	35	13174
4	4	cSpy was 19 spamed and the readout avoided!
4	5	G	40000	100000	0	0	0	0	0	0	0	0	0	0	2
4	5	A	40000	100000	0	0	0	0	0	0	0	0	0	0	1
4	5	B	40000	100000	0	0	0	0	0	0	0	0	0	0	1
4	6	G	40000	100000	0	0	0	0	0	0	0	0	0	0	2
4	6	A	40000	100000	0	0	0	0	0	0	0	0	0	0	1
4	6	B	40000	100000	0	0	0	0	0	0	0	0	0	0	1
4	7	G	40000	36177	63.823	40.4215	63823	36347	129	0	0	36046	7	165	36198
4	7	A	40000	41410	58.59	40.508	58590	18082	62	0	0	17874	6	140	17967
4	7	B	40000	41400	58.6	40.335	58600	18265	67	0	0	18172	1	25	18231
4	7	cSpy was 3 spamed and the readout avoided!
5	0	G	40000	492	99.508	57.116	99508	15098	149	0	0	14001	110	838	14545
5	0	A	40000	616	99.384	98.214	99384	1170	149	0	0	81	103	837	616
5	0	B	40000	70054	29.946	16.018	29946	13928	0	0	0	13920	7	1	13929
5	0	cSpy was 73 spamed and the readout avoided!
5	1	G	40000	76368	23.632	8.8975	23632	23377	3	0	0	23348	3	23	23375
5	1	A	40000	79374	20.626	9.102	20626	11524	1	0	0	11498	3	22	11521
5	1	B	40000	79454	20.546	8.693	20546	11853	2	0	0	11850	0	1	11854
5	2	G	40000	21	99.979	98.792	99979	1486	58	0	0	542	285	601	929
5	2	A	40000	59	99.941	99.423	99941	518	1	0	0	5	1	511	59
5	2	B	40000	871	99.129	98.161	99129	968	57	0	0	537	284	90	870
5	2	cSpy was 28 spamed and the readout avoided!
5	3	G	40000	97663	2.337	0.005	2337	4647	0	0	0	4632	15	0	4649
5	3	A	40000	97664	2.336	0.005	2336	2331	0	0	0	2317	14	0	2332
5	3	B	40000	97679	2.321	0.005	2321	2316	0	0	0	2315	1	0	2317
5	4	G	40000	100000	0	0	0	0	0	0	0	0	0	0	2
5	4	A	40000	100000	0	0	0	0	0	0	0	0	0	0	1
5	4	B	40000	100000	0	0	0	0	0	0	0	0	0	0	1
5	5	G	40000	97940	2.06	0.171	2060	3654	0	0	0	3654	0	0	3656
5	5	A	40000	97980	2.02	0.194	2020	1826	0	0	0	1826	0	0	1827
5	5	B	40000	98024	1.976	0.148	1976	1828	0	0	0	1828	0	0	1829
5	6	G	40000	54	99.946	98.069	99946	2110	153	0	0	834	765	358	1750
5	6	A	40000	158	99.842	99.483	99842	359	15	0	0	83	12	249	158
5	6	B	40000	1594	98.406	96.655	98406	1751	138	0	0	751	753	109	1592
5	6	cSpy was 75 spamed and the readout avoided!
5	7	G	40000	27259	72.741	19.9015	72741	67619	5	12	0	59630	7806	166	67543
5	7	A	40000	45015	54.985	22.243	54985	32742	5	12	0	27981	4578	166	32665
5	7	B	40000	47563	52.437	17.56	52437	34877	0	0	0	31649	3228	0	34878
5	7	cSpy was 2 spamed and the readout avoided!
6	0	G	40000	596	99.404	95.748	99404	4556	298	3	0	2284	1254	717	3937
6	0	A	40000	1319	98.681	96.839	98681	1842	172	2	0	167	848	653	1319
6	0	B	40000	2629	97.371	94.657	97371	2714	126	1	0	2117	406	64	2618
6	0	cSpy was 67 spamed and the readout avoided!
6	1	G	40000	13479	86.521	47.5175	86521	50638	15	2	0	45255	4996	370	50453
6	1	A	40000	25653	74.347	50.239	74347	24108	2	2	0	21072	2671	361	23934
6	1	B	40000	28674	71.326	44.796	71326	26530	13	0	0	24183	2325	9	26519
6	1	cSpy was 1 spamed and the readout avoided!
6	2	G	40000	100000	0	0	0	0	0	0	0	0	0	0	2
6	2	A	40000	100000	0	0	0	0	0	0	0	0	0	0	1
6	2	B	40000	100000	0	0	0	0	0	0	0	0	0	0	1
6	3	G	40000	100000	0	0	0	0	0	0	0	0	0	0	2
6	3	A	40000	100000	0	0	0	0	0	0	0	0	0	0	1
6	3	B	40000	100000	0	0	0	0	0	0	0	0	0	0	1
6	4	G	40000	20316	79.684	58.7155	79684	34217	823	0	0	32645	147	602	33127
6	4	A	40000	23883	76.117	58.996	76117	17121	396	0	0	16296	1	428	16393
6	4	B	40000	24469	75.531	58.435	75531	17096	427	0	0	16349	146	174	16734
6	4	cSpy was 21 spamed and the readout avoided!
6	5	G	40000	5971	94.029	88.7345	94029	7292	158	4	0	5955	550	625	6800
6	5	A	40000	7168	92.832	89.396	92832	3436	16	0	0	2671	252	497	3106
6	5	B	40000	8071	91.929	88.073	91929	3856	142	4	0	3284	298	128	3694
6	5	cSpy was 38 spamed and the readout avoided!
6	6	G	40000	100000	0	0	0	0	0	0	0	0	0	0	2
6	6	A	40000	100000	0	0	0	0	0	0	0	0	0	0	1
6	6	B	40000	100000	0	0	0	0	0	0	0	0	0	0	1
6	7	G	40000	100000	0	0	0	0	0	0	0	0	0	0	2
6	7	A	40000	100000	0	0	0	0	0	0	0	0	0	0	1
6	7	B	40000	100000	0	0	0	0	0	0	0	0	0	0	1
7	0	G	40000	2118	97.882	49.3375	97882	11125	211	2	0	10096	309	507	10657
7	0	A	40000	2386	97.614	94.791	97614	2823	210	2	0	2002	102	507	2355
7	0	B	40000	87814	12.186	3.884	12186	8302	1	0	0	8094	207	0	8302
7	0	cSpy was 1 spamed and the readout avoided!
7	1	G	40000	100000	0	0	0	0	0	0	0	0	0	0	2
7	1	A	40000	100000	0	0	0	0	0	0	0	0	0	0	1
7	1	B	40000	100000	0	0	0	0	0	0	0	0	0	0	1
7	2	G	40000	97646	2.354	0.222	2354	3957	0	0	0	3933	21	3	3958
7	2	A	40000	97767	2.233	0.255	2233	1978	0	0	0	1958	17	3	1978
7	2	B	40000	97832	2.168	0.189	2168	1979	0	0	0	1975	4	0	1980
7	3	G	40000	0	100	100	100000	200000	200000	200000	200000	200000	200000	200000	200002
7	3	A	40000	0	100	100	100000	100000	100000	100000	100000	100000	100000	100000	100001
7	3	B	40000	0	100	100	100000	100000	100000	100000	100000	100000	100000	100000	100001
7	4	G	40000	74601	25.399	5.671	25399	33381	0	0	0	30206	3112	63	33363
7	4	A	40000	75954	24.046	5.697	24046	18349	0	0	0	15679	2607	63	18330
7	4	B	40000	79323	20.677	5.645	20677	15032	0	0	0	14527	505	0	15033
7	5	G	40000	100000	0	0	0	0	0	0	0	0	0	0	2
7	5	A	40000	100000	0	0	0	0	0	0	0	0	0	0	1
7	5	B	40000	100000	0	0	0	0	0	0	0	0	0	0	1
7	6	G	40000	97219	2.781	0.626	2781	3014	0	1	0	3000	7	6	3015
7	6	A	40000	97800	2.2	0.698	2200	1502	0	1	0	1491	4	6	1502
7	6	B	40000	97934	2.066	0.554	2066	1512	0	0	0	1509	3	0	1513
7	6	cSpy was 1 spamed and the readout avoided!
7	7	G	40000	59702	40.298	15.292	40298	36086	22	26	0	35279	563	196	36003
7	7	A	40000	65861	34.139	15.839	34139	18300	22	26	0	17828	230	194	18216
7	7	B	40000	67469	32.531	14.745	32531	17786	0	0	0	17451	333	2	17787
7	7	cSpy was 7 spamed and the readout avoided!
