#the gain was set to: 2	the bias was set to: 30
#Sent triggers per delay setting: 100000	and with a frequency [Hz] of: 40000
#160MHz delay setting	400MHz delay setting	Frequency	correct transmitted H+T		error rate [%]	uncertainty [%]	bad or missed events	error count	missing headers	missing trailers	flipped H/T	event nr errors	tbm missed trigger	unknown errors	event nr resets
0	0	G	40000	448	99.552	71.8295	99552	19047	105	0	0	18019	304	619	18533
0	0	A	40000	643	99.357	98.202	99357	1155	92	0	0	182	269	612	643
0	0	B	40000	36651	63.349	45.457	63349	17892	13	0	0	17837	35	7	17890
0	0	cSpy was 31 spamed and the readout avoided!
0	1	G	40000	40422	59.578	42.7265	59578	22108	295	0	0	21272	5	536	21855
0	1	A	40000	48451	51.549	42.229	51549	9320	150	0	0	8772	2	396	9164
0	1	B	40000	43988	56.012	43.224	56012	12788	145	0	0	12500	3	140	12691
0	2	G	40000	4006	95.994	81.564	95994	18179	70	0	0	15424	2375	310	17969
0	2	A	40000	8025	91.975	84.188	91975	7787	52	0	0	6172	1259	304	7590
0	2	B	40000	10668	89.332	78.94	89332	10392	18	0	0	9252	1116	6	10379
0	2	cSpy was 1 spamed and the readout avoided!
0	3	G	40000	100000	0	0	0	0	0	0	0	0	0	0	2
0	3	A	40000	100000	0	0	0	0	0	0	0	0	0	0	1
0	3	B	40000	100000	0	0	0	0	0	0	0	0	0	0	1
0	4	G	40000	100000	0	0	0	0	0	0	0	0	0	0	2
0	4	A	40000	100000	0	0	0	0	0	0	0	0	0	0	1
0	4	B	40000	100000	0	0	0	0	0	0	0	0	0	0	1
0	5	G	40000	42162	57.838	33.3515	57838	33422	0	0	0	33000	124	298	33380
0	5	A	40000	51855	48.145	32.781	48145	15364	0	0	0	15006	61	297	15322
0	5	B	40000	48020	51.98	33.922	51980	18058	0	0	0	17994	63	1	18058
0	6	G	40000	1200	98.8	93.687	98800	6447	346	6	0	3959	1826	310	6028
0	6	A	40000	3770	96.23	92.379	96230	3851	138	0	0	2158	1398	157	3648
0	6	B	40000	2409	97.591	94.995	97591	2596	208	6	0	1801	428	153	2380
0	6	cSpy was 33 spamed and the readout avoided!
0	7	G	40000	97606	2.394	0.4305	2394	3720	0	0	0	3693	27	0	3720
0	7	A	40000	97736	2.264	0.406	2264	1858	0	0	0	1851	7	0	1858
0	7	B	40000	97683	2.317	0.455	2317	1862	0	0	0	1842	20	0	1862
1	0	G	40000	302	99.698	97.462	99698	2749	190	0	0	1750	208	601	2230
1	0	A	40000	1233	98.767	97.077	98767	1690	158	0	0	859	132	541	1226
1	0	B	40000	1094	98.906	97.847	98906	1059	32	0	0	891	76	60	1004
1	0	cSpy was 39 spamed and the readout avoided!
1	1	G	40000	97891	2.109	0.135	2109	3750	0	0	0	3709	41	0	3752
1	1	A	40000	98028	1.972	0.103	1972	1869	0	0	0	1856	13	0	1870
1	1	B	40000	97952	2.048	0.167	2048	1881	0	0	0	1853	28	0	1882
1	2	G	40000	100000	0	0	0	0	0	0	0	0	0	0	2
1	2	A	40000	100000	0	0	0	0	0	0	0	0	0	0	1
1	2	B	40000	100000	0	0	0	0	0	0	0	0	0	0	1
1	3	G	40000	91542	8.458	4.2765	8458	6185	4	0	0	6073	69	39	6182
1	3	A	40000	93049	6.951	4.076	6951	2875	3	0	0	2777	64	31	2871
1	3	B	40000	92213	7.787	4.477	7787	3310	1	0	0	3296	5	8	3311
1	4	G	40000	0	100	100	100000	200000	200000	200000	200000	200000	200000	200000	200002
1	4	A	40000	0	100	100	100000	100000	100000	100000	100000	100000	100000	100000	100001
1	4	B	40000	0	100	100	100000	100000	100000	100000	100000	100000	100000	100000	100001
1	5	G	40000	50180	49.82	13.3765	49820	36682	11	0	0	30923	5718	30	36669
1	5	A	40000	74968	25.032	4.883	25032	20149	0	0	0	16838	3281	30	20146
1	5	B	40000	61597	38.403	21.87	38403	16533	11	0	0	14085	2437	0	16523
1	6	G	40000	100000	0	0	0	0	0	0	0	0	0	0	2
1	6	A	40000	100000	0	0	0	0	0	0	0	0	0	0	1
1	6	B	40000	100000	0	0	0	0	0	0	0	0	0	0	1
1	7	G	40000	100000	0	0	0	0	0	0	0	0	0	0	2
1	7	A	40000	100000	0	0	0	0	0	0	0	0	0	0	1
1	7	B	40000	100000	0	0	0	0	0	0	0	0	0	0	1
2	0	G	40000	2447	97.553	48.246	97553	4103	42	0	0	3873	111	77	4023
2	0	A	40000	2485	97.515	94.989	97515	2526	42	0	0	2296	111	77	2445
2	0	B	40000	96920	3.08	1.503	3080	1577	0	0	0	1577	0	0	1578
2	1	G	40000	99982	0.0180006	0.003	18	30	0	0	0	30	0	0	32
2	1	A	40000	99982	0.0180006	0.003	18	15	0	0	0	15	0	0	16
2	1	B	40000	99982	0.0180006	0.003	18	15	0	0	0	15	0	0	16
2	2	G	40000	26839	73.161	51.7705	73161	26081	792	0	0	23201	1380	708	25424
2	2	A	40000	38541	61.459	49.868	61459	11591	440	0	0	9998	677	476	11166
2	2	B	40000	31837	68.163	53.673	68163	14490	352	0	0	13203	703	232	14258
2	2	cSpy was 1 spamed and the readout avoided!
2	3	G	40000	9069	90.931	71.9615	90931	22013	176	0	0	19032	2511	294	21713
2	3	A	40000	20775	79.225	65.483	79225	13742	85	0	0	11730	1761	166	13583
2	3	B	40000	13289	86.711	78.44	86711	8271	91	0	0	7302	750	128	8130
2	3	cSpy was 22 spamed and the readout avoided!
2	4	G	40000	100000	0	0	0	0	0	0	0	0	0	0	2
2	4	A	40000	100000	0	0	0	0	0	0	0	0	0	0	1
2	4	B	40000	100000	0	0	0	0	0	0	0	0	0	0	1
2	5	G	40000	100000	0	0	0	0	0	0	0	0	0	0	2
2	5	A	40000	100000	0	0	0	0	0	0	0	0	0	0	1
2	5	B	40000	100000	0	0	0	0	0	0	0	0	0	0	1
2	6	G	40000	48384	51.616	32.6465	51616	22291	57	0	0	21299	636	299	22230
2	6	A	40000	58900	41.1	31.092	41100	10008	40	0	0	9132	548	288	9953
2	6	B	40000	53516	46.484	34.201	46484	12283	17	0	0	12167	88	11	12277
2	7	G	40000	0	100	100	100000	200000	200000	200000	200000	200000	200000	200000	200002
2	7	A	40000	0	100	100	100000	100000	100000	100000	100000	100000	100000	100000	100001
2	7	B	40000	0	100	100	100000	100000	100000	100000	100000	100000	100000	100000	100001
3	0	G	40000	1192	98.808	69.407	98808	17162	271	0	0	15922	348	621	16601
3	0	A	40000	1703	98.297	96.08	98297	2217	227	0	0	1363	26	601	1684
3	0	B	40000	42321	57.679	42.734	57679	14945	44	0	0	14559	322	20	14917
3	0	cSpy was 7 spamed and the readout avoided!
3	1	G	40000	0	100	100	100000	200000	200000	200000	200000	200000	200000	200000	200002
3	1	A	40000	0	100	100	100000	100000	100000	100000	100000	100000	100000	100000	100001
3	1	B	40000	0	100	100	100000	100000	100000	100000	100000	100000	100000	100000	100001
3	2	G	40000	99193	0.806999	0.004	807	1604	0	0	0	1603	1	0	1606
3	2	A	40000	99193	0.806999	0.004	807	803	0	0	0	802	1	0	804
3	2	B	40000	99195	0.805002	0.004	805	801	0	0	0	801	0	0	802
3	3	G	40000	100000	0	0	0	0	0	0	0	0	0	0	2
3	3	A	40000	100000	0	0	0	0	0	0	0	0	0	0	1
3	3	B	40000	100000	0	0	0	0	0	0	0	0	0	0	1
3	4	G	40000	97539	2.461	0.207	2461	4370	0	0	0	4367	3	0	4372
3	4	A	40000	97630	2.37	0.184	2370	2186	0	0	0	2183	3	0	2187
3	4	B	40000	97586	2.414	0.23	2414	2184	0	0	0	2184	0	0	2185
3	5	G	40000	0	100	100	100000	200000	200000	200000	200000	200000	200000	200000	200002
3	5	A	40000	0	100	100	100000	100000	100000	100000	100000	100000	100000	100000	100001
3	5	B	40000	0	100	100	100000	100000	100000	100000	100000	100000	100000	100000	100001
3	6	G	40000	66717	33.283	8.465	33283	36322	8	5	0	33668	2618	23	36310
3	6	A	40000	72776	27.224	8.307	27224	18917	5	0	0	16561	2337	14	18915
3	6	B	40000	73972	26.028	8.623	26028	17405	3	5	0	17107	281	9	17395
3	6	cSpy was 6 spamed and the readout avoided!
3	7	G	40000	100000	0	0	0	0	0	0	0	0	0	0	2
3	7	A	40000	100000	0	0	0	0	0	0	0	0	0	0	1
3	7	B	40000	100000	0	0	0	0	0	0	0	0	0	0	1
4	0	G	40000	1004	98.996	67.293	98996	27298	116	0	0	24631	2408	143	27117
4	0	A	40000	1691	98.309	96.475	98309	1834	78	0	0	1080	547	129	1684
4	0	B	40000	36425	63.575	38.111	63575	25464	38	0	0	23551	1861	14	25433
4	0	cSpy was 2 spamed and the readout avoided!
4	1	G	40000	100000	0	0	0	0	0	0	0	0	0	0	2
4	1	A	40000	100000	0	0	0	0	0	0	0	0	0	0	1
4	1	B	40000	100000	0	0	0	0	0	0	0	0	0	0	1
4	2	G	40000	100000	0	0	0	0	0	0	0	0	0	0	2
4	2	A	40000	100000	0	0	0	0	0	0	0	0	0	0	1
4	2	B	40000	100000	0	0	0	0	0	0	0	0	0	0	1
4	3	G	40000	19651	80.349	58.9395	80349	34169	811	1	0	32629	124	604	33089
4	3	A	40000	23662	76.338	59.22	76338	17118	394	1	0	16297	0	426	16402
4	3	B	40000	24290	75.71	58.659	75710	17051	417	0	0	16332	124	178	16687
4	3	cSpy was 14 spamed and the readout avoided!
4	4	G	40000	0	100	100	100000	200000	200000	200000	200000	200000	200000	200000	200002
4	4	A	40000	0	100	100	100000	100000	100000	100000	100000	100000	100000	100000	100001
4	4	B	40000	0	100	100	100000	100000	100000	100000	100000	100000	100000	100000	100001
4	5	G	40000	100000	0	0	0	0	0	0	0	0	0	0	2
4	5	A	40000	100000	0	0	0	0	0	0	0	0	0	0	1
4	5	B	40000	100000	0	0	0	0	0	0	0	0	0	0	1
4	6	G	40000	100000	0	0	0	0	0	0	0	0	0	0	2
4	6	A	40000	100000	0	0	0	0	0	0	0	0	0	0	1
4	6	B	40000	100000	0	0	0	0	0	0	0	0	0	0	1
4	7	G	40000	33912	66.088	45.548	66088	32548	289	1	0	31979	18	261	32194
4	7	A	40000	38075	61.925	45.668	61925	16257	141	1	0	15910	5	200	15999
4	7	B	40000	38281	61.719	45.428	61719	16291	148	0	0	16069	13	61	16195
4	7	cSpy was 7 spamed and the readout avoided!
5	0	G	40000	480	99.52	56.8945	99520	14808	136	0	0	13726	97	849	14267
5	0	A	40000	604	99.396	98.25	99396	1146	136	0	0	72	90	848	604
5	0	B	40000	70799	29.201	15.539	29201	13662	0	0	0	13654	7	1	13663
5	0	cSpy was 49 spamed and the readout avoided!
5	1	G	40000	63214	36.786	17.236	36786	29919	19	1	0	29843	4	52	29901
5	1	A	40000	67801	32.199	17.45	32199	14749	9	1	0	14685	4	50	14734
5	1	B	40000	67808	32.192	17.022	32192	15170	10	0	0	15158	0	2	15167
5	1	cSpy was 1 spamed and the readout avoided!
5	2	G	40000	24	99.976	98.9955	99976	1260	40	0	0	487	158	575	748
5	2	A	40000	50	99.95	99.474	99950	476	0	0	0	4	0	472	50
5	2	B	40000	699	99.301	98.517	99301	784	40	0	0	483	158	103	698
5	2	cSpy was 19 spamed and the readout avoided!
5	3	G	40000	96428	3.572	0.021	3572	7020	0	0	0	6942	78	0	7022
5	3	A	40000	96429	3.571	0.021	3571	3550	0	0	0	3473	77	0	3551
5	3	B	40000	96509	3.491	0.021	3491	3470	0	0	0	3469	1	0	3471
5	4	G	40000	100000	0	0	0	0	0	0	0	0	0	0	2
5	4	A	40000	100000	0	0	0	0	0	0	0	0	0	0	1
5	4	B	40000	100000	0	0	0	0	0	0	0	0	0	0	1
5	5	G	40000	97298	2.702	0.373	2702	4393	0	0	0	4392	0	1	4395
5	5	A	40000	97407	2.593	0.403	2593	2190	0	0	0	2189	0	1	2191
5	5	B	40000	97454	2.546	0.343	2546	2203	0	0	0	2203	0	0	2204
5	6	G	40000	0	100	100	100000	200000	200000	200000	200000	200000	200000	200000	200002
5	6	A	40000	0	100	100	100000	100000	100000	100000	100000	100000	100000	100000	100001
5	6	B	40000	0	100	100	100000	100000	100000	100000	100000	100000	100000	100000	100001
5	7	G	40000	20455	79.545	32.1645	79545	61057	0	0	0	53626	7288	143	60981
5	7	A	40000	35872	64.128	34.922	64128	29206	0	0	0	24866	4198	142	29131
5	7	B	40000	38742	61.258	29.407	61258	31851	0	0	0	28760	3090	1	31850
5	7	cSpy was 2 spamed and the readout avoided!
6	0	G	40000	517	99.483	96.64	99483	3644	337	4	0	1762	952	589	3063
6	0	A	40000	1117	98.883	97.317	98883	1566	183	0	0	228	645	510	1117
6	0	B	40000	1959	98.041	95.963	98041	2078	154	4	0	1534	307	79	1946
6	0	cSpy was 54 spamed and the readout avoided!
6	1	G	40000	9242	90.758	63.0585	90758	36108	20	0	0	32366	3292	430	35892
6	1	A	40000	17787	82.213	64.971	82213	17242	2	0	0	15196	1626	418	17045
6	1	B	40000	19988	80.012	61.146	80012	18866	18	0	0	17170	1666	12	18847
6	1	cSpy was 7 spamed and the readout avoided!
6	2	G	40000	100000	0	0	0	0	0	0	0	0	0	0	2
6	2	A	40000	100000	0	0	0	0	0	0	0	0	0	0	1
6	2	B	40000	100000	0	0	0	0	0	0	0	0	0	0	1
6	3	G	40000	100000	0	0	0	0	0	0	0	0	0	0	2
6	3	A	40000	100000	0	0	0	0	0	0	0	0	0	0	1
6	3	B	40000	100000	0	0	0	0	0	0	0	0	0	0	1
6	4	G	40000	20431	79.569	58.6715	79569	34246	811	0	0	32679	161	595	33164
6	4	A	40000	23919	76.081	58.946	76081	17135	391	0	0	16320	0	424	16416
6	4	B	40000	24492	75.508	58.397	75508	17111	420	0	0	16359	161	171	16748
6	4	cSpy was 8 spamed and the readout avoided!
6	5	G	40000	0	100	100	100000	200000	200000	200000	200000	200000	200000	200000	200002
6	5	A	40000	0	100	100	100000	100000	100000	100000	100000	100000	100000	100000	100001
6	5	B	40000	0	100	100	100000	100000	100000	100000	100000	100000	100000	100000	100001
6	6	G	40000	100000	0	0	0	0	0	0	0	0	0	0	2
6	6	A	40000	100000	0	0	0	0	0	0	0	0	0	0	1
6	6	B	40000	100000	0	0	0	0	0	0	0	0	0	0	1
6	7	G	40000	100000	0	0	0	0	0	0	0	0	0	0	2
6	7	A	40000	100000	0	0	0	0	0	0	0	0	0	0	1
6	7	B	40000	100000	0	0	0	0	0	0	0	0	0	0	1
7	0	G	40000	2088	97.912	49.522	97912	10964	205	0	0	9936	323	500	10502
7	0	A	40000	2333	97.667	94.896	97667	2771	205	0	0	1973	93	500	2308
7	0	B	40000	87659	12.341	4.148	12341	8193	0	0	0	7963	230	0	8194
7	0	cSpy was 3 spamed and the readout avoided!
7	1	G	40000	100000	0	0	0	0	0	0	0	0	0	0	2
7	1	A	40000	100000	0	0	0	0	0	0	0	0	0	0	1
7	1	B	40000	100000	0	0	0	0	0	0	0	0	0	0	1
7	2	G	40000	97537	2.463	0.2355	2463	4174	0	0	0	4143	31	0	4176
7	2	A	40000	97647	2.353	0.267	2353	2086	0	0	0	2062	24	0	2087
7	2	B	40000	97708	2.292	0.204	2292	2088	0	0	0	2081	7	0	2089
7	3	G	40000	0	100	100	100000	200000	200000	200000	200000	200000	200000	200000	200002
7	3	A	40000	0	100	100	100000	100000	100000	100000	100000	100000	100000	100000	100001
7	3	B	40000	0	100	100	100000	100000	100000	100000	100000	100000	100000	100000	100001
7	4	G	40000	54483	45.517	16.5585	45517	41927	4	1	0	37586	4183	153	41860
7	4	A	40000	60853	39.147	17.771	39147	21376	1	0	0	18363	2861	151	21310
7	4	B	40000	64103	35.897	15.346	35897	20551	3	1	0	19223	1322	2	20550
7	4	cSpy was 2 spamed and the readout avoided!
7	5	G	40000	100000	0	0	0	0	0	0	0	0	0	0	2
7	5	A	40000	100000	0	0	0	0	0	0	0	0	0	0	1
7	5	B	40000	100000	0	0	0	0	0	0	0	0	0	0	1
7	6	G	40000	99991	0.0090003	0	9	18	0	0	0	18	0	0	20
7	6	A	40000	99991	0.0090003	0	9	9	0	0	0	9	0	0	10
7	6	B	40000	99991	0.0090003	0	9	9	0	0	0	9	0	0	10
7	7	G	40000	59605	40.395	15.186	40395	36727	33	45	0	35864	581	204	36613
7	7	A	40000	65624	34.376	15.697	34376	18679	31	45	0	18173	228	202	18567
7	7	B	40000	67277	32.723	14.675	32723	18048	2	0	0	17691	353	2	18046
7	7	cSpy was 7 spamed and the readout avoided!
