#the gain was set to: 2	the bias was set to: 30
#Sent triggers per delay setting: 100000	and with a frequency [Hz] of: 40000
#160MHz delay setting	400MHz delay setting	Frequency	correct transmitted H+T		error rate [%]	uncertainty [%]	bad or missed events	error count	missing headers	missing trailers	flipped H/T	event nr errors	tbm missed trigger	unknown errors	event nr resets
0	0	G	40000	391	99.609	72.192	99609	19030	106	0	0	17993	321	610	18499
0	0	A	40000	610	99.39	98.256	99390	1134	91	0	0	162	280	601	610
0	0	B	40000	35976	64.024	46.128	64024	17896	15	0	0	17831	41	9	17889
0	0	cSpy was 35 spamed and the readout avoided!
0	1	G	40000	40019	59.981	41.308	59981	25332	293	0	0	24512	4	523	25077
0	1	A	40000	48279	51.721	40.818	51721	10903	147	0	0	10373	1	382	10754
0	1	B	40000	43773	56.227	41.798	56227	14429	146	0	0	14139	3	141	14323
0	2	G	40000	3896	96.104	83.0405	96104	16724	63	0	0	14132	2241	288	16542
0	2	A	40000	7678	92.322	84.882	92322	7440	38	0	0	5908	1214	280	7274
0	2	B	40000	9517	90.483	81.199	90483	9284	25	0	0	8224	1027	8	9268
0	2	cSpy was 1 spamed and the readout avoided!
0	3	G	40000	100000	0	0	0	0	0	0	0	0	0	0	2
0	3	A	40000	100000	0	0	0	0	0	0	0	0	0	0	1
0	3	B	40000	100000	0	0	0	0	0	0	0	0	0	0	1
0	4	G	40000	100000	0	0	0	0	0	0	0	0	0	0	2
0	4	A	40000	100000	0	0	0	0	0	0	0	0	0	0	1
0	4	B	40000	100000	0	0	0	0	0	0	0	0	0	0	1
0	5	G	40000	36336	63.664	39.9705	63664	31372	58	0	0	30836	92	386	31273
0	5	A	40000	46503	53.497	39.326	53497	14171	34	0	0	13736	39	362	14081
0	5	B	40000	42184	57.816	40.615	57816	17201	24	0	0	17100	53	24	17192
0	6	G	40000	3324	96.676	82.872	96676	17033	244	4	0	13728	2624	433	16630
0	6	A	40000	6908	93.092	86.198	93092	6894	140	0	0	5071	1291	392	6573
0	6	B	40000	10315	89.685	79.546	89685	10139	104	4	0	8657	1333	41	10057
0	6	cSpy was 20 spamed and the readout avoided!
0	7	G	40000	99015	0.985003	0.234	985	1498	0	0	0	1498	0	0	1500
0	7	A	40000	99018	0.981998	0.234	982	748	0	0	0	748	0	0	749
0	7	B	40000	99016	0.984001	0.234	984	750	0	0	0	750	0	0	751
1	0	G	40000	361	99.639	97.29	99639	2934	219	2	0	2020	192	501	2468
1	0	A	40000	1700	98.3	96.222	98300	2078	196	2	0	1328	132	420	1683
1	0	B	40000	786	99.214	98.358	99214	856	23	0	0	692	60	81	785
1	0	cSpy was 29 spamed and the readout avoided!
1	1	G	40000	99199	0.801003	0.0105	801	1572	0	0	0	1570	2	0	1574
1	1	A	40000	99205	0.795001	0.008	795	787	0	0	0	786	1	0	788
1	1	B	40000	99202	0.797999	0.013	798	785	0	0	0	784	1	0	786
1	2	G	40000	100000	0	0	0	0	0	0	0	0	0	0	2
1	2	A	40000	100000	0	0	0	0	0	0	0	0	0	0	1
1	2	B	40000	100000	0	0	0	0	0	0	0	0	0	0	1
1	3	G	40000	94683	5.317	1.7345	5317	6072	0	0	0	6039	21	12	6074
1	3	A	40000	95444	4.556	1.65	4556	2906	0	0	0	2875	19	12	2907
1	3	B	40000	95015	4.985	1.819	4985	3166	0	0	0	3164	2	0	3167
1	4	G	40000	0	100	100	100000	200000	200000	200000	200000	200000	200000	200000	200002
1	4	A	40000	0	100	100	100000	100000	100000	100000	100000	100000	100000	100000	100001
1	4	B	40000	0	100	100	100000	100000	100000	100000	100000	100000	100000	100000	100001
1	5	G	40000	74846	25.154	5.47	25154	19717	1	0	0	17305	2400	11	19718
1	5	A	40000	87625	12.375	2.504	12375	9871	0	0	0	8741	1119	11	9872
1	5	B	40000	81718	18.282	8.436	18282	9846	1	0	0	8564	1281	0	9846
1	6	G	40000	100000	0	0	0	0	0	0	0	0	0	0	2
1	6	A	40000	100000	0	0	0	0	0	0	0	0	0	0	1
1	6	B	40000	100000	0	0	0	0	0	0	0	0	0	0	1
1	7	G	40000	99988	0.0119984	0	12	24	0	0	0	24	0	0	26
1	7	A	40000	99988	0.0119984	0	12	12	0	0	0	12	0	0	13
1	7	B	40000	99988	0.0119984	0	12	12	0	0	0	12	0	0	13
2	0	G	40000	2561	97.439	48.064	97439	4080	39	2	0	3848	106	85	3986
2	0	A	40000	2603	97.397	94.753	97397	2644	39	2	0	2412	106	85	2549
2	0	B	40000	97189	2.811	1.375	2811	1436	0	0	0	1436	0	0	1437
2	1	G	40000	100000	0	0	0	0	0	0	0	0	0	0	2
2	1	A	40000	100000	0	0	0	0	0	0	0	0	0	0	1
2	1	B	40000	100000	0	0	0	0	0	0	0	0	0	0	1
2	2	G	40000	25392	74.608	53.0295	74608	26538	833	2	0	23533	1407	763	25784
2	2	A	40000	36903	63.097	51.106	63097	11991	464	1	0	10451	583	492	11533
2	2	B	40000	30500	69.5	54.953	69500	14547	369	1	0	13082	824	271	14251
2	2	cSpy was 18 spamed and the readout avoided!
2	3	G	40000	6143	93.857	67.1425	93857	32040	60	0	0	28159	3685	136	31957
2	3	A	40000	21577	78.423	57.657	78423	20766	7	0	0	18018	2636	105	20718
2	3	B	40000	12098	87.902	76.628	87902	11274	53	0	0	10141	1049	31	11239
2	3	cSpy was 1 spamed and the readout avoided!
2	4	G	40000	100000	0	0	0	0	0	0	0	0	0	0	2
2	4	A	40000	100000	0	0	0	0	0	0	0	0	0	0	1
2	4	B	40000	100000	0	0	0	0	0	0	0	0	0	0	1
2	5	G	40000	99972	0.0280023	0	28	56	0	0	0	56	0	0	58
2	5	A	40000	99972	0.0280023	0	28	28	0	0	0	28	0	0	29
2	5	B	40000	99972	0.0280023	0	28	28	0	0	0	28	0	0	29
2	6	G	40000	46317	53.683	36.1245	53683	21316	207	1	0	19933	760	415	21157
2	6	A	40000	55965	44.035	34.572	44035	9463	126	1	0	8431	566	339	9342
2	6	B	40000	50470	49.53	37.677	49530	11853	81	0	0	11502	194	76	11815
2	7	G	40000	0	100	100	100000	200000	200000	200000	200000	200000	200000	200000	200002
2	7	A	40000	0	100	100	100000	100000	100000	100000	100000	100000	100000	100000	100001
2	7	B	40000	0	100	100	100000	100000	100000	100000	100000	100000	100000	100000	100001
3	0	G	40000	1143	98.857	69.206	98857	16634	277	3	0	15371	338	645	16067
3	0	A	40000	1670	98.33	96.147	98330	2183	221	0	0	1303	35	624	1658
3	0	B	40000	43284	56.716	42.265	56716	14451	56	3	0	14068	303	21	14409
3	0	cSpy was 7 spamed and the readout avoided!
3	1	G	40000	0	100	100	100000	200000	200000	200000	200000	200000	200000	200000	200002
3	1	A	40000	0	100	100	100000	100000	100000	100000	100000	100000	100000	100000	100001
3	1	B	40000	0	100	100	100000	100000	100000	100000	100000	100000	100000	100000	100001
3	2	G	40000	73902	26.098	20.882	26098	6875	124	15	2	6062	485	187	6679
3	2	A	40000	75617	24.383	20.948	24383	3435	70	10	2	2967	220	166	3285
3	2	B	40000	75744	24.256	20.816	24256	3440	54	5	0	3095	265	21	3394
3	2	cSpy was 20 spamed and the readout avoided!
3	3	G	40000	100000	0	0	0	0	0	0	0	0	0	0	2
3	3	A	40000	100000	0	0	0	0	0	0	0	0	0	0	1
3	3	B	40000	100000	0	0	0	0	0	0	0	0	0	0	1
3	4	G	40000	81359	18.641	10.3395	18641	13302	50	0	0	13184	33	35	13259
3	4	A	40000	83016	16.984	10.256	16984	6728	24	0	0	6668	5	31	6694
3	4	B	40000	83003	16.997	10.423	16997	6574	26	0	0	6516	28	4	6565
3	5	G	40000	0	100	100	100000	200000	200000	200000	200000	200000	200000	200000	200002
3	5	A	40000	0	100	100	100000	100000	100000	100000	100000	100000	100000	100000	100001
3	5	B	40000	0	100	100	100000	100000	100000	100000	100000	100000	100000	100000	100001
3	6	G	40000	56205	43.795	31.226	43795	20412	49	8	0	18884	1354	117	20303
3	6	A	40000	57880	42.12	31.584	42120	10536	0	0	0	9383	1116	37	10507
3	6	B	40000	59256	40.744	30.868	40744	9876	49	8	0	9501	238	80	9796
3	6	cSpy was 67 spamed and the readout avoided!
3	7	G	40000	100000	0	0	0	0	0	0	0	0	0	0	2
3	7	A	40000	100000	0	0	0	0	0	0	0	0	0	0	1
3	7	B	40000	100000	0	0	0	0	0	0	0	0	0	0	1
4	0	G	40000	0	100	100	100000	200000	200000	200000	200000	200000	200000	200000	200002
4	0	A	40000	0	100	100	100000	100000	100000	100000	100000	100000	100000	100000	100001
4	0	B	40000	0	100	100	100000	100000	100000	100000	100000	100000	100000	100000	100001
4	1	G	40000	100000	0	0	0	0	0	0	0	0	0	0	2
4	1	A	40000	100000	0	0	0	0	0	0	0	0	0	0	1
4	1	B	40000	100000	0	0	0	0	0	0	0	0	0	0	1
4	2	G	40000	99889	0.111002	0.004	111	212	0	0	0	212	0	0	214
4	2	A	40000	99889	0.111002	0.005	111	106	0	0	0	106	0	0	107
4	2	B	40000	99891	0.108999	0.003	109	106	0	0	0	106	0	0	107
4	3	G	40000	19970	80.03	58.1755	80030	34434	701	0	0	33098	91	544	33500
4	3	A	40000	24328	75.672	58.432	75672	17240	345	0	0	16503	3	389	16606
4	3	B	40000	24887	75.113	57.919	75113	17194	356	0	0	16595	88	155	16894
4	3	cSpy was 8 spamed and the readout avoided!
4	4	G	40000	6149	93.851	76.8395	93851	22812	198	12	0	19847	2235	520	22368
4	4	A	40000	11509	88.491	77.144	88491	11347	107	7	0	9693	1111	429	11004
4	4	B	40000	12000	88	76.535	88000	11465	91	5	0	10154	1124	91	11364
4	4	cSpy was 27 spamed and the readout avoided!
4	5	G	40000	100000	0	0	0	0	0	0	0	0	0	0	2
4	5	A	40000	100000	0	0	0	0	0	0	0	0	0	0	1
4	5	B	40000	100000	0	0	0	0	0	0	0	0	0	0	1
4	6	G	40000	99999	0.00100136	0	1	2	0	0	0	2	0	0	4
4	6	A	40000	99999	0.00100136	0	1	1	0	0	0	1	0	0	2
4	6	B	40000	99999	0.00100136	0	1	1	0	0	0	1	0	0	2
4	7	G	40000	40535	59.465	41.2335	59465	28822	296	0	0	28232	26	268	28433
4	7	A	40000	44242	55.758	41.344	55758	14414	143	0	0	14067	4	200	14143
4	7	B	40000	44469	55.531	41.123	55531	14408	153	0	0	14165	22	68	14290
4	7	cSpy was 4 spamed and the readout avoided!
5	0	G	40000	535	99.465	56.199	99465	14033	148	0	0	12917	125	843	13464
5	0	A	40000	625	99.375	98.181	99375	1194	148	0	0	88	115	843	624
5	0	B	40000	72944	27.056	14.217	27056	12839	0	0	0	12829	10	0	12840
5	0	cSpy was 42 spamed and the readout avoided!
5	1	G	40000	61266	38.734	19.6865	38734	29353	26	0	0	29255	8	64	29330
5	1	A	40000	65666	34.334	19.85	34334	14484	13	0	0	14402	8	61	14463
5	1	B	40000	65608	34.392	19.523	34392	14869	13	0	0	14853	0	3	14867
5	1	cSpy was 2 spamed and the readout avoided!
5	2	G	40000	30	99.97	98.993	99970	1283	28	0	0	509	103	643	728
5	2	A	40000	75	99.925	99.381	99925	544	0	0	0	7	0	537	75
5	2	B	40000	656	99.344	98.605	99344	739	28	0	0	502	103	106	653
5	2	cSpy was 18 spamed and the readout avoided!
5	3	G	40000	98957	1.043	0	1043	2084	0	0	0	2082	2	0	2086
5	3	A	40000	98957	1.043	0	1043	1043	0	0	0	1041	2	0	1044
5	3	B	40000	98959	1.041	0	1041	1041	0	0	0	1041	0	0	1042
5	4	G	40000	100000	0	0	0	0	0	0	0	0	0	0	2
5	4	A	40000	100000	0	0	0	0	0	0	0	0	0	0	1
5	4	B	40000	100000	0	0	0	0	0	0	0	0	0	0	1
5	5	G	40000	93637	6.363	1.097	6363	9345	0	0	0	9344	0	1	9347
5	5	A	40000	94154	5.846	1.201	5846	4645	0	0	0	4644	0	1	4646
5	5	B	40000	94307	5.693	0.993	5693	4700	0	0	0	4700	0	0	4701
5	6	G	40000	3	99.997	97.63	99997	2481	200	1	0	938	1190	152	2256
5	6	A	40000	8	99.992	99.911	99992	81	0	0	0	2	1	78	8
5	6	B	40000	2251	97.749	95.349	97749	2400	200	1	0	936	1189	74	2248
5	6	cSpy was 45 spamed and the readout avoided!
5	7	G	40000	36280	63.72	14.538	63720	63384	19	10	0	56543	6685	127	63326
5	7	A	40000	52365	47.635	15.915	47635	31720	19	10	0	27328	4236	127	31661
5	7	B	40000	55175	44.825	13.161	44825	31664	0	0	0	29215	2449	0	31665
5	7	cSpy was 5 spamed and the readout avoided!
6	0	G	40000	547	99.453	96.0355	99453	4287	357	2	0	2126	1124	678	3632
6	0	A	40000	1282	98.718	96.93	98718	1788	196	1	0	207	786	598	1282
6	0	B	40000	2360	97.64	95.141	97640	2499	161	1	0	1919	338	80	2350
6	0	cSpy was 67 spamed and the readout avoided!
6	1	G	40000	15017	84.983	43.5745	84983	53583	9	1	0	47687	5580	306	53420
6	1	A	40000	28120	71.88	46.337	71880	25543	3	0	0	22167	3067	306	25385
6	1	B	40000	31148	68.852	40.812	68852	28040	6	1	0	25520	2513	0	28035
6	1	cSpy was 4 spamed and the readout avoided!
6	2	G	40000	100000	0	0	0	0	0	0	0	0	0	0	2
6	2	A	40000	100000	0	0	0	0	0	0	0	0	0	0	1
6	2	B	40000	100000	0	0	0	0	0	0	0	0	0	0	1
6	3	G	40000	100000	0	0	0	0	0	0	0	0	0	0	2
6	3	A	40000	100000	0	0	0	0	0	0	0	0	0	0	1
6	3	B	40000	100000	0	0	0	0	0	0	0	0	0	0	1
6	4	G	40000	20406	79.594	58.678	79594	34233	815	0	0	32662	155	601	33143
6	4	A	40000	23914	76.086	58.957	76086	17129	393	0	0	16312	0	424	16407
6	4	B	40000	24497	75.503	58.399	75503	17104	422	0	0	16350	155	177	16736
6	4	cSpy was 16 spamed and the readout avoided!
6	5	G	40000	8366	91.634	79.272	91634	16226	114	2	0	14085	1139	886	15630
6	5	A	40000	11853	88.147	80.567	88147	7580	5	0	0	6337	476	762	7124
6	5	B	40000	13377	86.623	77.977	86623	8646	109	2	0	7748	663	124	8506
6	5	cSpy was 56 spamed and the readout avoided!
6	6	G	40000	100000	0	0	0	0	0	0	0	0	0	0	2
6	6	A	40000	100000	0	0	0	0	0	0	0	0	0	0	1
6	6	B	40000	100000	0	0	0	0	0	0	0	0	0	0	1
6	7	G	40000	100000	0	0	0	0	0	0	0	0	0	0	2
6	7	A	40000	100000	0	0	0	0	0	0	0	0	0	0	1
6	7	B	40000	100000	0	0	0	0	0	0	0	0	0	0	1
7	0	G	40000	2032	97.968	48.036	97968	8117	195	1	0	7280	114	527	7664
7	0	A	40000	2154	97.846	95.27	97846	2576	195	1	0	1786	67	527	2122
7	0	B	40000	93657	6.343	0.802	6343	5541	0	0	0	5494	47	0	5542
7	0	cSpy was 3 spamed and the readout avoided!
7	1	G	40000	100000	0	0	0	0	0	0	0	0	0	0	2
7	1	A	40000	100000	0	0	0	0	0	0	0	0	0	0	1
7	1	B	40000	100000	0	0	0	0	0	0	0	0	0	0	1
7	2	G	40000	97828	2.172	0.1965	2172	3704	0	0	0	3681	23	0	3706
7	2	A	40000	97920	2.08	0.227	2080	1853	0	0	0	1833	20	0	1854
7	2	B	40000	97983	2.017	0.166	2017	1851	0	0	0	1848	3	0	1852
7	3	G	40000	0	100	100	100000	200000	200000	200000	200000	200000	200000	200000	200002
7	3	A	40000	0	100	100	100000	100000	100000	100000	100000	100000	100000	100000	100001
7	3	B	40000	0	100	100	100000	100000	100000	100000	100000	100000	100000	100000	100001
7	4	G	40000	67076	32.924	24.967	32924	14308	6	0	0	13162	1037	103	14223
7	4	A	40000	67252	32.748	25.116	32748	7632	0	0	0	6703	859	70	7577
7	4	B	40000	68506	31.494	24.818	31494	6676	6	0	0	6459	178	33	6646
7	4	cSpy was 2 spamed and the readout avoided!
7	5	G	40000	100000	0	0	0	0	0	0	0	0	0	0	2
7	5	A	40000	100000	0	0	0	0	0	0	0	0	0	0	1
7	5	B	40000	100000	0	0	0	0	0	0	0	0	0	0	1
7	6	G	40000	99987	0.0129998	0	13	26	0	0	0	26	0	0	28
7	6	A	40000	99987	0.0129998	0	13	13	0	0	0	13	0	0	14
7	6	B	40000	99987	0.0129998	0	13	13	0	0	0	13	0	0	14
7	7	G	40000	45768	54.232	25.834	54232	43222	10	2	0	41731	1317	162	43153
7	7	A	40000	51916	48.084	26.278	48084	21806	6	2	0	21043	593	162	21740
7	7	B	40000	53194	46.806	25.39	46806	21416	4	0	0	20688	724	0	21413
7	7	cSpy was 8 spamed and the readout avoided!
