#the gain was set to: 2	the bias was set to: 30
#Sent triggers per delay setting: 100000	and with a frequency [Hz] of: 40000
#160MHz delay setting	400MHz delay setting	Frequency	correct transmitted H+T		error rate [%]	uncertainty [%]	bad or missed events	error count	missing headers	missing trailers	flipped H/T	event nr errors	tbm missed trigger	unknown errors	event nr resets
0	0	G	40000	441	99.559	71.5205	99559	19183	104	0	0	18152	294	633	18650
0	0	A	40000	628	99.372	98.215	99372	1157	93	0	0	187	256	621	628
0	0	B	40000	37148	62.852	44.826	62852	18026	11	0	0	17965	38	12	18022
0	0	cSpy was 26 spamed and the readout avoided!
0	1	G	40000	40723	59.277	42.413	59277	23420	420	0	0	22063	437	500	23087
0	1	A	40000	47906	52.094	41.999	52094	10095	216	0	0	9507	0	372	9882
0	1	B	40000	43848	56.152	42.827	56152	13325	204	0	0	12556	437	128	13205
0	2	G	40000	2827	97.173	85.155	97173	14696	92	2	0	12449	1754	399	14417
0	2	A	40000	5542	94.458	88.912	94458	5546	57	0	0	4198	908	383	5295
0	2	B	40000	9452	90.548	81.398	90548	9150	35	2	0	8251	846	16	9122
0	2	cSpy was 3 spamed and the readout avoided!
0	3	G	40000	100000	0	0	0	0	0	0	0	0	0	0	2
0	3	A	40000	100000	0	0	0	0	0	0	0	0	0	0	1
0	3	B	40000	100000	0	0	0	0	0	0	0	0	0	0	1
0	4	G	40000	100000	0	0	0	0	0	0	0	0	0	0	2
0	4	A	40000	100000	0	0	0	0	0	0	0	0	0	0	1
0	4	B	40000	100000	0	0	0	0	0	0	0	0	0	0	1
0	5	G	40000	35787	64.213	43.444	64213	28267	29	0	0	27685	156	397	28215
0	5	A	40000	44604	55.396	42.917	55396	12479	18	0	0	12049	26	386	12433
0	5	B	40000	40241	59.759	43.971	59759	15788	11	0	0	15636	130	11	15782
0	6	G	40000	1996	98.004	89.564	98004	10484	258	2	0	7818	1948	458	10017
0	6	A	40000	4371	95.629	91.147	95629	4482	114	0	0	2853	1217	298	4210
0	6	B	40000	6017	93.983	87.981	93983	6002	144	2	0	4965	731	160	5807
0	6	cSpy was 20 spamed and the readout avoided!
0	7	G	40000	99676	0.323999	0.001	324	646	0	0	0	646	0	0	648
0	7	A	40000	99676	0.323999	0.001	324	323	0	0	0	323	0	0	324
0	7	B	40000	99676	0.323999	0.001	324	323	0	0	0	323	0	0	324
1	0	G	40000	419	99.581	96.3985	99581	3825	273	5	1	2521	534	491	3322
1	0	A	40000	2126	97.874	95.39	97874	2484	211	4	0	1650	228	391	2079
1	0	B	40000	1252	98.748	97.407	98748	1341	62	1	1	871	306	100	1243
1	0	cSpy was 32 spamed and the readout avoided!
1	1	G	40000	99443	0.556999	0.155	557	804	0	0	0	804	0	0	806
1	1	A	40000	99443	0.556999	0.155	557	402	0	0	0	402	0	0	403
1	1	B	40000	99443	0.556999	0.155	557	402	0	0	0	402	0	0	403
1	2	G	40000	100000	0	0	0	0	0	0	0	0	0	0	2
1	2	A	40000	100000	0	0	0	0	0	0	0	0	0	0	1
1	2	B	40000	100000	0	0	0	0	0	0	0	0	0	0	1
1	3	G	40000	87342	12.658	5.103	12658	10303	2	0	0	10085	182	34	10299
1	3	A	40000	90375	9.625	4.65	9625	4975	1	0	0	4796	144	34	4970
1	3	B	40000	89116	10.884	5.556	10884	5328	1	0	0	5289	38	0	5329
1	4	G	40000	0	100	100	100000	200000	200000	200000	200000	200000	200000	200000	200002
1	4	A	40000	0	100	100	100000	100000	100000	100000	100000	100000	100000	100000	100001
1	4	B	40000	0	100	100	100000	100000	100000	100000	100000	100000	100000	100000	100001
1	5	G	40000	81738	18.262	3.221	18262	15649	0	0	0	14277	1372	0	15651
1	5	A	40000	90732	9.268	1.461	9268	7807	0	0	0	7204	603	0	7808
1	5	B	40000	87177	12.823	4.981	12823	7842	0	0	0	7073	769	0	7843
1	6	G	40000	100000	0	0	0	0	0	0	0	0	0	0	2
1	6	A	40000	100000	0	0	0	0	0	0	0	0	0	0	1
1	6	B	40000	100000	0	0	0	0	0	0	0	0	0	0	1
1	7	G	40000	99960	0.0400007	0.001	40	78	0	0	0	78	0	0	80
1	7	A	40000	99960	0.0400007	0.001	40	39	0	0	0	39	0	0	40
1	7	B	40000	99960	0.0400007	0.001	40	39	0	0	0	39	0	0	40
2	0	G	40000	2375	97.625	48.3025	97625	4055	39	1	0	3841	99	75	3974
2	0	A	40000	2417	97.583	95.113	97583	2470	39	1	0	2256	99	75	2388
2	0	B	40000	96923	3.077	1.492	3077	1585	0	0	0	1585	0	0	1586
2	1	G	40000	98031	1.969	0.6945	1969	1739	0	0	0	1720	15	4	1741
2	1	A	40000	98524	1.476	0.632	1476	844	0	0	0	830	10	4	845
2	1	B	40000	98348	1.652	0.757	1652	895	0	0	0	890	5	0	896
2	2	G	40000	23117	76.883	53.447	76883	28387	891	11	0	25343	1373	769	27530
2	2	A	40000	35696	64.304	51.08	64304	13224	452	4	0	11057	1208	503	12740
2	2	B	40000	29023	70.977	55.814	70977	15163	439	7	0	14286	165	266	14790
2	2	cSpy was 1 spamed and the readout avoided!
2	3	G	40000	7010	92.99	68.096	92990	29686	139	1	0	25755	3633	158	29516
2	3	A	40000	20801	79.199	60.56	79199	18639	29	0	0	15915	2613	82	18563
2	3	B	40000	13321	86.679	75.632	86679	11047	110	1	0	9840	1020	76	10953
2	3	cSpy was 20 spamed and the readout avoided!
2	4	G	40000	100000	0	0	0	0	0	0	0	0	0	0	2
2	4	A	40000	100000	0	0	0	0	0	0	0	0	0	0	1
2	4	B	40000	100000	0	0	0	0	0	0	0	0	0	0	1
2	5	G	40000	100000	0	0	0	0	0	0	0	0	0	0	2
2	5	A	40000	100000	0	0	0	0	0	0	0	0	0	0	1
2	5	B	40000	100000	0	0	0	0	0	0	0	0	0	0	1
2	6	G	40000	35890	64.11	41.444	64110	26246	110	1	0	24403	1347	385	26142
2	6	A	40000	48876	51.124	38.905	51124	12219	64	0	0	10489	1316	350	12145
2	6	B	40000	41990	58.01	43.983	58010	14027	46	1	0	13914	31	35	13997
2	7	G	40000	0	100	100	100000	200000	200000	200000	200000	200000	200000	200000	200002
2	7	A	40000	0	100	100	100000	100000	100000	100000	100000	100000	100000	100000	100001
2	7	B	40000	0	100	100	100000	100000	100000	100000	100000	100000	100000	100000	100001
3	0	G	40000	993	99.007	73.138	99007	17245	263	3	0	16014	335	630	16695
3	0	A	40000	1566	98.434	96.375	98434	2059	192	0	0	1237	32	598	1550
3	0	B	40000	34913	65.087	49.901	65087	15186	71	3	0	14777	303	32	15145
3	0	cSpy was 10 spamed and the readout avoided!
3	1	G	40000	0	100	100	100000	200000	200000	200000	200000	200000	200000	200000	200002
3	1	A	40000	0	100	100	100000	100000	100000	100000	100000	100000	100000	100000	100001
3	1	B	40000	0	100	100	100000	100000	100000	100000	100000	100000	100000	100000	100001
3	2	G	40000	99928	0.0720024	0	72	144	0	0	0	144	0	0	146
3	2	A	40000	99928	0.0720024	0	72	72	0	0	0	72	0	0	73
3	2	B	40000	99928	0.0720024	0	72	72	0	0	0	72	0	0	73
3	3	G	40000	100000	0	0	0	0	0	0	0	0	0	0	2
3	3	A	40000	100000	0	0	0	0	0	0	0	0	0	0	1
3	3	B	40000	100000	0	0	0	0	0	0	0	0	0	0	1
3	4	G	40000	84686	15.314	4.183	15314	19321	4	0	0	19276	31	10	19318
3	4	A	40000	86257	13.743	4.001	13743	9742	2	0	0	9703	27	10	9739
3	4	B	40000	86056	13.944	4.365	13944	9579	2	0	0	9573	4	0	9579
3	5	G	40000	0	100	100	100000	200000	200000	200000	200000	200000	200000	200000	200002
3	5	A	40000	0	100	100	100000	100000	100000	100000	100000	100000	100000	100000	100001
3	5	B	40000	0	100	100	100000	100000	100000	100000	100000	100000	100000	100000	100001
3	6	G	40000	77181	22.819	5.7555	22819	29480	16	13	0	27842	1584	25	29463
3	6	A	40000	78730	21.27	5.715	21270	15555	2	0	0	14052	1498	3	15556
3	6	B	40000	80279	19.721	5.796	19721	13925	14	13	0	13790	86	22	13907
3	6	cSpy was 3 spamed and the readout avoided!
3	7	G	40000	100000	0	0	0	0	0	0	0	0	0	0	2
3	7	A	40000	100000	0	0	0	0	0	0	0	0	0	0	1
3	7	B	40000	100000	0	0	0	0	0	0	0	0	0	0	1
4	0	G	40000	1133	98.867	57.902	98867	27897	142	1	0	25692	1811	251	27616
4	0	A	40000	1631	98.369	96.473	98369	1896	130	0	0	1025	502	239	1625
4	0	B	40000	54668	45.332	19.331	45332	26001	12	1	0	24667	1309	12	25991
4	0	cSpy was 3 spamed and the readout avoided!
4	1	G	40000	100000	0	0	0	0	0	0	0	0	0	0	2
4	1	A	40000	100000	0	0	0	0	0	0	0	0	0	0	1
4	1	B	40000	100000	0	0	0	0	0	0	0	0	0	0	1
4	2	G	40000	97532	2.468	0.6815	2468	2936	0	0	0	2932	2	2	2938
4	2	A	40000	97838	2.162	0.715	2162	1447	0	0	0	1443	2	2	1448
4	2	B	40000	97863	2.137	0.648	2137	1489	0	0	0	1489	0	0	1490
4	3	G	40000	18943	81.057	58.8035	81057	34181	725	1	0	32760	106	589	33185
4	3	A	40000	23809	76.191	59.103	76191	17088	356	1	0	16316	4	411	16435
4	3	B	40000	24403	75.597	58.504	75597	17093	369	0	0	16444	102	178	16750
4	3	cSpy was 7 spamed and the readout avoided!
4	4	G	40000	7534	92.466	71.994	92466	27143	83	9	0	24395	2307	349	26917
4	4	A	40000	14220	85.78	72.306	85780	13474	41	6	0	11880	1223	324	13289
4	4	B	40000	14649	85.351	71.682	85351	13669	42	3	0	12515	1084	25	13628
4	4	cSpy was 28 spamed and the readout avoided!
4	5	G	40000	100000	0	0	0	0	0	0	0	0	0	0	2
4	5	A	40000	100000	0	0	0	0	0	0	0	0	0	0	1
4	5	B	40000	100000	0	0	0	0	0	0	0	0	0	0	1
4	6	G	40000	100000	0	0	0	0	0	0	0	0	0	0	2
4	6	A	40000	100000	0	0	0	0	0	0	0	0	0	0	1
4	6	B	40000	100000	0	0	0	0	0	0	0	0	0	0	1
4	7	G	40000	28197	71.803	50.8905	71803	33019	408	0	0	32229	46	336	32488
4	7	A	40000	32431	67.569	51.057	67569	16512	195	0	0	16070	1	246	16144
4	7	B	40000	32769	67.231	50.724	67231	16507	213	0	0	16159	45	90	16344
4	7	cSpy was 8 spamed and the readout avoided!
5	0	G	40000	501	99.499	56.5865	99499	14508	138	0	0	13433	108	829	13958
5	0	A	40000	602	99.398	98.246	99398	1152	138	0	0	84	101	829	601
5	0	B	40000	71717	28.283	14.927	28283	13356	0	0	0	13349	7	0	13357
5	0	cSpy was 38 spamed and the readout avoided!
5	1	G	40000	48442	51.558	28.055	51558	36033	58	0	0	35881	6	88	35980
5	1	A	40000	53985	46.015	28.218	46015	17797	29	0	0	17678	6	84	17754
5	1	B	40000	53872	46.128	27.892	46128	18236	29	0	0	18203	0	4	18226
5	2	G	40000	34	99.966	98.8215	99966	1518	37	0	0	622	92	767	837
5	2	A	40000	84	99.916	99.238	99916	678	0	0	0	7	0	671	84
5	2	B	40000	755	99.245	98.405	99245	840	37	0	0	615	92	96	753
5	2	cSpy was 19 spamed and the readout avoided!
5	3	G	40000	99109	0.891	0	891	1781	0	0	0	1780	1	0	1783
5	3	A	40000	99109	0.891	0	891	891	0	0	0	890	1	0	892
5	3	B	40000	99110	0.889999	0	890	890	0	0	0	890	0	0	891
5	4	G	40000	100000	0	0	0	0	0	0	0	0	0	0	2
5	4	A	40000	100000	0	0	0	0	0	0	0	0	0	0	1
5	4	B	40000	100000	0	0	0	0	0	0	0	0	0	0	1
5	5	G	40000	89964	10.036	2.836	10036	12267	2	0	0	12261	0	4	12267
5	5	A	40000	90960	9.04	2.96	9040	6080	1	0	0	6075	0	4	6079
5	5	B	40000	91101	8.899	2.712	8899	6187	1	0	0	6186	0	0	6188
5	6	G	40000	0	100	100	100000	200000	200000	200000	200000	200000	200000	200000	200002
5	6	A	40000	0	100	100	100000	100000	100000	100000	100000	100000	100000	100000	100001
5	6	B	40000	0	100	100	100000	100000	100000	100000	100000	100000	100000	100000	100001
5	7	G	40000	44500	55.5	11.924	55500	56471	13	11	0	50388	5952	107	56427
5	7	A	40000	58577	41.423	13.1	41423	28323	13	11	0	24430	3762	107	28278
5	7	B	40000	61104	38.896	10.748	38896	28148	0	0	0	25958	2190	0	28149
6	0	G	40000	520	99.48	96.3	99480	3998	342	3	0	1955	1067	631	3387
6	0	A	40000	1219	98.781	97.101	98781	1680	183	1	0	182	766	548	1219
6	0	B	40000	2183	97.817	95.499	97817	2318	159	2	0	1773	301	83	2168
6	0	cSpy was 52 spamed and the readout avoided!
6	1	G	40000	15604	84.396	43.3	84396	53210	3	0	0	47426	5551	230	53101
6	1	A	40000	28685	71.315	45.906	71315	25409	0	0	0	22079	3107	223	25304
6	1	B	40000	31505	68.495	40.694	68495	27801	3	0	0	25347	2444	7	27797
6	1	cSpy was 2 spamed and the readout avoided!
6	2	G	40000	100000	0	0	0	0	0	0	0	0	0	0	2
6	2	A	40000	100000	0	0	0	0	0	0	0	0	0	0	1
6	2	B	40000	100000	0	0	0	0	0	0	0	0	0	0	1
6	3	G	40000	100000	0	0	0	0	0	0	0	0	0	0	2
6	3	A	40000	100000	0	0	0	0	0	0	0	0	0	0	1
6	3	B	40000	100000	0	0	0	0	0	0	0	0	0	0	1
6	4	G	40000	20354	79.646	58.7005	79646	34213	814	0	0	32643	159	597	33133
6	4	A	40000	23900	76.1	58.982	76100	17118	394	0	0	16297	1	426	16395
6	4	B	40000	24486	75.514	58.419	75514	17095	420	0	0	16346	158	171	16738
6	4	cSpy was 7 spamed and the readout avoided!
6	5	G	40000	7308	92.692	69.8475	92692	29825	84	4	0	26770	2222	745	29401
6	5	A	40000	14370	85.63	71.352	85630	14278	8	0	0	12580	997	693	13921
6	5	B	40000	16110	83.89	68.343	83890	15547	76	4	0	14190	1225	52	15480
6	5	cSpy was 15 spamed and the readout avoided!
6	6	G	40000	100000	0	0	0	0	0	0	0	0	0	0	2
6	6	A	40000	100000	0	0	0	0	0	0	0	0	0	0	1
6	6	B	40000	100000	0	0	0	0	0	0	0	0	0	0	1
6	7	G	40000	100000	0	0	0	0	0	0	0	0	0	0	2
6	7	A	40000	100000	0	0	0	0	0	0	0	0	0	0	1
6	7	B	40000	100000	0	0	0	0	0	0	0	0	0	0	1
7	0	G	40000	2078	97.922	47.9795	97922	4635	198	0	0	3788	82	567	4155
7	0	A	40000	2117	97.883	95.314	97883	2569	198	0	0	1736	68	567	2088
7	0	B	40000	97289	2.711	0.645	2711	2066	0	0	0	2052	14	0	2067
7	0	cSpy was 1 spamed and the readout avoided!
7	1	G	40000	100000	0	0	0	0	0	0	0	0	0	0	2
7	1	A	40000	100000	0	0	0	0	0	0	0	0	0	0	1
7	1	B	40000	100000	0	0	0	0	0	0	0	0	0	0	1
7	2	G	40000	93754	6.246	1.421	6246	7174	5	4	0	7123	30	12	7174
7	2	A	40000	94846	5.154	1.584	5154	3570	5	4	0	3528	21	12	3569
7	2	B	40000	95138	4.862	1.258	4862	3604	0	0	0	3595	9	0	3605
7	2	cSpy was 1 spamed and the readout avoided!
7	3	G	40000	0	100	100	100000	200000	200000	200000	200000	200000	200000	200000	200002
7	3	A	40000	0	100	100	100000	100000	100000	100000	100000	100000	100000	100000	100001
7	3	B	40000	0	100	100	100000	100000	100000	100000	100000	100000	100000	100000	100001
7	4	G	40000	88411	11.589	1.621	11589	18281	0	0	0	17054	1213	14	18282
7	4	A	40000	88589	11.411	1.622	11411	9789	0	0	0	8714	1061	14	9789
7	4	B	40000	89888	10.112	1.62	10112	8492	0	0	0	8340	152	0	8493
7	5	G	40000	100000	0	0	0	0	0	0	0	0	0	0	2
7	5	A	40000	100000	0	0	0	0	0	0	0	0	0	0	1
7	5	B	40000	100000	0	0	0	0	0	0	0	0	0	0	1
7	6	G	40000	97833	2.167	0.6895	2167	1802	3	5	0	1765	21	8	1802
7	6	A	40000	98354	1.646	0.765	1646	881	3	5	0	861	4	8	880
7	6	B	40000	98465	1.535	0.614	1535	921	0	0	0	904	17	0	922
7	7	G	40000	51337	48.663	20.8575	48663	42517	0	1	0	41330	1002	184	42442
7	7	A	40000	57178	42.822	21.233	42822	21589	0	1	0	20964	441	183	21515
7	7	B	40000	58590	41.41	20.482	41410	20928	0	0	0	20366	561	1	20927
7	7	cSpy was 7 spamed and the readout avoided!
