#the gain was set to: 2	the bias was set to: 30
#Sent triggers per delay setting: 100000	and with a frequency [Hz] of: 40000
#160MHz delay setting	400MHz delay setting	Frequency	correct transmitted H+T		error rate [%]	uncertainty [%]	bad or missed events	error count	missing headers	missing trailers	flipped H/T	event nr errors	tbm missed trigger	unknown errors	event nr resets
0	0	G	40000	392	99.608	72.3155	99608	19211	101	0	0	18204	296	610	18708
0	0	A	40000	624	99.376	98.255	99376	1121	84	0	0	192	246	599	624
0	0	B	40000	35534	64.466	46.376	64466	18090	17	0	0	18012	50	11	18084
0	0	cSpy was 33 spamed and the readout avoided!
0	1	G	40000	36646	63.354	45.209	63354	24612	477	0	0	23514	4	617	24169
0	1	A	40000	44787	55.213	44.793	55213	10420	230	0	0	9769	1	420	10184
0	1	B	40000	40183	59.817	45.625	59817	14192	247	0	0	13745	3	197	13985
0	2	G	40000	3591	96.409	82.7275	96409	17118	96	2	0	14235	2397	388	16846
0	2	A	40000	6732	93.268	86.626	93268	6642	71	0	0	5066	1133	372	6391
0	2	B	40000	10695	89.305	78.829	89305	10476	25	2	0	9169	1264	16	10455
0	2	cSpy was 1 spamed and the readout avoided!
0	3	G	40000	100000	0	0	0	0	0	0	0	0	0	0	2
0	3	A	40000	100000	0	0	0	0	0	0	0	0	0	0	1
0	3	B	40000	100000	0	0	0	0	0	0	0	0	0	0	1
0	4	G	40000	100000	0	0	0	0	0	0	0	0	0	0	2
0	4	A	40000	100000	0	0	0	0	0	0	0	0	0	0	1
0	4	B	40000	100000	0	0	0	0	0	0	0	0	0	0	1
0	5	G	40000	30001	69.999	47.0075	69999	29601	62	0	0	28979	88	472	29515
0	5	A	40000	40568	59.432	46.292	59432	13140	37	0	0	12616	38	449	13063
0	5	B	40000	35816	64.184	47.723	64184	16461	25	0	0	16363	50	23	16452
0	6	G	40000	3440	96.56	83.9665	96560	15984	275	11	0	12766	2485	447	15545
0	6	A	40000	6795	93.205	86.414	93205	6791	130	0	0	4967	1302	392	6473
0	6	B	40000	9288	90.712	81.519	90712	9193	145	11	0	7799	1183	55	9072
0	6	cSpy was 28 spamed and the readout avoided!
0	7	G	40000	99558	0.441998	0.13	442	624	0	0	0	624	0	0	626
0	7	A	40000	99558	0.441998	0.13	442	312	0	0	0	312	0	0	313
0	7	B	40000	99558	0.441998	0.13	442	312	0	0	0	312	0	0	313
1	0	G	40000	371	99.629	96.644	99629	3542	218	3	0	2587	288	446	3112
1	0	A	40000	2326	97.674	95.039	97674	2635	191	3	0	1863	199	379	2270
1	0	B	40000	844	99.156	98.249	99156	907	27	0	0	724	89	67	842
1	0	cSpy was 24 spamed and the readout avoided!
1	1	G	40000	99536	0.463998	0.127	464	673	0	0	0	673	0	0	675
1	1	A	40000	99537	0.463003	0.127	463	336	0	0	0	336	0	0	337
1	1	B	40000	99536	0.463998	0.127	464	337	0	0	0	337	0	0	338
1	2	G	40000	100000	0	0	0	0	0	0	0	0	0	0	2
1	2	A	40000	100000	0	0	0	0	0	0	0	0	0	0	1
1	2	B	40000	100000	0	0	0	0	0	0	0	0	0	0	1
1	3	G	40000	90126	9.874	3.492	9874	9148	5	0	0	8992	129	22	9142
1	3	A	40000	92410	7.59	3.15	7590	4440	3	0	0	4316	101	20	4434
1	3	B	40000	91458	8.542	3.834	8542	4708	2	0	0	4676	28	2	4708
1	4	G	40000	0	100	100	100000	200000	200000	200000	200000	200000	200000	200000	200002
1	4	A	40000	0	100	100	100000	100000	100000	100000	100000	100000	100000	100000	100001
1	4	B	40000	0	100	100	100000	100000	100000	100000	100000	100000	100000	100000	100001
1	5	G	40000	82639	17.361	3.0355	17361	15143	0	0	0	13952	1191	0	15145
1	5	A	40000	91016	8.984	1.397	8984	7587	0	0	0	7049	538	0	7588
1	5	B	40000	87770	12.23	4.674	12230	7556	0	0	0	6903	653	0	7557
1	6	G	40000	100000	0	0	0	0	0	0	0	0	0	0	2
1	6	A	40000	100000	0	0	0	0	0	0	0	0	0	0	1
1	6	B	40000	100000	0	0	0	0	0	0	0	0	0	0	1
1	7	G	40000	99948	0.0519991	0.001	52	102	0	0	0	102	0	0	104
1	7	A	40000	99948	0.0519991	0.001	52	51	0	0	0	51	0	0	52
1	7	B	40000	99948	0.0519991	0.001	52	51	0	0	0	51	0	0	52
2	0	G	40000	2447	97.553	48.2805	97553	4191	46	3	0	3949	118	75	4115
2	0	A	40000	2487	97.513	94.986	97513	2527	46	3	0	2285	118	75	2450
2	0	B	40000	96761	3.239	1.575	3239	1664	0	0	0	1664	0	0	1665
2	1	G	40000	99255	0.744998	0.22	745	914	0	0	0	908	5	1	916
2	1	A	40000	99350	0.650001	0.209	650	441	0	0	0	436	4	1	442
2	1	B	40000	99296	0.704002	0.231	704	473	0	0	0	472	1	0	474
2	2	G	40000	26283	73.717	52.3025	73717	26396	866	0	0	23376	1408	746	25620
2	2	A	40000	37757	62.243	50.423	62243	11820	480	0	0	10282	581	477	11364
2	2	B	40000	31242	68.758	54.182	68758	14576	386	0	0	13094	827	269	14256
2	3	G	40000	9361	90.639	63.0435	90639	32627	143	0	0	29025	3232	227	32408
2	3	A	40000	24849	75.151	54.754	75151	20397	12	0	0	17716	2579	90	20326
2	3	B	40000	16437	83.563	71.333	83563	12230	131	0	0	11309	653	137	12082
2	3	cSpy was 22 spamed and the readout avoided!
2	4	G	40000	100000	0	0	0	0	0	0	0	0	0	0	2
2	4	A	40000	100000	0	0	0	0	0	0	0	0	0	0	1
2	4	B	40000	100000	0	0	0	0	0	0	0	0	0	0	1
2	5	G	40000	100000	0	0	0	0	0	0	0	0	0	0	2
2	5	A	40000	100000	0	0	0	0	0	0	0	0	0	0	1
2	5	B	40000	100000	0	0	0	0	0	0	0	0	0	0	1
2	6	G	40000	42363	57.637	38.054	57637	22986	115	0	0	21767	751	353	22896
2	6	A	40000	53454	46.546	36.299	46546	10247	76	0	0	9224	615	332	10166
2	6	B	40000	47452	52.548	39.809	52548	12739	39	0	0	12543	136	21	12730
2	7	G	40000	1188	98.812	92.923	98812	7113	266	3	0	5847	645	352	6772
2	7	A	40000	4541	95.459	91.022	95459	4437	13	0	0	3728	482	214	4323
2	7	B	40000	2500	97.5	94.824	97500	2676	253	3	0	2119	163	138	2449
2	7	cSpy was 66 spamed and the readout avoided!
3	0	G	40000	1186	98.814	67.431	98814	18127	241	17	0	16891	332	646	17551
3	0	A	40000	1720	98.28	96.05	98280	2230	197	0	0	1392	40	601	1704
3	0	B	40000	45291	54.709	38.812	54709	15897	44	17	0	15499	292	45	15847
3	0	cSpy was 65 spamed and the readout avoided!
3	1	G	40000	0	100	100	100000	200000	200000	200000	200000	200000	200000	200000	200002
3	1	A	40000	0	100	100	100000	100000	100000	100000	100000	100000	100000	100000	100001
3	1	B	40000	0	100	100	100000	100000	100000	100000	100000	100000	100000	100000	100001
3	2	G	40000	99883	0.116998	0	117	234	0	0	0	234	0	0	236
3	2	A	40000	99883	0.116998	0	117	117	0	0	0	117	0	0	118
3	2	B	40000	99883	0.116998	0	117	117	0	0	0	117	0	0	118
3	3	G	40000	100000	0	0	0	0	0	0	0	0	0	0	2
3	3	A	40000	100000	0	0	0	0	0	0	0	0	0	0	1
3	3	B	40000	100000	0	0	0	0	0	0	0	0	0	0	1
3	4	G	40000	78539	21.461	11.6725	21461	15816	121	0	0	15563	34	98	15653
3	4	A	40000	80428	19.572	11.561	19572	8011	58	0	0	7873	11	69	7901
3	4	B	40000	80411	19.589	11.784	19589	7805	63	0	0	7690	23	29	7752
3	5	G	40000	0	100	100	100000	200000	200000	200000	200000	200000	200000	200000	200002
3	5	A	40000	0	100	100	100000	100000	100000	100000	100000	100000	100000	100000	100001
3	5	B	40000	0	100	100	100000	100000	100000	100000	100000	100000	100000	100000	100001
3	6	G	40000	0	100	100	100000	200000	200000	200000	200000	200000	200000	200000	200002
3	6	A	40000	0	100	100	100000	100000	100000	100000	100000	100000	100000	100000	100001
3	6	B	40000	0	100	100	100000	100000	100000	100000	100000	100000	100000	100000	100001
3	7	G	40000	100000	0	0	0	0	0	0	0	0	0	0	2
3	7	A	40000	100000	0	0	0	0	0	0	0	0	0	0	1
3	7	B	40000	100000	0	0	0	0	0	0	0	0	0	0	1
4	0	G	40000	1151	98.849	64.5575	98849	20541	310	12	0	17667	2151	401	20053
4	0	A	40000	1785	98.215	95.993	98215	2222	262	8	0	794	784	374	1782
4	0	B	40000	48559	51.441	33.122	51441	18319	48	4	0	16873	1367	27	18271
4	0	cSpy was 63 spamed and the readout avoided!
4	1	G	40000	100000	0	0	0	0	0	0	0	0	0	0	2
4	1	A	40000	100000	0	0	0	0	0	0	0	0	0	0	1
4	1	B	40000	100000	0	0	0	0	0	0	0	0	0	0	1
4	2	G	40000	96414	3.586	1.72	3586	2922	0	0	0	2918	1	3	2924
4	2	A	40000	96822	3.178	1.743	3178	1435	0	0	0	1431	1	3	1436
4	2	B	40000	96816	3.184	1.697	3184	1487	0	0	0	1487	0	0	1488
4	2	cSpy was 1 spamed and the readout avoided!
4	3	G	40000	19339	80.661	59.0875	80661	34040	813	1	0	32490	128	608	32962
4	3	A	40000	23575	76.425	59.379	76425	17046	398	1	0	16208	3	436	16325
4	3	B	40000	24210	75.79	58.796	75790	16994	415	0	0	16282	125	172	16637
4	3	cSpy was 7 spamed and the readout avoided!
4	4	G	40000	6661	93.339	74.911	93339	24594	199	21	0	21516	2351	508	24183
4	4	A	40000	12587	87.413	75.18	87413	12233	89	11	0	10563	1157	413	11939
4	4	B	40000	12997	87.003	74.642	87003	12361	110	10	0	10953	1194	95	12244
4	4	cSpy was 29 spamed and the readout avoided!
4	5	G	40000	100000	0	0	0	0	0	0	0	0	0	0	2
4	5	A	40000	100000	0	0	0	0	0	0	0	0	0	0	1
4	5	B	40000	100000	0	0	0	0	0	0	0	0	0	0	1
4	6	G	40000	100000	0	0	0	0	0	0	0	0	0	0	2
4	6	A	40000	100000	0	0	0	0	0	0	0	0	0	0	1
4	6	B	40000	100000	0	0	0	0	0	0	0	0	0	0	1
4	7	G	40000	34684	65.316	45.986	65316	30724	382	0	0	29980	33	329	30234
4	7	A	40000	38516	61.484	46.124	61484	15360	181	0	0	14945	1	233	15032
4	7	B	40000	38788	61.212	45.848	61212	15364	201	0	0	15035	32	96	15202
4	7	cSpy was 6 spamed and the readout avoided!
5	0	G	40000	510	99.49	56.5155	99490	14451	156	0	0	13360	105	830	13916
5	0	A	40000	635	99.365	98.195	99365	1170	156	0	0	85	100	829	635
5	0	B	40000	71883	28.117	14.836	28117	13281	0	0	0	13275	5	1	13281
5	0	cSpy was 61 spamed and the readout avoided!
5	1	G	40000	57599	42.401	22.67	42401	30225	60	0	0	30078	5	82	30174
5	1	A	40000	62243	37.757	22.819	37757	14938	30	0	0	14823	5	80	14891
5	1	B	40000	62192	37.808	22.521	37808	15287	30	0	0	15255	0	2	15283
5	1	cSpy was 5 spamed and the readout avoided!
5	2	G	40000	20	99.98	99.02	99980	1256	26	0	0	499	101	630	702
5	2	A	40000	61	99.939	99.385	99939	554	0	0	0	2	2	550	61
5	2	B	40000	643	99.357	98.655	99357	702	26	0	0	497	99	80	641
5	2	cSpy was 17 spamed and the readout avoided!
5	3	G	40000	99043	0.957	0	957	1914	0	0	0	1914	0	0	1916
5	3	A	40000	99043	0.957	0	957	957	0	0	0	957	0	0	958
5	3	B	40000	99043	0.957	0	957	957	0	0	0	957	0	0	958
5	4	G	40000	100000	0	0	0	0	0	0	0	0	0	0	2
5	4	A	40000	100000	0	0	0	0	0	0	0	0	0	0	1
5	4	B	40000	100000	0	0	0	0	0	0	0	0	0	0	1
5	5	G	40000	92061	7.939	1.7095	7939	10906	0	0	0	10901	1	4	10908
5	5	A	40000	92753	7.247	1.836	7247	5411	0	0	0	5406	1	4	5412
5	5	B	40000	92922	7.078	1.583	7078	5495	0	0	0	5495	0	0	5496
5	6	G	40000	3	99.997	97.4985	99997	2597	215	2	0	1210	1046	124	2400
5	6	A	40000	10	99.99	99.947	99990	43	0	0	0	2	0	41	10
5	6	B	40000	2396	97.604	95.05	97604	2554	215	2	0	1208	1046	83	2390
5	6	cSpy was 50 spamed and the readout avoided!
5	7	G	40000	37789	62.211	13.3915	62211	63254	12	20	0	56488	6623	111	63200
5	7	A	40000	53533	46.467	14.727	46467	31740	12	20	0	27339	4258	111	31685
5	7	B	40000	56430	43.57	12.056	43570	31514	0	0	0	29149	2365	0	31515
5	7	cSpy was 2 spamed and the readout avoided!
6	0	G	40000	643	99.357	95.416	99357	4912	363	3	0	2438	1375	733	4238
6	0	A	40000	1492	98.508	96.476	98508	2032	194	1	0	226	942	669	1492
6	0	B	40000	2764	97.236	94.356	97236	2880	169	2	0	2212	433	64	2746
6	0	cSpy was 55 spamed and the readout avoided!
6	1	G	40000	13691	86.309	47.4175	86309	50896	15	0	0	45433	5045	403	50681
6	1	A	40000	25543	74.457	50.255	74457	24202	1	0	0	21195	2613	393	23999
6	1	B	40000	28726	71.274	44.58	71274	26694	14	0	0	24238	2432	10	26682
6	1	cSpy was 4 spamed and the readout avoided!
6	2	G	40000	100000	0	0	0	0	0	0	0	0	0	0	2
6	2	A	40000	100000	0	0	0	0	0	0	0	0	0	0	1
6	2	B	40000	100000	0	0	0	0	0	0	0	0	0	0	1
6	3	G	40000	100000	0	0	0	0	0	0	0	0	0	0	2
6	3	A	40000	100000	0	0	0	0	0	0	0	0	0	0	1
6	3	B	40000	100000	0	0	0	0	0	0	0	0	0	0	1
6	4	G	40000	20347	79.653	58.6955	79653	34234	821	1	0	32660	149	603	33141
6	4	A	40000	23895	76.105	58.962	76105	17143	397	1	0	16315	0	430	16411
6	4	B	40000	24480	75.52	58.429	75520	17091	424	0	0	16345	149	173	16730
6	4	cSpy was 22 spamed and the readout avoided!
6	5	G	40000	5483	94.517	89.3255	94517	6837	148	3	0	5406	347	935	6093
6	5	A	40000	6893	93.107	89.842	93107	3265	20	0	0	2346	143	757	2703
6	5	B	40000	7619	92.381	88.809	92381	3572	128	3	0	3060	204	178	3390
6	5	cSpy was 43 spamed and the readout avoided!
6	6	G	40000	100000	0	0	0	0	0	0	0	0	0	0	2
6	6	A	40000	100000	0	0	0	0	0	0	0	0	0	0	1
6	6	B	40000	100000	0	0	0	0	0	0	0	0	0	0	1
6	7	G	40000	100000	0	0	0	0	0	0	0	0	0	0	2
6	7	A	40000	100000	0	0	0	0	0	0	0	0	0	0	1
6	7	B	40000	100000	0	0	0	0	0	0	0	0	0	0	1
7	0	G	40000	2080	97.92	47.947	97920	4077	192	0	0	3298	70	517	3641
7	0	A	40000	2111	97.889	95.362	97889	2527	192	0	0	1753	65	517	2090
7	0	B	40000	97918	2.082	0.532	2082	1550	0	0	0	1545	5	0	1551
7	0	cSpy was 1 spamed and the readout avoided!
7	1	G	40000	100000	0	0	0	0	0	0	0	0	0	0	2
7	1	A	40000	100000	0	0	0	0	0	0	0	0	0	0	1
7	1	B	40000	100000	0	0	0	0	0	0	0	0	0	0	1
7	2	G	40000	93704	6.296	1.357	6296	7281	5	7	0	7212	41	16	7277
7	2	A	40000	94852	5.148	1.523	5148	3625	5	7	0	3570	27	16	3620
7	2	B	40000	95153	4.847	1.191	4847	3656	0	0	0	3642	14	0	3657
7	2	cSpy was 1 spamed and the readout avoided!
7	3	G	40000	0	100	100	100000	200000	200000	200000	200000	200000	200000	200000	200002
7	3	A	40000	0	100	100	100000	100000	100000	100000	100000	100000	100000	100000	100001
7	3	B	40000	0	100	100	100000	100000	100000	100000	100000	100000	100000	100000	100001
7	4	G	40000	87424	12.576	1.822	12576	19637	0	0	0	18256	1362	19	19636
7	4	A	40000	87629	12.371	1.823	12371	10548	0	0	0	9339	1190	19	10546
7	4	B	40000	89090	10.91	1.821	10910	9089	0	0	0	8917	172	0	9090
7	5	G	40000	100000	0	0	0	0	0	0	0	0	0	0	2
7	5	A	40000	100000	0	0	0	0	0	0	0	0	0	0	1
7	5	B	40000	100000	0	0	0	0	0	0	0	0	0	0	1
7	6	G	40000	96300	3.7	1.09	3700	3340	5	7	0	3292	27	9	3338
7	6	A	40000	97151	2.849	1.209	2849	1640	5	7	0	1618	2	8	1637
7	6	B	40000	97329	2.671	0.971	2671	1700	0	0	0	1674	25	1	1701
7	6	cSpy was 1 spamed and the readout avoided!
7	7	G	40000	52521	47.479	20.068	47479	42120	10	3	0	40992	924	191	42035
7	7	A	40000	58167	41.833	20.456	41833	21377	8	3	0	20777	399	190	21292
7	7	B	40000	59577	40.423	19.68	40423	20743	2	0	0	20215	525	1	20743
7	7	cSpy was 8 spamed and the readout avoided!
