#the gain was set to: 2	the bias was set to: 30
#Sent triggers per delay setting: 100000	and with a frequency [Hz] of: 40000
#160MHz delay setting	400MHz delay setting	Frequency	correct transmitted H+T		error rate [%]	uncertainty [%]	bad or missed events	error count	missing headers	missing trailers	flipped H/T	event nr errors	tbm missed trigger	unknown errors	event nr resets
0	0	G	40000	450	99.55	72.0095	99550	19050	102	0	0	18042	306	600	18551
0	0	A	40000	649	99.351	98.213	99351	1138	79	0	0	205	263	591	649
0	0	B	40000	36282	63.718	45.806	63718	17912	23	0	0	17837	43	9	17902
0	0	cSpy was 26 spamed and the readout avoided!
0	1	G	40000	26165	73.835	53.287	73835	26385	350	3	0	25401	10	621	26099
0	1	A	40000	36305	63.695	52.634	63695	11061	182	0	0	10396	3	480	10880
0	1	B	40000	30736	69.264	53.94	69264	15324	168	3	0	15005	7	141	15219
0	2	G	40000	5969	94.031	81.122	94031	15625	169	0	0	12676	2463	317	15329
0	2	A	40000	10851	89.149	81.892	89149	7257	76	0	0	5463	1467	251	7062
0	2	B	40000	11280	88.72	80.352	88720	8368	93	0	0	7213	996	66	8267
0	2	cSpy was 22 spamed and the readout avoided!
0	3	G	40000	100000	0	0	0	0	0	0	0	0	0	0	2
0	3	A	40000	100000	0	0	0	0	0	0	0	0	0	0	1
0	3	B	40000	100000	0	0	0	0	0	0	0	0	0	0	1
0	4	G	40000	100000	0	0	0	0	0	0	0	0	0	0	2
0	4	A	40000	100000	0	0	0	0	0	0	0	0	0	0	1
0	4	B	40000	100000	0	0	0	0	0	0	0	0	0	0	1
0	5	G	40000	47994	52.006	34.3835	52006	23325	51	0	0	22862	56	356	23243
0	5	A	40000	55763	44.237	33.865	44237	10372	27	0	0	9989	22	334	10302
0	5	B	40000	52145	47.855	34.902	47855	12953	24	0	0	12873	34	22	12941
0	6	G	40000	2581	97.419	87.414	97419	12529	153	6	0	10182	1863	325	12272
0	6	A	40000	4935	95.065	90.138	95065	4927	84	0	0	3653	897	293	4721
0	6	B	40000	7708	92.292	84.69	92292	7602	69	6	0	6529	966	32	7551
0	6	cSpy was 9 spamed and the readout avoided!
0	7	G	40000	99710	0.29	0.082	290	416	0	0	0	416	0	0	418
0	7	A	40000	99710	0.29	0.082	290	208	0	0	0	208	0	0	209
0	7	B	40000	99710	0.29	0.082	290	208	0	0	0	208	0	0	209
1	0	G	40000	291	99.709	97.139	99709	3011	186	2	0	2255	213	355	2655
1	0	A	40000	2020	97.98	95.696	97980	2284	170	2	0	1639	163	310	1964
1	0	B	40000	691	99.309	98.582	99309	727	16	0	0	616	50	45	691
1	0	cSpy was 15 spamed and the readout avoided!
1	1	G	40000	99851	0.149	0.001	149	296	0	0	0	296	0	0	298
1	1	A	40000	99851	0.149	0.001	149	148	0	0	0	148	0	0	149
1	1	B	40000	99851	0.149	0.001	149	148	0	0	0	148	0	0	149
1	2	G	40000	100000	0	0	0	0	0	0	0	0	0	0	2
1	2	A	40000	100000	0	0	0	0	0	0	0	0	0	0	1
1	2	B	40000	100000	0	0	0	0	0	0	0	0	0	0	1
1	3	G	40000	87984	12.016	3.6335	12016	13484	0	0	0	13436	30	18	13485
1	3	A	40000	90207	9.793	3.437	9793	6356	0	0	0	6315	23	18	6356
1	3	B	40000	89042	10.958	3.83	10958	7128	0	0	0	7121	7	0	7129
1	4	G	40000	898	99.102	95.0205	99102	5185	391	6	0	2985	1407	396	4659
1	4	A	40000	2945	97.055	94.039	97055	3016	106	0	0	1670	1102	138	2846
1	4	B	40000	1829	98.171	96.002	98171	2169	285	6	0	1315	305	258	1813
1	4	cSpy was 29 spamed and the readout avoided!
1	5	G	40000	87177	12.823	2.266	12823	12370	0	0	0	11402	964	4	12372
1	5	A	40000	92589	7.411	1.267	7411	6144	0	0	0	5735	405	4	6145
1	5	B	40000	90509	9.491	3.265	9491	6226	0	0	0	5667	559	0	6227
1	6	G	40000	100000	0	0	0	0	0	0	0	0	0	0	2
1	6	A	40000	100000	0	0	0	0	0	0	0	0	0	0	1
1	6	B	40000	100000	0	0	0	0	0	0	0	0	0	0	1
1	7	G	40000	97408	2.592	1.136	2592	1862	0	0	0	1831	20	11	1864
1	7	A	40000	98072	1.928	1.069	1928	859	0	0	0	834	15	10	860
1	7	B	40000	97794	2.206	1.203	2206	1003	0	0	0	997	5	1	1004
2	0	G	40000	2360	97.64	48.3155	97640	4047	55	1	0	3793	107	91	3945
2	0	A	40000	2398	97.602	95.138	97602	2464	55	1	0	2210	107	91	2361
2	0	B	40000	96924	3.076	1.493	3076	1583	0	0	0	1583	0	0	1584
2	1	G	40000	99981	0.019002	0	19	38	0	0	0	38	0	0	40
2	1	A	40000	99981	0.019002	0	19	19	0	0	0	19	0	0	20
2	1	B	40000	99981	0.019002	0	19	19	0	0	0	19	0	0	20
2	2	G	40000	26784	73.216	48.4895	73216	29924	732	8	0	27234	1268	682	29218
2	2	A	40000	39665	60.335	46.186	60335	14149	370	6	0	12261	1053	459	13748
2	2	B	40000	33432	66.568	50.793	66568	15775	362	2	0	14973	215	223	15470
2	2	cSpy was 1 spamed and the readout avoided!
2	3	G	40000	7025	92.975	65.26	92975	33134	91	0	0	29104	3876	63	33051
2	3	A	40000	22651	77.349	56.317	77349	21032	4	0	0	18086	2914	28	21012
2	3	B	40000	13695	86.305	74.203	86305	12102	87	0	0	11018	962	35	12039
2	3	cSpy was 5 spamed and the readout avoided!
2	4	G	40000	100000	0	0	0	0	0	0	0	0	0	0	2
2	4	A	40000	100000	0	0	0	0	0	0	0	0	0	0	1
2	4	B	40000	100000	0	0	0	0	0	0	0	0	0	0	1
2	5	G	40000	100000	0	0	0	0	0	0	0	0	0	0	2
2	5	A	40000	100000	0	0	0	0	0	0	0	0	0	0	1
2	5	B	40000	100000	0	0	0	0	0	0	0	0	0	0	1
2	6	G	40000	25026	74.974	50.3885	74974	28575	242	4	0	26203	1559	567	28352
2	6	A	40000	39170	60.83	47.59	60830	13240	136	3	0	11088	1550	463	13082
2	6	B	40000	31478	68.522	53.187	68522	15335	106	1	0	15115	9	104	15270
2	7	G	40000	0	100	100	100000	200000	200000	200000	200000	200000	200000	200000	200002
2	7	A	40000	0	100	100	100000	100000	100000	100000	100000	100000	100000	100000	100001
2	7	B	40000	0	100	100	100000	100000	100000	100000	100000	100000	100000	100000	100001
3	0	G	40000	908	99.092	77.34	99092	16910	303	1	1	15603	351	651	16320
3	0	A	40000	1499	98.501	96.491	98501	2010	211	0	0	1162	22	615	1481
3	0	B	40000	26911	73.089	58.189	73089	14900	92	1	1	14441	329	36	14839
3	0	cSpy was 9 spamed and the readout avoided!
3	1	G	40000	0	100	100	100000	200000	200000	200000	200000	200000	200000	200000	200002
3	1	A	40000	0	100	100	100000	100000	100000	100000	100000	100000	100000	100000	100001
3	1	B	40000	0	100	100	100000	100000	100000	100000	100000	100000	100000	100000	100001
3	2	G	40000	99976	0.0240028	0	24	48	0	0	0	48	0	0	50
3	2	A	40000	99976	0.0240028	0	24	24	0	0	0	24	0	0	25
3	2	B	40000	99976	0.0240028	0	24	24	0	0	0	24	0	0	25
3	3	G	40000	100000	0	0	0	0	0	0	0	0	0	0	2
3	3	A	40000	100000	0	0	0	0	0	0	0	0	0	0	1
3	3	B	40000	100000	0	0	0	0	0	0	0	0	0	0	1
3	4	G	40000	83758	16.242	5.967	16242	17002	6	0	0	16934	47	15	16998
3	4	A	40000	85610	14.39	5.803	14390	8587	3	0	0	8548	21	15	8582
3	4	B	40000	85454	14.546	6.131	14546	8415	3	0	0	8386	26	0	8416
3	5	G	40000	0	100	100	100000	200000	200000	200000	200000	200000	200000	200000	200002
3	5	A	40000	0	100	100	100000	100000	100000	100000	100000	100000	100000	100000	100001
3	5	B	40000	0	100	100	100000	100000	100000	100000	100000	100000	100000	100000	100001
3	6	G	40000	71235	28.765	7.0155	28765	33561	11	13	0	31454	2067	16	33550
3	6	A	40000	75756	24.244	6.901	24244	17343	4	0	0	15504	1825	10	17342
3	6	B	40000	76652	23.348	7.13	23348	16218	7	13	0	15950	242	6	16208
3	6	cSpy was 4 spamed and the readout avoided!
3	7	G	40000	100000	0	0	0	0	0	0	0	0	0	0	2
3	7	A	40000	100000	0	0	0	0	0	0	0	0	0	0	1
3	7	B	40000	100000	0	0	0	0	0	0	0	0	0	0	1
4	0	G	40000	812	99.188	64.92	99188	16124	180	2	0	14532	1040	370	15771
4	0	A	40000	1115	98.885	97.463	98885	1422	113	0	0	662	296	351	1112
4	0	B	40000	52921	47.079	32.377	47079	14702	67	2	0	13870	744	19	14659
4	0	cSpy was 14 spamed and the readout avoided!
4	1	G	40000	100000	0	0	0	0	0	0	0	0	0	0	2
4	1	A	40000	100000	0	0	0	0	0	0	0	0	0	0	1
4	1	B	40000	100000	0	0	0	0	0	0	0	0	0	0	1
4	2	G	40000	100000	0	0	0	0	0	0	0	0	0	0	2
4	2	A	40000	100000	0	0	0	0	0	0	0	0	0	0	1
4	2	B	40000	100000	0	0	0	0	0	0	0	0	0	0	1
4	3	G	40000	20157	79.843	58.2785	79843	34443	766	0	0	33004	107	566	33437
4	3	A	40000	24209	75.791	58.523	75791	17268	372	0	0	16490	0	406	16591
4	3	B	40000	24791	75.209	58.034	75209	17175	394	0	0	16514	107	160	16846
4	3	cSpy was 8 spamed and the readout avoided!
4	4	G	40000	12802	87.198	54.55	87198	43050	54	9	0	38601	4035	351	42853
4	4	A	40000	23738	76.262	54.913	76262	21349	17	5	0	18586	2412	329	21180
4	4	B	40000	24112	75.888	54.187	75888	21701	37	4	0	20015	1623	22	21673
4	4	cSpy was 19 spamed and the readout avoided!
4	5	G	40000	100000	0	0	0	0	0	0	0	0	0	0	2
4	5	A	40000	100000	0	0	0	0	0	0	0	0	0	0	1
4	5	B	40000	100000	0	0	0	0	0	0	0	0	0	0	1
4	6	G	40000	100000	0	0	0	0	0	0	0	0	0	0	2
4	6	A	40000	100000	0	0	0	0	0	0	0	0	0	0	1
4	6	B	40000	100000	0	0	0	0	0	0	0	0	0	0	1
4	7	G	40000	25366	74.634	50.848	74634	37353	325	0	0	36728	10	290	36974
4	7	A	40000	30406	69.594	50.94	69594	18654	158	0	0	18266	1	229	18376
4	7	B	40000	30545	69.455	50.756	69455	18699	167	0	0	18462	9	61	18598
4	7	cSpy was 7 spamed and the readout avoided!
5	0	G	40000	507	99.493	56.4735	99493	14410	150	0	0	13331	94	835	13881
5	0	A	40000	625	99.375	98.22	99375	1155	150	0	0	87	83	835	625
5	0	B	40000	72018	27.982	14.727	27982	13255	0	0	0	13244	11	0	13256
5	0	cSpy was 53 spamed and the readout avoided!
5	1	G	40000	58401	41.599	19.4875	41599	33939	12	0	0	33866	6	55	33929
5	1	A	40000	63540	36.46	19.734	36460	16726	6	0	0	16660	6	54	16715
5	1	B	40000	63546	36.454	19.241	36454	17213	6	0	0	17206	0	1	17214
5	1	cSpy was 3 spamed and the readout avoided!
5	2	G	40000	50	99.95	98.2915	99950	2146	72	2	0	948	87	1037	1264
5	2	A	40000	151	99.849	98.958	99849	891	2	0	0	11	1	877	151
5	2	B	40000	1120	98.88	97.625	98880	1255	70	2	0	937	86	160	1113
5	2	cSpy was 40 spamed and the readout avoided!
5	3	G	40000	99512	0.488001	0	488	976	0	0	0	976	0	0	978
5	3	A	40000	99512	0.488001	0	488	488	0	0	0	488	0	0	489
5	3	B	40000	99512	0.488001	0	488	488	0	0	0	488	0	0	489
5	4	G	40000	100000	0	0	0	0	0	0	0	0	0	0	2
5	4	A	40000	100000	0	0	0	0	0	0	0	0	0	0	1
5	4	B	40000	100000	0	0	0	0	0	0	0	0	0	0	1
5	5	G	40000	81722	18.278	6.2105	18278	19445	6	3	0	19417	0	19	19442
5	5	A	40000	83963	16.037	6.445	16037	9592	3	2	0	9570	0	17	9589
5	5	B	40000	84171	15.829	5.976	15829	9853	3	1	0	9847	0	2	9853
5	6	G	40000	0	100	100	100000	200000	200000	200000	200000	200000	200000	200000	200002
5	6	A	40000	0	100	100	100000	100000	100000	100000	100000	100000	100000	100000	100001
5	6	B	40000	0	100	100	100000	100000	100000	100000	100000	100000	100000	100000	100001
5	7	G	40000	53285	46.715	9.995	46715	49281	1	1	0	44214	4973	92	49251
5	7	A	40000	63856	36.144	10.619	36144	25525	1	1	0	21977	3454	92	25494
5	7	B	40000	66873	33.127	9.371	33127	23756	0	0	0	22237	1519	0	23757
6	0	G	40000	654	99.346	95.7645	99346	4510	278	4	0	2319	1211	698	3950
6	0	A	40000	1310	98.69	96.9	98690	1790	169	1	0	151	815	654	1310
6	0	B	40000	2651	97.349	94.629	97349	2720	109	3	0	2168	396	44	2640
6	0	cSpy was 51 spamed and the readout avoided!
6	1	G	40000	15569	84.431	42.6015	84431	54703	2	0	0	48668	5746	287	54568
6	1	A	40000	28418	71.582	45.537	71582	26045	0	0	0	22533	3229	283	25912
6	1	B	40000	31676	68.324	39.666	68324	28658	2	0	0	26135	2517	4	28656
6	1	cSpy was 3 spamed and the readout avoided!
6	2	G	40000	100000	0	0	0	0	0	0	0	0	0	0	2
6	2	A	40000	100000	0	0	0	0	0	0	0	0	0	0	1
6	2	B	40000	100000	0	0	0	0	0	0	0	0	0	0	1
6	3	G	40000	100000	0	0	0	0	0	0	0	0	0	0	2
6	3	A	40000	100000	0	0	0	0	0	0	0	0	0	0	1
6	3	B	40000	100000	0	0	0	0	0	0	0	0	0	0	1
6	4	G	40000	19945	80.055	58.8625	80055	34130	816	0	0	32578	132	604	33048
6	4	A	40000	23768	76.232	59.157	76232	17075	393	0	0	16256	0	426	16356
6	4	B	40000	24377	75.623	58.568	75623	17055	423	0	0	16322	132	178	16692
6	4	cSpy was 8 spamed and the readout avoided!
6	5	G	40000	5092	94.908	84.353	94908	13679	219	9	0	11777	855	819	13094
6	5	A	40000	8333	91.667	85.177	91667	6490	30	1	0	5380	388	691	6106
6	5	B	40000	9282	90.718	83.529	90718	7189	189	8	0	6397	467	128	6988
6	5	cSpy was 73 spamed and the readout avoided!
6	6	G	40000	100000	0	0	0	0	0	0	0	0	0	0	2
6	6	A	40000	100000	0	0	0	0	0	0	0	0	0	0	1
6	6	B	40000	100000	0	0	0	0	0	0	0	0	0	0	1
6	7	G	40000	100000	0	0	0	0	0	0	0	0	0	0	2
6	7	A	40000	100000	0	0	0	0	0	0	0	0	0	0	1
6	7	B	40000	100000	0	0	0	0	0	0	0	0	0	0	1
7	0	G	40000	2112	97.888	47.848	97888	3470	221	0	0	2616	67	566	2951
7	0	A	40000	2122	97.878	95.266	97878	2612	221	0	0	1758	67	566	2092
7	0	B	40000	98712	1.288	0.43	1288	858	0	0	0	858	0	0	859
7	1	G	40000	100000	0	0	0	0	0	0	0	0	0	0	2
7	1	A	40000	100000	0	0	0	0	0	0	0	0	0	0	1
7	1	B	40000	100000	0	0	0	0	0	0	0	0	0	0	1
7	2	G	40000	93334	6.666	1.4645	6666	7934	7	2	0	7859	53	13	7933
7	2	A	40000	94425	5.575	1.633	5575	3942	7	2	0	3889	31	13	3940
7	2	B	40000	94712	5.288	1.296	5288	3992	0	0	0	3970	22	0	3993
7	2	cSpy was 1 spamed and the readout avoided!
7	3	G	40000	0	100	100	100000	200000	200000	200000	200000	200000	200000	200000	200002
7	3	A	40000	0	100	100	100000	100000	100000	100000	100000	100000	100000	100000	100001
7	3	B	40000	0	100	100	100000	100000	100000	100000	100000	100000	100000	100000	100001
7	4	G	40000	93222	6.778	0.574	6778	11818	0	0	0	11331	481	6	11820
7	4	A	40000	93269	6.731	0.574	6731	6157	0	0	0	5716	435	6	6158
7	4	B	40000	93765	6.235	0.574	6235	5661	0	0	0	5615	46	0	5662
7	5	G	40000	100000	0	0	0	0	0	0	0	0	0	0	2
7	5	A	40000	100000	0	0	0	0	0	0	0	0	0	0	1
7	5	B	40000	100000	0	0	0	0	0	0	0	0	0	0	1
7	6	G	40000	99869	0.130999	0.0045	131	252	0	0	0	251	1	0	254
7	6	A	40000	99869	0.130999	0.005	131	126	0	0	0	125	1	0	127
7	6	B	40000	99870	0.129998	0.004	130	126	0	0	0	126	0	0	127
7	7	G	40000	44055	55.945	26.772	55945	44317	4	0	0	42777	1367	169	44259
7	7	A	40000	50484	49.516	27.171	49516	22345	1	0	0	21566	611	167	22287
7	7	B	40000	51655	48.345	26.373	48345	21972	3	0	0	21211	756	2	21972
7	7	cSpy was 9 spamed and the readout avoided!
