#the gain was set to: 2	the bias was set to: 30
#Sent triggers per delay setting: 100000	and with a frequency [Hz] of: 40000
#160MHz delay setting	400MHz delay setting	Frequency	correct transmitted H+T		error rate [%]	uncertainty [%]	bad or missed events	error count	missing headers	missing trailers	flipped H/T	event nr errors	tbm missed trigger	unknown errors	event nr resets
0	0	G	40000	434	99.566	71.395	99566	19236	97	0	0	18232	331	576	18762
0	0	A	40000	657	99.343	98.225	99343	1118	79	0	0	210	271	558	657
0	0	B	40000	37317	62.683	44.565	62683	18118	18	0	0	18022	60	18	18105
0	0	cSpy was 20 spamed and the readout avoided!
0	1	G	40000	27336	72.664	53.754	72664	25911	749	1	0	24344	4	813	25191
0	1	A	40000	35850	64.15	53.447	64150	10703	356	0	0	9851	0	496	10348
0	1	B	40000	30731	69.269	54.061	69269	15208	393	1	0	14493	4	317	14843
0	2	G	40000	6503	93.497	70.6855	93497	28479	51	0	0	24203	4036	189	28354
0	2	A	40000	17001	82.999	67.085	82999	15914	18	0	0	13094	2623	179	15814
0	2	B	40000	13149	86.851	74.286	86851	12565	33	0	0	11109	1413	10	12540
0	3	G	40000	100000	0	0	0	0	0	0	0	0	0	0	2
0	3	A	40000	100000	0	0	0	0	0	0	0	0	0	0	1
0	3	B	40000	100000	0	0	0	0	0	0	0	0	0	0	1
0	4	G	40000	99979	0.0209987	0.003	21	34	0	0	0	34	0	0	36
0	4	A	40000	99981	0.019002	0.003	19	16	0	0	0	16	0	0	17
0	4	B	40000	99979	0.0209987	0.003	21	18	0	0	0	18	0	0	19
0	5	G	40000	41739	58.261	37.2665	58261	28257	55	0	0	27789	40	373	28166
0	5	A	40000	50629	49.371	36.693	49371	12678	31	0	0	12278	17	352	12606
0	5	B	40000	46581	53.419	37.84	53419	15579	24	0	0	15511	23	21	15560
0	6	G	40000	2707	97.293	86.1785	97293	13743	119	3	0	11305	1968	348	13456
0	6	A	40000	5133	94.867	89.708	94867	5159	82	0	0	3835	912	330	4895
0	6	B	40000	8767	91.233	82.649	91233	8584	37	3	0	7470	1056	18	8561
0	6	cSpy was 6 spamed and the readout avoided!
0	7	G	40000	99685	0.314999	0.096	315	438	0	0	0	438	0	0	440
0	7	A	40000	99685	0.314999	0.096	315	219	0	0	0	219	0	0	220
0	7	B	40000	99685	0.314999	0.096	315	219	0	0	0	219	0	0	220
1	0	G	40000	405	99.595	96.1655	99595	3952	212	4	0	3051	336	349	3589
1	0	A	40000	2907	97.093	94.011	97093	3082	188	4	0	2368	246	276	2780
1	0	B	40000	810	99.19	98.32	99190	870	24	0	0	683	90	73	809
1	0	cSpy was 18 spamed and the readout avoided!
1	1	G	40000	99703	0.296998	0.084	297	426	0	0	0	426	0	0	428
1	1	A	40000	99703	0.296998	0.084	297	213	0	0	0	213	0	0	214
1	1	B	40000	99703	0.296998	0.084	297	213	0	0	0	213	0	0	214
1	2	G	40000	100000	0	0	0	0	0	0	0	0	0	0	2
1	2	A	40000	100000	0	0	0	0	0	0	0	0	0	0	1
1	2	B	40000	100000	0	0	0	0	0	0	0	0	0	0	1
1	3	G	40000	85779	14.221	3.9645	14221	14724	0	0	0	14594	102	28	14724
1	3	A	40000	89328	10.672	3.507	10672	7165	0	0	0	7070	67	28	7164
1	3	B	40000	88019	11.981	4.422	11981	7559	0	0	0	7524	35	0	7560
1	4	G	40000	655	99.345	96.067	99345	4101	269	4	0	2283	1217	328	3690
1	4	A	40000	2412	97.588	95.097	97588	2491	85	0	0	1381	911	114	2349
1	4	B	40000	1353	98.647	97.037	98647	1610	184	4	0	902	306	214	1341
1	4	cSpy was 46 spamed and the readout avoided!
1	5	G	40000	87385	12.615	2.106	12615	12189	0	0	0	11394	795	0	12191
1	5	A	40000	92810	7.19	1.118	7190	6072	0	0	0	5706	366	0	6073
1	5	B	40000	90789	9.211	3.094	9211	6117	0	0	0	5688	429	0	6118
1	6	G	40000	100000	0	0	0	0	0	0	0	0	0	0	2
1	6	A	40000	100000	0	0	0	0	0	0	0	0	0	0	1
1	6	B	40000	100000	0	0	0	0	0	0	0	0	0	0	1
1	7	G	40000	96799	3.201	1.399	3201	2233	1	0	0	2183	42	7	2234
1	7	A	40000	97643	2.357	1.282	2357	1075	0	0	0	1033	36	6	1076
1	7	B	40000	97326	2.674	1.516	2674	1158	1	0	0	1150	6	1	1158
2	0	G	40000	2505	97.495	48.1205	97495	4041	45	0	0	3828	93	75	3953
2	0	A	40000	2543	97.457	94.872	97457	2585	45	0	0	2375	93	72	2496
2	0	B	40000	97175	2.825	1.369	2825	1456	0	0	0	1453	0	3	1457
2	0	cSpy was 1 spamed and the readout avoided!
2	1	G	40000	99978	0.0220001	0	22	44	0	0	0	44	0	0	46
2	1	A	40000	99978	0.0220001	0	22	22	0	0	0	22	0	0	23
2	1	B	40000	99978	0.0220001	0	22	22	0	0	0	22	0	0	23
2	2	G	40000	28043	71.957	49.537	71957	27828	693	3	0	25209	1260	663	27193
2	2	A	40000	39496	60.504	47.746	60504	12758	392	3	0	11470	460	433	12371
2	2	B	40000	33602	66.398	51.328	66398	15070	301	0	0	13739	800	230	14822
2	3	G	40000	7319	92.681	64.131	92681	34446	86	0	0	30439	3818	103	34359
2	3	A	40000	23447	76.553	54.324	76553	22229	4	0	0	19282	2894	49	22204
2	3	B	40000	13845	86.155	73.938	86155	12217	82	0	0	11157	924	54	12155
2	4	G	40000	100000	0	0	0	0	0	0	0	0	0	0	2
2	4	A	40000	100000	0	0	0	0	0	0	0	0	0	0	1
2	4	B	40000	100000	0	0	0	0	0	0	0	0	0	0	1
2	5	G	40000	100000	0	0	0	0	0	0	0	0	0	0	2
2	5	A	40000	100000	0	0	0	0	0	0	0	0	0	0	1
2	5	B	40000	100000	0	0	0	0	0	0	0	0	0	0	1
2	6	G	40000	28149	71.851	49.494	71851	26345	266	2	0	24525	1017	535	26133
2	6	A	40000	40980	59.02	47.41	59020	11610	165	2	0	10220	770	453	11446
2	6	B	40000	33687	66.313	51.578	66313	14735	101	0	0	14305	247	82	14687
2	7	G	40000	0	100	100	100000	200000	200000	200000	200000	200000	200000	200000	200002
2	7	A	40000	0	100	100	100000	100000	100000	100000	100000	100000	100000	100000	100001
2	7	B	40000	0	100	100	100000	100000	100000	100000	100000	100000	100000	100000	100001
3	0	G	40000	1101	98.899	72.361	98899	15455	275	3	0	14280	265	632	14883
3	0	A	40000	1594	98.406	96.3	98406	2106	208	0	0	1264	24	610	1577
3	0	B	40000	38229	61.771	48.422	61771	13349	67	3	0	13016	241	22	13306
3	0	cSpy was 11 spamed and the readout avoided!
3	1	G	40000	0	100	100	100000	200000	200000	200000	200000	200000	200000	200000	200002
3	1	A	40000	0	100	100	100000	100000	100000	100000	100000	100000	100000	100000	100001
3	1	B	40000	0	100	100	100000	100000	100000	100000	100000	100000	100000	100000	100001
3	2	G	40000	99984	0.0159979	0	16	32	0	0	0	32	0	0	34
3	2	A	40000	99984	0.0159979	0	16	16	0	0	0	16	0	0	17
3	2	B	40000	99984	0.0159979	0	16	16	0	0	0	16	0	0	17
3	3	G	40000	100000	0	0	0	0	0	0	0	0	0	0	2
3	3	A	40000	100000	0	0	0	0	0	0	0	0	0	0	1
3	3	B	40000	100000	0	0	0	0	0	0	0	0	0	0	1
3	4	G	40000	81535	18.465	6.174	18465	20487	4	0	0	20423	51	9	20487
3	4	A	40000	83700	16.3	5.968	16300	10332	2	0	0	10297	24	9	10331
3	4	B	40000	83465	16.535	6.38	16535	10155	2	0	0	10126	27	0	10156
3	5	G	40000	0	100	100	100000	200000	200000	200000	200000	200000	200000	200000	200002
3	5	A	40000	0	100	100	100000	100000	100000	100000	100000	100000	100000	100000	100001
3	5	B	40000	0	100	100	100000	100000	100000	100000	100000	100000	100000	100000	100001
3	6	G	40000	84465	15.535	3.434	15535	22390	11	3	0	21588	781	7	22388
3	6	A	40000	84877	15.123	3.424	15123	11699	2	0	0	10953	737	7	11699
3	6	B	40000	85865	14.135	3.444	14135	10691	9	3	0	10635	44	0	10689
3	6	cSpy was 3 spamed and the readout avoided!
3	7	G	40000	100000	0	0	0	0	0	0	0	0	0	0	2
3	7	A	40000	100000	0	0	0	0	0	0	0	0	0	0	1
3	7	B	40000	100000	0	0	0	0	0	0	0	0	0	0	1
4	0	G	40000	1103	98.897	55.6925	98897	26086	135	2	0	24233	1426	290	25793
4	0	A	40000	1521	98.479	96.672	98479	1807	123	1	0	921	472	290	1516
4	0	B	40000	61008	38.992	14.713	38992	24279	12	1	0	23312	954	0	24277
4	0	cSpy was 2 spamed and the readout avoided!
4	1	G	40000	0	100	100	100000	200000	200000	200000	200000	200000	200000	200000	200002
4	1	A	40000	0	100	100	100000	100000	100000	100000	100000	100000	100000	100000	100001
4	1	B	40000	0	100	100	100000	100000	100000	100000	100000	100000	100000	100000	100001
4	2	G	40000	0	100	100	100000	0	0	0	0	0	0	0	0
4	2	A	40000	0	100	100	100000	0	0	0	0	0	0	0	0
4	2	B	40000	0	100	100	100000	0	0	0	0	0	0	0	0
4	3	G	40000	0	100	100	100000	0	0	0	0	0	0	0	0
4	3	A	40000	0	100	100	100000	0	0	0	0	0	0	0	0
4	3	B	40000	0	100	100	100000	0	0	0	0	0	0	0	0
4	4	G	40000	0	100	100	100000	0	0	0	0	0	0	0	0
4	4	A	40000	0	100	100	100000	0	0	0	0	0	0	0	0
4	4	B	40000	0	100	100	100000	0	0	0	0	0	0	0	0
4	5	G	40000	0	100	100	100000	0	0	0	0	0	0	0	0
4	5	A	40000	0	100	100	100000	0	0	0	0	0	0	0	0
4	5	B	40000	0	100	100	100000	0	0	0	0	0	0	0	0
4	6	G	40000	0	100	100	100000	0	0	0	0	0	0	0	0
4	6	A	40000	0	100	100	100000	0	0	0	0	0	0	0	0
4	6	B	40000	0	100	100	100000	0	0	0	0	0	0	0	0
4	7	G	40000	0	100	100	100000	0	0	0	0	0	0	0	0
4	7	A	40000	0	100	100	100000	0	0	0	0	0	0	0	0
4	7	B	40000	0	100	100	100000	0	0	0	0	0	0	0	0
5	0	G	40000	0	100	100	100000	0	0	0	0	0	0	0	0
5	0	A	40000	0	100	100	100000	0	0	0	0	0	0	0	0
5	0	B	40000	0	100	100	100000	0	0	0	0	0	0	0	0
5	1	G	40000	0	100	100	100000	0	0	0	0	0	0	0	0
5	1	A	40000	0	100	100	100000	0	0	0	0	0	0	0	0
5	1	B	40000	0	100	100	100000	0	0	0	0	0	0	0	0
5	2	G	40000	0	100	100	100000	0	0	0	0	0	0	0	0
5	2	A	40000	0	100	100	100000	0	0	0	0	0	0	0	0
5	2	B	40000	0	100	100	100000	0	0	0	0	0	0	0	0
5	3	G	40000	0	100	100	100000	0	0	0	0	0	0	0	0
5	3	A	40000	0	100	100	100000	0	0	0	0	0	0	0	0
5	3	B	40000	0	100	100	100000	0	0	0	0	0	0	0	0
5	4	G	40000	0	100	100	100000	0	0	0	0	0	0	0	0
5	4	A	40000	0	100	100	100000	0	0	0	0	0	0	0	0
5	4	B	40000	0	100	100	100000	0	0	0	0	0	0	0	0
5	5	G	40000	0	100	100	100000	0	0	0	0	0	0	0	0
5	5	A	40000	0	100	100	100000	0	0	0	0	0	0	0	0
5	5	B	40000	0	100	100	100000	0	0	0	0	0	0	0	0
5	6	G	40000	0	100	100	100000	0	0	0	0	0	0	0	0
5	6	A	40000	0	100	100	100000	0	0	0	0	0	0	0	0
5	6	B	40000	0	100	100	100000	0	0	0	0	0	0	0	0
5	7	G	40000	0	100	100	100000	0	0	0	0	0	0	0	0
5	7	A	40000	0	100	100	100000	0	0	0	0	0	0	0	0
5	7	B	40000	0	100	100	100000	0	0	0	0	0	0	0	0
6	0	G	40000	0	100	100	100000	0	0	0	0	0	0	0	0
6	0	A	40000	0	100	100	100000	0	0	0	0	0	0	0	0
6	0	B	40000	0	100	100	100000	0	0	0	0	0	0	0	0
6	1	G	40000	0	100	100	100000	0	0	0	0	0	0	0	0
6	1	A	40000	0	100	100	100000	0	0	0	0	0	0	0	0
6	1	B	40000	0	100	100	100000	0	0	0	0	0	0	0	0
6	2	G	40000	0	100	100	100000	0	0	0	0	0	0	0	0
6	2	A	40000	0	100	100	100000	0	0	0	0	0	0	0	0
6	2	B	40000	0	100	100	100000	0	0	0	0	0	0	0	0
6	3	G	40000	0	100	100	100000	0	0	0	0	0	0	0	0
6	3	A	40000	0	100	100	100000	0	0	0	0	0	0	0	0
6	3	B	40000	0	100	100	100000	0	0	0	0	0	0	0	0
6	4	G	40000	0	100	100	100000	0	0	0	0	0	0	0	0
6	4	A	40000	0	100	100	100000	0	0	0	0	0	0	0	0
6	4	B	40000	0	100	100	100000	0	0	0	0	0	0	0	0
6	5	G	40000	0	100	100	100000	0	0	0	0	0	0	0	0
6	5	A	40000	0	100	100	100000	0	0	0	0	0	0	0	0
6	5	B	40000	0	100	100	100000	0	0	0	0	0	0	0	0
6	6	G	40000	0	100	100	100000	0	0	0	0	0	0	0	0
6	6	A	40000	0	100	100	100000	0	0	0	0	0	0	0	0
6	6	B	40000	0	100	100	100000	0	0	0	0	0	0	0	0
6	7	G	40000	0	100	100	100000	0	0	0	0	0	0	0	0
6	7	A	40000	0	100	100	100000	0	0	0	0	0	0	0	0
6	7	B	40000	0	100	100	100000	0	0	0	0	0	0	0	0
7	0	G	40000	0	100	100	100000	0	0	0	0	0	0	0	0
7	0	A	40000	0	100	100	100000	0	0	0	0	0	0	0	0
7	0	B	40000	0	100	100	100000	0	0	0	0	0	0	0	0
7	1	G	40000	0	100	100	100000	0	0	0	0	0	0	0	0
7	1	A	40000	0	100	100	100000	0	0	0	0	0	0	0	0
7	1	B	40000	0	100	100	100000	0	0	0	0	0	0	0	0
7	2	G	40000	0	100	100	100000	0	0	0	0	0	0	0	0
7	2	A	40000	0	100	100	100000	0	0	0	0	0	0	0	0
7	2	B	40000	0	100	100	100000	0	0	0	0	0	0	0	0
7	3	G	40000	0	100	100	100000	0	0	0	0	0	0	0	0
7	3	A	40000	0	100	100	100000	0	0	0	0	0	0	0	0
7	3	B	40000	0	100	100	100000	0	0	0	0	0	0	0	0
7	4	G	40000	0	100	100	100000	0	0	0	0	0	0	0	0
7	4	A	40000	0	100	100	100000	0	0	0	0	0	0	0	0
7	4	B	40000	0	100	100	100000	0	0	0	0	0	0	0	0
7	5	G	40000	0	100	100	100000	0	0	0	0	0	0	0	0
7	5	A	40000	0	100	100	100000	0	0	0	0	0	0	0	0
7	5	B	40000	0	100	100	100000	0	0	0	0	0	0	0	0
7	6	G	40000	0	100	100	100000	0	0	0	0	0	0	0	0
7	6	A	40000	0	100	100	100000	0	0	0	0	0	0	0	0
7	6	B	40000	0	100	100	100000	0	0	0	0	0	0	0	0
7	7	G	40000	0	100	100	100000	0	0	0	0	0	0	0	0
7	7	A	40000	0	100	100	100000	0	0	0	0	0	0	0	0
7	7	B	40000	0	100	100	100000	0	0	0	0	0	0	0	0
