#the gain was set to: 2	the bias was set to: 30
#Sent triggers per delay setting: 100000	and with a frequency [Hz] of: 40000
#160MHz delay setting	400MHz delay setting	Frequency	correct transmitted H+T		error rate [%]	uncertainty [%]	bad or missed events	error count	missing headers	missing trailers	flipped H/T	event nr errors	tbm missed trigger	unknown errors	event nr resets
0	0	G	40000	450	99.55	71.6445	99550	19059	119	0	0	18025	294	621	18517
0	0	A	40000	618	99.382	98.236	99382	1146	101	0	0	176	268	601	618
0	0	B	40000	37034	62.966	45.053	62966	17913	18	0	0	17849	26	20	17899
0	0	cSpy was 36 spamed and the readout avoided!
0	1	G	40000	30740	69.26	49.5335	69260	25375	230	1	0	24595	14	535	25166
0	1	A	40000	40368	59.632	48.899	59632	10733	118	0	0	10169	6	440	10601
0	1	B	40000	35190	64.81	50.168	64810	14642	112	1	0	14426	8	95	14565
0	2	G	40000	4539	95.461	78.622	95461	21111	85	2	0	17684	2970	370	20862
0	2	A	40000	9496	90.504	81.274	90504	9230	52	0	0	7214	1602	362	9006
0	2	B	40000	12149	87.851	75.97	87851	11881	33	2	0	10470	1368	8	11856
0	2	cSpy was 2 spamed and the readout avoided!
0	3	G	40000	100000	0	0	0	0	0	0	0	0	0	0	2
0	3	A	40000	100000	0	0	0	0	0	0	0	0	0	0	1
0	3	B	40000	100000	0	0	0	0	0	0	0	0	0	0	1
0	4	G	40000	99971	0.0289977	0.002	29	53	0	0	0	53	0	0	55
0	4	A	40000	99972	0.0280023	0.002	28	26	0	0	0	26	0	0	27
0	4	B	40000	99971	0.0289977	0.002	29	27	0	0	0	27	0	0	28
0	5	G	40000	47342	52.658	28.0575	52658	33901	5	0	0	33510	137	249	33859
0	5	A	40000	56760	43.24	27.542	43240	15698	2	0	0	15381	67	248	15658
0	5	B	40000	53224	46.776	28.573	46776	18203	3	0	0	18129	70	1	18201
0	6	G	40000	0	100	100	100000	200000	200000	200000	200000	200000	200000	200000	200002
0	6	A	40000	0	100	100	100000	100000	100000	100000	100000	100000	100000	100000	100001
0	6	B	40000	0	100	100	100000	100000	100000	100000	100000	100000	100000	100000	100001
0	7	G	40000	97521	2.479	0.424	2479	3814	0	0	0	3784	30	0	3816
0	7	A	40000	97698	2.302	0.386	2302	1916	0	0	0	1898	18	0	1917
0	7	B	40000	97640	2.36	0.462	2360	1898	0	0	0	1886	12	0	1899
1	0	G	40000	286	99.714	97.75	99714	2473	186	0	0	1620	189	478	2015
1	0	A	40000	1314	98.686	96.989	98686	1697	162	0	0	1009	122	404	1303
1	0	B	40000	713	99.287	98.511	99287	776	24	0	0	611	67	74	712
1	0	cSpy was 26 spamed and the readout avoided!
1	1	G	40000	97431	2.569	0.2095	2569	4333	0	0	0	4269	64	0	4335
1	1	A	40000	97687	2.313	0.154	2313	2159	0	0	0	2135	24	0	2160
1	1	B	40000	97561	2.439	0.265	2439	2174	0	0	0	2134	40	0	2175
1	2	G	40000	100000	0	0	0	0	0	0	0	0	0	0	2
1	2	A	40000	100000	0	0	0	0	0	0	0	0	0	0	1
1	2	B	40000	100000	0	0	0	0	0	0	0	0	0	0	1
1	3	G	40000	98165	1.835	0.2075	1835	3125	0	0	0	3123	2	0	3127
1	3	A	40000	98272	1.728	0.198	1728	1530	0	0	0	1528	2	0	1531
1	3	B	40000	98188	1.812	0.217	1812	1595	0	0	0	1595	0	0	1596
1	4	G	40000	541	99.459	96.7605	99459	3456	228	0	0	1656	1158	414	3013
1	4	A	40000	1683	98.317	96.444	98317	1873	75	0	0	787	819	192	1673
1	4	B	40000	1340	98.66	97.077	98660	1583	153	0	0	869	339	222	1340
1	4	cSpy was 27 spamed and the readout avoided!
1	5	G	40000	32828	67.172	20.2375	67172	49286	21	0	0	41383	7841	41	49255
1	5	A	40000	63988	36.012	7.228	36012	28784	0	0	0	23669	5080	35	28773
1	5	B	40000	46251	53.749	33.247	53749	20502	21	0	0	17714	2761	6	20482
1	6	G	40000	100000	0	0	0	0	0	0	0	0	0	0	2
1	6	A	40000	100000	0	0	0	0	0	0	0	0	0	0	1
1	6	B	40000	100000	0	0	0	0	0	0	0	0	0	0	1
1	7	G	40000	99542	0.458002	0.042	458	778	0	0	0	777	0	1	780
1	7	A	40000	99583	0.417	0.038	417	379	0	0	0	378	0	1	380
1	7	B	40000	99555	0.445002	0.046	445	399	0	0	0	399	0	0	400
2	0	G	40000	2460	97.54	48.172	97540	4008	48	1	0	3797	88	74	3919
2	0	A	40000	2496	97.504	94.958	97504	2546	48	1	0	2336	87	74	2456
2	0	B	40000	97152	2.848	1.386	2848	1462	0	0	0	1461	1	0	1463
2	1	G	40000	100000	0	0	0	0	0	0	0	0	0	0	2
2	1	A	40000	100000	0	0	0	0	0	0	0	0	0	0	1
2	1	B	40000	100000	0	0	0	0	0	0	0	0	0	0	1
2	2	G	40000	29041	70.959	48.3015	70959	27378	639	7	0	24605	1446	681	26762
2	2	A	40000	41453	58.547	45.867	58547	12680	323	4	0	10469	1430	454	12335
2	2	B	40000	34566	65.434	50.736	65434	14698	316	3	0	14136	16	227	14427
2	3	G	40000	6034	93.966	68.417	93966	30538	76	2	0	26151	4188	121	30430
2	3	A	40000	20705	79.295	59.859	79295	19436	7	0	0	16312	3021	96	19387
2	3	B	40000	11923	88.077	76.975	88077	11102	69	2	0	9839	1167	25	11043
2	3	cSpy was 7 spamed and the readout avoided!
2	4	G	40000	100000	0	0	0	0	0	0	0	0	0	0	2
2	4	A	40000	100000	0	0	0	0	0	0	0	0	0	0	1
2	4	B	40000	100000	0	0	0	0	0	0	0	0	0	0	1
2	5	G	40000	100000	0	0	0	0	0	0	0	0	0	0	2
2	5	A	40000	100000	0	0	0	0	0	0	0	0	0	0	1
2	5	B	40000	100000	0	0	0	0	0	0	0	0	0	0	1
2	6	G	40000	37555	62.445	33.2465	62445	34567	34	0	0	32849	1416	268	34509
2	6	A	40000	52700	47.3	30.663	47300	16637	19	0	0	15104	1252	262	16593
2	6	B	40000	46240	53.76	35.83	53760	17930	15	0	0	17745	164	6	17916
2	7	G	40000	0	100	100	100000	200000	200000	200000	200000	200000	200000	200000	200002
2	7	A	40000	0	100	100	100000	100000	100000	100000	100000	100000	100000	100000	100001
2	7	B	40000	0	100	100	100000	100000	100000	100000	100000	100000	100000	100000	100001
3	0	G	40000	1170	98.83	64.398	98830	20244	211	1	0	19080	362	590	19741
3	0	A	40000	1688	98.312	96.145	98312	2167	185	0	0	1372	24	586	1676
3	0	B	40000	49272	50.728	32.651	50728	18077	26	1	0	17708	338	4	18065
3	0	cSpy was 56 spamed and the readout avoided!
3	1	G	40000	0	100	100	100000	200000	200000	200000	200000	200000	200000	200000	200002
3	1	A	40000	0	100	100	100000	100000	100000	100000	100000	100000	100000	100000	100001
3	1	B	40000	0	100	100	100000	100000	100000	100000	100000	100000	100000	100000	100001
3	2	G	40000	98440	1.56	0.02	1560	3074	0	0	0	3073	1	0	3076
3	2	A	40000	98440	1.56	0.02	1560	1540	0	0	0	1539	1	0	1541
3	2	B	40000	98446	1.554	0.02	1554	1534	0	0	0	1534	0	0	1535
3	3	G	40000	100000	0	0	0	0	0	0	0	0	0	0	2
3	3	A	40000	100000	0	0	0	0	0	0	0	0	0	0	1
3	3	B	40000	100000	0	0	0	0	0	0	0	0	0	0	1
3	4	G	40000	94332	5.668	0.8	5668	9142	0	0	0	9136	6	0	9144
3	4	A	40000	94679	5.321	0.736	5321	4585	0	0	0	4579	6	0	4586
3	4	B	40000	94579	5.421	0.864	5421	4557	0	0	0	4557	0	0	4558
3	5	G	40000	0	100	100	100000	200000	200000	200000	200000	200000	200000	200000	200002
3	5	A	40000	0	100	100	100000	100000	100000	100000	100000	100000	100000	100000	100001
3	5	B	40000	0	100	100	100000	100000	100000	100000	100000	100000	100000	100000	100001
3	6	G	40000	61400	38.6	9.851	38600	41447	8	11	0	38339	3063	26	41438
3	6	A	40000	68901	31.099	9.653	31099	21446	7	0	0	18771	2650	18	21444
3	6	B	40000	69950	30.05	10.049	30050	20001	1	11	0	19568	413	8	19994
3	6	cSpy was 7 spamed and the readout avoided!
3	7	G	40000	100000	0	0	0	0	0	0	0	0	0	0	2
3	7	A	40000	100000	0	0	0	0	0	0	0	0	0	0	1
3	7	B	40000	100000	0	0	0	0	0	0	0	0	0	0	1
4	0	G	40000	1082	98.918	66.458	98918	28901	102	0	0	26100	2566	133	28740
4	0	A	40000	1926	98.074	96.02	98074	2054	68	0	0	1299	565	122	1919
4	0	B	40000	36257	63.743	36.896	63743	26847	34	0	0	24801	2001	11	26821
4	0	cSpy was 2 spamed and the readout avoided!
4	1	G	40000	100000	0	0	0	0	0	0	0	0	0	0	2
4	1	A	40000	100000	0	0	0	0	0	0	0	0	0	0	1
4	1	B	40000	100000	0	0	0	0	0	0	0	0	0	0	1
4	2	G	40000	100000	0	0	0	0	0	0	0	0	0	0	2
4	2	A	40000	100000	0	0	0	0	0	0	0	0	0	0	1
4	2	B	40000	100000	0	0	0	0	0	0	0	0	0	0	1
4	3	G	40000	19457	80.543	59.08	80543	34025	806	0	0	32486	118	615	32953
4	3	A	40000	23597	76.403	59.348	76403	17055	393	0	0	16222	0	440	16338
4	3	B	40000	24218	75.782	58.812	75782	16970	413	0	0	16264	118	175	16615
4	3	cSpy was 8 spamed and the readout avoided!
4	4	G	40000	0	100	100	100000	200000	200000	200000	200000	200000	200000	200000	200002
4	4	A	40000	0	100	100	100000	100000	100000	100000	100000	100000	100000	100000	100001
4	4	B	40000	0	100	100	100000	100000	100000	100000	100000	100000	100000	100000	100001
4	5	G	40000	100000	0	0	0	0	0	0	0	0	0	0	2
4	5	A	40000	100000	0	0	0	0	0	0	0	0	0	0	1
4	5	B	40000	100000	0	0	0	0	0	0	0	0	0	0	1
4	6	G	40000	100000	0	0	0	0	0	0	0	0	0	0	2
4	6	A	40000	100000	0	0	0	0	0	0	0	0	0	0	1
4	6	B	40000	100000	0	0	0	0	0	0	0	0	0	0	1
4	7	G	40000	41328	58.672	38.056	58672	31976	172	0	0	31622	6	176	31780
4	7	A	40000	45924	54.076	38.137	54076	15939	83	0	0	15702	6	148	15786
4	7	B	40000	45988	54.012	37.975	54012	16037	89	0	0	15920	0	28	15994
4	7	cSpy was 2 spamed and the readout avoided!
5	0	G	40000	520	99.48	56.182	99480	14075	144	0	0	12991	107	833	13539
5	0	A	40000	629	99.371	98.206	99371	1165	144	0	0	92	97	832	629
5	0	B	40000	72932	27.068	14.158	27068	12910	0	0	0	12899	10	1	12910
5	0	cSpy was 51 spamed and the readout avoided!
5	1	G	40000	69663	30.337	13.34	30337	26568	12	0	0	26516	4	36	26560
5	1	A	40000	73377	26.623	13.535	26623	13088	6	0	0	13045	4	33	13080
5	1	B	40000	73375	26.625	13.145	26625	13480	6	0	0	13471	0	3	13480
5	1	cSpy was 1 spamed and the readout avoided!
5	2	G	40000	17	99.983	99.0775	99983	1111	29	0	0	453	204	425	734
5	2	A	40000	40	99.96	99.607	99960	353	0	0	0	5	0	348	40
5	2	B	40000	694	99.306	98.548	99306	758	29	0	0	448	204	77	694
5	2	cSpy was 9 spamed and the readout avoided!
5	3	G	40000	96127	3.873	0.024	3873	7583	0	0	0	7481	102	0	7585
5	3	A	40000	96132	3.868	0.024	3868	3844	0	0	0	3747	97	0	3845
5	3	B	40000	96237	3.763	0.024	3763	3739	0	0	0	3734	5	0	3740
5	4	G	40000	100000	0	0	0	0	0	0	0	0	0	0	2
5	4	A	40000	100000	0	0	0	0	0	0	0	0	0	0	1
5	4	B	40000	100000	0	0	0	0	0	0	0	0	0	0	1
5	5	G	40000	97082	2.918	0.356	2918	4893	0	0	0	4893	0	0	4895
5	5	A	40000	97170	2.83	0.39	2830	2440	0	0	0	2440	0	0	2441
5	5	B	40000	97225	2.775	0.322	2775	2453	0	0	0	2453	0	0	2454
5	6	G	40000	0	100	100	100000	200000	200000	200000	200000	200000	200000	200000	200002
5	6	A	40000	0	100	100	100000	100000	100000	100000	100000	100000	100000	100000	100001
5	6	B	40000	0	100	100	100000	100000	100000	100000	100000	100000	100000	100000	100001
5	7	G	40000	18246	81.754	34.701	81754	60645	0	0	0	53513	6934	198	60547
5	7	A	40000	33316	66.684	37.814	66684	28870	0	0	0	24607	4066	197	28773
5	7	B	40000	36637	63.363	31.588	63363	31775	0	0	0	28906	2868	1	31774
5	7	cSpy was 3 spamed and the readout avoided!
6	0	G	40000	436	99.564	97.0305	99564	3242	340	0	0	1541	809	552	2688
6	0	A	40000	1019	98.981	97.536	98981	1445	192	0	0	282	504	467	1019
6	0	B	40000	1678	98.322	96.525	98322	1797	148	0	0	1259	305	85	1669
6	0	cSpy was 69 spamed and the readout avoided!
6	1	G	40000	7452	92.548	69.803	92548	29691	30	4	0	26716	2439	502	29422
6	1	A	40000	14466	85.534	71.317	85534	14217	1	0	0	12582	1158	476	13972
6	1	B	40000	16237	83.763	68.289	83763	15474	29	4	0	14134	1281	26	15450
6	1	cSpy was 12 spamed and the readout avoided!
6	2	G	40000	100000	0	0	0	0	0	0	0	0	0	0	2
6	2	A	40000	100000	0	0	0	0	0	0	0	0	0	0	1
6	2	B	40000	100000	0	0	0	0	0	0	0	0	0	0	1
6	3	G	40000	100000	0	0	0	0	0	0	0	0	0	0	2
6	3	A	40000	100000	0	0	0	0	0	0	0	0	0	0	1
6	3	B	40000	100000	0	0	0	0	0	0	0	0	0	0	1
6	4	G	40000	22046	77.954	57.221	77954	33976	776	0	0	32450	167	583	32926
6	4	A	40000	25512	74.488	57.502	74488	16986	373	0	0	16207	0	406	16296
6	4	B	40000	26070	73.93	56.94	73930	16990	403	0	0	16243	167	177	16630
6	4	cSpy was 8 spamed and the readout avoided!
6	5	G	40000	0	100	100	100000	200000	200000	200000	200000	200000	200000	200000	200002
6	5	A	40000	0	100	100	100000	100000	100000	100000	100000	100000	100000	100000	100001
6	5	B	40000	0	100	100	100000	100000	100000	100000	100000	100000	100000	100000	100001
6	6	G	40000	100000	0	0	0	0	0	0	0	0	0	0	2
6	6	A	40000	100000	0	0	0	0	0	0	0	0	0	0	1
6	6	B	40000	100000	0	0	0	0	0	0	0	0	0	0	1
6	7	G	40000	100000	0	0	0	0	0	0	0	0	0	0	2
6	7	A	40000	100000	0	0	0	0	0	0	0	0	0	0	1
6	7	B	40000	100000	0	0	0	0	0	0	0	0	0	0	1
7	0	G	40000	2193	97.807	47.7515	97807	3491	199	0	0	2689	76	527	3012
7	0	A	40000	2212	97.788	95.123	97788	2665	199	0	0	1864	75	527	2185
7	0	B	40000	98794	1.206	0.38	1206	826	0	0	0	825	1	0	827
7	1	G	40000	100000	0	0	0	0	0	0	0	0	0	0	2
7	1	A	40000	100000	0	0	0	0	0	0	0	0	0	0	1
7	1	B	40000	100000	0	0	0	0	0	0	0	0	0	0	1
7	2	G	40000	99116	0.884002	0.0285	884	1693	0	0	0	1691	2	0	1695
7	2	A	40000	99120	0.880003	0.033	880	847	0	0	0	845	2	0	848
7	2	B	40000	99130	0.870001	0.024	870	846	0	0	0	846	0	0	847
7	3	G	40000	0	100	100	100000	200000	200000	200000	200000	200000	200000	200000	200002
7	3	A	40000	0	100	100	100000	100000	100000	100000	100000	100000	100000	100000	100001
7	3	B	40000	0	100	100	100000	100000	100000	100000	100000	100000	100000	100000	100001
7	4	G	40000	66110	33.89	7.876	33890	41307	0	0	0	37308	3919	80	41280
7	4	A	40000	69543	30.457	7.984	30457	22473	0	0	0	19216	3177	80	22445
7	4	B	40000	73398	26.602	7.768	26602	18834	0	0	0	18092	742	0	18835
7	5	G	40000	100000	0	0	0	0	0	0	0	0	0	0	2
7	5	A	40000	100000	0	0	0	0	0	0	0	0	0	0	1
7	5	B	40000	100000	0	0	0	0	0	0	0	0	0	0	1
7	6	G	40000	96716	3.284	0.851	3284	3183	4	1	0	3158	12	8	3184
7	6	A	40000	97481	2.519	0.946	2519	1573	4	1	0	1555	6	7	1573
7	6	B	40000	97634	2.366	0.756	2366	1610	0	0	0	1603	6	1	1611
7	7	G	40000	63316	36.684	13.569	36684	32070	56	78	0	31291	503	142	31986
7	7	A	40000	69476	30.524	14.263	30524	16261	56	78	0	15798	187	142	16176
7	7	B	40000	71316	28.684	12.875	28684	15809	0	0	0	15493	316	0	15810
7	7	cSpy was 7 spamed and the readout avoided!
