#the gain was set to: 2	the bias was set to: 30
#Sent triggers per delay setting: 100000	and with a frequency [Hz] of: 40000
#160MHz delay setting	400MHz delay setting	Frequency	correct transmitted H+T		error rate [%]	uncertainty [%]	bad or missed events	error count	missing headers	missing trailers	flipped H/T	event nr errors	tbm missed trigger	unknown errors	event nr resets
0	0	G	40000	418	99.582	71.826	99582	19124	119	0	0	18076	291	638	18590
0	0	A	40000	629	99.371	98.219	99371	1152	95	0	0	187	249	621	629
0	0	B	40000	36595	63.405	45.433	63405	17972	24	0	0	17889	42	17	17961
0	0	cSpy was 20 spamed and the readout avoided!
0	1	G	40000	30248	69.752	50.4955	69752	25602	240	0	0	24460	405	497	25421
0	1	A	40000	39123	60.877	49.917	60877	10960	135	0	0	10387	7	431	10824
0	1	B	40000	34284	65.716	51.074	65716	14642	105	0	0	14073	398	66	14597
0	2	G	40000	3483	96.517	81.8695	96517	17940	111	3	0	15240	2136	450	17619
0	2	A	40000	7089	92.911	85.889	92911	7022	66	0	0	5407	1123	426	6740
0	2	B	40000	11232	88.768	77.85	88768	10918	45	3	0	9833	1013	24	10879
0	2	cSpy was 4 spamed and the readout avoided!
0	3	G	40000	100000	0	0	0	0	0	0	0	0	0	0	2
0	3	A	40000	100000	0	0	0	0	0	0	0	0	0	0	1
0	3	B	40000	100000	0	0	0	0	0	0	0	0	0	0	1
0	4	G	40000	99946	0.0540018	0.002	54	90	0	0	0	90	0	0	92
0	4	A	40000	99958	0.0419974	0.001	42	41	0	0	0	41	0	0	42
0	4	B	40000	99948	0.0519991	0.003	52	49	0	0	0	49	0	0	50
0	5	G	40000	48170	51.83	33.503	51830	26054	29	0	0	25601	129	295	26022
0	5	A	40000	55290	44.71	33.084	44710	11626	17	0	0	11307	21	281	11595
0	5	B	40000	51650	48.35	33.922	48350	14428	12	0	0	14294	108	14	14427
0	6	G	40000	0	100	100	100000	200000	200000	200000	200000	200000	200000	200000	200002
0	6	A	40000	0	100	100	100000	100000	100000	100000	100000	100000	100000	100000	100001
0	6	B	40000	0	100	100	100000	100000	100000	100000	100000	100000	100000	100000	100001
0	7	G	40000	99119	0.880998	0.016	881	1722	0	0	0	1722	0	0	1724
0	7	A	40000	99123	0.876999	0.015	877	862	0	0	0	862	0	0	863
0	7	B	40000	99123	0.876999	0.017	877	860	0	0	0	860	0	0	861
1	0	G	40000	320	99.68	97.637	99680	2573	195	1	0	1717	177	483	2136
1	0	A	40000	1402	98.598	96.822	98598	1776	167	1	0	1063	117	428	1387
1	0	B	40000	751	99.249	98.452	99249	797	28	0	0	654	60	55	749
1	0	cSpy was 14 spamed and the readout avoided!
1	1	G	40000	98645	1.355	0.2835	1355	2123	0	0	0	2122	1	0	2125
1	1	A	40000	98659	1.341	0.282	1341	1059	0	0	0	1059	0	0	1060
1	1	B	40000	98651	1.349	0.285	1349	1064	0	0	0	1063	1	0	1065
1	2	G	40000	100000	0	0	0	0	0	0	0	0	0	0	2
1	2	A	40000	100000	0	0	0	0	0	0	0	0	0	0	1
1	2	B	40000	100000	0	0	0	0	0	0	0	0	0	0	1
1	3	G	40000	95079	4.921	1.7855	4921	4920	2	0	0	4840	62	16	4919
1	3	A	40000	95964	4.036	1.635	4036	2401	1	0	0	2338	49	13	2399
1	3	B	40000	95545	4.455	1.936	4455	2519	1	0	0	2502	13	3	2520
1	4	G	40000	0	100	100	100000	200000	200000	200000	200000	200000	200000	200000	200002
1	4	A	40000	0	100	100	100000	100000	100000	100000	100000	100000	100000	100000	100001
1	4	B	40000	0	100	100	100000	100000	100000	100000	100000	100000	100000	100000	100001
1	5	G	40000	66259	33.741	7.0095	33741	26352	0	0	0	23333	3019	0	26354
1	5	A	40000	83962	16.038	2.351	16038	13687	0	0	0	12073	1614	0	13688
1	5	B	40000	75667	24.333	11.668	24333	12665	0	0	0	11260	1405	0	12666
1	6	G	40000	100000	0	0	0	0	0	0	0	0	0	0	2
1	6	A	40000	100000	0	0	0	0	0	0	0	0	0	0	1
1	6	B	40000	100000	0	0	0	0	0	0	0	0	0	0	1
1	7	G	40000	99998	0.00200272	0	2	4	0	0	0	4	0	0	6
1	7	A	40000	99998	0.00200272	0	2	2	0	0	0	2	0	0	3
1	7	B	40000	99998	0.00200272	0	2	2	0	0	0	2	0	0	3
2	0	G	40000	2515	97.485	48.096	97485	3992	50	0	0	3747	107	88	3897
2	0	A	40000	2548	97.452	94.854	97452	2598	50	0	0	2353	107	88	2502
2	0	B	40000	97268	2.732	1.338	2732	1394	0	0	0	1394	0	0	1395
2	1	G	40000	99084	0.915998	0.4	916	732	0	0	0	724	6	2	734
2	1	A	40000	99270	0.730002	0.386	730	344	0	0	0	338	4	2	345
2	1	B	40000	99198	0.801998	0.414	802	388	0	0	0	386	2	0	389
2	2	G	40000	26916	73.084	51.5645	73084	26050	776	0	0	23220	1352	702	25402
2	2	A	40000	38819	61.181	49.637	61181	11544	433	0	0	9934	701	476	11136
2	2	B	40000	32002	67.998	53.492	67998	14506	343	0	0	13286	651	226	14266
2	3	G	40000	10225	89.775	66.9055	89775	26662	184	0	0	23261	2963	254	26397
2	3	A	40000	24000	76	59.342	76000	16658	82	0	0	14191	2259	126	16522
2	3	B	40000	15527	84.473	74.469	84473	10004	102	0	0	9070	704	128	9875
2	3	cSpy was 17 spamed and the readout avoided!
2	4	G	40000	100000	0	0	0	0	0	0	0	0	0	0	2
2	4	A	40000	100000	0	0	0	0	0	0	0	0	0	0	1
2	4	B	40000	100000	0	0	0	0	0	0	0	0	0	0	1
2	5	G	40000	100000	0	0	0	0	0	0	0	0	0	0	2
2	5	A	40000	100000	0	0	0	0	0	0	0	0	0	0	1
2	5	B	40000	100000	0	0	0	0	0	0	0	0	0	0	1
2	6	G	40000	42033	57.967	38.88	57967	22493	147	1	0	21172	773	400	22380
2	6	A	40000	52856	47.144	37.156	47144	9988	96	1	0	8924	613	354	9891
2	6	B	40000	46891	53.109	40.604	53109	12505	51	0	0	12248	160	46	12489
2	7	G	40000	0	100	100	100000	200000	200000	200000	200000	200000	200000	200000	200002
2	7	A	40000	0	100	100	100000	100000	100000	100000	100000	100000	100000	100000	100001
2	7	B	40000	0	100	100	100000	100000	100000	100000	100000	100000	100000	100000	100001
3	0	G	40000	1071	98.929	71.449	98929	15074	254	3	0	13905	282	630	14541
3	0	A	40000	1562	98.438	96.404	98438	2034	193	0	0	1213	23	605	1545
3	0	B	40000	40466	59.534	46.494	59534	13040	61	3	0	12692	259	25	12996
3	0	cSpy was 10 spamed and the readout avoided!
3	1	G	40000	0	100	100	100000	200000	200000	200000	200000	200000	200000	200000	200002
3	1	A	40000	0	100	100	100000	100000	100000	100000	100000	100000	100000	100000	100001
3	1	B	40000	0	100	100	100000	100000	100000	100000	100000	100000	100000	100000	100001
3	2	G	40000	99705	0.295001	0	295	590	0	0	0	590	0	0	592
3	2	A	40000	99705	0.295001	0	295	295	0	0	0	295	0	0	296
3	2	B	40000	99705	0.295001	0	295	295	0	0	0	295	0	0	296
3	3	G	40000	100000	0	0	0	0	0	0	0	0	0	0	2
3	3	A	40000	100000	0	0	0	0	0	0	0	0	0	0	1
3	3	B	40000	100000	0	0	0	0	0	0	0	0	0	0	1
3	4	G	40000	83189	16.811	9.325	16811	12151	47	0	0	12036	29	39	12099
3	4	A	40000	84610	15.39	9.252	15390	6138	23	0	0	6078	7	30	6100
3	4	B	40000	84589	15.411	9.398	15411	6013	24	0	0	5958	22	9	5999
3	5	G	40000	0	100	100	100000	200000	200000	200000	200000	200000	200000	200000	200002
3	5	A	40000	0	100	100	100000	100000	100000	100000	100000	100000	100000	100000	100001
3	5	B	40000	0	100	100	100000	100000	100000	100000	100000	100000	100000	100000	100001
3	6	G	40000	49640	50.36	30.5145	50360	29756	151	18	1	27283	2016	288	29496
3	6	A	40000	54003	45.997	30.555	45997	15442	83	10	1	13524	1586	238	15250
3	6	B	40000	55212	44.788	30.474	44788	14314	68	8	0	13759	430	50	14246
3	6	cSpy was 21 spamed and the readout avoided!
3	7	G	40000	100000	0	0	0	0	0	0	0	0	0	0	2
3	7	A	40000	100000	0	0	0	0	0	0	0	0	0	0	1
3	7	B	40000	100000	0	0	0	0	0	0	0	0	0	0	1
4	0	G	40000	810	99.19	68.808	99190	19151	138	5	0	16559	2178	271	18912
4	0	A	40000	1225	98.775	97.374	98775	1401	73	0	0	744	349	235	1218
4	0	B	40000	42008	57.992	40.242	57992	17750	65	5	0	15815	1829	36	17694
4	0	cSpy was 11 spamed and the readout avoided!
4	1	G	40000	100000	0	0	0	0	0	0	0	0	0	0	2
4	1	A	40000	100000	0	0	0	0	0	0	0	0	0	0	1
4	1	B	40000	100000	0	0	0	0	0	0	0	0	0	0	1
4	2	G	40000	100000	0	0	0	0	0	0	0	0	0	0	2
4	2	A	40000	100000	0	0	0	0	0	0	0	0	0	0	1
4	2	B	40000	100000	0	0	0	0	0	0	0	0	0	0	1
4	3	G	40000	24319	75.681	53.642	75681	34925	674	0	0	33640	102	509	34032
4	3	A	40000	28648	71.352	53.903	71352	17449	326	0	0	16759	2	362	16857
4	3	B	40000	29143	70.857	53.381	70857	17476	348	0	0	16881	100	147	17175
4	3	cSpy was 8 spamed and the readout avoided!
4	4	G	40000	4184	95.816	83.0935	95816	16852	288	29	2	14824	1209	501	16362
4	4	A	40000	8148	91.852	83.571	91852	8281	163	14	1	7100	573	431	7909
4	4	B	40000	8813	91.187	82.616	91187	8571	125	15	1	7724	636	70	8453
4	4	cSpy was 40 spamed and the readout avoided!
4	5	G	40000	100000	0	0	0	0	0	0	0	0	0	0	2
4	5	A	40000	100000	0	0	0	0	0	0	0	0	0	0	1
4	5	B	40000	100000	0	0	0	0	0	0	0	0	0	0	1
4	6	G	40000	100000	0	0	0	0	0	0	0	0	0	0	2
4	6	A	40000	100000	0	0	0	0	0	0	0	0	0	0	1
4	6	B	40000	100000	0	0	0	0	0	0	0	0	0	0	1
4	7	G	40000	35915	64.085	42.662	64085	33561	265	0	0	33044	9	243	33260
4	7	A	40000	40512	59.488	42.732	59488	16756	129	0	0	16426	6	195	16533
4	7	B	40000	40603	59.397	42.592	59397	16805	136	0	0	16618	3	48	16727
4	7	cSpy was 8 spamed and the readout avoided!
5	0	G	40000	491	99.509	56.7415	99509	14679	129	0	0	13604	110	836	14130
5	0	A	40000	602	99.398	98.247	99398	1151	129	0	0	88	98	836	602
5	0	B	40000	71236	28.764	15.236	28764	13528	0	0	0	13516	12	0	13528
5	0	cSpy was 60 spamed and the readout avoided!
5	1	G	40000	70319	29.681	12.7005	29681	26288	8	0	0	26235	6	39	26274
5	1	A	40000	74137	25.863	12.895	25863	12968	4	0	0	12919	6	39	12955
5	1	B	40000	74174	25.826	12.506	25826	13320	4	0	0	13316	0	0	13319
5	1	cSpy was 1 spamed and the readout avoided!
5	2	G	40000	58	99.942	98.622	99942	1725	53	0	0	778	61	833	1028
5	2	A	40000	139	99.861	99.122	99861	739	2	0	0	12	0	725	139
5	2	B	40000	892	99.108	98.122	99108	986	51	0	0	766	61	108	889
5	2	cSpy was 36 spamed and the readout avoided!
5	3	G	40000	98339	1.661	0.001	1661	3314	0	0	0	3309	5	0	3316
5	3	A	40000	98339	1.661	0.001	1661	1660	0	0	0	1655	5	0	1661
5	3	B	40000	98345	1.655	0.001	1655	1654	0	0	0	1654	0	0	1655
5	4	G	40000	100000	0	0	0	0	0	0	0	0	0	0	2
5	4	A	40000	100000	0	0	0	0	0	0	0	0	0	0	1
5	4	B	40000	100000	0	0	0	0	0	0	0	0	0	0	1
5	5	G	40000	96944	3.056	0.4405	3056	4942	0	0	0	4942	0	0	4944
5	5	A	40000	97054	2.946	0.484	2946	2462	0	0	0	2462	0	0	2463
5	5	B	40000	97123	2.877	0.397	2877	2480	0	0	0	2480	0	0	2481
5	6	G	40000	2	99.998	97.6415	99998	2467	210	0	0	867	1243	147	2245
5	6	A	40000	6	99.994	99.931	99994	63	0	0	0	1	0	62	6
5	6	B	40000	2244	97.756	95.352	97756	2404	210	0	0	866	1243	85	2239
5	6	cSpy was 33 spamed and the readout avoided!
5	7	G	40000	31326	68.674	16.5645	68674	66345	12	13	0	58733	7442	145	66270
5	7	A	40000	48861	51.139	18.519	51139	32620	12	13	0	27936	4514	145	32545
5	7	B	40000	51665	48.335	14.61	48335	33725	0	0	0	30797	2928	0	33725
5	7	cSpy was 3 spamed and the readout avoided!
6	0	G	40000	546	99.454	96.5135	99454	3805	378	2	0	1758	1046	621	3159
6	0	A	40000	1188	98.812	97.134	98812	1678	209	0	0	224	708	537	1188
6	0	B	40000	1980	98.02	95.893	98020	2127	169	2	0	1534	338	84	1971
6	0	cSpy was 81 spamed and the readout avoided!
6	1	G	40000	15305	84.695	42.3675	84695	54595	1	2	0	48451	5902	239	54480
6	1	A	40000	28803	71.197	45.21	71197	25987	0	2	0	22475	3274	236	25873
6	1	B	40000	31867	68.133	39.525	68133	28608	1	0	0	25976	2628	3	28607
6	1	cSpy was 5 spamed and the readout avoided!
6	2	G	40000	100000	0	0	0	0	0	0	0	0	0	0	2
6	2	A	40000	100000	0	0	0	0	0	0	0	0	0	0	1
6	2	B	40000	100000	0	0	0	0	0	0	0	0	0	0	1
6	3	G	40000	100000	0	0	0	0	0	0	0	0	0	0	2
6	3	A	40000	100000	0	0	0	0	0	0	0	0	0	0	1
6	3	B	40000	100000	0	0	0	0	0	0	0	0	0	0	1
6	4	G	40000	19807	80.193	58.9085	80193	34063	810	0	0	32522	133	598	32988
6	4	A	40000	23757	76.243	59.194	76243	17049	392	0	0	16229	0	428	16327
6	4	B	40000	24363	75.637	58.623	75637	17014	418	0	0	16293	133	170	16661
6	4	cSpy was 8 spamed and the readout avoided!
6	5	G	40000	3612	96.388	84.34	96388	15694	193	9	2	13693	979	818	15156
6	5	A	40000	7306	92.694	85.19	92694	7504	28	2	1	6365	415	693	7121
6	5	B	40000	8320	91.68	83.49	91680	8190	165	7	1	7328	564	125	8035
6	5	cSpy was 50 spamed and the readout avoided!
6	6	G	40000	100000	0	0	0	0	0	0	0	0	0	0	2
6	6	A	40000	100000	0	0	0	0	0	0	0	0	0	0	1
6	6	B	40000	100000	0	0	0	0	0	0	0	0	0	0	1
6	7	G	40000	100000	0	0	0	0	0	0	0	0	0	0	2
6	7	A	40000	100000	0	0	0	0	0	0	0	0	0	0	1
6	7	B	40000	100000	0	0	0	0	0	0	0	0	0	0	1
7	0	G	40000	1965	98.035	48.04	98035	3449	214	0	0	2586	79	570	2953
7	0	A	40000	1983	98.017	95.561	98017	2456	214	0	0	1593	79	570	1959
7	0	B	40000	98488	1.512	0.519	1512	993	0	0	0	993	0	0	994
7	0	cSpy was 1 spamed and the readout avoided!
7	1	G	40000	100000	0	0	0	0	0	0	0	0	0	0	2
7	1	A	40000	100000	0	0	0	0	0	0	0	0	0	0	1
7	1	B	40000	100000	0	0	0	0	0	0	0	0	0	0	1
7	2	G	40000	96699	3.301	0.885	3301	3476	6	5	0	3429	28	8	3474
7	2	A	40000	97303	2.697	0.978	2697	1719	6	5	0	1697	3	8	1716
7	2	B	40000	97451	2.549	0.792	2549	1757	0	0	0	1732	25	0	1758
7	3	G	40000	0	100	100	100000	200000	200000	200000	200000	200000	200000	200000	200002
7	3	A	40000	0	100	100	100000	100000	100000	100000	100000	100000	100000	100000	100001
7	3	B	40000	0	100	100	100000	100000	100000	100000	100000	100000	100000	100000	100001
7	4	G	40000	81860	18.14	3.482	18140	25870	0	0	0	23689	2150	31	25866
7	4	A	40000	82393	17.607	3.489	17607	14118	0	0	0	12242	1845	31	14113
7	4	B	40000	84773	15.227	3.475	15227	11752	0	0	0	11447	305	0	11753
7	5	G	40000	100000	0	0	0	0	0	0	0	0	0	0	2
7	5	A	40000	100000	0	0	0	0	0	0	0	0	0	0	1
7	5	B	40000	100000	0	0	0	0	0	0	0	0	0	0	1
7	6	G	40000	98743	1.257	0.325	1257	1222	1	1	0	1207	8	5	1221
7	6	A	40000	99031	0.968999	0.362	969	607	1	1	0	596	4	5	605
7	6	B	40000	99097	0.902998	0.288	903	615	0	0	0	611	4	0	616
7	7	G	40000	49936	50.064	22.149	50064	42888	1	1	0	41684	1048	154	42830
7	7	A	40000	55787	44.213	22.509	44213	21704	1	1	0	21109	439	154	21646
7	7	B	40000	57027	42.973	21.789	42973	21184	0	0	0	20575	609	0	21184
7	7	cSpy was 6 spamed and the readout avoided!
