#the gain was set to: 2	the bias was set to: 30
#Sent triggers per delay setting: 100000	and with a frequency [Hz] of: 40000
#160MHz delay setting	400MHz delay setting	Frequency	correct transmitted H+T		error rate [%]	uncertainty [%]	bad or missed events	error count	missing headers	missing trailers	flipped H/T	event nr errors	tbm missed trigger	unknown errors	event nr resets
0	0	G	40000	442	99.558	71.177	99558	19182	100	0	0	18154	322	606	18676
0	0	A	40000	662	99.338	98.179	99338	1159	84	0	0	198	279	598	662
0	0	B	40000	37802	62.198	44.175	62198	18023	16	0	0	17956	43	8	18014
0	0	cSpy was 24 spamed and the readout avoided!
0	1	G	40000	26478	73.522	53.098	73522	26071	388	1	0	25024	6	652	25730
0	1	A	40000	36659	63.341	52.45	63341	10891	198	0	0	10213	3	477	10690
0	1	B	40000	31074	68.926	53.746	68926	15180	190	1	0	14811	3	175	15040
0	2	G	40000	5079	94.921	77.896	94921	21799	76	0	0	18425	2928	370	21576
0	2	A	40000	9989	90.011	80.337	90011	9674	50	0	0	7698	1566	360	9465
0	2	B	40000	12420	87.58	75.455	87580	12125	26	0	0	10727	1362	10	12111
0	2	cSpy was 3 spamed and the readout avoided!
0	3	G	40000	100000	0	0	0	0	0	0	0	0	0	0	2
0	3	A	40000	100000	0	0	0	0	0	0	0	0	0	0	1
0	3	B	40000	100000	0	0	0	0	0	0	0	0	0	0	1
0	4	G	40000	99999	0.00100136	0	1	2	0	0	0	2	0	0	4
0	4	A	40000	99999	0.00100136	0	1	1	0	0	0	1	0	0	2
0	4	B	40000	99999	0.00100136	0	1	1	0	0	0	1	0	0	2
0	5	G	40000	57616	42.384	24.158	42384	24751	17	0	0	24452	80	202	24702
0	5	A	40000	64835	35.165	23.724	35165	11441	10	0	0	11194	38	199	11396
0	5	B	40000	62098	37.902	24.592	37902	13310	7	0	0	13258	42	3	13306
0	6	G	40000	0	100	100	100000	200000	200000	200000	200000	200000	200000	200000	200002
0	6	A	40000	0	100	100	100000	100000	100000	100000	100000	100000	100000	100000	100001
0	6	B	40000	0	100	100	100000	100000	100000	100000	100000	100000	100000	100000	100001
0	7	G	40000	99111	0.888997	0.213	889	1352	0	0	0	1352	0	0	1354
0	7	A	40000	99111	0.888997	0.213	889	676	0	0	0	676	0	0	677
0	7	B	40000	99111	0.888997	0.213	889	676	0	0	0	676	0	0	677
1	0	G	40000	293	99.707	97.54	99707	2650	200	2	0	1864	161	423	2244
1	0	A	40000	1583	98.417	96.515	98417	1902	180	2	0	1255	115	350	1558
1	0	B	40000	687	99.313	98.565	99313	748	20	0	0	609	46	73	686
1	0	cSpy was 20 spamed and the readout avoided!
1	1	G	40000	99199	0.801003	0.0115	801	1574	0	0	0	1573	1	0	1576
1	1	A	40000	99203	0.796998	0.01	797	787	0	0	0	786	1	0	788
1	1	B	40000	99200	0.800002	0.013	800	787	0	0	0	787	0	0	788
1	2	G	40000	100000	0	0	0	0	0	0	0	0	0	0	2
1	2	A	40000	100000	0	0	0	0	0	0	0	0	0	0	1
1	2	B	40000	100000	0	0	0	0	0	0	0	0	0	0	1
1	3	G	40000	96635	3.365	0.5945	3365	5137	0	0	0	5132	4	1	5139
1	3	A	40000	96948	3.052	0.562	3052	2490	0	0	0	2485	4	1	2491
1	3	B	40000	96726	3.274	0.627	3274	2647	0	0	0	2647	0	0	2648
1	4	G	40000	546	99.454	96.5575	99454	3682	264	2	0	1800	1119	497	3161
1	4	A	40000	1911	98.089	96.035	98089	2054	74	1	0	881	916	182	1871
1	4	B	40000	1292	98.708	97.08	98708	1628	190	1	0	919	203	315	1290
1	4	cSpy was 64 spamed and the readout avoided!
1	5	G	40000	69340	30.66	6.5945	30660	24026	2	0	0	20952	3055	17	24025
1	5	A	40000	85027	14.973	2.888	14973	12085	0	0	0	10620	1449	16	12086
1	5	B	40000	77758	22.242	10.301	22242	11941	2	0	0	10332	1606	1	11939
1	6	G	40000	100000	0	0	0	0	0	0	0	0	0	0	2
1	6	A	40000	100000	0	0	0	0	0	0	0	0	0	0	1
1	6	B	40000	100000	0	0	0	0	0	0	0	0	0	0	1
1	7	G	40000	98273	1.727	0.826	1727	1128	0	0	0	1109	12	7	1130
1	7	A	40000	98692	1.308	0.785	1308	523	0	0	0	505	12	6	524
1	7	B	40000	98528	1.472	0.867	1472	605	0	0	0	604	0	1	606
2	0	G	40000	2416	97.584	48.22	97584	3901	33	0	0	3698	105	65	3837
2	0	A	40000	2452	97.548	95.078	97548	2470	33	0	0	2268	104	65	2405
2	0	B	40000	97207	2.793	1.362	2793	1431	0	0	0	1430	1	0	1432
2	1	G	40000	99530	0.470001	0.0695	470	733	0	0	0	731	0	2	735
2	1	A	40000	99571	0.428998	0.062	429	367	0	0	0	365	0	2	368
2	1	B	40000	99557	0.443	0.077	443	366	0	0	0	366	0	0	367
2	2	G	40000	28277	71.723	46.6255	71723	30020	594	9	0	27338	1455	624	29453
2	2	A	40000	41888	58.112	44.117	58112	13995	302	5	0	11880	1381	427	13665
2	2	B	40000	34841	65.159	49.134	65159	16025	292	4	0	15458	74	197	15788
2	3	G	40000	5800	94.2	71.248	94200	27621	65	2	0	23882	3596	76	27543
2	3	A	40000	18762	81.238	63.762	81238	17476	3	0	0	14802	2620	51	17452
2	3	B	40000	11121	88.879	78.734	88879	10145	62	2	0	9080	976	25	10091
2	3	cSpy was 9 spamed and the readout avoided!
2	4	G	40000	100000	0	0	0	0	0	0	0	0	0	0	2
2	4	A	40000	100000	0	0	0	0	0	0	0	0	0	0	1
2	4	B	40000	100000	0	0	0	0	0	0	0	0	0	0	1
2	5	G	40000	100000	0	0	0	0	0	0	0	0	0	0	2
2	5	A	40000	100000	0	0	0	0	0	0	0	0	0	0	1
2	5	B	40000	100000	0	0	0	0	0	0	0	0	0	0	1
2	6	G	40000	25199	74.801	50.22	74801	28601	271	0	0	26237	1537	556	28364
2	6	A	40000	39325	60.675	47.398	60675	13277	147	0	0	11144	1536	450	13108
2	6	B	40000	31634	68.366	53.042	68366	15324	124	0	0	15093	1	106	15256
2	7	G	40000	0	100	100	100000	200000	200000	200000	200000	200000	200000	200000	200002
2	7	A	40000	0	100	100	100000	100000	100000	100000	100000	100000	100000	100000	100001
2	7	B	40000	0	100	100	100000	100000	100000	100000	100000	100000	100000	100000	100001
3	0	G	40000	1116	98.884	70.8055	98884	14819	252	6	0	13659	262	640	14242
3	0	A	40000	1556	98.444	96.37	98444	2074	196	0	0	1245	24	609	1542
3	0	B	40000	42014	57.986	45.241	57986	12745	56	6	0	12414	238	31	12700
3	0	cSpy was 14 spamed and the readout avoided!
3	1	G	40000	0	100	100	100000	200000	200000	200000	200000	200000	200000	200000	200002
3	1	A	40000	0	100	100	100000	100000	100000	100000	100000	100000	100000	100000	100001
3	1	B	40000	0	100	100	100000	100000	100000	100000	100000	100000	100000	100000	100001
3	2	G	40000	99816	0.184	0.001	184	365	0	0	0	365	0	0	367
3	2	A	40000	99816	0.184	0.001	184	183	0	0	0	183	0	0	184
3	2	B	40000	99817	0.182998	0.001	183	182	0	0	0	182	0	0	183
3	3	G	40000	100000	0	0	0	0	0	0	0	0	0	0	2
3	3	A	40000	100000	0	0	0	0	0	0	0	0	0	0	1
3	3	B	40000	100000	0	0	0	0	0	0	0	0	0	0	1
3	4	G	40000	90678	9.322	1.9625	9322	13551	0	0	0	13534	13	4	13553
3	4	A	40000	91332	8.668	1.857	8668	6811	0	0	0	6796	11	4	6812
3	4	B	40000	91192	8.808	2.068	8808	6740	0	0	0	6738	2	0	6741
3	5	G	40000	0	100	100	100000	200000	200000	200000	200000	200000	200000	200000	200002
3	5	A	40000	0	100	100	100000	100000	100000	100000	100000	100000	100000	100000	100001
3	5	B	40000	0	100	100	100000	100000	100000	100000	100000	100000	100000	100000	100001
3	6	G	40000	73582	26.418	6.971	26418	32130	5	8	0	30106	1962	49	32114
3	6	A	40000	76119	23.881	6.909	23881	16972	1	0	0	15084	1870	17	16973
3	6	B	40000	77809	22.191	7.033	22191	15158	4	8	0	15022	92	32	15141
3	6	cSpy was 3 spamed and the readout avoided!
3	7	G	40000	100000	0	0	0	0	0	0	0	0	0	0	2
3	7	A	40000	100000	0	0	0	0	0	0	0	0	0	0	1
3	7	B	40000	100000	0	0	0	0	0	0	0	0	0	0	1
4	0	G	40000	1163	98.837	57.9215	98837	28792	124	2	0	26546	1907	213	28561
4	0	A	40000	1691	98.309	96.395	98309	1914	119	1	0	1071	519	204	1686
4	0	B	40000	53674	46.326	19.448	46326	26878	5	1	0	25475	1388	9	26875
4	0	cSpy was 3 spamed and the readout avoided!
4	1	G	40000	100000	0	0	0	0	0	0	0	0	0	0	2
4	1	A	40000	100000	0	0	0	0	0	0	0	0	0	0	1
4	1	B	40000	100000	0	0	0	0	0	0	0	0	0	0	1
4	2	G	40000	97260	2.74	1.0325	2740	2528	0	0	0	2525	2	1	2529
4	2	A	40000	97694	2.306	1.067	2306	1239	0	0	0	1236	2	1	1239
4	2	B	40000	97713	2.287	0.998	2287	1289	0	0	0	1289	0	0	1290
4	3	G	40000	19585	80.415	59.0115	80415	34082	810	0	0	32548	120	604	33015
4	3	A	40000	23644	76.356	59.278	76356	17078	396	0	0	16256	0	426	16369
4	3	B	40000	24251	75.749	58.745	75749	17004	414	0	0	16292	120	178	16646
4	3	cSpy was 6 spamed and the readout avoided!
4	4	G	40000	4247	95.753	82.7265	95753	17191	279	23	0	14744	1569	577	16687
4	4	A	40000	8261	91.739	83.425	91739	8314	126	8	0	7103	626	452	7979
4	4	B	40000	9095	90.905	82.028	90905	8877	153	15	0	7641	943	125	8708
4	4	cSpy was 48 spamed and the readout avoided!
4	5	G	40000	100000	0	0	0	0	0	0	0	0	0	0	2
4	5	A	40000	100000	0	0	0	0	0	0	0	0	0	0	1
4	5	B	40000	100000	0	0	0	0	0	0	0	0	0	0	1
4	6	G	40000	99928	0.0720024	0.001	72	133	0	0	0	133	0	0	135
4	6	A	40000	99932	0.0680029	0.002	68	66	0	0	0	66	0	0	67
4	6	B	40000	99933	0.0670016	0	67	67	0	0	0	67	0	0	68
4	7	G	40000	47251	52.749	34.4565	52749	28685	159	0	0	28344	8	174	28491
4	7	A	40000	51148	48.852	34.54	48852	14312	76	0	0	14091	6	139	14175
4	7	B	40000	51254	48.746	34.373	48746	14373	83	0	0	14253	2	35	14316
4	7	cSpy was 4 spamed and the readout avoided!
5	0	G	40000	499	99.501	56.4595	99501	14445	140	0	0	13354	111	840	13893
5	0	A	40000	616	99.384	98.216	99384	1168	140	0	0	86	105	837	615
5	0	B	40000	72020	27.98	14.703	27980	13277	0	0	0	13268	6	3	13278
5	0	cSpy was 46 spamed and the readout avoided!
5	1	G	40000	68599	31.401	15.3275	31401	24915	6	0	0	24856	10	43	24907
5	1	A	40000	72225	27.775	15.5	27775	12275	3	0	0	12219	10	43	12266
5	1	B	40000	72205	27.795	15.155	27795	12640	3	0	0	12637	0	0	12641
5	1	cSpy was 1 spamed and the readout avoided!
5	2	G	40000	0	100	100	100000	200000	200000	200000	200000	200000	200000	200000	200002
5	2	A	40000	0	100	100	100000	100000	100000	100000	100000	100000	100000	100000	100001
5	2	B	40000	0	100	100	100000	100000	100000	100000	100000	100000	100000	100000	100001
5	3	G	40000	98709	1.291	0.001	1291	2580	0	0	0	2580	0	0	2582
5	3	A	40000	98709	1.291	0.001	1291	1290	0	0	0	1290	0	0	1291
5	3	B	40000	98709	1.291	0.001	1291	1290	0	0	0	1290	0	0	1291
5	4	G	40000	100000	0	0	0	0	0	0	0	0	0	0	2
5	4	A	40000	100000	0	0	0	0	0	0	0	0	0	0	1
5	4	B	40000	100000	0	0	0	0	0	0	0	0	0	0	1
5	5	G	40000	91294	8.706	2.2865	8706	10964	0	0	0	10956	2	6	10966
5	5	A	40000	92174	7.826	2.402	7826	5424	0	0	0	5416	2	6	5425
5	5	B	40000	92289	7.711	2.171	7711	5540	0	0	0	5540	0	0	5541
5	6	G	40000	2	99.998	97.8195	99998	2304	196	0	0	715	1214	179	2054
5	6	A	40000	11	99.989	99.926	99989	63	0	0	0	0	2	61	11
5	6	B	40000	2046	97.954	95.713	97954	2241	196	0	0	715	1212	118	2043
5	6	cSpy was 39 spamed and the readout avoided!
5	7	G	40000	30845	69.155	19.6055	69155	63592	12	18	0	56425	6990	147	63529
5	7	A	40000	47321	52.679	21.356	52679	31323	12	18	0	26971	4175	147	31259
5	7	B	40000	49876	50.124	17.855	50124	32269	0	0	0	29454	2815	0	32270
5	7	cSpy was 6 spamed and the readout avoided!
6	0	G	40000	490	99.51	96.6445	99510	3649	354	3	0	1766	931	595	3054
6	0	A	40000	1124	98.876	97.312	98876	1564	182	0	0	239	644	499	1124
6	0	B	40000	1938	98.062	95.977	98062	2085	172	3	0	1527	287	96	1930
6	0	cSpy was 75 spamed and the readout avoided!
6	1	G	40000	14252	85.748	46.475	85748	50987	0	0	0	45392	5328	267	50851
6	1	A	40000	26560	73.44	49.168	73440	24272	0	0	0	21083	2927	262	24137
6	1	B	40000	29503	70.497	43.782	70497	26715	0	0	0	24309	2401	5	26714
6	1	cSpy was 7 spamed and the readout avoided!
6	2	G	40000	100000	0	0	0	0	0	0	0	0	0	0	2
6	2	A	40000	100000	0	0	0	0	0	0	0	0	0	0	1
6	2	B	40000	100000	0	0	0	0	0	0	0	0	0	0	1
6	3	G	40000	100000	0	0	0	0	0	0	0	0	0	0	2
6	3	A	40000	100000	0	0	0	0	0	0	0	0	0	0	1
6	3	B	40000	100000	0	0	0	0	0	0	0	0	0	0	1
6	4	G	40000	20577	79.423	58.6135	79423	34296	794	0	0	32747	164	591	33226
6	4	A	40000	23954	76.046	58.893	76046	17153	381	0	0	16357	0	415	16446
6	4	B	40000	24523	75.477	58.334	75477	17143	413	0	0	16390	164	176	16780
6	4	cSpy was 8 spamed and the readout avoided!
6	5	G	40000	4092	95.908	81.74	95908	18251	165	10	1	16059	1173	844	17733
6	5	A	40000	8510	91.49	82.793	91490	8697	25	0	0	7436	509	728	8317
6	5	B	40000	9759	90.241	80.687	90241	9554	140	10	1	8623	664	116	9416
6	5	cSpy was 33 spamed and the readout avoided!
6	6	G	40000	100000	0	0	0	0	0	0	0	0	0	0	2
6	6	A	40000	100000	0	0	0	0	0	0	0	0	0	0	1
6	6	B	40000	100000	0	0	0	0	0	0	0	0	0	0	1
6	7	G	40000	100000	0	0	0	0	0	0	0	0	0	0	2
6	7	A	40000	100000	0	0	0	0	0	0	0	0	0	0	1
6	7	B	40000	100000	0	0	0	0	0	0	0	0	0	0	1
7	0	G	40000	2092	97.908	47.892	97908	3601	202	0	0	2770	87	542	3120
7	0	A	40000	2105	97.895	95.335	97895	2560	202	0	0	1729	87	542	2078
7	0	B	40000	98510	1.49	0.449	1490	1041	0	0	0	1041	0	0	1042
7	0	cSpy was 1 spamed and the readout avoided!
7	1	G	40000	100000	0	0	0	0	0	0	0	0	0	0	2
7	1	A	40000	100000	0	0	0	0	0	0	0	0	0	0	1
7	1	B	40000	100000	0	0	0	0	0	0	0	0	0	0	1
7	2	G	40000	92683	7.317	1.7515	7317	8536	7	7	0	8437	73	12	8535
7	2	A	40000	93816	6.184	1.933	6184	4251	7	7	0	4186	39	12	4249
7	2	B	40000	94145	5.855	1.57	5855	4285	0	0	0	4251	34	0	4286
7	2	cSpy was 1 spamed and the readout avoided!
7	3	G	40000	0	100	100	100000	200000	200000	200000	200000	200000	200000	200000	200002
7	3	A	40000	0	100	100	100000	100000	100000	100000	100000	100000	100000	100000	100001
7	3	B	40000	0	100	100	100000	100000	100000	100000	100000	100000	100000	100000	100001
7	4	G	40000	83423	16.577	2.939	16577	24410	0	0	0	22472	1916	22	24408
7	4	A	40000	83787	16.213	2.941	16213	13272	0	0	0	11601	1649	22	13269
7	4	B	40000	85925	14.075	2.937	14075	11138	0	0	0	10871	267	0	11139
7	5	G	40000	100000	0	0	0	0	0	0	0	0	0	0	2
7	5	A	40000	100000	0	0	0	0	0	0	0	0	0	0	1
7	5	B	40000	100000	0	0	0	0	0	0	0	0	0	0	1
7	6	G	40000	98929	1.071	0.368	1071	924	6	0	0	900	13	5	925
7	6	A	40000	99144	0.856	0.402	856	454	6	0	0	443	1	4	454
7	6	B	40000	99196	0.804001	0.334	804	470	0	0	0	457	12	1	471
7	6	cSpy was 1 spamed and the readout avoided!
7	7	G	40000	46630	53.37	24.881	53370	43864	1	0	0	42454	1249	160	43799
7	7	A	40000	52554	47.446	25.272	47446	22174	0	0	0	21452	563	159	22109
7	7	B	40000	53820	46.18	24.49	46180	21690	1	0	0	21002	686	1	21690
7	7	cSpy was 7 spamed and the readout avoided!
