#the gain was set to: 2	the bias was set to: 30
#Sent triggers per delay setting: 100000	and with a frequency [Hz] of: 40000
#160MHz delay setting	400MHz delay setting	Frequency	correct transmitted H+T		error rate [%]	uncertainty [%]	bad or missed events	error count	missing headers	missing trailers	flipped H/T	event nr errors	tbm missed trigger	unknown errors	event nr resets
0	0	G	40000	426	99.574	72.317	99574	18961	104	0	0	17928	326	603	18465
0	0	A	40000	635	99.365	98.242	99365	1123	86	0	0	158	289	590	635
0	0	B	40000	35770	64.23	46.392	64230	17838	18	0	0	17770	37	13	17830
0	0	cSpy was 31 spamed and the readout avoided!
0	1	G	40000	33943	66.057	45.547	66057	26545	146	0	0	25852	61	486	26377
0	1	A	40000	43507	56.493	44.887	56493	11606	82	0	0	11077	25	422	11485
0	1	B	40000	38854	61.146	46.207	61146	14939	64	0	0	14775	36	64	14892
0	2	G	40000	3085	96.915	83.359	96915	16533	156	2	0	13566	2370	439	16187
0	2	A	40000	6178	93.822	87.656	93822	6166	104	0	0	4582	1067	413	5863
0	2	B	40000	10571	89.429	79.062	89429	10367	52	2	0	8984	1303	26	10324
0	2	cSpy was 11 spamed and the readout avoided!
0	3	G	40000	100000	0	0	0	0	0	0	0	0	0	0	2
0	3	A	40000	100000	0	0	0	0	0	0	0	0	0	0	1
0	3	B	40000	100000	0	0	0	0	0	0	0	0	0	0	1
0	4	G	40000	100000	0	0	0	0	0	0	0	0	0	0	2
0	4	A	40000	100000	0	0	0	0	0	0	0	0	0	0	1
0	4	B	40000	100000	0	0	0	0	0	0	0	0	0	0	1
0	5	G	40000	37095	62.905	38.4165	62905	32414	23	0	0	31893	139	359	32341
0	5	A	40000	47426	52.574	37.779	52574	14795	13	0	0	14371	63	348	14727
0	5	B	40000	43327	56.673	39.054	56673	17619	10	0	0	17522	76	11	17614
0	6	G	40000	1527	98.473	92.545	98473	7574	350	9	0	4927	1947	341	7126
0	6	A	40000	4192	95.808	91.534	95808	4274	144	0	0	2527	1406	197	4047
0	6	B	40000	3144	96.856	93.556	96856	3300	206	9	0	2400	541	144	3079
0	6	cSpy was 58 spamed and the readout avoided!
0	7	G	40000	98491	1.509	0.307	1509	2392	0	0	0	2391	1	0	2394
0	7	A	40000	98500	1.5	0.305	1500	1195	0	0	0	1195	0	0	1196
0	7	B	40000	98494	1.506	0.309	1506	1197	0	0	0	1196	1	0	1198
1	0	G	40000	302	99.698	97.9565	99698	2267	147	0	0	1407	182	531	1818
1	0	A	40000	1036	98.964	97.526	98964	1438	124	0	0	718	122	474	1035
1	0	B	40000	784	99.216	98.387	99216	829	23	0	0	689	60	57	783
1	0	cSpy was 36 spamed and the readout avoided!
1	1	G	40000	98435	1.565	0.2975	1565	2512	0	0	0	2507	5	0	2514
1	1	A	40000	98451	1.549	0.294	1549	1255	0	0	0	1252	3	0	1256
1	1	B	40000	98442	1.558	0.301	1558	1257	0	0	0	1255	2	0	1258
1	2	G	40000	100000	0	0	0	0	0	0	0	0	0	0	2
1	2	A	40000	100000	0	0	0	0	0	0	0	0	0	0	1
1	2	B	40000	100000	0	0	0	0	0	0	0	0	0	0	1
1	3	G	40000	94925	5.075	1.198	5075	6174	0	0	0	6140	29	5	6176
1	3	A	40000	95938	4.062	1.053	4062	3009	0	0	0	2988	17	4	3010
1	3	B	40000	95492	4.508	1.343	4508	3165	0	0	0	3152	12	1	3166
1	4	G	40000	427	99.573	97.208	99573	2963	195	0	0	1269	1160	339	2607
1	4	A	40000	1459	98.541	96.974	98541	1567	52	0	0	572	815	128	1446
1	4	B	40000	1162	98.838	97.442	98838	1396	143	0	0	697	345	211	1161
1	4	cSpy was 20 spamed and the readout avoided!
1	5	G	40000	43595	56.405	17.7415	56405	41325	5	0	0	35647	5653	20	41312
1	5	A	40000	68270	31.73	7.085	31730	24645	0	0	0	20486	4148	11	24640
1	5	B	40000	54922	45.078	28.398	45078	16680	5	0	0	15161	1505	9	16672
1	6	G	40000	100000	0	0	0	0	0	0	0	0	0	0	2
1	6	A	40000	100000	0	0	0	0	0	0	0	0	0	0	1
1	6	B	40000	100000	0	0	0	0	0	0	0	0	0	0	1
1	7	G	40000	98433	1.567	0.381	1567	1827	0	0	0	1818	7	2	1828
1	7	A	40000	98767	1.233	0.342	1233	891	0	0	0	887	2	2	891
1	7	B	40000	98644	1.356	0.42	1356	936	0	0	0	931	5	0	937
2	0	G	40000	2142	97.858	48.647	97858	4045	43	3	0	3810	117	72	3972
2	0	A	40000	2180	97.82	95.589	97820	2231	43	3	0	1996	117	72	2157
2	0	B	40000	96481	3.519	1.705	3519	1814	0	0	0	1814	0	0	1815
2	1	G	40000	100000	0	0	0	0	0	0	0	0	0	0	2
2	1	A	40000	100000	0	0	0	0	0	0	0	0	0	0	1
2	1	B	40000	100000	0	0	0	0	0	0	0	0	0	0	1
2	2	G	40000	28460	71.54	47.5375	71540	28809	533	10	0	26183	1468	615	28311
2	2	A	40000	41587	58.413	45.02	58413	13393	273	3	0	11248	1435	434	13098
2	2	B	40000	34529	65.471	50.055	65471	15416	260	7	0	14935	33	181	15213
2	3	G	40000	6430	93.57	66.6775	93570	32016	64	0	0	27847	4035	70	31949
2	3	A	40000	21932	78.068	57.561	78068	20507	2	0	0	17486	2971	48	20478
2	3	B	40000	12697	87.303	75.794	87303	11509	62	0	0	10361	1064	22	11471
2	3	cSpy was 5 spamed and the readout avoided!
2	4	G	40000	100000	0	0	0	0	0	0	0	0	0	0	2
2	4	A	40000	100000	0	0	0	0	0	0	0	0	0	0	1
2	4	B	40000	100000	0	0	0	0	0	0	0	0	0	0	1
2	5	G	40000	100000	0	0	0	0	0	0	0	0	0	0	2
2	5	A	40000	100000	0	0	0	0	0	0	0	0	0	0	1
2	5	B	40000	100000	0	0	0	0	0	0	0	0	0	0	1
2	6	G	40000	27397	72.603	46.319	72603	30172	103	0	0	28096	1542	431	30058
2	6	A	40000	42414	57.586	43.434	57586	14152	59	0	0	12198	1499	396	14068
2	6	B	40000	34776	65.224	49.204	65224	16020	44	0	0	15898	43	35	15990
2	7	G	40000	0	100	100	100000	200000	200000	200000	200000	200000	200000	200000	200002
2	7	A	40000	0	100	100	100000	100000	100000	100000	100000	100000	100000	100000	100001
2	7	B	40000	0	100	100	100000	100000	100000	100000	100000	100000	100000	100000	100001
3	0	G	40000	733	99.267	76.922	99267	19171	264	3	0	17824	403	677	18576
3	0	A	40000	1324	98.676	96.817	98676	1859	195	0	0	999	20	645	1317
3	0	B	40000	25661	74.339	57.027	74339	17312	69	3	0	16825	383	32	17259
3	0	cSpy was 13 spamed and the readout avoided!
3	1	G	40000	0	100	100	100000	200000	200000	200000	200000	200000	200000	200000	200002
3	1	A	40000	0	100	100	100000	100000	100000	100000	100000	100000	100000	100000	100001
3	1	B	40000	0	100	100	100000	100000	100000	100000	100000	100000	100000	100000	100001
3	2	G	40000	99497	0.502998	0	503	1006	0	0	0	1006	0	0	1008
3	2	A	40000	99497	0.502998	0	503	503	0	0	0	503	0	0	504
3	2	B	40000	99497	0.502998	0	503	503	0	0	0	503	0	0	504
3	3	G	40000	100000	0	0	0	0	0	0	0	0	0	0	2
3	3	A	40000	100000	0	0	0	0	0	0	0	0	0	0	1
3	3	B	40000	100000	0	0	0	0	0	0	0	0	0	0	1
3	4	G	40000	88026	11.974	7.6805	11974	6894	104	0	0	6693	17	80	6757
3	4	A	40000	88843	11.157	7.668	11157	3489	51	0	0	3379	4	55	3396
3	4	B	40000	88902	11.098	7.693	11098	3405	53	0	0	3314	13	25	3361
3	5	G	40000	0	100	100	100000	200000	200000	200000	200000	200000	200000	200000	200002
3	5	A	40000	0	100	100	100000	100000	100000	100000	100000	100000	100000	100000	100001
3	5	B	40000	0	100	100	100000	100000	100000	100000	100000	100000	100000	100000	100001
3	6	G	40000	49854	50.146	17.7375	50146	45835	17	5	0	41836	3881	96	45783
3	6	A	40000	58714	41.286	17.79	41286	23496	8	1	0	20440	2962	85	23455
3	6	B	40000	59976	40.024	17.685	40024	22339	9	4	0	21396	919	11	22328
3	6	cSpy was 10 spamed and the readout avoided!
3	7	G	40000	100000	0	0	0	0	0	0	0	0	0	0	2
3	7	A	40000	100000	0	0	0	0	0	0	0	0	0	0	1
3	7	B	40000	100000	0	0	0	0	0	0	0	0	0	0	1
4	0	G	40000	756	99.244	69.7595	99244	20257	177	0	0	16682	3011	387	19880
4	0	A	40000	1205	98.795	97.284	98795	1511	83	0	0	713	364	351	1204
4	0	B	40000	39019	60.981	42.235	60981	18746	94	0	0	15969	2647	36	18676
4	0	cSpy was 47 spamed and the readout avoided!
4	1	G	40000	100000	0	0	0	0	0	0	0	0	0	0	2
4	1	A	40000	100000	0	0	0	0	0	0	0	0	0	0	1
4	1	B	40000	100000	0	0	0	0	0	0	0	0	0	0	1
4	2	G	40000	96618	3.382	1.683	3382	2593	2	0	0	2585	0	6	2593
4	2	A	40000	97024	2.976	1.704	2976	1272	1	0	0	1266	0	5	1271
4	2	B	40000	97017	2.983	1.662	2983	1321	1	0	0	1319	0	1	1322
4	3	G	40000	20237	79.763	58.7025	79763	34246	810	0	0	32706	130	600	33169
4	3	A	40000	23884	76.116	58.959	76116	17157	394	0	0	16337	0	426	16436
4	3	B	40000	24465	75.535	58.446	75535	17089	416	0	0	16369	130	174	16733
4	3	cSpy was 8 spamed and the readout avoided!
4	4	G	40000	3236	96.764	86.792	96764	13264	347	18	2	11059	1160	683	12597
4	4	A	40000	6182	93.818	87.458	93818	6360	143	9	2	5228	490	491	5929
4	4	B	40000	6970	93.03	86.126	93030	6904	204	9	0	5831	670	192	6668
4	4	cSpy was 71 spamed and the readout avoided!
4	5	G	40000	100000	0	0	0	0	0	0	0	0	0	0	2
4	5	A	40000	100000	0	0	0	0	0	0	0	0	0	0	1
4	5	B	40000	100000	0	0	0	0	0	0	0	0	0	0	1
4	6	G	40000	100000	0	0	0	0	0	0	0	0	0	0	2
4	6	A	40000	100000	0	0	0	0	0	0	0	0	0	0	1
4	6	B	40000	100000	0	0	0	0	0	0	0	0	0	0	1
4	7	G	40000	25991	74.009	50.8875	74009	36889	360	0	0	36167	39	323	36420
4	7	A	40000	30574	69.426	51.033	69426	18393	172	0	0	17982	1	238	18075
4	7	B	40000	30762	69.238	50.742	69238	18496	188	0	0	18185	38	85	18345
4	7	cSpy was 8 spamed and the readout avoided!
5	0	G	40000	489	99.511	57.8205	99511	15703	140	0	0	14607	139	817	15163
5	0	A	40000	607	99.393	98.245	99393	1148	140	0	0	74	119	815	607
5	0	B	40000	68049	31.951	17.396	31951	14555	0	0	0	14533	20	2	14556
5	0	cSpy was 70 spamed and the readout avoided!
5	1	G	40000	73096	26.904	10.4175	26904	26025	6	2	0	25985	1	31	26023
5	1	A	40000	76500	23.5	10.675	23500	12825	2	1	0	12791	1	30	12822
5	1	B	40000	76640	23.36	10.16	23360	13200	4	1	0	13194	0	1	13201
5	2	G	40000	9	99.991	98.0955	99991	2061	154	1	0	691	918	297	1745
5	2	A	40000	28	99.972	99.794	99972	178	2	0	0	14	1	161	28
5	2	B	40000	1720	98.28	96.397	98280	1883	152	1	0	677	917	136	1717
5	2	cSpy was 29 spamed and the readout avoided!
5	3	G	40000	97535	2.465	0.005	2465	4901	0	0	0	4883	18	0	4903
5	3	A	40000	97535	2.465	0.005	2465	2460	0	0	0	2442	18	0	2461
5	3	B	40000	97554	2.446	0.005	2446	2441	0	0	0	2441	0	0	2442
5	4	G	40000	100000	0	0	0	0	0	0	0	0	0	0	2
5	4	A	40000	100000	0	0	0	0	0	0	0	0	0	0	1
5	4	B	40000	100000	0	0	0	0	0	0	0	0	0	0	1
5	5	G	40000	95543	4.457	1.952	4457	4088	0	0	0	4082	0	6	4086
5	5	A	40000	96001	3.999	1.973	3999	2026	0	0	0	2021	0	5	2024
5	5	B	40000	96007	3.993	1.931	3993	2062	0	0	0	2061	0	1	2062
5	6	G	40000	0	100	100	100000	200000	200000	200000	200000	200000	200000	200000	200002
5	6	A	40000	0	100	100	100000	100000	100000	100000	100000	100000	100000	100000	100001
5	6	B	40000	0	100	100	100000	100000	100000	100000	100000	100000	100000	100000	100001
5	7	G	40000	23099	76.901	29.823	76901	60093	14	5	0	52724	7198	152	60022
5	7	A	40000	38910	61.09	31.926	61090	29164	14	5	0	24870	4124	151	29092
5	7	B	40000	41351	58.649	27.72	58649	30929	0	0	0	27854	3074	1	30930
5	7	cSpy was 6 spamed and the readout avoided!
6	0	G	40000	468	99.532	96.7665	99532	3494	284	3	0	1703	934	570	2960
6	0	A	40000	1044	98.956	97.503	98956	1453	155	0	0	198	602	498	1044
6	0	B	40000	1929	98.071	96.03	98071	2041	129	3	0	1505	332	72	1916
6	0	cSpy was 71 spamed and the readout avoided!
6	1	G	40000	11103	88.897	57.5465	88897	41104	26	0	0	36447	4090	541	40795
6	1	A	40000	20718	79.282	59.617	79282	19665	16	0	0	17003	2120	526	19368
6	1	B	40000	23085	76.915	55.476	76915	21439	10	0	0	19444	1970	15	21427
6	1	cSpy was 85 spamed and the readout avoided!
6	2	G	40000	100000	0	0	0	0	0	0	0	0	0	0	2
6	2	A	40000	100000	0	0	0	0	0	0	0	0	0	0	1
6	2	B	40000	100000	0	0	0	0	0	0	0	0	0	0	1
6	3	G	40000	99756	0.243998	0.0195	244	436	0	0	0	433	3	0	438
6	3	A	40000	99759	0.240999	0.023	241	218	0	0	0	216	2	0	219
6	3	B	40000	99766	0.234002	0.016	234	218	0	0	0	217	1	0	219
6	4	G	40000	20950	79.05	57.805	79050	34775	698	0	0	33424	118	535	33842
6	4	A	40000	24565	75.435	58.037	75435	17398	336	0	0	16681	4	377	16782
6	4	B	40000	25050	74.95	57.573	74950	17377	362	0	0	16743	114	158	17060
6	4	cSpy was 77 spamed and the readout avoided!
6	5	G	40000	4413	95.587	91.042	95587	6119	142	2	0	4782	293	900	5391
6	5	A	40000	5488	94.512	91.588	94512	2924	19	0	0	2017	129	759	2350
6	5	B	40000	6309	93.691	90.496	93691	3195	123	2	0	2765	164	141	3041
6	5	cSpy was 56 spamed and the readout avoided!
6	6	G	40000	100000	0	0	0	0	0	0	0	0	0	0	2
6	6	A	40000	100000	0	0	0	0	0	0	0	0	0	0	1
6	6	B	40000	100000	0	0	0	0	0	0	0	0	0	0	1
6	7	G	40000	100000	0	0	0	0	0	0	0	0	0	0	2
6	7	A	40000	100000	0	0	0	0	0	0	0	0	0	0	1
6	7	B	40000	100000	0	0	0	0	0	0	0	0	0	0	1
7	0	G	40000	1807	98.193	48.2235	98193	3650	221	0	0	2775	79	575	3155
7	0	A	40000	1829	98.171	95.86	98171	2311	221	0	0	1439	76	575	1815
7	0	B	40000	98074	1.926	0.587	1926	1339	0	0	0	1336	3	0	1340
7	0	cSpy was 2 spamed and the readout avoided!
7	1	G	40000	100000	0	0	0	0	0	0	0	0	0	0	2
7	1	A	40000	100000	0	0	0	0	0	0	0	0	0	0	1
7	1	B	40000	100000	0	0	0	0	0	0	0	0	0	0	1
7	2	G	40000	96396	3.604	0.9465	3604	3724	4	5	0	3683	23	9	3724
7	2	A	40000	97109	2.891	1.046	2891	1845	4	5	0	1816	11	9	1844
7	2	B	40000	97274	2.726	0.847	2726	1879	0	0	0	1867	12	0	1880
7	3	G	40000	0	100	100	100000	200000	200000	200000	200000	200000	200000	200000	200002
7	3	A	40000	0	100	100	100000	100000	100000	100000	100000	100000	100000	100000	100001
7	3	B	40000	0	100	100	100000	100000	100000	100000	100000	100000	100000	100000	100001
7	4	G	40000	78396	21.604	4.2315	21604	30037	0	0	0	27207	2789	41	30029
7	4	A	40000	79126	20.874	4.24	20874	16634	0	0	0	14188	2405	41	16626
7	4	B	40000	82374	17.626	4.223	17626	13403	0	0	0	13019	384	0	13403
7	5	G	40000	100000	0	0	0	0	0	0	0	0	0	0	2
7	5	A	40000	100000	0	0	0	0	0	0	0	0	0	0	1
7	5	B	40000	100000	0	0	0	0	0	0	0	0	0	0	1
7	6	G	40000	97779	2.221	0.7135	2221	1799	2	5	0	1767	20	5	1800
7	6	A	40000	98327	1.673	0.787	1673	886	2	5	0	873	1	5	886
7	6	B	40000	98447	1.553	0.64	1553	913	0	0	0	894	19	0	914
7	6	cSpy was 1 spamed and the readout avoided!
7	7	G	40000	54528	45.472	18.8425	45472	40741	5	15	0	39689	826	206	40637
7	7	A	40000	60033	39.967	19.232	39967	20735	5	15	0	20146	363	206	20631
7	7	B	40000	61541	38.459	18.453	38459	20006	0	0	0	19543	463	0	20006
7	7	cSpy was 8 spamed and the readout avoided!
