#the gain was set to: 2	the bias was set to: 30
#Sent triggers per delay setting: 100000	and with a frequency [Hz] of: 40000
#160MHz delay setting	400MHz delay setting	Frequency	correct transmitted H+T		error rate [%]	uncertainty [%]	bad or missed events	error count	missing headers	missing trailers	flipped H/T	event nr errors	tbm missed trigger	unknown errors	event nr resets
0	0	G	40000	439	99.561	71.2015	99561	19268	107	0	0	18192	317	652	18716
0	0	A	40000	663	99.337	98.131	99337	1206	91	0	0	194	279	642	663
0	0	B	40000	37666	62.334	44.272	62334	18062	16	0	0	17998	38	10	18053
0	0	cSpy was 32 spamed and the readout avoided!
0	1	G	40000	28643	71.357	52.809	71357	25018	615	0	0	23100	629	674	24521
0	1	A	40000	37057	62.943	52.322	62943	10621	315	0	0	9838	0	468	10314
0	1	B	40000	32307	67.693	53.296	67693	14397	300	0	0	13262	629	206	14207
0	2	G	40000	4624	95.376	78.989	95376	20713	80	2	0	17713	2539	379	20468
0	2	A	40000	9758	90.242	80.721	90242	9521	39	0	0	7621	1504	357	9305
0	2	B	40000	11551	88.449	77.257	88449	11192	41	2	0	10092	1035	22	11163
0	2	cSpy was 8 spamed and the readout avoided!
0	3	G	40000	100000	0	0	0	0	0	0	0	0	0	0	2
0	3	A	40000	100000	0	0	0	0	0	0	0	0	0	0	1
0	3	B	40000	100000	0	0	0	0	0	0	0	0	0	0	1
0	4	G	40000	100000	0	0	0	0	0	0	0	0	0	0	2
0	4	A	40000	100000	0	0	0	0	0	0	0	0	0	0	1
0	4	B	40000	100000	0	0	0	0	0	0	0	0	0	0	1
0	5	G	40000	52275	47.725	31.656	47725	22543	18	0	0	22129	110	286	22520
0	5	A	40000	58701	41.299	31.284	41299	10015	11	0	0	9692	30	282	9994
0	5	B	40000	55444	44.556	32.028	44556	12528	7	0	0	12437	80	4	12526
0	6	G	40000	1916	98.084	90.6375	98084	9355	295	12	0	7399	1334	315	8982
0	6	A	40000	4534	95.466	90.926	95466	4540	114	0	0	3319	862	245	4311
0	6	B	40000	4836	95.164	90.349	95164	4815	181	12	0	4080	472	70	4671
0	6	cSpy was 25 spamed and the readout avoided!
0	7	G	40000	77067	22.933	19.4405	22933	4418	22	0	0	3752	534	110	4339
0	7	A	40000	77973	22.027	20.169	22027	1858	9	0	0	1437	308	104	1787
0	7	B	40000	78728	21.272	18.712	21272	2560	13	0	0	2315	226	6	2552
0	7	cSpy was 1 spamed and the readout avoided!
1	0	G	40000	321	99.679	97.306	99679	2828	166	1	0	2168	195	298	2513
1	0	A	40000	1911	98.089	95.951	98089	2138	146	1	0	1586	147	258	1866
1	0	B	40000	649	99.351	98.661	99351	690	20	0	0	582	48	40	647
1	0	cSpy was 16 spamed and the readout avoided!
1	1	G	40000	99419	0.581002	0.143	581	875	0	0	0	875	0	0	877
1	1	A	40000	99420	0.580001	0.143	580	437	0	0	0	437	0	0	438
1	1	B	40000	99419	0.581002	0.143	581	438	0	0	0	438	0	0	439
1	2	G	40000	100000	0	0	0	0	0	0	0	0	0	0	2
1	2	A	40000	100000	0	0	0	0	0	0	0	0	0	0	1
1	2	B	40000	100000	0	0	0	0	0	0	0	0	0	0	1
1	3	G	40000	93511	6.489	1.4705	6489	8067	0	0	0	8032	24	11	8069
1	3	A	40000	94753	5.247	1.297	5247	3950	0	0	0	3930	9	11	3951
1	3	B	40000	94239	5.761	1.644	5761	4117	0	0	0	4102	15	0	4118
1	4	G	40000	690	99.31	95.9775	99310	4188	289	3	0	2339	1248	309	3782
1	4	A	40000	2486	97.514	94.943	97514	2571	106	0	0	1349	1005	111	2417
1	4	B	40000	1371	98.629	97.012	98629	1617	183	3	0	990	243	198	1365
1	4	cSpy was 53 spamed and the readout avoided!
1	5	G	40000	77161	22.839	4.253	22839	18805	0	0	0	17074	1731	0	18807
1	5	A	40000	88707	11.293	1.748	11293	9545	0	0	0	8691	854	0	9546
1	5	B	40000	83982	16.018	6.758	16018	9260	0	0	0	8383	877	0	9261
1	6	G	40000	100000	0	0	0	0	0	0	0	0	0	0	2
1	6	A	40000	100000	0	0	0	0	0	0	0	0	0	0	1
1	6	B	40000	100000	0	0	0	0	0	0	0	0	0	0	1
1	7	G	40000	99988	0.0119984	0	12	24	0	0	0	24	0	0	26
1	7	A	40000	99988	0.0119984	0	12	12	0	0	0	12	0	0	13
1	7	B	40000	99988	0.0119984	0	12	12	0	0	0	12	0	0	13
2	0	G	40000	2520	97.48	48.128	97480	4080	49	1	0	3840	112	78	3987
2	0	A	40000	2560	97.44	94.842	97440	2598	49	1	0	2358	112	78	2504
2	0	B	40000	97104	2.896	1.414	2896	1482	0	0	0	1482	0	0	1483
2	0	cSpy was 1 spamed and the readout avoided!
2	1	G	40000	98910	1.09	0.341	1090	1081	0	0	0	1073	7	1	1082
2	1	A	40000	99159	0.840998	0.313	841	528	0	0	0	522	5	1	528
2	1	B	40000	99078	0.922	0.369	922	553	0	0	0	551	2	0	554
2	2	G	40000	23649	76.351	52.872	76351	28279	878	11	0	25244	1402	744	27463
2	2	A	40000	36444	63.556	50.45	63556	13106	444	7	0	10833	1325	497	12635
2	2	B	40000	29533	70.467	55.294	70467	15173	434	4	0	14411	77	247	14828
2	3	G	40000	8769	91.231	69.386	91231	24865	85	1	0	21580	3037	162	24716
2	3	A	40000	22174	77.826	62.342	77826	15484	45	0	0	13152	2195	92	15401
2	3	B	40000	14189	85.811	76.43	85811	9381	40	1	0	8428	842	70	9315
2	3	cSpy was 8 spamed and the readout avoided!
2	4	G	40000	100000	0	0	0	0	0	0	0	0	0	0	2
2	4	A	40000	100000	0	0	0	0	0	0	0	0	0	0	1
2	4	B	40000	100000	0	0	0	0	0	0	0	0	0	0	1
2	5	G	40000	100000	0	0	0	0	0	0	0	0	0	0	2
2	5	A	40000	100000	0	0	0	0	0	0	0	0	0	0	1
2	5	B	40000	100000	0	0	0	0	0	0	0	0	0	0	1
2	6	G	40000	40867	59.133	37.695	59133	24948	141	0	0	23158	1256	393	24800
2	6	A	40000	52981	47.019	35.35	47019	11669	76	0	0	10044	1224	325	11571
2	6	B	40000	46681	53.319	40.04	53319	13279	65	0	0	13114	32	68	13229
2	7	G	40000	668	99.332	95.1765	99332	4945	327	3	0	3725	570	320	4547
2	7	A	40000	3137	96.863	93.674	96863	3189	39	0	0	2498	443	209	3039
2	7	B	40000	1565	98.435	96.679	98435	1756	288	3	0	1227	127	111	1508
2	7	cSpy was 95 spamed and the readout avoided!
3	0	G	40000	736	99.264	81.0555	99264	16991	312	4	0	15579	409	688	16337
3	0	A	40000	1392	98.608	96.668	98608	1940	214	0	0	1063	32	632	1378
3	0	B	40000	19506	80.494	65.443	80494	15051	98	4	0	14516	377	56	14959
3	0	cSpy was 29 spamed and the readout avoided!
3	1	G	40000	0	100	100	100000	200000	200000	200000	200000	200000	200000	200000	200002
3	1	A	40000	0	100	100	100000	100000	100000	100000	100000	100000	100000	100000	100001
3	1	B	40000	0	100	100	100000	100000	100000	100000	100000	100000	100000	100000	100001
3	2	G	40000	99889	0.111002	0	111	222	0	0	0	222	0	0	224
3	2	A	40000	99889	0.111002	0	111	111	0	0	0	111	0	0	112
3	2	B	40000	99889	0.111002	0	111	111	0	0	0	111	0	0	112
3	3	G	40000	100000	0	0	0	0	0	0	0	0	0	0	2
3	3	A	40000	100000	0	0	0	0	0	0	0	0	0	0	1
3	3	B	40000	100000	0	0	0	0	0	0	0	0	0	0	1
3	4	G	40000	92904	7.096	1.7375	7096	9499	0	0	0	9488	9	2	9501
3	4	A	40000	93571	6.429	1.649	6429	4780	0	0	0	4769	9	2	4781
3	4	B	40000	93455	6.545	1.826	6545	4719	0	0	0	4719	0	0	4720
3	5	G	40000	0	100	100	100000	200000	200000	200000	200000	200000	200000	200000	200002
3	5	A	40000	0	100	100	100000	100000	100000	100000	100000	100000	100000	100000	100001
3	5	B	40000	0	100	100	100000	100000	100000	100000	100000	100000	100000	100000	100001
3	6	G	40000	65675	34.325	8.573	34325	38245	17	14	0	35583	2596	35	38223
3	6	A	40000	71859	28.141	8.422	28141	19719	5	0	0	17458	2243	13	19715
3	6	B	40000	72750	27.25	8.724	27250	18526	12	14	0	18125	353	22	18508
3	6	cSpy was 5 spamed and the readout avoided!
3	7	G	40000	100000	0	0	0	0	0	0	0	0	0	0	2
3	7	A	40000	100000	0	0	0	0	0	0	0	0	0	0	1
3	7	B	40000	100000	0	0	0	0	0	0	0	0	0	0	1
4	0	G	40000	873	99.127	66.724	99127	17264	175	1	0	15677	1069	342	16936
4	0	A	40000	1266	98.734	97.193	98734	1541	119	1	0	779	335	307	1261
4	0	B	40000	48022	51.978	36.255	51978	15723	56	0	0	14898	734	35	15675
4	0	cSpy was 10 spamed and the readout avoided!
4	1	G	40000	100000	0	0	0	0	0	0	0	0	0	0	2
4	1	A	40000	100000	0	0	0	0	0	0	0	0	0	0	1
4	1	B	40000	100000	0	0	0	0	0	0	0	0	0	0	1
4	2	G	40000	100000	0	0	0	0	0	0	0	0	0	0	2
4	2	A	40000	100000	0	0	0	0	0	0	0	0	0	0	1
4	2	B	40000	100000	0	0	0	0	0	0	0	0	0	0	1
4	3	G	40000	26349	73.651	52.2615	73651	33561	665	0	0	32304	91	501	32681
4	3	A	40000	30691	69.309	52.534	69309	16775	330	0	0	16078	5	362	16181
4	3	B	40000	31225	68.775	51.989	68775	16786	335	0	0	16226	86	139	16500
4	3	cSpy was 5 spamed and the readout avoided!
4	4	G	40000	7125	92.875	72.7725	92875	26627	161	30	0	23774	2200	462	26274
4	4	A	40000	13569	86.431	73.295	86431	13136	88	21	0	11472	1143	412	12843
4	4	B	40000	14259	85.741	72.25	85741	13491	73	9	0	12302	1057	50	13431
4	4	cSpy was 26 spamed and the readout avoided!
4	5	G	40000	100000	0	0	0	0	0	0	0	0	0	0	2
4	5	A	40000	100000	0	0	0	0	0	0	0	0	0	0	1
4	5	B	40000	100000	0	0	0	0	0	0	0	0	0	0	1
4	6	G	40000	100000	0	0	0	0	0	0	0	0	0	0	2
4	6	A	40000	100000	0	0	0	0	0	0	0	0	0	0	1
4	6	B	40000	100000	0	0	0	0	0	0	0	0	0	0	1
4	7	G	40000	24750	75.25	52.9475	75250	35097	443	0	0	34248	25	381	34522
4	7	A	40000	29360	70.64	53.095	70640	17545	214	0	0	17055	1	275	17153
4	7	B	40000	29648	70.352	52.8	70352	17552	229	0	0	17193	24	106	17369
4	7	cSpy was 7 spamed and the readout avoided!
5	0	G	40000	509	99.491	56.137	99491	14087	146	0	0	13001	100	840	13520
5	0	A	40000	609	99.391	98.215	99391	1176	146	0	0	96	97	837	609
5	0	B	40000	73030	26.97	14.059	26970	12911	0	0	0	12905	3	3	12911
5	0	cSpy was 54 spamed and the readout avoided!
5	1	G	40000	46260	53.74	29.133	53740	37633	57	0	0	37470	6	100	37577
5	1	A	40000	52091	47.909	29.293	47909	18616	28	0	0	18489	6	93	18573
5	1	B	40000	52010	47.99	28.973	47990	19017	29	0	0	18981	0	7	19004
5	1	cSpy was 3 spamed and the readout avoided!
5	2	G	40000	33	99.967	98.801	99967	1544	39	0	0	610	128	767	850
5	2	A	40000	66	99.934	99.263	99934	671	2	0	0	4	0	665	66
5	2	B	40000	788	99.212	98.339	99212	873	37	0	0	606	128	102	784
5	2	cSpy was 26 spamed and the readout avoided!
5	3	G	40000	98899	1.101	0	1101	2201	0	0	0	2200	1	0	2203
5	3	A	40000	98899	1.101	0	1101	1101	0	0	0	1100	1	0	1102
5	3	B	40000	98900	1.1	0	1100	1100	0	0	0	1100	0	0	1101
5	4	G	40000	100000	0	0	0	0	0	0	0	0	0	0	2
5	4	A	40000	100000	0	0	0	0	0	0	0	0	0	0	1
5	4	B	40000	100000	0	0	0	0	0	0	0	0	0	0	1
5	5	G	40000	90430	9.57	4.5175	9570	8659	18	0	0	8618	1	22	8644
5	5	A	40000	91099	8.901	4.584	8901	4317	8	0	0	4291	1	17	4305
5	5	B	40000	91207	8.793	4.451	8793	4342	10	0	0	4327	0	5	4339
5	5	cSpy was 1 spamed and the readout avoided!
5	6	G	40000	0	100	100	100000	200000	200000	200000	200000	200000	200000	200000	200002
5	6	A	40000	0	100	100	100000	100000	100000	100000	100000	100000	100000	100000	100001
5	6	B	40000	0	100	100	100000	100000	100000	100000	100000	100000	100000	100000	100001
5	7	G	40000	33021	66.979	25.1245	66979	54189	13	14	0	48479	5584	99	54146
5	7	A	40000	46482	53.518	26.226	53518	27292	13	14	0	23601	3566	98	27249
5	7	B	40000	49080	50.92	24.023	50920	26897	0	0	0	24878	2018	1	26897
5	7	cSpy was 1 spamed and the readout avoided!
6	0	G	40000	471	99.529	96.2925	99529	3991	299	3	0	1978	1092	619	3404
6	0	A	40000	1174	98.826	97.19	98826	1636	160	0	0	162	757	557	1174
6	0	B	40000	2250	97.75	95.395	97750	2355	139	3	0	1816	335	62	2230
6	0	cSpy was 60 spamed and the readout avoided!
6	1	G	40000	11421	88.579	55.955	88579	42748	9	2	0	38189	4180	368	42547
6	1	A	40000	21356	78.644	58.307	78644	20337	1	2	0	17779	2192	363	20141
6	1	B	40000	23986	76.014	53.603	76014	22411	8	0	0	20410	1988	5	22406
6	1	cSpy was 4 spamed and the readout avoided!
6	2	G	40000	100000	0	0	0	0	0	0	0	0	0	0	2
6	2	A	40000	100000	0	0	0	0	0	0	0	0	0	0	1
6	2	B	40000	100000	0	0	0	0	0	0	0	0	0	0	1
6	3	G	40000	100000	0	0	0	0	0	0	0	0	0	0	2
6	3	A	40000	100000	0	0	0	0	0	0	0	0	0	0	1
6	3	B	40000	100000	0	0	0	0	0	0	0	0	0	0	1
6	4	G	40000	21235	78.765	57.7425	78765	34231	806	0	0	32677	152	596	33162
6	4	A	40000	24853	75.147	58.006	75147	17141	390	0	0	16328	0	423	16424
6	4	B	40000	25431	74.569	57.479	74569	17090	416	0	0	16349	152	173	16738
6	4	cSpy was 8 spamed and the readout avoided!
6	5	G	40000	4430	95.57	80.937	95570	18997	156	5	0	16747	1355	734	18508
6	5	A	40000	9011	90.989	81.883	90989	9106	25	2	0	7800	635	644	8753
6	5	B	40000	10118	89.882	79.991	89882	9891	131	3	0	8947	720	90	9755
6	5	cSpy was 43 spamed and the readout avoided!
6	6	G	40000	100000	0	0	0	0	0	0	0	0	0	0	2
6	6	A	40000	100000	0	0	0	0	0	0	0	0	0	0	1
6	6	B	40000	100000	0	0	0	0	0	0	0	0	0	0	1
6	7	G	40000	100000	0	0	0	0	0	0	0	0	0	0	2
6	7	A	40000	100000	0	0	0	0	0	0	0	0	0	0	1
6	7	B	40000	100000	0	0	0	0	0	0	0	0	0	0	1
7	0	G	40000	2118	97.882	47.861	97882	3498	201	0	0	2679	70	548	3013
7	0	A	40000	2147	97.853	95.252	97853	2601	201	0	0	1782	70	548	2115
7	0	B	40000	98633	1.367	0.47	1367	897	0	0	0	897	0	0	898
7	0	cSpy was 1 spamed and the readout avoided!
7	1	G	40000	100000	0	0	0	0	0	0	0	0	0	0	2
7	1	A	40000	100000	0	0	0	0	0	0	0	0	0	0	1
7	1	B	40000	100000	0	0	0	0	0	0	0	0	0	0	1
7	2	G	40000	95574	4.426	1.0885	4426	5110	6	5	0	5054	35	10	5111
7	2	A	40000	96265	3.735	1.199	3735	2536	6	5	0	2500	15	10	2536
7	2	B	40000	96448	3.552	0.978	3552	2574	0	0	0	2554	20	0	2575
7	2	cSpy was 1 spamed and the readout avoided!
7	3	G	40000	1763	98.237	91.2245	98237	8653	154	9	0	7234	774	482	8219
7	3	A	40000	3281	96.719	93.467	96719	3252	58	5	0	2814	71	304	2996
7	3	B	40000	5617	94.383	88.982	94383	5401	96	4	0	4420	703	178	5223
7	3	cSpy was 100 spamed and the readout avoided!
7	4	G	40000	87917	12.083	1.697	12083	19085	0	0	0	17805	1261	19	19086
7	4	A	40000	88108	11.892	1.698	11892	10194	0	0	0	9080	1095	19	10194
7	4	B	40000	89413	10.587	1.696	10587	8891	0	0	0	8725	166	0	8892
7	5	G	40000	100000	0	0	0	0	0	0	0	0	0	0	2
7	5	A	40000	100000	0	0	0	0	0	0	0	0	0	0	1
7	5	B	40000	100000	0	0	0	0	0	0	0	0	0	0	1
7	6	G	40000	98916	1.084	0.236	1084	1249	3	0	0	1240	6	0	1249
7	6	A	40000	99109	0.891	0.261	891	630	3	0	0	622	5	0	629
7	6	B	40000	99170	0.830001	0.211	830	619	0	0	0	618	1	0	620
7	6	cSpy was 1 spamed and the readout avoided!
7	7	G	40000	36746	63.254	33.3135	63254	44547	8	0	0	42601	1745	193	44466
7	7	A	40000	43837	56.163	33.834	56163	22329	0	0	0	21353	784	192	22252
7	7	B	40000	44989	55.011	32.793	55011	22218	8	0	0	21248	961	1	22214
7	7	cSpy was 7 spamed and the readout avoided!
