#the gain was set to: 2	the bias was set to: 30
#Sent triggers per delay setting: 100000	and with a frequency [Hz] of: 40000
#160MHz delay setting	400MHz delay setting	Frequency	correct transmitted H+T		error rate [%]	uncertainty [%]	bad or missed events	error count	missing headers	missing trailers	flipped H/T	event nr errors	tbm missed trigger	unknown errors	event nr resets
0	0	G	40000	456	99.544	71.2455	99544	19216	93	0	0	18173	360	590	18743
0	0	A	40000	660	99.34	98.21	99340	1130	78	0	0	181	288	583	660
0	0	B	40000	37633	62.367	44.281	62367	18086	15	0	0	17992	72	7	18083
0	0	cSpy was 32 spamed and the readout avoided!
0	1	G	40000	26360	73.64	53.3765	73640	26486	483	0	0	25287	11	705	26024
0	1	A	40000	36078	63.922	52.83	63922	11092	237	0	0	10361	4	490	10847
0	1	B	40000	30683	69.317	53.923	69317	15394	246	0	0	14926	7	215	15177
0	2	G	40000	6280	93.72	73.5895	93720	25808	62	0	0	22114	3391	241	25678
0	2	A	40000	14079	85.921	72.619	85921	13302	29	0	0	10989	2052	232	13186
0	2	B	40000	12934	87.066	74.56	87066	12506	33	0	0	11125	1339	9	12492
0	2	cSpy was 2 spamed and the readout avoided!
0	3	G	40000	100000	0	0	0	0	0	0	0	0	0	0	2
0	3	A	40000	100000	0	0	0	0	0	0	0	0	0	0	1
0	3	B	40000	100000	0	0	0	0	0	0	0	0	0	0	1
0	4	G	40000	100000	0	0	0	0	0	0	0	0	0	0	2
0	4	A	40000	100000	0	0	0	0	0	0	0	0	0	0	1
0	4	B	40000	100000	0	0	0	0	0	0	0	0	0	0	1
0	5	G	40000	50181	49.819	32.487	49819	22841	29	0	0	22392	92	328	22776
0	5	A	40000	57754	42.246	31.966	42246	10280	14	0	0	9915	38	313	10226
0	5	B	40000	54431	45.569	33.008	45569	12561	15	0	0	12477	54	15	12550
0	6	G	40000	0	100	100	100000	200000	200000	200000	200000	200000	200000	200000	200002
0	6	A	40000	0	100	100	100000	100000	100000	100000	100000	100000	100000	100000	100001
0	6	B	40000	0	100	100	100000	100000	100000	100000	100000	100000	100000	100000	100001
0	7	G	40000	99510	0.489998	0.143	490	694	0	0	0	694	0	0	696
0	7	A	40000	99510	0.489998	0.143	490	347	0	0	0	347	0	0	348
0	7	B	40000	99510	0.489998	0.143	490	347	0	0	0	347	0	0	348
1	0	G	40000	344	99.656	96.4575	99656	3691	219	6	0	2851	273	342	3328
1	0	A	40000	2638	97.362	94.473	97362	2889	201	6	0	2182	204	296	2572
1	0	B	40000	756	99.244	98.442	99244	802	18	0	0	669	69	46	756
1	0	cSpy was 17 spamed and the readout avoided!
1	1	G	40000	99663	0.336999	0.001	337	672	0	0	0	672	0	0	674
1	1	A	40000	99663	0.336999	0.001	337	336	0	0	0	336	0	0	337
1	1	B	40000	99663	0.336999	0.001	337	336	0	0	0	336	0	0	337
1	2	G	40000	100000	0	0	0	0	0	0	0	0	0	0	2
1	2	A	40000	100000	0	0	0	0	0	0	0	0	0	0	1
1	2	B	40000	100000	0	0	0	0	0	0	0	0	0	0	1
1	3	G	40000	89911	10.089	2.966	10089	11687	0	0	0	11651	21	15	11688
1	3	A	40000	91637	8.363	2.802	8363	5561	0	0	0	5526	20	15	5561
1	3	B	40000	90744	9.256	3.13	9256	6126	0	0	0	6125	1	0	6127
1	4	G	40000	648	99.352	96.1335	99352	4097	291	4	0	2250	1080	472	3570
1	4	A	40000	2295	97.705	95.294	97705	2411	84	0	0	1264	913	150	2239
1	4	B	40000	1341	98.659	96.973	98659	1686	207	4	0	986	167	322	1331
1	4	cSpy was 83 spamed and the readout avoided!
1	5	G	40000	84006	15.994	3.035	15994	14110	0	0	0	12803	1300	7	14112
1	5	A	40000	91402	8.598	1.597	8598	7001	0	0	0	6469	525	7	7002
1	5	B	40000	88418	11.582	4.473	11582	7109	0	0	0	6334	775	0	7110
1	6	G	40000	100000	0	0	0	0	0	0	0	0	0	0	2
1	6	A	40000	100000	0	0	0	0	0	0	0	0	0	0	1
1	6	B	40000	100000	0	0	0	0	0	0	0	0	0	0	1
1	7	G	40000	99915	0.0850022	0	85	168	0	0	0	168	0	0	170
1	7	A	40000	99917	0.0829995	0	83	83	0	0	0	83	0	0	84
1	7	B	40000	99915	0.0850022	0	85	85	0	0	0	85	0	0	86
2	0	G	40000	2390	97.61	48.2795	97610	4021	48	0	0	3808	99	66	3939
2	0	A	40000	2432	97.568	95.097	97568	2471	48	0	0	2258	99	66	2388
2	0	B	40000	96988	3.012	1.462	3012	1550	0	0	0	1550	0	0	1551
2	1	G	40000	97051	2.949	1.196	2949	2386	0	0	0	2364	11	11	2388
2	1	A	40000	97740	2.26	1.147	2260	1113	0	0	0	1091	11	11	1114
2	1	B	40000	97482	2.518	1.245	2518	1273	0	0	0	1273	0	0	1274
2	2	G	40000	26370	73.63	52.253	73630	26387	883	0	0	23301	1468	735	25602
2	2	A	40000	37797	62.203	50.389	62203	11814	487	0	0	10241	611	475	11345
2	2	B	40000	31310	68.69	54.117	68690	14573	396	0	0	13060	857	260	14257
2	2	cSpy was 1 spamed and the readout avoided!
2	3	G	40000	8316	91.684	62.918	91684	34338	152	16	0	29969	3990	211	34132
2	3	A	40000	23964	76.036	54.608	76036	21428	26	0	0	18429	2882	91	21353
2	3	B	40000	15862	84.138	71.228	84138	12910	126	16	0	11540	1108	120	12779
2	3	cSpy was 29 spamed and the readout avoided!
2	4	G	40000	99977	0.0230014	0	23	46	0	0	0	46	0	0	48
2	4	A	40000	99977	0.0230014	0	23	23	0	0	0	23	0	0	24
2	4	B	40000	99977	0.0230014	0	23	23	0	0	0	23	0	0	24
2	5	G	40000	100000	0	0	0	0	0	0	0	0	0	0	2
2	5	A	40000	100000	0	0	0	0	0	0	0	0	0	0	1
2	5	B	40000	100000	0	0	0	0	0	0	0	0	0	0	1
2	6	G	40000	39245	60.755	40.3985	60755	24522	183	1	0	23107	821	410	24383
2	6	A	40000	50428	49.572	38.633	49572	10939	116	1	0	9804	649	369	10826
2	6	B	40000	44253	55.747	42.164	55747	13583	67	0	0	13303	172	41	13557
2	7	G	40000	0	100	100	100000	200000	200000	200000	200000	200000	200000	200000	200002
2	7	A	40000	0	100	100	100000	100000	100000	100000	100000	100000	100000	100000	100001
2	7	B	40000	0	100	100	100000	100000	100000	100000	100000	100000	100000	100000	100001
3	0	G	40000	816	99.184	80.4515	99184	17353	282	10	1	15946	422	692	16747
3	0	A	40000	1418	98.582	96.637	98582	1945	193	0	0	1085	30	637	1408
3	0	B	40000	20326	79.674	64.266	79674	15408	89	10	1	14861	392	55	15339
3	0	cSpy was 25 spamed and the readout avoided!
3	1	G	40000	0	100	100	100000	200000	200000	200000	200000	200000	200000	200000	200002
3	1	A	40000	0	100	100	100000	100000	100000	100000	100000	100000	100000	100000	100001
3	1	B	40000	0	100	100	100000	100000	100000	100000	100000	100000	100000	100000	100001
3	2	G	40000	99957	0.0429988	0	43	86	0	0	0	86	0	0	88
3	2	A	40000	99957	0.0429988	0	43	43	0	0	0	43	0	0	44
3	2	B	40000	99957	0.0429988	0	43	43	0	0	0	43	0	0	44
3	3	G	40000	100000	0	0	0	0	0	0	0	0	0	0	2
3	3	A	40000	100000	0	0	0	0	0	0	0	0	0	0	1
3	3	B	40000	100000	0	0	0	0	0	0	0	0	0	0	1
3	4	G	40000	77019	22.981	9.862	22981	21020	6	0	0	20901	92	21	21014
3	4	A	40000	79755	20.245	9.651	20245	10594	3	0	0	10540	30	21	10588
3	4	B	40000	79501	20.499	10.073	20499	10426	3	0	0	10361	62	0	10426
3	5	G	40000	0	100	100	100000	200000	200000	200000	200000	200000	200000	200000	200002
3	5	A	40000	0	100	100	100000	100000	100000	100000	100000	100000	100000	100000	100001
3	5	B	40000	0	100	100	100000	100000	100000	100000	100000	100000	100000	100000	100001
3	6	G	40000	60874	39.126	29.812	39126	16363	51	7	0	15290	805	210	16157
3	6	A	40000	61507	38.493	30.06	38493	8433	0	0	0	7655	698	80	8356
3	6	B	40000	62506	37.494	29.564	37494	7930	51	7	0	7635	107	130	7801
3	6	cSpy was 76 spamed and the readout avoided!
3	7	G	40000	100000	0	0	0	0	0	0	0	0	0	0	2
3	7	A	40000	100000	0	0	0	0	0	0	0	0	0	0	1
3	7	B	40000	100000	0	0	0	0	0	0	0	0	0	0	1
4	0	G	40000	0	100	100	100000	200000	200000	200000	200000	200000	200000	200000	200002
4	0	A	40000	0	100	100	100000	100000	100000	100000	100000	100000	100000	100000	100001
4	0	B	40000	0	100	100	100000	100000	100000	100000	100000	100000	100000	100000	100001
4	1	G	40000	100000	0	0	0	0	0	0	0	0	0	0	2
4	1	A	40000	100000	0	0	0	0	0	0	0	0	0	0	1
4	1	B	40000	100000	0	0	0	0	0	0	0	0	0	0	1
4	2	G	40000	100000	0	0	0	0	0	0	0	0	0	0	2
4	2	A	40000	100000	0	0	0	0	0	0	0	0	0	0	1
4	2	B	40000	100000	0	0	0	0	0	0	0	0	0	0	1
4	3	G	40000	20045	79.955	58.8075	79955	34213	821	0	0	32652	132	608	33118
4	3	A	40000	23792	76.208	59.064	76208	17144	397	0	0	16315	1	431	16413
4	3	B	40000	24380	75.62	58.551	75620	17069	424	0	0	16337	131	177	16705
4	3	cSpy was 10 spamed and the readout avoided!
4	4	G	40000	9853	90.147	72.489	90147	23119	318	15	0	20219	2014	553	22586
4	4	A	40000	15727	84.273	72.787	84273	11486	168	7	0	9766	1085	460	11105
4	4	B	40000	16176	83.824	72.191	83824	11633	150	8	0	10453	929	93	11481
4	4	cSpy was 96 spamed and the readout avoided!
4	5	G	40000	100000	0	0	0	0	0	0	0	0	0	0	2
4	5	A	40000	100000	0	0	0	0	0	0	0	0	0	0	1
4	5	B	40000	100000	0	0	0	0	0	0	0	0	0	0	1
4	6	G	40000	100000	0	0	0	0	0	0	0	0	0	0	2
4	6	A	40000	100000	0	0	0	0	0	0	0	0	0	0	1
4	6	B	40000	100000	0	0	0	0	0	0	0	0	0	0	1
4	7	G	40000	21294	78.706	56.401	78706	35509	536	0	0	34468	54	451	34788
4	7	A	40000	25654	74.346	56.579	74346	17767	258	0	0	17187	0	322	17286
4	7	B	40000	26035	73.965	56.223	73965	17742	278	0	0	17281	54	129	17502
4	7	cSpy was 7 spamed and the readout avoided!
5	0	G	40000	516	99.484	56.4455	99484	14401	131	0	0	13331	117	822	13862
5	0	A	40000	620	99.38	98.22	99380	1160	131	0	0	96	111	822	620
5	0	B	40000	72088	27.912	14.671	27912	13241	0	0	0	13235	6	0	13242
5	0	cSpy was 46 spamed and the readout avoided!
5	1	G	40000	38801	61.199	35.8455	61199	38845	74	0	0	38631	3	137	38751
5	1	A	40000	44768	55.232	35.992	55232	19240	35	0	0	19079	3	123	19158
5	1	B	40000	44696	55.304	35.699	55304	19605	39	0	0	19552	0	14	19593
5	1	cSpy was 5 spamed and the readout avoided!
5	2	G	40000	33	99.967	98.6665	99967	1745	38	0	0	697	83	927	918
5	2	A	40000	95	99.905	99.085	99905	820	0	0	0	7	0	813	95
5	2	B	40000	827	99.173	98.248	99173	925	38	0	0	690	83	114	823
5	2	cSpy was 29 spamed and the readout avoided!
5	3	G	40000	99282	0.717998	0	718	1436	0	0	0	1436	0	0	1438
5	3	A	40000	99282	0.717998	0	718	718	0	0	0	718	0	0	719
5	3	B	40000	99282	0.717998	0	718	718	0	0	0	718	0	0	719
5	4	G	40000	100000	0	0	0	0	0	0	0	0	0	0	2
5	4	A	40000	100000	0	0	0	0	0	0	0	0	0	0	1
5	4	B	40000	100000	0	0	0	0	0	0	0	0	0	0	1
5	5	G	40000	88857	11.143	3.1655	11143	13625	2	2	0	13615	0	6	13626
5	5	A	40000	89936	10.064	3.318	10064	6746	1	1	0	6738	0	6	6746
5	5	B	40000	90108	9.892	3.013	9892	6879	1	1	0	6877	0	0	6880
5	5	cSpy was 1 spamed and the readout avoided!
5	6	G	40000	0	100	100	100000	200000	200000	200000	200000	200000	200000	200000	200002
5	6	A	40000	0	100	100	100000	100000	100000	100000	100000	100000	100000	100000	100001
5	6	B	40000	0	100	100	100000	100000	100000	100000	100000	100000	100000	100000	100001
5	7	G	40000	50864	49.136	10.4255	49136	50606	11	8	0	45377	5118	92	50571
5	7	A	40000	62923	37.077	11.257	37077	25820	11	8	0	22287	3422	92	25784
5	7	B	40000	65620	34.38	9.594	34380	24786	0	0	0	23090	1696	0	24787
6	0	G	40000	567	99.433	96.0205	99433	4257	284	4	0	2119	1187	663	3692
6	0	A	40000	1248	98.752	97.048	98752	1704	150	0	0	172	776	606	1248
6	0	B	40000	2454	97.546	94.993	97546	2553	134	4	0	1947	411	57	2444
6	0	cSpy was 49 spamed and the readout avoided!
6	1	G	40000	12800	87.2	50.2835	87200	47874	1	1	0	42747	4797	328	47707
6	1	A	40000	24279	75.721	52.975	75721	22746	0	1	0	19883	2535	327	22579
6	1	B	40000	27280	72.72	47.592	72720	25128	1	0	0	22864	2262	1	25128
6	1	cSpy was 1 spamed and the readout avoided!
6	2	G	40000	100000	0	0	0	0	0	0	0	0	0	0	2
6	2	A	40000	100000	0	0	0	0	0	0	0	0	0	0	1
6	2	B	40000	100000	0	0	0	0	0	0	0	0	0	0	1
6	3	G	40000	100000	0	0	0	0	0	0	0	0	0	0	2
6	3	A	40000	100000	0	0	0	0	0	0	0	0	0	0	1
6	3	B	40000	100000	0	0	0	0	0	0	0	0	0	0	1
6	4	G	40000	20241	79.759	58.7055	79759	34246	814	0	0	32671	158	603	33158
6	4	A	40000	23876	76.124	58.978	76124	17146	394	0	0	16325	0	427	16421
6	4	B	40000	24467	75.533	58.433	75533	17100	420	0	0	16346	158	176	16737
6	4	cSpy was 8 spamed and the readout avoided!
6	5	G	40000	7476	92.524	68.8365	92524	30784	71	9	1	27617	2347	739	30374
6	5	A	40000	14842	85.158	70.409	85158	14749	4	3	1	12974	1075	692	14410
6	5	B	40000	16701	83.299	67.264	83299	16035	67	6	0	14643	1272	47	15964
6	5	cSpy was 14 spamed and the readout avoided!
6	6	G	40000	100000	0	0	0	0	0	0	0	0	0	0	2
6	6	A	40000	100000	0	0	0	0	0	0	0	0	0	0	1
6	6	B	40000	100000	0	0	0	0	0	0	0	0	0	0	1
6	7	G	40000	99998	0.00200272	0	2	4	0	0	0	4	0	0	6
6	7	A	40000	99998	0.00200272	0	2	2	0	0	0	2	0	0	3
6	7	B	40000	99998	0.00200272	0	2	2	0	0	0	2	0	0	3
7	0	G	40000	2080	97.92	48.1085	97920	8611	211	0	0	7708	158	534	8134
7	0	A	40000	2205	97.795	95.14	97795	2655	211	0	0	1833	77	534	2178
7	0	B	40000	92967	7.033	1.077	7033	5956	0	0	0	5875	81	0	5956
7	0	cSpy was 3 spamed and the readout avoided!
7	1	G	40000	100000	0	0	0	0	0	0	0	0	0	0	2
7	1	A	40000	100000	0	0	0	0	0	0	0	0	0	0	1
7	1	B	40000	100000	0	0	0	0	0	0	0	0	0	0	1
7	2	G	40000	96586	3.414	0.437	3414	5411	0	0	0	5359	48	4	5413
7	2	A	40000	96795	3.205	0.496	3205	2709	0	0	0	2669	36	4	2710
7	2	B	40000	96920	3.08	0.378	3080	2702	0	0	0	2690	12	0	2703
7	3	G	40000	0	100	100	100000	200000	200000	200000	200000	200000	200000	200000	200002
7	3	A	40000	0	100	100	100000	100000	100000	100000	100000	100000	100000	100000	100001
7	3	B	40000	0	100	100	100000	100000	100000	100000	100000	100000	100000	100000	100001
7	4	G	40000	67042	32.958	27.3295	32958	10083	65	0	0	9167	535	316	9828
7	4	A	40000	67153	32.847	27.664	32847	5183	1	0	0	4463	456	263	4992
7	4	B	40000	68105	31.895	26.995	31895	4900	64	0	0	4704	79	53	4836
7	4	cSpy was 22 spamed and the readout avoided!
7	5	G	40000	100000	0	0	0	0	0	0	0	0	0	0	2
7	5	A	40000	100000	0	0	0	0	0	0	0	0	0	0	1
7	5	B	40000	100000	0	0	0	0	0	0	0	0	0	0	1
7	6	G	40000	99840	0.160003	0.0025	160	310	0	0	0	310	0	0	312
7	6	A	40000	99841	0.159001	0.004	159	155	0	0	0	155	0	0	156
7	6	B	40000	99844	0.155997	0.001	156	155	0	0	0	155	0	0	156
7	7	G	40000	49259	50.741	24.0365	50741	39130	16	13	0	37824	1119	158	39066
7	7	A	40000	55716	44.284	24.601	44284	19683	12	13	0	19022	481	155	19622
7	7	B	40000	57081	42.919	23.472	42919	19447	4	0	0	18802	638	3	19444
7	7	cSpy was 8 spamed and the readout avoided!
