#the gain was set to: 2	the bias was set to: 30
#Sent triggers per delay setting: 100000	and with a frequency [Hz] of: 40000
#160MHz delay setting	400MHz delay setting	Frequency	correct transmitted H+T		error rate [%]	uncertainty [%]	bad or missed events	error count	missing headers	missing trailers	flipped H/T	event nr errors	tbm missed trigger	unknown errors	event nr resets
0	0	G	40000	420	99.58	71.3455	99580	19206	102	0	0	18141	340	623	18684
0	0	A	40000	630	99.37	98.22	99370	1150	87	0	0	167	286	610	630
0	0	B	40000	37473	62.527	44.471	62527	18056	15	0	0	17974	54	13	18054
0	0	cSpy was 32 spamed and the readout avoided!
0	1	G	40000	26370	73.63	53.969	73630	26187	560	0	0	24883	3	741	25672
0	1	A	40000	35601	64.399	53.498	64399	10901	273	0	0	10118	1	509	10624
0	1	B	40000	30274	69.726	54.44	69726	15286	287	0	0	14765	2	232	15048
0	2	G	40000	5714	94.286	74.2425	94286	25189	84	1	0	21374	3450	280	24986
0	2	A	40000	13536	86.464	73.633	86464	12831	46	0	0	10496	2028	261	12659
0	2	B	40000	12790	87.21	74.852	87210	12358	38	1	0	10878	1422	19	12327
0	2	cSpy was 1 spamed and the readout avoided!
0	3	G	40000	100000	0	0	0	0	0	0	0	0	0	0	2
0	3	A	40000	100000	0	0	0	0	0	0	0	0	0	0	1
0	3	B	40000	100000	0	0	0	0	0	0	0	0	0	0	1
0	4	G	40000	100000	0	0	0	0	0	0	0	0	0	0	2
0	4	A	40000	100000	0	0	0	0	0	0	0	0	0	0	1
0	4	B	40000	100000	0	0	0	0	0	0	0	0	0	0	1
0	5	G	40000	45512	54.488	36.8025	54488	22789	33	0	0	22344	62	350	22735
0	5	A	40000	53644	46.356	36.248	46356	10108	17	0	0	9728	26	337	10061
0	5	B	40000	49962	50.038	37.357	50038	12681	16	0	0	12616	36	13	12674
0	6	G	40000	2371	97.629	89.2915	97629	10721	300	10	0	8264	1842	305	10342
0	6	A	40000	5210	94.79	89.599	94790	5191	123	0	0	3746	1083	239	4958
0	6	B	40000	5486	94.514	88.984	94514	5530	177	10	0	4518	759	66	5384
0	6	cSpy was 31 spamed and the readout avoided!
0	7	G	40000	99742	0.257999	0.078	258	360	0	0	0	360	0	0	362
0	7	A	40000	99742	0.257999	0.078	258	180	0	0	0	180	0	0	181
0	7	B	40000	99742	0.257999	0.078	258	180	0	0	0	180	0	0	181
1	0	G	40000	292	99.708	97.278	99708	2855	173	5	0	2124	233	320	2530
1	0	A	40000	1942	98.058	95.887	98058	2171	155	5	0	1563	170	278	1885
1	0	B	40000	647	99.353	98.669	99353	684	18	0	0	561	63	42	645
1	0	cSpy was 18 spamed and the readout avoided!
1	1	G	40000	99604	0.396001	0.092	396	608	0	0	0	608	0	0	610
1	1	A	40000	99604	0.396001	0.092	396	304	0	0	0	304	0	0	305
1	1	B	40000	99604	0.396001	0.092	396	304	0	0	0	304	0	0	305
1	2	G	40000	100000	0	0	0	0	0	0	0	0	0	0	2
1	2	A	40000	100000	0	0	0	0	0	0	0	0	0	0	1
1	2	B	40000	100000	0	0	0	0	0	0	0	0	0	0	1
1	3	G	40000	88468	11.532	3.161	11532	12390	0	0	0	12302	70	18	12392
1	3	A	40000	91141	8.859	2.797	8859	6062	0	0	0	5997	47	18	6063
1	3	B	40000	90147	9.853	3.525	9853	6328	0	0	0	6305	23	0	6329
1	4	G	40000	839	99.161	95.4335	99161	4738	385	4	0	2953	1049	347	4258
1	4	A	40000	2872	97.128	94.202	97128	2926	124	0	0	1797	879	126	2756
1	4	B	40000	1523	98.477	96.665	98477	1812	261	4	0	1156	170	221	1502
1	4	cSpy was 86 spamed and the readout avoided!
1	5	G	40000	86501	13.499	2.3235	13499	12133	0	0	0	11194	939	0	12135
1	5	A	40000	92842	7.158	1.132	7158	6026	0	0	0	5613	413	0	6027
1	5	B	40000	90378	9.622	3.515	9622	6107	0	0	0	5581	526	0	6108
1	6	G	40000	100000	0	0	0	0	0	0	0	0	0	0	2
1	6	A	40000	100000	0	0	0	0	0	0	0	0	0	0	1
1	6	B	40000	100000	0	0	0	0	0	0	0	0	0	0	1
1	7	G	40000	99937	0.0630021	0	63	126	0	0	0	126	0	0	128
1	7	A	40000	99937	0.0630021	0	63	63	0	0	0	63	0	0	64
1	7	B	40000	99937	0.0630021	0	63	63	0	0	0	63	0	0	64
2	0	G	40000	2354	97.646	48.3335	97646	3999	33	1	0	3817	92	56	3934
2	0	A	40000	2396	97.604	95.184	97604	2420	33	1	0	2238	92	56	2354
2	0	B	40000	96938	3.062	1.483	3062	1579	0	0	0	1579	0	0	1580
2	1	G	40000	100000	0	0	0	0	0	0	0	0	0	0	2
2	1	A	40000	100000	0	0	0	0	0	0	0	0	0	0	1
2	1	B	40000	100000	0	0	0	0	0	0	0	0	0	0	1
2	2	G	40000	22942	77.058	53.584	77058	28447	926	14	0	25320	1400	787	27564
2	2	A	40000	35457	64.543	51.22	64543	13323	473	6	0	11128	1206	510	12823
2	2	B	40000	28928	71.072	55.948	71072	15124	453	8	0	14192	194	277	14741
2	2	cSpy was 1 spamed and the readout avoided!
2	3	G	40000	8559	91.441	63.9665	91441	33567	90	1	0	28985	4378	114	33465
2	3	A	40000	23897	76.103	54.822	76103	21281	10	0	0	18003	3182	86	21231
2	3	B	40000	14603	85.397	73.111	85397	12286	80	1	0	10982	1196	28	12234
2	3	cSpy was 6 spamed and the readout avoided!
2	4	G	40000	100000	0	0	0	0	0	0	0	0	0	0	2
2	4	A	40000	100000	0	0	0	0	0	0	0	0	0	0	1
2	4	B	40000	100000	0	0	0	0	0	0	0	0	0	0	1
2	5	G	40000	99985	0.0150025	0	15	30	0	0	0	30	0	0	32
2	5	A	40000	99985	0.0150025	0	15	15	0	0	0	15	0	0	16
2	5	B	40000	99985	0.0150025	0	15	15	0	0	0	15	0	0	16
2	6	G	40000	44171	55.829	36.8265	55829	22367	142	0	0	20682	1143	400	22230
2	6	A	40000	54868	45.132	34.705	45132	10427	80	0	0	8874	1135	338	10326
2	6	B	40000	49112	50.888	38.948	50888	11940	62	0	0	11808	8	62	11904
2	7	G	40000	0	100	100	100000	200000	200000	200000	200000	200000	200000	200000	200002
2	7	A	40000	0	100	100	100000	100000	100000	100000	100000	100000	100000	100000	100001
2	7	B	40000	0	100	100	100000	100000	100000	100000	100000	100000	100000	100000	100001
3	0	G	40000	1077	98.923	71.0225	98923	16512	254	1	0	15305	308	644	15959
3	0	A	40000	1587	98.413	96.326	98413	2087	203	0	0	1231	31	622	1572
3	0	B	40000	39856	60.144	45.719	60144	14425	51	1	0	14074	277	22	14387
3	0	cSpy was 16 spamed and the readout avoided!
3	1	G	40000	0	100	100	100000	200000	200000	200000	200000	200000	200000	200000	200002
3	1	A	40000	0	100	100	100000	100000	100000	100000	100000	100000	100000	100000	100001
3	1	B	40000	0	100	100	100000	100000	100000	100000	100000	100000	100000	100000	100001
3	2	G	40000	78263	21.737	20.746	21737	1484	198	7	0	951	75	253	1177
3	2	A	40000	78476	21.524	20.766	21524	758	108	3	0	438	24	185	552
3	2	B	40000	78548	21.452	20.726	21452	726	90	4	0	513	51	68	625
3	2	cSpy was 48 spamed and the readout avoided!
3	3	G	40000	100000	0	0	0	0	0	0	0	0	0	0	2
3	3	A	40000	100000	0	0	0	0	0	0	0	0	0	0	1
3	3	B	40000	100000	0	0	0	0	0	0	0	0	0	0	1
3	4	G	40000	71833	28.167	14.514	28167	21390	47	0	0	21217	80	46	21342
3	4	A	40000	74851	25.149	14.327	25149	10822	22	0	0	10739	25	36	10786
3	4	B	40000	74731	25.269	14.701	25269	10568	25	0	0	10478	55	10	10556
3	5	G	40000	0	100	100	100000	200000	200000	200000	200000	200000	200000	200000	200002
3	5	A	40000	0	100	100	100000	100000	100000	100000	100000	100000	100000	100000	100001
3	5	B	40000	0	100	100	100000	100000	100000	100000	100000	100000	100000	100000	100001
3	6	G	40000	67028	32.972	23.914	32972	16394	61	6	0	15318	888	121	16275
3	6	A	40000	67313	32.687	24.419	32687	8268	0	0	0	7706	514	48	8229
3	6	B	40000	68465	31.535	23.409	31535	8126	61	6	0	7612	374	73	8046
3	6	cSpy was 70 spamed and the readout avoided!
3	7	G	40000	100000	0	0	0	0	0	0	0	0	0	0	2
3	7	A	40000	100000	0	0	0	0	0	0	0	0	0	0	1
3	7	B	40000	100000	0	0	0	0	0	0	0	0	0	0	1
4	0	G	40000	792	99.208	64.7345	99208	17176	221	3	0	14497	1908	547	16669
4	0	A	40000	1087	98.913	97.376	98913	1537	154	0	0	607	257	519	1085
4	0	B	40000	52268	47.732	32.093	47732	15639	67	3	0	13890	1651	28	15584
4	0	cSpy was 61 spamed and the readout avoided!
4	1	G	40000	100000	0	0	0	0	0	0	0	0	0	0	2
4	1	A	40000	100000	0	0	0	0	0	0	0	0	0	0	1
4	1	B	40000	100000	0	0	0	0	0	0	0	0	0	0	1
4	2	G	40000	94627	5.373	2.904	5373	3523	9	0	0	3503	0	11	3517
4	2	A	40000	95334	4.666	2.933	4666	1733	4	0	0	1720	0	9	1728
4	2	B	40000	95335	4.665	2.875	4665	1790	5	0	0	1783	0	2	1789
4	3	G	40000	18762	81.238	59.593	81238	33787	793	1	0	32227	121	645	32705
4	3	A	40000	23191	76.809	59.885	76809	16924	388	1	0	16074	5	456	16215
4	3	B	40000	23836	76.164	59.301	76164	16863	405	0	0	16153	116	189	16490
4	3	cSpy was 8 spamed and the readout avoided!
4	4	G	40000	13802	86.198	62.019	86198	32031	122	3	0	28504	2971	431	31709
4	4	A	40000	21579	78.421	62.674	78421	15747	23	1	0	13697	1726	300	15567
4	4	B	40000	22352	77.648	61.364	77648	16284	99	2	0	14807	1245	131	16142
4	4	cSpy was 88 spamed and the readout avoided!
4	5	G	40000	100000	0	0	0	0	0	0	0	0	0	0	2
4	5	A	40000	100000	0	0	0	0	0	0	0	0	0	0	1
4	5	B	40000	100000	0	0	0	0	0	0	0	0	0	0	1
4	6	G	40000	100000	0	0	0	0	0	0	0	0	0	0	2
4	6	A	40000	100000	0	0	0	0	0	0	0	0	0	0	1
4	6	B	40000	100000	0	0	0	0	0	0	0	0	0	0	1
4	7	G	40000	26512	73.488	49.3565	73488	37551	321	0	0	36930	6	294	37189
4	7	A	40000	31791	68.209	49.47	68209	18739	156	0	0	18350	0	233	18477
4	7	B	40000	31945	68.055	49.243	68055	18812	165	0	0	18580	6	61	18712
4	7	cSpy was 7 spamed and the readout avoided!
5	0	G	40000	513	99.487	56.874	99487	14745	145	0	0	13640	125	835	14195
5	0	A	40000	612	99.388	98.225	99388	1163	145	0	0	81	103	834	612
5	0	B	40000	70895	29.105	15.523	29105	13582	0	0	0	13559	22	1	13583
5	0	cSpy was 62 spamed and the readout avoided!
5	1	G	40000	34913	65.087	40.1535	65087	38965	160	0	0	38622	4	179	38797
5	1	A	40000	40370	59.63	40.296	59630	19334	79	0	0	19096	4	155	19198
5	1	B	40000	40358	59.642	40.011	59642	19631	81	0	0	19526	0	24	19599
5	1	cSpy was 5 spamed and the readout avoided!
5	2	G	40000	245	99.755	97.114	99755	3183	149	2	0	2035	301	696	2552
5	2	A	40000	494	99.506	98.566	99506	940	5	0	0	364	26	545	486
5	2	B	40000	2095	97.905	95.662	97905	2243	144	2	0	1671	275	151	2066
5	2	cSpy was 52 spamed and the readout avoided!
5	3	G	40000	99496	0.503999	0	504	1008	0	0	0	1008	0	0	1010
5	3	A	40000	99496	0.503999	0	504	504	0	0	0	504	0	0	505
5	3	B	40000	99496	0.503999	0	504	504	0	0	0	504	0	0	505
5	4	G	40000	100000	0	0	0	0	0	0	0	0	0	0	2
5	4	A	40000	100000	0	0	0	0	0	0	0	0	0	0	1
5	4	B	40000	100000	0	0	0	0	0	0	0	0	0	0	1
5	5	G	40000	85671	14.329	6.2225	14329	13062	26	0	0	13012	2	22	13041
5	5	A	40000	87182	12.818	6.359	12818	6459	12	0	0	6427	1	19	6444
5	5	B	40000	87311	12.689	6.086	12689	6603	14	0	0	6585	1	3	6597
5	5	cSpy was 1 spamed and the readout avoided!
5	6	G	40000	0	100	100	100000	200000	200000	200000	200000	200000	200000	200000	200002
5	6	A	40000	0	100	100	100000	100000	100000	100000	100000	100000	100000	100000	100001
5	6	B	40000	0	100	100	100000	100000	100000	100000	100000	100000	100000	100000	100001
5	7	G	40000	55164	44.836	9.73	44836	47614	9	4	0	42869	4634	98	47579
5	7	A	40000	64964	35.036	10.31	35036	24726	9	4	0	21339	3276	98	24690
5	7	B	40000	67962	32.038	9.15	32038	22888	0	0	0	21530	1358	0	22889
6	0	G	40000	514	99.486	96.0845	99486	4164	235	5	0	2127	1158	639	3655
6	0	A	40000	1209	98.791	97.16	98791	1631	127	1	0	139	771	593	1209
6	0	B	40000	2458	97.542	95.009	97542	2533	108	4	0	1988	387	46	2446
6	0	cSpy was 57 spamed and the readout avoided!
6	1	G	40000	13920	86.08	47.3475	86080	50419	19	2	0	44745	5217	436	50162
6	1	A	40000	25948	74.052	50.007	74052	24045	18	2	0	20695	2895	435	23789
6	1	B	40000	28938	71.062	44.688	71062	26374	1	0	0	24050	2322	1	26373
6	1	cSpy was 59 spamed and the readout avoided!
6	2	G	40000	100000	0	0	0	0	0	0	0	0	0	0	2
6	2	A	40000	100000	0	0	0	0	0	0	0	0	0	0	1
6	2	B	40000	100000	0	0	0	0	0	0	0	0	0	0	1
6	3	G	40000	100000	0	0	0	0	0	0	0	0	0	0	2
6	3	A	40000	100000	0	0	0	0	0	0	0	0	0	0	1
6	3	B	40000	100000	0	0	0	0	0	0	0	0	0	0	1
6	4	G	40000	23148	76.852	55.1155	76852	34781	716	0	0	33428	103	534	33848
6	4	A	40000	27246	72.754	55.363	72754	17391	347	0	0	16659	1	384	16756
6	4	B	40000	27742	72.258	54.868	72258	17390	369	0	0	16769	102	150	17092
6	4	cSpy was 7 spamed and the readout avoided!
6	5	G	40000	3578	96.422	84.9135	96422	15076	149	5	3	13270	959	691	14650
6	5	A	40000	7051	92.949	85.75	92949	7199	18	1	2	6158	425	595	6883
6	5	B	40000	8046	91.954	84.077	91954	7877	131	4	1	7112	534	96	7767
6	5	cSpy was 30 spamed and the readout avoided!
6	6	G	40000	100000	0	0	0	0	0	0	0	0	0	0	2
6	6	A	40000	100000	0	0	0	0	0	0	0	0	0	0	1
6	6	B	40000	100000	0	0	0	0	0	0	0	0	0	0	1
6	7	G	40000	100000	0	0	0	0	0	0	0	0	0	0	2
6	7	A	40000	100000	0	0	0	0	0	0	0	0	0	0	1
6	7	B	40000	100000	0	0	0	0	0	0	0	0	0	0	1
7	0	G	40000	2224	97.776	47.7545	97776	3531	217	0	0	2698	73	543	3043
7	0	A	40000	2235	97.765	95.076	97765	2689	217	0	0	1856	73	543	2200
7	0	B	40000	98725	1.275	0.433	1275	842	0	0	0	842	0	0	843
7	1	G	40000	100000	0	0	0	0	0	0	0	0	0	0	2
7	1	A	40000	100000	0	0	0	0	0	0	0	0	0	0	1
7	1	B	40000	100000	0	0	0	0	0	0	0	0	0	0	1
7	2	G	40000	92782	7.218	1.269	7218	9869	1	1	0	9768	89	10	9870
7	2	A	40000	93648	6.352	1.437	6352	4915	1	1	0	4832	71	10	4915
7	2	B	40000	93945	6.055	1.101	6055	4954	0	0	0	4936	18	0	4955
7	3	G	40000	480	99.52	95.4575	99520	4758	209	5	0	3016	918	610	4222
7	3	A	40000	1074	98.926	97.541	98926	1385	54	0	0	907	7	417	1047
7	3	B	40000	3253	96.747	93.374	96747	3373	155	5	0	2109	911	193	3175
7	3	cSpy was 96 spamed and the readout avoided!
7	4	G	40000	92137	7.863	0.684	7863	13655	0	0	0	13109	543	3	13657
7	4	A	40000	92204	7.796	0.684	7796	7112	0	0	0	6632	477	3	7113
7	4	B	40000	92773	7.227	0.684	7227	6543	0	0	0	6477	66	0	6544
7	5	G	40000	100000	0	0	0	0	0	0	0	0	0	0	2
7	5	A	40000	100000	0	0	0	0	0	0	0	0	0	0	1
7	5	B	40000	100000	0	0	0	0	0	0	0	0	0	0	1
7	6	G	40000	99666	0.334001	0.0595	334	433	1	0	0	431	1	0	434
7	6	A	40000	99715	0.285	0.066	285	219	1	0	0	218	0	0	219
7	6	B	40000	99733	0.266999	0.053	267	214	0	0	0	213	1	0	215
7	7	G	40000	41440	58.56	30.9725	58560	42272	22	0	0	40769	1291	190	42193
7	7	A	40000	47197	52.803	31.567	52803	21236	6	0	0	20455	586	189	21164
7	7	B	40000	48586	51.414	30.378	51414	21036	16	0	0	20314	705	1	21029
7	7	cSpy was 7 spamed and the readout avoided!
