#the gain was set to: 2	the bias was set to: 30
#Sent triggers per delay setting: 100000	and with a frequency [Hz] of: 40000
#160MHz delay setting	400MHz delay setting	Frequency	correct transmitted H+T		error rate [%]	uncertainty [%]	bad or missed events	error count	missing headers	missing trailers	flipped H/T	event nr errors	tbm missed trigger	unknown errors	event nr resets
0	0	G	40000	441	99.559	71.9655	99559	18990	107	0	0	18004	272	607	18490
0	0	A	40000	629	99.371	98.247	99371	1124	92	0	0	188	243	601	629
0	0	B	40000	36450	63.55	45.684	63550	17866	15	0	0	17816	29	6	17861
0	0	cSpy was 29 spamed and the readout avoided!
0	1	G	40000	32119	67.881	48.6705	67881	25441	155	0	0	24500	317	469	25326
0	1	A	40000	40939	59.061	48.101	59061	10960	85	0	0	10452	5	418	10869
0	1	B	40000	36279	63.721	49.24	63721	14481	70	0	0	14048	312	51	14457
0	2	G	40000	3272	96.728	82.38	96728	17432	100	5	0	14775	2087	465	17105
0	2	A	40000	6589	93.411	86.846	93411	6565	60	0	0	5023	1038	444	6270
0	2	B	40000	11219	88.781	77.914	88781	10867	40	5	0	9752	1049	21	10835
0	2	cSpy was 6 spamed and the readout avoided!
0	3	G	40000	100000	0	0	0	0	0	0	0	0	0	0	2
0	3	A	40000	100000	0	0	0	0	0	0	0	0	0	0	1
0	3	B	40000	100000	0	0	0	0	0	0	0	0	0	0	1
0	4	G	40000	100000	0	0	0	0	0	0	0	0	0	0	2
0	4	A	40000	100000	0	0	0	0	0	0	0	0	0	0	1
0	4	B	40000	100000	0	0	0	0	0	0	0	0	0	0	1
0	5	G	40000	37235	62.765	41.7245	62765	28829	23	0	0	28268	157	381	28783
0	5	A	40000	45983	54.017	41.202	54017	12815	13	0	0	12392	38	372	12773
0	5	B	40000	41739	58.261	42.247	58261	16014	10	0	0	15876	119	9	16010
0	6	G	40000	1977	98.023	91.047	98023	9037	356	18	0	6759	1521	383	8536
0	6	A	40000	4416	95.584	91.068	95584	4516	162	0	0	3163	933	258	4222
0	6	B	40000	4453	95.547	91.026	95547	4521	194	18	0	3596	588	125	4314
0	6	cSpy was 28 spamed and the readout avoided!
0	7	G	40000	98797	1.203	0.0425	1203	2283	0	0	0	2275	8	0	2285
0	7	A	40000	98825	1.175	0.035	1175	1140	0	0	0	1137	3	0	1141
0	7	B	40000	98807	1.193	0.05	1193	1143	0	0	0	1138	5	0	1144
1	0	G	40000	425	99.575	97.137	99575	3123	192	3	0	1704	589	635	2564
1	0	A	40000	1285	98.715	96.987	98715	1728	136	3	0	858	173	558	1250
1	0	B	40000	1318	98.682	97.287	98682	1395	56	0	0	846	416	77	1314
1	0	cSpy was 26 spamed and the readout avoided!
1	1	G	40000	82292	17.708	4.076	17708	14219	3	0	0	12313	1895	8	14218
1	1	A	40000	91103	8.897	1.566	8897	7331	0	0	0	6331	992	8	7332
1	1	B	40000	86526	13.474	6.586	13474	6888	3	0	0	5982	903	0	6886
1	2	G	40000	100000	0	0	0	0	0	0	0	0	0	0	2
1	2	A	40000	100000	0	0	0	0	0	0	0	0	0	0	1
1	2	B	40000	100000	0	0	0	0	0	0	0	0	0	0	1
1	3	G	40000	86967	13.033	5.8325	13033	10329	3	0	0	10197	93	36	10328
1	3	A	40000	89658	10.342	5.534	10342	4808	2	0	0	4689	81	36	4806
1	3	B	40000	88348	11.652	6.131	11652	5521	1	0	0	5508	12	0	5522
1	4	G	40000	0	100	100	100000	200000	200000	200000	200000	200000	200000	200000	200002
1	4	A	40000	0	100	100	100000	100000	100000	100000	100000	100000	100000	100000	100001
1	4	B	40000	0	100	100	100000	100000	100000	100000	100000	100000	100000	100000	100001
1	5	G	40000	62930	37.07	9.041	37070	27745	6	0	0	23555	4160	24	27740
1	5	A	40000	81986	18.014	3.586	18014	14428	0	0	0	12213	2191	24	14428
1	5	B	40000	72187	27.813	14.496	27813	13317	6	0	0	11342	1969	0	13312
1	6	G	40000	100000	0	0	0	0	0	0	0	0	0	0	2
1	6	A	40000	100000	0	0	0	0	0	0	0	0	0	0	1
1	6	B	40000	100000	0	0	0	0	0	0	0	0	0	0	1
1	7	G	40000	99997	0.00299811	0	3	6	0	0	0	6	0	0	8
1	7	A	40000	99997	0.00299811	0	3	3	0	0	0	3	0	0	4
1	7	B	40000	99997	0.00299811	0	3	3	0	0	0	3	0	0	4
2	0	G	40000	2464	97.536	48.2375	97536	4146	54	0	0	3908	109	75	4061
2	0	A	40000	2504	97.496	94.949	97496	2547	54	0	0	2309	109	75	2461
2	0	B	40000	96875	3.125	1.526	3125	1599	0	0	0	1599	0	0	1600
2	1	G	40000	100000	0	0	0	0	0	0	0	0	0	0	2
2	1	A	40000	100000	0	0	0	0	0	0	0	0	0	0	1
2	1	B	40000	100000	0	0	0	0	0	0	0	0	0	0	1
2	2	G	40000	26470	73.53	52.135	73530	26245	867	1	0	23213	1432	732	25476
2	2	A	40000	38003	61.997	50.262	61997	11735	481	1	0	10148	631	474	11276
2	2	B	40000	31482	68.518	54.008	68518	14510	386	0	0	13065	801	258	14200
2	3	G	40000	6030	93.97	67.8385	93970	31340	72	3	0	27621	3478	166	31216
2	3	A	40000	21005	78.995	58.826	78995	20169	9	0	0	17537	2498	125	20097
2	3	B	40000	11978	88.022	76.851	88022	11171	63	3	0	10084	980	41	11119
2	3	cSpy was 3 spamed and the readout avoided!
2	4	G	40000	100000	0	0	0	0	0	0	0	0	0	0	2
2	4	A	40000	100000	0	0	0	0	0	0	0	0	0	0	1
2	4	B	40000	100000	0	0	0	0	0	0	0	0	0	0	1
2	5	G	40000	99957	0.0429988	0.002	43	82	0	0	0	82	0	0	84
2	5	A	40000	99957	0.0429988	0.002	43	41	0	0	0	41	0	0	42
2	5	B	40000	99957	0.0429988	0.002	43	41	0	0	0	41	0	0	42
2	6	G	40000	47811	52.189	33.3845	52189	22644	91	1	0	21583	649	320	22572
2	6	A	40000	58018	41.982	31.839	41982	10143	62	1	0	9245	543	292	10082
2	6	B	40000	52569	47.431	34.93	47431	12501	29	0	0	12338	106	28	12490
2	6	cSpy was 1 spamed and the readout avoided!
2	7	G	40000	0	100	100	100000	200000	200000	200000	200000	200000	200000	200000	200002
2	7	A	40000	0	100	100	100000	100000	100000	100000	100000	100000	100000	100000	100001
2	7	B	40000	0	100	100	100000	100000	100000	100000	100000	100000	100000	100000	100001
3	0	G	40000	1114	98.886	68.0695	98886	16188	246	3	0	15054	273	612	15627
3	0	A	40000	1623	98.377	96.263	98377	2114	198	0	0	1306	34	576	1601
3	0	B	40000	46050	53.95	39.876	53950	14074	48	3	0	13748	239	36	14026
3	0	cSpy was 28 spamed and the readout avoided!
3	1	G	40000	0	100	100	100000	200000	200000	200000	200000	200000	200000	200000	200002
3	1	A	40000	0	100	100	100000	100000	100000	100000	100000	100000	100000	100000	100001
3	1	B	40000	0	100	100	100000	100000	100000	100000	100000	100000	100000	100000	100001
3	2	G	40000	73471	26.529	14.029	26529	16886	14	3	0	15236	1531	102	16822
3	2	A	40000	77459	22.541	14.112	22541	8429	6	1	0	7446	880	96	8375
3	2	B	40000	77597	22.403	13.946	22403	8457	8	2	0	7790	651	6	8447
3	2	cSpy was 5 spamed and the readout avoided!
3	3	G	40000	100000	0	0	0	0	0	0	0	0	0	0	2
3	3	A	40000	100000	0	0	0	0	0	0	0	0	0	0	1
3	3	B	40000	100000	0	0	0	0	0	0	0	0	0	0	1
3	4	G	40000	96159	3.841	0.629	3841	5875	0	0	0	5873	2	0	5877
3	4	A	40000	96466	3.534	0.586	3534	2948	0	0	0	2946	2	0	2949
3	4	B	40000	96401	3.599	0.672	3599	2927	0	0	0	2927	0	0	2928
3	5	G	40000	0	100	100	100000	200000	200000	200000	200000	200000	200000	200000	200002
3	5	A	40000	0	100	100	100000	100000	100000	100000	100000	100000	100000	100000	100001
3	5	B	40000	0	100	100	100000	100000	100000	100000	100000	100000	100000	100000	100001
3	6	G	40000	0	100	100	100000	200000	200000	200000	200000	200000	200000	200000	200002
3	6	A	40000	0	100	100	100000	100000	100000	100000	100000	100000	100000	100000	100001
3	6	B	40000	0	100	100	100000	100000	100000	100000	100000	100000	100000	100000	100001
3	7	G	40000	100000	0	0	0	0	0	0	0	0	0	0	2
3	7	A	40000	100000	0	0	0	0	0	0	0	0	0	0	1
3	7	B	40000	100000	0	0	0	0	0	0	0	0	0	0	1
4	0	G	40000	713	99.287	73.9205	99287	19186	190	0	0	15964	2600	432	18761
4	0	A	40000	1229	98.771	97.188	98771	1583	100	0	0	727	367	389	1225
4	0	B	40000	31744	68.256	50.653	68256	17603	90	0	0	15237	2233	43	17536
4	0	cSpy was 89 spamed and the readout avoided!
4	1	G	40000	100000	0	0	0	0	0	0	0	0	0	0	2
4	1	A	40000	100000	0	0	0	0	0	0	0	0	0	0	1
4	1	B	40000	100000	0	0	0	0	0	0	0	0	0	0	1
4	2	G	40000	100000	0	0	0	0	0	0	0	0	0	0	2
4	2	A	40000	100000	0	0	0	0	0	0	0	0	0	0	1
4	2	B	40000	100000	0	0	0	0	0	0	0	0	0	0	1
4	3	G	40000	19872	80.128	58.875	80128	34171	800	0	0	32631	140	600	33092
4	3	A	40000	23743	76.257	59.146	76257	17111	389	0	0	16299	0	423	16399
4	3	B	40000	24336	75.664	58.604	75664	17060	411	0	0	16332	140	177	16693
4	3	cSpy was 8 spamed and the readout avoided!
4	4	G	40000	0	100	100	100000	200000	200000	200000	200000	200000	200000	200000	200002
4	4	A	40000	0	100	100	100000	100000	100000	100000	100000	100000	100000	100000	100001
4	4	B	40000	0	100	100	100000	100000	100000	100000	100000	100000	100000	100000	100001
4	5	G	40000	100000	0	0	0	0	0	0	0	0	0	0	2
4	5	A	40000	100000	0	0	0	0	0	0	0	0	0	0	1
4	5	B	40000	100000	0	0	0	0	0	0	0	0	0	0	1
4	6	G	40000	100000	0	0	0	0	0	0	0	0	0	0	2
4	6	A	40000	100000	0	0	0	0	0	0	0	0	0	0	1
4	6	B	40000	100000	0	0	0	0	0	0	0	0	0	0	1
4	7	G	40000	44044	55.956	37.8965	55956	28314	252	0	0	27848	5	209	28025
4	7	A	40000	47878	52.122	37.986	52122	14136	122	0	0	13848	3	163	13926
4	7	B	40000	48015	51.985	37.807	51985	14178	130	0	0	14000	2	46	14099
4	7	cSpy was 6 spamed and the readout avoided!
5	0	G	40000	524	99.476	56.4655	99476	14355	139	0	0	13276	97	843	13816
5	0	A	40000	622	99.378	98.216	99378	1162	139	0	0	92	89	842	622
5	0	B	40000	72092	27.908	14.715	27908	13193	0	0	0	13184	8	1	13194
5	0	cSpy was 50 spamed and the readout avoided!
5	1	G	40000	67576	32.424	15.4805	32424	25854	23	0	0	25787	1	43	25837
5	1	A	40000	71590	28.41	15.664	28410	12746	11	0	0	12692	1	42	12732
5	1	B	40000	71595	28.405	15.297	28405	13108	12	0	0	13095	0	1	13105
5	1	cSpy was 1 spamed and the readout avoided!
5	2	G	40000	0	100	100	100000	200000	200000	200000	200000	200000	200000	200000	200002
5	2	A	40000	0	100	100	100000	100000	100000	100000	100000	100000	100000	100000	100001
5	2	B	40000	0	100	100	100000	100000	100000	100000	100000	100000	100000	100000	100001
5	3	G	40000	96853	3.147	0.031	3147	6162	0	0	0	6099	63	0	6164
5	3	A	40000	96855	3.145	0.031	3145	3114	0	0	0	3053	61	0	3115
5	3	B	40000	96921	3.079	0.031	3079	3048	0	0	0	3046	2	0	3049
5	4	G	40000	100000	0	0	0	0	0	0	0	0	0	0	2
5	4	A	40000	100000	0	0	0	0	0	0	0	0	0	0	1
5	4	B	40000	100000	0	0	0	0	0	0	0	0	0	0	1
5	5	G	40000	95244	4.756	0.726	4756	7380	0	0	0	7380	0	0	7382
5	5	A	40000	95532	4.468	0.792	4468	3676	0	0	0	3676	0	0	3677
5	5	B	40000	95636	4.364	0.66	4364	3704	0	0	0	3704	0	0	3705
5	6	G	40000	9	99.991	97.5815	99991	2518	228	1	0	1350	814	125	2305
5	6	A	40000	22	99.978	99.919	99978	59	0	0	0	8	1	50	22
5	6	B	40000	2297	97.703	95.244	97703	2459	228	1	0	1342	813	75	2283
5	6	cSpy was 49 spamed and the readout avoided!
5	7	G	40000	20924	79.076	27.4425	79076	66029	0	0	0	58088	7768	173	65946
5	7	A	40000	37885	62.115	30.558	62115	31557	0	0	0	26882	4503	172	31474
5	7	B	40000	41201	58.799	24.327	58799	34472	0	0	0	31206	3265	1	34472
5	7	cSpy was 3 spamed and the readout avoided!
6	0	G	40000	521	99.479	96.5965	99479	3682	316	5	0	1808	951	603	3110
6	0	A	40000	1120	98.88	97.331	98880	1549	151	0	0	252	627	520	1120
6	0	B	40000	2005	97.995	95.862	97995	2133	165	5	0	1556	324	83	1990
6	0	cSpy was 75 spamed and the readout avoided!
6	1	G	40000	9355	90.645	63.4065	90645	35792	13	2	0	32112	3247	418	35563
6	1	A	40000	17608	82.392	65.309	82392	17083	0	1	0	15082	1593	407	16866
6	1	B	40000	19787	80.213	61.504	80213	18709	13	1	0	17030	1654	11	18697
6	1	cSpy was 6 spamed and the readout avoided!
6	2	G	40000	100000	0	0	0	0	0	0	0	0	0	0	2
6	2	A	40000	100000	0	0	0	0	0	0	0	0	0	0	1
6	2	B	40000	100000	0	0	0	0	0	0	0	0	0	0	1
6	3	G	40000	100000	0	0	0	0	0	0	0	0	0	0	2
6	3	A	40000	100000	0	0	0	0	0	0	0	0	0	0	1
6	3	B	40000	100000	0	0	0	0	0	0	0	0	0	0	1
6	4	G	40000	20461	79.539	58.652	79539	34242	820	0	0	32660	165	597	33161
6	4	A	40000	23936	76.064	58.935	76064	17129	394	0	0	16310	0	425	16406
6	4	B	40000	24518	75.482	58.369	75482	17113	426	0	0	16350	165	172	16755
6	4	cSpy was 8 spamed and the readout avoided!
6	5	G	40000	0	100	100	100000	200000	200000	200000	200000	200000	200000	200000	200002
6	5	A	40000	0	100	100	100000	100000	100000	100000	100000	100000	100000	100000	100001
6	5	B	40000	0	100	100	100000	100000	100000	100000	100000	100000	100000	100000	100001
6	6	G	40000	100000	0	0	0	0	0	0	0	0	0	0	2
6	6	A	40000	100000	0	0	0	0	0	0	0	0	0	0	1
6	6	B	40000	100000	0	0	0	0	0	0	0	0	0	0	1
6	7	G	40000	100000	0	0	0	0	0	0	0	0	0	0	2
6	7	A	40000	100000	0	0	0	0	0	0	0	0	0	0	1
6	7	B	40000	100000	0	0	0	0	0	0	0	0	0	0	1
7	0	G	40000	2136	97.864	47.831	97864	3401	215	0	0	2575	70	541	2936
7	0	A	40000	2157	97.843	95.247	97843	2596	215	0	0	1770	70	541	2130
7	0	B	40000	98780	1.22	0.415	1220	805	0	0	0	805	0	0	806
7	1	G	40000	100000	0	0	0	0	0	0	0	0	0	0	2
7	1	A	40000	100000	0	0	0	0	0	0	0	0	0	0	1
7	1	B	40000	100000	0	0	0	0	0	0	0	0	0	0	1
7	2	G	40000	97999	2.001	0.1565	2001	3526	0	0	0	3498	27	1	3528
7	2	A	40000	98060	1.94	0.179	1940	1761	0	0	0	1739	21	1	1762
7	2	B	40000	98101	1.899	0.134	1899	1765	0	0	0	1759	6	0	1766
7	3	G	40000	0	100	100	100000	200000	200000	200000	200000	200000	200000	200000	200002
7	3	A	40000	0	100	100	100000	100000	100000	100000	100000	100000	100000	100000	100001
7	3	B	40000	0	100	100	100000	100000	100000	100000	100000	100000	100000	100000	100001
7	4	G	40000	52962	47.038	26.65	47038	32368	38	0	0	29105	3095	130	32281
7	4	A	40000	55475	44.525	27.122	44525	17403	3	0	0	14866	2436	98	17357
7	4	B	40000	58857	41.143	26.178	41143	14965	35	0	0	14239	659	32	14924
7	4	cSpy was 5 spamed and the readout avoided!
7	5	G	40000	100000	0	0	0	0	0	0	0	0	0	0	2
7	5	A	40000	100000	0	0	0	0	0	0	0	0	0	0	1
7	5	B	40000	100000	0	0	0	0	0	0	0	0	0	0	1
7	6	G	40000	99993	0.00699759	0	7	14	0	0	0	14	0	0	16
7	6	A	40000	99993	0.00699759	0	7	7	0	0	0	7	0	0	8
7	6	B	40000	99993	0.00699759	0	7	7	0	0	0	7	0	0	8
7	7	G	40000	60477	39.523	14.5215	39523	35639	53	70	0	34861	484	171	35542
7	7	A	40000	66763	33.237	15.111	33237	18126	53	70	0	17638	194	171	18028
7	7	B	40000	68555	31.445	13.932	31445	17513	0	0	0	17223	290	0	17514
7	7	cSpy was 7 spamed and the readout avoided!
