#the gain was set to: 2	the bias was set to: 30
#Sent triggers per delay setting: 100000	and with a frequency [Hz] of: 40000
#160MHz delay setting	400MHz delay setting	Frequency	correct transmitted H+T		error rate [%]	uncertainty [%]	bad or missed events	error count	missing headers	missing trailers	flipped H/T	event nr errors	tbm missed trigger	unknown errors	event nr resets
0	0	G	40000	426	99.574	72.52	99574	18858	107	0	0	17851	299	601	18340
0	0	A	40000	634	99.366	98.22	99366	1146	90	0	0	207	259	590	634
0	0	B	40000	35468	64.532	46.82	64532	17712	17	0	0	17644	40	11	17706
0	0	cSpy was 30 spamed and the readout avoided!
0	1	G	40000	28989	71.011	49.097	71011	28320	201	0	0	27513	74	532	28118
0	1	A	40000	39268	60.732	48.414	60732	12318	103	0	0	11742	33	440	12183
0	1	B	40000	34218	65.782	49.78	65782	16002	98	0	0	15771	41	92	15935
0	2	G	40000	2511	97.489	86.595	97489	13372	197	5	0	10610	2120	440	12975
0	2	A	40000	5747	94.253	88.523	94253	5730	73	0	0	4344	985	328	5466
0	2	B	40000	7691	92.309	84.667	92309	7642	124	5	0	6266	1135	112	7509
0	2	cSpy was 15 spamed and the readout avoided!
0	3	G	40000	94479	5.521	0.9765	5521	4906	0	0	0	4533	373	0	4908
0	3	A	40000	97099	2.901	0.463	2901	2438	0	0	0	2274	164	0	2439
0	3	B	40000	96042	3.958	1.49	3958	2468	0	0	0	2259	209	0	2469
0	4	G	40000	100000	0	0	0	0	0	0	0	0	0	0	2
0	4	A	40000	100000	0	0	0	0	0	0	0	0	0	0	1
0	4	B	40000	100000	0	0	0	0	0	0	0	0	0	0	1
0	5	G	40000	52640	47.36	27.658	47360	26720	12	0	0	26321	123	264	26668
0	5	A	40000	60547	39.453	27.189	39453	12264	6	0	0	11944	60	254	12217
0	5	B	40000	57417	42.583	28.127	42583	14456	6	0	0	14377	63	10	14451
0	6	G	40000	1411	98.589	93.3475	98589	6746	373	19	0	4932	1141	281	6320
0	6	A	40000	3825	96.175	92.356	96175	3819	122	0	0	2757	783	157	3639
0	6	B	40000	2734	97.266	94.339	97266	2927	251	19	0	2175	358	124	2681
0	6	cSpy was 49 spamed and the readout avoided!
0	7	G	40000	72989	27.011	21.361	27011	7720	24	0	0	6775	825	96	7653
0	7	A	40000	74462	25.538	22.02	25538	3518	14	0	0	2961	449	94	3457
0	7	B	40000	75096	24.904	20.702	24904	4202	10	0	0	3814	376	2	4196
1	0	G	40000	223	99.777	98.147	99777	2007	139	0	0	1360	148	360	1689
1	0	A	40000	1108	98.892	97.514	98892	1378	121	0	0	845	100	312	1102
1	0	B	40000	591	99.409	98.78	99409	629	18	0	0	515	48	48	587
1	0	cSpy was 24 spamed and the readout avoided!
1	1	G	40000	97888	2.112	0.3625	2112	3269	0	0	0	3240	29	0	3271
1	1	A	40000	98038	1.962	0.332	1962	1630	0	0	0	1619	11	0	1631
1	1	B	40000	97968	2.032	0.393	2032	1639	0	0	0	1621	18	0	1640
1	2	G	40000	100000	0	0	0	0	0	0	0	0	0	0	2
1	2	A	40000	100000	0	0	0	0	0	0	0	0	0	0	1
1	2	B	40000	100000	0	0	0	0	0	0	0	0	0	0	1
1	3	G	40000	96584	3.416	0.6815	3416	4715	0	0	0	4700	10	5	4715
1	3	A	40000	97075	2.925	0.604	2925	2321	0	0	0	2310	6	5	2320
1	3	B	40000	96847	3.153	0.759	3153	2394	0	0	0	2390	4	0	2395
1	4	G	40000	417	99.583	97.2905	99583	2847	164	0	0	1167	1248	268	2561
1	4	A	40000	1563	98.437	96.783	98437	1654	63	0	0	587	927	77	1552
1	4	B	40000	1009	98.991	97.798	98991	1193	101	0	0	580	321	191	1009
1	4	cSpy was 21 spamed and the readout avoided!
1	5	G	40000	44953	55.047	13.2805	55047	42048	1	0	0	36868	5178	1	42048
1	5	A	40000	72856	27.144	3.818	27144	23326	0	0	0	20071	3255	0	23327
1	5	B	40000	58535	41.465	22.743	41465	18722	1	0	0	16797	1923	1	18721
1	6	G	40000	100000	0	0	0	0	0	0	0	0	0	0	2
1	6	A	40000	100000	0	0	0	0	0	0	0	0	0	0	1
1	6	B	40000	100000	0	0	0	0	0	0	0	0	0	0	1
1	7	G	40000	99256	0.743997	0.344	744	483	0	0	0	472	9	2	485
1	7	A	40000	99447	0.553	0.32	553	233	0	0	0	225	6	2	234
1	7	B	40000	99382	0.617999	0.368	618	250	0	0	0	247	3	0	251
2	0	G	40000	2345	97.655	48.3405	97655	4011	39	0	0	3775	134	63	3931
2	0	A	40000	2377	97.623	95.191	97623	2432	39	0	0	2196	134	63	2352
2	0	B	40000	96931	3.069	1.49	3069	1579	0	0	0	1579	0	0	1579
2	1	G	40000	99620	0.379997	0.0755	380	545	0	0	0	544	1	0	547
2	1	A	40000	99666	0.334001	0.069	334	265	0	0	0	264	1	0	266
2	1	B	40000	99638	0.362003	0.082	362	280	0	0	0	280	0	0	281
2	2	G	40000	24136	75.864	52.242	75864	28271	713	10	0	25330	1483	735	27582
2	2	A	40000	37249	62.751	49.69	62751	13061	362	6	0	10743	1460	490	12673
2	2	B	40000	29996	70.004	54.794	70004	15210	351	4	0	14587	23	245	14909
2	3	G	40000	5310	94.69	73.569	94690	25478	95	0	0	21201	3987	195	25302
2	3	A	40000	16944	83.056	67.174	83056	15882	23	0	0	13173	2551	135	15775
2	3	B	40000	10440	89.56	79.964	89560	9596	72	0	0	8028	1436	60	9527
2	3	cSpy was 14 spamed and the readout avoided!
2	4	G	40000	100000	0	0	0	0	0	0	0	0	0	0	2
2	4	A	40000	100000	0	0	0	0	0	0	0	0	0	0	1
2	4	B	40000	100000	0	0	0	0	0	0	0	0	0	0	1
2	5	G	40000	100000	0	0	0	0	0	0	0	0	0	0	2
2	5	A	40000	100000	0	0	0	0	0	0	0	0	0	0	1
2	5	B	40000	100000	0	0	0	0	0	0	0	0	0	0	1
2	6	G	40000	40513	59.487	36.7395	59487	26435	58	0	0	24758	1279	340	26349
2	6	A	40000	53202	46.798	34.323	46798	12475	32	0	0	10919	1213	311	12409
2	6	B	40000	46884	53.116	39.156	53116	13960	26	0	0	13839	66	29	13940
2	7	G	40000	0	100	100	100000	200000	200000	200000	200000	200000	200000	200000	200002
2	7	A	40000	0	100	100	100000	100000	100000	100000	100000	100000	100000	100000	100001
2	7	B	40000	0	100	100	100000	100000	100000	100000	100000	100000	100000	100000	100001
3	0	G	40000	1055	98.945	70.951	98945	18406	259	2	0	17115	369	661	17821
3	0	A	40000	1577	98.423	96.313	98423	2110	208	0	0	1233	25	644	1557
3	0	B	40000	38115	61.885	45.589	61885	16296	51	2	0	15882	344	17	16264
3	0	cSpy was 12 spamed and the readout avoided!
3	1	G	40000	0	100	100	100000	200000	200000	200000	200000	200000	200000	200000	200002
3	1	A	40000	0	100	100	100000	100000	100000	100000	100000	100000	100000	100000	100001
3	1	B	40000	0	100	100	100000	100000	100000	100000	100000	100000	100000	100000	100001
3	2	G	40000	99211	0.788999	0.003	789	1571	0	0	0	1571	0	0	1573
3	2	A	40000	99211	0.788999	0.003	789	786	0	0	0	786	0	0	787
3	2	B	40000	99212	0.787997	0.003	788	785	0	0	0	785	0	0	786
3	3	G	40000	100000	0	0	0	0	0	0	0	0	0	0	2
3	3	A	40000	100000	0	0	0	0	0	0	0	0	0	0	1
3	3	B	40000	100000	0	0	0	0	0	0	0	0	0	0	1
3	4	G	40000	97281	2.719	0.259	2719	4782	0	0	0	4779	2	1	4784
3	4	A	40000	97370	2.63	0.236	2630	2394	0	0	0	2391	2	1	2395
3	4	B	40000	97330	2.67	0.282	2670	2388	0	0	0	2388	0	0	2389
3	5	G	40000	0	100	100	100000	200000	200000	200000	200000	200000	200000	200000	200002
3	5	A	40000	0	100	100	100000	100000	100000	100000	100000	100000	100000	100000	100001
3	5	B	40000	0	100	100	100000	100000	100000	100000	100000	100000	100000	100000	100001
3	6	G	40000	67246	32.754	8.4655	32754	35966	6	5	0	33334	2596	25	35958
3	6	A	40000	72885	27.115	8.325	27115	18790	4	0	0	16407	2360	19	18788
3	6	B	40000	74218	25.782	8.606	25782	17176	2	5	0	16927	236	6	17170
3	6	cSpy was 4 spamed and the readout avoided!
3	7	G	40000	100000	0	0	0	0	0	0	0	0	0	0	2
3	7	A	40000	100000	0	0	0	0	0	0	0	0	0	0	1
3	7	B	40000	100000	0	0	0	0	0	0	0	0	0	0	1
4	0	G	40000	1049	98.951	64.949	98951	27953	98	1	0	25336	2390	128	27802
4	0	A	40000	1652	98.348	96.557	98348	1791	81	0	0	1053	532	125	1649
4	0	B	40000	40497	59.503	33.341	59503	26162	17	1	0	24283	1858	3	26153
4	0	cSpy was 3 spamed and the readout avoided!
4	1	G	40000	100000	0	0	0	0	0	0	0	0	0	0	2
4	1	A	40000	100000	0	0	0	0	0	0	0	0	0	0	1
4	1	B	40000	100000	0	0	0	0	0	0	0	0	0	0	1
4	2	G	40000	100000	0	0	0	0	0	0	0	0	0	0	2
4	2	A	40000	100000	0	0	0	0	0	0	0	0	0	0	1
4	2	B	40000	100000	0	0	0	0	0	0	0	0	0	0	1
4	3	G	40000	20133	79.867	58.7215	79867	34284	830	2	0	32693	149	610	33185
4	3	A	40000	23838	76.162	58.975	76162	17187	401	1	0	16353	0	432	16453
4	3	B	40000	24435	75.565	58.468	75565	17097	429	1	0	16340	149	178	16732
4	3	cSpy was 10 spamed and the readout avoided!
4	4	G	40000	0	100	100	100000	200000	200000	200000	200000	200000	200000	200000	200002
4	4	A	40000	0	100	100	100000	100000	100000	100000	100000	100000	100000	100000	100001
4	4	B	40000	0	100	100	100000	100000	100000	100000	100000	100000	100000	100000	100001
4	5	G	40000	100000	0	0	0	0	0	0	0	0	0	0	2
4	5	A	40000	100000	0	0	0	0	0	0	0	0	0	0	1
4	5	B	40000	100000	0	0	0	0	0	0	0	0	0	0	1
4	6	G	40000	100000	0	0	0	0	0	0	0	0	0	0	2
4	6	A	40000	100000	0	0	0	0	0	0	0	0	0	0	1
4	6	B	40000	100000	0	0	0	0	0	0	0	0	0	0	1
4	7	G	40000	40208	59.792	37.6265	59792	34275	141	0	0	33959	5	170	34118
4	7	A	40000	45226	54.774	37.717	54774	17057	69	0	0	16836	5	147	16930
4	7	B	40000	45246	54.754	37.536	54754	17218	72	0	0	17123	0	23	17188
4	7	cSpy was 6 spamed and the readout avoided!
5	0	G	40000	537	99.463	56.3895	99463	14296	162	0	0	13204	101	829	13754
5	0	A	40000	635	99.365	98.187	99365	1178	162	0	0	92	95	829	635
5	0	B	40000	72290	27.71	14.592	27710	13118	0	0	0	13112	6	0	13119
5	0	cSpy was 48 spamed and the readout avoided!
5	1	G	40000	75637	24.363	9.544	24363	23760	2	0	0	23730	4	24	23759
5	1	A	40000	78546	21.454	9.745	21454	11709	1	0	0	11682	4	22	11708
5	1	B	40000	78606	21.394	9.343	21394	12051	1	0	0	12048	0	2	12051
5	2	G	40000	29	99.971	98.8365	99971	1523	37	0	0	631	62	793	798
5	2	A	40000	65	99.935	99.231	99935	704	4	0	0	2	0	698	64
5	2	B	40000	739	99.261	98.442	99261	819	33	0	0	629	62	95	734
5	2	cSpy was 16 spamed and the readout avoided!
5	3	G	40000	97696	2.304	0.007	2304	4585	0	0	0	4578	7	0	4587
5	3	A	40000	97698	2.302	0.007	2302	2295	0	0	0	2290	5	0	2296
5	3	B	40000	97703	2.297	0.007	2297	2290	0	0	0	2288	2	0	2291
5	4	G	40000	100000	0	0	0	0	0	0	0	0	0	0	2
5	4	A	40000	100000	0	0	0	0	0	0	0	0	0	0	1
5	4	B	40000	100000	0	0	0	0	0	0	0	0	0	0	1
5	5	G	40000	90445	9.555	2.282	9555	12415	0	0	0	12407	1	7	12416
5	5	A	40000	91422	8.578	2.422	8578	6156	0	0	0	6148	1	7	6156
5	5	B	40000	91599	8.401	2.142	8401	6259	0	0	0	6259	0	0	6260
5	6	G	40000	29	99.971	97.979	99971	2153	185	1	0	1042	660	265	1881
5	6	A	40000	82	99.918	99.752	99918	166	1	0	0	25	8	132	81
5	6	B	40000	1807	98.193	96.206	98193	1987	184	1	0	1017	652	133	1800
5	6	cSpy was 76 spamed and the readout avoided!
5	7	G	40000	24606	75.394	25.7675	75394	63817	4	3	0	56162	7492	156	63753
5	7	A	40000	41071	58.929	28.105	58929	30824	4	3	0	26327	4334	156	30759
5	7	B	40000	43577	56.423	23.43	56423	32993	0	0	0	29835	3158	0	32994
5	7	cSpy was 5 spamed and the readout avoided!
6	0	G	40000	421	99.579	96.769	99579	3519	301	2	0	1675	958	583	2933
6	0	A	40000	1004	98.996	97.561	98996	1435	140	1	0	199	596	499	1004
6	0	B	40000	1939	98.061	95.977	98061	2084	161	1	0	1476	362	84	1929
6	0	cSpy was 68 spamed and the readout avoided!
6	1	G	40000	11409	88.591	55.7775	88591	42893	12	0	0	38228	4291	362	42707
6	1	A	40000	21496	78.504	58.055	78504	20449	0	0	0	17882	2217	350	20277
6	1	B	40000	24056	75.944	53.5	75944	22444	12	0	0	20346	2074	12	22430
6	1	cSpy was 1 spamed and the readout avoided!
6	2	G	40000	100000	0	0	0	0	0	0	0	0	0	0	2
6	2	A	40000	100000	0	0	0	0	0	0	0	0	0	0	1
6	2	B	40000	100000	0	0	0	0	0	0	0	0	0	0	1
6	3	G	40000	100000	0	0	0	0	0	0	0	0	0	0	2
6	3	A	40000	100000	0	0	0	0	0	0	0	0	0	0	1
6	3	B	40000	100000	0	0	0	0	0	0	0	0	0	0	1
6	4	G	40000	21028	78.972	58.049	78972	34193	797	0	0	32644	157	595	33118
6	4	A	40000	24573	75.427	58.33	75427	17097	383	0	0	16298	0	416	16393
6	4	B	40000	25136	74.864	57.768	74864	17096	414	0	0	16346	157	179	16725
6	4	cSpy was 8 spamed and the readout avoided!
6	5	G	40000	0	100	100	100000	200000	200000	200000	200000	200000	200000	200000	200002
6	5	A	40000	0	100	100	100000	100000	100000	100000	100000	100000	100000	100000	100001
6	5	B	40000	0	100	100	100000	100000	100000	100000	100000	100000	100000	100000	100001
6	6	G	40000	100000	0	0	0	0	0	0	0	0	0	0	2
6	6	A	40000	100000	0	0	0	0	0	0	0	0	0	0	1
6	6	B	40000	100000	0	0	0	0	0	0	0	0	0	0	1
6	7	G	40000	100000	0	0	0	0	0	0	0	0	0	0	2
6	7	A	40000	100000	0	0	0	0	0	0	0	0	0	0	1
6	7	B	40000	100000	0	0	0	0	0	0	0	0	0	0	1
7	0	G	40000	2055	97.945	52.8495	97945	12171	219	1	0	10903	546	502	11720
7	0	A	40000	2480	97.52	94.631	97520	2889	207	1	0	2068	113	500	2445
7	0	B	40000	79650	20.35	11.068	20350	9282	12	0	0	8835	433	2	9275
7	0	cSpy was 1 spamed and the readout avoided!
7	1	G	40000	100000	0	0	0	0	0	0	0	0	0	0	2
7	1	A	40000	100000	0	0	0	0	0	0	0	0	0	0	1
7	1	B	40000	100000	0	0	0	0	0	0	0	0	0	0	1
7	2	G	40000	98439	1.561	0.137	1561	2756	0	0	0	2746	10	0	2758
7	2	A	40000	98470	1.53	0.151	1530	1379	0	0	0	1371	8	0	1380
7	2	B	40000	98500	1.5	0.123	1500	1377	0	0	0	1375	2	0	1378
7	3	G	40000	0	100	100	100000	200000	200000	200000	200000	200000	200000	200000	200002
7	3	A	40000	0	100	100	100000	100000	100000	100000	100000	100000	100000	100000	100001
7	3	B	40000	0	100	100	100000	100000	100000	100000	100000	100000	100000	100000	100001
7	4	G	40000	53349	46.651	12.0915	46651	48706	2	0	0	43343	5250	111	48657
7	4	A	40000	61882	38.118	13.381	38118	24737	2	0	0	21071	3553	111	24688
7	4	B	40000	65229	34.771	10.802	34771	23969	0	0	0	22272	1697	0	23969
7	4	cSpy was 2 spamed and the readout avoided!
7	5	G	40000	100000	0	0	0	0	0	0	0	0	0	0	2
7	5	A	40000	100000	0	0	0	0	0	0	0	0	0	0	1
7	5	B	40000	100000	0	0	0	0	0	0	0	0	0	0	1
7	6	G	40000	96300	3.7	1.075	3700	3403	4	6	0	3357	24	12	3403
7	6	A	40000	97119	2.881	1.184	2881	1697	4	6	0	1666	9	12	1696
7	6	B	40000	97328	2.672	0.966	2672	1706	0	0	0	1691	15	0	1707
7	6	cSpy was 1 spamed and the readout avoided!
7	7	G	40000	60474	39.526	14.981	39526	34913	51	60	0	34038	576	188	34819
7	7	A	40000	66695	33.305	15.606	33305	17699	49	60	0	17193	209	188	17605
7	7	B	40000	68430	31.57	14.356	31570	17214	2	0	0	16845	367	0	17214
7	7	cSpy was 7 spamed and the readout avoided!
