#the gain was set to: 2	the bias was set to: 30
#Sent triggers per delay setting: 100000	and with a frequency [Hz] of: 40000
#160MHz delay setting	400MHz delay setting	Frequency	correct transmitted H+T		error rate [%]	uncertainty [%]	bad or missed events	error count	missing headers	missing trailers	flipped H/T	event nr errors	tbm missed trigger	unknown errors	event nr resets
0	0	G	40000	397	99.603	71.812	99603	19071	93	0	0	18066	310	602	18565
0	0	A	40000	620	99.38	98.259	99380	1121	82	0	0	183	262	594	620
0	0	B	40000	36685	63.315	45.365	63315	17950	11	0	0	17883	48	8	17945
0	0	cSpy was 27 spamed and the readout avoided!
0	1	G	40000	30355	69.645	50.205	69645	25975	246	0	0	24804	405	520	25779
0	1	A	40000	39157	60.843	49.663	60843	11180	130	0	0	10594	18	438	11034
0	1	B	40000	34458	65.542	50.747	65542	14795	116	0	0	14210	387	82	14745
0	2	G	40000	2998	97.002	83.368	97002	16485	214	8	0	13748	1996	519	16044
0	2	A	40000	5987	94.013	87.963	94013	6050	116	0	0	4474	988	472	5693
0	2	B	40000	10792	89.208	78.773	89208	10435	98	8	0	9274	1008	47	10351
0	2	cSpy was 11 spamed and the readout avoided!
0	3	G	40000	100000	0	0	0	0	0	0	0	0	0	0	2
0	3	A	40000	100000	0	0	0	0	0	0	0	0	0	0	1
0	3	B	40000	100000	0	0	0	0	0	0	0	0	0	0	1
0	4	G	40000	99952	0.0479996	0.0045	48	75	0	0	0	75	0	0	77
0	4	A	40000	99964	0.0360012	0.004	36	32	0	0	0	32	0	0	33
0	4	B	40000	99952	0.0479996	0.005	48	43	0	0	0	43	0	0	44
0	5	G	40000	41224	58.776	37.381	58776	29765	13	0	0	29270	156	326	29731
0	5	A	40000	49763	50.237	36.876	50237	13361	10	0	0	12978	51	322	13327
0	5	B	40000	45710	54.29	37.886	54290	16404	3	0	0	16292	105	4	16404
0	6	G	40000	0	100	100	100000	200000	200000	200000	200000	200000	200000	200000	200002
0	6	A	40000	0	100	100	100000	100000	100000	100000	100000	100000	100000	100000	100001
0	6	B	40000	0	100	100	100000	100000	100000	100000	100000	100000	100000	100000	100001
0	7	G	40000	98428	1.572	0.09	1572	2881	0	0	0	2864	17	0	2883
0	7	A	40000	98485	1.515	0.077	1515	1438	0	0	0	1435	3	0	1439
0	7	B	40000	98454	1.546	0.103	1546	1443	0	0	0	1429	14	0	1444
1	0	G	40000	235	99.765	98.258	99765	1976	155	0	0	1092	187	542	1506
1	0	A	40000	796	99.204	98.009	99204	1195	127	0	0	466	126	476	795
1	0	B	40000	712	99.288	98.507	99288	781	28	0	0	626	61	66	711
1	0	cSpy was 30 spamed and the readout avoided!
1	1	G	40000	98207	1.793	0.0965	1793	3246	0	0	0	3223	22	1	3248
1	1	A	40000	98305	1.695	0.073	1695	1622	0	0	0	1615	6	1	1623
1	1	B	40000	98256	1.744	0.12	1744	1624	0	0	0	1608	16	0	1625
1	2	G	40000	100000	0	0	0	0	0	0	0	0	0	0	2
1	2	A	40000	100000	0	0	0	0	0	0	0	0	0	0	1
1	2	B	40000	100000	0	0	0	0	0	0	0	0	0	0	1
1	3	G	40000	96260	3.74	0.718	3740	5468	0	0	0	5458	6	4	5468
1	3	A	40000	96688	3.312	0.676	3312	2636	0	0	0	2626	6	4	2636
1	3	B	40000	96408	3.592	0.76	3592	2832	0	0	0	2832	0	0	2832
1	4	G	40000	680	99.32	96.1465	99320	4042	287	0	0	1931	1474	350	3622
1	4	A	40000	2162	97.838	95.559	97838	2279	94	0	0	934	1125	126	2120
1	4	B	40000	1503	98.497	96.734	98497	1763	193	0	0	997	349	224	1502
1	4	cSpy was 27 spamed and the readout avoided!
1	5	G	40000	44041	55.959	14.9415	55959	41312	10	0	0	34766	6504	32	41300
1	5	A	40000	71947	28.053	5.475	28053	22578	0	0	0	18831	3718	29	22577
1	5	B	40000	56858	43.142	24.408	43142	18734	10	0	0	15935	2786	3	18723
1	6	G	40000	100000	0	0	0	0	0	0	0	0	0	0	2
1	6	A	40000	100000	0	0	0	0	0	0	0	0	0	0	1
1	6	B	40000	100000	0	0	0	0	0	0	0	0	0	0	1
1	7	G	40000	99709	0.291002	0.103	291	294	0	0	0	294	0	0	296
1	7	A	40000	99765	0.234997	0.098	235	137	0	0	0	137	0	0	138
1	7	B	40000	99735	0.265002	0.108	265	157	0	0	0	157	0	0	158
2	0	G	40000	2361	97.639	48.37	97639	4088	48	0	0	3868	103	69	4008
2	0	A	40000	2396	97.604	95.166	97604	2438	48	0	0	2218	103	69	2357
2	0	B	40000	96776	3.224	1.574	3224	1650	0	0	0	1650	0	0	1651
2	1	G	40000	99932	0.0680029	0.003	68	130	0	0	0	130	0	0	132
2	1	A	40000	99932	0.0680029	0.003	68	65	0	0	0	65	0	0	66
2	1	B	40000	99932	0.0680029	0.003	68	65	0	0	0	65	0	0	66
2	2	G	40000	37470	62.53	40.386	62530	26893	538	5	0	24557	1235	558	26375
2	2	A	40000	49194	50.806	38.229	50806	12577	270	3	0	10748	1188	368	12289
2	2	B	40000	43141	56.859	42.543	56859	14316	268	2	0	13809	47	190	14086
2	3	G	40000	4665	95.335	76.2725	95335	22949	65	1	0	19634	3148	101	22846
2	3	A	40000	15427	84.573	70.09	84573	14483	5	0	0	12115	2285	78	14428
2	3	B	40000	9079	90.921	82.455	90921	8466	60	1	0	7519	863	23	8418
2	3	cSpy was 9 spamed and the readout avoided!
2	4	G	40000	100000	0	0	0	0	0	0	0	0	0	0	2
2	4	A	40000	100000	0	0	0	0	0	0	0	0	0	0	1
2	4	B	40000	100000	0	0	0	0	0	0	0	0	0	0	1
2	5	G	40000	100000	0	0	0	0	0	0	0	0	0	0	2
2	5	A	40000	100000	0	0	0	0	0	0	0	0	0	0	1
2	5	B	40000	100000	0	0	0	0	0	0	0	0	0	0	1
2	6	G	40000	33626	66.374	39.4635	66374	31104	54	0	0	29225	1457	368	31036
2	6	A	40000	48540	51.46	36.711	51460	14749	35	0	0	13003	1359	352	14692
2	6	B	40000	41429	58.571	42.216	58571	16355	19	0	0	16222	98	16	16344
2	7	G	40000	0	100	100	100000	200000	200000	200000	200000	200000	200000	200000	200002
2	7	A	40000	0	100	100	100000	100000	100000	100000	100000	100000	100000	100000	100001
2	7	B	40000	0	100	100	100000	100000	100000	100000	100000	100000	100000	100000	100001
3	0	G	40000	955	99.045	71.159	99045	20654	280	3	0	19287	417	667	20057
3	0	A	40000	1559	98.441	96.33	98441	2111	232	0	0	1206	19	654	1546
3	0	B	40000	35469	64.531	45.988	64531	18543	48	3	0	18081	398	13	18511
3	0	cSpy was 8 spamed and the readout avoided!
3	1	G	40000	0	100	100	100000	200000	200000	200000	200000	200000	200000	200000	200002
3	1	A	40000	0	100	100	100000	100000	100000	100000	100000	100000	100000	100000	100001
3	1	B	40000	0	100	100	100000	100000	100000	100000	100000	100000	100000	100000	100001
3	2	G	40000	98834	1.166	0.021	1166	2288	0	0	0	2288	0	0	2290
3	2	A	40000	98834	1.166	0.021	1166	1145	0	0	0	1145	0	0	1146
3	2	B	40000	98836	1.164	0.021	1164	1143	0	0	0	1143	0	0	1144
3	3	G	40000	100000	0	0	0	0	0	0	0	0	0	0	2
3	3	A	40000	100000	0	0	0	0	0	0	0	0	0	0	1
3	3	B	40000	100000	0	0	0	0	0	0	0	0	0	0	1
3	4	G	40000	90876	9.124	1.7855	9124	13332	0	0	0	13317	12	3	13334
3	4	A	40000	91624	8.376	1.681	8376	6695	0	0	0	6682	10	3	6696
3	4	B	40000	91473	8.527	1.89	8527	6637	0	0	0	6635	2	0	6638
3	5	G	40000	0	100	100	100000	200000	200000	200000	200000	200000	200000	200000	200002
3	5	A	40000	0	100	100	100000	100000	100000	100000	100000	100000	100000	100000	100001
3	5	B	40000	0	100	100	100000	100000	100000	100000	100000	100000	100000	100000	100001
3	6	G	40000	58447	41.553	10.495	41553	44001	12	3	0	40651	3312	23	43993
3	6	A	40000	66999	33.001	10.276	33001	22725	6	0	0	19832	2867	20	22721
3	6	B	40000	68010	31.99	10.714	31990	21276	6	3	0	20819	445	3	21272
3	6	cSpy was 7 spamed and the readout avoided!
3	7	G	40000	100000	0	0	0	0	0	0	0	0	0	0	2
3	7	A	40000	100000	0	0	0	0	0	0	0	0	0	0	1
3	7	B	40000	100000	0	0	0	0	0	0	0	0	0	0	1
4	0	G	40000	1028	98.972	65.4405	98972	29383	118	0	0	26546	2573	146	29200
4	0	A	40000	1857	98.143	96.14	98143	2003	72	0	0	1242	558	131	1851
4	0	B	40000	37879	62.121	34.741	62121	27380	46	0	0	25304	2015	15	27349
4	0	cSpy was 2 spamed and the readout avoided!
4	1	G	40000	100000	0	0	0	0	0	0	0	0	0	0	2
4	1	A	40000	100000	0	0	0	0	0	0	0	0	0	0	1
4	1	B	40000	100000	0	0	0	0	0	0	0	0	0	0	1
4	2	G	40000	98176	1.824	0.772	1824	1548	0	0	0	1543	1	4	1549
4	2	A	40000	98450	1.55	0.79	1550	760	0	0	0	756	1	3	760
4	2	B	40000	98458	1.542	0.754	1542	788	0	0	0	787	0	1	789
4	3	G	40000	19641	80.359	58.971	80359	34145	802	0	0	32627	113	603	33077
4	3	A	40000	23650	76.35	59.231	76350	17119	389	0	0	16302	2	426	16412
4	3	B	40000	24263	75.737	58.711	75737	17026	413	0	0	16325	111	177	16665
4	3	cSpy was 8 spamed and the readout avoided!
4	4	G	40000	5771	94.229	79.5535	94229	19389	258	19	0	16973	1644	498	18928
4	4	A	40000	10456	89.544	80.17	89544	9374	97	9	0	8014	901	353	9112
4	4	B	40000	11048	88.952	78.937	88952	10015	161	10	0	8959	743	145	9816
4	4	cSpy was 83 spamed and the readout avoided!
4	5	G	40000	100000	0	0	0	0	0	0	0	0	0	0	2
4	5	A	40000	100000	0	0	0	0	0	0	0	0	0	0	1
4	5	B	40000	100000	0	0	0	0	0	0	0	0	0	0	1
4	6	G	40000	100000	0	0	0	0	0	0	0	0	0	0	2
4	6	A	40000	100000	0	0	0	0	0	0	0	0	0	0	1
4	6	B	40000	100000	0	0	0	0	0	0	0	0	0	0	1
4	7	G	40000	25782	74.218	49.989	74218	37560	296	2	0	36974	7	281	37213
4	7	A	40000	31145	68.855	50.114	68855	18741	142	2	0	18379	3	215	18490
4	7	B	40000	31317	68.683	49.864	68683	18819	154	0	0	18595	4	66	18723
4	7	cSpy was 11 spamed and the readout avoided!
5	0	G	40000	497	99.503	56.8925	99503	14702	146	0	0	13608	105	843	14139
5	0	A	40000	603	99.397	98.231	99397	1166	146	0	0	82	100	838	603
5	0	B	40000	70910	29.09	15.554	29090	13536	0	0	0	13526	5	5	13536
5	0	cSpy was 55 spamed and the readout avoided!
5	1	G	40000	74454	25.546	10.3095	25546	24454	8	0	0	24407	3	36	24447
5	1	A	40000	77418	22.582	10.495	22582	12087	4	0	0	12047	3	33	12082
5	1	B	40000	77509	22.491	10.124	22491	12367	4	0	0	12360	0	3	12365
5	2	G	40000	30	99.97	98.199	99970	1966	145	3	0	1117	358	343	1625
5	2	A	40000	63	99.937	99.683	99937	254	2	0	0	24	7	221	63
5	2	B	40000	1573	98.427	96.715	98427	1712	143	3	0	1093	351	122	1562
5	2	cSpy was 38 spamed and the readout avoided!
5	3	G	40000	95678	4.322	0.065	4322	8375	0	0	0	8255	120	0	8377
5	3	A	40000	95686	4.314	0.065	4314	4249	0	0	0	4137	112	0	4250
5	3	B	40000	95809	4.191	0.065	4191	4126	0	0	0	4118	8	0	4127
5	4	G	40000	100000	0	0	0	0	0	0	0	0	0	0	2
5	4	A	40000	100000	0	0	0	0	0	0	0	0	0	0	1
5	4	B	40000	100000	0	0	0	0	0	0	0	0	0	0	1
5	5	G	40000	92369	7.631	3.7005	7631	6724	8	1	0	6706	0	9	6719
5	5	A	40000	92911	7.089	3.748	7089	3341	4	1	0	3327	0	9	3335
5	5	B	40000	92964	7.036	3.653	7036	3383	4	0	0	3379	0	0	3384
5	6	G	40000	0	100	100	100000	200000	200000	200000	200000	200000	200000	200000	200002
5	6	A	40000	0	100	100	100000	100000	100000	100000	100000	100000	100000	100000	100001
5	6	B	40000	0	100	100	100000	100000	100000	100000	100000	100000	100000	100000	100001
5	7	G	40000	19349	80.651	32.759	80651	61448	0	0	0	53980	7300	168	61376
5	7	A	40000	34931	65.069	35.713	65069	29356	0	0	0	25023	4166	167	29283
5	7	B	40000	38103	61.897	29.805	61897	32092	0	0	0	28957	3134	1	32093
5	7	cSpy was 7 spamed and the readout avoided!
6	0	G	40000	418	99.582	96.939	99582	3321	337	1	0	1594	849	540	2797
6	0	A	40000	1007	98.993	97.592	98993	1401	178	0	0	202	565	456	1007
6	0	B	40000	1794	98.206	96.286	98206	1920	159	1	0	1392	284	84	1790
6	0	cSpy was 77 spamed and the readout avoided!
6	1	G	40000	0	100	100	100000	200000	200000	200000	200000	200000	200000	200000	200002
6	1	A	40000	0	100	100	100000	100000	100000	100000	100000	100000	100000	100000	100001
6	1	B	40000	0	100	100	100000	100000	100000	100000	100000	100000	100000	100000	100001
6	2	G	40000	100000	0	0	0	0	0	0	0	0	0	0	2
6	2	A	40000	100000	0	0	0	0	0	0	0	0	0	0	1
6	2	B	40000	100000	0	0	0	0	0	0	0	0	0	0	1
6	3	G	40000	99577	0.423002	0.0465	423	672	0	0	0	670	2	0	674
6	3	A	40000	99610	0.389999	0.054	390	336	0	0	0	334	2	0	337
6	3	B	40000	99625	0.375003	0.039	375	336	0	0	0	336	0	0	337
6	4	G	40000	20595	79.405	58.3915	79405	34417	766	0	0	32914	156	581	33390
6	4	A	40000	24125	75.875	58.663	75875	17212	368	0	0	16432	5	407	16531
6	4	B	40000	24675	75.325	58.12	75325	17205	398	0	0	16482	151	174	16859
6	4	cSpy was 77 spamed and the readout avoided!
6	5	G	40000	4382	95.618	92.898	95618	3713	164	1	0	2656	259	633	3191
6	5	A	40000	4951	95.049	93.314	95049	1735	20	0	0	1111	126	478	1401
6	5	B	40000	5540	94.46	92.482	94460	1978	144	1	0	1545	133	155	1790
6	5	cSpy was 86 spamed and the readout avoided!
6	6	G	40000	100000	0	0	0	0	0	0	0	0	0	0	2
6	6	A	40000	100000	0	0	0	0	0	0	0	0	0	0	1
6	6	B	40000	100000	0	0	0	0	0	0	0	0	0	0	1
6	7	G	40000	100000	0	0	0	0	0	0	0	0	0	0	2
6	7	A	40000	100000	0	0	0	0	0	0	0	0	0	0	1
6	7	B	40000	100000	0	0	0	0	0	0	0	0	0	0	1
7	0	G	40000	1949	98.051	48.056	98051	3527	220	0	0	2663	75	569	3011
7	0	A	40000	1980	98.02	95.543	98020	2477	220	0	0	1613	75	569	1960
7	0	B	40000	98381	1.619	0.569	1619	1050	0	0	0	1050	0	0	1051
7	0	cSpy was 3 spamed and the readout avoided!
7	1	G	40000	100000	0	0	0	0	0	0	0	0	0	0	2
7	1	A	40000	100000	0	0	0	0	0	0	0	0	0	0	1
7	1	B	40000	100000	0	0	0	0	0	0	0	0	0	0	1
7	2	G	40000	95692	4.308	1.1455	4308	4489	4	5	0	4428	42	10	4489
7	2	A	40000	96512	3.488	1.271	3488	2217	4	5	0	2182	16	10	2216
7	2	B	40000	96708	3.292	1.02	3292	2272	0	0	0	2246	26	0	2273
7	3	G	40000	0	100	100	100000	200000	200000	200000	200000	200000	200000	200000	200002
7	3	A	40000	0	100	100	100000	100000	100000	100000	100000	100000	100000	100000	100001
7	3	B	40000	0	100	100	100000	100000	100000	100000	100000	100000	100000	100000	100001
7	4	G	40000	67359	32.641	7.715	32641	39850	0	0	0	36092	3675	83	39820
7	4	A	40000	70507	29.493	7.81	29493	21683	0	0	0	18597	3003	83	21652
7	4	B	40000	74213	25.787	7.62	25787	18167	0	0	0	17495	672	0	18168
7	5	G	40000	100000	0	0	0	0	0	0	0	0	0	0	2
7	5	A	40000	100000	0	0	0	0	0	0	0	0	0	0	1
7	5	B	40000	100000	0	0	0	0	0	0	0	0	0	0	1
7	6	G	40000	98026	1.974	0.5485	1974	1881	1	1	0	1856	17	6	1881
7	6	A	40000	98466	1.534	0.608	1534	926	1	1	0	909	9	6	925
7	6	B	40000	98556	1.444	0.489	1444	955	0	0	0	947	8	0	956
7	7	G	40000	58314	41.686	15.656	41686	37614	43	75	0	36721	580	195	37503
7	7	A	40000	64624	35.376	16.199	35376	19177	43	75	0	18640	225	194	19066
7	7	B	40000	66450	33.55	15.113	33550	18437	0	0	0	18081	355	1	18437
7	7	cSpy was 8 spamed and the readout avoided!
