#the gain was set to: 2	the bias was set to: 30
#Sent triggers per delay setting: 100000	and with a frequency [Hz] of: 40000
#160MHz delay setting	400MHz delay setting	Frequency	correct transmitted H+T		error rate [%]	uncertainty [%]	bad or missed events	error count	missing headers	missing trailers	flipped H/T	event nr errors	tbm missed trigger	unknown errors	event nr resets
0	0	G	40000	423	99.577	72.3615	99577	19022	127	0	0	17986	309	600	18512
0	0	A	40000	659	99.341	98.183	99341	1158	105	0	0	194	269	590	659
0	0	B	40000	35596	64.404	46.54	64404	17864	22	0	0	17792	40	10	17853
0	0	cSpy was 23 spamed and the readout avoided!
0	1	G	40000	27492	72.508	51.3615	72508	27292	235	0	0	26454	33	570	27075
0	1	A	40000	37594	62.406	50.7	62406	11706	122	0	0	11102	14	468	11563
0	1	B	40000	32391	67.609	52.023	67609	15586	113	0	0	15352	19	102	15512
0	2	G	40000	4323	95.677	79.5525	95677	20218	107	2	0	16902	2784	423	19921
0	2	A	40000	8477	91.523	83.222	91523	8301	73	0	0	6430	1391	407	8029
0	2	B	40000	12200	87.8	75.883	87800	11917	34	2	0	10472	1393	16	11892
0	2	cSpy was 9 spamed and the readout avoided!
0	3	G	40000	100000	0	0	0	0	0	0	0	0	0	0	2
0	3	A	40000	100000	0	0	0	0	0	0	0	0	0	0	1
0	3	B	40000	100000	0	0	0	0	0	0	0	0	0	0	1
0	4	G	40000	100000	0	0	0	0	0	0	0	0	0	0	2
0	4	A	40000	100000	0	0	0	0	0	0	0	0	0	0	1
0	4	B	40000	100000	0	0	0	0	0	0	0	0	0	0	1
0	5	G	40000	55150	44.85	27.2545	44850	23489	11	0	0	23098	117	263	23450
0	5	A	40000	62523	37.477	26.809	37477	10668	8	0	0	10346	57	257	10629
0	5	B	40000	59479	40.521	27.7	40521	12821	3	0	0	12752	60	6	12821
0	6	G	40000	0	100	100	100000	200000	200000	200000	200000	200000	200000	200000	200002
0	6	A	40000	0	100	100	100000	100000	100000	100000	100000	100000	100000	100000	100001
0	6	B	40000	0	100	100	100000	100000	100000	100000	100000	100000	100000	100000	100001
0	7	G	40000	97779	2.221	0.406	2221	3465	0	0	0	3444	21	0	3467
0	7	A	40000	97888	2.112	0.386	2112	1726	0	0	0	1722	4	0	1727
0	7	B	40000	97835	2.165	0.426	2165	1739	0	0	0	1722	17	0	1740
1	0	G	40000	297	99.703	97.611	99703	2593	201	0	0	1771	178	443	2173
1	0	A	40000	1470	98.53	96.694	98530	1836	182	0	0	1146	116	392	1459
1	0	B	40000	715	99.285	98.528	99285	757	19	0	0	625	62	51	714
1	0	cSpy was 24 spamed and the readout avoided!
1	1	G	40000	97293	2.707	0.4565	2707	4157	0	0	0	4120	37	0	4159
1	1	A	40000	97509	2.491	0.416	2491	2075	0	0	0	2059	16	0	2076
1	1	B	40000	97421	2.579	0.497	2579	2082	0	0	0	2061	21	0	2083
1	2	G	40000	100000	0	0	0	0	0	0	0	0	0	0	2
1	2	A	40000	100000	0	0	0	0	0	0	0	0	0	0	1
1	2	B	40000	100000	0	0	0	0	0	0	0	0	0	0	1
1	3	G	40000	96863	3.137	0.638	3137	4347	0	0	0	4326	13	8	4348
1	3	A	40000	97290	2.71	0.567	2710	2143	0	0	0	2132	5	6	2143
1	3	B	40000	97087	2.913	0.709	2913	2204	0	0	0	2194	8	2	2205
1	4	G	40000	0	100	100	100000	200000	200000	200000	200000	200000	200000	200000	200002
1	4	A	40000	0	100	100	100000	100000	100000	100000	100000	100000	100000	100000	100001
1	4	B	40000	0	100	100	100000	100000	100000	100000	100000	100000	100000	100000	100001
1	5	G	40000	48246	51.754	13.0645	51754	39201	1	0	0	34404	4793	3	39201
1	5	A	40000	74050	25.95	3.723	25950	22227	0	0	0	19064	3162	1	22228
1	5	B	40000	60620	39.38	22.406	39380	16974	1	0	0	15340	1631	2	16973
1	6	G	40000	100000	0	0	0	0	0	0	0	0	0	0	2
1	6	A	40000	100000	0	0	0	0	0	0	0	0	0	0	1
1	6	B	40000	100000	0	0	0	0	0	0	0	0	0	0	1
1	7	G	40000	99999	0.00100136	0	1	2	0	0	0	2	0	0	4
1	7	A	40000	99999	0.00100136	0	1	1	0	0	0	1	0	0	2
1	7	B	40000	99999	0.00100136	0	1	1	0	0	0	1	0	0	2
2	0	G	40000	2375	97.625	48.3075	97625	4042	45	1	0	3817	115	64	3965
2	0	A	40000	2427	97.573	95.108	97573	2465	45	1	0	2240	115	64	2387
2	0	B	40000	96916	3.084	1.507	3084	1577	0	0	0	1577	0	0	1578
2	1	G	40000	99285	0.714999	0.2295	715	808	0	0	0	802	3	3	810
2	1	A	40000	99390	0.61	0.22	610	390	0	0	0	384	3	3	391
2	1	B	40000	99343	0.656998	0.239	657	418	0	0	0	418	0	0	419
2	2	G	40000	27219	72.781	51.2545	72781	25942	724	0	0	23186	1337	695	25334
2	2	A	40000	39229	60.771	49.317	60771	11454	404	0	0	9835	741	474	11071
2	2	B	40000	32320	67.68	53.192	67680	14488	320	0	0	13351	596	221	14263
2	3	G	40000	4243	95.757	76.238	95757	23278	102	30	1	19661	3229	256	23062
2	3	A	40000	15102	84.898	70.327	84898	14571	33	0	0	12396	1970	172	14450
2	3	B	40000	9144	90.856	82.149	90856	8707	69	30	1	7265	1259	84	8612
2	3	cSpy was 14 spamed and the readout avoided!
2	4	G	40000	100000	0	0	0	0	0	0	0	0	0	0	2
2	4	A	40000	100000	0	0	0	0	0	0	0	0	0	0	1
2	4	B	40000	100000	0	0	0	0	0	0	0	0	0	0	1
2	5	G	40000	100000	0	0	0	0	0	0	0	0	0	0	2
2	5	A	40000	100000	0	0	0	0	0	0	0	0	0	0	1
2	5	B	40000	100000	0	0	0	0	0	0	0	0	0	0	1
2	6	G	40000	41388	58.612	35.3465	58612	27122	37	0	0	26057	722	306	27076
2	6	A	40000	54220	45.78	33.58	45780	12200	26	0	0	11244	628	302	12159
2	6	B	40000	47965	52.035	37.113	52035	14922	11	0	0	14813	94	4	14917
2	7	G	40000	0	100	100	100000	200000	200000	200000	200000	200000	200000	200000	200002
2	7	A	40000	0	100	100	100000	100000	100000	100000	100000	100000	100000	100000	100001
2	7	B	40000	0	100	100	100000	100000	100000	100000	100000	100000	100000	100000	100001
3	0	G	40000	1090	98.91	67.0255	98910	16280	257	2	0	15108	283	630	15694
3	0	A	40000	1533	98.467	96.4	98467	2067	207	0	0	1223	29	608	1519
3	0	B	40000	48136	51.864	37.651	51864	14213	50	2	0	13885	254	22	14175
3	0	cSpy was 14 spamed and the readout avoided!
3	1	G	40000	0	100	100	100000	200000	200000	200000	200000	200000	200000	200000	200002
3	1	A	40000	0	100	100	100000	100000	100000	100000	100000	100000	100000	100000	100001
3	1	B	40000	0	100	100	100000	100000	100000	100000	100000	100000	100000	100000	100001
3	2	G	40000	75510	24.49	6.417	24490	23563	4	4	0	21292	2235	28	23553
3	2	A	40000	81937	18.063	6.373	18063	11690	3	1	0	10082	1577	27	11681
3	2	B	40000	81666	18.334	6.461	18334	11873	1	3	0	11210	658	1	11872
3	2	cSpy was 4 spamed and the readout avoided!
3	3	G	40000	100000	0	0	0	0	0	0	0	0	0	0	2
3	3	A	40000	100000	0	0	0	0	0	0	0	0	0	0	1
3	3	B	40000	100000	0	0	0	0	0	0	0	0	0	0	1
3	4	G	40000	96921	3.079	0.4995	3079	4793	0	0	0	4788	4	1	4795
3	4	A	40000	97130	2.87	0.468	2870	2402	0	0	0	2397	4	1	2403
3	4	B	40000	97078	2.922	0.531	2922	2391	0	0	0	2391	0	0	2392
3	5	G	40000	0	100	100	100000	200000	200000	200000	200000	200000	200000	200000	200002
3	5	A	40000	0	100	100	100000	100000	100000	100000	100000	100000	100000	100000	100001
3	5	B	40000	0	100	100	100000	100000	100000	100000	100000	100000	100000	100000	100001
3	6	G	40000	44736	55.264	30.543	55264	35445	48	6	0	32604	2650	137	35338
3	6	A	40000	51151	48.849	30.605	48849	18244	8	0	0	15899	2263	74	18197
3	6	B	40000	52318	47.682	30.481	47682	17201	40	6	0	16705	387	63	17141
3	6	cSpy was 35 spamed and the readout avoided!
3	7	G	40000	100000	0	0	0	0	0	0	0	0	0	0	2
3	7	A	40000	100000	0	0	0	0	0	0	0	0	0	0	1
3	7	B	40000	100000	0	0	0	0	0	0	0	0	0	0	1
4	0	G	40000	957	99.043	70.394	99043	25534	162	10	0	22064	3009	289	25239
4	0	A	40000	1620	98.38	96.523	98380	1857	97	6	0	988	510	256	1613
4	0	B	40000	32058	67.942	44.265	67942	23677	65	4	0	21076	2499	33	23626
4	0	cSpy was 81 spamed and the readout avoided!
4	1	G	40000	100000	0	0	0	0	0	0	0	0	0	0	2
4	1	A	40000	100000	0	0	0	0	0	0	0	0	0	0	1
4	1	B	40000	100000	0	0	0	0	0	0	0	0	0	0	1
4	2	G	40000	99943	0.0569999	0.0005	57	112	0	0	0	112	0	0	114
4	2	A	40000	99943	0.0569999	0.001	57	56	0	0	0	56	0	0	57
4	2	B	40000	99944	0.0559986	0	56	56	0	0	0	56	0	0	57
4	3	G	40000	24386	75.614	53.855	75614	35150	659	0	0	33862	126	503	34279
4	3	A	40000	28360	71.64	54.089	71640	17551	319	0	0	16870	1	361	16967
4	3	B	40000	28780	71.22	53.621	71220	17599	340	0	0	16992	125	142	17312
4	3	cSpy was 6 spamed and the readout avoided!
4	4	G	40000	4325	95.675	83.216	95675	16692	250	22	1	14664	1293	462	16259
4	4	A	40000	8136	91.864	83.66	91864	8204	135	13	0	7045	621	390	7873
4	4	B	40000	8740	91.26	82.772	91260	8488	115	9	1	7619	672	72	8386
4	4	cSpy was 46 spamed and the readout avoided!
4	5	G	40000	100000	0	0	0	0	0	0	0	0	0	0	2
4	5	A	40000	100000	0	0	0	0	0	0	0	0	0	0	1
4	5	B	40000	100000	0	0	0	0	0	0	0	0	0	0	1
4	6	G	40000	100000	0	0	0	0	0	0	0	0	0	0	2
4	6	A	40000	100000	0	0	0	0	0	0	0	0	0	0	1
4	6	B	40000	100000	0	0	0	0	0	0	0	0	0	0	1
4	7	G	40000	48235	51.765	28.9745	51765	34998	44	0	0	34877	4	73	34954
4	7	A	40000	53560	46.44	29.149	46440	17291	21	0	0	17194	4	72	17249
4	7	B	40000	53493	46.507	28.8	46507	17707	23	0	0	17683	0	1	17705
4	7	cSpy was 4 spamed and the readout avoided!
5	0	G	40000	490	99.51	57.092	99510	14980	137	0	0	13907	102	834	14437
5	0	A	40000	597	99.403	98.262	99403	1141	137	0	0	78	92	834	597
5	0	B	40000	70239	29.761	15.922	29761	13839	0	0	0	13829	10	0	13840
5	0	cSpy was 65 spamed and the readout avoided!
5	1	G	40000	74578	25.422	10.9805	25422	22676	22	0	0	22604	4	46	22660
5	1	A	40000	77632	22.368	11.17	22368	11198	11	0	0	11141	4	42	11184
5	1	B	40000	77731	22.269	10.791	22269	11478	11	0	0	11463	0	4	11476
5	1	cSpy was 1 spamed and the readout avoided!
5	2	G	40000	17	99.983	99.0905	99983	1115	25	0	0	442	165	483	700
5	2	A	40000	47	99.953	99.578	99953	375	0	0	0	5	0	370	46
5	2	B	40000	657	99.343	98.603	99343	740	25	0	0	437	165	113	654
5	2	cSpy was 22 spamed and the readout avoided!
5	3	G	40000	96669	3.331	0.029	3331	6533	0	0	0	6476	57	0	6535
5	3	A	40000	96674	3.326	0.029	3326	3297	0	0	0	3245	52	0	3298
5	3	B	40000	96735	3.265	0.029	3265	3236	0	0	0	3231	5	0	3237
5	4	G	40000	100000	0	0	0	0	0	0	0	0	0	0	2
5	4	A	40000	100000	0	0	0	0	0	0	0	0	0	0	1
5	4	B	40000	100000	0	0	0	0	0	0	0	0	0	0	1
5	5	G	40000	94869	5.131	0.854	5131	7851	0	0	0	7851	0	0	7853
5	5	A	40000	95166	4.834	0.932	4834	3902	0	0	0	3902	0	0	3903
5	5	B	40000	95275	4.725	0.776	4725	3949	0	0	0	3949	0	0	3950
5	6	G	40000	4	99.996	97.394	99996	2706	228	4	0	1366	968	140	2499
5	6	A	40000	16	99.984	99.938	99984	46	0	0	0	3	2	41	16
5	6	B	40000	2490	97.51	94.85	97510	2660	228	4	0	1363	966	99	2483
5	6	cSpy was 52 spamed and the readout avoided!
5	7	G	40000	23030	76.97	23.7595	76970	68678	1	2	0	60357	8142	176	68596
5	7	A	40000	40276	59.724	26.878	59724	32846	1	2	0	27960	4707	176	32764
5	7	B	40000	43527	56.473	20.641	56473	35832	0	0	0	32397	3435	0	35832
5	7	cSpy was 4 spamed and the readout avoided!
6	0	G	40000	461	99.539	96.454	99539	3849	362	3	0	1847	1021	616	3232
6	0	A	40000	1170	98.83	97.198	98830	1632	177	0	0	236	682	537	1170
6	0	B	40000	2073	97.927	95.71	97927	2217	185	3	0	1611	339	79	2062
6	0	cSpy was 74 spamed and the readout avoided!
6	1	G	40000	9675	90.325	61.211	90325	37877	16	2	0	34013	3436	410	37647
6	1	A	40000	18686	81.314	63.257	81314	18057	1	2	0	15911	1747	396	17845
6	1	B	40000	21015	78.985	59.165	78985	19820	15	0	0	18102	1689	14	19802
6	1	cSpy was 5 spamed and the readout avoided!
6	2	G	40000	100000	0	0	0	0	0	0	0	0	0	0	2
6	2	A	40000	100000	0	0	0	0	0	0	0	0	0	0	1
6	2	B	40000	100000	0	0	0	0	0	0	0	0	0	0	1
6	3	G	40000	100000	0	0	0	0	0	0	0	0	0	0	2
6	3	A	40000	100000	0	0	0	0	0	0	0	0	0	0	1
6	3	B	40000	100000	0	0	0	0	0	0	0	0	0	0	1
6	4	G	40000	20433	79.567	58.656	79567	34258	809	0	0	32688	162	599	33167
6	4	A	40000	23929	76.071	58.931	76071	17140	391	0	0	16327	0	422	16420
6	4	B	40000	24501	75.499	58.381	75499	17118	418	0	0	16361	162	177	16747
6	4	cSpy was 8 spamed and the readout avoided!
6	5	G	40000	0	100	100	100000	200000	200000	200000	200000	200000	200000	200000	200002
6	5	A	40000	0	100	100	100000	100000	100000	100000	100000	100000	100000	100000	100001
6	5	B	40000	0	100	100	100000	100000	100000	100000	100000	100000	100000	100000	100001
6	6	G	40000	100000	0	0	0	0	0	0	0	0	0	0	2
6	6	A	40000	100000	0	0	0	0	0	0	0	0	0	0	1
6	6	B	40000	100000	0	0	0	0	0	0	0	0	0	0	1
6	7	G	40000	100000	0	0	0	0	0	0	0	0	0	0	2
6	7	A	40000	100000	0	0	0	0	0	0	0	0	0	0	1
6	7	B	40000	100000	0	0	0	0	0	0	0	0	0	0	1
7	0	G	40000	1915	98.085	48.096	98085	3428	204	0	0	2578	82	564	2932
7	0	A	40000	1931	98.069	95.659	98069	2410	204	0	0	1560	82	564	1913
7	0	B	40000	98449	1.551	0.533	1551	1018	0	0	0	1018	0	0	1019
7	0	cSpy was 1 spamed and the readout avoided!
7	1	G	40000	100000	0	0	0	0	0	0	0	0	0	0	2
7	1	A	40000	100000	0	0	0	0	0	0	0	0	0	0	1
7	1	B	40000	100000	0	0	0	0	0	0	0	0	0	0	1
7	2	G	40000	98159	1.841	0.1485	1841	3252	0	0	0	3237	14	1	3254
7	2	A	40000	98202	1.798	0.173	1798	1625	0	0	0	1613	11	1	1626
7	2	B	40000	98249	1.751	0.124	1751	1627	0	0	0	1624	3	0	1628
7	3	G	40000	0	100	100	100000	200000	200000	200000	200000	200000	200000	200000	200002
7	3	A	40000	0	100	100	100000	100000	100000	100000	100000	100000	100000	100000	100001
7	3	B	40000	0	100	100	100000	100000	100000	100000	100000	100000	100000	100000	100001
7	4	G	40000	56060	43.94	26.247	43940	28863	46	0	0	25954	2780	83	28805
7	4	A	40000	57688	42.312	26.766	42312	15546	0	0	0	13290	2188	68	15517
7	4	B	40000	60955	39.045	25.728	39045	13317	46	0	0	12664	592	15	13288
7	4	cSpy was 9 spamed and the readout avoided!
7	5	G	40000	100000	0	0	0	0	0	0	0	0	0	0	2
7	5	A	40000	100000	0	0	0	0	0	0	0	0	0	0	1
7	5	B	40000	100000	0	0	0	0	0	0	0	0	0	0	1
7	6	G	40000	99990	0.0100017	0	10	20	0	0	0	20	0	0	22
7	6	A	40000	99990	0.0100017	0	10	10	0	0	0	10	0	0	11
7	6	B	40000	99990	0.0100017	0	10	10	0	0	0	10	0	0	11
7	7	G	40000	58167	41.833	16.2	41833	38117	23	32	0	37202	642	218	38003
7	7	A	40000	63923	36.077	16.661	36077	19416	22	32	0	18882	262	218	19302
7	7	B	40000	65560	34.44	15.739	34440	18701	1	0	0	18320	380	0	18701
7	7	cSpy was 7 spamed and the readout avoided!
