#the gain was set to: 2	the bias was set to: 30
#Sent triggers per delay setting: 100000	and with a frequency [Hz] of: 40000
#160MHz delay setting	400MHz delay setting	Frequency	correct transmitted H+T		error rate [%]	uncertainty [%]	bad or missed events	error count	missing headers	missing trailers	flipped H/T	event nr errors	tbm missed trigger	unknown errors	event nr resets
0	0	G	40000	392	99.608	74.1545	99608	18678	94	0	0	17622	319	643	18139
0	0	A	40000	580	99.42	98.309	99420	1111	78	0	0	141	255	637	580
0	0	B	40000	32433	67.567	50	67567	17567	16	0	0	17481	64	6	17559
0	0	cSpy was 26 spamed and the readout avoided!
0	1	G	40000	34594	65.406	47.782	65406	23608	298	0	0	22382	405	523	23381
0	1	A	40000	42663	57.337	47.263	57337	10074	159	0	0	9494	2	419	9917
0	1	B	40000	38165	61.835	48.301	61835	13534	139	0	0	12888	403	104	13464
0	2	G	40000	6220	93.78	73.4975	93780	26000	54	3	0	22408	3324	211	25858
0	2	A	40000	14987	85.013	70.663	85013	14350	18	0	0	11922	2214	196	14238
0	2	B	40000	12018	87.982	76.332	87982	11650	36	3	0	10486	1110	15	11620
0	2	cSpy was 9 spamed and the readout avoided!
0	3	G	40000	100000	0	0	0	0	0	0	0	0	0	0	2
0	3	A	40000	100000	0	0	0	0	0	0	0	0	0	0	1
0	3	B	40000	100000	0	0	0	0	0	0	0	0	0	0	1
0	4	G	40000	100000	0	0	0	0	0	0	0	0	0	0	2
0	4	A	40000	100000	0	0	0	0	0	0	0	0	0	0	1
0	4	B	40000	100000	0	0	0	0	0	0	0	0	0	0	1
0	5	G	40000	32636	67.364	47.241	67364	27114	52	0	0	26417	206	439	27052
0	5	A	40000	41448	58.552	46.702	58552	11850	32	0	0	11384	13	421	11799
0	5	B	40000	36956	63.044	47.78	63044	15264	20	0	0	15033	193	18	15253
0	6	G	40000	2316	97.684	87.558	97684	12367	154	2	0	10117	1706	388	12050
0	6	A	40000	4652	95.348	90.673	95348	4675	74	0	0	3358	900	343	4422
0	6	B	40000	7865	92.135	84.443	92135	7692	80	2	0	6759	806	45	7628
0	6	cSpy was 5 spamed and the readout avoided!
0	7	G	40000	75476	24.524	16.4465	24524	9923	23	4	0	8465	1401	30	9896
0	7	A	40000	79866	20.134	14.009	20134	6125	2	0	0	5153	951	19	6109
0	7	B	40000	77318	22.682	18.884	22682	3798	21	4	0	3312	450	11	3787
0	7	cSpy was 4 spamed and the readout avoided!
1	0	G	40000	273	99.727	97.294	99727	2825	197	2	0	2134	212	280	2522
1	0	A	40000	2005	97.995	95.782	97995	2213	180	2	0	1623	163	245	1940
1	0	B	40000	582	99.418	98.806	99418	612	17	0	0	511	49	35	582
1	0	cSpy was 24 spamed and the readout avoided!
1	1	G	40000	99771	0.229001	0	229	458	0	0	0	458	0	0	460
1	1	A	40000	99771	0.229001	0	229	229	0	0	0	229	0	0	230
1	1	B	40000	99771	0.229001	0	229	229	0	0	0	229	0	0	230
1	2	G	40000	100000	0	0	0	0	0	0	0	0	0	0	2
1	2	A	40000	100000	0	0	0	0	0	0	0	0	0	0	1
1	2	B	40000	100000	0	0	0	0	0	0	0	0	0	0	1
1	3	G	40000	88431	11.569	3.5275	11569	13034	0	0	0	12989	28	17	13034
1	3	A	40000	90511	9.489	3.349	9489	6140	0	0	0	6096	27	17	6139
1	3	B	40000	89400	10.6	3.706	10600	6894	0	0	0	6893	1	0	6895
1	4	G	40000	1074	98.926	94.1615	98926	6029	454	9	0	4049	1116	401	5455
1	4	A	40000	3578	96.422	92.83	96422	3592	106	0	0	2410	923	153	3422
1	4	B	40000	2070	97.93	95.493	97930	2437	348	9	0	1639	193	248	2033
1	4	cSpy was 37 spamed and the readout avoided!
1	5	G	40000	91032	8.968	1.5475	8968	9267	0	0	0	8632	630	5	9269
1	5	A	40000	94517	5.483	0.903	5483	4580	0	0	0	4324	251	5	4581
1	5	B	40000	93121	6.879	2.192	6879	4687	0	0	0	4308	379	0	4688
1	6	G	40000	100000	0	0	0	0	0	0	0	0	0	0	2
1	6	A	40000	100000	0	0	0	0	0	0	0	0	0	0	1
1	6	B	40000	100000	0	0	0	0	0	0	0	0	0	0	1
1	7	G	40000	99813	0.186998	0.001	187	372	0	0	0	372	0	0	374
1	7	A	40000	99813	0.186998	0.001	187	186	0	0	0	186	0	0	187
1	7	B	40000	99813	0.186998	0.001	187	186	0	0	0	186	0	0	187
2	0	G	40000	2093	97.907	48.8185	97907	4237	46	0	0	3986	132	73	4152
2	0	A	40000	2131	97.869	95.681	97869	2188	46	0	0	1937	132	73	2102
2	0	B	40000	95995	4.005	1.956	4005	2049	0	0	0	2049	0	0	2050
2	0	cSpy was 1 spamed and the readout avoided!
2	1	G	40000	99341	0.659001	0.217	659	628	0	0	0	622	5	1	630
2	1	A	40000	99493	0.506997	0.197	507	310	0	0	0	305	4	1	311
2	1	B	40000	99445	0.555003	0.237	555	318	0	0	0	317	1	0	319
2	2	G	40000	20494	79.506	56.4315	79506	28305	889	5	0	25436	1180	795	27450
2	2	A	40000	32175	67.825	54.292	67825	13533	459	1	0	11760	798	515	13030
2	2	B	40000	26657	73.343	58.571	73343	14772	430	4	0	13676	382	280	14420
2	2	cSpy was 1 spamed and the readout avoided!
2	3	G	40000	15398	84.602	62.2395	84602	26430	158	0	0	23364	2694	214	26189
2	3	A	40000	28113	71.887	55.41	71887	16477	74	0	0	14186	2105	112	16361
2	3	B	40000	20978	79.022	69.069	79022	9953	84	0	0	9178	589	102	9828
2	3	cSpy was 20 spamed and the readout avoided!
2	4	G	40000	100000	0	0	0	0	0	0	0	0	0	0	2
2	4	A	40000	100000	0	0	0	0	0	0	0	0	0	0	1
2	4	B	40000	100000	0	0	0	0	0	0	0	0	0	0	1
2	5	G	40000	100000	0	0	0	0	0	0	0	0	0	0	2
2	5	A	40000	100000	0	0	0	0	0	0	0	0	0	0	1
2	5	B	40000	100000	0	0	0	0	0	0	0	0	0	0	1
2	6	G	40000	38264	61.736	41.3655	61736	24545	338	3	0	22442	1250	512	24231
2	6	A	40000	49465	50.535	39.138	50535	11397	176	1	0	9599	1242	379	11203
2	6	B	40000	43259	56.741	43.593	56741	13148	162	2	0	12843	8	133	13028
2	7	G	40000	949	99.051	94.2285	99051	5848	298	3	0	4559	684	304	5492
2	7	A	40000	3678	96.322	92.668	96322	3654	31	0	0	2964	473	186	3529
2	7	B	40000	2017	97.983	95.789	97983	2194	267	3	0	1595	211	118	1963
2	7	cSpy was 85 spamed and the readout avoided!
3	0	G	40000	695	99.305	81.503	99305	16610	311	4	0	15111	464	720	15946
3	0	A	40000	1263	98.737	96.906	98737	1831	213	1	0	918	50	649	1251
3	0	B	40000	19121	80.879	66.1	80879	14779	98	3	0	14193	414	71	14695
3	0	cSpy was 24 spamed and the readout avoided!
3	1	G	40000	0	100	100	100000	200000	200000	200000	200000	200000	200000	200000	200002
3	1	A	40000	0	100	100	100000	100000	100000	100000	100000	100000	100000	100000	100001
3	1	B	40000	0	100	100	100000	100000	100000	100000	100000	100000	100000	100000	100001
3	2	G	40000	80514	19.486	4.9505	19486	18768	2	1	0	16900	1851	14	18762
3	2	A	40000	85745	14.255	4.887	14255	9368	1	0	0	7980	1373	14	9362
3	2	B	40000	85586	14.414	5.014	14414	9400	1	1	0	8920	478	0	9400
3	2	cSpy was 2 spamed and the readout avoided!
3	3	G	40000	100000	0	0	0	0	0	0	0	0	0	0	2
3	3	A	40000	100000	0	0	0	0	0	0	0	0	0	0	1
3	3	B	40000	100000	0	0	0	0	0	0	0	0	0	0	1
3	4	G	40000	72774	27.226	11.946	27226	24181	8	0	0	24035	113	25	24175
3	4	A	40000	76101	23.899	11.711	23899	12188	4	0	0	12128	31	25	12182
3	4	B	40000	75826	24.174	12.181	24174	11993	4	0	0	11907	82	0	11993
3	5	G	40000	0	100	100	100000	200000	200000	200000	200000	200000	200000	200000	200002
3	5	A	40000	0	100	100	100000	100000	100000	100000	100000	100000	100000	100000	100001
3	5	B	40000	0	100	100	100000	100000	100000	100000	100000	100000	100000	100000	100001
3	6	G	40000	70163	29.837	23.694	29837	11301	53	0	0	10631	512	105	11195
3	6	A	40000	70281	29.719	24.146	29719	5573	0	0	0	5306	232	35	5540
3	6	B	40000	71030	28.97	23.242	28970	5728	53	0	0	5325	280	70	5655
3	6	cSpy was 92 spamed and the readout avoided!
3	7	G	40000	100000	0	0	0	0	0	0	0	0	0	0	2
3	7	A	40000	100000	0	0	0	0	0	0	0	0	0	0	1
3	7	B	40000	100000	0	0	0	0	0	0	0	0	0	0	1
4	0	G	40000	1023	98.977	66.158	98977	16587	303	7	1	14331	1351	594	15980
4	0	A	40000	1687	98.313	96.08	98313	2233	226	2	1	793	636	575	1683
4	0	B	40000	49410	50.59	36.236	50590	14354	77	5	0	13538	715	19	14297
4	0	cSpy was 35 spamed and the readout avoided!
4	1	G	40000	100000	0	0	0	0	0	0	0	0	0	0	2
4	1	A	40000	100000	0	0	0	0	0	0	0	0	0	0	1
4	1	B	40000	100000	0	0	0	0	0	0	0	0	0	0	1
4	2	G	40000	93982	6.018	3.7715	6018	3449	17	0	0	3414	1	17	3438
4	2	A	40000	94503	5.497	3.787	5497	1710	8	0	0	1687	1	14	1700
4	2	B	40000	94505	5.495	3.756	5495	1739	9	0	0	1727	0	3	1738
4	2	cSpy was 2 spamed and the readout avoided!
4	3	G	40000	18420	81.58	59.5845	81580	33779	778	1	0	32294	108	598	32735
4	3	A	40000	23181	76.819	59.901	76819	16918	384	1	0	16102	4	427	16221
4	3	B	40000	23871	76.129	59.268	76129	16861	394	0	0	16192	104	171	16514
4	3	cSpy was 6 spamed and the readout avoided!
4	4	G	40000	12521	87.479	56.559	87479	40516	80	7	0	36140	3962	327	40286
4	4	A	40000	22958	77.042	57.005	77042	20037	26	3	0	17347	2400	261	19890
4	4	B	40000	23408	76.592	56.113	76592	20479	54	4	0	18793	1562	66	20396
4	4	cSpy was 24 spamed and the readout avoided!
4	5	G	40000	100000	0	0	0	0	0	0	0	0	0	0	2
4	5	A	40000	100000	0	0	0	0	0	0	0	0	0	0	1
4	5	B	40000	100000	0	0	0	0	0	0	0	0	0	0	1
4	6	G	40000	100000	0	0	0	0	0	0	0	0	0	0	2
4	6	A	40000	100000	0	0	0	0	0	0	0	0	0	0	1
4	6	B	40000	100000	0	0	0	0	0	0	0	0	0	0	1
4	7	G	40000	29034	70.966	51.931	70966	31180	674	0	0	29870	128	508	30277
4	7	A	40000	32242	67.758	52.158	67758	15600	325	0	0	14919	0	356	14999
4	7	B	40000	32716	67.284	51.704	67284	15580	349	0	0	14951	128	152	15278
4	7	cSpy was 7 spamed and the readout avoided!
5	0	G	40000	470	99.53	58.2055	99530	16214	146	0	0	15122	103	843	15656
5	0	A	40000	581	99.419	98.279	99419	1140	146	0	0	60	91	843	581
5	0	B	40000	66794	33.206	18.132	33206	15074	0	0	0	15062	12	0	15075
5	0	cSpy was 44 spamed and the readout avoided!
5	1	G	40000	49517	50.483	27.689	50483	34857	61	0	0	34677	5	114	34797
5	1	A	40000	54911	45.089	27.878	45089	17211	30	0	0	17071	5	105	17163
5	1	B	40000	54854	45.146	27.5	45146	17646	31	0	0	17606	0	9	17634
5	1	cSpy was 3 spamed and the readout avoided!
5	2	G	40000	80	99.92	97.9515	99920	2409	107	1	0	1337	79	885	1677
5	2	A	40000	193	99.807	99.034	99807	773	0	0	0	25	2	746	192
5	2	B	40000	1495	98.505	96.869	98505	1636	107	1	0	1312	77	139	1485
5	2	cSpy was 74 spamed and the readout avoided!
5	3	G	40000	99844	0.155997	0	156	312	0	0	0	312	0	0	314
5	3	A	40000	99844	0.155997	0	156	156	0	0	0	156	0	0	157
5	3	B	40000	99844	0.155997	0	156	156	0	0	0	156	0	0	157
5	4	G	40000	100000	0	0	0	0	0	0	0	0	0	0	2
5	4	A	40000	100000	0	0	0	0	0	0	0	0	0	0	1
5	4	B	40000	100000	0	0	0	0	0	0	0	0	0	0	1
5	5	G	40000	92162	7.838	1.524	7838	11230	0	0	0	11226	2	2	11232
5	5	A	40000	92788	7.212	1.638	7212	5574	0	0	0	5570	2	2	5575
5	5	B	40000	92934	7.066	1.41	7066	5656	0	0	0	5656	0	0	5657
5	6	G	40000	3	99.997	97.8935	99997	2248	190	0	0	579	1240	239	1964
5	6	A	40000	6	99.994	99.885	99994	109	0	0	0	0	0	109	6
5	6	B	40000	1959	98.041	95.902	98041	2139	190	0	0	579	1240	130	1958
5	6	cSpy was 20 spamed and the readout avoided!
5	7	G	40000	58605	41.395	9.145	41395	47145	2	1	0	42531	4517	94	47107
5	7	A	40000	65249	34.751	9.434	34751	25317	2	1	0	21703	3518	93	25278
5	7	B	40000	69316	30.684	8.856	30684	21828	0	0	0	20828	999	1	21829
6	0	G	40000	706	99.294	95.1175	99294	5195	293	5	0	2662	1438	797	4556
6	0	A	40000	1481	98.519	96.506	98519	2013	158	0	0	195	908	752	1481
6	0	B	40000	3089	96.911	93.729	96911	3182	135	5	0	2467	530	45	3075
6	0	cSpy was 59 spamed and the readout avoided!
6	1	G	40000	20768	79.232	26.876	79232	67749	0	0	0	60073	7472	204	67663
6	1	A	40000	37653	62.347	30.028	62347	32319	0	0	0	27867	4249	203	32233
6	1	B	40000	40846	59.154	23.724	59154	35430	0	0	0	32206	3223	1	35430
6	1	cSpy was 7 spamed and the readout avoided!
6	2	G	40000	100000	0	0	0	0	0	0	0	0	0	0	2
6	2	A	40000	100000	0	0	0	0	0	0	0	0	0	0	1
6	2	B	40000	100000	0	0	0	0	0	0	0	0	0	0	1
6	3	G	40000	99975	0.0249982	0.0075	25	27	0	0	0	27	0	0	29
6	3	A	40000	99978	0.0220001	0.007	22	15	0	0	0	15	0	0	16
6	3	B	40000	99980	0.0199974	0.008	20	12	0	0	0	12	0	0	13
6	4	G	40000	19098	80.902	59.398	80902	33740	797	0	0	32188	134	621	32651
6	4	A	40000	23411	76.589	59.712	76589	16877	391	0	0	16043	2	441	16151
6	4	B	40000	24053	75.947	59.084	75947	16863	406	0	0	16145	132	180	16500
6	4	cSpy was 38 spamed and the readout avoided!
6	5	G	40000	10148	89.852	73.6355	89852	21206	128	1	0	18652	1659	766	20665
6	5	A	40000	14839	85.161	75.254	85161	9907	4	0	0	8476	759	668	9512
6	5	B	40000	16684	83.316	72.017	83316	11299	124	1	0	10176	900	98	11153
6	5	cSpy was 62 spamed and the readout avoided!
6	6	G	40000	100000	0	0	0	0	0	0	0	0	0	0	2
6	6	A	40000	100000	0	0	0	0	0	0	0	0	0	0	1
6	6	B	40000	100000	0	0	0	0	0	0	0	0	0	0	1
6	7	G	40000	100000	0	0	0	0	0	0	0	0	0	0	2
6	7	A	40000	100000	0	0	0	0	0	0	0	0	0	0	1
6	7	B	40000	100000	0	0	0	0	0	0	0	0	0	0	1
7	0	G	40000	1799	98.201	48.287	98201	4415	200	0	0	3552	96	567	3942
7	0	A	40000	1843	98.157	95.86	98157	2297	200	0	0	1444	86	567	1823
7	0	B	40000	97168	2.832	0.714	2832	2118	0	0	0	2108	10	0	2119
7	0	cSpy was 2 spamed and the readout avoided!
7	1	G	40000	100000	0	0	0	0	0	0	0	0	0	0	2
7	1	A	40000	100000	0	0	0	0	0	0	0	0	0	0	1
7	1	B	40000	100000	0	0	0	0	0	0	0	0	0	0	1
7	2	G	40000	86912	13.088	3.288	13088	13797	8	13	0	13671	78	27	13791
7	2	A	40000	89474	10.526	3.639	10526	6887	8	13	0	6790	49	27	6880
7	2	B	40000	90153	9.847	2.937	9847	6910	0	0	0	6881	29	0	6911
7	3	G	40000	0	100	100	100000	200000	200000	200000	200000	200000	200000	200000	200002
7	3	A	40000	0	100	100	100000	100000	100000	100000	100000	100000	100000	100000	100001
7	3	B	40000	0	100	100	100000	100000	100000	100000	100000	100000	100000	100000	100001
7	4	G	40000	77102	22.898	4.5205	22898	26179	3	3	0	23992	2139	42	26163
7	4	A	40000	81797	18.203	4.851	18203	13352	3	3	0	11846	1458	42	13335
7	4	B	40000	82983	17.017	4.19	17017	12827	0	0	0	12146	681	0	12828
7	4	cSpy was 1 spamed and the readout avoided!
7	5	G	40000	100000	0	0	0	0	0	0	0	0	0	0	2
7	5	A	40000	100000	0	0	0	0	0	0	0	0	0	0	1
7	5	B	40000	100000	0	0	0	0	0	0	0	0	0	0	1
7	6	G	40000	99396	0.603998	0.015	604	1170	0	0	0	1168	2	0	1172
7	6	A	40000	99398	0.602001	0.017	602	585	0	0	0	583	2	0	586
7	6	B	40000	99402	0.598001	0.013	598	585	0	0	0	585	0	0	586
7	7	G	40000	33192	66.808	38.1335	66808	39714	27	13	0	37834	1624	216	39624
7	7	A	40000	41186	58.814	39.063	58814	19751	16	13	0	18760	749	213	19666
7	7	B	40000	42833	57.167	37.204	57167	19963	11	0	0	19074	875	3	19958
7	7	cSpy was 7 spamed and the readout avoided!
