#the gain was set to: 2	the bias was set to: 30
#Sent triggers per delay setting: 100000	and with a frequency [Hz] of: 40000
#160MHz delay setting	400MHz delay setting	Frequency	correct transmitted H+T		error rate [%]	uncertainty [%]	bad or missed events	error count	missing headers	missing trailers	flipped H/T	event nr errors	tbm missed trigger	unknown errors	event nr resets
0	0	G	40000	376	99.624	73.866	99624	18710	101	0	0	17720	268	621	18201
0	0	A	40000	589	99.411	98.328	99411	1083	76	0	0	176	225	606	589
0	0	B	40000	32969	67.031	49.404	67031	17627	25	0	0	17544	43	15	17612
0	0	cSpy was 21 spamed and the readout avoided!
0	1	G	40000	35478	64.522	47.2725	64522	23288	459	0	0	21758	508	563	22932
0	1	A	40000	43268	56.732	46.799	56732	9933	237	0	0	9279	0	417	9702
0	1	B	40000	38899	61.101	47.746	61101	13355	222	0	0	12479	508	146	13230
0	2	G	40000	4443	95.557	81.0705	95557	18636	47	2	0	16070	2186	331	18435
0	2	A	40000	9117	90.883	82.032	90883	8851	22	0	0	7172	1344	313	8666
0	2	B	40000	10106	89.894	80.109	89894	9785	25	2	0	8898	842	18	9769
0	2	cSpy was 2 spamed and the readout avoided!
0	3	G	40000	100000	0	0	0	0	0	0	0	0	0	0	2
0	3	A	40000	100000	0	0	0	0	0	0	0	0	0	0	1
0	3	B	40000	100000	0	0	0	0	0	0	0	0	0	0	1
0	4	G	40000	100000	0	0	0	0	0	0	0	0	0	0	2
0	4	A	40000	100000	0	0	0	0	0	0	0	0	0	0	1
0	4	B	40000	100000	0	0	0	0	0	0	0	0	0	0	1
0	5	G	40000	46629	53.371	34.187	53371	26824	26	0	0	26352	137	309	26783
0	5	A	40000	54184	45.816	33.772	45816	12044	17	0	0	11696	30	301	12004
0	5	B	40000	50618	49.382	34.602	49382	14780	9	0	0	14656	107	8	14779
0	6	G	40000	2874	97.126	87.758	97126	12173	311	8	0	9779	1716	359	11756
0	6	A	40000	5907	94.093	88.224	94093	5869	145	0	0	4320	1112	292	5583
0	6	B	40000	6404	93.596	87.292	93596	6304	166	8	0	5459	604	67	6173
0	6	cSpy was 23 spamed and the readout avoided!
0	7	G	40000	99107	0.893003	0.031	893	1711	0	0	0	1708	3	0	1713
0	7	A	40000	99115	0.884998	0.029	885	856	0	0	0	855	1	0	857
0	7	B	40000	99112	0.888002	0.033	888	855	0	0	0	853	2	0	856
1	0	G	40000	215	99.785	98.5125	99785	1654	128	0	0	1001	129	396	1313
1	0	A	40000	778	99.222	98.147	99222	1075	112	0	0	528	85	350	774
1	0	B	40000	543	99.457	98.878	99457	579	16	0	0	473	44	46	539
1	0	cSpy was 28 spamed and the readout avoided!
1	1	G	40000	98940	1.06	0.0315	1060	2045	0	0	0	2043	2	0	2047
1	1	A	40000	98947	1.053	0.029	1053	1024	0	0	0	1023	1	0	1025
1	1	B	40000	98945	1.055	0.034	1055	1021	0	0	0	1020	1	0	1022
1	2	G	40000	100000	0	0	0	0	0	0	0	0	0	0	2
1	2	A	40000	100000	0	0	0	0	0	0	0	0	0	0	1
1	2	B	40000	100000	0	0	0	0	0	0	0	0	0	0	1
1	3	G	40000	94799	5.201	1.2905	5201	6730	0	0	0	6715	10	5	6731
1	3	A	40000	95574	4.426	1.214	4426	3212	0	0	0	3197	10	5	3212
1	3	B	40000	95115	4.885	1.367	4885	3518	0	0	0	3518	0	0	3519
1	4	G	40000	654	99.346	96.4975	99346	3653	275	3	0	2032	1032	311	3281
1	4	A	40000	2019	97.981	95.911	97981	2070	76	0	0	1086	810	98	1953
1	4	B	40000	1333	98.667	97.084	98667	1583	199	3	0	946	222	213	1328
1	4	cSpy was 23 spamed and the readout avoided!
1	5	G	40000	63547	36.453	8.7045	36453	27448	3	0	0	23527	3899	19	27447
1	5	A	40000	82252	17.748	3.515	17748	14233	0	0	0	12209	2005	19	14234
1	5	B	40000	72891	27.109	13.894	27109	13215	3	0	0	11318	1894	0	13213
1	6	G	40000	100000	0	0	0	0	0	0	0	0	0	0	2
1	6	A	40000	100000	0	0	0	0	0	0	0	0	0	0	1
1	6	B	40000	100000	0	0	0	0	0	0	0	0	0	0	1
1	7	G	40000	99995	0.00500083	0	5	10	0	0	0	10	0	0	12
1	7	A	40000	99995	0.00500083	0	5	5	0	0	0	5	0	0	6
1	7	B	40000	99995	0.00500083	0	5	5	0	0	0	5	0	0	6
2	0	G	40000	2200	97.8	48.6435	97800	4219	47	1	0	3978	120	73	4130
2	0	A	40000	2253	97.747	95.441	97747	2306	47	1	0	2065	120	73	2216
2	0	B	40000	96241	3.759	1.846	3759	1913	0	0	0	1913	0	0	1914
2	1	G	40000	99566	0.433999	0.134	434	540	0	0	0	539	0	1	542
2	1	A	40000	99613	0.387001	0.13	387	257	0	0	0	256	0	1	258
2	1	B	40000	99579	0.421	0.138	421	283	0	0	0	283	0	0	284
2	2	G	40000	25517	74.483	53.0785	74483	26642	876	1	0	23612	1402	751	25858
2	2	A	40000	36746	63.254	51.228	63254	12026	491	1	0	10549	508	477	11561
2	2	B	40000	30455	69.545	54.929	69545	14616	385	0	0	13063	894	274	14297
2	3	G	40000	8489	91.511	66.4385	91511	28927	128	0	0	25500	3049	250	28694
2	3	A	40000	23393	76.607	58.428	76607	18179	33	0	0	15765	2278	103	18085
2	3	B	40000	14803	85.197	74.449	85197	10748	95	0	0	9735	771	147	10609
2	3	cSpy was 11 spamed and the readout avoided!
2	4	G	40000	100000	0	0	0	0	0	0	0	0	0	0	2
2	4	A	40000	100000	0	0	0	0	0	0	0	0	0	0	1
2	4	B	40000	100000	0	0	0	0	0	0	0	0	0	0	1
2	5	G	40000	100000	0	0	0	0	0	0	0	0	0	0	2
2	5	A	40000	100000	0	0	0	0	0	0	0	0	0	0	1
2	5	B	40000	100000	0	0	0	0	0	0	0	0	0	0	1
2	6	G	40000	35695	64.305	43.4645	64305	24459	193	2	0	22995	844	425	24316
2	6	A	40000	47599	52.401	41.555	52401	10846	121	2	0	9645	695	383	10729
2	6	B	40000	41013	58.987	45.374	58987	13613	72	0	0	13350	149	42	13587
2	7	G	40000	0	100	100	100000	200000	200000	200000	200000	200000	200000	200000	200002
2	7	A	40000	0	100	100	100000	100000	100000	100000	100000	100000	100000	100000	100001
2	7	B	40000	0	100	100	100000	100000	100000	100000	100000	100000	100000	100000	100001
3	0	G	40000	934	99.066	72.274	99066	16998	265	0	0	15743	327	663	16411
3	0	A	40000	1393	98.607	96.682	98607	1925	201	0	0	1061	28	635	1380
3	0	B	40000	37061	62.939	47.866	62939	15073	64	0	0	14682	299	28	15031
3	0	cSpy was 15 spamed and the readout avoided!
3	1	G	40000	0	100	100	100000	200000	200000	200000	200000	200000	200000	200000	200002
3	1	A	40000	0	100	100	100000	100000	100000	100000	100000	100000	100000	100000	100001
3	1	B	40000	0	100	100	100000	100000	100000	100000	100000	100000	100000	100000	100001
3	2	G	40000	99535	0.465	0.001	465	928	0	0	0	928	0	0	930
3	2	A	40000	99535	0.465	0.001	465	464	0	0	0	464	0	0	465
3	2	B	40000	99535	0.465	0.001	465	464	0	0	0	464	0	0	465
3	3	G	40000	100000	0	0	0	0	0	0	0	0	0	0	2
3	3	A	40000	100000	0	0	0	0	0	0	0	0	0	0	1
3	3	B	40000	100000	0	0	0	0	0	0	0	0	0	0	1
3	4	G	40000	94893	5.107	0.7465	5107	8282	0	0	0	8274	6	2	8284
3	4	A	40000	95152	4.848	0.696	4848	4152	0	0	0	4145	5	2	4153
3	4	B	40000	95073	4.927	0.797	4927	4130	0	0	0	4129	1	0	4131
3	5	G	40000	0	100	100	100000	200000	200000	200000	200000	200000	200000	200000	200002
3	5	A	40000	0	100	100	100000	100000	100000	100000	100000	100000	100000	100000	100001
3	5	B	40000	0	100	100	100000	100000	100000	100000	100000	100000	100000	100000	100001
3	6	G	40000	68850	31.15	8.2515	31150	36611	11	7	0	34189	2371	33	36591
3	6	A	40000	72539	27.461	8.149	27461	19312	7	0	0	17059	2231	15	19311
3	6	B	40000	74347	25.653	8.354	25653	17299	4	7	0	17130	140	18	17280
3	6	cSpy was 7 spamed and the readout avoided!
3	7	G	40000	100000	0	0	0	0	0	0	0	0	0	0	2
3	7	A	40000	100000	0	0	0	0	0	0	0	0	0	0	1
3	7	B	40000	100000	0	0	0	0	0	0	0	0	0	0	1
4	0	G	40000	1375	98.625	68.3215	98625	22378	225	1	0	19749	2079	324	22016
4	0	A	40000	2304	97.696	95.08	97696	2616	164	1	0	1207	945	299	2299
4	0	B	40000	38675	61.325	41.563	61325	19762	61	0	0	18542	1134	25	19717
4	0	cSpy was 19 spamed and the readout avoided!
4	1	G	40000	100000	0	0	0	0	0	0	0	0	0	0	2
4	1	A	40000	100000	0	0	0	0	0	0	0	0	0	0	1
4	1	B	40000	100000	0	0	0	0	0	0	0	0	0	0	1
4	2	G	40000	91887	8.113	5.0275	8113	4690	23	0	0	4640	0	27	4672
4	2	A	40000	92625	7.375	5.043	7375	2332	11	0	0	2299	0	22	2318
4	2	B	40000	92630	7.37	5.012	7370	2358	12	0	0	2341	0	5	2354
4	3	G	40000	19517	80.483	58.4665	80483	34392	760	0	0	32955	95	582	33382
4	3	A	40000	24059	75.941	58.727	75941	17214	371	0	0	16434	2	407	16547
4	3	B	40000	24616	75.384	58.206	75384	17178	389	0	0	16521	93	175	16835
4	3	cSpy was 8 spamed and the readout avoided!
4	4	G	40000	5847	94.153	77.2605	94153	22312	160	24	1	19932	1797	398	21984
4	4	A	40000	11319	88.681	77.652	88681	11029	78	13	0	9700	890	348	10783
4	4	B	40000	11848	88.152	76.869	88152	11283	82	11	1	10232	907	50	11201
4	4	cSpy was 30 spamed and the readout avoided!
4	5	G	40000	100000	0	0	0	0	0	0	0	0	0	0	2
4	5	A	40000	100000	0	0	0	0	0	0	0	0	0	0	1
4	5	B	40000	100000	0	0	0	0	0	0	0	0	0	0	1
4	6	G	40000	100000	0	0	0	0	0	0	0	0	0	0	2
4	6	A	40000	100000	0	0	0	0	0	0	0	0	0	0	1
4	6	B	40000	100000	0	0	0	0	0	0	0	0	0	0	1
4	7	G	40000	26674	73.326	52.1375	73326	33815	451	0	0	32938	37	389	33193
4	7	A	40000	30795	69.205	52.291	69205	16914	219	0	0	16416	1	278	16486
4	7	B	40000	31115	68.885	51.984	68885	16901	232	0	0	16522	36	111	16707
4	7	cSpy was 5 spamed and the readout avoided!
5	0	G	40000	489	99.511	57.8005	99511	15746	153	0	0	14650	126	817	15207
5	0	A	40000	610	99.39	98.241	99390	1149	153	0	0	66	115	815	610
5	0	B	40000	68043	31.957	17.36	31957	14597	0	0	0	14584	11	2	14597
5	0	cSpy was 52 spamed and the readout avoided!
5	1	G	40000	44824	55.176	31.561	55176	36228	70	0	0	36044	2	112	36154
5	1	A	40000	50362	49.638	31.727	49638	17911	34	0	0	17768	2	107	17850
5	1	B	40000	50288	49.712	31.395	49712	18317	36	0	0	18276	0	5	18304
5	1	cSpy was 4 spamed and the readout avoided!
5	2	G	40000	45	99.955	98.6135	99955	1799	36	0	0	730	97	936	970
5	2	A	40000	99	99.901	99.096	99901	805	0	0	0	9	0	796	99
5	2	B	40000	875	99.125	98.131	99125	994	36	0	0	721	97	140	871
5	2	cSpy was 27 spamed and the readout avoided!
5	3	G	40000	99366	0.634003	0	634	1267	0	0	0	1266	1	0	1269
5	3	A	40000	99366	0.634003	0	634	634	0	0	0	633	1	0	635
5	3	B	40000	99367	0.633001	0	633	633	0	0	0	633	0	0	634
5	4	G	40000	100000	0	0	0	0	0	0	0	0	0	0	2
5	4	A	40000	100000	0	0	0	0	0	0	0	0	0	0	1
5	4	B	40000	100000	0	0	0	0	0	0	0	0	0	0	1
5	5	G	40000	86229	13.771	3.9975	13771	16303	0	0	0	16298	0	5	16305
5	5	A	40000	87750	12.25	4.187	12250	8063	0	0	0	8058	0	5	8064
5	5	B	40000	87952	12.048	3.808	12048	8240	0	0	0	8240	0	0	8241
5	6	G	40000	0	100	100	100000	200000	200000	200000	200000	200000	200000	200000	200002
5	6	A	40000	0	100	100	100000	100000	100000	100000	100000	100000	100000	100000	100001
5	6	B	40000	0	100	100	100000	100000	100000	100000	100000	100000	100000	100000	100001
5	7	G	40000	42611	57.389	20.64	57389	50049	4	9	0	45086	4859	91	50017
5	7	A	40000	52789	47.211	21.246	47211	25965	4	9	0	22444	3417	91	25933
5	7	B	40000	55882	44.118	20.034	44118	24084	0	0	0	22642	1442	0	24084
5	7	cSpy was 1 spamed and the readout avoided!
6	0	G	40000	595	99.405	95.764	99405	4523	293	6	0	2295	1246	683	3938
6	0	A	40000	1324	98.676	96.86	98676	1816	166	1	0	174	836	639	1324
6	0	B	40000	2625	97.375	94.668	97375	2707	127	5	0	2121	410	44	2614
6	0	cSpy was 47 spamed and the readout avoided!
6	1	G	40000	13590	86.41	46.3765	86410	51629	8	0	0	46075	5187	359	51446
6	1	A	40000	26211	73.789	49.19	73789	24599	0	0	0	21439	2803	357	24421
6	1	B	40000	29407	70.593	43.563	70593	27030	8	0	0	24636	2384	2	27025
6	1	cSpy was 5 spamed and the readout avoided!
6	2	G	40000	100000	0	0	0	0	0	0	0	0	0	0	2
6	2	A	40000	100000	0	0	0	0	0	0	0	0	0	0	1
6	2	B	40000	100000	0	0	0	0	0	0	0	0	0	0	1
6	3	G	40000	100000	0	0	0	0	0	0	0	0	0	0	2
6	3	A	40000	100000	0	0	0	0	0	0	0	0	0	0	1
6	3	B	40000	100000	0	0	0	0	0	0	0	0	0	0	1
6	4	G	40000	20133	79.867	58.716	79867	34228	821	2	0	32656	149	600	33141
6	4	A	40000	23874	76.126	58.982	76126	17144	398	2	0	16315	0	429	16411
6	4	B	40000	24466	75.534	58.45	75534	17084	423	0	0	16341	149	171	16730
6	4	cSpy was 7 spamed and the readout avoided!
6	5	G	40000	8998	91.002	75.5505	91002	20260	106	0	0	17796	1584	774	19769
6	5	A	40000	13456	86.544	77.084	86544	9460	7	0	0	8054	724	675	9079
6	5	B	40000	15183	84.817	74.017	84817	10800	99	0	0	9742	860	99	10690
6	5	cSpy was 77 spamed and the readout avoided!
6	6	G	40000	100000	0	0	0	0	0	0	0	0	0	0	2
6	6	A	40000	100000	0	0	0	0	0	0	0	0	0	0	1
6	6	B	40000	100000	0	0	0	0	0	0	0	0	0	0	1
6	7	G	40000	100000	0	0	0	0	0	0	0	0	0	0	2
6	7	A	40000	100000	0	0	0	0	0	0	0	0	0	0	1
6	7	B	40000	100000	0	0	0	0	0	0	0	0	0	0	1
7	0	G	40000	1774	98.226	48.28	98226	3794	208	0	0	2926	69	591	3295
7	0	A	40000	1795	98.205	95.923	98205	2282	208	0	0	1414	69	591	1782
7	0	B	40000	97851	2.149	0.637	2149	1512	0	0	0	1512	0	0	1513
7	1	G	40000	100000	0	0	0	0	0	0	0	0	0	0	2
7	1	A	40000	100000	0	0	0	0	0	0	0	0	0	0	1
7	1	B	40000	100000	0	0	0	0	0	0	0	0	0	0	1
7	2	G	40000	92322	7.678	1.8825	7678	8544	8	7	0	8430	83	16	8541
7	2	A	40000	93662	6.338	2.095	6338	4243	8	7	0	4165	47	16	4239
7	2	B	40000	94029	5.971	1.67	5971	4301	0	0	0	4265	36	0	4302
7	2	cSpy was 1 spamed and the readout avoided!
7	3	G	40000	0	100	100	100000	200000	200000	200000	200000	200000	200000	200000	200002
7	3	A	40000	0	100	100	100000	100000	100000	100000	100000	100000	100000	100000	100001
7	3	B	40000	0	100	100	100000	100000	100000	100000	100000	100000	100000	100000	100001
7	4	G	40000	91163	8.837	1.0415	8837	14567	0	0	0	13788	769	10	14568
7	4	A	40000	91272	8.728	1.042	8728	7686	0	0	0	7008	668	10	7686
7	4	B	40000	92078	7.922	1.041	7922	6881	0	0	0	6780	101	0	6882
7	5	G	40000	100000	0	0	0	0	0	0	0	0	0	0	2
7	5	A	40000	100000	0	0	0	0	0	0	0	0	0	0	1
7	5	B	40000	100000	0	0	0	0	0	0	0	0	0	0	1
7	6	G	40000	99803	0.196999	0.0045	197	384	0	0	0	384	0	0	386
7	6	A	40000	99803	0.196999	0.005	197	192	0	0	0	192	0	0	193
7	6	B	40000	99804	0.195998	0.004	196	192	0	0	0	192	0	0	193
7	7	G	40000	54531	45.469	18.447	45469	40931	5	17	0	39859	820	230	40809
7	7	A	40000	60307	39.693	18.852	39693	20841	5	17	0	20226	363	230	20718
7	7	B	40000	61868	38.132	18.042	38132	20090	0	0	0	19633	457	0	20091
7	7	cSpy was 7 spamed and the readout avoided!
