#the gain was set to: 2	the bias was set to: 30
#Sent triggers per delay setting: 100000	and with a frequency [Hz] of: 40000
#160MHz delay setting	400MHz delay setting	Frequency	correct transmitted H+T		error rate [%]	uncertainty [%]	bad or missed events	error count	missing headers	missing trailers	flipped H/T	event nr errors	tbm missed trigger	unknown errors	event nr resets
0	0	G	40000	403	99.597	73.7985	99597	18658	99	0	0	17639	277	643	18130
0	0	A	40000	607	99.393	98.27	99393	1123	79	0	0	174	235	635	607
0	0	B	40000	33138	66.862	49.327	66862	17535	20	0	0	17465	42	8	17523
0	0	cSpy was 35 spamed and the readout avoided!
0	1	G	40000	39591	60.409	44.0505	60409	22005	272	0	0	20820	414	499	21786
0	1	A	40000	47028	52.972	43.575	52972	9397	145	0	0	8868	0	384	9254
0	1	B	40000	42866	57.134	44.526	57134	12608	127	0	0	11952	414	115	12532
0	2	G	40000	4003	95.997	81.552	95997	18202	53	0	0	15675	2146	328	17984
0	2	A	40000	8492	91.508	83.182	91508	8326	34	0	0	6688	1286	318	8124
0	2	B	40000	10202	89.798	79.922	89798	9876	19	0	0	8987	860	10	9860
0	2	cSpy was 4 spamed and the readout avoided!
0	3	G	40000	100000	0	0	0	0	0	0	0	0	0	0	2
0	3	A	40000	100000	0	0	0	0	0	0	0	0	0	0	1
0	3	B	40000	100000	0	0	0	0	0	0	0	0	0	0	1
0	4	G	40000	100000	0	0	0	0	0	0	0	0	0	0	2
0	4	A	40000	100000	0	0	0	0	0	0	0	0	0	0	1
0	4	B	40000	100000	0	0	0	0	0	0	0	0	0	0	1
0	5	G	40000	41857	58.143	36.989	58143	29901	15	0	0	29460	110	316	29860
0	5	A	40000	49987	50.013	36.54	50013	13473	10	0	0	13118	37	308	13432
0	5	B	40000	46134	53.866	37.438	53866	16428	5	0	0	16342	73	8	16428
0	6	G	40000	2350	97.65	88.7305	97650	11256	217	6	0	8757	1759	517	10761
0	6	A	40000	5606	94.394	88.85	94394	5544	95	0	0	4026	1165	258	5304
0	6	B	40000	5677	94.323	88.611	94323	5712	122	6	0	4731	594	259	5457
0	6	cSpy was 51 spamed and the readout avoided!
0	7	G	40000	99288	0.712001	0.015	712	1389	0	0	0	1387	2	0	1391
0	7	A	40000	99292	0.708002	0.014	708	694	0	0	0	693	1	0	695
0	7	B	40000	99289	0.711	0.016	711	695	0	0	0	694	1	0	696
1	0	G	40000	367	99.633	97.4045	99633	2820	199	0	0	1919	177	525	2357
1	0	A	40000	1550	98.45	96.506	98450	1944	175	0	0	1209	103	457	1536
1	0	B	40000	821	99.179	98.303	99179	876	24	0	0	710	74	68	821
1	0	cSpy was 26 spamed and the readout avoided!
1	1	G	40000	99056	0.944	0.0255	944	1821	0	0	0	1818	3	0	1823
1	1	A	40000	99068	0.932002	0.023	932	909	0	0	0	909	0	0	910
1	1	B	40000	99060	0.940001	0.028	940	912	0	0	0	909	3	0	913
1	2	G	40000	100000	0	0	0	0	0	0	0	0	0	0	2
1	2	A	40000	100000	0	0	0	0	0	0	0	0	0	0	1
1	2	B	40000	100000	0	0	0	0	0	0	0	0	0	0	1
1	3	G	40000	93317	6.683	3.3355	6683	4662	0	0	0	4571	67	24	4662
1	3	A	40000	94656	5.344	3.177	5344	2167	0	0	0	2089	57	21	2166
1	3	B	40000	94011	5.989	3.494	5989	2495	0	0	0	2482	10	3	2496
1	4	G	40000	0	100	100	100000	200000	200000	200000	200000	200000	200000	200000	200002
1	4	A	40000	0	100	100	100000	100000	100000	100000	100000	100000	100000	100000	100001
1	4	B	40000	0	100	100	100000	100000	100000	100000	100000	100000	100000	100000	100001
1	5	G	40000	70338	29.662	6.6675	29662	22874	2	0	0	19756	3100	16	22874
1	5	A	40000	85547	14.453	2.862	14453	11591	0	0	0	10086	1489	16	11592
1	5	B	40000	78244	21.756	10.473	21756	11283	2	0	0	9670	1611	0	11282
1	6	G	40000	100000	0	0	0	0	0	0	0	0	0	0	2
1	6	A	40000	100000	0	0	0	0	0	0	0	0	0	0	1
1	6	B	40000	100000	0	0	0	0	0	0	0	0	0	0	1
1	7	G	40000	99996	0.00399947	0	4	8	0	0	0	8	0	0	10
1	7	A	40000	99996	0.00399947	0	4	4	0	0	0	4	0	0	5
1	7	B	40000	99996	0.00399947	0	4	4	0	0	0	4	0	0	5
2	0	G	40000	2250	97.75	48.577	97750	4247	42	2	1	4007	125	70	4164
2	0	A	40000	2299	97.701	95.347	97701	2354	42	2	1	2114	125	70	2270
2	0	B	40000	96300	3.7	1.807	3700	1893	0	0	0	1893	0	0	1894
2	1	G	40000	100000	0	0	0	0	0	0	0	0	0	0	2
2	1	A	40000	100000	0	0	0	0	0	0	0	0	0	0	1
2	1	B	40000	100000	0	0	0	0	0	0	0	0	0	0	1
2	2	G	40000	23886	76.114	52.624	76114	28321	792	7	0	25280	1481	761	27562
2	2	A	40000	36752	63.248	50.124	63248	13124	401	3	0	10822	1402	496	12695
2	2	B	40000	29679	70.321	55.124	70321	15197	391	4	0	14458	79	265	14867
2	3	G	40000	6797	93.203	64.9035	93203	33890	78	0	0	29265	4460	87	33804
2	3	A	40000	23158	76.842	55.136	76842	21706	5	0	0	18376	3263	62	21662
2	3	B	40000	13145	86.855	74.671	86855	12184	73	0	0	10889	1197	25	12142
2	3	cSpy was 1 spamed and the readout avoided!
2	4	G	40000	100000	0	0	0	0	0	0	0	0	0	0	2
2	4	A	40000	100000	0	0	0	0	0	0	0	0	0	0	1
2	4	B	40000	100000	0	0	0	0	0	0	0	0	0	0	1
2	5	G	40000	100000	0	0	0	0	0	0	0	0	0	0	2
2	5	A	40000	100000	0	0	0	0	0	0	0	0	0	0	1
2	5	B	40000	100000	0	0	0	0	0	0	0	0	0	0	1
2	6	G	40000	26342	73.658	48.237	73658	29362	147	2	0	27190	1546	477	29213
2	6	A	40000	40943	59.057	45.351	59057	13706	85	2	0	11668	1524	427	13592
2	6	B	40000	33221	66.779	51.123	66779	15656	62	0	0	15522	22	50	15621
2	7	G	40000	0	100	100	100000	200000	200000	200000	200000	200000	200000	200000	200002
2	7	A	40000	0	100	100	100000	100000	100000	100000	100000	100000	100000	100000	100001
2	7	B	40000	0	100	100	100000	100000	100000	100000	100000	100000	100000	100000	100001
3	0	G	40000	957	99.043	70.8505	99043	15937	238	2	0	14752	311	634	15396
3	0	A	40000	1421	98.579	96.658	98579	1921	184	1	0	1087	35	614	1411
3	0	B	40000	40941	59.059	45.043	59059	14016	54	1	0	13665	276	20	13985
3	0	cSpy was 9 spamed and the readout avoided!
3	1	G	40000	0	100	100	100000	200000	200000	200000	200000	200000	200000	200000	200002
3	1	A	40000	0	100	100	100000	100000	100000	100000	100000	100000	100000	100000	100001
3	1	B	40000	0	100	100	100000	100000	100000	100000	100000	100000	100000	100000	100001
3	2	G	40000	0	100	100	100000	200000	200000	200000	200000	200000	200000	200000	200002
3	2	A	40000	0	100	100	100000	100000	100000	100000	100000	100000	100000	100000	100001
3	2	B	40000	0	100	100	100000	100000	100000	100000	100000	100000	100000	100000	100001
3	3	G	40000	100000	0	0	0	0	0	0	0	0	0	0	2
3	3	A	40000	100000	0	0	0	0	0	0	0	0	0	0	1
3	3	B	40000	100000	0	0	0	0	0	0	0	0	0	0	1
3	4	G	40000	94875	5.125	0.837	5125	8086	0	0	0	8081	4	1	8088
3	4	A	40000	95166	4.834	0.777	4834	4057	0	0	0	4052	4	1	4058
3	4	B	40000	95074	4.926	0.897	4926	4029	0	0	0	4029	0	0	4030
3	5	G	40000	0	100	100	100000	200000	200000	200000	200000	200000	200000	200000	200002
3	5	A	40000	0	100	100	100000	100000	100000	100000	100000	100000	100000	100000	100001
3	5	B	40000	0	100	100	100000	100000	100000	100000	100000	100000	100000	100000	100001
3	6	G	40000	69642	30.358	7.956	30358	34983	12	7	0	32553	2381	30	34968
3	6	A	40000	73692	26.308	7.835	26308	18473	5	0	0	16225	2229	14	18474
3	6	B	40000	75413	24.587	8.077	24587	16510	7	7	0	16328	152	16	16494
3	6	cSpy was 7 spamed and the readout avoided!
3	7	G	40000	100000	0	0	0	0	0	0	0	0	0	0	2
3	7	A	40000	100000	0	0	0	0	0	0	0	0	0	0	1
3	7	B	40000	100000	0	0	0	0	0	0	0	0	0	0	1
4	0	G	40000	1008	98.992	58.9945	98992	26531	105	0	0	24136	2030	260	26284
4	0	A	40000	1520	98.48	96.723	98480	1757	95	0	0	880	526	256	1516
4	0	B	40000	53960	46.04	21.266	46040	24774	10	0	0	23256	1504	4	24768
4	0	cSpy was 6 spamed and the readout avoided!
4	1	G	40000	100000	0	0	0	0	0	0	0	0	0	0	2
4	1	A	40000	100000	0	0	0	0	0	0	0	0	0	0	1
4	1	B	40000	100000	0	0	0	0	0	0	0	0	0	0	1
4	2	G	40000	100000	0	0	0	0	0	0	0	0	0	0	2
4	2	A	40000	100000	0	0	0	0	0	0	0	0	0	0	1
4	2	B	40000	100000	0	0	0	0	0	0	0	0	0	0	1
4	3	G	40000	25222	74.778	53.1945	74778	34823	679	0	0	33516	117	511	33925
4	3	A	40000	29163	70.837	53.431	70837	17406	328	0	0	16715	0	363	16814
4	3	B	40000	29625	70.375	52.958	70375	17417	351	0	0	16801	117	148	17111
4	3	cSpy was 6 spamed and the readout avoided!
4	4	G	40000	3470	96.53	86.407	96530	13585	300	21	2	11813	992	457	13155
4	4	A	40000	6543	93.457	86.804	93457	6653	163	13	1	5611	481	384	6332
4	4	B	40000	7058	92.942	86.01	92942	6932	137	8	1	6202	511	73	6823
4	4	cSpy was 46 spamed and the readout avoided!
4	5	G	40000	99864	0.136	0	136	272	0	0	0	272	0	0	274
4	5	A	40000	99864	0.136	0	136	136	0	0	0	136	0	0	137
4	5	B	40000	99864	0.136	0	136	136	0	0	0	136	0	0	137
4	6	G	40000	100000	0	0	0	0	0	0	0	0	0	0	2
4	6	A	40000	100000	0	0	0	0	0	0	0	0	0	0	1
4	6	B	40000	100000	0	0	0	0	0	0	0	0	0	0	1
4	7	G	40000	46023	53.977	37.605	53977	26144	258	1	0	25633	16	236	25821
4	7	A	40000	49214	50.786	37.713	50786	13073	125	1	0	12767	2	178	12835
4	7	B	40000	49432	50.568	37.497	50568	13071	133	0	0	12866	14	58	12986
4	7	cSpy was 1 spamed and the readout avoided!
5	0	G	40000	481	99.519	58.0355	99519	16202	140	0	0	15100	118	844	15647
5	0	A	40000	600	99.4	98.247	99400	1153	140	0	0	72	103	838	600
5	0	B	40000	67127	32.873	17.824	32873	15049	0	0	0	15028	15	6	15047
5	0	cSpy was 89 spamed and the readout avoided!
5	1	G	40000	44383	55.617	30.8475	55617	38235	63	0	0	38063	4	105	38181
5	1	A	40000	50093	49.907	31.002	49907	18905	31	0	0	18770	4	100	18854
5	1	B	40000	49977	50.023	30.693	50023	19330	32	0	0	19293	0	5	19327
5	1	cSpy was 4 spamed and the readout avoided!
5	2	G	40000	80	99.92	98.6135	99920	1713	76	0	0	740	123	774	1055
5	2	A	40000	213	99.787	99.042	99787	745	11	0	0	85	9	640	213
5	2	B	40000	847	99.153	98.185	99153	968	65	0	0	655	114	134	842
5	2	cSpy was 79 spamed and the readout avoided!
5	3	G	40000	99389	0.611001	0	611	1222	0	0	0	1222	0	0	1224
5	3	A	40000	99389	0.611001	0	611	611	0	0	0	611	0	0	612
5	3	B	40000	99389	0.611001	0	611	611	0	0	0	611	0	0	612
5	4	G	40000	100000	0	0	0	0	0	0	0	0	0	0	2
5	4	A	40000	100000	0	0	0	0	0	0	0	0	0	0	1
5	4	B	40000	100000	0	0	0	0	0	0	0	0	0	0	1
5	5	G	40000	89278	10.722	3.218	10722	12316	2	0	0	12298	2	14	12316
5	5	A	40000	90553	9.447	3.363	9447	6084	1	0	0	6067	2	14	6083
5	5	B	40000	90695	9.305	3.073	9305	6232	1	0	0	6231	0	0	6233
5	6	G	40000	0	100	100	100000	200000	200000	200000	200000	200000	200000	200000	200002
5	6	A	40000	0	100	100	100000	100000	100000	100000	100000	100000	100000	100000	100001
5	6	B	40000	0	100	100	100000	100000	100000	100000	100000	100000	100000	100000	100001
5	7	G	40000	52194	47.806	10.204	47806	50517	3	3	0	45286	5135	90	50488
5	7	A	40000	63017	36.983	10.872	36983	26111	3	3	0	22501	3515	89	26081
5	7	B	40000	66058	33.942	9.536	33942	24406	0	0	0	22785	1620	1	24407
6	0	G	40000	579	99.421	95.8425	99421	4438	271	4	0	2233	1243	687	3864
6	0	A	40000	1329	98.671	96.873	98671	1798	149	1	0	160	854	634	1329
6	0	B	40000	2548	97.452	94.812	97452	2640	122	3	0	2073	389	53	2535
6	0	cSpy was 42 spamed and the readout avoided!
6	1	G	40000	13994	86.006	46.789	86006	51030	3	0	0	45603	5127	297	50890
6	1	A	40000	26200	73.8	49.472	73800	24328	0	0	0	21201	2832	295	24191
6	1	B	40000	29192	70.808	44.106	70808	26702	3	0	0	24402	2295	2	26699
6	1	cSpy was 6 spamed and the readout avoided!
6	2	G	40000	100000	0	0	0	0	0	0	0	0	0	0	2
6	2	A	40000	100000	0	0	0	0	0	0	0	0	0	0	1
6	2	B	40000	100000	0	0	0	0	0	0	0	0	0	0	1
6	3	G	40000	100000	0	0	0	0	0	0	0	0	0	0	2
6	3	A	40000	100000	0	0	0	0	0	0	0	0	0	0	1
6	3	B	40000	100000	0	0	0	0	0	0	0	0	0	0	1
6	4	G	40000	20259	79.741	58.7225	79741	34195	820	0	0	32627	149	599	33111
6	4	A	40000	23886	76.114	58.996	76114	17118	396	0	0	16292	0	430	16389
6	4	B	40000	24474	75.526	58.449	75526	17077	424	0	0	16335	149	169	16722
6	4	cSpy was 8 spamed and the readout avoided!
6	5	G	40000	3791	96.209	90.162	96209	7708	255	8	0	6224	422	799	7135
6	5	A	40000	5592	94.408	90.857	94408	3551	30	1	0	2706	161	653	3184
6	5	B	40000	6376	93.624	89.467	93624	4157	225	7	0	3518	261	146	3951
6	5	cSpy was 96 spamed and the readout avoided!
6	6	G	40000	100000	0	0	0	0	0	0	0	0	0	0	2
6	6	A	40000	100000	0	0	0	0	0	0	0	0	0	0	1
6	6	B	40000	100000	0	0	0	0	0	0	0	0	0	0	1
6	7	G	40000	100000	0	0	0	0	0	0	0	0	0	0	2
6	7	A	40000	100000	0	0	0	0	0	0	0	0	0	0	1
6	7	B	40000	100000	0	0	0	0	0	0	0	0	0	0	1
7	0	G	40000	1790	98.21	48.2635	98210	3506	226	0	0	2587	95	598	2985
7	0	A	40000	1811	98.189	95.873	98189	2316	226	0	0	1397	95	598	1794
7	0	B	40000	98156	1.844	0.654	1844	1190	0	0	0	1190	0	0	1191
7	0	cSpy was 1 spamed and the readout avoided!
7	1	G	40000	100000	0	0	0	0	0	0	0	0	0	0	2
7	1	A	40000	100000	0	0	0	0	0	0	0	0	0	0	1
7	1	B	40000	100000	0	0	0	0	0	0	0	0	0	0	1
7	2	G	40000	95806	4.194	0.629	4194	6168	0	0	0	6119	44	5	6169
7	2	A	40000	96198	3.802	0.717	3802	3085	0	0	0	3047	33	5	3085
7	2	B	40000	96376	3.624	0.541	3624	3083	0	0	0	3072	11	0	3084
7	3	G	40000	911	99.089	93.61	99089	6501	186	5	0	4852	893	565	6017
7	3	A	40000	1923	98.077	95.94	98077	2137	56	1	0	1670	38	372	1833
7	3	B	40000	4356	95.644	91.28	95644	4364	130	4	0	3182	855	193	4184
7	3	cSpy was 100 spamed and the readout avoided!
7	4	G	40000	90260	9.74	1.037	9740	16225	0	0	0	15313	906	6	16227
7	4	A	40000	90361	9.639	1.037	9639	8602	0	0	0	7778	818	6	8603
7	4	B	40000	91340	8.66	1.037	8660	7623	0	0	0	7535	88	0	7624
7	5	G	40000	100000	0	0	0	0	0	0	0	0	0	0	2
7	5	A	40000	100000	0	0	0	0	0	0	0	0	0	0	1
7	5	B	40000	100000	0	0	0	0	0	0	0	0	0	0	1
7	6	G	40000	99397	0.603002	0.147	603	668	0	0	0	664	2	2	670
7	6	A	40000	99505	0.494999	0.163	495	332	0	0	0	328	2	2	333
7	6	B	40000	99533	0.467002	0.131	467	336	0	0	0	336	0	0	337
7	7	G	40000	46971	53.029	26.0255	53029	41295	15	0	0	39976	1099	205	41210
7	7	A	40000	52601	47.399	26.591	47399	20808	7	0	0	20123	477	201	20730
7	7	B	40000	54053	45.947	25.46	45947	20487	8	0	0	19853	622	4	20480
7	7	cSpy was 9 spamed and the readout avoided!
