#the gain was set to: 2	the bias was set to: 30
#Sent triggers per delay setting: 100000	and with a frequency [Hz] of: 40000
#160MHz delay setting	400MHz delay setting	Frequency	correct transmitted H+T		error rate [%]	uncertainty [%]	bad or missed events	error count	missing headers	missing trailers	flipped H/T	event nr errors	tbm missed trigger	unknown errors	event nr resets
0	0	G	40000	411	99.589	74.368	99589	18507	126	0	0	17444	286	651	17970
0	0	A	40000	637	99.363	98.205	99363	1158	103	0	0	195	220	640	637
0	0	B	40000	32120	67.88	50.531	67880	17349	23	0	0	17249	66	11	17333
0	0	cSpy was 31 spamed and the readout avoided!
0	1	G	40000	26162	73.838	54.4125	73838	26023	636	0	0	24601	9	777	25433
0	1	A	40000	35264	64.736	53.984	64736	10752	307	0	0	9941	0	504	10446
0	1	B	40000	29888	70.112	54.841	70112	15271	329	0	0	14660	9	273	14987
0	2	G	40000	6058	93.942	78.106	93942	19521	99	0	0	16202	2974	246	19328
0	2	A	40000	13537	86.463	75.712	86463	10751	46	0	0	8482	2050	173	10634
0	2	B	40000	10730	89.27	80.5	89270	8770	53	0	0	7720	924	73	8694
0	2	cSpy was 10 spamed and the readout avoided!
0	3	G	40000	100000	0	0	0	0	0	0	0	0	0	0	2
0	3	A	40000	100000	0	0	0	0	0	0	0	0	0	0	1
0	3	B	40000	100000	0	0	0	0	0	0	0	0	0	0	1
0	4	G	40000	100000	0	0	0	0	0	0	0	0	0	0	2
0	4	A	40000	100000	0	0	0	0	0	0	0	0	0	0	1
0	4	B	40000	100000	0	0	0	0	0	0	0	0	0	0	1
0	5	G	40000	48069	51.931	33.663	51931	23870	30	0	0	23427	96	317	23809
0	5	A	40000	56079	43.921	33.14	43921	10781	16	0	0	10412	45	308	10729
0	5	B	40000	52725	47.275	34.186	47275	13089	14	0	0	13015	51	9	13080
0	6	G	40000	2701	97.299	87.4825	97299	12509	245	4	0	9921	1974	365	12139
0	6	A	40000	5346	94.654	89.27	94654	5384	122	0	0	3922	1029	311	5117
0	6	B	40000	7180	92.82	85.695	92820	7125	123	4	0	5999	945	54	7022
0	6	cSpy was 20 spamed and the readout avoided!
0	7	G	40000	99589	0.410998	0.114	411	594	0	0	0	594	0	0	596
0	7	A	40000	99589	0.410998	0.114	411	297	0	0	0	297	0	0	298
0	7	B	40000	99589	0.410998	0.114	411	297	0	0	0	297	0	0	298
1	0	G	40000	323	99.677	97.172	99677	2978	182	2	0	2222	203	369	2620
1	0	A	40000	1989	98.011	95.764	98011	2247	155	2	0	1625	145	320	1934
1	0	B	40000	689	99.311	98.58	99311	731	27	0	0	597	58	49	686
1	0	cSpy was 28 spamed and the readout avoided!
1	1	G	40000	99667	0.332999	0.002	333	662	0	0	0	662	0	0	664
1	1	A	40000	99667	0.332999	0.002	333	331	0	0	0	331	0	0	332
1	1	B	40000	99667	0.332999	0.002	333	331	0	0	0	331	0	0	332
1	2	G	40000	100000	0	0	0	0	0	0	0	0	0	0	2
1	2	A	40000	100000	0	0	0	0	0	0	0	0	0	0	1
1	2	B	40000	100000	0	0	0	0	0	0	0	0	0	0	1
1	3	G	40000	93541	6.459	1.5815	6459	8472	0	0	0	8444	24	4	8474
1	3	A	40000	94460	5.54	1.496	5540	4044	0	0	0	4017	23	4	4045
1	3	B	40000	93905	6.095	1.667	6095	4428	0	0	0	4427	1	0	4429
1	4	G	40000	864	99.136	95.102	99136	5113	411	5	0	3134	1181	382	4589
1	4	A	40000	2915	97.085	94.084	97085	3001	113	0	0	1775	970	143	2835
1	4	B	40000	1768	98.232	96.12	98232	2112	298	5	0	1359	211	239	1754
1	4	cSpy was 37 spamed and the readout avoided!
1	5	G	40000	83086	16.914	3.237	16914	14608	1	0	0	13154	1441	12	14609
1	5	A	40000	91129	8.871	1.639	8871	7232	0	0	0	6614	606	12	7233
1	5	B	40000	87789	12.211	4.835	12211	7376	1	0	0	6540	835	0	7376
1	6	G	40000	100000	0	0	0	0	0	0	0	0	0	0	2
1	6	A	40000	100000	0	0	0	0	0	0	0	0	0	0	1
1	6	B	40000	100000	0	0	0	0	0	0	0	0	0	0	1
1	7	G	40000	99952	0.0479996	0.001	48	94	0	0	0	94	0	0	96
1	7	A	40000	99952	0.0479996	0.001	48	47	0	0	0	47	0	0	48
1	7	B	40000	99952	0.0479996	0.001	48	47	0	0	0	47	0	0	48
2	0	G	40000	2097	97.903	48.818	97903	4245	34	0	0	4022	111	78	4166
2	0	A	40000	2140	97.86	95.667	97860	2193	34	0	0	1970	111	78	2113
2	0	B	40000	95979	4.021	1.969	4021	2052	0	0	0	2052	0	0	2053
2	1	G	40000	98519	1.481	0.534	1481	1403	0	0	0	1398	1	4	1405
2	1	A	40000	98841	1.159	0.506	1159	653	0	0	0	648	1	4	654
2	1	B	40000	98688	1.312	0.562	1312	750	0	0	0	750	0	0	751
2	2	G	40000	26767	73.233	51.863	73233	26138	860	0	0	23143	1404	731	25374
2	2	A	40000	38417	61.583	49.961	61583	11622	475	0	0	9999	676	472	11170
2	2	B	40000	31719	68.281	53.765	68281	14516	385	0	0	13144	728	259	14204
2	3	G	40000	8572	91.428	64.2375	91428	31979	133	0	0	28331	3294	221	31774
2	3	A	40000	23921	76.079	56.007	76079	20072	11	0	0	17359	2611	91	20000
2	3	B	40000	15625	84.375	72.468	84375	11907	122	0	0	10972	683	130	11774
2	3	cSpy was 24 spamed and the readout avoided!
2	4	G	40000	100000	0	0	0	0	0	0	0	0	0	0	2
2	4	A	40000	100000	0	0	0	0	0	0	0	0	0	0	1
2	4	B	40000	100000	0	0	0	0	0	0	0	0	0	0	1
2	5	G	40000	100000	0	0	0	0	0	0	0	0	0	0	2
2	5	A	40000	100000	0	0	0	0	0	0	0	0	0	0	1
2	5	B	40000	100000	0	0	0	0	0	0	0	0	0	0	1
2	6	G	40000	43699	56.301	38.086	56301	21684	234	1	0	20200	826	423	21499
2	6	A	40000	53920	46.08	36.454	46080	9626	139	1	0	8531	606	349	9488
2	6	B	40000	48224	51.776	39.718	51776	12058	95	0	0	11669	220	74	12011
2	7	G	40000	0	100	100	100000	200000	200000	200000	200000	200000	200000	200000	200002
2	7	A	40000	0	100	100	100000	100000	100000	100000	100000	100000	100000	100000	100001
2	7	B	40000	0	100	100	100000	100000	100000	100000	100000	100000	100000	100000	100001
3	0	G	40000	979	99.021	70.3945	99021	16771	249	2	0	15502	328	690	16184
3	0	A	40000	1462	98.538	96.533	98538	2005	199	0	0	1107	30	669	1451
3	0	B	40000	40978	59.022	44.256	59022	14766	50	2	0	14395	298	21	14733
3	0	cSpy was 21 spamed and the readout avoided!
3	1	G	40000	0	100	100	100000	200000	200000	200000	200000	200000	200000	200000	200002
3	1	A	40000	0	100	100	100000	100000	100000	100000	100000	100000	100000	100000	100001
3	1	B	40000	0	100	100	100000	100000	100000	100000	100000	100000	100000	100000	100001
3	2	G	40000	99937	0.0630021	0	63	126	0	0	0	126	0	0	128
3	2	A	40000	99937	0.0630021	0	63	63	0	0	0	63	0	0	64
3	2	B	40000	99937	0.0630021	0	63	63	0	0	0	63	0	0	64
3	3	G	40000	100000	0	0	0	0	0	0	0	0	0	0	2
3	3	A	40000	100000	0	0	0	0	0	0	0	0	0	0	1
3	3	B	40000	100000	0	0	0	0	0	0	0	0	0	0	1
3	4	G	40000	87909	12.091	3.0895	12091	15644	0	0	0	15612	29	3	15646
3	4	A	40000	89191	10.809	2.929	10809	7880	0	0	0	7854	23	3	7881
3	4	B	40000	88986	11.014	3.25	11014	7764	0	0	0	7758	6	0	7765
3	5	G	40000	0	100	100	100000	200000	200000	200000	200000	200000	200000	200000	200002
3	5	A	40000	0	100	100	100000	100000	100000	100000	100000	100000	100000	100000	100001
3	5	B	40000	0	100	100	100000	100000	100000	100000	100000	100000	100000	100000	100001
3	6	G	40000	82712	17.288	4.123	17288	23326	9	12	0	22069	1226	10	23321
3	6	A	40000	83529	16.471	4.106	16471	12365	2	0	0	11185	1174	4	12366
3	6	B	40000	84899	15.101	4.14	15101	10961	7	12	0	10884	52	6	10955
3	6	cSpy was 2 spamed and the readout avoided!
3	7	G	40000	100000	0	0	0	0	0	0	0	0	0	0	2
3	7	A	40000	100000	0	0	0	0	0	0	0	0	0	0	1
3	7	B	40000	100000	0	0	0	0	0	0	0	0	0	0	1
4	0	G	40000	1061	98.939	55.291	98939	25364	149	3	0	23478	1397	337	25022
4	0	A	40000	1451	98.549	96.771	98549	1778	142	0	0	846	466	324	1446
4	0	B	40000	62603	37.397	13.811	37397	23586	7	3	0	22632	931	13	23576
4	0	cSpy was 4 spamed and the readout avoided!
4	1	G	40000	100000	0	0	0	0	0	0	0	0	0	0	2
4	1	A	40000	100000	0	0	0	0	0	0	0	0	0	0	1
4	1	B	40000	100000	0	0	0	0	0	0	0	0	0	0	1
4	2	G	40000	100000	0	0	0	0	0	0	0	0	0	0	2
4	2	A	40000	100000	0	0	0	0	0	0	0	0	0	0	1
4	2	B	40000	100000	0	0	0	0	0	0	0	0	0	0	1
4	3	G	40000	20061	79.939	58.764	79939	34240	810	0	0	32689	141	600	33166
4	3	A	40000	23820	76.18	59.028	76180	17152	393	0	0	16333	1	425	16436
4	3	B	40000	24412	75.588	58.5	75588	17088	417	0	0	16356	140	175	16730
4	3	cSpy was 22 spamed and the readout avoided!
4	4	G	40000	0	100	100	100000	200000	200000	200000	200000	200000	200000	200000	200002
4	4	A	40000	0	100	100	100000	100000	100000	100000	100000	100000	100000	100000	100001
4	4	B	40000	0	100	100	100000	100000	100000	100000	100000	100000	100000	100000	100001
4	5	G	40000	100000	0	0	0	0	0	0	0	0	0	0	2
4	5	A	40000	100000	0	0	0	0	0	0	0	0	0	0	1
4	5	B	40000	100000	0	0	0	0	0	0	0	0	0	0	1
4	6	G	40000	100000	0	0	0	0	0	0	0	0	0	0	2
4	6	A	40000	100000	0	0	0	0	0	0	0	0	0	0	1
4	6	B	40000	100000	0	0	0	0	0	0	0	0	0	0	1
4	7	G	40000	31401	68.599	49.2055	68599	31422	473	0	0	30468	62	419	30754
4	7	A	40000	34912	65.088	49.381	65088	15707	229	0	0	15186	1	291	15268
4	7	B	40000	35255	64.745	49.03	64745	15715	244	0	0	15282	61	128	15486
4	7	cSpy was 5 spamed and the readout avoided!
5	0	G	40000	484	99.516	57.8785	99516	15812	149	0	0	14718	109	836	15274
5	0	A	40000	606	99.394	98.249	99394	1145	149	0	0	64	98	834	606
5	0	B	40000	67825	32.175	17.508	32175	14667	0	0	0	14654	11	2	14668
5	0	cSpy was 55 spamed and the readout avoided!
5	1	G	40000	47634	52.366	30.311	52366	34177	67	0	0	34010	3	97	34105
5	1	A	40000	52646	47.354	30.456	47354	16898	33	0	0	16773	3	89	16839
5	1	B	40000	52555	47.445	30.166	47445	17279	34	0	0	17237	0	8	17266
5	1	cSpy was 2 spamed and the readout avoided!
5	2	G	40000	32	99.968	98.7645	99968	1602	45	0	0	652	64	841	861
5	2	A	40000	88	99.912	99.182	99912	730	3	0	0	4	1	722	88
5	2	B	40000	781	99.219	98.347	99219	872	42	0	0	648	63	119	773
5	2	cSpy was 36 spamed and the readout avoided!
5	3	G	40000	99531	0.468999	0	469	938	0	0	0	938	0	0	940
5	3	A	40000	99531	0.468999	0	469	469	0	0	0	469	0	0	470
5	3	B	40000	99531	0.468999	0	469	469	0	0	0	469	0	0	470
5	4	G	40000	100000	0	0	0	0	0	0	0	0	0	0	2
5	4	A	40000	100000	0	0	0	0	0	0	0	0	0	0	1
5	4	B	40000	100000	0	0	0	0	0	0	0	0	0	0	1
5	5	G	40000	89023	10.977	2.848	10977	13777	1	1	0	13767	1	7	13778
5	5	A	40000	90161	9.839	3.012	9839	6827	0	0	0	6819	1	7	6828
5	5	B	40000	90366	9.634	2.684	9634	6950	1	1	0	6948	0	0	6950
5	5	cSpy was 1 spamed and the readout avoided!
5	6	G	40000	3	99.997	97.879	99997	2253	172	0	0	737	1129	215	1987
5	6	A	40000	11	99.989	99.889	99989	100	0	0	0	1	0	99	11
5	6	B	40000	1978	98.022	95.869	98022	2153	172	0	0	736	1129	116	1976
5	6	cSpy was 30 spamed and the readout avoided!
5	7	G	40000	45704	54.296	11.5255	54296	57536	4	3	0	51721	5710	98	57498
5	7	A	40000	57959	42.041	12.275	42041	29766	4	3	0	25774	3888	97	29727
5	7	B	40000	61454	38.546	10.776	38546	27770	0	0	0	25947	1822	1	27771
5	7	cSpy was 2 spamed and the readout avoided!
6	0	G	40000	640	99.36	95.346	99360	4986	314	8	0	2461	1433	770	4310
6	0	A	40000	1487	98.513	96.474	98513	2039	174	2	0	170	981	712	1487
6	0	B	40000	2835	97.165	94.218	97165	2947	140	6	0	2291	452	58	2823
6	0	cSpy was 41 spamed and the readout avoided!
6	1	G	40000	14496	85.504	44.2345	85504	53663	2	1	0	47917	5362	381	53470
6	1	A	40000	27323	72.677	47.08	72677	25597	0	1	0	22259	2961	376	25408
6	1	B	40000	30545	69.455	41.389	69455	28066	2	0	0	25658	2401	5	28062
6	1	cSpy was 6 spamed and the readout avoided!
6	2	G	40000	100000	0	0	0	0	0	0	0	0	0	0	2
6	2	A	40000	100000	0	0	0	0	0	0	0	0	0	0	1
6	2	B	40000	100000	0	0	0	0	0	0	0	0	0	0	1
6	3	G	40000	100000	0	0	0	0	0	0	0	0	0	0	2
6	3	A	40000	100000	0	0	0	0	0	0	0	0	0	0	1
6	3	B	40000	100000	0	0	0	0	0	0	0	0	0	0	1
6	4	G	40000	19890	80.11	58.81	80110	34146	817	0	0	32584	145	600	33061
6	4	A	40000	23819	76.181	59.097	76181	17084	394	0	0	16265	0	425	16361
6	4	B	40000	24415	75.585	58.523	75585	17062	423	0	0	16319	145	175	16700
6	4	cSpy was 12 spamed and the readout avoided!
6	5	G	40000	5497	94.503	87.592	94503	8908	197	7	1	7388	497	818	8326
6	5	A	40000	7382	92.618	88.602	92618	4016	14	0	0	3111	206	685	3619
6	5	B	40000	8526	91.474	86.582	91474	4892	183	7	1	4277	291	133	4707
6	5	cSpy was 87 spamed and the readout avoided!
6	6	G	40000	100000	0	0	0	0	0	0	0	0	0	0	2
6	6	A	40000	100000	0	0	0	0	0	0	0	0	0	0	1
6	6	B	40000	100000	0	0	0	0	0	0	0	0	0	0	1
6	7	G	40000	100000	0	0	0	0	0	0	0	0	0	0	2
6	7	A	40000	100000	0	0	0	0	0	0	0	0	0	0	1
6	7	B	40000	100000	0	0	0	0	0	0	0	0	0	0	1
7	0	G	40000	1832	98.168	48.2235	98168	3505	215	0	0	2625	90	575	2999
7	0	A	40000	1853	98.147	95.811	98147	2336	215	0	0	1456	90	575	1829
7	0	B	40000	98195	1.805	0.636	1805	1169	0	0	0	1169	0	0	1170
7	1	G	40000	100000	0	0	0	0	0	0	0	0	0	0	2
7	1	A	40000	100000	0	0	0	0	0	0	0	0	0	0	1
7	1	B	40000	100000	0	0	0	0	0	0	0	0	0	0	1
7	2	G	40000	93950	6.05	1.0425	6050	8330	0	0	0	8253	67	10	8331
7	2	A	40000	94659	5.341	1.188	5341	4153	0	0	0	4090	53	10	4153
7	2	B	40000	94926	5.074	0.897	5074	4177	0	0	0	4163	14	0	4178
7	3	G	40000	0	100	100	100000	200000	200000	200000	200000	200000	200000	200000	200002
7	3	A	40000	0	100	100	100000	100000	100000	100000	100000	100000	100000	100000	100001
7	3	B	40000	0	100	100	100000	100000	100000	100000	100000	100000	100000	100000	100001
7	4	G	40000	91519	8.481	0.702	8481	14659	0	0	0	13933	717	9	14659
7	4	A	40000	91589	8.411	0.702	8411	7709	0	0	0	7053	647	9	7709
7	4	B	40000	92348	7.652	0.702	7652	6950	0	0	0	6880	70	0	6950
7	5	G	40000	100000	0	0	0	0	0	0	0	0	0	0	2
7	5	A	40000	100000	0	0	0	0	0	0	0	0	0	0	1
7	5	B	40000	100000	0	0	0	0	0	0	0	0	0	0	1
7	6	G	40000	99034	0.966001	0.2335	966	1037	0	1	0	1029	4	3	1036
7	6	A	40000	99215	0.784999	0.259	785	526	0	1	0	519	3	3	524
7	6	B	40000	99281	0.718999	0.208	719	511	0	0	0	510	1	0	512
7	7	G	40000	49969	50.031	22.1995	50031	42929	3	0	0	41668	1099	159	42870
7	7	A	40000	55680	44.32	22.584	44320	21736	1	0	0	21092	485	158	21677
7	7	B	40000	56992	43.008	21.815	43008	21193	2	0	0	20576	614	1	21193
7	7	cSpy was 7 spamed and the readout avoided!
