#the gain was set to: 2	the bias was set to: 30
#Sent triggers per delay setting: 100000	and with a frequency [Hz] of: 40000
#160MHz delay setting	400MHz delay setting	Frequency	correct transmitted H+T		error rate [%]	uncertainty [%]	bad or missed events	error count	missing headers	missing trailers	flipped H/T	event nr errors	tbm missed trigger	unknown errors	event nr resets
0	0	G	40000	398	99.602	73.841	99602	18737	107	0	0	17728	299	603	18238
0	0	A	40000	622	99.378	98.27	99378	1108	91	0	0	171	250	596	622
0	0	B	40000	32959	67.041	49.412	67041	17629	16	0	0	17557	49	7	17616
0	0	cSpy was 27 spamed and the readout avoided!
0	1	G	40000	28212	71.788	52.7355	71788	25556	597	0	0	24197	0	762	25007
0	1	A	40000	37099	62.901	52.313	62901	10588	294	0	0	9802	0	492	10298
0	1	B	40000	31874	68.126	53.158	68126	14968	303	0	0	14395	0	270	14709
0	2	G	40000	4932	95.068	77.5625	95068	22086	91	0	0	18677	2968	350	21829
0	2	A	40000	10889	89.111	78.639	89111	10472	60	0	0	8381	1697	334	10242
0	2	B	40000	11900	88.1	76.486	88100	11614	31	0	0	10296	1271	16	11587
0	2	cSpy was 3 spamed and the readout avoided!
0	3	G	40000	100000	0	0	0	0	0	0	0	0	0	0	2
0	3	A	40000	100000	0	0	0	0	0	0	0	0	0	0	1
0	3	B	40000	100000	0	0	0	0	0	0	0	0	0	0	1
0	4	G	40000	99966	0.0339985	0.0015	34	57	0	0	0	56	0	1	59
0	4	A	40000	99971	0.0289977	0.001	29	28	0	0	0	27	0	1	29
0	4	B	40000	99969	0.0310004	0.002	31	29	0	0	0	29	0	0	30
0	5	G	40000	38764	61.236	37.455	61236	31848	25	0	0	31337	115	371	31770
0	5	A	40000	48590	51.41	36.843	51410	14567	15	0	0	14141	53	358	14498
0	5	B	40000	44652	55.348	38.067	55348	17281	10	0	0	17196	62	13	17272
0	6	G	40000	0	100	100	100000	200000	200000	200000	200000	200000	200000	200000	200002
0	6	A	40000	0	100	100	100000	100000	100000	100000	100000	100000	100000	100000	100001
0	6	B	40000	0	100	100	100000	100000	100000	100000	100000	100000	100000	100000	100001
0	7	G	40000	99612	0.388002	0.109	388	558	0	0	0	558	0	0	560
0	7	A	40000	99612	0.388002	0.109	388	279	0	0	0	279	0	0	280
0	7	B	40000	99612	0.388002	0.109	388	279	0	0	0	279	0	0	280
1	0	G	40000	300	99.7	97.258	99700	2893	216	1	0	2153	199	324	2546
1	0	A	40000	1947	98.053	95.841	98053	2212	198	1	0	1584	151	278	1903
1	0	B	40000	644	99.356	98.675	99356	681	18	0	0	569	48	46	643
1	0	cSpy was 25 spamed and the readout avoided!
1	1	G	40000	99473	0.527	0.129	527	796	0	0	0	796	0	0	798
1	1	A	40000	99473	0.527	0.129	527	398	0	0	0	398	0	0	399
1	1	B	40000	99473	0.527	0.129	527	398	0	0	0	398	0	0	399
1	2	G	40000	100000	0	0	0	0	0	0	0	0	0	0	2
1	2	A	40000	100000	0	0	0	0	0	0	0	0	0	0	1
1	2	B	40000	100000	0	0	0	0	0	0	0	0	0	0	1
1	3	G	40000	92548	7.452	1.8015	7452	8725	0	0	0	8675	40	10	8726
1	3	A	40000	94160	5.84	1.572	5840	4268	0	0	0	4236	23	9	4268
1	3	B	40000	93512	6.488	2.031	6488	4457	0	0	0	4439	17	1	4458
1	4	G	40000	823	99.177	95.357	99177	4814	347	8	0	2912	1200	347	4357
1	4	A	40000	2910	97.09	94.112	97090	2978	121	1	0	1741	992	123	2809
1	4	B	40000	1562	98.438	96.602	98438	1836	226	7	0	1171	208	224	1548
1	4	cSpy was 71 spamed and the readout avoided!
1	5	G	40000	83226	16.774	2.8985	16774	14772	0	0	0	13630	1142	0	14774
1	5	A	40000	91196	8.804	1.361	8804	7443	0	0	0	6899	544	0	7444
1	5	B	40000	88235	11.765	4.436	11765	7329	0	0	0	6731	598	0	7330
1	6	G	40000	100000	0	0	0	0	0	0	0	0	0	0	2
1	6	A	40000	100000	0	0	0	0	0	0	0	0	0	0	1
1	6	B	40000	100000	0	0	0	0	0	0	0	0	0	0	1
1	7	G	40000	99973	0.0270009	0	27	54	0	0	0	54	0	0	56
1	7	A	40000	99973	0.0270009	0	27	27	0	0	0	27	0	0	28
1	7	B	40000	99973	0.0270009	0	27	27	0	0	0	27	0	0	28
2	0	G	40000	2026	97.974	48.99	97974	4368	41	2	0	4112	130	83	4283
2	0	A	40000	2058	97.942	95.827	97942	2115	41	2	0	1859	130	83	2030
2	0	B	40000	95594	4.406	2.153	4406	2253	0	0	0	2253	0	0	2253
2	1	G	40000	97993	2.007	0.7665	2007	1768	0	0	0	1760	5	3	1770
2	1	A	40000	98444	1.556	0.731	1556	825	0	0	0	817	5	3	826
2	1	B	40000	98255	1.745	0.802	1745	943	0	0	0	943	0	0	944
2	2	G	40000	26785	73.215	51.913	73215	26107	859	0	0	23140	1394	714	25382
2	2	A	40000	38362	61.638	50.022	61638	11616	476	0	0	10021	645	474	11161
2	2	B	40000	31705	68.295	53.804	68295	14491	383	0	0	13119	749	240	14221
2	3	G	40000	5874	94.126	69.5805	94126	29333	110	12	0	25350	3691	170	29167
2	3	A	40000	19590	80.41	61.767	80410	18643	17	0	0	16020	2514	92	18574
2	3	B	40000	11916	88.084	77.394	88084	10690	93	12	0	9330	1177	78	10593
2	3	cSpy was 18 spamed and the readout avoided!
2	4	G	40000	100000	0	0	0	0	0	0	0	0	0	0	2
2	4	A	40000	100000	0	0	0	0	0	0	0	0	0	0	1
2	4	B	40000	100000	0	0	0	0	0	0	0	0	0	0	1
2	5	G	40000	100000	0	0	0	0	0	0	0	0	0	0	2
2	5	A	40000	100000	0	0	0	0	0	0	0	0	0	0	1
2	5	B	40000	100000	0	0	0	0	0	0	0	0	0	0	1
2	6	G	40000	37896	62.104	42.174	62104	23654	250	0	0	22049	891	464	23464
2	6	A	40000	49157	50.843	40.358	50843	10485	149	0	0	9281	671	384	10343
2	6	B	40000	42841	57.159	43.99	57159	13169	101	0	0	12768	220	80	13121
2	7	G	40000	0	100	100	100000	200000	200000	200000	200000	200000	200000	200000	200002
2	7	A	40000	0	100	100	100000	100000	100000	100000	100000	100000	100000	100000	100001
2	7	B	40000	0	100	100	100000	100000	100000	100000	100000	100000	100000	100000	100001
3	0	G	40000	781	99.219	75.7505	99219	15466	271	3	0	14194	319	679	14854
3	0	A	40000	1269	98.731	96.923	98731	1808	183	0	0	938	38	649	1259
3	0	B	40000	31764	68.236	54.578	68236	13658	88	3	0	13256	281	30	13595
3	0	cSpy was 11 spamed and the readout avoided!
3	1	G	40000	0	100	100	100000	200000	200000	200000	200000	200000	200000	200000	200002
3	1	A	40000	0	100	100	100000	100000	100000	100000	100000	100000	100000	100000	100001
3	1	B	40000	0	100	100	100000	100000	100000	100000	100000	100000	100000	100000	100001
3	2	G	40000	99949	0.0509977	0	51	102	0	0	0	102	0	0	104
3	2	A	40000	99949	0.0509977	0	51	51	0	0	0	51	0	0	52
3	2	B	40000	99949	0.0509977	0	51	51	0	0	0	51	0	0	52
3	3	G	40000	100000	0	0	0	0	0	0	0	0	0	0	2
3	3	A	40000	100000	0	0	0	0	0	0	0	0	0	0	1
3	3	B	40000	100000	0	0	0	0	0	0	0	0	0	0	1
3	4	G	40000	82600	17.4	5.2865	17400	20544	0	0	0	20499	39	6	20546
3	4	A	40000	84571	15.429	5.071	15429	10358	0	0	0	10330	22	6	10359
3	4	B	40000	84312	15.688	5.502	15688	10186	0	0	0	10169	17	0	10187
3	5	G	40000	0	100	100	100000	200000	200000	200000	200000	200000	200000	200000	200002
3	5	A	40000	0	100	100	100000	100000	100000	100000	100000	100000	100000	100000	100001
3	5	B	40000	0	100	100	100000	100000	100000	100000	100000	100000	100000	100000	100001
3	6	G	40000	80968	19.032	4.3485	19032	26357	10	11	0	25048	1277	11	26356
3	6	A	40000	81701	18.299	4.332	18299	13967	0	0	0	12748	1212	7	13968
3	6	B	40000	83245	16.755	4.365	16755	12390	10	11	0	12300	65	4	12388
3	6	cSpy was 2 spamed and the readout avoided!
3	7	G	40000	100000	0	0	0	0	0	0	0	0	0	0	2
3	7	A	40000	100000	0	0	0	0	0	0	0	0	0	0	1
3	7	B	40000	100000	0	0	0	0	0	0	0	0	0	0	1
4	0	G	40000	1121	98.879	61.16	98879	26500	145	2	0	24274	1848	231	26247
4	0	A	40000	1693	98.307	96.383	98307	1924	115	0	0	1078	512	219	1687
4	0	B	40000	49487	50.513	25.937	50513	24576	30	2	0	23196	1336	12	24560
4	0	cSpy was 7 spamed and the readout avoided!
4	1	G	40000	100000	0	0	0	0	0	0	0	0	0	0	2
4	1	A	40000	100000	0	0	0	0	0	0	0	0	0	0	1
4	1	B	40000	100000	0	0	0	0	0	0	0	0	0	0	1
4	2	G	40000	96673	3.327	1.0375	3327	3497	0	0	0	3490	5	2	3499
4	2	A	40000	97202	2.798	1.082	2798	1716	0	0	0	1709	5	2	1717
4	2	B	40000	97226	2.774	0.993	2774	1781	0	0	0	1781	0	0	1782
4	3	G	40000	21899	78.101	56.131	78101	35219	688	0	0	33905	105	521	34311
4	3	A	40000	26013	73.987	56.368	73987	17619	334	0	0	16910	1	374	17010
4	3	B	40000	26506	73.494	55.894	73494	17600	354	0	0	16995	104	147	17301
4	3	cSpy was 8 spamed and the readout avoided!
4	4	G	40000	7951	92.049	69.2305	92049	29798	104	14	0	26755	2529	396	29533
4	4	A	40000	15540	84.46	69.769	84460	14691	44	9	0	12877	1397	364	14472
4	4	B	40000	16201	83.799	68.692	83799	15107	60	5	0	13878	1132	32	15061
4	4	cSpy was 19 spamed and the readout avoided!
4	5	G	40000	100000	0	0	0	0	0	0	0	0	0	0	2
4	5	A	40000	100000	0	0	0	0	0	0	0	0	0	0	1
4	5	B	40000	100000	0	0	0	0	0	0	0	0	0	0	1
4	6	G	40000	100000	0	0	0	0	0	0	0	0	0	0	2
4	6	A	40000	100000	0	0	0	0	0	0	0	0	0	0	1
4	6	B	40000	100000	0	0	0	0	0	0	0	0	0	0	1
4	7	G	40000	26880	73.12	49.471	73120	37126	334	1	0	36460	29	302	36718
4	7	A	40000	31892	68.108	49.588	68108	18520	162	1	0	18121	5	231	18227
4	7	B	40000	32040	67.96	49.354	67960	18606	172	0	0	18339	24	71	18491
4	7	cSpy was 5 spamed and the readout avoided!
5	0	G	40000	440	99.56	58.555	99560	16476	140	0	0	15389	101	846	15912
5	0	A	40000	571	99.429	98.293	99429	1136	140	0	0	59	92	845	571
5	0	B	40000	65843	34.157	18.817	34157	15340	0	0	0	15330	9	1	15341
5	0	cSpy was 66 spamed and the readout avoided!
5	1	G	40000	46270	53.73	29.603	53730	36648	60	0	0	36495	4	89	36587
5	1	A	40000	52120	47.88	29.771	47880	18109	30	0	0	17994	4	81	18058
5	1	B	40000	52026	47.974	29.435	47974	18539	30	0	0	18501	0	8	18529
5	1	cSpy was 4 spamed and the readout avoided!
5	2	G	40000	35	99.965	98.661	99965	1751	42	0	0	702	85	922	925
5	2	A	40000	92	99.908	99.119	99908	789	2	0	0	10	0	777	92
5	2	B	40000	835	99.165	98.203	99165	962	40	0	0	692	85	145	833
5	2	cSpy was 34 spamed and the readout avoided!
5	3	G	40000	99414	0.585997	0	586	1172	0	0	0	1172	0	0	1174
5	3	A	40000	99414	0.585997	0	586	586	0	0	0	586	0	0	587
5	3	B	40000	99414	0.585997	0	586	586	0	0	0	586	0	0	587
5	4	G	40000	100000	0	0	0	0	0	0	0	0	0	0	2
5	4	A	40000	100000	0	0	0	0	0	0	0	0	0	0	1
5	4	B	40000	100000	0	0	0	0	0	0	0	0	0	0	1
5	5	G	40000	88809	11.191	3.284	11191	13323	0	0	0	13315	1	7	13324
5	5	A	40000	89970	10.03	3.436	10030	6594	0	0	0	6586	1	7	6594
5	5	B	40000	90139	9.861	3.132	9861	6729	0	0	0	6729	0	0	6730
5	6	G	40000	0	100	100	100000	200000	200000	200000	200000	200000	200000	200000	200002
5	6	A	40000	0	100	100	100000	100000	100000	100000	100000	100000	100000	100000	100001
5	6	B	40000	0	100	100	100000	100000	100000	100000	100000	100000	100000	100000	100001
5	7	G	40000	41169	58.831	23.078	58831	48716	2	7	0	43719	4903	85	48680
5	7	A	40000	51064	48.936	23.615	48936	25321	2	7	0	21856	3372	84	25284
5	7	B	40000	54064	45.936	22.541	45936	23395	0	0	0	21863	1531	1	23396
6	0	G	40000	560	99.44	95.9405	99440	4327	246	3	0	2157	1224	697	3775
6	0	A	40000	1290	98.71	96.963	98710	1747	135	0	0	161	806	645	1290
6	0	B	40000	2502	97.498	94.918	97498	2580	111	3	0	1996	418	52	2485
6	0	cSpy was 51 spamed and the readout avoided!
6	1	G	40000	13005	86.995	48.799	86995	49234	6	0	0	43980	4916	332	49065
6	1	A	40000	25100	74.9	51.429	74900	23471	1	0	0	20407	2736	327	23309
6	1	B	40000	28068	71.932	46.169	71932	25763	5	0	0	23573	2180	5	25756
6	1	cSpy was 6 spamed and the readout avoided!
6	2	G	40000	100000	0	0	0	0	0	0	0	0	0	0	2
6	2	A	40000	100000	0	0	0	0	0	0	0	0	0	0	1
6	2	B	40000	100000	0	0	0	0	0	0	0	0	0	0	1
6	3	G	40000	100000	0	0	0	0	0	0	0	0	0	0	2
6	3	A	40000	100000	0	0	0	0	0	0	0	0	0	0	1
6	3	B	40000	100000	0	0	0	0	0	0	0	0	0	0	1
6	4	G	40000	18874	81.126	59.4615	81126	33611	797	0	0	32084	130	600	32568
6	4	A	40000	23388	76.612	59.81	76612	16802	394	0	0	15968	2	438	16086
6	4	B	40000	24078	75.922	59.113	75922	16809	403	0	0	16116	128	162	16482
6	4	cSpy was 7 spamed and the readout avoided!
6	5	G	40000	4612	95.388	88.474	95388	8738	227	10	0	7108	544	849	8135
6	5	A	40000	6587	93.413	89.478	93413	3935	17	1	0	2989	219	709	3527
6	5	B	40000	7727	92.273	87.47	92273	4803	210	9	0	4119	325	140	4608
6	5	cSpy was 88 spamed and the readout avoided!
6	6	G	40000	100000	0	0	0	0	0	0	0	0	0	0	2
6	6	A	40000	100000	0	0	0	0	0	0	0	0	0	0	1
6	6	B	40000	100000	0	0	0	0	0	0	0	0	0	0	1
6	7	G	40000	100000	0	0	0	0	0	0	0	0	0	0	2
6	7	A	40000	100000	0	0	0	0	0	0	0	0	0	0	1
6	7	B	40000	100000	0	0	0	0	0	0	0	0	0	0	1
7	0	G	40000	1711	98.289	48.3875	98289	3524	206	0	0	2668	86	564	3039
7	0	A	40000	1728	98.272	96.071	98272	2201	206	0	0	1346	85	564	1715
7	0	B	40000	97973	2.027	0.704	2027	1323	0	0	0	1322	1	0	1324
7	0	cSpy was 1 spamed and the readout avoided!
7	1	G	40000	100000	0	0	0	0	0	0	0	0	0	0	2
7	1	A	40000	100000	0	0	0	0	0	0	0	0	0	0	1
7	1	B	40000	100000	0	0	0	0	0	0	0	0	0	0	1
7	2	G	40000	94839	5.161	1.094	5161	6410	4	6	0	6347	47	6	6408
7	2	A	40000	95576	4.424	1.221	4424	3203	4	6	0	3161	27	5	3201
7	2	B	40000	95826	4.174	0.967	4174	3207	0	0	0	3186	20	1	3207
7	2	cSpy was 1 spamed and the readout avoided!
7	3	G	40000	0	100	100	100000	200000	200000	200000	200000	200000	200000	200000	200002
7	3	A	40000	0	100	100	100000	100000	100000	100000	100000	100000	100000	100000	100001
7	3	B	40000	0	100	100	100000	100000	100000	100000	100000	100000	100000	100000	100001
7	4	G	40000	92075	7.925	0.555	7925	13983	0	0	0	13388	590	5	13985
7	4	A	40000	92115	7.885	0.555	7885	7330	0	0	0	6774	551	5	7331
7	4	B	40000	92792	7.208	0.555	7208	6653	0	0	0	6614	39	0	6654
7	5	G	40000	100000	0	0	0	0	0	0	0	0	0	0	2
7	5	A	40000	100000	0	0	0	0	0	0	0	0	0	0	1
7	5	B	40000	100000	0	0	0	0	0	0	0	0	0	0	1
7	6	G	40000	97732	2.268	0.5625	2268	2278	0	3	0	2256	12	7	2279
7	6	A	40000	98241	1.759	0.628	1759	1131	0	3	0	1116	5	7	1131
7	6	B	40000	98356	1.644	0.497	1644	1147	0	0	0	1140	7	0	1148
7	7	G	40000	48550	51.45	23.5995	51450	43320	4	0	0	41997	1157	162	43262
7	7	A	40000	54112	45.888	23.96	45888	21928	1	0	0	21237	528	162	21870
7	7	B	40000	55369	44.631	23.239	44631	21392	3	0	0	20760	629	0	21392
7	7	cSpy was 7 spamed and the readout avoided!
