#the gain was set to: 2	the bias was set to: 30
#Sent triggers per delay setting: 100000	and with a frequency [Hz] of: 40000
#160MHz delay setting	400MHz delay setting	Frequency	correct transmitted H+T		error rate [%]	uncertainty [%]	bad or missed events	error count	missing headers	missing trailers	flipped H/T	event nr errors	tbm missed trigger	unknown errors	event nr resets
0	0	G	40000	406	99.594	74.173	99594	18668	109	0	0	17635	290	634	18136
0	0	A	40000	603	99.397	98.272	99397	1125	94	0	0	173	237	621	603
0	0	B	40000	32383	67.617	50.074	67617	17543	15	0	0	17462	53	13	17533
0	0	cSpy was 26 spamed and the readout avoided!
0	1	G	40000	26195	73.805	54.294	73805	26002	593	0	0	24667	0	742	25462
0	1	A	40000	35401	64.599	53.84	64599	10759	289	0	0	9970	0	500	10466
0	1	B	40000	30009	69.991	54.748	69991	15243	304	0	0	14697	0	242	14996
0	2	G	40000	7395	92.605	77.3495	92605	19502	278	7	0	16089	2810	318	19153
0	2	A	40000	13830	86.17	75.792	86170	10378	79	0	0	8312	1744	243	10195
0	2	B	40000	11969	88.031	78.907	88031	9124	199	7	0	7777	1066	75	8958
0	2	cSpy was 40 spamed and the readout avoided!
0	3	G	40000	100000	0	0	0	0	0	0	0	0	0	0	2
0	3	A	40000	100000	0	0	0	0	0	0	0	0	0	0	1
0	3	B	40000	100000	0	0	0	0	0	0	0	0	0	0	1
0	4	G	40000	100000	0	0	0	0	0	0	0	0	0	0	2
0	4	A	40000	100000	0	0	0	0	0	0	0	0	0	0	1
0	4	B	40000	100000	0	0	0	0	0	0	0	0	0	0	1
0	5	G	40000	34438	65.562	41.522	65562	31581	48	0	0	30992	142	399	31481
0	5	A	40000	44786	55.214	40.853	55214	14361	27	0	0	13890	68	376	14276
0	5	B	40000	40589	59.411	42.191	59411	17220	21	0	0	17102	74	23	17205
0	6	G	40000	2514	97.486	87.6495	97486	12357	214	6	0	9540	2206	391	11993
0	6	A	40000	4833	95.167	90.261	95167	4906	102	1	0	3483	971	349	4627
0	6	B	40000	7511	92.489	85.038	92489	7451	112	5	0	6057	1235	42	7366
0	6	cSpy was 19 spamed and the readout avoided!
0	7	G	40000	73663	26.337	12.155	26337	16733	7	0	0	13882	2823	21	16716
0	7	A	40000	81906	18.094	7.343	18094	10751	0	0	0	8492	2249	10	10745
0	7	B	40000	77051	22.949	16.967	22949	5982	7	0	0	5390	574	11	5971
1	0	G	40000	294	99.706	97.2955	99706	2825	155	4	0	2177	180	309	2533
1	0	A	40000	1977	98.023	95.858	98023	2165	137	4	0	1637	138	249	1927
1	0	B	40000	607	99.393	98.733	99393	660	18	0	0	540	42	60	606
1	0	cSpy was 16 spamed and the readout avoided!
1	1	G	40000	99440	0.559998	0.135	560	850	0	0	0	850	0	0	852
1	1	A	40000	99440	0.559998	0.135	560	425	0	0	0	425	0	0	426
1	1	B	40000	99440	0.559998	0.135	560	425	0	0	0	425	0	0	426
1	2	G	40000	100000	0	0	0	0	0	0	0	0	0	0	2
1	2	A	40000	100000	0	0	0	0	0	0	0	0	0	0	1
1	2	B	40000	100000	0	0	0	0	0	0	0	0	0	0	1
1	3	G	40000	93832	6.168	1.4055	6168	7598	0	0	0	7559	31	8	7597
1	3	A	40000	95056	4.944	1.235	4944	3709	0	0	0	3689	12	8	3707
1	3	B	40000	94535	5.465	1.576	5465	3889	0	0	0	3870	19	0	3890
1	4	G	40000	742	99.258	95.7985	99258	4363	330	6	0	2581	1115	331	3940
1	4	A	40000	2627	97.373	94.688	97373	2685	113	0	0	1543	920	109	2545
1	4	B	40000	1413	98.587	96.909	98587	1678	217	6	0	1038	195	222	1395
1	4	cSpy was 62 spamed and the readout avoided!
1	5	G	40000	85171	14.829	2.59	14829	13201	0	0	0	12257	944	0	13203
1	5	A	40000	92082	7.918	1.269	7918	6649	0	0	0	6192	457	0	6650
1	5	B	40000	89537	10.463	3.911	10463	6552	0	0	0	6065	487	0	6553
1	6	G	40000	100000	0	0	0	0	0	0	0	0	0	0	2
1	6	A	40000	100000	0	0	0	0	0	0	0	0	0	0	1
1	6	B	40000	100000	0	0	0	0	0	0	0	0	0	0	1
1	7	G	40000	99973	0.0270009	0	27	54	0	0	0	54	0	0	56
1	7	A	40000	99973	0.0270009	0	27	27	0	0	0	27	0	0	28
1	7	B	40000	99973	0.0270009	0	27	27	0	0	0	27	0	0	28
2	0	G	40000	1928	98.072	49.1765	98072	4457	41	1	0	4204	132	79	4371
2	0	A	40000	1968	98.032	95.995	98032	2037	41	1	0	1784	132	79	1950
2	0	B	40000	95222	4.778	2.358	4778	2420	0	0	0	2420	0	0	2421
2	0	cSpy was 1 spamed and the readout avoided!
2	1	G	40000	99852	0.147998	0.032	148	184	0	0	0	184	0	0	186
2	1	A	40000	99883	0.116998	0.028	117	89	0	0	0	89	0	0	90
2	1	B	40000	99869	0.130999	0.036	131	95	0	0	0	95	0	0	96
2	2	G	40000	23567	76.433	52.9165	76433	28335	904	10	0	25190	1446	785	27462
2	2	A	40000	36427	63.573	50.441	63573	13132	458	3	0	10787	1385	499	12645
2	2	B	40000	29405	70.595	55.392	70595	15203	446	7	0	14403	61	286	14817
2	3	G	40000	9443	90.557	68.09	90557	25399	104	1	0	22077	3060	157	25239
2	3	A	40000	23406	76.594	60.714	76594	15880	56	0	0	13521	2209	94	15782
2	3	B	40000	15015	84.985	75.466	84985	9519	48	1	0	8556	851	63	9457
2	3	cSpy was 9 spamed and the readout avoided!
2	4	G	40000	100000	0	0	0	0	0	0	0	0	0	0	2
2	4	A	40000	100000	0	0	0	0	0	0	0	0	0	0	1
2	4	B	40000	100000	0	0	0	0	0	0	0	0	0	0	1
2	5	G	40000	100000	0	0	0	0	0	0	0	0	0	0	2
2	5	A	40000	100000	0	0	0	0	0	0	0	0	0	0	1
2	5	B	40000	100000	0	0	0	0	0	0	0	0	0	0	1
2	6	G	40000	34211	65.789	44.3045	65789	25647	394	1	0	23369	1340	543	25290
2	6	A	40000	46135	53.865	41.952	53865	11913	205	0	0	9979	1334	395	11688
2	6	B	40000	39609	60.391	46.657	60391	13734	189	1	0	13390	6	148	13602
2	7	G	40000	1240	98.76	91.99	98760	8050	323	4	1	6361	1036	325	7650
2	7	A	40000	5342	94.658	89.418	94658	5240	37	0	0	4232	775	196	5100
2	7	B	40000	2628	97.372	94.562	97372	2810	286	4	1	2129	261	129	2550
2	7	cSpy was 66 spamed and the readout avoided!
3	0	G	40000	964	99.036	68.462	99036	16248	259	2	0	15041	307	639	15712
3	0	A	40000	1440	98.56	96.633	98560	1927	208	0	0	1072	33	614	1426
3	0	B	40000	45388	54.612	40.291	54612	14321	51	2	0	13969	274	25	14286
3	0	cSpy was 28 spamed and the readout avoided!
3	1	G	40000	0	100	100	100000	200000	200000	200000	200000	200000	200000	200000	200002
3	1	A	40000	0	100	100	100000	100000	100000	100000	100000	100000	100000	100000	100001
3	1	B	40000	0	100	100	100000	100000	100000	100000	100000	100000	100000	100000	100001
3	2	G	40000	99941	0.0590026	0	59	118	0	0	0	118	0	0	120
3	2	A	40000	99941	0.0590026	0	59	59	0	0	0	59	0	0	60
3	2	B	40000	99941	0.0590026	0	59	59	0	0	0	59	0	0	60
3	3	G	40000	100000	0	0	0	0	0	0	0	0	0	0	2
3	3	A	40000	100000	0	0	0	0	0	0	0	0	0	0	1
3	3	B	40000	100000	0	0	0	0	0	0	0	0	0	0	1
3	4	G	40000	87212	12.788	3.4215	12788	16317	0	0	0	16282	25	10	16319
3	4	A	40000	88512	11.488	3.262	11488	8226	0	0	0	8196	20	10	8227
3	4	B	40000	88328	11.672	3.581	11672	8091	0	0	0	8086	5	0	8092
3	5	G	40000	0	100	100	100000	200000	200000	200000	200000	200000	200000	200000	200002
3	5	A	40000	0	100	100	100000	100000	100000	100000	100000	100000	100000	100000	100001
3	5	B	40000	0	100	100	100000	100000	100000	100000	100000	100000	100000	100000	100001
3	6	G	40000	82431	17.569	4.018	17569	24228	9	11	0	22980	1224	4	24222
3	6	A	40000	83116	16.884	4.001	16884	12883	1	0	0	11709	1171	2	12884
3	6	B	40000	84620	15.38	4.035	15380	11345	8	11	0	11271	53	2	11338
3	6	cSpy was 1 spamed and the readout avoided!
3	7	G	40000	100000	0	0	0	0	0	0	0	0	0	0	2
3	7	A	40000	100000	0	0	0	0	0	0	0	0	0	0	1
3	7	B	40000	100000	0	0	0	0	0	0	0	0	0	0	1
4	0	G	40000	1063	98.937	56.1405	98937	26551	145	4	0	24440	1684	278	26261
4	0	A	40000	1491	98.509	96.74	98509	1769	138	0	0	805	559	267	1487
4	0	B	40000	59677	40.323	15.541	40323	24782	7	4	0	23635	1125	11	24774
4	0	cSpy was 4 spamed and the readout avoided!
4	1	G	40000	100000	0	0	0	0	0	0	0	0	0	0	2
4	1	A	40000	100000	0	0	0	0	0	0	0	0	0	0	1
4	1	B	40000	100000	0	0	0	0	0	0	0	0	0	0	1
4	2	G	40000	96999	3.001	1.3485	3001	2484	0	0	0	2480	1	3	2485
4	2	A	40000	97410	2.59	1.374	2590	1216	0	0	0	1212	1	3	1216
4	2	B	40000	97409	2.591	1.323	2591	1268	0	0	0	1268	0	0	1269
4	3	G	40000	18615	81.385	59.513	81385	33643	782	1	0	32140	113	607	32602
4	3	A	40000	23333	76.667	59.84	76667	16827	387	1	0	15999	4	436	16127
4	3	B	40000	23998	76.002	59.186	76002	16816	395	0	0	16141	109	171	16475
4	3	cSpy was 8 spamed and the readout avoided!
4	4	G	40000	7811	92.189	70.88	92189	27928	144	16	0	24806	2418	544	27531
4	4	A	40000	14807	85.193	71.468	85193	13725	46	9	0	11957	1310	403	13462
4	4	B	40000	15505	84.495	70.292	84495	14203	98	7	0	12849	1108	141	14069
4	4	cSpy was 58 spamed and the readout avoided!
4	5	G	40000	100000	0	0	0	0	0	0	0	0	0	0	2
4	5	A	40000	100000	0	0	0	0	0	0	0	0	0	0	1
4	5	B	40000	100000	0	0	0	0	0	0	0	0	0	0	1
4	6	G	40000	99867	0.133002	0.0165	133	231	0	0	0	231	0	0	233
4	6	A	40000	99868	0.132	0.017	132	115	0	0	0	115	0	0	116
4	6	B	40000	99868	0.132	0.016	132	116	0	0	0	116	0	0	117
4	7	G	40000	43529	56.471	39.887	56471	26867	363	0	0	26170	38	296	26383
4	7	A	40000	46553	53.447	40.011	53447	13436	174	0	0	13047	3	212	13113
4	7	B	40000	46806	53.194	39.763	53194	13431	189	0	0	13123	35	84	13270
4	7	cSpy was 6 spamed and the readout avoided!
5	0	G	40000	454	99.546	58.55	99546	16359	132	0	0	15291	105	831	15823
5	0	A	40000	585	99.415	98.293	99415	1122	132	0	0	65	95	830	585
5	0	B	40000	65956	34.044	18.807	34044	15237	0	0	0	15226	10	1	15238
5	0	cSpy was 66 spamed and the readout avoided!
5	1	G	40000	61640	38.36	20.8975	38360	26807	43	0	0	26686	5	73	26764
5	1	A	40000	65718	34.282	21.021	34282	13261	21	0	0	13166	5	69	13225
5	1	B	40000	65680	34.32	20.774	34320	13546	22	0	0	13520	0	4	13539
5	1	cSpy was 3 spamed and the readout avoided!
5	2	G	40000	0	100	100	100000	200000	200000	200000	200000	200000	200000	200000	200002
5	2	A	40000	0	100	100	100000	100000	100000	100000	100000	100000	100000	100000	100001
5	2	B	40000	0	100	100	100000	100000	100000	100000	100000	100000	100000	100000	100001
5	3	G	40000	99256	0.743997	0	744	1488	0	0	0	1488	0	0	1490
5	3	A	40000	99256	0.743997	0	744	744	0	0	0	744	0	0	745
5	3	B	40000	99256	0.743997	0	744	744	0	0	0	744	0	0	745
5	4	G	40000	100000	0	0	0	0	0	0	0	0	0	0	2
5	4	A	40000	100000	0	0	0	0	0	0	0	0	0	0	1
5	4	B	40000	100000	0	0	0	0	0	0	0	0	0	0	1
5	5	G	40000	93509	6.491	1.2845	6491	9208	0	0	0	9203	1	4	9210
5	5	A	40000	94027	5.973	1.394	5973	4579	0	0	0	4574	1	4	4580
5	5	B	40000	94196	5.804	1.175	5804	4629	0	0	0	4629	0	0	4630
5	6	G	40000	1	99.999	97.7275	99999	2395	192	0	0	918	1095	190	2145
5	6	A	40000	10	99.99	99.908	99990	82	0	0	0	0	0	82	10
5	6	B	40000	2140	97.86	95.547	97860	2313	192	0	0	918	1095	108	2135
5	6	cSpy was 26 spamed and the readout avoided!
5	7	G	40000	39603	60.397	12.7785	60397	61808	12	5	0	55224	6457	110	61767
5	7	A	40000	54722	45.278	13.876	45278	31402	12	5	0	27152	4123	110	31360
5	7	B	40000	57913	42.087	11.681	42087	30406	0	0	0	28072	2334	0	30407
6	0	G	40000	670	99.33	95.557	99330	4765	329	3	0	2274	1417	742	4106
6	0	A	40000	1440	98.56	96.576	98560	1984	185	2	0	158	952	687	1440
6	0	B	40000	2681	97.319	94.538	97319	2781	144	1	0	2116	465	55	2666
6	0	cSpy was 59 spamed and the readout avoided!
6	1	G	40000	13806	86.194	46.4255	86194	51623	6	1	0	46218	5012	386	51439
6	1	A	40000	26206	73.794	49.196	73794	24598	1	1	0	21511	2708	377	24421
6	1	B	40000	29320	70.68	43.655	70680	27025	5	0	0	24707	2304	9	27018
6	1	cSpy was 6 spamed and the readout avoided!
6	2	G	40000	100000	0	0	0	0	0	0	0	0	0	0	2
6	2	A	40000	100000	0	0	0	0	0	0	0	0	0	0	1
6	2	B	40000	100000	0	0	0	0	0	0	0	0	0	0	1
6	3	G	40000	100000	0	0	0	0	0	0	0	0	0	0	2
6	3	A	40000	100000	0	0	0	0	0	0	0	0	0	0	1
6	3	B	40000	100000	0	0	0	0	0	0	0	0	0	0	1
6	4	G	40000	19319	80.681	59.3255	80681	33727	797	1	0	32194	133	602	32674
6	4	A	40000	23468	76.532	59.677	76532	16855	389	0	0	16032	3	431	16146
6	4	B	40000	24154	75.846	58.974	75846	16872	408	1	0	16162	130	171	16528
6	4	cSpy was 14 spamed and the readout avoided!
6	5	G	40000	8247	91.753	78.2995	91753	17458	44	0	0	15404	1233	777	16935
6	5	A	40000	12323	87.677	79.322	87677	8355	2	0	0	7082	563	708	7893
6	5	B	40000	13620	86.38	77.277	86380	9103	42	0	0	8322	670	69	9042
6	5	cSpy was 14 spamed and the readout avoided!
6	6	G	40000	100000	0	0	0	0	0	0	0	0	0	0	2
6	6	A	40000	100000	0	0	0	0	0	0	0	0	0	0	1
6	6	B	40000	100000	0	0	0	0	0	0	0	0	0	0	1
6	7	G	40000	100000	0	0	0	0	0	0	0	0	0	0	2
6	7	A	40000	100000	0	0	0	0	0	0	0	0	0	0	1
6	7	B	40000	100000	0	0	0	0	0	0	0	0	0	0	1
7	0	G	40000	1619	98.381	56.4015	98381	6753	230	0	0	5709	236	578	6253
7	0	A	40000	1865	98.135	95.807	98135	2328	205	0	0	1486	74	563	1844
7	0	B	40000	78579	21.421	16.996	21421	4425	25	0	0	4223	162	15	4409
7	0	cSpy was 5 spamed and the readout avoided!
7	1	G	40000	100000	0	0	0	0	0	0	0	0	0	0	2
7	1	A	40000	100000	0	0	0	0	0	0	0	0	0	0	1
7	1	B	40000	100000	0	0	0	0	0	0	0	0	0	0	1
7	2	G	40000	97382	2.618	0.2945	2618	4322	0	0	0	4266	53	3	4324
7	2	A	40000	97507	2.493	0.33	2493	2163	0	0	0	2118	42	3	2164
7	2	B	40000	97582	2.418	0.259	2418	2159	0	0	0	2148	11	0	2160
7	3	G	40000	0	100	100	100000	200000	200000	200000	200000	200000	200000	200000	200002
7	3	A	40000	0	100	100	100000	100000	100000	100000	100000	100000	100000	100000	100001
7	3	B	40000	0	100	100	100000	100000	100000	100000	100000	100000	100000	100000	100001
7	4	G	40000	92102	7.898	0.8015	7898	13198	0	0	0	12461	732	5	13200
7	4	A	40000	92184	7.816	0.802	7816	7014	0	0	0	6344	665	5	7015
7	4	B	40000	93015	6.985	0.801	6985	6184	0	0	0	6117	67	0	6185
7	5	G	40000	100000	0	0	0	0	0	0	0	0	0	0	2
7	5	A	40000	100000	0	0	0	0	0	0	0	0	0	0	1
7	5	B	40000	100000	0	0	0	0	0	0	0	0	0	0	1
7	6	G	40000	99840	0.160003	0.0035	160	310	0	0	0	310	0	0	312
7	6	A	40000	99840	0.160003	0.005	160	155	0	0	0	155	0	0	156
7	6	B	40000	99843	0.156999	0.002	157	155	0	0	0	155	0	0	156
7	7	G	40000	42331	57.669	28.6135	57669	42550	8	3	0	41134	1187	218	42472
7	7	A	40000	49374	50.626	29.21	50626	21416	4	3	0	20674	518	217	21341
7	7	B	40000	50849	49.151	28.017	49151	21134	4	0	0	20460	669	1	21131
7	7	cSpy was 7 spamed and the readout avoided!
