#the gain was set to: 2	the bias was set to: 30
#Sent triggers per delay setting: 100000	and with a frequency [Hz] of: 40000
#160MHz delay setting	400MHz delay setting	Frequency	correct transmitted H+T		error rate [%]	uncertainty [%]	bad or missed events	error count	missing headers	missing trailers	flipped H/T	event nr errors	tbm missed trigger	unknown errors	event nr resets
0	0	G	40000	409	99.591	73.7785	99591	18820	106	0	0	17769	299	646	18306
0	0	A	40000	615	99.385	98.269	99385	1116	84	0	0	156	246	630	615
0	0	B	40000	33008	66.992	49.288	66992	17704	22	0	0	17613	53	16	17691
0	0	cSpy was 23 spamed and the readout avoided!
0	1	G	40000	28667	71.333	52.78	71333	24990	581	0	0	23152	594	663	24522
0	1	A	40000	37098	62.902	52.288	62902	10614	303	0	0	9848	0	463	10313
0	1	B	40000	32352	67.648	53.272	67648	14376	278	0	0	13304	594	200	14209
0	2	G	40000	6400	93.6	78.225	93600	18881	276	3	1	15532	2727	342	18498
0	2	A	40000	13797	86.203	75.764	86203	10439	71	0	0	8285	1850	233	10260
0	2	B	40000	10872	89.128	80.686	89128	8442	205	3	1	7247	877	109	8238
0	2	cSpy was 27 spamed and the readout avoided!
0	3	G	40000	100000	0	0	0	0	0	0	0	0	0	0	2
0	3	A	40000	100000	0	0	0	0	0	0	0	0	0	0	1
0	3	B	40000	100000	0	0	0	0	0	0	0	0	0	0	1
0	4	G	40000	99786	0.213999	0.0495	214	277	0	0	0	277	0	0	279
0	4	A	40000	99827	0.173002	0.047	173	126	0	0	0	126	0	0	127
0	4	B	40000	99797	0.203001	0.052	203	151	0	0	0	151	0	0	152
0	5	G	40000	41967	58.033	37.363	58033	29074	24	0	0	28564	137	349	29018
0	5	A	40000	50049	49.951	36.9	49951	13051	14	0	0	12682	30	325	12999
0	5	B	40000	46151	53.849	37.826	53849	16023	10	0	0	15882	107	24	16019
0	6	G	40000	0	100	100	100000	200000	200000	200000	200000	200000	200000	200000	200002
0	6	A	40000	0	100	100	100000	100000	100000	100000	100000	100000	100000	100000	100001
0	6	B	40000	0	100	100	100000	100000	100000	100000	100000	100000	100000	100000	100001
0	7	G	40000	99777	0.222999	0.001	223	444	0	0	0	444	0	0	446
0	7	A	40000	99777	0.222999	0.001	223	222	0	0	0	222	0	0	223
0	7	B	40000	99777	0.222999	0.001	223	222	0	0	0	222	0	0	223
1	0	G	40000	367	99.633	96.798	99633	3364	226	4	0	2540	236	358	2982
1	0	A	40000	2303	97.697	95.116	97697	2581	207	4	0	1890	174	306	2246
1	0	B	40000	737	99.263	98.48	99263	783	19	0	0	650	62	52	736
1	0	cSpy was 18 spamed and the readout avoided!
1	1	G	40000	99671	0.329	0.001	329	656	0	0	0	656	0	0	658
1	1	A	40000	99671	0.329	0.001	329	328	0	0	0	328	0	0	329
1	1	B	40000	99671	0.329	0.001	329	328	0	0	0	328	0	0	329
1	2	G	40000	100000	0	0	0	0	0	0	0	0	0	0	2
1	2	A	40000	100000	0	0	0	0	0	0	0	0	0	0	1
1	2	B	40000	100000	0	0	0	0	0	0	0	0	0	0	1
1	3	G	40000	93994	6.006	1.4055	6006	7974	0	0	0	7948	22	4	7975
1	3	A	40000	94861	5.139	1.315	5139	3824	0	0	0	3801	19	4	3824
1	3	B	40000	94354	5.646	1.496	5646	4150	0	0	0	4147	3	0	4151
1	4	G	40000	593	99.407	96.135	99407	4121	272	4	0	2126	1165	554	3536
1	4	A	40000	2274	97.726	95.316	97726	2410	82	0	0	1165	981	182	2210
1	4	B	40000	1335	98.665	96.954	98665	1711	190	4	0	961	184	372	1326
1	4	cSpy was 55 spamed and the readout avoided!
1	5	G	40000	81758	18.242	3.533	18242	15681	0	0	0	14139	1532	10	15683
1	5	A	40000	90359	9.641	1.836	9641	7805	0	0	0	7108	687	10	7806
1	5	B	40000	86894	13.106	5.23	13106	7876	0	0	0	7031	845	0	7877
1	6	G	40000	100000	0	0	0	0	0	0	0	0	0	0	2
1	6	A	40000	100000	0	0	0	0	0	0	0	0	0	0	1
1	6	B	40000	100000	0	0	0	0	0	0	0	0	0	0	1
1	7	G	40000	99338	0.661999	0.2685	662	564	0	0	0	558	3	3	566
1	7	A	40000	99482	0.518	0.254	518	264	0	0	0	260	2	2	265
1	7	B	40000	99417	0.582999	0.283	583	300	0	0	0	298	1	1	301
2	0	G	40000	2172	97.828	48.66	97828	4220	55	1	0	3946	139	79	4114
2	0	A	40000	2215	97.785	95.496	97785	2289	55	1	0	2015	139	79	2182
2	0	B	40000	96245	3.755	1.824	3755	1931	0	0	0	1931	0	0	1932
2	1	G	40000	99810	0.190002	0.01	190	356	0	0	0	356	0	0	358
2	1	A	40000	99814	0.186002	0.01	186	176	0	0	0	176	0	0	177
2	1	B	40000	99810	0.190002	0.01	190	180	0	0	0	180	0	0	181
2	2	G	40000	34164	65.836	43.7105	65836	27353	656	0	0	24926	1184	587	26765
2	2	A	40000	45643	54.357	41.987	54357	12370	365	0	0	11026	586	393	12014
2	2	B	40000	39583	60.417	45.434	60417	14983	291	0	0	13900	598	194	14751
2	3	G	40000	5555	94.445	69.736	94445	29200	71	0	0	25806	3239	84	29124
2	3	A	40000	19954	80.046	61.038	80046	19008	7	0	0	16470	2479	52	18976
2	3	B	40000	11374	88.626	78.434	88626	10192	64	0	0	9336	760	32	10148
2	4	G	40000	100000	0	0	0	0	0	0	0	0	0	0	2
2	4	A	40000	100000	0	0	0	0	0	0	0	0	0	0	1
2	4	B	40000	100000	0	0	0	0	0	0	0	0	0	0	1
2	5	G	40000	100000	0	0	0	0	0	0	0	0	0	0	2
2	5	A	40000	100000	0	0	0	0	0	0	0	0	0	0	1
2	5	B	40000	100000	0	0	0	0	0	0	0	0	0	0	1
2	6	G	40000	29565	70.435	47.282	70435	27065	128	0	0	25558	933	446	26959
2	6	A	40000	42817	57.183	45.173	57183	12010	85	0	0	10738	767	420	11923
2	6	B	40000	35554	64.446	49.391	64446	15055	43	0	0	14820	166	26	15036
2	7	G	40000	0	100	100	100000	200000	200000	200000	200000	200000	200000	200000	200002
2	7	A	40000	0	100	100	100000	100000	100000	100000	100000	100000	100000	100000	100001
2	7	B	40000	0	100	100	100000	100000	100000	100000	100000	100000	100000	100000	100001
3	0	G	40000	689	99.311	80.847	99311	17187	296	2	0	15843	349	697	16532
3	0	A	40000	1229	98.771	96.978	98771	1793	201	0	0	922	16	654	1218
3	0	B	40000	19890	80.11	64.716	80110	15394	95	2	0	14921	333	43	15314
3	0	cSpy was 9 spamed and the readout avoided!
3	1	G	40000	0	100	100	100000	200000	200000	200000	200000	200000	200000	200000	200002
3	1	A	40000	0	100	100	100000	100000	100000	100000	100000	100000	100000	100000	100001
3	1	B	40000	0	100	100	100000	100000	100000	100000	100000	100000	100000	100000	100001
3	2	G	40000	91220	8.78	2.105	8780	11328	14	6	0	10599	701	8	11323
3	2	A	40000	91872	8.128	2.088	8128	6040	1	0	0	5364	671	4	6039
3	2	B	40000	92590	7.41	2.122	7410	5288	13	6	0	5235	30	4	5284
3	2	cSpy was 1 spamed and the readout avoided!
3	3	G	40000	100000	0	0	0	0	0	0	0	0	0	0	2
3	3	A	40000	100000	0	0	0	0	0	0	0	0	0	0	1
3	3	B	40000	100000	0	0	0	0	0	0	0	0	0	0	1
3	4	G	40000	80281	19.719	7.6845	19719	19309	6	0	0	19235	55	13	19306
3	4	A	40000	82773	17.227	7.478	17227	9749	3	0	0	9713	20	13	9746
3	4	B	40000	82549	17.451	7.891	17451	9560	3	0	0	9522	35	0	9560
3	5	G	40000	0	100	100	100000	200000	200000	200000	200000	200000	200000	200000	200002
3	5	A	40000	0	100	100	100000	100000	100000	100000	100000	100000	100000	100000	100001
3	5	B	40000	0	100	100	100000	100000	100000	100000	100000	100000	100000	100000	100001
3	6	G	40000	63992	36.008	28.185	36008	14131	52	1	0	13196	643	239	13890
3	6	A	40000	64264	35.736	28.413	35736	7323	0	0	0	6629	571	123	7203
3	6	B	40000	65235	34.765	27.957	34765	6808	52	1	0	6567	72	116	6687
3	6	cSpy was 85 spamed and the readout avoided!
3	7	G	40000	100000	0	0	0	0	0	0	0	0	0	0	2
3	7	A	40000	100000	0	0	0	0	0	0	0	0	0	0	1
3	7	B	40000	100000	0	0	0	0	0	0	0	0	0	0	1
4	0	G	40000	0	100	100	100000	200000	200000	200000	200000	200000	200000	200000	200002
4	0	A	40000	0	100	100	100000	100000	100000	100000	100000	100000	100000	100000	100001
4	0	B	40000	0	100	100	100000	100000	100000	100000	100000	100000	100000	100000	100001
4	1	G	40000	100000	0	0	0	0	0	0	0	0	0	0	2
4	1	A	40000	100000	0	0	0	0	0	0	0	0	0	0	1
4	1	B	40000	100000	0	0	0	0	0	0	0	0	0	0	1
4	2	G	40000	100000	0	0	0	0	0	0	0	0	0	0	2
4	2	A	40000	100000	0	0	0	0	0	0	0	0	0	0	1
4	2	B	40000	100000	0	0	0	0	0	0	0	0	0	0	1
4	3	G	40000	18191	81.809	59.862	81809	33425	768	1	0	31929	113	614	32407
4	3	A	40000	23066	76.934	60.218	76934	16716	376	1	0	15890	8	441	16030
4	3	B	40000	23785	76.215	59.506	76215	16709	392	0	0	16039	105	173	16377
4	3	cSpy was 19 spamed and the readout avoided!
4	4	G	40000	0	100	100	100000	200000	200000	200000	200000	200000	200000	200000	200002
4	4	A	40000	0	100	100	100000	100000	100000	100000	100000	100000	100000	100000	100001
4	4	B	40000	0	100	100	100000	100000	100000	100000	100000	100000	100000	100000	100001
4	5	G	40000	100000	0	0	0	0	0	0	0	0	0	0	2
4	5	A	40000	100000	0	0	0	0	0	0	0	0	0	0	1
4	5	B	40000	100000	0	0	0	0	0	0	0	0	0	0	1
4	6	G	40000	99973	0.0270009	0.001	27	52	0	0	0	52	0	0	54
4	6	A	40000	99973	0.0270009	0.001	27	26	0	0	0	26	0	0	27
4	6	B	40000	99973	0.0270009	0.001	27	26	0	0	0	26	0	0	27
4	7	G	40000	41577	58.423	41.384	58423	27489	396	0	0	26735	31	327	26975
4	7	A	40000	44723	55.277	41.528	55277	13749	190	0	0	13320	0	239	13400
4	7	B	40000	45020	54.98	41.24	54980	13740	206	0	0	13415	31	88	13575
4	7	cSpy was 5 spamed and the readout avoided!
5	0	G	40000	478	99.522	58.0315	99522	16016	140	0	0	14958	110	808	15513
5	0	A	40000	610	99.39	98.276	99390	1114	140	0	0	70	97	807	610
5	0	B	40000	67311	32.689	17.787	32689	14902	0	0	0	14888	13	1	14903
5	0	cSpy was 74 spamed and the readout avoided!
5	1	G	40000	59443	40.557	23.047	40557	27035	40	0	0	26926	3	66	26993
5	1	A	40000	63472	36.528	23.146	36528	13382	20	0	0	13294	3	65	13344
5	1	B	40000	63399	36.601	22.948	36601	13653	20	0	0	13632	0	1	13649
5	1	cSpy was 2 spamed and the readout avoided!
5	2	G	40000	0	100	100	100000	200000	200000	200000	200000	200000	200000	200000	200002
5	2	A	40000	0	100	100	100000	100000	100000	100000	100000	100000	100000	100000	100001
5	2	B	40000	0	100	100	100000	100000	100000	100000	100000	100000	100000	100000	100001
5	3	G	40000	99371	0.629002	0	629	1257	0	0	0	1256	1	0	1259
5	3	A	40000	99371	0.629002	0	629	629	0	0	0	628	1	0	630
5	3	B	40000	99372	0.628	0	628	628	0	0	0	628	0	0	629
5	4	G	40000	100000	0	0	0	0	0	0	0	0	0	0	2
5	4	A	40000	100000	0	0	0	0	0	0	0	0	0	0	1
5	4	B	40000	100000	0	0	0	0	0	0	0	0	0	0	1
5	5	G	40000	90334	9.666	2.3945	9666	12429	0	0	0	12425	1	3	12431
5	5	A	40000	91292	8.708	2.544	8708	6164	0	0	0	6160	1	3	6165
5	5	B	40000	91490	8.51	2.245	8510	6265	0	0	0	6265	0	0	6266
5	6	G	40000	6	99.994	97.784	99994	2358	182	0	0	855	1076	245	2066
5	6	A	40000	10	99.99	99.877	99990	113	0	0	0	0	0	113	10
5	6	B	40000	2064	97.936	95.691	97936	2245	182	0	0	855	1076	132	2056
5	6	cSpy was 26 spamed and the readout avoided!
5	7	G	40000	44579	55.421	11.8645	55421	58394	6	5	0	52502	5769	112	58354
5	7	A	40000	57220	42.78	12.708	42780	30072	6	5	0	26038	3911	112	30031
5	7	B	40000	60657	39.343	11.021	39343	28322	0	0	0	26464	1858	0	28323
5	7	cSpy was 1 spamed and the readout avoided!
6	0	G	40000	704	99.296	95.293	99296	5017	298	6	0	2468	1493	752	4384
6	0	A	40000	1553	98.447	96.362	98447	2085	168	1	0	183	1023	710	1553
6	0	B	40000	2844	97.156	94.224	97156	2932	130	5	0	2285	470	42	2831
6	0	cSpy was 58 spamed and the readout avoided!
6	1	G	40000	13924	86.076	45.276	86076	52763	7	0	0	47336	5026	394	52563
6	1	A	40000	26765	73.235	48.083	73235	25152	2	0	0	22041	2718	391	24956
6	1	B	40000	29920	70.08	42.469	70080	27611	5	0	0	25295	2308	3	27607
6	1	cSpy was 12 spamed and the readout avoided!
6	2	G	40000	100000	0	0	0	0	0	0	0	0	0	0	2
6	2	A	40000	100000	0	0	0	0	0	0	0	0	0	0	1
6	2	B	40000	100000	0	0	0	0	0	0	0	0	0	0	1
6	3	G	40000	100000	0	0	0	0	0	0	0	0	0	0	2
6	3	A	40000	100000	0	0	0	0	0	0	0	0	0	0	1
6	3	B	40000	100000	0	0	0	0	0	0	0	0	0	0	1
6	4	G	40000	20174	79.826	58.7735	79826	34149	811	0	0	32597	141	600	33067
6	4	A	40000	23861	76.139	59.05	76139	17089	395	0	0	16266	1	427	16366
6	4	B	40000	24443	75.557	58.497	75557	17060	416	0	0	16331	140	173	16701
6	4	cSpy was 24 spamed and the readout avoided!
6	5	G	40000	7117	92.883	86.4155	92883	8834	138	2	0	7284	436	975	8092
6	5	A	40000	8673	91.327	87.134	91327	4193	16	0	0	3156	209	812	3622
6	5	B	40000	9662	90.338	85.697	90338	4641	122	2	0	4128	227	163	4470
6	5	cSpy was 38 spamed and the readout avoided!
6	6	G	40000	100000	0	0	0	0	0	0	0	0	0	0	2
6	6	A	40000	100000	0	0	0	0	0	0	0	0	0	0	1
6	6	B	40000	100000	0	0	0	0	0	0	0	0	0	0	1
6	7	G	40000	100000	0	0	0	0	0	0	0	0	0	0	2
6	7	A	40000	100000	0	0	0	0	0	0	0	0	0	0	1
6	7	B	40000	100000	0	0	0	0	0	0	0	0	0	0	1
7	0	G	40000	1806	98.194	48.3965	98194	8466	202	0	0	7523	175	566	7973
7	0	A	40000	1924	98.076	95.676	98076	2400	202	0	0	1533	99	566	1906
7	0	B	40000	92817	7.183	1.117	7183	6066	0	0	0	5990	76	0	6067
7	0	cSpy was 5 spamed and the readout avoided!
7	1	G	40000	100000	0	0	0	0	0	0	0	0	0	0	2
7	1	A	40000	100000	0	0	0	0	0	0	0	0	0	0	1
7	1	B	40000	100000	0	0	0	0	0	0	0	0	0	0	1
7	2	G	40000	95206	4.794	0.8415	4794	6438	0	0	0	6393	43	2	6440
7	2	A	40000	95823	4.177	0.951	4177	3226	0	0	0	3192	32	2	3227
7	2	B	40000	96056	3.944	0.732	3944	3212	0	0	0	3201	11	0	3213
7	3	G	40000	0	100	100	100000	200000	200000	200000	200000	200000	200000	200000	200002
7	3	A	40000	0	100	100	100000	100000	100000	100000	100000	100000	100000	100000	100001
7	3	B	40000	0	100	100	100000	100000	100000	100000	100000	100000	100000	100000	100001
7	4	G	40000	66516	33.484	28.015	33484	9508	142	1	0	8605	410	350	9233
7	4	A	40000	66847	33.153	28.344	33153	4809	17	0	0	4175	347	270	4649
7	4	B	40000	67615	32.385	27.686	32385	4699	125	1	0	4430	63	80	4584
7	4	cSpy was 70 spamed and the readout avoided!
7	5	G	40000	100000	0	0	0	0	0	0	0	0	0	0	2
7	5	A	40000	100000	0	0	0	0	0	0	0	0	0	0	1
7	5	B	40000	100000	0	0	0	0	0	0	0	0	0	0	1
7	6	G	40000	98775	1.225	0.3035	1225	1280	1	0	0	1271	6	2	1282
7	6	A	40000	99027	0.972998	0.334	973	639	1	0	0	633	3	2	640
7	6	B	40000	99086	0.914001	0.273	914	641	0	0	0	638	3	0	642
7	7	G	40000	49982	50.018	22.317	50018	42518	1	2	0	41341	1024	150	42473
7	7	A	40000	55769	44.231	22.691	44231	21540	0	2	0	20947	442	149	21494
7	7	B	40000	57079	42.921	21.943	42921	20978	1	0	0	20394	582	1	20979
7	7	cSpy was 8 spamed and the readout avoided!
