#the gain was set to: 2	the bias was set to: 30
#Sent triggers per delay setting: 100000	and with a frequency [Hz] of: 40000
#160MHz delay setting	400MHz delay setting	Frequency	correct transmitted H+T		error rate [%]	uncertainty [%]	bad or missed events	error count	missing headers	missing trailers	flipped H/T	event nr errors	tbm missed trigger	unknown errors	event nr resets
0	0	G	40000	363	99.637	75.4545	99637	18309	135	0	0	17202	281	691	17713
0	0	A	40000	595	99.405	98.245	99405	1160	95	0	0	186	213	666	595
0	0	B	40000	30187	69.813	52.664	69813	17149	40	0	0	17016	68	25	17118
0	0	cSpy was 32 spamed and the readout avoided!
0	1	G	40000	29167	70.833	51.7465	70833	25377	282	0	0	24081	459	555	25175
0	1	A	40000	37993	62.007	51.185	62007	10822	151	0	0	10230	0	441	10669
0	1	B	40000	33137	66.863	52.308	66863	14555	131	0	0	13851	459	114	14506
0	2	G	40000	3262	96.738	84.65	96738	15159	57	1	0	12775	2011	315	14954
0	2	A	40000	6702	93.298	86.716	93298	6582	25	0	0	5083	1176	298	6402
0	2	B	40000	8839	91.161	82.584	91161	8577	32	1	0	7692	835	17	8552
0	2	cSpy was 1 spamed and the readout avoided!
0	3	G	40000	100000	0	0	0	0	0	0	0	0	0	0	2
0	3	A	40000	100000	0	0	0	0	0	0	0	0	0	0	1
0	3	B	40000	100000	0	0	0	0	0	0	0	0	0	0	1
0	4	G	40000	100000	0	0	0	0	0	0	0	0	0	0	2
0	4	A	40000	100000	0	0	0	0	0	0	0	0	0	0	1
0	4	B	40000	100000	0	0	0	0	0	0	0	0	0	0	1
0	5	G	40000	34578	65.422	45.7165	65422	26373	68	0	0	25635	243	427	26296
0	5	A	40000	43335	56.665	45.166	56665	11499	38	0	0	11035	27	399	11433
0	5	B	40000	38859	61.141	46.267	61141	14874	30	0	0	14600	216	28	14863
0	6	G	40000	3045	96.955	86.2885	96955	13645	319	12	0	10986	1910	418	13164
0	6	A	40000	6494	93.506	87.051	93506	6455	138	0	0	4757	1215	345	6132
0	6	B	40000	7284	92.716	85.526	92716	7190	181	12	0	6229	695	73	7032
0	6	cSpy was 29 spamed and the readout avoided!
0	7	G	40000	99906	0.0940025	0	94	188	0	0	0	188	0	0	190
0	7	A	40000	99906	0.0940025	0	94	94	0	0	0	94	0	0	95
0	7	B	40000	99906	0.0940025	0	94	94	0	0	0	94	0	0	95
1	0	G	40000	482	99.518	95.509	99518	4600	262	4	0	3507	469	358	4218
1	0	A	40000	3453	96.547	92.926	96547	3621	233	4	0	2749	328	307	3289
1	0	B	40000	929	99.071	98.092	99071	979	29	0	0	758	141	51	929
1	0	cSpy was 27 spamed and the readout avoided!
1	1	G	40000	99717	0.283003	0.067	283	431	0	0	0	431	0	0	433
1	1	A	40000	99718	0.282001	0.067	282	215	0	0	0	215	0	0	216
1	1	B	40000	99717	0.283003	0.067	283	216	0	0	0	216	0	0	217
1	2	G	40000	100000	0	0	0	0	0	0	0	0	0	0	2
1	2	A	40000	100000	0	0	0	0	0	0	0	0	0	0	1
1	2	B	40000	100000	0	0	0	0	0	0	0	0	0	0	1
1	3	G	40000	84072	15.928	4.9695	15928	15294	0	0	0	15118	149	27	15292
1	3	A	40000	88132	11.868	4.432	11868	7436	0	0	0	7309	100	27	7433
1	3	B	40000	86635	13.365	5.507	13365	7858	0	0	0	7809	49	0	7859
1	4	G	40000	0	100	100	100000	200000	200000	200000	200000	200000	200000	200000	200002
1	4	A	40000	0	100	100	100000	100000	100000	100000	100000	100000	100000	100000	100001
1	4	B	40000	0	100	100	100000	100000	100000	100000	100000	100000	100000	100000	100001
1	5	G	40000	90650	9.35	1.5775	9350	9893	0	0	0	9433	460	0	9895
1	5	A	40000	94106	5.894	0.959	5894	4935	0	0	0	4742	193	0	4936
1	5	B	40000	92846	7.154	2.196	7154	4958	0	0	0	4691	267	0	4959
1	6	G	40000	100000	0	0	0	0	0	0	0	0	0	0	2
1	6	A	40000	100000	0	0	0	0	0	0	0	0	0	0	1
1	6	B	40000	100000	0	0	0	0	0	0	0	0	0	0	1
1	7	G	40000	99878	0.121999	0.001	122	241	0	0	0	241	0	0	243
1	7	A	40000	99879	0.120997	0.001	121	120	0	0	0	120	0	0	121
1	7	B	40000	99878	0.121999	0.001	122	121	0	0	0	121	0	0	122
2	0	G	40000	2079	97.921	48.917	97921	4380	51	0	0	4119	121	89	4288
2	0	A	40000	2116	97.884	95.707	97884	2177	51	0	0	1916	121	89	2084
2	0	B	40000	95670	4.33	2.127	4330	2203	0	0	0	2203	0	0	2204
2	1	G	40000	98367	1.633	0.5175	1633	1745	0	0	0	1737	5	3	1746
2	1	A	40000	98674	1.326	0.491	1326	835	0	0	0	827	5	3	835
2	1	B	40000	98546	1.454	0.544	1454	910	0	0	0	910	0	0	911
2	2	G	40000	25675	74.325	52.8115	74325	26489	754	1	0	23645	1364	725	25801
2	2	A	40000	37162	62.838	50.892	62838	11946	425	1	0	10457	582	481	11529
2	2	B	40000	30726	69.274	54.731	69274	14543	329	0	0	13188	782	244	14272
2	3	G	40000	7239	92.761	64.432	92761	34151	167	18	2	29244	4452	269	33880
2	3	A	40000	23063	76.937	55.016	76937	21921	52	0	0	18240	3469	160	21781
2	3	B	40000	13922	86.078	73.848	86078	12230	115	18	2	11004	983	109	12099
2	3	cSpy was 13 spamed and the readout avoided!
2	4	G	40000	100000	0	0	0	0	0	0	0	0	0	0	2
2	4	A	40000	100000	0	0	0	0	0	0	0	0	0	0	1
2	4	B	40000	100000	0	0	0	0	0	0	0	0	0	0	1
2	5	G	40000	100000	0	0	0	0	0	0	0	0	0	0	2
2	5	A	40000	100000	0	0	0	0	0	0	0	0	0	0	1
2	5	B	40000	100000	0	0	0	0	0	0	0	0	0	0	1
2	6	G	40000	28714	71.286	49.1435	71286	26168	297	0	0	24316	1021	534	25945
2	6	A	40000	41353	58.647	47.107	58647	11540	180	0	0	10150	762	448	11365
2	6	B	40000	34192	65.808	51.18	65808	14628	117	0	0	14166	259	86	14580
2	7	G	40000	0	100	100	100000	200000	200000	200000	200000	200000	200000	200000	200002
2	7	A	40000	0	100	100	100000	100000	100000	100000	100000	100000	100000	100000	100001
2	7	B	40000	0	100	100	100000	100000	100000	100000	100000	100000	100000	100000	100001
3	0	G	40000	868	99.132	74.2255	99132	15666	269	3	0	14385	318	691	15053
3	0	A	40000	1318	98.682	96.817	98682	1865	197	0	0	978	30	660	1304
3	0	B	40000	34565	65.435	51.634	65435	13801	72	3	0	13407	288	31	13749
3	0	cSpy was 13 spamed and the readout avoided!
3	1	G	40000	0	100	100	100000	200000	200000	200000	200000	200000	200000	200000	200002
3	1	A	40000	0	100	100	100000	100000	100000	100000	100000	100000	100000	100000	100001
3	1	B	40000	0	100	100	100000	100000	100000	100000	100000	100000	100000	100000	100001
3	2	G	40000	99978	0.0220001	0	22	44	0	0	0	44	0	0	46
3	2	A	40000	99978	0.0220001	0	22	22	0	0	0	22	0	0	23
3	2	B	40000	99978	0.0220001	0	22	22	0	0	0	22	0	0	23
3	3	G	40000	100000	0	0	0	0	0	0	0	0	0	0	2
3	3	A	40000	100000	0	0	0	0	0	0	0	0	0	0	1
3	3	B	40000	100000	0	0	0	0	0	0	0	0	0	0	1
3	4	G	40000	70612	29.388	11.469	29388	28531	8	0	0	28412	89	22	28526
3	4	A	40000	74440	25.56	11.151	25560	14409	4	0	0	14347	36	22	14403
3	4	B	40000	74091	25.909	11.787	25909	14122	4	0	0	14065	53	0	14123
3	5	G	40000	0	100	100	100000	200000	200000	200000	200000	200000	200000	200000	200002
3	5	A	40000	0	100	100	100000	100000	100000	100000	100000	100000	100000	100000	100001
3	5	B	40000	0	100	100	100000	100000	100000	100000	100000	100000	100000	100000	100001
3	6	G	40000	87035	12.965	2.5345	12965	19663	1	1	0	19046	614	1	19665
3	6	A	40000	87230	12.77	2.533	12770	10237	0	0	0	9640	596	1	10238
3	6	B	40000	88038	11.962	2.536	11962	9426	1	1	0	9406	18	0	9427
3	6	cSpy was 2 spamed and the readout avoided!
3	7	G	40000	100000	0	0	0	0	0	0	0	0	0	0	2
3	7	A	40000	100000	0	0	0	0	0	0	0	0	0	0	1
3	7	B	40000	100000	0	0	0	0	0	0	0	0	0	0	1
4	0	G	40000	1052	98.948	53.65	98948	23042	170	2	0	21334	1100	436	22624
4	0	A	40000	1319	98.681	96.946	98681	1735	167	0	0	699	434	435	1318
4	0	B	40000	68339	31.661	10.354	31661	21307	3	2	0	20635	666	1	21306
4	0	cSpy was 2 spamed and the readout avoided!
4	1	G	40000	100000	0	0	0	0	0	0	0	0	0	0	2
4	1	A	40000	100000	0	0	0	0	0	0	0	0	0	0	1
4	1	B	40000	100000	0	0	0	0	0	0	0	0	0	0	1
4	2	G	40000	92054	7.946	4.4445	7946	5091	8	0	0	5063	2	18	5082
4	2	A	40000	93010	6.99	4.481	6990	2509	4	0	0	2488	2	15	2503
4	2	B	40000	93010	6.99	4.408	6990	2582	4	0	0	2575	0	3	2579
4	3	G	40000	19671	80.329	58.8435	80329	34169	794	0	0	32650	127	598	33106
4	3	A	40000	23766	76.234	59.114	76234	17120	390	0	0	16303	0	427	16402
4	3	B	40000	24378	75.622	58.573	75622	17049	404	0	0	16347	127	171	16704
4	3	cSpy was 7 spamed and the readout avoided!
4	4	G	40000	11658	88.342	59.659	88342	37916	60	10	0	34088	3485	273	37738
4	4	A	40000	21178	78.822	60.027	78822	18795	27	6	0	16413	2100	249	18644
4	4	B	40000	21588	78.412	59.291	78412	19121	33	4	0	17675	1385	24	19094
4	4	cSpy was 21 spamed and the readout avoided!
4	5	G	40000	100000	0	0	0	0	0	0	0	0	0	0	2
4	5	A	40000	100000	0	0	0	0	0	0	0	0	0	0	1
4	5	B	40000	100000	0	0	0	0	0	0	0	0	0	0	1
4	6	G	40000	100000	0	0	0	0	0	0	0	0	0	0	2
4	6	A	40000	100000	0	0	0	0	0	0	0	0	0	0	1
4	6	B	40000	100000	0	0	0	0	0	0	0	0	0	0	1
4	7	G	40000	23784	76.216	55.8595	76216	33251	701	0	0	31867	136	547	32272
4	7	A	40000	27262	72.738	56.11	72738	16628	337	0	0	15915	0	376	15991
4	7	B	40000	27768	72.232	55.609	72232	16623	364	0	0	15952	136	171	16281
4	7	cSpy was 8 spamed and the readout avoided!
5	0	G	40000	474	99.526	57.6245	99526	15642	152	0	0	14517	115	858	15084
5	0	A	40000	619	99.381	98.203	99381	1178	152	0	0	65	104	857	619
5	0	B	40000	68490	31.51	17.046	31510	14464	0	0	0	14452	11	1	14465
5	0	cSpy was 64 spamed and the readout avoided!
5	1	G	40000	34111	65.889	43.421	65889	35191	193	0	0	34791	7	200	34975
5	1	A	40000	38950	61.05	43.518	61050	17532	93	0	0	17268	6	165	17368
5	1	B	40000	39017	60.983	43.324	60983	17659	100	0	0	17523	1	35	17607
5	1	cSpy was 7 spamed and the readout avoided!
5	2	G	40000	50	99.95	98.2655	99950	2151	97	0	0	1030	63	961	1315
5	2	A	40000	139	99.861	99.052	99861	809	6	0	0	11	0	792	139
5	2	B	40000	1179	98.821	97.479	98821	1342	91	0	0	1019	63	169	1176
5	2	cSpy was 55 spamed and the readout avoided!
5	3	G	40000	99792	0.208002	0	208	416	0	0	0	416	0	0	418
5	3	A	40000	99792	0.208002	0	208	208	0	0	0	208	0	0	209
5	3	B	40000	99792	0.208002	0	208	208	0	0	0	208	0	0	209
5	4	G	40000	100000	0	0	0	0	0	0	0	0	0	0	2
5	4	A	40000	100000	0	0	0	0	0	0	0	0	0	0	1
5	4	B	40000	100000	0	0	0	0	0	0	0	0	0	0	1
5	5	G	40000	78805	21.195	7.2965	21195	21908	3	2	0	21881	4	18	21909
5	5	A	40000	81642	18.358	7.56	18358	10798	1	1	0	10774	4	18	10798
5	5	B	40000	81857	18.143	7.033	18143	11110	2	1	0	11107	0	0	11111
5	6	G	40000	4	99.996	97.9455	99996	2195	173	0	0	673	1109	240	1911
5	6	A	40000	12	99.988	99.867	99988	121	0	0	0	5	1	115	12
5	6	B	40000	1902	98.098	96.024	98098	2074	173	0	0	668	1108	125	1899
5	6	cSpy was 28 spamed and the readout avoided!
5	7	G	40000	55918	44.082	9.4925	44082	50375	2	1	0	45530	4740	102	50341
5	7	A	40000	63284	36.716	9.838	36716	26878	2	1	0	23185	3589	101	26843
5	7	B	40000	67356	32.644	9.147	32644	23497	0	0	0	22345	1151	1	23498
6	0	G	40000	735	99.265	94.968	99265	5351	289	5	0	2727	1520	810	4703
6	0	A	40000	1559	98.441	96.318	98441	2123	176	2	0	164	1008	773	1559
6	0	B	40000	3154	96.846	93.618	96846	3228	113	3	0	2563	512	37	3144
6	0	cSpy was 55 spamed and the readout avoided!
6	1	G	40000	17874	82.126	33.4585	82126	62923	5	0	0	56109	6525	284	62793
6	1	A	40000	33371	66.629	36.629	66629	30000	1	0	0	25999	3718	282	29871
6	1	B	40000	36789	63.211	30.288	63211	32923	4	0	0	30110	2807	2	32922
6	1	cSpy was 7 spamed and the readout avoided!
6	2	G	40000	100000	0	0	0	0	0	0	0	0	0	0	2
6	2	A	40000	100000	0	0	0	0	0	0	0	0	0	0	1
6	2	B	40000	100000	0	0	0	0	0	0	0	0	0	0	1
6	3	G	40000	99981	0.019002	0.005	19	26	0	0	0	26	0	0	28
6	3	A	40000	99981	0.019002	0.005	19	14	0	0	0	14	0	0	15
6	3	B	40000	99983	0.0169992	0.005	17	12	0	0	0	12	0	0	13
6	4	G	40000	19073	80.927	59.2555	80927	33854	798	6	0	32287	135	628	32747
6	4	A	40000	23502	76.498	59.572	76498	16926	387	6	0	16090	9	434	16210
6	4	B	40000	24133	75.867	58.939	75867	16928	411	0	0	16197	126	194	16537
6	4	cSpy was 36 spamed and the readout avoided!
6	5	G	40000	8322	91.678	80.7125	91678	14375	119	4	0	12430	908	914	13717
6	5	A	40000	11356	88.644	81.943	88644	6701	8	0	0	5506	403	784	6184
6	5	B	40000	12844	87.156	79.482	87156	7674	111	4	0	6924	505	130	7533
6	5	cSpy was 40 spamed and the readout avoided!
6	6	G	40000	100000	0	0	0	0	0	0	0	0	0	0	2
6	6	A	40000	100000	0	0	0	0	0	0	0	0	0	0	1
6	6	B	40000	100000	0	0	0	0	0	0	0	0	0	0	1
6	7	G	40000	99998	0.00200272	0	2	4	0	0	0	4	0	0	6
6	7	A	40000	99998	0.00200272	0	2	2	0	0	0	2	0	0	3
6	7	B	40000	99998	0.00200272	0	2	2	0	0	0	2	0	0	3
7	0	G	40000	1803	98.197	48.243	98197	5477	215	0	0	4617	91	554	4987
7	0	A	40000	1853	98.147	95.82	98147	2327	215	0	0	1476	82	554	1836
7	0	B	40000	96184	3.816	0.666	3816	3150	0	0	0	3141	9	0	3151
7	0	cSpy was 6 spamed and the readout avoided!
7	1	G	40000	100000	0	0	0	0	0	0	0	0	0	0	2
7	1	A	40000	100000	0	0	0	0	0	0	0	0	0	0	1
7	1	B	40000	100000	0	0	0	0	0	0	0	0	0	0	1
7	2	G	40000	91699	8.301	1.7035	8301	9966	3	1	0	9891	57	14	9964
7	2	A	40000	93091	6.909	1.912	6909	4997	3	1	0	4937	42	14	4994
7	2	B	40000	93536	6.464	1.495	6464	4969	0	0	0	4954	15	0	4970
7	2	cSpy was 1 spamed and the readout avoided!
7	3	G	40000	0	100	100	100000	200000	200000	200000	200000	200000	200000	200000	200002
7	3	A	40000	0	100	100	100000	100000	100000	100000	100000	100000	100000	100000	100001
7	3	B	40000	0	100	100	100000	100000	100000	100000	100000	100000	100000	100000	100001
7	4	G	40000	94184	5.816	0.261	5816	10769	0	0	0	10492	275	2	10771
7	4	A	40000	94213	5.787	0.261	5787	5526	0	0	0	5282	242	2	5527
7	4	B	40000	94496	5.504	0.261	5504	5243	0	0	0	5210	33	0	5244
7	5	G	40000	100000	0	0	0	0	0	0	0	0	0	0	2
7	5	A	40000	100000	0	0	0	0	0	0	0	0	0	0	1
7	5	B	40000	100000	0	0	0	0	0	0	0	0	0	0	1
7	6	G	40000	95870	4.13	1.2275	4130	3685	7	4	0	3627	33	14	3681
7	6	A	40000	96816	3.184	1.36	3184	1824	7	4	0	1790	9	14	1819
7	6	B	40000	97044	2.956	1.095	2956	1861	0	0	0	1837	24	0	1862
7	6	cSpy was 1 spamed and the readout avoided!
7	7	G	40000	43726	56.274	28.2485	56274	41479	18	31	0	39963	1287	180	41404
7	7	A	40000	50334	49.666	28.812	49666	20854	13	31	0	20062	569	179	20781
7	7	B	40000	51690	48.31	27.685	48310	20625	5	0	0	19901	718	1	20623
7	7	cSpy was 10 spamed and the readout avoided!
