#Sent triggers per gain and bias: 10000	and with a frequency [Hz] of: 100000
#Gain	bias	Frequency	correct transmitted H+T		error rate [%]	uncertainty [%]	bad or missed events	error count	missing headers	missing trailers	flipped H/T	event nr errors	tbm missed trigger	unknown errors	event nr resets
0	127	676
100000	6046	35.1566	6.76	3954	3278	0	0	0	2807	466	5	3276
0	126	583
100000	6094	35.2873	5.83	3906	3323	0	0	0	2821	501	1	3324
0	125	676
100000	5982	35.843	6.76	4018	3342	0	0	0	2808	534	0	3342
0	124	708
100000	5990	35.5359	7.08	4010	3302	0	0	0	2779	522	1	3302
0	123	734
100000	5900	36.3264	7.34	4100	3366	0	0	0	2839	526	1	3366
0	122	640
100000	6026	35.6197	6.4	3974	3334	0	0	0	2782	552	0	3334
0	121	545
100000	6732	28.7996	5.45	3268	2723	0	0	0	2273	450	0	2724
0	120	0
100000	10000	0	0	0	0	0	0	0	0	0	0	1
0	119	0
100000	10000	0	0	0	0	0	0	0	0	0	0	1
0	118	0
100000	10000	0	0	0	0	0	0	0	0	0	0	1
0	117	0
100000	10000	0	0	0	0	0	0	0	0	0	0	1
0	116	0
100000	10000	0	0	0	0	0	0	0	0	0	0	1
0	115	0
100000	10000	0	0	0	0	0	0	0	0	0	0	1
0	114	0
100000	10000	0	0	0	0	0	0	0	0	0	0	1
0	113	0
100000	10000	0	0	0	0	0	0	0	0	0	0	1
0	112	0
100000	10000	0	0	0	0	0	0	0	0	0	0	1
0	111	0
100000	10000	0	0	0	0	0	0	0	0	0	0	1
0	110	0
100000	10000	0	0	0	0	0	0	0	0	0	0	1
0	109	0
100000	10000	0	0	0	0	0	0	0	0	0	0	1
0	108	0
100000	10000	0	0	0	0	0	0	0	0	0	0	1
0	107	0
100000	10000	0	0	0	0	0	0	0	0	0	0	1
0	106	0
100000	10000	0	0	0	0	0	0	0	0	0	0	1
0	105	0
100000	10000	0	0	0	0	0	0	0	0	0	0	1
0	104	0
100000	10000	0	0	0	0	0	0	0	0	0	0	1
0	103	0
100000	10000	0	0	0	0	0	0	0	0	0	0	1
0	102	0
100000	10000	0	0	0	0	0	0	0	0	0	0	1
0	101	0
100000	10000	0	0	0	0	0	0	0	0	0	0	1
0	100	0
100000	10000	0	0	0	0	0	0	0	0	0	0	1
0	99	0
100000	10000	0	0	0	0	0	0	0	0	0	0	1
0	98	0
100000	10000	0	0	0	0	0	0	0	0	0	0	1
0	97	0
100000	10000	0	0	0	0	0	0	0	0	0	0	1
0	96	0
100000	10000	0	0	0	0	0	0	0	0	0	0	1
0	95	0
100000	10000	0	0	0	0	0	0	0	0	0	0	1
0	94	0
100000	10000	0	0	0	0	0	0	0	0	0	0	1
0	93	0
100000	10000	0	0	0	0	0	0	0	0	0	0	1
0	92	0
100000	10000	0	0	0	0	0	0	0	0	0	0	1
0	91	0
100000	10000	0	0	0	0	0	0	0	0	0	0	1
0	90	0
100000	10000	0	0	0	0	0	0	0	0	0	0	1
0	89	0
100000	10000	0	0	0	0	0	0	0	0	0	0	1
0	88	0
100000	10000	0	0	0	0	0	0	0	0	0	0	1
0	87	0
100000	10000	0	0	0	0	0	0	0	0	0	0	1
0	86	0
100000	10000	0	0	0	0	0	0	0	0	0	0	1
0	85	0
100000	10000	0	0	0	0	0	0	0	0	0	0	1
0	84	0
100000	10000	0	0	0	0	0	0	0	0	0	0	1
0	83	0
100000	10000	0	0	0	0	0	0	0	0	0	0	1
0	82	0
100000	10000	0	0	0	0	0	0	0	0	0	0	1
0	81	0
100000	10000	0	0	0	0	0	0	0	0	0	0	1
0	80	0
100000	10000	0	0	0	0	0	0	0	0	0	0	1
0	79	0
100000	10000	0	0	0	0	0	0	0	0	0	0	1
0	78	0
100000	10000	0	0	0	0	0	0	0	0	0	0	1
0	77	0
100000	10000	0	0	0	0	0	0	0	0	0	0	1
0	76	0
100000	10000	0	0	0	0	0	0	0	0	0	0	1
0	75	0
100000	10000	0	0	0	0	0	0	0	0	0	0	1
0	74	0
100000	10000	0	0	0	0	0	0	0	0	0	0	1
0	73	0
100000	10000	0	0	0	0	0	0	0	0	0	0	1
0	72	0
100000	10000	0	0	0	0	0	0	0	0	0	0	1
0	71	0
100000	10000	0	0	0	0	0	0	0	0	0	0	1
0	70	0
100000	10000	0	0	0	0	0	0	0	0	0	0	1
0	69	0
100000	10000	0	0	0	0	0	0	0	0	0	0	1
0	68	0
100000	10000	0	0	0	0	0	0	0	0	0	0	1
0	67	0
100000	10000	0	0	0	0	0	0	0	0	0	0	1
0	66	0
100000	10000	0	0	0	0	0	0	0	0	0	0	1
0	65	0
100000	10000	0	0	0	0	0	0	0	0	0	0	1
0	64	0
100000	10000	0	0	0	0	0	0	0	0	0	0	1
0	63	0
100000	10000	0	0	0	0	0	0	0	0	0	0	1
0	62	0
100000	10000	0	0	0	0	0	0	0	0	0	0	1
0	61	0
100000	10000	0	0	0	0	0	0	0	0	0	0	1
0	60	0
100000	10000	0	0	0	0	0	0	0	0	0	0	1
0	59	0
100000	10000	0	0	0	0	0	0	0	0	0	0	1
0	58	0
100000	10000	0	0	0	0	0	0	0	0	0	0	1
0	57	0
100000	10000	0	0	0	0	0	0	0	0	0	0	1
0	56	0
100000	10000	0	0	0	0	0	0	0	0	0	0	1
0	55	0
100000	10000	0	0	0	0	0	0	0	0	0	0	1
0	54	0
100000	10000	0	0	0	0	0	0	0	0	0	0	1
0	53	0
100000	10000	0	0	0	0	0	0	0	0	0	0	1
0	52	0
100000	10000	0	0	0	0	0	0	0	0	0	0	1
0	51	0
100000	10000	0	0	0	0	0	0	0	0	0	0	1
0	50	0
100000	10000	0	0	0	0	0	0	0	0	0	0	1
0	49	0
100000	10000	0	0	0	0	0	0	0	0	0	0	1
0	48	0
100000	10000	0	0	0	0	0	0	0	0	0	0	1
0	47	0
100000	10000	0	0	0	0	0	0	0	0	0	0	1
0	46	0
100000	10000	0	0	0	0	0	0	0	0	0	0	1
0	45	0
100000	10000	0	0	0	0	0	0	0	0	0	0	1
0	44	0
100000	10000	0	0	0	0	0	0	0	0	0	0	1
0	43	0
100000	10000	0	0	0	0	0	0	0	0	0	0	1
0	42	0
100000	10000	0	0	0	0	0	0	0	0	0	0	1
0	41	0
100000	10000	0	0	0	0	0	0	0	0	0	0	1
0	40	0
100000	10000	0	0	0	0	0	0	0	0	0	0	1
0	39	0
100000	10000	0	0	0	0	0	0	0	0	0	0	1
0	38	0
100000	10000	0	0	0	0	0	0	0	0	0	0	1
0	37	0
100000	10000	0	0	0	0	0	0	0	0	0	0	1
0	36	0
100000	10000	0	0	0	0	0	0	0	0	0	0	1
0	35	0
100000	10000	0	0	0	0	0	0	0	0	0	0	1
0	34	0
100000	10000	0	0	0	0	0	0	0	0	0	0	1
0	33	0
100000	10000	0	0	0	0	0	0	0	0	0	0	1
0	32	0
100000	10000	0	0	0	0	0	0	0	0	0	0	1
0	31	0
100000	10000	0	0	0	0	0	0	0	0	0	0	1
0	30	0
100000	10000	0	0	0	0	0	0	0	0	0	0	1
0	29	0
100000	10000	0	0	0	0	0	0	0	0	0	0	1
0	28	0
100000	10000	0	0	0	0	0	0	0	0	0	0	1
0	27	0
100000	10000	0	0	0	0	0	0	0	0	0	0	1
0	26	0
100000	10000	0	0	0	0	0	0	0	0	0	0	1
0	25	0
100000	10000	0	0	0	0	0	0	0	0	0	0	1
0	24	0
100000	10000	0	0	0	0	0	0	0	0	0	0	1
0	23	0
100000	10000	0	0	0	0	0	0	0	0	0	0	1
0	22	0
100000	10000	0	0	0	0	0	0	0	0	0	0	1
0	21	0
100000	10000	0	0	0	0	0	0	0	0	0	0	1
0	20	0
100000	10000	0	0	0	0	0	0	0	0	0	0	1
0	19	0
100000	10000	0	0	0	0	0	0	0	0	0	0	1
0	18	0
100000	10000	0	0	0	0	0	0	0	0	0	0	1
0	17	0
100000	10000	0	0	0	0	0	0	0	0	0	0	1
0	16	0
100000	10000	0	0	0	0	0	0	0	0	0	0	1
0	15	0
100000	10000	0	0	0	0	0	0	0	0	0	0	1
0	14	853
100000	8882	2.89713	8.53	1118	265	0	0	0	265	0	0	266
0	13	-25488
100000	8128	77.0965	-254.88	1872	27360	0	25955	0	349	1054	2	1406
1	127	413
100000	6199	35.3395	4.13	3801	3388	1	0	0	2870	516	1	3386
1	126	435
100000	6200	35.1803	4.35	3800	3365	0	0	0	2879	485	1	3364
1	125	440
100000	6204	35.1046	4.4	3796	3356	0	0	0	2890	466	0	3356
1	124	476
100000	6175	35.1638	4.76	3825	3349	0	0	0	2896	453	0	3349
1	123	412
100000	6234	34.9812	4.12	3766	3354	0	0	0	2907	445	2	3354
1	122	485
100000	6181	35.0394	4.85	3819	3334	0	0	0	2861	473	0	3334
1	121	463
100000	6175	35.2522	4.63	3825	3362	0	0	0	2916	445	1	3362
1	120	381
100000	6295	34.5566	3.81	3705	3324	0	0	0	2868	456	0	3324
1	119	370
100000	6313	34.4444	3.7	3687	3317	0	0	0	2848	468	1	3317
1	118	65
100000	9338	6.00906	0.65	662	597	0	0	0	514	83	0	598
1	117	0
100000	10000	0	0	0	0	0	0	0	0	0	0	1
1	116	0
100000	10000	0	0	0	0	0	0	0	0	0	0	1
1	115	0
100000	10000	0	0	0	0	0	0	0	0	0	0	1
1	114	0
100000	10000	0	0	0	0	0	0	0	0	0	0	1
1	113	0
100000	10000	0	0	0	0	0	0	0	0	0	0	1
1	112	0
100000	10000	0	0	0	0	0	0	0	0	0	0	1
1	111	0
100000	10000	0	0	0	0	0	0	0	0	0	0	1
1	110	0
100000	10000	0	0	0	0	0	0	0	0	0	0	1
1	109	0
100000	10000	0	0	0	0	0	0	0	0	0	0	1
1	108	0
100000	10000	0	0	0	0	0	0	0	0	0	0	1
1	107	0
100000	10000	0	0	0	0	0	0	0	0	0	0	1
1	106	0
100000	10000	0	0	0	0	0	0	0	0	0	0	1
1	105	0
100000	10000	0	0	0	0	0	0	0	0	0	0	1
1	104	0
100000	10000	0	0	0	0	0	0	0	0	0	0	1
1	103	0
100000	10000	0	0	0	0	0	0	0	0	0	0	1
1	102	0
100000	10000	0	0	0	0	0	0	0	0	0	0	1
1	101	0
100000	10000	0	0	0	0	0	0	0	0	0	0	1
1	100	0
100000	10000	0	0	0	0	0	0	0	0	0	0	1
1	99	0
100000	10000	0	0	0	0	0	0	0	0	0	0	1
1	98	0
100000	10000	0	0	0	0	0	0	0	0	0	0	1
1	97	0
100000	10000	0	0	0	0	0	0	0	0	0	0	1
1	96	0
100000	10000	0	0	0	0	0	0	0	0	0	0	1
1	95	0
100000	10000	0	0	0	0	0	0	0	0	0	0	1
1	94	0
100000	10000	0	0	0	0	0	0	0	0	0	0	1
1	93	0
100000	10000	0	0	0	0	0	0	0	0	0	0	1
1	92	0
100000	10000	0	0	0	0	0	0	0	0	0	0	1
1	91	0
100000	10000	0	0	0	0	0	0	0	0	0	0	1
1	90	0
100000	10000	0	0	0	0	0	0	0	0	0	0	1
1	89	0
100000	10000	0	0	0	0	0	0	0	0	0	0	1
1	88	0
100000	10000	0	0	0	0	0	0	0	0	0	0	1
1	87	0
100000	10000	0	0	0	0	0	0	0	0	0	0	1
1	86	0
100000	10000	0	0	0	0	0	0	0	0	0	0	1
1	85	0
100000	10000	0	0	0	0	0	0	0	0	0	0	1
1	84	0
100000	10000	0	0	0	0	0	0	0	0	0	0	1
1	83	0
100000	10000	0	0	0	0	0	0	0	0	0	0	1
1	82	0
100000	10000	0	0	0	0	0	0	0	0	0	0	1
1	81	0
100000	10000	0	0	0	0	0	0	0	0	0	0	1
1	80	0
100000	10000	0	0	0	0	0	0	0	0	0	0	1
1	79	0
100000	10000	0	0	0	0	0	0	0	0	0	0	1
1	78	0
100000	10000	0	0	0	0	0	0	0	0	0	0	1
1	77	0
100000	10000	0	0	0	0	0	0	0	0	0	0	1
1	76	0
100000	10000	0	0	0	0	0	0	0	0	0	0	1
1	75	0
100000	10000	0	0	0	0	0	0	0	0	0	0	1
1	74	0
100000	10000	0	0	0	0	0	0	0	0	0	0	1
1	73	0
100000	10000	0	0	0	0	0	0	0	0	0	0	1
1	72	0
100000	10000	0	0	0	0	0	0	0	0	0	0	1
1	71	0
100000	10000	0	0	0	0	0	0	0	0	0	0	1
1	70	0
100000	10000	0	0	0	0	0	0	0	0	0	0	1
1	69	0
100000	10000	0	0	0	0	0	0	0	0	0	0	1
1	68	0
100000	10000	0	0	0	0	0	0	0	0	0	0	1
1	67	0
100000	10000	0	0	0	0	0	0	0	0	0	0	1
1	66	0
100000	10000	0	0	0	0	0	0	0	0	0	0	1
1	65	0
100000	10000	0	0	0	0	0	0	0	0	0	0	1
1	64	0
100000	10000	0	0	0	0	0	0	0	0	0	0	1
1	63	0
100000	10000	0	0	0	0	0	0	0	0	0	0	1
1	62	0
100000	10000	0	0	0	0	0	0	0	0	0	0	1
1	61	0
100000	10000	0	0	0	0	0	0	0	0	0	0	1
1	60	0
100000	10000	0	0	0	0	0	0	0	0	0	0	1
1	59	0
100000	10000	0	0	0	0	0	0	0	0	0	0	1
1	58	0
100000	10000	0	0	0	0	0	0	0	0	0	0	1
1	57	0
100000	10000	0	0	0	0	0	0	0	0	0	0	1
1	56	0
100000	10000	0	0	0	0	0	0	0	0	0	0	1
1	55	0
100000	10000	0	0	0	0	0	0	0	0	0	0	1
1	54	0
100000	10000	0	0	0	0	0	0	0	0	0	0	1
1	53	0
100000	10000	0	0	0	0	0	0	0	0	0	0	1
1	52	0
100000	10000	0	0	0	0	0	0	0	0	0	0	1
1	51	0
100000	10000	0	0	0	0	0	0	0	0	0	0	1
1	50	0
100000	10000	0	0	0	0	0	0	0	0	0	0	1
1	49	0
100000	10000	0	0	0	0	0	0	0	0	0	0	1
1	48	0
100000	10000	0	0	0	0	0	0	0	0	0	0	1
1	47	0
100000	10000	0	0	0	0	0	0	0	0	0	0	1
1	46	0
100000	10000	0	0	0	0	0	0	0	0	0	0	1
1	45	0
100000	10000	0	0	0	0	0	0	0	0	0	0	1
1	44	0
100000	10000	0	0	0	0	0	0	0	0	0	0	1
1	43	0
100000	10000	0	0	0	0	0	0	0	0	0	0	1
1	42	0
100000	10000	0	0	0	0	0	0	0	0	0	0	1
1	41	0
100000	10000	0	0	0	0	0	0	0	0	0	0	1
1	40	0
100000	10000	0	0	0	0	0	0	0	0	0	0	1
1	39	0
100000	10000	0	0	0	0	0	0	0	0	0	0	1
1	38	0
100000	10000	0	0	0	0	0	0	0	0	0	0	1
1	37	0
100000	10000	0	0	0	0	0	0	0	0	0	0	1
1	36	0
100000	10000	0	0	0	0	0	0	0	0	0	0	1
1	35	0
100000	10000	0	0	0	0	0	0	0	0	0	0	1
1	34	0
100000	10000	0	0	0	0	0	0	0	0	0	0	1
1	33	0
100000	10000	0	0	0	0	0	0	0	0	0	0	1
1	32	0
100000	10000	0	0	0	0	0	0	0	0	0	0	1
1	31	0
100000	10000	0	0	0	0	0	0	0	0	0	0	1
1	30	0
100000	10000	0	0	0	0	0	0	0	0	0	0	1
1	29	0
100000	10000	0	0	0	0	0	0	0	0	0	0	1
1	28	0
100000	10000	0	0	0	0	0	0	0	0	0	0	1
1	27	0
100000	10000	0	0	0	0	0	0	0	0	0	0	1
1	26	0
100000	10000	0	0	0	0	0	0	0	0	0	0	1
1	25	0
100000	10000	0	0	0	0	0	0	0	0	0	0	1
1	24	0
100000	10000	0	0	0	0	0	0	0	0	0	0	1
1	23	0
100000	10000	0	0	0	0	0	0	0	0	0	0	1
1	22	0
100000	10000	0	0	0	0	0	0	0	0	0	0	1
1	21	0
100000	10000	0	0	0	0	0	0	0	0	0	0	1
1	20	0
100000	10000	0	0	0	0	0	0	0	0	0	0	1
1	19	0
100000	10000	0	0	0	0	0	0	0	0	0	0	1
1	18	0
100000	10000	0	0	0	0	0	0	0	0	0	0	1
1	17	0
100000	10000	0	0	0	0	0	0	0	0	0	0	1
1	16	0
100000	10000	0	0	0	0	0	0	0	0	0	0	1
1	15	2
100000	9996	0.0200033	0.02	4	2	0	0	0	2	0	0	3
1	14	899
100000	8845	2.81288	8.99	1155	256	0	0	0	248	0	8	257
1	13	-648
100000	8548	19.722	-6.48	1452	2100	0	1786	0	301	1	12	315
2	127	0
100000	10000	0	0	0	0	0	0	0	0	0	0	1
2	126	0
100000	10000	0	0	0	0	0	0	0	0	0	0	1
2	125	0
100000	10000	0	0	0	0	0	0	0	0	0	0	1
2	124	0
100000	10000	0	0	0	0	0	0	0	0	0	0	1
2	123	80
100000	7310	26.3105	0.8	2690	2610	0	0	0	2320	290	0	2610
2	122	126
100000	6824	30.8892	1.26	3176	3050	0	0	0	2741	309	0	3050
2	121	144
100000	6773	31.2804	1.44	3227	3083	1	0	0	2747	333	2	3081
2	120	133
100000	6785	31.2354	1.33	3215	3082	0	0	0	2734	348	0	3082
2	119	148
100000	6761	31.3743	1.48	3239	3091	0	0	0	2765	325	1	3091
2	118	26
100000	9191	7.85041	0.26	809	783	0	0	0	701	82	0	784
2	117	0
100000	10000	0	0	0	0	0	0	0	0	0	0	1
2	116	0
100000	10000	0	0	0	0	0	0	0	0	0	0	1
2	115	0
100000	10000	0	0	0	0	0	0	0	0	0	0	1
2	114	0
100000	10000	0	0	0	0	0	0	0	0	0	0	1
2	113	0
100000	10000	0	0	0	0	0	0	0	0	0	0	1
2	112	0
100000	10000	0	0	0	0	0	0	0	0	0	0	1
2	111	0
100000	10000	0	0	0	0	0	0	0	0	0	0	1
2	110	0
100000	10000	0	0	0	0	0	0	0	0	0	0	1
2	109	0
100000	10000	0	0	0	0	0	0	0	0	0	0	1
2	108	0
100000	10000	0	0	0	0	0	0	0	0	0	0	1
2	107	0
100000	10000	0	0	0	0	0	0	0	0	0	0	1
2	106	0
100000	10000	0	0	0	0	0	0	0	0	0	0	1
2	105	0
100000	10000	0	0	0	0	0	0	0	0	0	0	1
2	104	0
100000	10000	0	0	0	0	0	0	0	0	0	0	1
2	103	0
100000	10000	0	0	0	0	0	0	0	0	0	0	1
2	102	0
100000	10000	0	0	0	0	0	0	0	0	0	0	1
2	101	0
100000	10000	0	0	0	0	0	0	0	0	0	0	1
2	100	0
100000	10000	0	0	0	0	0	0	0	0	0	0	1
2	99	0
100000	10000	0	0	0	0	0	0	0	0	0	0	1
2	98	0
100000	10000	0	0	0	0	0	0	0	0	0	0	1
2	97	0
100000	10000	0	0	0	0	0	0	0	0	0	0	1
2	96	0
100000	10000	0	0	0	0	0	0	0	0	0	0	1
2	95	0
100000	10000	0	0	0	0	0	0	0	0	0	0	1
2	94	0
100000	10000	0	0	0	0	0	0	0	0	0	0	1
2	93	0
100000	10000	0	0	0	0	0	0	0	0	0	0	1
2	92	0
100000	10000	0	0	0	0	0	0	0	0	0	0	1
2	91	0
100000	10000	0	0	0	0	0	0	0	0	0	0	1
2	90	0
100000	10000	0	0	0	0	0	0	0	0	0	0	1
2	89	0
100000	10000	0	0	0	0	0	0	0	0	0	0	1
2	88	0
100000	10000	0	0	0	0	0	0	0	0	0	0	1
2	87	0
100000	10000	0	0	0	0	0	0	0	0	0	0	1
2	86	0
100000	10000	0	0	0	0	0	0	0	0	0	0	1
2	85	0
100000	10000	0	0	0	0	0	0	0	0	0	0	1
2	84	0
100000	10000	0	0	0	0	0	0	0	0	0	0	1
2	83	0
100000	10000	0	0	0	0	0	0	0	0	0	0	1
2	82	0
100000	10000	0	0	0	0	0	0	0	0	0	0	1
2	81	0
100000	10000	0	0	0	0	0	0	0	0	0	0	1
2	80	0
100000	10000	0	0	0	0	0	0	0	0	0	0	1
2	79	0
100000	10000	0	0	0	0	0	0	0	0	0	0	1
2	78	0
100000	10000	0	0	0	0	0	0	0	0	0	0	1
2	77	0
100000	10000	0	0	0	0	0	0	0	0	0	0	1
2	76	0
100000	10000	0	0	0	0	0	0	0	0	0	0	1
2	75	0
100000	10000	0	0	0	0	0	0	0	0	0	0	1
2	74	0
100000	10000	0	0	0	0	0	0	0	0	0	0	1
2	73	0
100000	10000	0	0	0	0	0	0	0	0	0	0	1
2	72	0
100000	10000	0	0	0	0	0	0	0	0	0	0	1
2	71	0
100000	10000	0	0	0	0	0	0	0	0	0	0	1
2	70	0
100000	10000	0	0	0	0	0	0	0	0	0	0	1
2	69	0
100000	10000	0	0	0	0	0	0	0	0	0	0	1
2	68	0
100000	10000	0	0	0	0	0	0	0	0	0	0	1
2	67	0
100000	10000	0	0	0	0	0	0	0	0	0	0	1
2	66	0
100000	10000	0	0	0	0	0	0	0	0	0	0	1
2	65	0
100000	10000	0	0	0	0	0	0	0	0	0	0	1
2	64	0
100000	10000	0	0	0	0	0	0	0	0	0	0	1
2	63	0
100000	10000	0	0	0	0	0	0	0	0	0	0	1
2	62	0
100000	10000	0	0	0	0	0	0	0	0	0	0	1
2	61	0
100000	10000	0	0	0	0	0	0	0	0	0	0	1
2	60	0
100000	10000	0	0	0	0	0	0	0	0	0	0	1
2	59	0
100000	10000	0	0	0	0	0	0	0	0	0	0	1
2	58	0
100000	10000	0	0	0	0	0	0	0	0	0	0	1
2	57	0
100000	10000	0	0	0	0	0	0	0	0	0	0	1
2	56	0
100000	10000	0	0	0	0	0	0	0	0	0	0	1
2	55	0
100000	10000	0	0	0	0	0	0	0	0	0	0	1
2	54	0
100000	10000	0	0	0	0	0	0	0	0	0	0	1
2	53	0
100000	10000	0	0	0	0	0	0	0	0	0	0	1
2	52	0
100000	10000	0	0	0	0	0	0	0	0	0	0	1
2	51	0
100000	10000	0	0	0	0	0	0	0	0	0	0	1
2	50	0
100000	10000	0	0	0	0	0	0	0	0	0	0	1
2	49	0
100000	10000	0	0	0	0	0	0	0	0	0	0	1
2	48	0
100000	10000	0	0	0	0	0	0	0	0	0	0	1
2	47	0
100000	10000	0	0	0	0	0	0	0	0	0	0	1
2	46	0
100000	10000	0	0	0	0	0	0	0	0	0	0	1
2	45	0
100000	10000	0	0	0	0	0	0	0	0	0	0	1
2	44	0
100000	10000	0	0	0	0	0	0	0	0	0	0	1
2	43	0
100000	10000	0	0	0	0	0	0	0	0	0	0	1
2	42	0
100000	10000	0	0	0	0	0	0	0	0	0	0	1
2	41	0
100000	10000	0	0	0	0	0	0	0	0	0	0	1
2	40	0
100000	10000	0	0	0	0	0	0	0	0	0	0	1
2	39	0
100000	10000	0	0	0	0	0	0	0	0	0	0	1
2	38	0
100000	10000	0	0	0	0	0	0	0	0	0	0	1
2	37	0
100000	10000	0	0	0	0	0	0	0	0	0	0	1
2	36	0
100000	10000	0	0	0	0	0	0	0	0	0	0	1
2	35	0
100000	10000	0	0	0	0	0	0	0	0	0	0	1
2	34	0
100000	10000	0	0	0	0	0	0	0	0	0	0	1
2	33	0
100000	10000	0	0	0	0	0	0	0	0	0	0	1
2	32	0
100000	10000	0	0	0	0	0	0	0	0	0	0	1
2	31	0
100000	10000	0	0	0	0	0	0	0	0	0	0	1
2	30	0
100000	10000	0	0	0	0	0	0	0	0	0	0	1
2	29	0
100000	10000	0	0	0	0	0	0	0	0	0	0	1
2	28	0
100000	10000	0	0	0	0	0	0	0	0	0	0	1
2	27	0
100000	10000	0	0	0	0	0	0	0	0	0	0	1
2	26	0
100000	10000	0	0	0	0	0	0	0	0	0	0	1
2	25	0
100000	10000	0	0	0	0	0	0	0	0	0	0	1
2	24	0
100000	10000	0	0	0	0	0	0	0	0	0	0	1
2	23	0
100000	10000	0	0	0	0	0	0	0	0	0	0	1
2	22	0
100000	10000	0	0	0	0	0	0	0	0	0	0	1
2	21	0
100000	10000	0	0	0	0	0	0	0	0	0	0	1
2	20	0
100000	10000	0	0	0	0	0	0	0	0	0	0	1
2	19	0
100000	10000	0	0	0	0	0	0	0	0	0	0	1
2	18	0
100000	10000	0	0	0	0	0	0	0	0	0	0	1
2	17	0
100000	10000	0	0	0	0	0	0	0	0	0	0	1
2	16	102
100000	9812	0.868863	1.02	188	86	0	0	0	86	0	0	87
2	15	927
100000	8828	2.70032	9.27	1172	245	0	0	0	242	0	3	245
2	14	