#the gain was set to: 2	the bias was set to: 30
#Sent triggers per delay setting: 100000	and with a frequency [Hz] of: 40000
#160MHz delay setting	400MHz delay setting	Frequency	correct transmitted H+T		error rate [%]	uncertainty [%]	bad or missed events	error count	missing headers	missing trailers	flipped H/T	event nr errors	tbm missed trigger	unknown errors	event nr resets
0	0	G	40000	489	99.511	58.115	99511	16608	157	0	0	13742	1862	847	16053
0	0	A	40000	621	99.379	98.202	99379	1177	157	0	0	81	93	846	621
0	0	B	40000	66541	33.459	18.028	33459	15431	0	0	0	13661	1769	1	15432
0	0	cSpy was 58 spamed and the readout avoided!
0	1	G	40000	99540	0.459999	0.067	460	778	0	0	0	778	0	0	780
0	1	A	40000	99544	0.455999	0.067	456	389	0	0	0	389	0	0	390
0	1	B	40000	99544	0.455999	0.067	456	389	0	0	0	389	0	0	390
0	2	G	40000	0	100	100	100000	200000	200000	200000	200000	200000	200000	200000	200002
0	2	A	40000	0	100	100	100000	100000	100000	100000	100000	100000	100000	100000	100001
0	2	B	40000	0	100	100	100000	100000	100000	100000	100000	100000	100000	100000	100001
0	3	G	40000	68565	31.435	11.583	31435	21428	3	2	0	12507	8592	324	21418
0	3	A	40000	75565	24.435	13.858	24435	10577	2	1	0	6054	4202	318	10569
0	3	B	40000	79841	20.159	9.308	20159	10851	1	1	0	6453	4390	6	10849
0	3	cSpy was 1 spamed and the readout avoided!
0	4	G	40000	100000	0	0	0	0	0	0	0	0	0	0	2
0	4	A	40000	100000	0	0	0	0	0	0	0	0	0	0	1
0	4	B	40000	100000	0	0	0	0	0	0	0	0	0	0	1
0	5	G	40000	99843	0.156999	0.019	157	276	0	0	0	276	0	0	278
0	5	A	40000	99843	0.156999	0.019	157	138	0	0	0	138	0	0	139
0	5	B	40000	99843	0.156999	0.019	157	138	0	0	0	138	0	0	139
0	6	G	40000	0	100	100	100000	200000	200000	200000	200000	200000	200000	200000	200002
0	6	A	40000	0	100	100	100000	100000	100000	100000	100000	100000	100000	100000	100001
0	6	B	40000	0	100	100	100000	100000	100000	100000	100000	100000	100000	100000	100001
0	7	G	40000	22843	77.157	62.6965	77157	18447	293	33	1	15846	1637	638	17854
0	7	A	40000	26788	73.212	65.074	73212	8138	140	21	0	6912	699	367	7835
0	7	B	40000	29372	70.628	60.319	70628	10309	153	12	1	8934	938	271	10019
0	7	cSpy was 89 spamed and the readout avoided!
1	0	G	40000	322	99.678	97.494	99678	2633	196	0	0	1921	293	223	2361
1	0	A	40000	856	99.144	98.19	99144	954	40	0	0	629	180	105	852
1	0	B	40000	1523	98.477	96.798	98477	1679	156	0	0	1292	113	118	1509
1	0	cSpy was 26 spamed and the readout avoided!
1	1	G	40000	16483	83.517	64.174	83517	27700	32	0	0	25435	1572	661	27372
1	1	A	40000	22051	77.949	63.823	77949	14126	17	0	0	12679	790	640	13812
1	1	B	40000	21901	78.099	64.525	78099	13574	15	0	0	12756	782	21	13560
1	2	G	40000	100000	0	0	0	0	0	0	0	0	0	0	2
1	2	A	40000	100000	0	0	0	0	0	0	0	0	0	0	1
1	2	B	40000	100000	0	0	0	0	0	0	0	0	0	0	1
1	3	G	40000	100000	0	0	0	0	0	0	0	0	0	0	2
1	3	A	40000	100000	0	0	0	0	0	0	0	0	0	0	1
1	3	B	40000	100000	0	0	0	0	0	0	0	0	0	0	1
1	4	G	40000	0	100	99.983	100000	20	1	0	0	11	3	5	14
1	4	A	40000	0	100	99.998	100000	2	0	0	0	0	0	2	0
1	4	B	40000	14	99.986	99.968	99986	18	1	0	0	11	3	3	14
1	4	cSpy was 7 spamed and the readout avoided!
1	5	G	40000	1428	98.572	94.4655	98572	5614	19	0	0	4699	156	741	5250
1	5	A	40000	2861	97.139	94.023	97139	3116	13	0	0	2316	73	715	2772
1	5	B	40000	2594	97.406	94.908	97406	2498	6	0	0	2383	83	26	2478
1	5	cSpy was 2 spamed and the readout avoided!
1	6	G	40000	100000	0	0	0	0	0	0	0	0	0	0	2
1	6	A	40000	100000	0	0	0	0	0	0	0	0	0	0	1
1	6	B	40000	100000	0	0	0	0	0	0	0	0	0	0	1
1	7	G	40000	100000	0	0	0	0	0	0	0	0	0	0	2
1	7	A	40000	100000	0	0	0	0	0	0	0	0	0	0	1
1	7	B	40000	100000	0	0	0	0	0	0	0	0	0	0	1
2	0	G	40000	7279	92.721	42.8805	92721	7290	135	0	0	6614	147	394	6971
2	0	A	40000	7297	92.703	85.655	92703	7048	135	0	0	6476	43	394	6728
2	0	B	40000	99652	0.348002	0.106	348	242	0	0	0	138	104	0	243
2	1	G	40000	100000	0	0	0	0	0	0	0	0	0	0	2
2	1	A	40000	100000	0	0	0	0	0	0	0	0	0	0	1
2	1	B	40000	100000	0	0	0	0	0	0	0	0	0	0	1
2	2	G	40000	34996	65.004	36.5135	65004	37419	26	0	0	37135	164	94	37368
2	2	A	40000	45706	54.294	35.258	54294	19036	10	0	0	18848	88	90	18997
2	2	B	40000	43848	56.152	37.769	56152	18383	16	0	0	18287	76	4	18371
2	3	G	40000	0	100	100	100000	200000	200000	200000	200000	200000	200000	200000	200002
2	3	A	40000	0	100	100	100000	100000	100000	100000	100000	100000	100000	100000	100001
2	3	B	40000	0	100	100	100000	100000	100000	100000	100000	100000	100000	100000	100001
2	4	G	40000	86395	13.605	4.9185	13605	13469	1	0	0	12068	1366	34	13462
2	4	A	40000	88284	11.716	5.011	11716	6705	0	0	0	5978	693	34	6698
2	4	B	40000	88410	11.59	4.826	11590	6764	1	0	0	6090	673	0	6764
2	5	G	40000	100000	0	0	0	0	0	0	0	0	0	0	2
2	5	A	40000	100000	0	0	0	0	0	0	0	0	0	0	1
2	5	B	40000	100000	0	0	0	0	0	0	0	0	0	0	1
2	6	G	40000	98977	1.023	0.403	1023	1010	0	0	0	1010	0	0	1012
2	6	A	40000	99171	0.828999	0.324	829	505	0	0	0	505	0	0	506
2	6	B	40000	99013	0.986999	0.482	987	505	0	0	0	505	0	0	506
2	7	G	40000	0	100	100	100000	200000	200000	200000	200000	200000	200000	200000	200002
2	7	A	40000	0	100	100	100000	100000	100000	100000	100000	100000	100000	100000	100001
2	7	B	40000	0	100	100	100000	100000	100000	100000	100000	100000	100000	100000	100001
3	0	G	40000	1766	98.234	65.9425	98234	14221	220	6	0	13547	154	294	13867
3	0	A	40000	2368	97.632	94.93	97632	2702	216	6	0	2037	149	294	2350
3	0	B	40000	51526	48.474	36.955	48474	11519	4	0	0	11510	5	0	11517
3	0	cSpy was 27 spamed and the readout avoided!
3	1	G	40000	0	100	100	100000	200000	200000	200000	200000	200000	200000	200000	200002
3	1	A	40000	0	100	100	100000	100000	100000	100000	100000	100000	100000	100000	100001
3	1	B	40000	0	100	100	100000	100000	100000	100000	100000	100000	100000	100000	100001
3	2	G	40000	71779	28.221	7.5935	28221	40630	8	0	0	37996	2524	102	40615
3	2	A	40000	72097	27.903	7.594	27903	20309	5	0	0	18461	1747	96	20295
3	2	B	40000	72086	27.914	7.593	27914	20321	3	0	0	19535	777	6	20320
3	3	G	40000	100000	0	0	0	0	0	0	0	0	0	0	2
3	3	A	40000	100000	0	0	0	0	0	0	0	0	0	0	1
3	3	B	40000	100000	0	0	0	0	0	0	0	0	0	0	1
3	4	G	40000	100000	0	0	0	0	0	0	0	0	0	0	2
3	4	A	40000	100000	0	0	0	0	0	0	0	0	0	0	1
3	4	B	40000	100000	0	0	0	0	0	0	0	0	0	0	1
3	5	G	40000	16507	83.493	35.932	83493	60861	0	0	0	60761	4	96	60769
3	5	A	40000	31966	68.034	42.174	68034	25860	0	0	0	25761	3	96	25768
3	5	B	40000	35309	64.691	29.69	64691	35001	0	0	0	35000	1	0	35001
3	6	G	40000	25096	74.904	51.814	74904	38882	28	1	0	33137	5509	207	38784
3	6	A	40000	28824	71.176	51.702	71176	19474	17	0	0	15823	3432	202	19386
3	6	B	40000	28666	71.334	51.926	71334	19408	11	1	0	17314	2077	5	19398
3	7	G	40000	100000	0	0	0	0	0	0	0	0	0	0	2
3	7	A	40000	100000	0	0	0	0	0	0	0	0	0	0	1
3	7	B	40000	100000	0	0	0	0	0	0	0	0	0	0	1
4	0	G	40000	293	99.707	97.246	99707	2999	202	0	1	1743	494	559	2485
4	0	A	40000	1234	98.766	97.245	98766	1521	116	0	0	782	299	324	1227
4	0	B	40000	1275	98.725	97.247	98725	1478	86	0	1	961	195	235	1258
4	0	cSpy was 45 spamed and the readout avoided!
4	1	G	40000	100000	0	0	0	0	0	0	0	0	0	0	2
4	1	A	40000	100000	0	0	0	0	0	0	0	0	0	0	1
4	1	B	40000	100000	0	0	0	0	0	0	0	0	0	0	1
4	2	G	40000	100000	0	0	0	0	0	0	0	0	0	0	2
4	2	A	40000	100000	0	0	0	0	0	0	0	0	0	0	1
4	2	B	40000	100000	0	0	0	0	0	0	0	0	0	0	1
4	3	G	40000	90695	9.305	3.962	9305	10219	0	0	0	10041	146	32	10208
4	3	A	40000	90932	9.068	3.962	9068	5106	0	0	0	4987	87	32	5094
4	3	B	40000	90925	9.075	3.962	9075	5113	0	0	0	5054	59	0	5114
4	4	G	40000	0	100	100	100000	200000	200000	200000	200000	200000	200000	200000	200002
4	4	A	40000	0	100	100	100000	100000	100000	100000	100000	100000	100000	100000	100001
4	4	B	40000	0	100	100	100000	100000	100000	100000	100000	100000	100000	100000	100001
4	5	G	40000	99860	0.139999	0.069	140	142	0	0	0	142	0	0	144
4	5	A	40000	99860	0.139999	0.069	140	71	0	0	0	71	0	0	72
4	5	B	40000	99860	0.139999	0.069	140	71	0	0	0	71	0	0	72
4	6	G	40000	100000	0	0	0	0	0	0	0	0	0	0	2
4	6	A	40000	100000	0	0	0	0	0	0	0	0	0	0	1
4	6	B	40000	100000	0	0	0	0	0	0	0	0	0	0	1
4	7	G	40000	99887	0.112998	0.039	113	142	0	0	0	142	0	0	144
4	7	A	40000	99890	0.11	0.039	110	71	0	0	0	71	0	0	72
4	7	B	40000	99890	0.11	0.039	110	71	0	0	0	71	0	0	72
5	0	G	40000	766	99.234	51.8645	99234	8925	160	0	0	7747	366	652	8337
5	0	A	40000	861	99.139	97.689	99139	1450	160	0	0	298	340	652	861
5	0	B	40000	86485	13.515	6.04	13515	7475	0	0	0	7449	26	0	7476
5	0	cSpy was 30 spamed and the readout avoided!
5	1	G	40000	100000	0	0	0	0	0	0	0	0	0	0	2
5	1	A	40000	100000	0	0	0	0	0	0	0	0	0	0	1
5	1	B	40000	100000	0	0	0	0	0	0	0	0	0	0	1
5	2	G	40000	22413	77.587	37.2455	77587	47053	2	0	0	46639	314	98	47049
5	2	A	40000	34315	65.685	43.309	65685	22376	1	0	0	22030	248	97	22372
5	2	B	40000	44141	55.859	31.182	55859	24677	1	0	0	24609	66	1	24677
5	3	G	40000	30963	69.037	37.524	69037	42835	23	3	0	36252	6399	158	42764
5	3	A	40000	41565	58.435	36.578	58435	21857	14	2	0	17698	3987	156	21793
5	3	B	40000	40552	59.448	38.47	59448	20978	9	1	0	18554	2412	2	20971
5	3	cSpy was 2 spamed and the readout avoided!
5	4	G	40000	100000	0	0	0	0	0	0	0	0	0	0	2
5	4	A	40000	100000	0	0	0	0	0	0	0	0	0	0	1
5	4	B	40000	100000	0	0	0	0	0	0	0	0	0	0	1
5	5	G	40000	100000	0	0	0	0	0	0	0	0	0	0	2
5	5	A	40000	100000	0	0	0	0	0	0	0	0	0	0	1
5	5	B	40000	100000	0	0	0	0	0	0	0	0	0	0	1
5	6	G	40000	37227	62.773	28.8265	62773	39527	0	0	0	39231	215	81	39528
5	6	A	40000	47236	52.764	33.83	52764	18934	0	0	0	18836	19	79	18935
5	6	B	40000	55584	44.416	23.823	44416	20593	0	0	0	20395	196	2	20593
5	7	G	40000	4169	95.831	85.6945	95831	13966	179	14	0	10745	2595	433	13608
5	7	A	40000	7718	92.282	84.885	92282	7397	100	7	0	5414	1522	354	7135
5	7	B	40000	6927	93.073	86.504	93073	6569	79	7	0	5331	1073	79	6473
5	7	cSpy was 11 spamed and the readout avoided!
6	0	G	40000	725	99.275	60.0575	99275	16719	122	1	0	15542	657	397	16341
6	0	A	40000	949	99.051	97.724	99051	1327	121	0	0	585	224	397	948
6	0	B	40000	62217	37.783	22.391	37783	15392	1	1	0	14957	433	0	15393
6	0	cSpy was 13 spamed and the readout avoided!
6	1	G	40000	2031	97.969	92.8035	97969	7422	444	21	0	4757	1472	728	6665
6	1	A	40000	3681	96.319	92.423	96319	3896	225	2	0	2320	879	470	3448
6	1	B	40000	3290	96.71	93.184	96710	3526	219	19	0	2437	593	258	3217
6	1	cSpy was 55 spamed and the readout avoided!
6	2	G	40000	100000	0	0	0	0	0	0	0	0	0	0	2
6	2	A	40000	100000	0	0	0	0	0	0	0	0	0	0	1
6	2	B	40000	100000	0	0	0	0	0	0	0	0	0	0	1
6	3	G	40000	100000	0	0	0	0	0	0	0	0	0	0	2
6	3	A	40000	100000	0	0	0	0	0	0	0	0	0	0	1
6	3	B	40000	100000	0	0	0	0	0	0	0	0	0	0	1
6	4	G	40000	77598	22.402	7.4195	22402	17943	0	0	0	17849	59	35	17944
6	4	A	40000	82525	17.475	8.376	17475	9099	0	0	0	9045	19	35	9099
6	4	B	40000	84693	15.307	6.463	15307	8844	0	0	0	8804	40	0	8845
6	5	G	40000	1224	98.776	94.4805	98776	5824	519	35	2	3058	1614	596	5075
6	5	A	40000	3069	96.931	93.617	96931	3314	252	1	0	1564	1221	276	2937
6	5	B	40000	2146	97.854	95.344	97854	2510	267	34	2	1494	393	320	2138
6	5	cSpy was 13 spamed and the readout avoided!
6	6	G	40000	99051	0.949001	0.315	949	1268	0	0	0	1259	0	9	1270
6	6	A	40000	99051	0.949001	0.315	949	634	0	0	0	625	0	9	635
6	6	B	40000	99051	0.949001	0.315	949	634	0	0	0	634	0	0	635
6	7	G	40000	100000	0	0	0	0	0	0	0	0	0	0	2
6	7	A	40000	100000	0	0	0	0	0	0	0	0	0	0	1
6	7	B	40000	100000	0	0	0	0	0	0	0	0	0	0	1
7	0	G	40000	1766	98.234	64.7135	98234	25250	209	4	0	23603	1152	282	24912
7	0	A	40000	2724	97.276	94.25	97276	3026	177	4	0	2429	140	276	2706
7	0	B	40000	42599	57.401	35.177	57401	22224	32	0	0	21174	1012	6	22206
7	0	cSpy was 14 spamed and the readout avoided!
7	1	G	40000	100000	0	0	0	0	0	0	0	0	0	0	2
7	1	A	40000	100000	0	0	0	0	0	0	0	0	0	0	1
7	1	B	40000	100000	0	0	0	0	0	0	0	0	0	0	1
7	2	G	40000	99988	0.0119984	0.0025	12	17	0	0	0	17	0	0	19
7	2	A	40000	99988	0.0119984	0.003	12	9	0	0	0	9	0	0	10
7	2	B	40000	99990	0.0100017	0.002	10	8	0	0	0	8	0	0	9
7	3	G	40000	64900	35.1	20.3965	35100	27058	0	0	0	26924	0	134	27058
7	3	A	40000	65955	34.045	20.487	34045	13558	0	0	0	13425	0	133	13558
7	3	B	40000	66194	33.806	20.306	33806	13500	0	0	0	13499	0	1	13500
7	4	G	40000	0	100	100	100000	200000	200000	200000	200000	200000	200000	200000	200002
7	4	A	40000	0	100	100	100000	100000	100000	100000	100000	100000	100000	100000	100001
7	4	B	40000	0	100	100	100000	100000	100000	100000	100000	100000	100000	100000	100001
7	5	G	40000	100000	0	0	0	0	0	0	0	0	0	0	2
7	5	A	40000	100000	0	0	0	0	0	0	0	0	0	0	1
7	5	B	40000	100000	0	0	0	0	0	0	0	0	0	0	1
7	6	G	40000	100000	0	0	0	0	0	0	0	0	0	0	2
7	6	A	40000	100000	0	0	0	0	0	0	0	0	0	0	1
7	6	B	40000	100000	0	0	0	0	0	0	0	0	0	0	1
7	7	G	40000	80111	19.889	10.881	19889	17587	0	0	0	17199	308	80	17575
7	7	A	40000	80374	19.626	10.881	19626	8745	0	0	0	8481	186	78	8732
7	7	B	40000	80277	19.723	10.881	19723	8842	0	0	0	8718	122	2	8843
