#the gain was set to: 2	the bias was set to: 30
#Sent triggers per delay setting: 100000	and with a frequency [Hz] of: 40000
#160MHz delay setting	400MHz delay setting	Frequency	correct transmitted H+T		error rate [%]	uncertainty [%]	bad or missed events	error count	missing headers	missing trailers	flipped H/T	event nr errors	tbm missed trigger	unknown errors	event nr resets
0	0	G	40000	488	99.512	58.181	99512	16644	174	0	0	13749	1858	863	16067
0	0	A	40000	615	99.385	98.192	99385	1193	174	0	0	64	93	862	615
0	0	B	40000	66379	33.621	18.17	33621	15451	0	0	0	13685	1765	1	15452
0	0	cSpy was 60 spamed and the readout avoided!
0	1	G	40000	99771	0.229001	0.037	229	378	0	0	0	378	0	0	380
0	1	A	40000	99774	0.226003	0.037	226	189	0	0	0	189	0	0	190
0	1	B	40000	99774	0.226003	0.037	226	189	0	0	0	189	0	0	190
0	2	G	40000	0	100	99.4615	100000	744	93	0	0	134	23	494	333
0	2	A	40000	0	100	99.992	100000	8	0	0	0	0	0	8	0
0	2	B	40000	333	99.667	98.931	99667	736	93	0	0	134	23	486	333
0	2	cSpy was 86 spamed and the readout avoided!
0	3	G	40000	68728	31.272	11.5095	31272	21200	12	3	0	12029	8817	339	21186
0	3	A	40000	75699	24.301	13.872	24301	10429	8	2	0	5784	4300	335	10417
0	3	B	40000	80082	19.918	9.147	19918	10771	4	1	0	6245	4517	4	10769
0	3	cSpy was 4 spamed and the readout avoided!
0	4	G	40000	100000	0	0	0	0	0	0	0	0	0	0	2
0	4	A	40000	100000	0	0	0	0	0	0	0	0	0	0	1
0	4	B	40000	100000	0	0	0	0	0	0	0	0	0	0	1
0	5	G	40000	99997	0.00299811	0	3	6	0	0	0	6	0	0	8
0	5	A	40000	99997	0.00299811	0	3	3	0	0	0	3	0	0	4
0	5	B	40000	99997	0.00299811	0	3	3	0	0	0	3	0	0	4
0	6	G	40000	0	100	100	100000	200000	200000	200000	200000	200000	200000	200000	200002
0	6	A	40000	0	100	100	100000	100000	100000	100000	100000	100000	100000	100000	100001
0	6	B	40000	0	100	100	100000	100000	100000	100000	100000	100000	100000	100000	100001
0	7	G	40000	36627	63.373	43.357	63373	26016	383	61	1	23934	960	680	25327
0	7	A	40000	41864	58.136	46.653	58136	11483	216	36	1	10326	304	603	10944
0	7	B	40000	45406	54.594	40.061	54594	14533	167	25	0	13608	656	77	14383
0	7	cSpy was 51 spamed and the readout avoided!
1	0	G	40000	0	100	100	100000	200000	200000	200000	200000	200000	200000	200000	200002
1	0	A	40000	0	100	100	100000	100000	100000	100000	100000	100000	100000	100000	100001
1	0	B	40000	0	100	100	100000	100000	100000	100000	100000	100000	100000	100000	100001
1	1	G	40000	41188	58.812	42.763	58812	21047	312	30	1	19240	874	592	20485
1	1	A	40000	45378	54.622	45.254	54622	9368	175	14	1	8354	298	528	8931
1	1	B	40000	48049	51.951	40.272	51951	11679	137	16	0	10886	576	64	11554
1	1	cSpy was 37 spamed and the readout avoided!
1	2	G	40000	100000	0	0	0	0	0	0	0	0	0	0	2
1	2	A	40000	100000	0	0	0	0	0	0	0	0	0	0	1
1	2	B	40000	100000	0	0	0	0	0	0	0	0	0	0	1
1	3	G	40000	100000	0	0	0	0	0	0	0	0	0	0	2
1	3	A	40000	100000	0	0	0	0	0	0	0	0	0	0	1
1	3	B	40000	100000	0	0	0	0	0	0	0	0	0	0	1
1	4	G	40000	71466	28.534	17.1845	28534	14598	418	24	0	13582	514	60	14462
1	4	A	40000	78228	21.772	14.556	21772	7216	78	0	0	7075	3	60	7149
1	4	B	40000	72805	27.195	19.813	27195	7382	340	24	0	6507	511	0	7313
1	4	cSpy was 20 spamed and the readout avoided!
1	5	G	40000	0	100	100	100000	200000	200000	200000	200000	200000	200000	200000	200002
1	5	A	40000	0	100	100	100000	100000	100000	100000	100000	100000	100000	100000	100001
1	5	B	40000	0	100	100	100000	100000	100000	100000	100000	100000	100000	100000	100001
1	6	G	40000	100000	0	0	0	0	0	0	0	0	0	0	2
1	6	A	40000	100000	0	0	0	0	0	0	0	0	0	0	1
1	6	B	40000	100000	0	0	0	0	0	0	0	0	0	0	1
1	7	G	40000	100000	0	0	0	0	0	0	0	0	0	0	2
1	7	A	40000	100000	0	0	0	0	0	0	0	0	0	0	1
1	7	B	40000	100000	0	0	0	0	0	0	0	0	0	0	1
2	0	G	40000	7218	92.782	42.9345	92782	7223	132	0	0	6550	149	392	6886
2	0	A	40000	7233	92.767	85.771	92767	6996	132	0	0	6425	47	392	6658
2	0	B	40000	99675	0.325	0.098	325	227	0	0	0	125	102	0	228
2	1	G	40000	100000	0	0	0	0	0	0	0	0	0	0	2
2	1	A	40000	100000	0	0	0	0	0	0	0	0	0	0	1
2	1	B	40000	100000	0	0	0	0	0	0	0	0	0	0	1
2	2	G	40000	86244	13.756	6.3485	13756	13719	1	5	0	13705	5	3	13719
2	2	A	40000	86793	13.207	6.408	13207	6799	0	0	0	6799	0	0	6800
2	2	B	40000	86791	13.209	6.289	13209	6920	1	5	0	6906	5	3	6919
2	3	G	40000	0	100	100	100000	200000	200000	200000	200000	200000	200000	200000	200002
2	3	A	40000	0	100	100	100000	100000	100000	100000	100000	100000	100000	100000	100001
2	3	B	40000	0	100	100	100000	100000	100000	100000	100000	100000	100000	100000	100001
2	4	G	40000	99940	0.059998	0.026	60	60	0	0	0	44	16	0	62
2	4	A	40000	99940	0.059998	0.03	60	30	0	0	0	22	8	0	31
2	4	B	40000	99948	0.0519991	0.022	52	30	0	0	0	22	8	0	31
2	5	G	40000	100000	0	0	0	0	0	0	0	0	0	0	2
2	5	A	40000	100000	0	0	0	0	0	0	0	0	0	0	1
2	5	B	40000	100000	0	0	0	0	0	0	0	0	0	0	1
2	6	G	40000	99794	0.206	0.047	206	318	0	0	0	318	0	0	320
2	6	A	40000	99794	0.206	0.047	206	159	0	0	0	159	0	0	160
2	6	B	40000	99794	0.206	0.047	206	159	0	0	0	159	0	0	160
2	7	G	40000	0	100	100	100000	200000	200000	200000	200000	200000	200000	200000	200002
2	7	A	40000	0	100	100	100000	100000	100000	100000	100000	100000	100000	100000	100001
2	7	B	40000	0	100	100	100000	100000	100000	100000	100000	100000	100000	100000	100001
3	0	G	40000	1628	98.372	70.3935	98372	17177	257	5	0	16463	140	312	16769
3	0	A	40000	2361	97.639	94.893	97639	2746	256	5	0	2039	134	312	2338
3	0	B	40000	39675	60.325	45.894	60325	14431	1	0	0	14424	6	0	14431
3	0	cSpy was 22 spamed and the readout avoided!
3	1	G	40000	16217	83.783	39.676	83783	55588	15	17	0	54485	445	626	55316
3	1	A	40000	29901	70.099	45.626	70099	24473	0	12	0	23743	186	532	24248
3	1	B	40000	35159	64.841	33.726	64841	31115	15	5	0	30742	259	94	31068
3	1	cSpy was 78 spamed and the readout avoided!
3	2	G	40000	54046	45.954	32.4595	45954	26744	2	0	0	25098	1525	119	26706
3	2	A	40000	54116	45.884	32.591	45884	13293	0	0	0	12221	1000	72	13292
3	2	B	40000	54221	45.779	32.328	45779	13451	2	0	0	12877	525	47	13414
3	3	G	40000	100000	0	0	0	0	0	0	0	0	0	0	2
3	3	A	40000	100000	0	0	0	0	0	0	0	0	0	0	1
3	3	B	40000	100000	0	0	0	0	0	0	0	0	0	0	1
3	4	G	40000	100000	0	0	0	0	0	0	0	0	0	0	2
3	4	A	40000	100000	0	0	0	0	0	0	0	0	0	0	1
3	4	B	40000	100000	0	0	0	0	0	0	0	0	0	0	1
3	5	G	40000	24923	75.077	32.0025	75077	55216	0	0	0	55130	2	84	55137
3	5	A	40000	38913	61.087	37.52	61087	23567	0	0	0	23481	2	84	23487
3	5	B	40000	41866	58.134	26.485	58134	31649	0	0	0	31649	0	0	31650
3	6	G	40000	19608	80.392	60.142	80392	34078	30	0	0	28653	5206	189	33992
3	6	A	40000	22915	77.085	59.995	77085	17090	17	0	0	13694	3194	185	17012
3	6	B	40000	22723	77.277	60.289	77277	16988	13	0	0	14959	2012	4	16980
3	7	G	40000	100000	0	0	0	0	0	0	0	0	0	0	2
3	7	A	40000	100000	0	0	0	0	0	0	0	0	0	0	1
3	7	B	40000	100000	0	0	0	0	0	0	0	0	0	0	1
4	0	G	40000	291	99.709	97.867	99709	2383	257	0	0	1346	282	498	1876
4	0	A	40000	832	99.168	98.032	99168	1136	111	0	0	561	137	327	828
4	0	B	40000	1051	98.949	97.702	98949	1247	146	0	0	785	145	171	1048
4	0	cSpy was 60 spamed and the readout avoided!
4	1	G	40000	100000	0	0	0	0	0	0	0	0	0	0	2
4	1	A	40000	100000	0	0	0	0	0	0	0	0	0	0	1
4	1	B	40000	100000	0	0	0	0	0	0	0	0	0	0	1
4	2	G	40000	100000	0	0	0	0	0	0	0	0	0	0	2
4	2	A	40000	100000	0	0	0	0	0	0	0	0	0	0	1
4	2	B	40000	100000	0	0	0	0	0	0	0	0	0	0	1
4	3	G	40000	64843	35.157	12.219	35157	25691	0	0	0	25438	200	53	25687
4	3	A	40000	73105	26.895	14.005	26895	12890	0	0	0	12757	80	53	12885
4	3	B	40000	76766	23.234	10.433	23234	12801	0	0	0	12681	120	0	12802
4	4	G	40000	3608	96.392	86.4215	96392	13668	634	49	1	9610	2680	694	12752
4	4	A	40000	6904	93.096	86.209	93096	6887	312	0	0	4349	1769	457	6348
4	4	B	40000	6585	93.415	86.634	93415	6781	322	49	1	5261	911	237	6404
4	4	cSpy was 18 spamed and the readout avoided!
4	5	G	40000	99972	0.0280023	0.009	28	38	0	0	0	38	0	0	40
4	5	A	40000	99972	0.0280023	0.009	28	19	0	0	0	19	0	0	20
4	5	B	40000	99972	0.0280023	0.009	28	19	0	0	0	19	0	0	20
4	6	G	40000	100000	0	0	0	0	0	0	0	0	0	0	2
4	6	A	40000	100000	0	0	0	0	0	0	0	0	0	0	1
4	6	B	40000	100000	0	0	0	0	0	0	0	0	0	0	1
4	7	G	40000	98700	1.3	0.482	1300	1235	0	0	0	1234	0	1	1237
4	7	A	40000	98782	1.218	0.544	1218	674	0	0	0	673	0	1	675
4	7	B	40000	99019	0.980997	0.42	981	561	0	0	0	561	0	0	562
5	0	G	40000	778	99.222	52.111	99222	9291	141	0	0	8168	345	637	8752
5	0	A	40000	849	99.151	97.762	99151	1389	141	0	0	289	322	637	849
5	0	B	40000	85638	14.362	6.46	14362	7902	0	0	0	7879	23	0	7903
5	0	cSpy was 32 spamed and the readout avoided!
5	1	G	40000	100000	0	0	0	0	0	0	0	0	0	0	2
5	1	A	40000	100000	0	0	0	0	0	0	0	0	0	0	1
5	1	B	40000	100000	0	0	0	0	0	0	0	0	0	0	1
5	2	G	40000	23013	76.987	57.779	76987	21221	44	2	0	20451	147	577	20873
5	2	A	40000	28701	71.299	60.341	71299	10958	36	0	0	10433	120	369	10768
5	2	B	40000	34520	65.48	55.217	65480	10263	8	2	0	10018	27	208	10105
5	2	cSpy was 69 spamed and the readout avoided!
5	3	G	40000	14798	85.202	71.364	85202	19804	77	3	0	18265	953	506	19527
5	3	A	40000	19711	80.289	69.406	80289	10883	12	0	0	9775	635	461	10665
5	3	B	40000	17757	82.243	73.322	82243	8921	65	3	0	8490	318	45	8862
5	3	cSpy was 12 spamed and the readout avoided!
5	4	G	40000	100000	0	0	0	0	0	0	0	0	0	0	2
5	4	A	40000	100000	0	0	0	0	0	0	0	0	0	0	1
5	4	B	40000	100000	0	0	0	0	0	0	0	0	0	0	1
5	5	G	40000	100000	0	0	0	0	0	0	0	0	0	0	2
5	5	A	40000	100000	0	0	0	0	0	0	0	0	0	0	1
5	5	B	40000	100000	0	0	0	0	0	0	0	0	0	0	1
5	6	G	40000	66554	33.446	20.039	33446	26557	0	0	0	26429	3	125	26559
5	6	A	40000	66684	33.316	20.039	33316	13277	0	0	0	13149	3	125	13278
5	6	B	40000	66681	33.319	20.039	33319	13280	0	0	0	13280	0	0	13281
5	7	G	40000	796	99.204	94.9705	99204	5199	203	5	1	3072	1211	707	4678
5	7	A	40000	3385	96.615	93.065	96615	3550	103	3	1	2137	818	488	3218
5	7	B	40000	1475	98.525	96.876	98525	1649	100	2	0	935	393	219	1460
5	7	cSpy was 73 spamed and the readout avoided!
6	0	G	40000	738	99.262	60.737	99262	17485	124	1	0	16317	657	386	17132
6	0	A	40000	978	99.022	97.692	99022	1330	123	0	0	609	213	385	977
6	0	B	40000	60063	39.937	23.782	39937	16155	1	1	0	15708	444	1	16155
6	0	cSpy was 8 spamed and the readout avoided!
6	1	G	40000	0	100	100	100000	200000	200000	200000	200000	200000	200000	200000	200002
6	1	A	40000	0	100	100	100000	100000	100000	100000	100000	100000	100000	100000	100001
6	1	B	40000	0	100	100	100000	100000	100000	100000	100000	100000	100000	100000	100001
6	2	G	40000	100000	0	0	0	0	0	0	0	0	0	0	2
6	2	A	40000	100000	0	0	0	0	0	0	0	0	0	0	1
6	2	B	40000	100000	0	0	0	0	0	0	0	0	0	0	1
6	3	G	40000	100000	0	0	0	0	0	0	0	0	0	0	2
6	3	A	40000	100000	0	0	0	0	0	0	0	0	0	0	1
6	3	B	40000	100000	0	0	0	0	0	0	0	0	0	0	1
6	4	G	40000	86742	13.258	6.014	13258	13958	0	0	0	13638	269	51	13946
6	4	A	40000	87013	12.987	6.014	12987	6973	0	0	0	6752	170	51	6960
6	4	B	40000	87001	12.999	6.014	12999	6985	0	0	0	6886	99	0	6986
6	5	G	40000	0	100	100	100000	200000	200000	200000	200000	200000	200000	200000	200002
6	5	A	40000	0	100	100	100000	100000	100000	100000	100000	100000	100000	100000	100001
6	5	B	40000	0	100	100	100000	100000	100000	100000	100000	100000	100000	100000	100001
6	6	G	40000	97324	2.676	1.316	2676	2715	0	0	0	2698	9	8	2716
6	6	A	40000	97325	2.675	1.316	2675	1359	0	0	0	1345	6	8	1359
6	6	B	40000	97328	2.672	1.316	2672	1356	0	0	0	1353	3	0	1357
6	7	G	40000	100000	0	0	0	0	0	0	0	0	0	0	2
6	7	A	40000	100000	0	0	0	0	0	0	0	0	0	0	1
6	7	B	40000	100000	0	0	0	0	0	0	0	0	0	0	1
7	0	G	40000	1561	98.439	68.2865	98439	23508	171	2	1	21981	1110	243	23229
7	0	A	40000	2522	97.478	94.718	97478	2760	145	2	1	2234	139	239	2499
7	0	B	40000	37397	62.603	41.855	62603	20748	26	0	0	19747	971	4	20730
7	0	cSpy was 15 spamed and the readout avoided!
7	1	G	40000	100000	0	0	0	0	0	0	0	0	0	0	2
7	1	A	40000	100000	0	0	0	0	0	0	0	0	0	0	1
7	1	B	40000	100000	0	0	0	0	0	0	0	0	0	0	1
7	2	G	40000	100000	0	0	0	0	0	0	0	0	0	0	2
7	2	A	40000	100000	0	0	0	0	0	0	0	0	0	0	1
7	2	B	40000	100000	0	0	0	0	0	0	0	0	0	0	1
7	3	G	40000	65961	34.039	20.2045	34039	26750	0	0	0	26623	0	127	26751
7	3	A	40000	66384	33.616	20.233	33616	13383	0	0	0	13256	0	127	13383
7	3	B	40000	66457	33.543	20.176	33543	13367	0	0	0	13367	0	0	13368
7	4	G	40000	5293	94.707	87.959	94707	8429	189	5	0	6332	1260	643	7970
7	4	A	40000	8952	91.048	85.761	91048	5287	58	3	0	3879	882	465	5015
7	4	B	40000	6701	93.299	90.157	93299	3142	131	2	0	2453	378	178	2955
7	4	cSpy was 71 spamed and the readout avoided!
7	5	G	40000	100000	0	0	0	0	0	0	0	0	0	0	2
7	5	A	40000	100000	0	0	0	0	0	0	0	0	0	0	1
7	5	B	40000	100000	0	0	0	0	0	0	0	0	0	0	1
7	6	G	40000	100000	0	0	0	0	0	0	0	0	0	0	2
7	6	A	40000	100000	0	0	0	0	0	0	0	0	0	0	1
7	6	B	40000	100000	0	0	0	0	0	0	0	0	0	0	1
7	7	G	40000	70874	29.126	16.68	29126	24353	0	0	0	24028	204	121	24325
7	7	A	40000	71241	28.759	16.68	28759	12079	0	0	0	11841	118	120	12050
7	7	B	40000	71046	28.954	16.68	28954	12274	0	0	0	12187	86	1	12275
