#the gain was set to: 2	the bias was set to: 30
#Sent triggers per delay setting: 100000	and with a frequency [Hz] of: 40000
#160MHz delay setting	400MHz delay setting	Frequency	correct transmitted H+T		error rate [%]	uncertainty [%]	bad or missed events	error count	missing headers	missing trailers	flipped H/T	event nr errors	tbm missed trigger	unknown errors	event nr resets
0	0	G	40000	506	99.494	57.4305	99494	15899	154	0	0	13178	1742	825	15360
0	0	A	40000	631	99.369	98.198	99369	1171	154	0	0	102	91	824	631
0	0	B	40000	68609	31.391	16.663	31391	14728	0	0	0	13076	1651	1	14729
0	0	cSpy was 53 spamed and the readout avoided!
0	1	G	40000	99885	0.115001	0.034	115	115	0	0	0	115	0	0	117
0	1	A	40000	99929	0.0710011	0.015	71	56	0	0	0	56	0	0	57
0	1	B	40000	99888	0.111997	0.053	112	59	0	0	0	59	0	0	60
0	2	G	40000	0	100	100	100000	200000	200000	200000	200000	200000	200000	200000	200002
0	2	A	40000	0	100	100	100000	100000	100000	100000	100000	100000	100000	100000	100001
0	2	B	40000	0	100	100	100000	100000	100000	100000	100000	100000	100000	100000	100001
0	3	G	40000	80815	19.185	6.684	19185	22306	3	0	0	20236	2052	15	22304
0	3	A	40000	82109	17.891	6.787	17891	11104	3	0	0	10072	1014	15	11101
0	3	B	40000	82217	17.783	6.581	17783	11202	0	0	0	10164	1038	0	11203
0	4	G	40000	100000	0	0	0	0	0	0	0	0	0	0	2
0	4	A	40000	100000	0	0	0	0	0	0	0	0	0	0	1
0	4	B	40000	100000	0	0	0	0	0	0	0	0	0	0	1
0	5	G	40000	100000	0	0	0	0	0	0	0	0	0	0	2
0	5	A	40000	100000	0	0	0	0	0	0	0	0	0	0	1
0	5	B	40000	100000	0	0	0	0	0	0	0	0	0	0	1
0	6	G	40000	0	100	99.7415	100000	358	10	0	0	49	61	238	159
0	6	A	40000	0	100	100	100000	0	0	0	0	0	0	0	0
0	6	B	40000	159	99.841	99.483	99841	358	10	0	0	49	61	238	159
0	7	G	40000	14082	85.918	76.587	85918	14022	33	0	0	12474	954	561	13706
0	7	A	40000	16383	83.617	76.486	83617	7131	17	0	0	6210	412	492	6871
0	7	B	40000	16421	83.579	76.688	83579	6891	16	0	0	6264	542	69	6835
0	7	cSpy was 44 spamed and the readout avoided!
1	0	G	40000	929	99.071	90.33	99071	9468	321	17	0	8167	418	545	8901
1	0	A	40000	1754	98.246	96.207	98246	2039	131	0	0	1467	125	316	1739
1	0	B	40000	8118	91.882	84.453	91882	7429	190	17	0	6700	293	229	7162
1	0	cSpy was 74 spamed and the readout avoided!
1	1	G	40000	35232	64.768	52.172	64768	16654	432	26	1	14931	628	638	15963
1	1	A	40000	38501	61.499	54.02	61499	7479	249	18	1	6484	189	540	6959
1	1	B	40000	40501	59.499	50.324	59499	9175	183	8	0	8447	439	98	9004
1	1	cSpy was 66 spamed and the readout avoided!
1	2	G	40000	100000	0	0	0	0	0	0	0	0	0	0	2
1	2	A	40000	100000	0	0	0	0	0	0	0	0	0	0	1
1	2	B	40000	100000	0	0	0	0	0	0	0	0	0	0	1
1	3	G	40000	100000	0	0	0	0	0	0	0	0	0	0	2
1	3	A	40000	100000	0	0	0	0	0	0	0	0	0	0	1
1	3	B	40000	100000	0	0	0	0	0	0	0	0	0	0	1
1	4	G	40000	71803	28.197	17.7415	28197	11932	417	20	0	10861	588	46	11814
1	4	A	40000	79371	20.629	14.876	20629	5753	50	0	0	5657	0	46	5710
1	4	B	40000	73214	26.786	20.607	26786	6179	367	20	0	5204	588	0	6104
1	4	cSpy was 22 spamed and the readout avoided!
1	5	G	40000	0	100	100	100000	200000	200000	200000	200000	200000	200000	200000	200002
1	5	A	40000	0	100	100	100000	100000	100000	100000	100000	100000	100000	100000	100001
1	5	B	40000	0	100	100	100000	100000	100000	100000	100000	100000	100000	100000	100001
1	6	G	40000	100000	0	0	0	0	0	0	0	0	0	0	2
1	6	A	40000	100000	0	0	0	0	0	0	0	0	0	0	1
1	6	B	40000	100000	0	0	0	0	0	0	0	0	0	0	1
1	7	G	40000	100000	0	0	0	0	0	0	0	0	0	0	2
1	7	A	40000	100000	0	0	0	0	0	0	0	0	0	0	1
1	7	B	40000	100000	0	0	0	0	0	0	0	0	0	0	1
2	0	G	40000	6534	93.466	47.4275	93466	13511	194	7	0	12198	724	388	13140
2	0	A	40000	7167	92.833	85.879	92833	6954	178	7	0	6314	72	383	6594
2	0	B	40000	84467	15.533	8.976	15533	6557	16	0	0	5884	652	5	6546
2	0	cSpy was 10 spamed and the readout avoided!
2	1	G	40000	100000	0	0	0	0	0	0	0	0	0	0	2
2	1	A	40000	100000	0	0	0	0	0	0	0	0	0	0	1
2	1	B	40000	100000	0	0	0	0	0	0	0	0	0	0	1
2	2	G	40000	68606	31.394	13.9265	31394	22272	2	0	0	22192	45	33	22267
2	2	A	40000	75728	24.272	13.028	24272	11244	1	0	0	11186	24	33	11239
2	2	B	40000	74147	25.853	14.825	25853	11028	1	0	0	11006	21	0	11028
2	3	G	40000	26	99.974	98.932	99974	1273	102	9	0	254	481	427	863
2	3	A	40000	54	99.946	99.635	99946	311	0	0	0	0	8	303	54
2	3	B	40000	809	99.191	98.229	99191	962	102	9	0	254	473	124	809
2	3	cSpy was 85 spamed and the readout avoided!
2	4	G	40000	99467	0.533003	0.292	533	482	0	0	0	482	0	0	484
2	4	A	40000	99467	0.533003	0.292	533	241	0	0	0	241	0	0	242
2	4	B	40000	99467	0.533003	0.292	533	241	0	0	0	241	0	0	242
2	5	G	40000	100000	0	0	0	0	0	0	0	0	0	0	2
2	5	A	40000	100000	0	0	0	0	0	0	0	0	0	0	1
2	5	B	40000	100000	0	0	0	0	0	0	0	0	0	0	1
2	6	G	40000	99390	0.61	0.2365	610	628	0	0	0	628	0	0	630
2	6	A	40000	99495	0.505	0.191	505	314	0	0	0	314	0	0	315
2	6	B	40000	99404	0.595999	0.282	596	314	0	0	0	314	0	0	315
2	7	G	40000	0	100	100	100000	200000	200000	200000	200000	200000	200000	200000	200002
2	7	A	40000	0	100	100	100000	100000	100000	100000	100000	100000	100000	100000	100001
2	7	B	40000	0	100	100	100000	100000	100000	100000	100000	100000	100000	100000	100001
3	0	G	40000	1866	98.134	67.881	98134	15609	235	6	0	14908	154	306	15263
3	0	A	40000	2535	97.465	94.601	97465	2864	232	6	0	2168	152	306	2518
3	0	B	40000	46094	53.906	41.161	53906	12745	3	0	0	12740	2	0	12745
3	0	cSpy was 21 spamed and the readout avoided!
3	1	G	40000	1077	98.923	96.9295	98923	3115	22	0	0	2537	17	539	2670
3	1	A	40000	1534	98.466	96.723	98466	1743	13	0	0	1242	8	480	1352
3	1	B	40000	1492	98.508	97.136	98508	1372	9	0	0	1295	9	59	1318
3	1	cSpy was 40 spamed and the readout avoided!
3	2	G	40000	20830	79.17	65.6785	79170	18624	85	0	0	17141	911	487	18333
3	2	A	40000	24743	75.257	66.098	75257	9159	19	0	0	8248	450	442	8915
3	2	B	40000	25276	74.724	65.259	74724	9465	66	0	0	8893	461	45	9418
3	3	G	40000	100000	0	0	0	0	0	0	0	0	0	0	2
3	3	A	40000	100000	0	0	0	0	0	0	0	0	0	0	1
3	3	B	40000	100000	0	0	0	0	0	0	0	0	0	0	1
3	4	G	40000	100000	0	0	0	0	0	0	0	0	0	0	2
3	4	A	40000	100000	0	0	0	0	0	0	0	0	0	0	1
3	4	B	40000	100000	0	0	0	0	0	0	0	0	0	0	1
3	5	G	40000	0	100	100	100000	200000	200000	200000	200000	200000	200000	200000	200002
3	5	A	40000	0	100	100	100000	100000	100000	100000	100000	100000	100000	100000	100001
3	5	B	40000	0	100	100	100000	100000	100000	100000	100000	100000	100000	100000	100001
3	6	G	40000	0	100	100	100000	200000	200000	200000	200000	200000	200000	200000	200002
3	6	A	40000	0	100	100	100000	100000	100000	100000	100000	100000	100000	100000	100001
3	6	B	40000	0	100	100	100000	100000	100000	100000	100000	100000	100000	100000	100001
3	7	G	40000	100000	0	0	0	0	0	0	0	0	0	0	2
3	7	A	40000	100000	0	0	0	0	0	0	0	0	0	0	1
3	7	B	40000	100000	0	0	0	0	0	0	0	0	0	0	1
4	0	G	40000	262	99.738	98.0815	99738	2155	204	0	0	1104	343	504	1676
4	0	A	40000	830	99.17	98.063	99170	1107	93	0	0	512	204	298	824
4	0	B	40000	852	99.148	98.1	99148	1048	111	0	0	592	139	206	852
4	0	cSpy was 55 spamed and the readout avoided!
4	1	G	40000	100000	0	0	0	0	0	0	0	0	0	0	2
4	1	A	40000	100000	0	0	0	0	0	0	0	0	0	0	1
4	1	B	40000	100000	0	0	0	0	0	0	0	0	0	0	1
4	2	G	40000	100000	0	0	0	0	0	0	0	0	0	0	2
4	2	A	40000	100000	0	0	0	0	0	0	0	0	0	0	1
4	2	B	40000	100000	0	0	0	0	0	0	0	0	0	0	1
4	3	G	40000	68741	31.259	11.234	31259	22285	0	0	0	21979	265	41	22279
4	3	A	40000	76007	23.993	12.942	23993	11051	0	0	0	10907	103	41	11044
4	3	B	40000	79240	20.76	9.526	20760	11234	0	0	0	11072	162	0	11235
4	4	G	40000	0	100	100	100000	200000	200000	200000	200000	200000	200000	200000	200002
4	4	A	40000	0	100	100	100000	100000	100000	100000	100000	100000	100000	100000	100001
4	4	B	40000	0	100	100	100000	100000	100000	100000	100000	100000	100000	100000	100001
4	5	G	40000	99667	0.332999	0.113	333	440	0	0	0	438	0	2	442
4	5	A	40000	99667	0.332999	0.113	333	220	0	0	0	218	0	2	221
4	5	B	40000	99667	0.332999	0.113	333	220	0	0	0	220	0	0	221
4	6	G	40000	100000	0	0	0	0	0	0	0	0	0	0	2
4	6	A	40000	100000	0	0	0	0	0	0	0	0	0	0	1
4	6	B	40000	100000	0	0	0	0	0	0	0	0	0	0	1
4	7	G	40000	99982	0.0180006	0.007	18	14	0	0	0	14	0	0	16
4	7	A	40000	99984	0.0159979	0.008	16	8	0	0	0	8	0	0	9
4	7	B	40000	99988	0.0119984	0.006	12	6	0	0	0	6	0	0	7
5	0	G	40000	799	99.201	51.9075	99201	8982	154	0	0	7869	339	620	8460
5	0	A	40000	872	99.128	97.733	99128	1395	154	0	0	305	316	620	872
5	0	B	40000	86331	13.669	6.082	13669	7587	0	0	0	7564	23	0	7588
5	0	cSpy was 32 spamed and the readout avoided!
5	1	G	40000	100000	0	0	0	0	0	0	0	0	0	0	2
5	1	A	40000	100000	0	0	0	0	0	0	0	0	0	0	1
5	1	B	40000	100000	0	0	0	0	0	0	0	0	0	0	1
5	2	G	40000	56034	43.966	21.712	43966	28817	5	1	0	28657	2	152	28809
5	2	A	40000	62778	37.222	22.581	37222	14641	1	1	0	14486	1	152	14632
5	2	B	40000	64981	35.019	20.843	35019	14176	4	0	0	14171	1	0	14177
5	3	G	40000	4769	95.231	82.7995	95231	16584	126	6	0	14549	1352	551	16231
5	3	A	40000	10295	89.705	80.122	89705	9583	8	0	0	8118	998	459	9354
5	3	B	40000	7522	92.478	85.477	92478	7001	118	6	0	6431	354	92	6877
5	3	cSpy was 25 spamed and the readout avoided!
5	4	G	40000	100000	0	0	0	0	0	0	0	0	0	0	2
5	4	A	40000	100000	0	0	0	0	0	0	0	0	0	0	1
5	4	B	40000	100000	0	0	0	0	0	0	0	0	0	0	1
5	5	G	40000	100000	0	0	0	0	0	0	0	0	0	0	2
5	5	A	40000	100000	0	0	0	0	0	0	0	0	0	0	1
5	5	B	40000	100000	0	0	0	0	0	0	0	0	0	0	1
5	6	G	40000	67683	32.317	19.175	32317	25958	0	0	0	25817	19	122	25952
5	6	A	40000	67892	32.108	19.175	32108	12933	0	0	0	12795	16	122	12926
5	6	B	40000	67800	32.2	19.175	32200	13025	0	0	0	13022	3	0	13026
5	7	G	40000	0	100	100	100000	200000	200000	200000	200000	200000	200000	200000	200002
5	7	A	40000	0	100	100	100000	100000	100000	100000	100000	100000	100000	100000	100001
5	7	B	40000	0	100	100	100000	100000	100000	100000	100000	100000	100000	100000	100001
6	0	G	40000	803	99.197	58.7065	99197	16271	144	1	0	15116	590	420	15869
6	0	A	40000	1034	98.966	97.531	98966	1435	144	0	0	645	229	417	1034
6	0	B	40000	65282	34.718	19.882	34718	14836	0	1	0	14471	361	3	14835
6	0	cSpy was 13 spamed and the readout avoided!
6	1	G	40000	0	100	100	100000	200000	200000	200000	200000	200000	200000	200000	200002
6	1	A	40000	0	100	100	100000	100000	100000	100000	100000	100000	100000	100000	100001
6	1	B	40000	0	100	100	100000	100000	100000	100000	100000	100000	100000	100000	100001
6	2	G	40000	100000	0	0	0	0	0	0	0	0	0	0	2
6	2	A	40000	100000	0	0	0	0	0	0	0	0	0	0	1
6	2	B	40000	100000	0	0	0	0	0	0	0	0	0	0	1
6	3	G	40000	100000	0	0	0	0	0	0	0	0	0	0	2
6	3	A	40000	100000	0	0	0	0	0	0	0	0	0	0	1
6	3	B	40000	100000	0	0	0	0	0	0	0	0	0	0	1
6	4	G	40000	86337	13.663	6.962	13663	13010	0	0	0	12770	184	56	13001
6	4	A	40000	86547	13.453	6.962	13453	6491	0	0	0	6322	113	56	6481
6	4	B	40000	86519	13.481	6.962	13481	6519	0	0	0	6448	71	0	6520
6	5	G	40000	0	100	100	100000	200000	200000	200000	200000	200000	200000	200000	200002
6	5	A	40000	0	100	100	100000	100000	100000	100000	100000	100000	100000	100000	100001
6	5	B	40000	0	100	100	100000	100000	100000	100000	100000	100000	100000	100000	100001
6	6	G	40000	85788	14.212	7.3615	14212	13585	0	0	0	13257	248	80	13567
6	6	A	40000	85827	14.173	7.361	14173	6812	0	0	0	6540	192	80	6793
6	6	B	40000	85865	14.135	7.362	14135	6773	0	0	0	6717	56	0	6774
6	7	G	40000	100000	0	0	0	0	0	0	0	0	0	0	2
6	7	A	40000	100000	0	0	0	0	0	0	0	0	0	0	1
6	7	B	40000	100000	0	0	0	0	0	0	0	0	0	0	1
7	0	G	40000	1460	98.54	75.1095	98540	21228	212	5	0	19638	1086	287	20896
7	0	A	40000	2520	97.48	94.672	97480	2808	162	5	0	2227	134	280	2502
7	0	B	40000	26033	73.967	55.547	73967	18420	50	0	0	17411	952	7	18394
7	0	cSpy was 14 spamed and the readout avoided!
7	1	G	40000	100000	0	0	0	0	0	0	0	0	0	0	2
7	1	A	40000	100000	0	0	0	0	0	0	0	0	0	0	1
7	1	B	40000	100000	0	0	0	0	0	0	0	0	0	0	1
7	2	G	40000	100000	0	0	0	0	0	0	0	0	0	0	2
7	2	A	40000	100000	0	0	0	0	0	0	0	0	0	0	1
7	2	B	40000	100000	0	0	0	0	0	0	0	0	0	0	1
7	3	G	40000	23846	76.154	35.1335	76154	47370	0	0	0	46775	500	95	47366
7	3	A	40000	36092	63.908	41.319	63908	22589	0	0	0	22452	43	94	22585
7	3	B	40000	46271	53.729	28.948	53729	24781	0	0	0	24323	457	1	24781
7	4	G	40000	17523	82.477	53.883	82477	38645	24	0	0	31463	7003	155	38583
7	4	A	40000	27273	72.727	52.926	72727	19801	12	0	0	15490	4146	153	19744
7	4	B	40000	26316	73.684	54.84	73684	18844	12	0	0	15973	2857	2	18839
7	5	G	40000	100000	0	0	0	0	0	0	0	0	0	0	2
7	5	A	40000	100000	0	0	0	0	0	0	0	0	0	0	1
7	5	B	40000	100000	0	0	0	0	0	0	0	0	0	0	1
7	6	G	40000	100000	0	0	0	0	0	0	0	0	0	0	2
7	6	A	40000	100000	0	0	0	0	0	0	0	0	0	0	1
7	6	B	40000	100000	0	0	0	0	0	0	0	0	0	0	1
7	7	G	40000	73269	26.731	9.377	26731	19239	0	0	0	18985	217	37	19235
7	7	A	40000	79493	20.507	10.886	20507	9621	0	0	0	9497	87	37	9616
7	7	B	40000	82514	17.486	7.868	17486	9618	0	0	0	9488	130	0	9619
