#the gain was set to: 2	the bias was set to: 30
#Sent triggers per delay setting: 100000	and with a frequency [Hz] of: 40000
#160MHz delay setting	400MHz delay setting	Frequency	correct transmitted H+T		error rate [%]	uncertainty [%]	bad or missed events	error count	missing headers	missing trailers	flipped H/T	event nr errors	tbm missed trigger	unknown errors	event nr resets
0	0	G	40000	461	99.539	57.9195	99539	16354	131	0	0	13459	1927	837	15811
0	0	A	40000	618	99.382	98.22	99382	1162	131	0	0	92	102	837	618
0	0	B	40000	67189	32.811	17.619	32811	15192	0	0	0	13367	1825	0	15193
0	0	cSpy was 51 spamed and the readout avoided!
0	1	G	40000	99150	0.849998	0.271	850	835	0	0	0	835	0	0	837
0	1	A	40000	99426	0.573999	0.168	574	406	0	0	0	406	0	0	407
0	1	B	40000	99197	0.803	0.374	803	429	0	0	0	429	0	0	430
0	2	G	40000	0	100	100	100000	200000	200000	200000	200000	200000	200000	200000	200002
0	2	A	40000	0	100	100	100000	100000	100000	100000	100000	100000	100000	100000	100001
0	2	B	40000	0	100	100	100000	100000	100000	100000	100000	100000	100000	100000	100001
0	3	G	40000	87766	12.234	4.8735	12234	14138	1	0	0	13513	622	2	14138
0	3	A	40000	88040	11.96	4.9	11960	7060	1	0	0	6747	310	2	7059
0	3	B	40000	88075	11.925	4.847	11925	7078	0	0	0	6766	312	0	7079
0	4	G	40000	100000	0	0	0	0	0	0	0	0	0	0	2
0	4	A	40000	100000	0	0	0	0	0	0	0	0	0	0	1
0	4	B	40000	100000	0	0	0	0	0	0	0	0	0	0	1
0	5	G	40000	99998	0.00200272	0.0005	2	2	0	0	0	2	0	0	4
0	5	A	40000	99999	0.00100136	0	1	1	0	0	0	1	0	0	2
0	5	B	40000	99998	0.00200272	0.001	2	1	0	0	0	1	0	0	2
0	6	G	40000	0	100	99.059	100000	1217	165	12	0	225	179	630	664
0	6	A	40000	0	100	100	100000	0	0	0	0	0	0	0	0
0	6	B	40000	665	99.335	98.118	99335	1217	165	12	0	225	179	630	664
0	6	cSpy was 1 spamed and the readout avoided!
0	7	G	40000	3759	96.241	89.76	96241	9059	35	1	0	7845	287	892	8582
0	7	A	40000	5850	94.15	89.236	94150	4914	20	1	0	3891	144	859	4456
0	7	B	40000	5571	94.429	90.284	94429	4145	15	0	0	3954	143	33	4126
0	7	cSpy was 4 spamed and the readout avoided!
1	0	G	40000	0	100	100	100000	200000	200000	200000	200000	200000	200000	200000	200002
1	0	A	40000	0	100	100	100000	100000	100000	100000	100000	100000	100000	100000	100001
1	0	B	40000	0	100	100	100000	100000	100000	100000	100000	100000	100000	100000	100001
1	1	G	40000	6334	93.666	81.7395	93666	17141	27	0	0	15699	788	627	16834
1	1	A	40000	9769	90.231	81.376	90231	8855	19	0	0	7837	404	595	8562
1	1	B	40000	9611	90.389	82.103	90389	8286	8	0	0	7862	384	32	8272
1	2	G	40000	100000	0	0	0	0	0	0	0	0	0	0	2
1	2	A	40000	100000	0	0	0	0	0	0	0	0	0	0	1
1	2	B	40000	100000	0	0	0	0	0	0	0	0	0	0	1
1	3	G	40000	100000	0	0	0	0	0	0	0	0	0	0	2
1	3	A	40000	100000	0	0	0	0	0	0	0	0	0	0	1
1	3	B	40000	100000	0	0	0	0	0	0	0	0	0	0	1
1	4	G	40000	5	99.995	99.932	99995	98	0	0	0	8	0	90	38
1	4	A	40000	8	99.992	99.93	99992	62	0	0	0	2	0	60	8
1	4	B	40000	30	99.97	99.934	99970	36	0	0	0	6	0	30	30
1	5	G	40000	0	100	100	100000	200000	200000	200000	200000	200000	200000	200000	200002
1	5	A	40000	0	100	100	100000	100000	100000	100000	100000	100000	100000	100000	100001
1	5	B	40000	0	100	100	100000	100000	100000	100000	100000	100000	100000	100000	100001
1	6	G	40000	100000	0	0	0	0	0	0	0	0	0	0	2
1	6	A	40000	100000	0	0	0	0	0	0	0	0	0	0	1
1	6	B	40000	100000	0	0	0	0	0	0	0	0	0	0	1
1	7	G	40000	100000	0	0	0	0	0	0	0	0	0	0	2
1	7	A	40000	100000	0	0	0	0	0	0	0	0	0	0	1
1	7	B	40000	100000	0	0	0	0	0	0	0	0	0	0	1
2	0	G	40000	8029	91.971	42.198	91971	7809	134	0	0	7153	129	393	7491
2	0	A	40000	8043	91.957	84.321	91957	7636	134	0	0	7050	59	393	7317
2	0	B	40000	99752	0.247997	0.075	248	173	0	0	0	103	70	0	174
2	1	G	40000	100000	0	0	0	0	0	0	0	0	0	0	2
2	1	A	40000	100000	0	0	0	0	0	0	0	0	0	0	1
2	1	B	40000	100000	0	0	0	0	0	0	0	0	0	0	1
2	2	G	40000	92586	7.414	2.9795	7414	8478	0	2	0	8476	0	0	8480
2	2	A	40000	92779	7.221	3	7221	4221	0	0	0	4221	0	0	4222
2	2	B	40000	92784	7.216	2.959	7216	4257	0	2	0	4255	0	0	4258
2	3	G	40000	6	99.994	99.421	99994	661	42	0	0	224	200	195	497
2	3	A	40000	26	99.974	99.901	99974	73	0	0	0	6	9	58	26
2	3	B	40000	471	99.529	98.941	99529	588	42	0	0	218	191	137	471
2	3	cSpy was 95 spamed and the readout avoided!
2	4	G	40000	0	100	100	100000	200000	200000	200000	200000	200000	200000	200000	200002
2	4	A	40000	0	100	100	100000	100000	100000	100000	100000	100000	100000	100000	100001
2	4	B	40000	0	100	100	100000	100000	100000	100000	100000	100000	100000	100000	100001
2	5	G	40000	100000	0	0	0	0	0	0	0	0	0	0	2
2	5	A	40000	100000	0	0	0	0	0	0	0	0	0	0	1
2	5	B	40000	100000	0	0	0	0	0	0	0	0	0	0	1
2	6	G	40000	99984	0.0159979	0.003	16	26	0	0	0	26	0	0	28
2	6	A	40000	99984	0.0159979	0.003	16	13	0	0	0	13	0	0	14
2	6	B	40000	99984	0.0159979	0.003	16	13	0	0	0	13	0	0	14
2	7	G	40000	0	100	100	100000	200000	200000	200000	200000	200000	200000	200000	200002
2	7	A	40000	0	100	100	100000	100000	100000	100000	100000	100000	100000	100000	100001
2	7	B	40000	0	100	100	100000	100000	100000	100000	100000	100000	100000	100000	100001
3	0	G	40000	1898	98.102	67.0885	98102	15535	243	7	0	14870	132	283	15176
3	0	A	40000	2597	97.403	94.467	97403	2936	242	7	0	2274	130	283	2576
3	0	B	40000	47691	52.309	39.71	52309	12599	1	0	0	12596	2	0	12600
3	0	cSpy was 24 spamed and the readout avoided!
3	1	G	40000	19386	80.614	34.3605	80614	58501	0	0	0	58315	82	104	58421
3	1	A	40000	34408	65.592	40.161	65592	25431	0	0	0	25301	27	103	25351
3	1	B	40000	38370	61.63	28.56	61630	33070	0	0	0	33014	55	1	33070
3	2	G	40000	57810	42.19	17.3545	42190	46625	25	0	0	41068	5439	93	46590
3	2	A	40000	59382	40.618	17.344	40618	23274	15	0	0	19616	3550	93	23245
3	2	B	40000	59284	40.716	17.365	40716	23351	10	0	0	21452	1889	0	23345
3	3	G	40000	100000	0	0	0	0	0	0	0	0	0	0	2
3	3	A	40000	100000	0	0	0	0	0	0	0	0	0	0	1
3	3	B	40000	100000	0	0	0	0	0	0	0	0	0	0	1
3	4	G	40000	100000	0	0	0	0	0	0	0	0	0	0	2
3	4	A	40000	100000	0	0	0	0	0	0	0	0	0	0	1
3	4	B	40000	100000	0	0	0	0	0	0	0	0	0	0	1
3	5	G	40000	18102	81.898	34.742	81898	60236	0	0	0	60131	11	94	60149
3	5	A	40000	33535	66.465	40.849	66465	25616	0	0	0	25522	0	94	25528
3	5	B	40000	36745	63.255	28.635	63255	34620	0	0	0	34609	11	0	34621
3	6	G	40000	10185	89.815	73.3965	89815	24948	76	9	0	20753	3731	379	24718
3	6	A	40000	14203	85.797	73.22	85797	12577	43	4	0	9988	2193	349	12384
3	6	B	40000	14056	85.944	73.573	85944	12371	33	5	0	10765	1538	30	12334
3	6	cSpy was 1 spamed and the readout avoided!
3	7	G	40000	100000	0	0	0	0	0	0	0	0	0	0	2
3	7	A	40000	100000	0	0	0	0	0	0	0	0	0	0	1
3	7	B	40000	100000	0	0	0	0	0	0	0	0	0	0	1
4	0	G	40000	235	99.765	97.035	99765	2484	199	0	0	1359	340	586	1918
4	0	A	40000	814	99.186	98.065	99186	1121	90	0	0	483	214	334	798
4	0	B	40000	2632	97.368	96.005	97368	1363	109	0	0	876	126	252	1120
4	0	cSpy was 43 spamed and the readout avoided!
4	1	G	40000	100000	0	0	0	0	0	0	0	0	0	0	2
4	1	A	40000	100000	0	0	0	0	0	0	0	0	0	0	1
4	1	B	40000	100000	0	0	0	0	0	0	0	0	0	0	1
4	2	G	40000	100000	0	0	0	0	0	0	0	0	0	0	2
4	2	A	40000	100000	0	0	0	0	0	0	0	0	0	0	1
4	2	B	40000	100000	0	0	0	0	0	0	0	0	0	0	1
4	3	G	40000	89632	10.368	3.983	10368	12185	0	0	0	12055	96	34	12181
4	3	A	40000	89923	10.077	3.983	10077	6094	0	0	0	5996	64	34	6089
4	3	B	40000	89926	10.074	3.983	10074	6091	0	0	0	6059	32	0	6092
4	4	G	40000	142	99.858	97.979	99858	2257	192	16	2	882	511	654	1666
4	4	A	40000	646	99.354	98.41	99354	944	45	0	0	202	233	464	593
4	4	B	40000	1139	98.861	97.548	98861	1313	147	16	2	680	278	190	1073
4	4	cSpy was 70 spamed and the readout avoided!
4	5	G	40000	98461	1.539	0.768	1539	1542	0	0	0	1534	2	6	1544
4	5	A	40000	98461	1.539	0.768	1539	771	0	0	0	764	1	6	772
4	5	B	40000	98461	1.539	0.768	1539	771	0	0	0	770	1	0	772
4	6	G	40000	100000	0	0	0	0	0	0	0	0	0	0	2
4	6	A	40000	100000	0	0	0	0	0	0	0	0	0	0	1
4	6	B	40000	100000	0	0	0	0	0	0	0	0	0	0	1
4	7	G	40000	99962	0.037998	0.012	38	52	0	0	0	52	0	0	54
4	7	A	40000	99962	0.037998	0.012	38	26	0	0	0	26	0	0	27
4	7	B	40000	99962	0.037998	0.012	38	26	0	0	0	26	0	0	27
5	0	G	40000	833	99.167	51.4685	99167	8365	154	0	0	7199	369	643	7793
5	0	A	40000	903	99.097	97.621	99097	1476	154	0	0	326	353	643	903
5	0	B	40000	87795	12.205	5.316	12205	6889	0	0	0	6873	16	0	6890
5	0	cSpy was 33 spamed and the readout avoided!
5	1	G	40000	99229	0.770998	0.418	771	690	0	0	0	671	16	3	692
5	1	A	40000	99242	0.757998	0.418	758	340	0	0	0	329	8	3	341
5	1	B	40000	99232	0.768	0.418	768	350	0	0	0	342	8	0	351
5	2	G	40000	55217	44.783	24.3885	44783	27674	26	0	0	27448	21	179	27634
5	2	A	40000	60768	39.232	25.351	39232	13881	7	0	0	13692	6	176	13850
5	2	B	40000	62781	37.219	23.426	37219	13793	19	0	0	13756	15	3	13784
5	2	cSpy was 4 spamed and the readout avoided!
5	3	G	40000	0	100	100	100000	200000	200000	200000	200000	200000	200000	200000	200002
5	3	A	40000	0	100	100	100000	100000	100000	100000	100000	100000	100000	100000	100001
5	3	B	40000	0	100	100	100000	100000	100000	100000	100000	100000	100000	100000	100001
5	4	G	40000	100000	0	0	0	0	0	0	0	0	0	0	2
5	4	A	40000	100000	0	0	0	0	0	0	0	0	0	0	1
5	4	B	40000	100000	0	0	0	0	0	0	0	0	0	0	1
5	5	G	40000	100000	0	0	0	0	0	0	0	0	0	0	2
5	5	A	40000	100000	0	0	0	0	0	0	0	0	0	0	1
5	5	B	40000	100000	0	0	0	0	0	0	0	0	0	0	1
5	6	G	40000	72288	27.712	16.237	27712	22625	0	0	0	22505	18	102	22626
5	6	A	40000	72453	27.547	16.237	27547	11310	0	0	0	11196	12	102	11310
5	6	B	40000	72448	27.552	16.237	27552	11315	0	0	0	11309	6	0	11316
5	7	G	40000	401	99.599	97.5485	99599	2608	170	3	1	1293	590	551	2197
5	7	A	40000	1638	98.362	96.575	98362	1787	97	3	1	970	373	343	1548
5	7	B	40000	657	99.343	98.522	99343	821	73	0	0	323	217	208	649
5	7	cSpy was 82 spamed and the readout avoided!
6	0	G	40000	742	99.258	62.674	99258	17935	151	1	0	16745	651	387	17558
6	0	A	40000	997	99.003	97.654	99003	1349	101	0	0	661	200	387	997
6	0	B	40000	55720	44.28	27.694	44280	16586	50	1	0	16084	451	0	16561
6	0	cSpy was 22 spamed and the readout avoided!
6	1	G	40000	3933	96.067	89.2325	96067	9561	249	7	0	7003	1796	506	9129
6	1	A	40000	6079	93.921	89.038	93921	4883	132	4	0	3415	1023	309	4623
6	1	B	40000	5895	94.105	89.427	94105	4678	117	3	0	3588	773	197	4506
6	1	cSpy was 61 spamed and the readout avoided!
6	2	G	40000	100000	0	0	0	0	0	0	0	0	0	0	2
6	2	A	40000	100000	0	0	0	0	0	0	0	0	0	0	1
6	2	B	40000	100000	0	0	0	0	0	0	0	0	0	0	1
6	3	G	40000	100000	0	0	0	0	0	0	0	0	0	0	2
6	3	A	40000	100000	0	0	0	0	0	0	0	0	0	0	1
6	3	B	40000	100000	0	0	0	0	0	0	0	0	0	0	1
6	4	G	40000	76398	23.602	8.1565	23602	18025	0	0	0	17859	142	24	18024
6	4	A	40000	81587	18.413	9.334	18413	9079	0	0	0	9005	50	24	9077
6	4	B	40000	84075	15.925	6.979	15925	8946	0	0	0	8854	92	0	8947
6	5	G	40000	1191	98.809	94.723	98809	5519	424	37	1	3329	1202	525	4874
6	5	A	40000	2722	97.278	94.394	97278	2884	188	2	0	1635	820	239	2585
6	5	B	40000	2313	97.687	95.052	97687	2635	236	35	1	1694	382	286	2289
6	5	cSpy was 33 spamed and the readout avoided!
6	6	G	40000	97795	2.205	0.706	2205	2998	0	0	0	2981	4	13	3000
6	6	A	40000	97795	2.205	0.706	2205	1499	0	0	0	1482	4	13	1500
6	6	B	40000	97795	2.205	0.706	2205	1499	0	0	0	1499	0	0	1500
6	7	G	40000	100000	0	0	0	0	0	0	0	0	0	0	2
6	7	A	40000	100000	0	0	0	0	0	0	0	0	0	0	1
6	7	B	40000	100000	0	0	0	0	0	0	0	0	0	0	1
7	0	G	40000	1422	98.578	77.831	98578	14590	261	6	0	12987	992	344	14192
7	0	A	40000	2456	97.544	94.818	97544	2726	181	5	0	1896	367	277	2420
7	0	B	40000	27292	72.708	60.844	72708	11864	80	1	0	11091	625	67	11772
7	0	cSpy was 18 spamed and the readout avoided!
7	1	G	40000	100000	0	0	0	0	0	0	0	0	0	0	2
7	1	A	40000	100000	0	0	0	0	0	0	0	0	0	0	1
7	1	B	40000	100000	0	0	0	0	0	0	0	0	0	0	1
7	2	G	40000	99986	0.0140011	0.0055	14	13	0	0	0	13	0	0	15
7	2	A	40000	99987	0.0129998	0.006	13	7	0	0	0	7	0	0	8
7	2	B	40000	99989	0.0109971	0.005	11	6	0	0	0	6	0	0	7
7	3	G	40000	24067	75.933	35.025	75933	47230	0	0	0	46617	517	96	47229
7	3	A	40000	36277	63.723	41.197	63723	22526	0	0	0	22372	59	95	22525
7	3	B	40000	46443	53.557	28.853	53557	24704	0	0	0	24245	458	1	24704
7	4	G	40000	9331	90.669	72.326	90669	24843	41	0	0	19688	4871	243	24702
7	4	A	40000	15632	84.368	71.568	84368	12800	17	0	0	9797	2792	194	12698
7	4	B	40000	14873	85.127	73.084	85127	12043	24	0	0	9891	2079	49	12004
7	4	cSpy was 9 spamed and the readout avoided!
7	5	G	40000	100000	0	0	0	0	0	0	0	0	0	0	2
7	5	A	40000	100000	0	0	0	0	0	0	0	0	0	0	1
7	5	B	40000	100000	0	0	0	0	0	0	0	0	0	0	1
7	6	G	40000	100000	0	0	0	0	0	0	0	0	0	0	2
7	6	A	40000	100000	0	0	0	0	0	0	0	0	0	0	1
7	6	B	40000	100000	0	0	0	0	0	0	0	0	0	0	1
7	7	G	40000	53449	46.551	18.0865	46551	31420	0	0	0	30594	763	63	31406
7	7	A	40000	63555	36.445	21.074	36445	15371	0	0	0	14993	315	63	15356
7	7	B	40000	68852	31.148	15.099	31148	16049	0	0	0	15601	448	0	16050
