#the gain was set to: 2	the bias was set to: 30
#Sent triggers per delay setting: 100000	and with a frequency [Hz] of: 40000
#160MHz delay setting	400MHz delay setting	Frequency	correct transmitted H+T		error rate [%]	uncertainty [%]	bad or missed events	error count	missing headers	missing trailers	flipped H/T	event nr errors	tbm missed trigger	unknown errors	event nr resets
0	0	G	40000	482	99.518	57.488	99518	15908	143	0	0	13112	1824	829	15361
0	0	A	40000	627	99.373	98.198	99373	1175	143	0	0	110	94	828	627
0	0	B	40000	68489	31.511	16.778	31511	14733	0	0	0	13002	1730	1	14734
0	0	cSpy was 48 spamed and the readout avoided!
0	1	G	40000	99983	0.0169992	0.002	17	30	0	0	0	30	0	0	32
0	1	A	40000	99983	0.0169992	0.002	17	15	0	0	0	15	0	0	16
0	1	B	40000	99983	0.0169992	0.002	17	15	0	0	0	15	0	0	16
0	2	G	40000	0	100	100	100000	200000	200000	200000	200000	200000	200000	200000	200002
0	2	A	40000	0	100	100	100000	100000	100000	100000	100000	100000	100000	100000	100001
0	2	B	40000	0	100	100	100000	100000	100000	100000	100000	100000	100000	100000	100001
0	3	G	40000	39904	60.096	31.3425	60096	34901	294	78	0	25010	8811	708	34553
0	3	A	40000	50820	49.18	32.573	49180	16607	23	7	0	11526	4405	646	16492
0	3	B	40000	51594	48.406	30.112	48406	18294	271	71	0	13484	4406	62	18061
0	3	cSpy was 24 spamed and the readout avoided!
0	4	G	40000	100000	0	0	0	0	0	0	0	0	0	0	2
0	4	A	40000	100000	0	0	0	0	0	0	0	0	0	0	1
0	4	B	40000	100000	0	0	0	0	0	0	0	0	0	0	1
0	5	G	40000	100000	0	0	0	0	0	0	0	0	0	0	2
0	5	A	40000	100000	0	0	0	0	0	0	0	0	0	0	1
0	5	B	40000	100000	0	0	0	0	0	0	0	0	0	0	1
0	6	G	40000	61836	38.164	22.7835	38164	19905	474	26	2	18640	681	83	19732
0	6	A	40000	70107	29.893	19.964	29893	9929	93	0	0	9728	30	78	9846
0	6	B	40000	64421	35.579	25.603	35579	9976	381	26	2	8912	651	5	9886
0	6	cSpy was 28 spamed and the readout avoided!
0	7	G	40000	0	100	100	100000	200000	200000	200000	200000	200000	200000	200000	200002
0	7	A	40000	0	100	100	100000	100000	100000	100000	100000	100000	100000	100000	100001
0	7	B	40000	0	100	100	100000	100000	100000	100000	100000	100000	100000	100000	100001
1	0	G	40000	430	99.57	97.196	99570	3013	305	4	0	1917	453	334	2587
1	0	A	40000	1026	98.974	97.724	98974	1250	108	3	0	687	238	214	1023
1	0	B	40000	1569	98.431	96.668	98431	1763	197	1	0	1230	215	120	1564
1	0	cSpy was 57 spamed and the readout avoided!
1	1	G	40000	35042	64.958	52.049	64958	16976	377	22	2	15245	679	652	16334
1	1	A	40000	38433	61.567	53.925	61567	7642	220	17	0	6626	217	563	7133
1	1	B	40000	40493	59.507	50.173	59507	9334	157	5	2	8619	462	89	9201
1	1	cSpy was 58 spamed and the readout avoided!
1	2	G	40000	100000	0	0	0	0	0	0	0	0	0	0	2
1	2	A	40000	100000	0	0	0	0	0	0	0	0	0	0	1
1	2	B	40000	100000	0	0	0	0	0	0	0	0	0	0	1
1	3	G	40000	100000	0	0	0	0	0	0	0	0	0	0	2
1	3	A	40000	100000	0	0	0	0	0	0	0	0	0	0	1
1	3	B	40000	100000	0	0	0	0	0	0	0	0	0	0	1
1	4	G	40000	70457	29.543	18.4305	29543	12965	445	24	0	11851	595	50	12837
1	4	A	40000	78306	21.694	15.412	21694	6282	65	0	0	6166	1	50	6230
1	4	B	40000	71868	28.132	21.449	28132	6683	380	24	0	5685	594	0	6607
1	4	cSpy was 23 spamed and the readout avoided!
1	5	G	40000	813	99.187	96.4135	99187	3750	282	0	0	2950	134	384	3358
1	5	A	40000	1561	98.439	96.613	98439	1826	185	0	0	1277	45	319	1521
1	5	B	40000	1862	98.138	96.214	98138	1924	97	0	0	1673	89	65	1837
1	5	cSpy was 94 spamed and the readout avoided!
1	6	G	40000	100000	0	0	0	0	0	0	0	0	0	0	2
1	6	A	40000	100000	0	0	0	0	0	0	0	0	0	0	1
1	6	B	40000	100000	0	0	0	0	0	0	0	0	0	0	1
1	7	G	40000	100000	0	0	0	0	0	0	0	0	0	0	2
1	7	A	40000	100000	0	0	0	0	0	0	0	0	0	0	1
1	7	B	40000	100000	0	0	0	0	0	0	0	0	0	0	1
2	0	G	40000	6781	93.219	47.259	93219	13901	183	10	0	12607	726	375	13544
2	0	A	40000	7410	92.59	85.407	92590	7183	169	10	0	6555	78	371	6832
2	0	B	40000	84171	15.829	9.111	15829	6718	14	0	0	6052	648	4	6712
2	0	cSpy was 12 spamed and the readout avoided!
2	1	G	40000	100000	0	0	0	0	0	0	0	0	0	0	2
2	1	A	40000	100000	0	0	0	0	0	0	0	0	0	0	1
2	1	B	40000	100000	0	0	0	0	0	0	0	0	0	0	1
2	2	G	40000	98622	1.378	0.3655	1378	2001	0	0	0	2001	0	0	2003
2	2	A	40000	98634	1.366	0.367	1366	999	0	0	0	999	0	0	1000
2	2	B	40000	98634	1.366	0.364	1366	1002	0	0	0	1002	0	0	1003
2	3	G	40000	17	99.983	99.397	99983	672	46	0	0	272	186	168	534
2	3	A	40000	47	99.953	99.876	99953	77	0	0	0	17	21	39	47
2	3	B	40000	487	99.513	98.918	99513	595	46	0	0	255	165	129	487
2	3	cSpy was 50 spamed and the readout avoided!
2	4	G	40000	73734	26.266	10.2645	26266	17352	19	10	0	10057	7000	266	17340
2	4	A	40000	79410	20.59	12.05	20590	8540	3	0	0	4869	3403	265	8535
2	4	B	40000	82709	17.291	8.479	17291	8812	16	10	0	5188	3597	1	8805
2	4	cSpy was 2 spamed and the readout avoided!
2	5	G	40000	100000	0	0	0	0	0	0	0	0	0	0	2
2	5	A	40000	100000	0	0	0	0	0	0	0	0	0	0	1
2	5	B	40000	100000	0	0	0	0	0	0	0	0	0	0	1
2	6	G	40000	99980	0.0199974	0.002	20	36	0	0	0	36	0	0	38
2	6	A	40000	99980	0.0199974	0.002	20	18	0	0	0	18	0	0	19
2	6	B	40000	99980	0.0199974	0.002	20	18	0	0	0	18	0	0	19
2	7	G	40000	55903	44.097	27.6675	44097	23666	707	73	0	22052	767	67	23438
2	7	A	40000	60308	39.692	28.396	39692	11296	356	16	0	10793	69	62	11169
2	7	B	40000	60691	39.309	26.939	39309	12370	351	57	0	11259	698	5	12269
2	7	cSpy was 88 spamed and the readout avoided!
3	0	G	40000	1986	98.014	62.938	98014	12996	224	3	0	12305	149	315	12605
3	0	A	40000	2475	97.525	94.681	97525	2844	220	3	0	2171	135	315	2454
3	0	B	40000	58653	41.347	31.195	41347	10152	4	0	0	10134	14	0	10151
3	0	cSpy was 34 spamed and the readout avoided!
3	1	G	40000	16367	83.633	36.8065	83633	59766	0	0	0	59598	55	113	59670
3	1	A	40000	31357	68.643	43.057	68643	25586	0	0	0	25441	33	112	25490
3	1	B	40000	35264	64.736	30.556	64736	34180	0	0	0	34157	22	1	34180
3	2	G	40000	30396	69.604	47.394	69604	37889	62	1	0	32524	5076	226	37754
3	2	A	40000	33744	66.256	47.287	66256	18969	35	1	0	15523	3199	211	18859
3	2	B	40000	33579	66.421	47.501	66421	18920	27	0	0	17001	1877	15	18895
3	2	cSpy was 2 spamed and the readout avoided!
3	3	G	40000	100000	0	0	0	0	0	0	0	0	0	0	2
3	3	A	40000	100000	0	0	0	0	0	0	0	0	0	0	1
3	3	B	40000	100000	0	0	0	0	0	0	0	0	0	0	1
3	4	G	40000	100000	0	0	0	0	0	0	0	0	0	0	2
3	4	A	40000	100000	0	0	0	0	0	0	0	0	0	0	1
3	4	B	40000	100000	0	0	0	0	0	0	0	0	0	0	1
3	5	G	40000	31427	68.573	29.107	68573	50815	0	0	0	50735	1	79	50742
3	5	A	40000	44147	55.853	34.121	55853	21732	0	0	0	21652	1	79	21659
3	5	B	40000	46824	53.176	24.093	53176	29083	0	0	0	29083	0	0	29083
3	6	G	40000	16364	83.636	66.066	83636	29440	22	0	0	24762	4481	175	29360
3	6	A	40000	19293	80.707	65.945	80707	14762	12	0	0	11836	2743	171	14687
3	6	B	40000	19135	80.865	66.187	80865	14678	10	0	0	12926	1738	4	14673
3	7	G	40000	100000	0	0	0	0	0	0	0	0	0	0	2
3	7	A	40000	100000	0	0	0	0	0	0	0	0	0	0	1
3	7	B	40000	100000	0	0	0	0	0	0	0	0	0	0	1
4	0	G	40000	259	99.741	98.2125	99741	1991	201	0	0	1057	293	440	1570
4	0	A	40000	778	99.222	98.207	99222	1015	108	0	0	499	148	260	767
4	0	B	40000	806	99.194	98.218	99194	976	93	0	0	558	145	180	803
4	0	cSpy was 52 spamed and the readout avoided!
4	1	G	40000	100000	0	0	0	0	0	0	0	0	0	0	2
4	1	A	40000	100000	0	0	0	0	0	0	0	0	0	0	1
4	1	B	40000	100000	0	0	0	0	0	0	0	0	0	0	1
4	2	G	40000	100000	0	0	0	0	0	0	0	0	0	0	2
4	2	A	40000	100000	0	0	0	0	0	0	0	0	0	0	1
4	2	B	40000	100000	0	0	0	0	0	0	0	0	0	0	1
4	3	G	40000	68446	31.554	10.6595	31554	24020	0	0	0	23829	145	46	24019
4	3	A	40000	75686	24.314	12.192	24314	12122	0	0	0	12031	45	46	12120
4	3	B	40000	78975	21.025	9.127	21025	11898	0	0	0	11798	100	0	11899
4	4	G	40000	3602	96.398	86.164	96398	13856	568	65	1	9934	2657	631	13041
4	4	A	40000	7076	92.924	85.926	92924	6998	290	1	0	4528	1770	409	6512
4	4	B	40000	6740	93.26	86.402	93260	6858	278	64	1	5406	887	222	6529
4	4	cSpy was 13 spamed and the readout avoided!
4	5	G	40000	99691	0.309002	0.105	309	408	0	0	0	407	0	1	410
4	5	A	40000	99691	0.309002	0.105	309	204	0	0	0	203	0	1	205
4	5	B	40000	99691	0.309002	0.105	309	204	0	0	0	204	0	0	205
4	6	G	40000	100000	0	0	0	0	0	0	0	0	0	0	2
4	6	A	40000	100000	0	0	0	0	0	0	0	0	0	0	1
4	6	B	40000	100000	0	0	0	0	0	0	0	0	0	0	1
4	7	G	40000	99930	0.0699997	0.0245	70	78	0	0	0	78	0	0	80
4	7	A	40000	99930	0.0699997	0.028	70	42	0	0	0	42	0	0	43
4	7	B	40000	99943	0.0569999	0.021	57	36	0	0	0	36	0	0	37
5	0	G	40000	808	99.192	51.685	99192	8711	159	0	0	7570	354	628	8164
5	0	A	40000	886	99.114	97.681	99114	1433	159	0	0	320	326	628	885
5	0	B	40000	87033	12.967	5.689	12967	7278	0	0	0	7250	28	0	7279
5	0	cSpy was 30 spamed and the readout avoided!
5	1	G	40000	99176	0.823998	0.444	824	742	0	0	0	722	15	5	743
5	1	A	40000	99188	0.812	0.444	812	368	0	0	0	358	6	4	368
5	1	B	40000	99182	0.818002	0.444	818	374	0	0	0	364	9	1	375
5	2	G	40000	51998	48.002	24.317	48002	29203	6	0	0	28979	32	186	29173
5	2	A	40000	59214	40.786	26.041	40786	14745	2	0	0	14546	15	182	14718
5	2	B	40000	62949	37.051	22.593	37051	14458	4	0	0	14433	17	4	14455
5	2	cSpy was 5 spamed and the readout avoided!
5	3	G	40000	0	100	100	100000	200000	200000	200000	200000	200000	200000	200000	200002
5	3	A	40000	0	100	100	100000	100000	100000	100000	100000	100000	100000	100000	100001
5	3	B	40000	0	100	100	100000	100000	100000	100000	100000	100000	100000	100000	100001
5	4	G	40000	100000	0	0	0	0	0	0	0	0	0	0	2
5	4	A	40000	100000	0	0	0	0	0	0	0	0	0	0	1
5	4	B	40000	100000	0	0	0	0	0	0	0	0	0	0	1
5	5	G	40000	100000	0	0	0	0	0	0	0	0	0	0	2
5	5	A	40000	100000	0	0	0	0	0	0	0	0	0	0	1
5	5	B	40000	100000	0	0	0	0	0	0	0	0	0	0	1
5	6	G	40000	70375	29.625	17.6625	29625	23654	0	0	0	23540	3	111	23656
5	6	A	40000	70514	29.486	17.663	29486	11823	0	0	0	11710	2	111	11824
5	6	B	40000	70507	29.493	17.662	29493	11831	0	0	0	11830	1	0	11832
5	7	G	40000	0	100	100	100000	200000	200000	200000	200000	200000	200000	200000	200002
5	7	A	40000	0	100	100	100000	100000	100000	100000	100000	100000	100000	100000	100001
5	7	B	40000	0	100	100	100000	100000	100000	100000	100000	100000	100000	100000	100001
6	0	G	40000	797	99.203	60.317	99203	18024	136	0	0	16862	652	374	17649
6	0	A	40000	1009	98.991	97.607	98991	1384	135	0	0	654	222	373	1008
6	0	B	40000	60333	39.667	23.027	39667	16640	1	0	0	16208	430	1	16641
6	0	cSpy was 5 spamed and the readout avoided!
6	1	G	40000	0	100	100	100000	200000	200000	200000	200000	200000	200000	200000	200002
6	1	A	40000	0	100	100	100000	100000	100000	100000	100000	100000	100000	100000	100001
6	1	B	40000	0	100	100	100000	100000	100000	100000	100000	100000	100000	100000	100001
6	2	G	40000	99998	0.00200272	0.001	2	2	0	0	0	2	0	0	4
6	2	A	40000	99998	0.00200272	0.001	2	1	0	0	0	1	0	0	2
6	2	B	40000	99998	0.00200272	0.001	2	1	0	0	0	1	0	0	2
6	3	G	40000	100000	0	0	0	0	0	0	0	0	0	0	2
6	3	A	40000	100000	0	0	0	0	0	0	0	0	0	0	1
6	3	B	40000	100000	0	0	0	0	0	0	0	0	0	0	1
6	4	G	40000	89358	10.642	4.332	10642	12060	0	0	0	11872	144	44	12047
6	4	A	40000	89634	10.366	4.332	10366	6034	0	0	0	5892	98	44	6021
6	4	B	40000	89642	10.358	4.332	10358	6026	0	0	0	5980	46	0	6026
6	5	G	40000	0	100	100	100000	200000	200000	200000	200000	200000	200000	200000	200002
6	5	A	40000	0	100	100	100000	100000	100000	100000	100000	100000	100000	100000	100001
6	5	B	40000	0	100	100	100000	100000	100000	100000	100000	100000	100000	100000	100001
6	6	G	40000	73683	26.317	14.333	26317	23637	0	0	0	23000	452	185	23605
6	6	A	40000	73800	26.2	14.331	26200	11869	0	0	0	11363	322	184	11837
6	6	B	40000	73897	26.103	14.335	26103	11768	0	0	0	11637	130	1	11768
6	7	G	40000	100000	0	0	0	0	0	0	0	0	0	0	2
6	7	A	40000	100000	0	0	0	0	0	0	0	0	0	0	1
6	7	B	40000	100000	0	0	0	0	0	0	0	0	0	0	1
7	0	G	40000	1260	98.74	82.318	98740	16370	215	7	0	15095	814	239	16077
7	0	A	40000	2284	97.716	95.2	97716	2516	140	6	0	2018	132	220	2269
7	0	B	40000	16710	83.29	69.436	83290	13854	75	1	0	13077	682	19	13808
7	0	cSpy was 19 spamed and the readout avoided!
7	1	G	40000	100000	0	0	0	0	0	0	0	0	0	0	2
7	1	A	40000	100000	0	0	0	0	0	0	0	0	0	0	1
7	1	B	40000	100000	0	0	0	0	0	0	0	0	0	0	1
7	2	G	40000	100000	0	0	0	0	0	0	0	0	0	0	2
7	2	A	40000	100000	0	0	0	0	0	0	0	0	0	0	1
7	2	B	40000	100000	0	0	0	0	0	0	0	0	0	0	1
7	3	G	40000	66658	33.342	19.9635	33342	26509	0	0	0	26380	2	127	26511
7	3	A	40000	66787	33.213	19.964	33213	13249	0	0	0	13122	2	125	13250
7	3	B	40000	66777	33.223	19.963	33223	13260	0	0	0	13258	0	2	13261
7	4	G	40000	1432	98.568	92.578	98568	7554	252	14	0	4863	1658	767	6978
7	4	A	40000	4837	95.163	90.246	95163	4917	97	12	0	3159	1146	503	4597
7	4	B	40000	2453	97.547	94.91	97547	2637	155	2	0	1704	512	264	2381
7	4	cSpy was 48 spamed and the readout avoided!
7	5	G	40000	100000	0	0	0	0	0	0	0	0	0	0	2
7	5	A	40000	100000	0	0	0	0	0	0	0	0	0	0	1
7	5	B	40000	100000	0	0	0	0	0	0	0	0	0	0	1
7	6	G	40000	100000	0	0	0	0	0	0	0	0	0	0	2
7	6	A	40000	100000	0	0	0	0	0	0	0	0	0	0	1
7	6	B	40000	100000	0	0	0	0	0	0	0	0	0	0	1
7	7	G	40000	76606	23.394	12.152	23394	21879	0	0	0	21292	493	94	21849
7	7	A	40000	76959	23.041	12.152	23041	10889	0	0	0	10478	318	93	10858
7	7	B	40000	76858	23.142	12.152	23142	10990	0	0	0	10814	175	1	10991
