#the gain was set to: 2	the bias was set to: 30
#Sent triggers per delay setting: 100000	and with a frequency [Hz] of: 40000
#160MHz delay setting	400MHz delay setting	Frequency	correct transmitted H+T		error rate [%]	uncertainty [%]	bad or missed events	error count	missing headers	missing trailers	flipped H/T	event nr errors	tbm missed trigger	unknown errors	event nr resets
0	0	G	40000	470	99.53	57.7455	99530	16248	140	0	0	13384	1870	854	15689
0	0	A	40000	625	99.375	98.19	99375	1185	140	0	0	87	104	854	625
0	0	B	40000	67636	32.364	17.301	32364	15063	0	0	0	13297	1766	0	15064
0	0	cSpy was 55 spamed and the readout avoided!
0	1	G	40000	99772	0.228	0.022	228	408	0	0	0	408	0	0	410
0	1	A	40000	99774	0.226003	0.022	226	204	0	0	0	204	0	0	205
0	1	B	40000	99774	0.226003	0.022	226	204	0	0	0	204	0	0	205
0	2	G	40000	1	99.999	99.502	99999	718	73	0	0	84	21	540	278
0	2	A	40000	1	99.999	99.973	99999	26	0	0	0	0	0	26	1
0	2	B	40000	277	99.723	99.031	99723	692	73	0	0	84	21	514	277
0	2	cSpy was 98 spamed and the readout avoided!
0	3	G	40000	55228	44.772	19.1795	44772	28365	158	41	0	16696	10944	526	28206
0	3	A	40000	64809	35.191	21.211	35191	13980	23	2	0	8119	5336	500	13932
0	3	B	40000	68467	31.533	17.148	31533	14385	135	39	0	8577	5608	26	14274
0	3	cSpy was 19 spamed and the readout avoided!
0	4	G	40000	100000	0	0	0	0	0	0	0	0	0	0	2
0	4	A	40000	100000	0	0	0	0	0	0	0	0	0	0	1
0	4	B	40000	100000	0	0	0	0	0	0	0	0	0	0	1
0	5	G	40000	99997	0.00299811	0	3	6	0	0	0	6	0	0	8
0	5	A	40000	99997	0.00299811	0	3	3	0	0	0	3	0	0	4
0	5	B	40000	99997	0.00299811	0	3	3	0	0	0	3	0	0	4
0	6	G	40000	0	100	100	100000	200000	200000	200000	200000	200000	200000	200000	200002
0	6	A	40000	0	100	100	100000	100000	100000	100000	100000	100000	100000	100000	100001
0	6	B	40000	0	100	100	100000	100000	100000	100000	100000	100000	100000	100000	100001
0	7	G	40000	39090	60.91	44.72	60910	21574	367	57	2	19806	700	643	20937
0	7	A	40000	43065	56.935	47.405	56935	9530	204	33	0	8539	205	549	9042
0	7	B	40000	45921	54.079	42.035	54079	12044	163	24	2	11267	495	94	11895
0	7	cSpy was 42 spamed and the readout avoided!
1	0	G	40000	0	100	100	100000	200000	200000	200000	200000	200000	200000	200000	200002
1	0	A	40000	0	100	100	100000	100000	100000	100000	100000	100000	100000	100000	100001
1	0	B	40000	0	100	100	100000	100000	100000	100000	100000	100000	100000	100000	100001
1	1	G	40000	40988	59.012	44.3895	59012	19283	341	29	0	17677	656	582	18724
1	1	A	40000	44720	55.28	46.723	55280	8557	201	16	0	7655	179	507	8116
1	1	B	40000	47218	52.782	42.056	52782	10726	140	13	0	10022	477	75	10608
1	1	cSpy was 47 spamed and the readout avoided!
1	2	G	40000	100000	0	0	0	0	0	0	0	0	0	0	2
1	2	A	40000	100000	0	0	0	0	0	0	0	0	0	0	1
1	2	B	40000	100000	0	0	0	0	0	0	0	0	0	0	1
1	3	G	40000	100000	0	0	0	0	0	0	0	0	0	0	2
1	3	A	40000	100000	0	0	0	0	0	0	0	0	0	0	1
1	3	B	40000	100000	0	0	0	0	0	0	0	0	0	0	1
1	4	G	40000	72069	27.931	17.262	27931	12860	416	24	0	11818	556	46	12740
1	4	A	40000	79245	20.755	14.523	20755	6232	58	0	0	6128	0	46	6186
1	4	B	40000	73371	26.629	20.001	26629	6628	358	24	0	5690	556	0	6554
1	4	cSpy was 21 spamed and the readout avoided!
1	5	G	40000	0	100	100	100000	200000	200000	200000	200000	200000	200000	200000	200002
1	5	A	40000	0	100	100	100000	100000	100000	100000	100000	100000	100000	100000	100001
1	5	B	40000	0	100	100	100000	100000	100000	100000	100000	100000	100000	100000	100001
1	6	G	40000	100000	0	0	0	0	0	0	0	0	0	0	2
1	6	A	40000	100000	0	0	0	0	0	0	0	0	0	0	1
1	6	B	40000	100000	0	0	0	0	0	0	0	0	0	0	1
1	7	G	40000	100000	0	0	0	0	0	0	0	0	0	0	2
1	7	A	40000	100000	0	0	0	0	0	0	0	0	0	0	1
1	7	B	40000	100000	0	0	0	0	0	0	0	0	0	0	1
2	0	G	40000	7387	92.613	42.8125	92613	7252	126	0	0	6607	133	386	6944
2	0	A	40000	7398	92.602	85.539	92602	7063	126	0	0	6495	56	386	6754
2	0	B	40000	99725	0.274998	0.086	275	189	0	0	0	112	77	0	190
2	1	G	40000	100000	0	0	0	0	0	0	0	0	0	0	2
2	1	A	40000	100000	0	0	0	0	0	0	0	0	0	0	1
2	1	B	40000	100000	0	0	0	0	0	0	0	0	0	0	1
2	2	G	40000	95626	4.374	1.3975	4374	5925	0	1	0	5924	0	0	5927
2	2	A	40000	95646	4.354	1.399	4354	2955	0	0	0	2955	0	0	2956
2	2	B	40000	95634	4.366	1.396	4366	2970	0	1	0	2969	0	0	2971
2	3	G	40000	0	100	100	100000	200000	200000	200000	200000	200000	200000	200000	200002
2	3	A	40000	0	100	100	100000	100000	100000	100000	100000	100000	100000	100000	100001
2	3	B	40000	0	100	100	100000	100000	100000	100000	100000	100000	100000	100000	100001
2	4	G	40000	95550	4.45	1.787	4450	3831	2	1	0	2629	1161	38	3832
2	4	A	40000	96007	3.993	2.084	3993	1909	1	0	0	1302	568	38	1909
2	4	B	40000	96588	3.412	1.49	3412	1922	1	1	0	1327	593	0	1923
2	5	G	40000	100000	0	0	0	0	0	0	0	0	0	0	2
2	5	A	40000	100000	0	0	0	0	0	0	0	0	0	0	1
2	5	B	40000	100000	0	0	0	0	0	0	0	0	0	0	1
2	6	G	40000	99900	0.0999987	0.009	100	182	0	0	0	182	0	0	184
2	6	A	40000	99900	0.0999987	0.009	100	91	0	0	0	91	0	0	92
2	6	B	40000	99900	0.0999987	0.009	100	91	0	0	0	91	0	0	92
2	7	G	40000	0	100	100	100000	200000	200000	200000	200000	200000	200000	200000	200002
2	7	A	40000	0	100	100	100000	100000	100000	100000	100000	100000	100000	100000	100001
2	7	B	40000	0	100	100	100000	100000	100000	100000	100000	100000	100000	100000	100001
3	0	G	40000	1651	98.349	67.9525	98349	15529	245	9	0	14810	162	303	15166
3	0	A	40000	2389	97.611	94.872	97611	2739	244	9	0	2029	155	302	2375
3	0	B	40000	46177	53.823	41.033	53823	12790	1	0	0	12781	7	1	12791
3	0	cSpy was 28 spamed and the readout avoided!
3	1	G	40000	19676	80.324	36.524	80324	54823	2	5	0	54063	380	373	54646
3	1	A	40000	33526	66.474	42.126	66474	24348	0	4	0	23876	128	340	24188
3	1	B	40000	38603	61.397	30.922	61397	30475	2	1	0	30187	252	33	30458
3	1	cSpy was 17 spamed and the readout avoided!
3	2	G	40000	45306	54.694	31.882	54694	43997	15	0	0	39142	4746	94	43963
3	2	A	40000	46173	53.827	31.835	53827	21992	9	0	0	18838	3055	90	21964
3	2	B	40000	46066	53.934	31.929	53934	22005	6	0	0	20304	1691	4	21999
3	3	G	40000	100000	0	0	0	0	0	0	0	0	0	0	2
3	3	A	40000	100000	0	0	0	0	0	0	0	0	0	0	1
3	3	B	40000	100000	0	0	0	0	0	0	0	0	0	0	1
3	4	G	40000	100000	0	0	0	0	0	0	0	0	0	0	2
3	4	A	40000	100000	0	0	0	0	0	0	0	0	0	0	1
3	4	B	40000	100000	0	0	0	0	0	0	0	0	0	0	1
3	5	G	40000	18059	81.941	34.808	81941	60278	0	0	0	60179	5	94	60192
3	5	A	40000	33452	66.548	40.917	66548	25631	0	0	0	25538	0	93	25544
3	5	B	40000	36654	63.346	28.699	63346	34647	0	0	0	34641	5	1	34648
3	6	G	40000	11764	88.236	71.0645	88236	26636	50	5	0	22358	3900	323	26442
3	6	A	40000	15710	84.29	70.882	84290	13408	29	2	0	10788	2284	305	13239
3	6	B	40000	15525	84.475	71.247	84475	13228	21	3	0	11570	1616	18	13203
3	6	cSpy was 3 spamed and the readout avoided!
3	7	G	40000	100000	0	0	0	0	0	0	0	0	0	0	2
3	7	A	40000	100000	0	0	0	0	0	0	0	0	0	0	1
3	7	B	40000	100000	0	0	0	0	0	0	0	0	0	0	1
4	0	G	40000	288	99.712	96.091	99712	3223	206	0	0	1990	374	653	2618
4	0	A	40000	928	99.072	97.815	99072	1257	124	0	0	544	226	363	914
4	0	B	40000	3667	96.333	94.367	96333	1966	82	0	0	1446	148	290	1704
4	0	cSpy was 56 spamed and the readout avoided!
4	1	G	40000	100000	0	0	0	0	0	0	0	0	0	0	2
4	1	A	40000	100000	0	0	0	0	0	0	0	0	0	0	1
4	1	B	40000	100000	0	0	0	0	0	0	0	0	0	0	1
4	2	G	40000	100000	0	0	0	0	0	0	0	0	0	0	2
4	2	A	40000	100000	0	0	0	0	0	0	0	0	0	0	1
4	2	B	40000	100000	0	0	0	0	0	0	0	0	0	0	1
4	3	G	40000	64388	35.612	12.268	35612	26393	0	0	0	26150	194	49	26390
4	3	A	40000	72696	27.304	14.048	27304	13256	0	0	0	13132	75	49	13252
4	3	B	40000	76375	23.625	10.488	23625	13137	0	0	0	13018	119	0	13138
4	4	G	40000	1937	98.063	92.1355	98063	7903	327	39	0	5396	1810	331	7441
4	4	A	40000	4074	95.926	91.894	95926	4032	155	0	0	2405	1267	205	3790
4	4	B	40000	3752	96.248	92.377	96248	3871	172	39	0	2991	543	126	3651
4	4	cSpy was 25 spamed and the readout avoided!
4	5	G	40000	82005	17.995	7.9095	17995	18386	9	0	0	16132	2203	42	18374
4	5	A	40000	82929	17.071	7.902	17071	9169	5	0	0	7669	1453	42	9161
4	5	B	40000	82866	17.134	7.917	17134	9217	4	0	0	8463	750	0	9213
4	6	G	40000	100000	0	0	0	0	0	0	0	0	0	0	2
4	6	A	40000	100000	0	0	0	0	0	0	0	0	0	0	1
4	6	B	40000	100000	0	0	0	0	0	0	0	0	0	0	1
4	7	G	40000	99917	0.0829995	0.031	83	86	0	0	0	86	0	0	88
4	7	A	40000	99920	0.0800014	0.034	80	46	0	0	0	46	0	0	47
4	7	B	40000	99932	0.0680029	0.028	68	40	0	0	0	40	0	0	41
5	0	G	40000	782	99.218	51.9275	99218	9109	157	0	0	7940	356	656	8550
5	0	A	40000	861	99.139	97.718	99139	1421	157	0	0	285	323	656	861
5	0	B	40000	86175	13.825	6.137	13825	7688	0	0	0	7655	33	0	7689
5	0	cSpy was 39 spamed and the readout avoided!
5	1	G	40000	100000	0	0	0	0	0	0	0	0	0	0	2
5	1	A	40000	100000	0	0	0	0	0	0	0	0	0	0	1
5	1	B	40000	100000	0	0	0	0	0	0	0	0	0	0	1
5	2	G	40000	58102	41.898	20.58	41898	27885	0	0	0	27668	67	150	27876
5	2	A	40000	64335	35.665	21.5	35665	14165	0	0	0	13972	44	149	14155
5	2	B	40000	66620	33.38	19.66	33380	13720	0	0	0	13696	23	1	13721
5	3	G	40000	3487	96.513	86.247	96513	13247	105	4	0	11361	1319	458	12976
5	3	A	40000	8410	91.59	83.792	91590	7798	4	0	0	6426	988	380	7628
5	3	B	40000	5849	94.151	88.702	94151	5449	101	4	0	4935	331	78	5348
5	3	cSpy was 26 spamed and the readout avoided!
5	4	G	40000	100000	0	0	0	0	0	0	0	0	0	0	2
5	4	A	40000	100000	0	0	0	0	0	0	0	0	0	0	1
5	4	B	40000	100000	0	0	0	0	0	0	0	0	0	0	1
5	5	G	40000	100000	0	0	0	0	0	0	0	0	0	0	2
5	5	A	40000	100000	0	0	0	0	0	0	0	0	0	0	1
5	5	B	40000	100000	0	0	0	0	0	0	0	0	0	0	1
5	6	G	40000	67080	32.92	19.635	32920	26290	0	0	0	26153	11	126	26292
5	6	A	40000	67239	32.761	19.635	32761	13126	0	0	0	12990	11	125	13127
5	6	B	40000	67201	32.799	19.635	32799	13164	0	0	0	13163	0	1	13165
5	7	G	40000	0	100	100	100000	200000	200000	200000	200000	200000	200000	200000	200002
5	7	A	40000	0	100	100	100000	100000	100000	100000	100000	100000	100000	100000	100001
5	7	B	40000	0	100	100	100000	100000	100000	100000	100000	100000	100000	100000	100001
6	0	G	40000	822	99.178	58.125	99178	15119	143	0	0	13957	593	426	14708
6	0	A	40000	1025	98.975	97.542	98975	1433	143	0	0	628	240	422	1024
6	0	B	40000	67606	32.394	18.708	32394	13686	0	0	0	13329	353	4	13684
6	0	cSpy was 17 spamed and the readout avoided!
6	1	G	40000	0	100	100	100000	200000	200000	200000	200000	200000	200000	200000	200002
6	1	A	40000	0	100	100	100000	100000	100000	100000	100000	100000	100000	100000	100001
6	1	B	40000	0	100	100	100000	100000	100000	100000	100000	100000	100000	100000	100001
6	2	G	40000	99997	0.00299811	0.001	3	4	0	0	0	4	0	0	6
6	2	A	40000	99997	0.00299811	0.001	3	2	0	0	0	2	0	0	3
6	2	B	40000	99997	0.00299811	0.001	3	2	0	0	0	2	0	0	3
6	3	G	40000	100000	0	0	0	0	0	0	0	0	0	0	2
6	3	A	40000	100000	0	0	0	0	0	0	0	0	0	0	1
6	3	B	40000	100000	0	0	0	0	0	0	0	0	0	0	1
6	4	G	40000	91595	8.405	3.986	8405	8494	0	0	0	8363	96	35	8484
6	4	A	40000	91788	8.212	3.986	8212	4226	0	0	0	4133	60	33	4216
6	4	B	40000	91746	8.254	3.986	8254	4268	0	0	0	4230	36	2	4268
6	5	G	40000	0	100	100	100000	200000	200000	200000	200000	200000	200000	200000	200002
6	5	A	40000	0	100	100	100000	100000	100000	100000	100000	100000	100000	100000	100001
6	5	B	40000	0	100	100	100000	100000	100000	100000	100000	100000	100000	100000	100001
6	6	G	40000	69980	30.02	16.252	30020	27159	0	0	0	26413	517	229	27120
6	6	A	40000	70112	29.888	16.251	29888	13637	0	0	0	13056	355	226	13597
6	6	B	40000	70225	29.775	16.253	29775	13522	0	0	0	13357	162	3	13523
6	7	G	40000	100000	0	0	0	0	0	0	0	0	0	0	2
6	7	A	40000	100000	0	0	0	0	0	0	0	0	0	0	1
6	7	B	40000	100000	0	0	0	0	0	0	0	0	0	0	1
7	0	G	40000	1486	98.514	75.6945	98514	21609	274	3	0	19931	1099	302	21212
7	0	A	40000	2688	97.312	94.307	97312	3005	196	3	0	2368	161	277	2669
7	0	B	40000	24314	75.686	57.082	75686	18604	78	0	0	17563	938	25	18543
7	0	cSpy was 11 spamed and the readout avoided!
7	1	G	40000	100000	0	0	0	0	0	0	0	0	0	0	2
7	1	A	40000	100000	0	0	0	0	0	0	0	0	0	0	1
7	1	B	40000	100000	0	0	0	0	0	0	0	0	0	0	1
7	2	G	40000	100000	0	0	0	0	0	0	0	0	0	0	2
7	2	A	40000	100000	0	0	0	0	0	0	0	0	0	0	1
7	2	B	40000	100000	0	0	0	0	0	0	0	0	0	0	1
7	3	G	40000	66123	33.877	20.193	33877	26725	0	0	0	26596	2	127	26726
7	3	A	40000	66425	33.575	20.209	33575	13366	0	0	0	13237	2	127	13366
7	3	B	40000	66464	33.536	20.177	33536	13359	0	0	0	13359	0	0	13360
7	4	G	40000	0	100	100	100000	200000	200000	200000	200000	200000	200000	200000	200002
7	4	A	40000	0	100	100	100000	100000	100000	100000	100000	100000	100000	100000	100001
7	4	B	40000	0	100	100	100000	100000	100000	100000	100000	100000	100000	100000	100001
7	5	G	40000	100000	0	0	0	0	0	0	0	0	0	0	2
7	5	A	40000	100000	0	0	0	0	0	0	0	0	0	0	1
7	5	B	40000	100000	0	0	0	0	0	0	0	0	0	0	1
7	6	G	40000	100000	0	0	0	0	0	0	0	0	0	0	2
7	6	A	40000	100000	0	0	0	0	0	0	0	0	0	0	1
7	6	B	40000	100000	0	0	0	0	0	0	0	0	0	0	1
7	7	G	40000	86317	13.683	6.465	13683	14024	0	0	0	13650	330	44	14017
7	7	A	40000	86541	13.459	6.465	13459	6994	0	0	0	6749	201	44	6986
7	7	B	40000	86505	13.495	6.465	13495	7030	0	0	0	6901	129	0	7031
