#the gain was set to: 2	the bias was set to: 30
#Sent triggers per delay setting: 100000	and with a frequency [Hz] of: 40000
#160MHz delay setting	400MHz delay setting	Frequency	correct transmitted H+T		error rate [%]	uncertainty [%]	bad or missed events	error count	missing headers	missing trailers	flipped H/T	event nr errors	tbm missed trigger	unknown errors	event nr resets
0	0	G	40000	422	99.578	61.7835	99578	19454	148	0	0	16517	1938	851	18860
0	0	A	40000	581	99.419	98.243	99419	1176	148	0	0	62	115	851	581
0	0	B	40000	56398	43.602	25.324	43602	18278	0	0	0	16455	1823	0	18279
0	0	cSpy was 91 spamed and the readout avoided!
0	1	G	40000	90175	9.825	3.2125	9825	7968	0	0	0	7952	13	3	7970
0	1	A	40000	93483	6.517	2.494	6517	4023	0	0	0	4008	12	3	4024
0	1	B	40000	92124	7.876	3.931	7876	3945	0	0	0	3944	1	0	3946
0	2	G	40000	0	100	100	100000	200000	200000	200000	200000	200000	200000	200000	200002
0	2	A	40000	0	100	100	100000	100000	100000	100000	100000	100000	100000	100000	100001
0	2	B	40000	0	100	100	100000	100000	100000	100000	100000	100000	100000	100000	100001
0	3	G	40000	99450	0.550002	0.29	550	520	0	0	0	520	0	0	522
0	3	A	40000	99450	0.550002	0.29	550	260	0	0	0	260	0	0	261
0	3	B	40000	99450	0.550002	0.29	550	260	0	0	0	260	0	0	261
0	4	G	40000	100000	0	0	0	0	0	0	0	0	0	0	2
0	4	A	40000	100000	0	0	0	0	0	0	0	0	0	0	1
0	4	B	40000	100000	0	0	0	0	0	0	0	0	0	0	1
0	5	G	40000	97778	2.222	0.6915	2222	2084	0	0	0	2083	1	0	2086
0	5	A	40000	98534	1.466	0.441	1466	1025	0	0	0	1024	1	0	1026
0	5	B	40000	97999	2.001	0.942	2001	1059	0	0	0	1059	0	0	1060
0	6	G	40000	0	100	100	100000	200000	200000	200000	200000	200000	200000	200000	200002
0	6	A	40000	0	100	100	100000	100000	100000	100000	100000	100000	100000	100000	100001
0	6	B	40000	0	100	100	100000	100000	100000	100000	100000	100000	100000	100000	100001
0	7	G	40000	35094	64.906	48.1625	64906	25622	17	0	0	22768	2381	456	25409
0	7	A	40000	39031	60.969	48.038	60969	12931	8	0	0	11270	1215	438	12729
0	7	B	40000	39022	60.978	48.287	60978	12691	9	0	0	11498	1166	18	12680
1	0	G	40000	0	100	100	100000	200000	200000	200000	200000	200000	200000	200000	200002
1	0	A	40000	0	100	100	100000	100000	100000	100000	100000	100000	100000	100000	100001
1	0	B	40000	0	100	100	100000	100000	100000	100000	100000	100000	100000	100000	100001
1	1	G	40000	58081	41.919	18.0655	41919	37535	11	0	0	34041	3334	149	37494
1	1	A	40000	63080	36.92	18.146	36920	18774	4	0	0	16946	1680	144	18734
1	1	B	40000	63254	36.746	17.985	36746	18761	7	0	0	17095	1654	5	18760
1	2	G	40000	100000	0	0	0	0	0	0	0	0	0	0	2
1	2	A	40000	100000	0	0	0	0	0	0	0	0	0	0	1
1	2	B	40000	100000	0	0	0	0	0	0	0	0	0	0	1
1	3	G	40000	100000	0	0	0	0	0	0	0	0	0	0	2
1	3	A	40000	100000	0	0	0	0	0	0	0	0	0	0	1
1	3	B	40000	100000	0	0	0	0	0	0	0	0	0	0	1
1	4	G	40000	0	100	99.937	100000	89	0	0	0	11	3	75	37
1	4	A	40000	0	100	100	100000	0	0	0	0	0	0	0	0
1	4	B	40000	37	99.963	99.874	99963	89	0	0	0	11	3	75	37
1	5	G	40000	0	100	100	100000	200000	200000	200000	200000	200000	200000	200000	200002
1	5	A	40000	0	100	100	100000	100000	100000	100000	100000	100000	100000	100000	100001
1	5	B	40000	0	100	100	100000	100000	100000	100000	100000	100000	100000	100000	100001
1	6	G	40000	100000	0	0	0	0	0	0	0	0	0	0	2
1	6	A	40000	100000	0	0	0	0	0	0	0	0	0	0	1
1	6	B	40000	100000	0	0	0	0	0	0	0	0	0	0	1
1	7	G	40000	100000	0	0	0	0	0	0	0	0	0	0	2
1	7	A	40000	100000	0	0	0	0	0	0	0	0	0	0	1
1	7	B	40000	100000	0	0	0	0	0	0	0	0	0	0	1
2	0	G	40000	4902	95.098	45.1415	95098	5608	141	0	0	4803	245	419	5258
2	0	A	40000	4922	95.078	90.041	95078	5037	141	0	0	4424	53	419	4686
2	0	B	40000	99187	0.813001	0.242	813	571	0	0	0	379	192	0	572
2	1	G	40000	100000	0	0	0	0	0	0	0	0	0	0	2
2	1	A	40000	100000	0	0	0	0	0	0	0	0	0	0	1
2	1	B	40000	100000	0	0	0	0	0	0	0	0	0	0	1
2	2	G	40000	43535	56.465	39.3885	56465	23702	51	0	0	23368	170	113	23620
2	2	A	40000	49199	50.801	38.653	50801	12148	24	0	0	11925	96	103	12085
2	2	B	40000	48322	51.678	40.124	51678	11554	27	0	0	11443	74	10	11535
2	3	G	40000	0	100	100	100000	200000	200000	200000	200000	200000	200000	200000	200002
2	3	A	40000	0	100	100	100000	100000	100000	100000	100000	100000	100000	100000	100001
2	3	B	40000	0	100	100	100000	100000	100000	100000	100000	100000	100000	100000	100001
2	4	G	40000	100000	0	0	0	0	0	0	0	0	0	0	2
2	4	A	40000	100000	0	0	0	0	0	0	0	0	0	0	1
2	4	B	40000	100000	0	0	0	0	0	0	0	0	0	0	1
2	5	G	40000	100000	0	0	0	0	0	0	0	0	0	0	2
2	5	A	40000	100000	0	0	0	0	0	0	0	0	0	0	1
2	5	B	40000	100000	0	0	0	0	0	0	0	0	0	0	1
2	6	G	40000	97411	2.589	1.0045	2589	2516	0	0	0	2513	0	3	2518
2	6	A	40000	97896	2.104	0.844	2104	1260	0	0	0	1257	0	3	1261
2	6	B	40000	97579	2.421	1.165	2421	1256	0	0	0	1256	0	0	1257
2	7	G	40000	0	100	100	100000	200000	200000	200000	200000	200000	200000	200000	200002
2	7	A	40000	0	100	100	100000	100000	100000	100000	100000	100000	100000	100000	100001
2	7	B	40000	0	100	100	100000	100000	100000	100000	100000	100000	100000	100000	100001
3	0	G	40000	1144	98.856	72.37	98856	16404	223	4	0	15567	277	333	16013
3	0	A	40000	1695	98.305	96.225	98305	2080	221	4	0	1258	264	333	1690
3	0	B	40000	37161	62.839	48.515	62839	14324	2	0	0	14309	13	0	14323
3	0	cSpy was 33 spamed and the readout avoided!
3	1	G	40000	593	99.407	97.4545	99407	2352	11	0	0	1739	448	154	2247
3	1	A	40000	1076	98.924	98.141	98924	783	0	0	0	753	20	10	776
3	1	B	40000	1663	98.337	96.768	98337	1569	11	0	0	986	428	144	1471
3	2	G	40000	70207	29.793	7.098	29793	45114	12	0	0	42590	2398	114	45099
3	2	A	40000	70355	29.645	7.098	29645	22547	7	0	0	20678	1748	114	22537
3	2	B	40000	70335	29.665	7.098	29665	22567	5	0	0	21912	650	0	22562
3	3	G	40000	100000	0	0	0	0	0	0	0	0	0	0	2
3	3	A	40000	100000	0	0	0	0	0	0	0	0	0	0	1
3	3	B	40000	100000	0	0	0	0	0	0	0	0	0	0	1
3	4	G	40000	100000	0	0	0	0	0	0	0	0	0	0	2
3	4	A	40000	100000	0	0	0	0	0	0	0	0	0	0	1
3	4	B	40000	100000	0	0	0	0	0	0	0	0	0	0	1
3	5	G	40000	16573	83.427	35.816	83427	60951	0	0	0	60856	0	95	60858
3	5	A	40000	32067	67.933	42.068	67933	25865	0	0	0	25771	0	94	25772
3	5	B	40000	35350	64.65	29.564	64650	35086	0	0	0	35085	0	1	35086
3	5	cSpy was 24 spamed and the readout avoided!
3	6	G	40000	21766	78.234	61.0865	78234	28462	220	13	0	23386	4384	459	28057
3	6	A	40000	24746	75.254	61.04	75254	14214	107	0	0	11039	2716	352	13950
3	6	B	40000	24619	75.381	61.133	75381	14248	113	13	0	12347	1668	107	14107
3	6	cSpy was 11 spamed and the readout avoided!
3	7	G	40000	100000	0	0	0	0	0	0	0	0	0	0	2
3	7	A	40000	100000	0	0	0	0	0	0	0	0	0	0	1
3	7	B	40000	100000	0	0	0	0	0	0	0	0	0	0	1
4	0	G	40000	288	99.712	95.2755	99712	4492	233	0	0	3264	383	612	3921
4	0	A	40000	1331	98.669	96.976	98669	1693	137	0	0	995	156	405	1321
4	0	B	40000	3626	96.374	93.575	96374	2799	96	0	0	2269	227	207	2600
4	0	cSpy was 62 spamed and the readout avoided!
4	1	G	40000	100000	0	0	0	0	0	0	0	0	0	0	2
4	1	A	40000	100000	0	0	0	0	0	0	0	0	0	0	1
4	1	B	40000	100000	0	0	0	0	0	0	0	0	0	0	1
4	2	G	40000	100000	0	0	0	0	0	0	0	0	0	0	2
4	2	A	40000	100000	0	0	0	0	0	0	0	0	0	0	1
4	2	B	40000	100000	0	0	0	0	0	0	0	0	0	0	1
4	3	G	40000	44155	55.845	22.1265	55845	37466	0	0	0	36386	1003	77	37451
4	3	A	40000	55999	44.001	25.707	44001	18294	0	0	0	17810	409	75	18278
4	3	B	40000	62282	37.718	18.546	37718	19172	0	0	0	18576	594	2	19173
4	4	G	40000	3457	96.543	89.5955	96543	9984	296	12	1	7124	1999	552	9469
4	4	A	40000	5286	94.714	89.89	94714	4824	136	0	0	3210	1125	353	4519
4	4	B	40000	5539	94.461	89.301	94461	5160	160	12	1	3914	874	199	4950
4	4	cSpy was 15 spamed and the readout avoided!
4	5	G	40000	95033	4.967	1.312	4967	7309	0	0	0	7222	57	30	7310
4	5	A	40000	95033	4.967	1.312	4967	3655	0	0	0	3579	46	30	3655
4	5	B	40000	95034	4.966	1.312	4966	3654	0	0	0	3643	11	0	3655
4	6	G	40000	100000	0	0	0	0	0	0	0	0	0	0	2
4	6	A	40000	100000	0	0	0	0	0	0	0	0	0	0	1
4	6	B	40000	100000	0	0	0	0	0	0	0	0	0	0	1
4	7	G	40000	99595	0.405002	0.1485	405	410	0	0	0	410	0	0	412
4	7	A	40000	99612	0.388002	0.166	388	222	0	0	0	222	0	0	223
4	7	B	40000	99681	0.318998	0.131	319	188	0	0	0	188	0	0	189
5	0	G	40000	612	99.388	54.0275	99388	12467	102	0	0	11242	381	742	11882
5	0	A	40000	722	99.278	97.971	99278	1307	101	0	0	160	305	741	722
5	0	B	40000	78756	21.244	10.084	21244	11160	1	0	0	11082	76	1	11160
5	0	cSpy was 39 spamed and the readout avoided!
5	1	G	40000	99862	0.138003	0.037	138	192	0	0	0	191	0	1	194
5	1	A	40000	99867	0.133002	0.037	133	96	0	0	0	95	0	1	97
5	1	B	40000	99867	0.133002	0.037	133	96	0	0	0	96	0	0	97
5	2	G	40000	0	100	100	100000	200000	200000	200000	200000	200000	200000	200000	200002
5	2	A	40000	0	100	100	100000	100000	100000	100000	100000	100000	100000	100000	100001
5	2	B	40000	0	100	100	100000	100000	100000	100000	100000	100000	100000	100000	100001
5	3	G	40000	17279	82.721	73.0395	82721	14792	105	0	0	13677	437	573	14431
5	3	A	40000	19973	80.027	72.085	80027	7942	64	0	0	7121	265	492	7649
5	3	B	40000	19156	80.844	73.994	80844	6850	41	0	0	6556	172	81	6782
5	3	cSpy was 90 spamed and the readout avoided!
5	4	G	40000	100000	0	0	0	0	0	0	0	0	0	0	2
5	4	A	40000	100000	0	0	0	0	0	0	0	0	0	0	1
5	4	B	40000	100000	0	0	0	0	0	0	0	0	0	0	1
5	5	G	40000	100000	0	0	0	0	0	0	0	0	0	0	2
5	5	A	40000	100000	0	0	0	0	0	0	0	0	0	0	1
5	5	B	40000	100000	0	0	0	0	0	0	0	0	0	0	1
5	6	G	40000	64592	35.408	20.986	35408	26986	3	0	0	26843	6	134	26980
5	6	A	40000	65198	34.802	21.318	34802	13484	0	0	0	13345	6	133	13481
5	6	B	40000	65844	34.156	20.654	34156	13502	3	0	0	13498	0	1	13499
5	6	cSpy was 1 spamed and the readout avoided!
5	7	G	40000	0	100	100	100000	200000	200000	200000	200000	200000	200000	200000	200002
5	7	A	40000	0	100	100	100000	100000	100000	100000	100000	100000	100000	100000	100001
5	7	B	40000	0	100	100	100000	100000	100000	100000	100000	100000	100000	100000	100001
6	0	G	40000	483	99.517	66.7285	99517	16994	110	0	0	15711	737	436	16610
6	0	A	40000	745	99.255	98.132	99255	1123	108	0	0	381	211	423	745
6	0	B	40000	48804	51.196	35.325	51196	15871	2	0	0	15330	526	13	15865
6	0	cSpy was 7 spamed and the readout avoided!
6	1	G	40000	502	99.498	96.431	99498	3731	187	4	0	2111	867	563	3311
6	1	A	40000	1988	98.012	95.87	98012	2142	76	1	0	1245	459	361	1897
6	1	B	40000	1419	98.581	96.992	98581	1589	111	3	0	866	408	202	1414
6	1	cSpy was 72 spamed and the readout avoided!
6	2	G	40000	100000	0	0	0	0	0	0	0	0	0	0	2
6	2	A	40000	100000	0	0	0	0	0	0	0	0	0	0	1
6	2	B	40000	100000	0	0	0	0	0	0	0	0	0	0	1
6	3	G	40000	100000	0	0	0	0	0	0	0	0	0	0	2
6	3	A	40000	100000	0	0	0	0	0	0	0	0	0	0	1
6	3	B	40000	100000	0	0	0	0	0	0	0	0	0	0	1
6	4	G	40000	80707	19.293	9.31	19293	19332	0	0	0	18804	461	67	19306
6	4	A	40000	81056	18.944	9.31	18944	9634	0	0	0	9285	282	67	9607
6	4	B	40000	80992	19.008	9.31	19008	9698	0	0	0	9519	179	0	9699
6	5	G	40000	0	100	100	100000	200000	200000	200000	200000	200000	200000	200000	200002
6	5	A	40000	0	100	100	100000	100000	100000	100000	100000	100000	100000	100000	100001
6	5	B	40000	0	100	100	100000	100000	100000	100000	100000	100000	100000	100000	100001
6	6	G	40000	99791	0.208998	0.096	209	226	0	0	0	224	0	2	228
6	6	A	40000	99791	0.208998	0.096	209	113	0	0	0	111	0	2	114
6	6	B	40000	99791	0.208998	0.096	209	113	0	0	0	113	0	0	114
6	7	G	40000	100000	0	0	0	0	0	0	0	0	0	0	2
6	7	A	40000	100000	0	0	0	0	0	0	0	0	0	0	1
6	7	B	40000	100000	0	0	0	0	0	0	0	0	0	0	1
7	0	G	40000	1227	98.773	71.4045	98773	13748	203	0	0	12520	677	348	13385
7	0	A	40000	1889	98.111	95.946	98111	2165	151	0	0	1512	216	286	1881
7	0	B	40000	41554	58.446	46.863	58446	11583	52	0	0	11008	461	62	11504
7	0	cSpy was 19 spamed and the readout avoided!
7	1	G	40000	100000	0	0	0	0	0	0	0	0	0	0	2
7	1	A	40000	100000	0	0	0	0	0	0	0	0	0	0	1
7	1	B	40000	100000	0	0	0	0	0	0	0	0	0	0	1
7	2	G	40000	99957	0.0429988	0.016	43	46	0	0	0	46	0	0	48
7	2	A	40000	99959	0.041002	0.017	41	24	0	0	0	24	0	0	25
7	2	B	40000	99963	0.0370026	0.015	37	22	0	0	0	22	0	0	23
7	3	G	40000	24413	75.587	34.874	75587	47013	0	0	0	46449	468	96	47009
7	3	A	40000	36609	63.391	40.968	63391	22423	0	0	0	22225	103	95	22419
7	3	B	40000	46630	53.37	28.78	53370	24590	0	0	0	24224	365	1	24590
7	4	G	40000	29939	70.061	38.609	70061	42748	34	0	0	36455	6128	131	42683
7	4	A	40000	40424	59.576	37.891	59576	21685	13	0	0	17689	3898	85	21655
7	4	B	40000	39610	60.39	39.327	60390	21063	21	0	0	18766	2230	46	21028
7	4	cSpy was 8 spamed and the readout avoided!
7	5	G	40000	100000	0	0	0	0	0	0	0	0	0	0	2
7	5	A	40000	100000	0	0	0	0	0	0	0	0	0	0	1
7	5	B	40000	100000	0	0	0	0	0	0	0	0	0	0	1
7	6	G	40000	100000	0	0	0	0	0	0	0	0	0	0	2
7	6	A	40000	100000	0	0	0	0	0	0	0	0	0	0	1
7	6	B	40000	100000	0	0	0	0	0	0	0	0	0	0	1
7	7	G	40000	36590	63.41	27.5845	63410	40578	0	0	0	38993	1501	84	40560
7	7	A	40000	48016	51.984	32.43	51984	19554	0	0	0	19040	431	83	19536
7	7	B	40000	56237	43.763	22.739	43763	21024	0	0	0	19953	1070	1	21024
