#the gain was set to: 2	the bias was set to: 30
#Sent triggers per delay setting: 100000	and with a frequency [Hz] of: 40000
#160MHz delay setting	400MHz delay setting	Frequency	correct transmitted H+T		error rate [%]	uncertainty [%]	bad or missed events	error count	missing headers	missing trailers	flipped H/T	event nr errors	tbm missed trigger	unknown errors	event nr resets
0	0	G	40000	509	99.491	57.437	99491	15993	167	0	0	13116	1866	844	15427
0	0	A	40000	628	99.372	98.177	99372	1195	167	0	0	108	76	844	628
0	0	B	40000	68505	31.495	16.697	31495	14798	0	0	0	13008	1790	0	14799
0	0	cSpy was 51 spamed and the readout avoided!
0	1	G	40000	98154	1.846	1.482	1846	506	1	0	0	497	2	6	506
0	1	A	40000	98298	1.702	1.446	1702	256	0	0	0	248	2	6	255
0	1	B	40000	98232	1.768	1.518	1768	250	1	0	0	249	0	0	251
0	2	G	40000	0	100	100	100000	200000	200000	200000	200000	200000	200000	200000	200002
0	2	A	40000	0	100	100	100000	100000	100000	100000	100000	100000	100000	100000	100001
0	2	B	40000	0	100	100	100000	100000	100000	100000	100000	100000	100000	100000	100001
0	3	G	40000	0	100	100	100000	200000	200000	200000	200000	200000	200000	200000	200002
0	3	A	40000	0	100	100	100000	100000	100000	100000	100000	100000	100000	100000	100001
0	3	B	40000	0	100	100	100000	100000	100000	100000	100000	100000	100000	100000	100001
0	4	G	40000	100000	0	0	0	0	0	0	0	0	0	0	2
0	4	A	40000	100000	0	0	0	0	0	0	0	0	0	0	1
0	4	B	40000	100000	0	0	0	0	0	0	0	0	0	0	1
0	5	G	40000	96297	3.703	1.4555	3703	2622	0	0	0	2608	9	5	2623
0	5	A	40000	97363	2.637	1.278	2637	1359	0	0	0	1346	8	5	1359
0	5	B	40000	97104	2.896	1.633	2896	1263	0	0	0	1262	1	0	1264
0	6	G	40000	0	100	99.965	100000	51	0	0	0	1	6	44	19
0	6	A	40000	0	100	99.996	100000	4	0	0	0	0	0	4	0
0	6	B	40000	19	99.981	99.934	99981	47	0	0	0	1	6	40	19
0	7	G	40000	2045	97.955	92.372	97955	7646	15	0	0	6617	232	782	7239
0	7	A	40000	3933	96.067	91.914	96067	4153	10	0	0	3265	117	761	3757
0	7	B	40000	3677	96.323	92.83	96323	3493	5	0	0	3352	115	21	3482
1	0	G	40000	163	99.837	98.1015	99837	2161	274	1	0	927	466	493	1632
1	0	A	40000	435	99.565	98.8	99565	765	97	0	0	226	84	358	432
1	0	B	40000	1201	98.799	97.403	98799	1396	177	1	0	701	382	135	1200
1	0	cSpy was 100 spamed and the readout avoided!
1	1	G	40000	12401	87.599	82.4615	87599	7840	32	0	0	6700	485	623	7492
1	1	A	40000	13567	86.433	82.448	86433	3985	3	0	0	3261	181	540	3701
1	1	B	40000	13670	86.33	82.475	86330	3855	29	0	0	3439	304	83	3791
1	1	cSpy was 100 spamed and the readout avoided!
1	2	G	40000	100000	0	0	0	0	0	0	0	0	0	0	2
1	2	A	40000	100000	0	0	0	0	0	0	0	0	0	0	1
1	2	B	40000	100000	0	0	0	0	0	0	0	0	0	0	1
1	3	G	40000	100000	0	0	0	0	0	0	0	0	0	0	2
1	3	A	40000	100000	0	0	0	0	0	0	0	0	0	0	1
1	3	B	40000	100000	0	0	0	0	0	0	0	0	0	0	1
1	4	G	40000	47	99.953	99.6225	99953	554	3	0	0	90	1	460	201
1	4	A	40000	72	99.928	99.61	99928	318	2	0	0	23	1	292	72
1	4	B	40000	129	99.871	99.635	99871	236	1	0	0	67	0	168	129
1	5	G	40000	377	99.623	97.4905	99623	2761	104	0	0	1551	197	909	2221
1	5	A	40000	1131	98.869	97.285	98869	1584	69	0	0	588	136	791	1120
1	5	B	40000	1127	98.873	97.696	98873	1177	35	0	0	963	61	118	1101
1	5	cSpy was 28 spamed and the readout avoided!
1	6	G	40000	100000	0	0	0	0	0	0	0	0	0	0	2
1	6	A	40000	100000	0	0	0	0	0	0	0	0	0	0	1
1	6	B	40000	100000	0	0	0	0	0	0	0	0	0	0	1
1	7	G	40000	100000	0	0	0	0	0	0	0	0	0	0	2
1	7	A	40000	100000	0	0	0	0	0	0	0	0	0	0	1
1	7	B	40000	100000	0	0	0	0	0	0	0	0	0	0	1
2	0	G	40000	7687	92.313	42.5315	92313	7527	113	0	0	6867	148	399	7228
2	0	A	40000	7696	92.304	84.976	92304	7328	113	0	0	6746	70	399	7028
2	0	B	40000	99714	0.286001	0.087	286	199	0	0	0	121	78	0	200
2	1	G	40000	100000	0	0	0	0	0	0	0	0	0	0	2
2	1	A	40000	100000	0	0	0	0	0	0	0	0	0	0	1
2	1	B	40000	100000	0	0	0	0	0	0	0	0	0	0	1
2	2	G	40000	99552	0.448	0.075	448	746	0	0	0	746	0	0	748
2	2	A	40000	99552	0.448	0.075	448	373	0	0	0	373	0	0	374
2	2	B	40000	99552	0.448	0.075	448	373	0	0	0	373	0	0	374
2	3	G	40000	21	99.979	99.3115	99979	780	35	0	0	306	204	235	597
2	3	A	40000	63	99.937	99.823	99937	114	1	0	0	16	32	65	63
2	3	B	40000	534	99.466	98.8	99466	666	34	0	0	290	172	170	534
2	3	cSpy was 53 spamed and the readout avoided!
2	4	G	40000	67462	32.538	12.7085	32538	21139	18	5	0	12114	8686	316	21123
2	4	A	40000	74551	25.449	15.079	25449	10370	10	1	0	5825	4219	315	10354
2	4	B	40000	78893	21.107	10.338	21107	10769	8	4	0	6289	4467	1	10769
2	4	cSpy was 6 spamed and the readout avoided!
2	5	G	40000	100000	0	0	0	0	0	0	0	0	0	0	2
2	5	A	40000	100000	0	0	0	0	0	0	0	0	0	0	1
2	5	B	40000	100000	0	0	0	0	0	0	0	0	0	0	1
2	6	G	40000	99998	0.00200272	0	2	4	0	0	0	4	0	0	6
2	6	A	40000	99998	0.00200272	0	2	2	0	0	0	2	0	0	3
2	6	B	40000	99998	0.00200272	0	2	2	0	0	0	2	0	0	3
2	7	G	40000	66639	33.361	22.3035	33361	17274	705	42	0	15966	521	40	17086
2	7	A	40000	68830	31.17	22.966	31170	8204	355	2	0	7790	17	40	8111
2	7	B	40000	69289	30.711	21.641	30711	9070	350	40	0	8176	504	0	8975
2	7	cSpy was 74 spamed and the readout avoided!
3	0	G	40000	1916	98.084	63.51	98084	12623	232	1	0	11939	138	313	12243
3	0	A	40000	2425	97.575	94.799	97575	2776	224	1	0	2121	119	311	2401
3	0	B	40000	57932	42.068	32.221	42068	9847	8	0	0	9818	19	2	9842
3	0	cSpy was 24 spamed and the readout avoided!
3	1	G	40000	0	100	99.6915	100000	617	0	0	0	0	0	617	0
3	1	A	40000	0	100	99.547	100000	453	0	0	0	0	0	453	0
3	1	B	40000	0	100	99.836	100000	164	0	0	0	0	0	164	0
3	1	cSpy was 88 spamed and the readout avoided!
3	2	G	40000	5428	94.572	81.5355	94572	17837	109	1	0	15649	1496	582	17465
3	2	A	40000	9194	90.806	82.123	90806	8683	22	0	0	7495	647	519	8389
3	2	B	40000	9898	90.102	80.948	90102	9154	87	1	0	8154	849	63	9076
3	3	G	40000	100000	0	0	0	0	0	0	0	0	0	0	2
3	3	A	40000	100000	0	0	0	0	0	0	0	0	0	0	1
3	3	B	40000	100000	0	0	0	0	0	0	0	0	0	0	1
3	4	G	40000	100000	0	0	0	0	0	0	0	0	0	0	2
3	4	A	40000	100000	0	0	0	0	0	0	0	0	0	0	1
3	4	B	40000	100000	0	0	0	0	0	0	0	0	0	0	1
3	5	G	40000	16359	83.641	72.5655	83641	17323	7	0	0	16536	32	748	16786
3	5	A	40000	18780	81.22	72.371	81220	8849	5	0	0	8148	16	680	8365
3	5	B	40000	18766	81.234	72.76	81234	8474	2	0	0	8388	16	68	8421
3	5	cSpy was 73 spamed and the readout avoided!
3	6	G	40000	0	100	100	100000	200000	200000	200000	200000	200000	200000	200000	200002
3	6	A	40000	0	100	100	100000	100000	100000	100000	100000	100000	100000	100000	100001
3	6	B	40000	0	100	100	100000	100000	100000	100000	100000	100000	100000	100000	100001
3	7	G	40000	100000	0	0	0	0	0	0	0	0	0	0	2
3	7	A	40000	100000	0	0	0	0	0	0	0	0	0	0	1
3	7	B	40000	100000	0	0	0	0	0	0	0	0	0	0	1
4	0	G	40000	236	99.764	98.024	99764	2258	161	1	0	1003	460	633	1690
4	0	A	40000	972	99.028	97.746	99028	1282	93	1	0	564	299	325	971
4	0	B	40000	722	99.278	98.302	99278	976	68	0	0	439	161	308	719
4	0	cSpy was 28 spamed and the readout avoided!
4	1	G	40000	100000	0	0	0	0	0	0	0	0	0	0	2
4	1	A	40000	100000	0	0	0	0	0	0	0	0	0	0	1
4	1	B	40000	100000	0	0	0	0	0	0	0	0	0	0	1
4	2	G	40000	100000	0	0	0	0	0	0	0	0	0	0	2
4	2	A	40000	100000	0	0	0	0	0	0	0	0	0	0	1
4	2	B	40000	100000	0	0	0	0	0	0	0	0	0	0	1
4	3	G	40000	97540	2.46	0.837	2460	3087	0	0	0	3076	7	4	3089
4	3	A	40000	97619	2.381	0.837	2381	1544	0	0	0	1536	4	4	1545
4	3	B	40000	97620	2.38	0.837	2380	1543	0	0	0	1540	3	0	1544
4	4	G	40000	0	100	100	100000	200000	200000	200000	200000	200000	200000	200000	200002
4	4	A	40000	0	100	100	100000	100000	100000	100000	100000	100000	100000	100000	100001
4	4	B	40000	0	100	100	100000	100000	100000	100000	100000	100000	100000	100000	100001
4	5	G	40000	61467	38.533	32.455	38533	9920	45	0	0	8925	729	221	9796
4	5	A	40000	62506	37.494	32.569	37494	4925	8	0	0	4312	408	197	4835
4	5	B	40000	62664	37.336	32.341	37336	4995	37	0	0	4613	321	24	4961
4	6	G	40000	100000	0	0	0	0	0	0	0	0	0	0	2
4	6	A	40000	100000	0	0	0	0	0	0	0	0	0	0	1
4	6	B	40000	100000	0	0	0	0	0	0	0	0	0	0	1
4	7	G	40000	99992	0.00799894	0.002	8	12	0	0	0	12	0	0	14
4	7	A	40000	99992	0.00799894	0.002	8	6	0	0	0	6	0	0	7
4	7	B	40000	99992	0.00799894	0.002	8	6	0	0	0	6	0	0	7
5	0	G	40000	828	99.172	51.564	99172	8488	156	0	0	7343	349	640	7921
5	0	A	40000	885	99.115	97.662	99115	1453	156	0	0	328	329	640	885
5	0	B	40000	87499	12.501	5.466	12501	7035	0	0	0	7015	20	0	7036
5	0	cSpy was 30 spamed and the readout avoided!
5	1	G	40000	100000	0	0	0	0	0	0	0	0	0	0	2
5	1	A	40000	100000	0	0	0	0	0	0	0	0	0	0	1
5	1	B	40000	100000	0	0	0	0	0	0	0	0	0	0	1
5	2	G	40000	29762	70.238	31.932	70238	44172	0	0	0	43916	170	86	44172
5	2	A	40000	41433	58.567	37.412	58567	21155	0	0	0	21012	57	86	21154
5	2	B	40000	50531	49.469	26.452	49469	23017	0	0	0	22904	113	0	23018
5	3	G	40000	21989	78.011	48.7465	78011	40130	17	0	0	33647	6360	106	40094
5	3	A	40000	31631	68.369	47.849	68369	20520	9	0	0	16336	4070	105	20487
5	3	B	40000	30746	69.254	49.644	69254	19610	8	0	0	17311	2290	1	19607
5	4	G	40000	100000	0	0	0	0	0	0	0	0	0	0	2
5	4	A	40000	100000	0	0	0	0	0	0	0	0	0	0	1
5	4	B	40000	100000	0	0	0	0	0	0	0	0	0	0	1
5	5	G	40000	100000	0	0	0	0	0	0	0	0	0	0	2
5	5	A	40000	100000	0	0	0	0	0	0	0	0	0	0	1
5	5	B	40000	100000	0	0	0	0	0	0	0	0	0	0	1
5	6	G	40000	24343	75.657	34.785	75657	47212	0	0	0	46439	679	94	47210
5	6	A	40000	36571	63.429	40.905	63429	22524	0	0	0	22376	54	94	22522
5	6	B	40000	46647	53.353	28.665	53353	24688	0	0	0	24063	625	0	24688
5	7	G	40000	5038	94.962	82.9005	94962	16738	249	17	0	12865	3019	588	16281
5	7	A	40000	9169	90.831	81.969	90831	8862	133	13	0	6450	1783	483	8521
5	7	B	40000	8292	91.708	83.832	91708	7876	116	4	0	6415	1236	105	7760
5	7	cSpy was 15 spamed and the readout avoided!
6	0	G	40000	807	99.193	60.641	99193	18496	138	0	0	17336	633	389	18122
6	0	A	40000	1064	98.936	97.5	98936	1436	137	0	0	730	183	386	1063
6	0	B	40000	59158	40.842	23.782	40842	17060	1	0	0	16606	450	3	17059
6	0	cSpy was 6 spamed and the readout avoided!
6	1	G	40000	0	100	100	100000	200000	200000	200000	200000	200000	200000	200000	200002
6	1	A	40000	0	100	100	100000	100000	100000	100000	100000	100000	100000	100000	100001
6	1	B	40000	0	100	100	100000	100000	100000	100000	100000	100000	100000	100000	100001
6	2	G	40000	100000	0	0	0	0	0	0	0	0	0	0	2
6	2	A	40000	100000	0	0	0	0	0	0	0	0	0	0	1
6	2	B	40000	100000	0	0	0	0	0	0	0	0	0	0	1
6	3	G	40000	100000	0	0	0	0	0	0	0	0	0	0	2
6	3	A	40000	100000	0	0	0	0	0	0	0	0	0	0	1
6	3	B	40000	100000	0	0	0	0	0	0	0	0	0	0	1
6	4	G	40000	89628	10.372	4.208	10372	11801	0	0	0	11614	157	30	11794
6	4	A	40000	89895	10.105	4.208	10105	5897	0	0	0	5775	92	30	5889
6	4	B	40000	89888	10.112	4.208	10112	5904	0	0	0	5839	65	0	5905
6	5	G	40000	0	100	100	100000	200000	200000	200000	200000	200000	200000	200000	200002
6	5	A	40000	0	100	100	100000	100000	100000	100000	100000	100000	100000	100000	100001
6	5	B	40000	0	100	100	100000	100000	100000	100000	100000	100000	100000	100000	100001
6	6	G	40000	75220	24.78	13.1935	24780	22835	0	0	0	22190	473	172	22807
6	6	A	40000	75349	24.651	13.191	24651	11460	0	0	0	10944	344	172	11431
6	6	B	40000	75429	24.571	13.196	24571	11375	0	0	0	11246	129	0	11376
6	7	G	40000	100000	0	0	0	0	0	0	0	0	0	0	2
6	7	A	40000	100000	0	0	0	0	0	0	0	0	0	0	1
6	7	B	40000	100000	0	0	0	0	0	0	0	0	0	0	1
7	0	G	40000	1317	98.683	78.043	98683	14245	239	8	0	12432	1179	387	13829
7	0	A	40000	2613	97.387	94.469	97387	2918	188	8	0	1888	559	275	2601
7	0	B	40000	27056	72.944	61.617	72944	11327	51	0	0	10544	620	112	11228
7	0	cSpy was 23 spamed and the readout avoided!
7	1	G	40000	100000	0	0	0	0	0	0	0	0	0	0	2
7	1	A	40000	100000	0	0	0	0	0	0	0	0	0	0	1
7	1	B	40000	100000	0	0	0	0	0	0	0	0	0	0	1
7	2	G	40000	100000	0	0	0	0	0	0	0	0	0	0	2
7	2	A	40000	100000	0	0	0	0	0	0	0	0	0	0	1
7	2	B	40000	100000	0	0	0	0	0	0	0	0	0	0	1
7	3	G	40000	37688	62.312	28.2095	62312	39619	0	0	0	39331	208	80	39620
7	3	A	40000	47870	52.13	33.092	52130	19038	0	0	0	18935	24	79	19038
7	3	B	40000	56092	43.908	23.327	43908	20581	0	0	0	20396	184	1	20582
7	4	G	40000	9909	90.091	70.669	90091	26199	48	1	0	21026	4902	222	26072
7	4	A	40000	16674	83.326	69.785	83326	13541	29	1	0	10415	2884	212	13427
7	4	B	40000	15789	84.211	71.553	84211	12658	19	0	0	10611	2018	10	12645
7	5	G	40000	100000	0	0	0	0	0	0	0	0	0	0	2
7	5	A	40000	100000	0	0	0	0	0	0	0	0	0	0	1
7	5	B	40000	100000	0	0	0	0	0	0	0	0	0	0	1
7	6	G	40000	100000	0	0	0	0	0	0	0	0	0	0	2
7	6	A	40000	100000	0	0	0	0	0	0	0	0	0	0	1
7	6	B	40000	100000	0	0	0	0	0	0	0	0	0	0	1
7	7	G	40000	59597	40.403	14.765	40403	28611	0	0	0	28105	442	64	28604
7	7	A	40000	68642	31.358	17.144	31358	14214	0	0	0	13975	175	64	14206
7	7	B	40000	73217	26.783	12.386	26783	14397	0	0	0	14130	267	0	14398
