#the gain was set to: 2	the bias was set to: 30
#Sent triggers per delay setting: 100000	and with a frequency [Hz] of: 40000
#160MHz delay setting	400MHz delay setting	Frequency	correct transmitted H+T		error rate [%]	uncertainty [%]	bad or missed events	error count	missing headers	missing trailers	flipped H/T	event nr errors	tbm missed trigger	unknown errors	event nr resets
0	0	G	40000	513	99.487	57.4255	99487	16017	164	0	0	13204	1794	855	15436
0	0	A	40000	637	99.363	98.144	99363	1219	164	0	0	95	106	854	637
0	0	B	40000	68495	31.505	16.707	31505	14798	0	0	0	13109	1688	1	14799
0	0	cSpy was 55 spamed and the readout avoided!
0	1	G	40000	99092	0.907999	0.3775	908	987	0	0	0	984	1	2	988
0	1	A	40000	99132	0.867999	0.38	868	488	0	0	0	488	0	0	489
0	1	B	40000	99126	0.874001	0.375	874	499	0	0	0	496	1	2	499
0	2	G	40000	0	100	100	100000	200000	200000	200000	200000	200000	200000	200000	200002
0	2	A	40000	0	100	100	100000	100000	100000	100000	100000	100000	100000	100000	100001
0	2	B	40000	0	100	100	100000	100000	100000	100000	100000	100000	100000	100000	100001
0	3	G	40000	41475	58.525	27.6385	58525	35357	308	83	1	21745	12502	718	35053
0	3	A	40000	53871	46.129	28.676	46129	17453	11	2	0	10517	6258	665	17413
0	3	B	40000	55495	44.505	26.601	44505	17904	297	81	1	11228	6244	53	17640
0	3	cSpy was 25 spamed and the readout avoided!
0	4	G	40000	100000	0	0	0	0	0	0	0	0	0	0	2
0	4	A	40000	100000	0	0	0	0	0	0	0	0	0	0	1
0	4	B	40000	100000	0	0	0	0	0	0	0	0	0	0	1
0	5	G	40000	100000	0	0	0	0	0	0	0	0	0	0	2
0	5	A	40000	100000	0	0	0	0	0	0	0	0	0	0	1
0	5	B	40000	100000	0	0	0	0	0	0	0	0	0	0	1
0	6	G	40000	62584	37.416	22.4515	37416	19381	480	32	3	18096	694	76	19212
0	6	A	40000	70808	29.192	19.503	29192	9689	95	0	0	9478	41	75	9607
0	6	B	40000	64908	35.092	25.4	35092	9692	385	32	3	8618	653	1	9605
0	6	cSpy was 26 spamed and the readout avoided!
0	7	G	40000	3818	96.182	83.7775	96182	16372	301	25	2	14863	616	566	15831
0	7	A	40000	7002	92.998	85.689	92998	7309	177	18	2	6429	192	491	6873
0	7	B	40000	9071	90.929	81.866	90929	9063	124	7	0	8434	424	75	8958
0	7	cSpy was 38 spamed and the readout avoided!
1	0	G	40000	870	99.13	90.5925	99130	9261	288	33	0	7935	464	541	8722
1	0	A	40000	1806	98.194	96.139	98194	2055	104	0	0	1497	150	304	1788
1	0	B	40000	7748	92.252	85.046	92252	7206	184	33	0	6438	314	237	6934
1	0	cSpy was 80 spamed and the readout avoided!
1	1	G	40000	2480	97.52	91.3195	97520	8700	34	0	0	7461	275	930	8223
1	1	A	40000	4498	95.502	90.752	95502	4750	15	0	0	3718	130	887	4302
1	1	B	40000	4163	95.837	91.887	95837	3950	19	0	0	3743	145	43	3921
1	1	cSpy was 1 spamed and the readout avoided!
1	2	G	40000	100000	0	0	0	0	0	0	0	0	0	0	2
1	2	A	40000	100000	0	0	0	0	0	0	0	0	0	0	1
1	2	B	40000	100000	0	0	0	0	0	0	0	0	0	0	1
1	3	G	40000	100000	0	0	0	0	0	0	0	0	0	0	2
1	3	A	40000	100000	0	0	0	0	0	0	0	0	0	0	1
1	3	B	40000	100000	0	0	0	0	0	0	0	0	0	0	1
1	4	G	40000	36	99.964	99.72	99964	410	0	0	0	65	0	345	148
1	4	A	40000	53	99.947	99.706	99947	241	0	0	0	17	0	224	52
1	4	B	40000	97	99.903	99.734	99903	169	0	0	0	48	0	121	96
1	5	G	40000	386	99.614	97.6825	99614	2548	50	0	0	1567	94	837	2050
1	5	A	40000	998	99.002	97.599	99002	1403	21	0	0	575	61	746	982
1	5	B	40000	1089	98.911	97.766	98911	1145	29	0	0	992	33	91	1068
1	5	cSpy was 17 spamed and the readout avoided!
1	6	G	40000	100000	0	0	0	0	0	0	0	0	0	0	2
1	6	A	40000	100000	0	0	0	0	0	0	0	0	0	0	1
1	6	B	40000	100000	0	0	0	0	0	0	0	0	0	0	1
1	7	G	40000	100000	0	0	0	0	0	0	0	0	0	0	2
1	7	A	40000	100000	0	0	0	0	0	0	0	0	0	0	1
1	7	B	40000	100000	0	0	0	0	0	0	0	0	0	0	1
2	0	G	40000	8209	91.791	42.031	91791	7945	135	0	0	7270	136	404	7607
2	0	A	40000	8228	91.772	83.997	91772	7775	135	0	0	7171	65	404	7436
2	0	B	40000	99765	0.234997	0.065	235	170	0	0	0	99	71	0	171
2	1	G	40000	100000	0	0	0	0	0	0	0	0	0	0	2
2	1	A	40000	100000	0	0	0	0	0	0	0	0	0	0	1
2	1	B	40000	100000	0	0	0	0	0	0	0	0	0	0	1
2	2	G	40000	98917	1.083	0.226	1083	1714	0	0	0	1714	0	0	1716
2	2	A	40000	98917	1.083	0.226	1083	857	0	0	0	857	0	0	858
2	2	B	40000	98917	1.083	0.226	1083	857	0	0	0	857	0	0	858
2	3	G	40000	14	99.986	99.3295	99986	728	35	0	0	273	273	147	613
2	3	A	40000	26	99.974	99.933	99974	41	0	0	0	6	10	25	26
2	3	B	40000	587	99.413	98.726	99413	687	35	0	0	267	263	122	587
2	3	cSpy was 69 spamed and the readout avoided!
2	4	G	40000	79699	20.301	7.6435	20301	13881	2	2	0	8229	5432	216	13873
2	4	A	40000	84082	15.918	9.08	15918	6838	2	0	0	3978	2649	209	6833
2	4	B	40000	86750	13.25	6.207	13250	7043	0	2	0	4251	2783	7	7040
2	4	cSpy was 2 spamed and the readout avoided!
2	5	G	40000	100000	0	0	0	0	0	0	0	0	0	0	2
2	5	A	40000	100000	0	0	0	0	0	0	0	0	0	0	1
2	5	B	40000	100000	0	0	0	0	0	0	0	0	0	0	1
2	6	G	40000	99993	0.00699759	0.001	7	12	0	0	0	12	0	0	14
2	6	A	40000	99993	0.00699759	0.001	7	6	0	0	0	6	0	0	7
2	6	B	40000	99993	0.00699759	0.001	7	6	0	0	0	6	0	0	7
2	7	G	40000	0	100	100	100000	200000	200000	200000	200000	200000	200000	200000	200002
2	7	A	40000	0	100	100	100000	100000	100000	100000	100000	100000	100000	100000	100001
2	7	B	40000	0	100	100	100000	100000	100000	100000	100000	100000	100000	100000	100001
3	0	G	40000	1804	98.196	72.0935	98196	19125	217	6	0	18507	137	258	18812
3	0	A	40000	2739	97.261	94.238	97261	3023	217	6	0	2413	129	258	2709
3	0	B	40000	33949	66.051	49.949	66051	16102	0	0	0	16094	8	0	16103
3	0	cSpy was 41 spamed and the readout avoided!
3	1	G	40000	0	100	99.7805	100000	439	0	0	0	0	0	439	0
3	1	A	40000	0	100	99.597	100000	403	0	0	0	0	0	403	0
3	1	B	40000	0	100	99.964	100000	36	0	0	0	0	0	36	0
3	1	cSpy was 27 spamed and the readout avoided!
3	2	G	40000	6381	93.619	78.848	93619	20365	118	0	0	18321	1342	584	20014
3	2	A	40000	10659	89.341	79.379	89341	9962	22	0	0	8783	636	521	9693
3	2	B	40000	11280	88.72	78.317	88720	10403	96	0	0	9538	706	63	10321
3	2	cSpy was 1 spamed and the readout avoided!
3	3	G	40000	100000	0	0	0	0	0	0	0	0	0	0	2
3	3	A	40000	100000	0	0	0	0	0	0	0	0	0	0	1
3	3	B	40000	100000	0	0	0	0	0	0	0	0	0	0	1
3	4	G	40000	99805	0.195003	0.085	195	216	0	0	0	216	0	0	218
3	4	A	40000	99808	0.191998	0.084	192	108	0	0	0	108	0	0	109
3	4	B	40000	99806	0.194001	0.086	194	108	0	0	0	108	0	0	109
3	5	G	40000	5289	94.711	87.461	94711	11244	20	0	0	10125	128	971	10575
3	5	A	40000	6901	93.099	87.251	93099	5848	12	0	0	4923	65	848	5275
3	5	B	40000	6933	93.067	87.671	93067	5396	8	0	0	5202	63	123	5300
3	5	cSpy was 64 spamed and the readout avoided!
3	6	G	40000	4499	95.501	91.7395	95501	5438	164	0	0	3903	677	694	4902
3	6	A	40000	5550	94.45	91.621	94450	2829	79	0	0	1820	370	560	2445
3	6	B	40000	5533	94.467	91.858	94467	2609	85	0	0	2083	307	134	2457
3	6	cSpy was 80 spamed and the readout avoided!
3	7	G	40000	100000	0	0	0	0	0	0	0	0	0	0	2
3	7	A	40000	100000	0	0	0	0	0	0	0	0	0	0	1
3	7	B	40000	100000	0	0	0	0	0	0	0	0	0	0	1
4	0	G	40000	278	99.722	98.1655	99722	2077	180	0	0	1047	330	521	1572
4	0	A	40000	811	99.189	98.117	99189	1072	84	0	0	473	232	283	794
4	0	B	40000	781	99.219	98.214	99219	1005	96	0	0	574	98	238	778
4	0	cSpy was 42 spamed and the readout avoided!
4	1	G	40000	99992	0.00799894	0.004	8	8	0	0	0	8	0	0	10
4	1	A	40000	99992	0.00799894	0.004	8	4	0	0	0	4	0	0	5
4	1	B	40000	99992	0.00799894	0.004	8	4	0	0	0	4	0	0	5
4	2	G	40000	100000	0	0	0	0	0	0	0	0	0	0	2
4	2	A	40000	100000	0	0	0	0	0	0	0	0	0	0	1
4	2	B	40000	100000	0	0	0	0	0	0	0	0	0	0	1
4	3	G	40000	97800	2.2	0.749	2200	2761	0	0	0	2756	2	3	2763
4	3	A	40000	97870	2.13	0.749	2130	1381	0	0	0	1377	1	3	1382
4	3	B	40000	97871	2.129	0.749	2129	1380	0	0	0	1379	1	0	1381
4	4	G	40000	0	100	100	100000	200000	200000	200000	200000	200000	200000	200000	200002
4	4	A	40000	0	100	100	100000	100000	100000	100000	100000	100000	100000	100000	100001
4	4	B	40000	0	100	100	100000	100000	100000	100000	100000	100000	100000	100000	100001
4	5	G	40000	80991	19.009	10.228	19009	17350	0	0	0	16885	362	103	17322
4	5	A	40000	81073	18.927	10.228	18927	8699	0	0	0	8331	265	103	8670
4	5	B	40000	81121	18.879	10.228	18879	8651	0	0	0	8554	97	0	8652
4	6	G	40000	100000	0	0	0	0	0	0	0	0	0	0	2
4	6	A	40000	100000	0	0	0	0	0	0	0	0	0	0	1
4	6	B	40000	100000	0	0	0	0	0	0	0	0	0	0	1
4	7	G	40000	99985	0.0150025	0.004	15	22	0	0	0	22	0	0	24
4	7	A	40000	99985	0.0150025	0.004	15	11	0	0	0	11	0	0	12
4	7	B	40000	99985	0.0150025	0.004	15	11	0	0	0	11	0	0	12
5	0	G	40000	860	99.14	51.3165	99140	8039	173	0	0	6886	372	608	7467
5	0	A	40000	926	99.074	97.575	99074	1499	173	0	0	362	356	608	926
5	0	B	40000	88402	11.598	5.058	11598	6540	0	0	0	6524	16	0	6541
5	0	cSpy was 31 spamed and the readout avoided!
5	1	G	40000	97876	2.124	1.135	2124	1936	0	0	0	1892	33	11	1937
5	1	A	40000	97903	2.097	1.135	2097	962	0	0	0	930	22	10	962
5	1	B	40000	97891	2.109	1.135	2109	974	0	0	0	962	11	1	975
5	2	G	40000	66174	33.826	20.2075	33826	26645	0	0	0	26517	1	127	26647
5	2	A	40000	66455	33.545	20.22	33545	13325	0	0	0	13198	1	126	13326
5	2	B	40000	66485	33.515	20.195	33515	13320	0	0	0	13319	0	1	13321
5	3	G	40000	1770	98.23	90.533	98230	9285	164	1	0	7027	1604	489	8931
5	3	A	40000	5877	94.123	88.523	94123	5600	17	0	0	4055	1153	375	5391
5	3	B	40000	3772	96.228	92.543	96228	3685	147	1	0	2972	451	114	3540
5	3	cSpy was 22 spamed and the readout avoided!
5	4	G	40000	100000	0	0	0	0	0	0	0	0	0	0	2
5	4	A	40000	100000	0	0	0	0	0	0	0	0	0	0	1
5	4	B	40000	100000	0	0	0	0	0	0	0	0	0	0	1
5	5	G	40000	100000	0	0	0	0	0	0	0	0	0	0	2
5	5	A	40000	100000	0	0	0	0	0	0	0	0	0	0	1
5	5	B	40000	100000	0	0	0	0	0	0	0	0	0	0	1
5	6	G	40000	75999	24.001	14.005	24001	19640	0	0	0	19469	74	97	19628
5	6	A	40000	76251	23.749	14.005	23749	9744	0	0	0	9606	42	96	9731
5	6	B	40000	76099	23.901	14.005	23901	9896	0	0	0	9863	32	1	9897
5	7	G	40000	0	100	100	100000	200000	200000	200000	200000	200000	200000	200000	200002
5	7	A	40000	0	100	100	100000	100000	100000	100000	100000	100000	100000	100000	100001
5	7	B	40000	0	100	100	100000	100000	100000	100000	100000	100000	100000	100000	100001
6	0	G	40000	860	99.14	59.0975	99140	15644	202	3	0	14643	460	336	15271
6	0	A	40000	1138	98.862	97.383	98862	1479	151	0	0	801	199	328	1138
6	0	B	40000	65023	34.977	20.812	34977	14165	51	3	0	13842	261	8	14133
6	0	cSpy was 20 spamed and the readout avoided!
6	1	G	40000	952	99.048	95.5845	99048	4651	378	29	3	2631	1101	509	4053
6	1	A	40000	2294	97.706	95.247	97706	2459	177	3	0	1302	751	226	2188
6	1	B	40000	1886	98.114	95.922	98114	2192	201	26	3	1329	350	283	1865
6	1	cSpy was 90 spamed and the readout avoided!
6	2	G	40000	99645	0.354999	0.124	355	462	0	0	0	461	0	1	464
6	2	A	40000	99645	0.354999	0.124	355	231	0	0	0	230	0	1	232
6	2	B	40000	99645	0.354999	0.124	355	231	0	0	0	231	0	0	232
6	3	G	40000	100000	0	0	0	0	0	0	0	0	0	0	2
6	3	A	40000	100000	0	0	0	0	0	0	0	0	0	0	1
6	3	B	40000	100000	0	0	0	0	0	0	0	0	0	0	1
6	4	G	40000	98958	1.042	0.3365	1042	1108	0	0	0	1106	0	2	1110
6	4	A	40000	99033	0.967002	0.377	967	590	0	0	0	588	0	2	591
6	4	B	40000	99186	0.814003	0.296	814	518	0	0	0	518	0	0	519
6	5	G	40000	68	99.932	99.2255	99932	909	33	0	0	100	438	338	640
6	5	A	40000	290	99.71	99.38	99710	330	3	0	0	18	266	43	290
6	5	B	40000	350	99.65	99.071	99650	579	30	0	0	82	172	295	350
6	5	cSpy was 70 spamed and the readout avoided!
6	6	G	40000	81213	18.787	3.7395	18787	26605	0	0	0	26145	378	82	26605
6	6	A	40000	83067	16.933	3.611	16933	13322	0	0	0	12907	338	77	13321
6	6	B	40000	82849	17.151	3.868	17151	13283	0	0	0	13238	40	5	13284
6	7	G	40000	100000	0	0	0	0	0	0	0	0	0	0	2
6	7	A	40000	100000	0	0	0	0	0	0	0	0	0	0	1
6	7	B	40000	100000	0	0	0	0	0	0	0	0	0	0	1
7	0	G	40000	1160	98.84	92.426	98840	7746	402	5	0	6583	372	384	7232
7	0	A	40000	2293	97.707	95.058	97707	2649	221	2	0	1951	165	310	2275
7	0	B	40000	5109	94.891	89.794	94891	5097	181	3	0	4632	207	74	4957
7	0	cSpy was 36 spamed and the readout avoided!
7	1	G	40000	100000	0	0	0	0	0	0	0	0	0	0	2
7	1	A	40000	100000	0	0	0	0	0	0	0	0	0	0	1
7	1	B	40000	100000	0	0	0	0	0	0	0	0	0	0	1
7	2	G	40000	100000	0	0	0	0	0	0	0	0	0	0	2
7	2	A	40000	100000	0	0	0	0	0	0	0	0	0	0	1
7	2	B	40000	100000	0	0	0	0	0	0	0	0	0	0	1
7	3	G	40000	69279	30.721	17.932	30721	25115	0	0	0	24913	83	119	25096
7	3	A	40000	69605	30.395	17.932	30395	12463	0	0	0	12295	49	119	12443
7	3	B	40000	69416	30.584	17.932	30584	12652	0	0	0	12618	34	0	12653
7	4	G	40000	0	100	100	100000	200000	200000	200000	200000	200000	200000	200000	200002
7	4	A	40000	0	100	100	100000	100000	100000	100000	100000	100000	100000	100000	100001
7	4	B	40000	0	100	100	100000	100000	100000	100000	100000	100000	100000	100000	100001
7	5	G	40000	100000	0	0	0	0	0	0	0	0	0	0	2
7	5	A	40000	100000	0	0	0	0	0	0	0	0	0	0	1
7	5	B	40000	100000	0	0	0	0	0	0	0	0	0	0	1
7	6	G	40000	100000	0	0	0	0	0	0	0	0	0	0	2
7	6	A	40000	100000	0	0	0	0	0	0	0	0	0	0	1
7	6	B	40000	100000	0	0	0	0	0	0	0	0	0	0	1
7	7	G	40000	89629	10.371	4.102	10371	11983	0	0	0	11830	121	32	11981
7	7	A	40000	89909	10.091	4.102	10091	5989	0	0	0	5879	78	32	5986
7	7	B	40000	89904	10.096	4.102	10096	5994	0	0	0	5951	43	0	5995
