#the gain was set to: 2	the bias was set to: 30
#Sent triggers per delay setting: 100000	and with a frequency [Hz] of: 40000
#160MHz delay setting	400MHz delay setting	Frequency	correct transmitted H+T		error rate [%]	uncertainty [%]	bad or missed events	error count	missing headers	missing trailers	flipped H/T	event nr errors	tbm missed trigger	unknown errors	event nr resets
0	0	G	40000	498	99.502	56.974	99502	15377	152	0	0	12513	1873	839	14831
0	0	A	40000	638	99.362	98.178	99362	1184	152	0	0	97	96	839	637
0	0	B	40000	70037	29.963	15.77	29963	14193	0	0	0	12416	1777	0	14194
0	0	cSpy was 45 spamed and the readout avoided!
0	1	G	40000	99998	0.00200272	0	2	4	0	0	0	4	0	0	6
0	1	A	40000	99998	0.00200272	0	2	2	0	0	0	2	0	0	3
0	1	B	40000	99998	0.00200272	0	2	2	0	0	0	2	0	0	3
0	2	G	40000	0	100	100	100000	200000	200000	200000	200000	200000	200000	200000	200002
0	2	A	40000	0	100	100	100000	100000	100000	100000	100000	100000	100000	100000	100001
0	2	B	40000	0	100	100	100000	100000	100000	100000	100000	100000	100000	100000	100001
0	3	G	40000	31510	68.49	39.8225	68490	36325	364	65	1	30253	4892	752	35832
0	3	A	40000	40473	59.527	42.893	59527	16634	151	33	0	13457	2313	681	16309
0	3	B	40000	43557	56.443	36.752	56443	19691	213	32	1	16796	2579	71	19523
0	3	cSpy was 35 spamed and the readout avoided!
0	4	G	40000	100000	0	0	0	0	0	0	0	0	0	0	2
0	4	A	40000	100000	0	0	0	0	0	0	0	0	0	0	1
0	4	B	40000	100000	0	0	0	0	0	0	0	0	0	0	1
0	5	G	40000	100000	0	0	0	0	0	0	0	0	0	0	2
0	5	A	40000	100000	0	0	0	0	0	0	0	0	0	0	1
0	5	B	40000	100000	0	0	0	0	0	0	0	0	0	0	1
0	6	G	40000	65719	34.281	20.7865	34281	16890	492	27	1	15667	632	71	16724
0	6	A	40000	73931	26.069	17.707	26069	8362	91	0	0	8186	14	71	8284
0	6	B	40000	67606	32.394	23.866	32394	8528	401	27	1	7481	618	0	8440
0	6	cSpy was 24 spamed and the readout avoided!
0	7	G	40000	2708	97.292	89.183	97292	10994	323	9	6	9695	456	509	10476
0	7	A	40000	4760	95.24	90.179	95240	5061	191	7	5	4268	164	429	4665
0	7	B	40000	5880	94.12	88.187	94120	5933	132	2	1	5427	292	80	5811
0	7	cSpy was 59 spamed and the readout avoided!
1	0	G	40000	1440	98.56	82.8025	98560	16318	319	5	1	15074	312	607	15731
1	0	A	40000	2626	97.374	94.337	97374	3037	184	0	0	2266	80	507	2588
1	0	B	40000	15451	84.549	71.268	84549	13281	135	5	1	12808	232	100	13143
1	0	cSpy was 17 spamed and the readout avoided!
1	1	G	40000	0	100	100	100000	200000	200000	200000	200000	200000	200000	200000	200002
1	1	A	40000	0	100	100	100000	100000	100000	100000	100000	100000	100000	100000	100001
1	1	B	40000	0	100	100	100000	100000	100000	100000	100000	100000	100000	100000	100001
1	2	G	40000	100000	0	0	0	0	0	0	0	0	0	0	2
1	2	A	40000	100000	0	0	0	0	0	0	0	0	0	0	1
1	2	B	40000	100000	0	0	0	0	0	0	0	0	0	0	1
1	3	G	40000	100000	0	0	0	0	0	0	0	0	0	0	2
1	3	A	40000	100000	0	0	0	0	0	0	0	0	0	0	1
1	3	B	40000	100000	0	0	0	0	0	0	0	0	0	0	1
1	4	G	40000	4251	95.749	89.4985	95749	8357	47	2	0	7782	186	338	8082
1	4	A	40000	6482	93.518	89.247	93518	4271	7	0	0	3993	94	177	4131
1	4	B	40000	6164	93.836	89.75	93836	4086	40	2	0	3789	92	161	3951
1	5	G	40000	313	99.687	97.9425	99687	2255	82	0	0	1374	93	706	1825
1	5	A	40000	719	99.281	98.245	99281	1036	31	0	0	404	23	578	713
1	5	B	40000	1141	98.859	97.64	98859	1219	51	0	0	970	70	128	1112
1	5	cSpy was 63 spamed and the readout avoided!
1	6	G	40000	100000	0	0	0	0	0	0	0	0	0	0	2
1	6	A	40000	100000	0	0	0	0	0	0	0	0	0	0	1
1	6	B	40000	100000	0	0	0	0	0	0	0	0	0	0	1
1	7	G	40000	100000	0	0	0	0	0	0	0	0	0	0	2
1	7	A	40000	100000	0	0	0	0	0	0	0	0	0	0	1
1	7	B	40000	100000	0	0	0	0	0	0	0	0	0	0	1
2	0	G	40000	7852	92.148	42.362	92148	7673	109	0	0	7063	144	357	7391
2	0	A	40000	7865	92.135	84.647	92135	7488	109	0	0	6958	64	357	7205
2	0	B	40000	99738	0.261998	0.077	262	185	0	0	0	105	80	0	186
2	1	G	40000	100000	0	0	0	0	0	0	0	0	0	0	2
2	1	A	40000	100000	0	0	0	0	0	0	0	0	0	0	1
2	1	B	40000	100000	0	0	0	0	0	0	0	0	0	0	1
2	2	G	40000	92273	7.727	2.8145	7727	9630	2	0	0	9628	0	0	9631
2	2	A	40000	92372	7.628	2.828	7628	4800	0	0	0	4800	0	0	4801
2	2	B	40000	92369	7.631	2.801	7631	4830	2	0	0	4828	0	0	4830
2	3	G	40000	0	100	100	100000	200000	200000	200000	200000	200000	200000	200000	200002
2	3	A	40000	0	100	100	100000	100000	100000	100000	100000	100000	100000	100000	100001
2	3	B	40000	0	100	100	100000	100000	100000	100000	100000	100000	100000	100000	100001
2	4	G	40000	94775	5.225	2.0805	5225	4439	2	3	0	3007	1386	41	4439
2	4	A	40000	95364	4.636	2.428	4636	2208	0	0	0	1489	678	41	2209
2	4	B	40000	96036	3.964	1.733	3964	2231	2	3	0	1518	708	0	2230
2	5	G	40000	100000	0	0	0	0	0	0	0	0	0	0	2
2	5	A	40000	100000	0	0	0	0	0	0	0	0	0	0	1
2	5	B	40000	100000	0	0	0	0	0	0	0	0	0	0	1
2	6	G	40000	99838	0.161999	0.025	162	274	0	0	0	274	0	0	276
2	6	A	40000	99838	0.161999	0.025	162	137	0	0	0	137	0	0	138
2	6	B	40000	99838	0.161999	0.025	162	137	0	0	0	137	0	0	138
2	7	G	40000	0	100	100	100000	200000	200000	200000	200000	200000	200000	200000	200002
2	7	A	40000	0	100	100	100000	100000	100000	100000	100000	100000	100000	100000	100001
2	7	B	40000	0	100	100	100000	100000	100000	100000	100000	100000	100000	100000	100001
3	0	G	40000	1884	98.116	65.739	98116	14447	209	3	0	13806	152	277	14120
3	0	A	40000	2515	97.485	94.655	97485	2830	209	3	0	2196	145	277	2502
3	0	B	40000	51560	48.44	36.823	48440	11617	0	0	0	11610	7	0	11618
3	0	cSpy was 24 spamed and the readout avoided!
3	1	G	40000	16307	83.693	36.794	83693	59786	0	0	0	59600	69	117	59689
3	1	A	40000	31359	68.641	43.066	68641	25575	0	0	0	25416	42	117	25477
3	1	B	40000	35267	64.733	30.522	64733	34211	0	0	0	34184	27	0	34212
3	2	G	40000	41399	58.601	35.333	58601	44067	16	0	0	38822	5130	99	44026
3	2	A	40000	42697	57.303	35.243	57303	22060	10	0	0	18657	3298	95	22026
3	2	B	40000	42570	57.43	35.423	57430	22007	6	0	0	20165	1832	4	22000
3	3	G	40000	100000	0	0	0	0	0	0	0	0	0	0	2
3	3	A	40000	100000	0	0	0	0	0	0	0	0	0	0	1
3	3	B	40000	100000	0	0	0	0	0	0	0	0	0	0	1
3	4	G	40000	100000	0	0	0	0	0	0	0	0	0	0	2
3	4	A	40000	100000	0	0	0	0	0	0	0	0	0	0	1
3	4	B	40000	100000	0	0	0	0	0	0	0	0	0	0	1
3	5	G	40000	20805	79.195	33.577	79195	58287	0	0	0	58195	2	90	58205
3	5	A	40000	35733	64.267	39.435	64267	24832	0	0	0	24742	0	90	24749
3	5	B	40000	38826	61.174	27.719	61174	33455	0	0	0	33453	2	0	33456
3	6	G	40000	19747	80.253	59.0745	80253	34894	38	2	0	29576	5062	216	34784
3	6	A	40000	23576	76.424	58.94	76424	17484	21	0	0	14161	3090	212	17381
3	6	B	40000	23381	76.619	59.209	76619	17410	17	2	0	15415	1972	4	17403
3	6	cSpy was 1 spamed and the readout avoided!
3	7	G	40000	100000	0	0	0	0	0	0	0	0	0	0	2
3	7	A	40000	100000	0	0	0	0	0	0	0	0	0	0	1
3	7	B	40000	100000	0	0	0	0	0	0	0	0	0	0	1
4	0	G	40000	263	99.737	98.009	99737	2247	217	2	0	1192	332	504	1722
4	0	A	40000	851	99.149	98.022	99149	1127	87	0	0	535	210	295	841
4	0	B	40000	884	99.116	97.996	99116	1120	130	2	0	657	122	209	881
4	0	cSpy was 52 spamed and the readout avoided!
4	1	G	40000	100000	0	0	0	0	0	0	0	0	0	0	2
4	1	A	40000	100000	0	0	0	0	0	0	0	0	0	0	1
4	1	B	40000	100000	0	0	0	0	0	0	0	0	0	0	1
4	2	G	40000	100000	0	0	0	0	0	0	0	0	0	0	2
4	2	A	40000	100000	0	0	0	0	0	0	0	0	0	0	1
4	2	B	40000	100000	0	0	0	0	0	0	0	0	0	0	1
4	3	G	40000	83955	16.045	7.451	16045	16626	0	0	0	16256	314	56	16613
4	3	A	40000	84248	15.752	7.451	15752	8301	0	0	0	8048	198	55	8287
4	3	B	40000	84224	15.776	7.451	15776	8325	0	0	0	8208	116	1	8326
4	4	G	40000	0	100	100	100000	200000	200000	200000	200000	200000	200000	200000	200002
4	4	A	40000	0	100	100	100000	100000	100000	100000	100000	100000	100000	100000	100001
4	4	B	40000	0	100	100	100000	100000	100000	100000	100000	100000	100000	100000	100001
4	5	G	40000	99843	0.156999	0.074	157	166	0	0	0	163	0	3	168
4	5	A	40000	99843	0.156999	0.074	157	83	0	0	0	80	0	3	84
4	5	B	40000	99843	0.156999	0.074	157	83	0	0	0	83	0	0	84
4	6	G	40000	100000	0	0	0	0	0	0	0	0	0	0	2
4	6	A	40000	100000	0	0	0	0	0	0	0	0	0	0	1
4	6	B	40000	100000	0	0	0	0	0	0	0	0	0	0	1
4	7	G	40000	99747	0.252998	0.067	253	364	0	0	0	363	0	1	366
4	7	A	40000	99751	0.248998	0.067	249	182	0	0	0	181	0	1	183
4	7	B	40000	99751	0.248998	0.067	249	182	0	0	0	182	0	0	183
5	0	G	40000	808	99.192	51.499	99192	8300	160	0	0	7142	383	615	7732
5	0	A	40000	880	99.12	97.671	99120	1449	160	0	0	319	356	614	880
5	0	B	40000	87822	12.178	5.327	12178	6851	0	0	0	6823	27	1	6852
5	0	cSpy was 26 spamed and the readout avoided!
5	1	G	40000	97094	2.906	1.378	2906	2960	0	0	0	2873	74	13	2957
5	1	A	40000	97148	2.852	1.378	2852	1474	0	0	0	1415	46	13	1470
5	1	B	40000	97136	2.864	1.378	2864	1486	0	0	0	1458	28	0	1487
5	2	G	40000	51318	48.682	23.5795	48682	30263	4	3	0	30066	6	184	30248
5	2	A	40000	58964	41.036	25.516	41036	15520	1	0	0	15333	6	180	15507
5	2	B	40000	63614	36.386	21.643	36386	14743	3	3	0	14733	0	4	14741
5	2	cSpy was 1 spamed and the readout avoided!
5	3	G	40000	6160	93.84	81.6125	93840	17584	36	3	0	16218	917	410	17362
5	3	A	40000	10051	89.949	80.646	89949	9303	9	0	0	8499	408	387	9115
5	3	B	40000	9140	90.86	82.579	90860	8281	27	3	0	7719	509	23	8247
5	3	cSpy was 5 spamed and the readout avoided!
5	4	G	40000	100000	0	0	0	0	0	0	0	0	0	0	2
5	4	A	40000	100000	0	0	0	0	0	0	0	0	0	0	1
5	4	B	40000	100000	0	0	0	0	0	0	0	0	0	0	1
5	5	G	40000	100000	0	0	0	0	0	0	0	0	0	0	2
5	5	A	40000	100000	0	0	0	0	0	0	0	0	0	0	1
5	5	B	40000	100000	0	0	0	0	0	0	0	0	0	0	1
5	6	G	40000	69204	30.796	18.133	30796	24992	0	0	0	24842	31	119	24988
5	6	A	40000	69403	30.597	18.133	30597	12464	0	0	0	12320	27	117	12459
5	6	B	40000	69339	30.661	18.133	30661	12528	0	0	0	12522	4	2	12529
5	7	G	40000	0	100	100	100000	200000	200000	200000	200000	200000	200000	200000	200002
5	7	A	40000	0	100	100	100000	100000	100000	100000	100000	100000	100000	100000	100001
5	7	B	40000	0	100	100	100000	100000	100000	100000	100000	100000	100000	100000	100001
6	0	G	40000	710	99.29	62.5895	99290	17183	144	2	0	16056	585	396	16796
6	0	A	40000	1015	98.985	97.59	98985	1395	143	0	0	677	188	387	1014
6	0	B	40000	56623	43.377	27.589	43377	15788	1	2	0	15379	397	9	15782
6	0	cSpy was 8 spamed and the readout avoided!
6	1	G	40000	0	100	100	100000	200000	200000	200000	200000	200000	200000	200000	200002
6	1	A	40000	0	100	100	100000	100000	100000	100000	100000	100000	100000	100000	100001
6	1	B	40000	0	100	100	100000	100000	100000	100000	100000	100000	100000	100000	100001
6	2	G	40000	100000	0	0	0	0	0	0	0	0	0	0	2
6	2	A	40000	100000	0	0	0	0	0	0	0	0	0	0	1
6	2	B	40000	100000	0	0	0	0	0	0	0	0	0	0	1
6	3	G	40000	100000	0	0	0	0	0	0	0	0	0	0	2
6	3	A	40000	100000	0	0	0	0	0	0	0	0	0	0	1
6	3	B	40000	100000	0	0	0	0	0	0	0	0	0	0	1
6	4	G	40000	93727	6.273	2.256	6273	7638	0	0	0	7584	39	15	7636
6	4	A	40000	93919	6.081	2.256	6081	3825	0	0	0	3787	23	15	3823
6	4	B	40000	93931	6.069	2.256	6069	3813	0	0	0	3797	16	0	3813
6	5	G	40000	0	100	100	100000	200000	200000	200000	200000	200000	200000	200000	200002
6	5	A	40000	0	100	100	100000	100000	100000	100000	100000	100000	100000	100000	100001
6	5	B	40000	0	100	100	100000	100000	100000	100000	100000	100000	100000	100000	100001
6	6	G	40000	39612	60.388	45.3305	60388	26132	74	2	0	24437	1182	437	25911
6	6	A	40000	42255	57.745	43.985	57745	13760	4	0	0	12512	854	390	13614
6	6	B	40000	40952	59.048	46.676	59048	12372	70	2	0	11925	328	47	12297
6	6	cSpy was 13 spamed and the readout avoided!
6	7	G	40000	100000	0	0	0	0	0	0	0	0	0	0	2
6	7	A	40000	100000	0	0	0	0	0	0	0	0	0	0	1
6	7	B	40000	100000	0	0	0	0	0	0	0	0	0	0	1
7	0	G	40000	1197	98.803	83.432	98803	11798	305	9	0	10368	752	364	11360
7	0	A	40000	2282	97.718	95.126	97718	2592	189	7	0	1835	276	285	2257
7	0	B	40000	19056	80.944	71.738	80944	9206	116	2	0	8533	476	79	9103
7	0	cSpy was 29 spamed and the readout avoided!
7	1	G	40000	100000	0	0	0	0	0	0	0	0	0	0	2
7	1	A	40000	100000	0	0	0	0	0	0	0	0	0	0	1
7	1	B	40000	100000	0	0	0	0	0	0	0	0	0	0	1
7	2	G	40000	100000	0	0	0	0	0	0	0	0	0	0	2
7	2	A	40000	100000	0	0	0	0	0	0	0	0	0	0	1
7	2	B	40000	100000	0	0	0	0	0	0	0	0	0	0	1
7	3	G	40000	23649	76.351	35.3255	76351	47455	0	0	0	46962	398	95	47451
7	3	A	40000	35845	64.155	41.541	64155	22614	0	0	0	22494	26	94	22610
7	3	B	40000	46049	53.951	29.11	53951	24841	0	0	0	24468	372	1	24841
7	4	G	40000	11428	88.572	72.53	88572	21417	40	4	0	17642	3481	250	21278
7	4	A	40000	17061	82.939	71.968	82939	10971	25	3	0	8740	2020	183	10872
7	4	B	40000	16462	83.538	73.092	83538	10446	15	1	0	8902	1461	67	10406
7	4	cSpy was 34 spamed and the readout avoided!
7	5	G	40000	100000	0	0	0	0	0	0	0	0	0	0	2
7	5	A	40000	100000	0	0	0	0	0	0	0	0	0	0	1
7	5	B	40000	100000	0	0	0	0	0	0	0	0	0	0	1
7	6	G	40000	100000	0	0	0	0	0	0	0	0	0	0	2
7	6	A	40000	100000	0	0	0	0	0	0	0	0	0	0	1
7	6	B	40000	100000	0	0	0	0	0	0	0	0	0	0	1
7	7	G	40000	64279	35.721	13.4075	35721	24567	0	0	0	24076	440	51	24561
7	7	A	40000	72271	27.729	15.619	27729	12110	0	0	0	11879	180	51	12103
7	7	B	40000	76347	23.653	11.196	23653	12457	0	0	0	12197	260	0	12458
