#the gain was set to: 2	the bias was set to: 30
#Sent triggers per delay setting: 100000	and with a frequency [Hz] of: 40000
#160MHz delay setting	400MHz delay setting	Frequency	correct transmitted H+T		error rate [%]	uncertainty [%]	bad or missed events	error count	missing headers	missing trailers	flipped H/T	event nr errors	tbm missed trigger	unknown errors	event nr resets
0	0	G	40000	519	99.481	57.298	99481	15715	155	0	0	12888	1833	839	15158
0	0	A	40000	642	99.358	98.158	99358	1200	155	0	0	98	108	839	642
0	0	B	40000	69047	30.953	16.438	30953	14515	0	0	0	12790	1725	0	14516
0	0	cSpy was 54 spamed and the readout avoided!
0	1	G	40000	99946	0.0540018	0.0155	54	58	0	0	0	58	0	0	60
0	1	A	40000	99965	0.0349998	0.007	35	28	0	0	0	28	0	0	29
0	1	B	40000	99946	0.0540018	0.024	54	30	0	0	0	30	0	0	31
0	2	G	40000	0	100	100	100000	200000	200000	200000	200000	200000	200000	200000	200002
0	2	A	40000	0	100	100	100000	100000	100000	100000	100000	100000	100000	100000	100001
0	2	B	40000	0	100	100	100000	100000	100000	100000	100000	100000	100000	100000	100001
0	3	G	40000	79732	20.268	6.9875	20268	23438	3	0	0	21167	2244	24	23432
0	3	A	40000	81215	18.785	7.108	18785	11677	3	0	0	10544	1107	23	11670
0	3	B	40000	81372	18.628	6.867	18628	11761	0	0	0	10623	1137	1	11762
0	4	G	40000	100000	0	0	0	0	0	0	0	0	0	0	2
0	4	A	40000	100000	0	0	0	0	0	0	0	0	0	0	1
0	4	B	40000	100000	0	0	0	0	0	0	0	0	0	0	1
0	5	G	40000	100000	0	0	0	0	0	0	0	0	0	0	2
0	5	A	40000	100000	0	0	0	0	0	0	0	0	0	0	1
0	5	B	40000	100000	0	0	0	0	0	0	0	0	0	0	1
0	6	G	40000	0	100	99.9965	100000	7	0	0	0	0	0	7	0
0	6	A	40000	0	100	100	100000	0	0	0	0	0	0	0	0
0	6	B	40000	0	100	99.993	100000	7	0	0	0	0	0	7	0
0	7	G	40000	0	100	100	100000	200000	200000	200000	200000	200000	200000	200000	200002
0	7	A	40000	0	100	100	100000	100000	100000	100000	100000	100000	100000	100000	100001
0	7	B	40000	0	100	100	100000	100000	100000	100000	100000	100000	100000	100000	100001
1	0	G	40000	1325	98.675	85.657	98675	13800	175	77	0	12772	304	472	13336
1	0	A	40000	2432	97.568	95.011	97568	2557	79	0	0	2257	58	163	2404
1	0	B	40000	12454	87.546	76.303	87546	11243	96	77	0	10515	246	309	10932
1	0	cSpy was 91 spamed and the readout avoided!
1	1	G	40000	2035	97.965	90.635	97965	9584	370	8	1	8250	409	547	8994
1	1	A	40000	3976	96.024	91.672	96024	4352	229	6	1	3517	144	455	3896
1	1	B	40000	5170	94.83	89.598	94830	5232	141	2	0	4733	265	92	5098
1	1	cSpy was 73 spamed and the readout avoided!
1	2	G	40000	100000	0	0	0	0	0	0	0	0	0	0	2
1	2	A	40000	100000	0	0	0	0	0	0	0	0	0	0	1
1	2	B	40000	100000	0	0	0	0	0	0	0	0	0	0	1
1	3	G	40000	100000	0	0	0	0	0	0	0	0	0	0	2
1	3	A	40000	100000	0	0	0	0	0	0	0	0	0	0	1
1	3	B	40000	100000	0	0	0	0	0	0	0	0	0	0	1
1	4	G	40000	75843	24.157	15.155	24157	10353	345	23	0	9433	513	39	10257
1	4	A	40000	82251	17.749	12.75	17749	4999	49	0	0	4911	0	39	4961
1	4	B	40000	77086	22.914	17.56	22914	5354	296	23	0	4522	513	0	5296
1	4	cSpy was 19 spamed and the readout avoided!
1	5	G	40000	0	100	100	100000	200000	200000	200000	200000	200000	200000	200000	200002
1	5	A	40000	0	100	100	100000	100000	100000	100000	100000	100000	100000	100000	100001
1	5	B	40000	0	100	100	100000	100000	100000	100000	100000	100000	100000	100000	100001
1	6	G	40000	100000	0	0	0	0	0	0	0	0	0	0	2
1	6	A	40000	100000	0	0	0	0	0	0	0	0	0	0	1
1	6	B	40000	100000	0	0	0	0	0	0	0	0	0	0	1
1	7	G	40000	100000	0	0	0	0	0	0	0	0	0	0	2
1	7	A	40000	100000	0	0	0	0	0	0	0	0	0	0	1
1	7	B	40000	100000	0	0	0	0	0	0	0	0	0	0	1
2	0	G	40000	7840	92.16	42.6455	92160	8908	139	0	0	8114	282	373	8578
2	0	A	40000	7948	92.052	84.471	92052	7581	139	0	0	7012	57	373	7250
2	0	B	40000	97853	2.147	0.82	2147	1327	0	0	0	1102	225	0	1328
2	0	cSpy was 1 spamed and the readout avoided!
2	1	G	40000	100000	0	0	0	0	0	0	0	0	0	0	2
2	1	A	40000	100000	0	0	0	0	0	0	0	0	0	0	1
2	1	B	40000	100000	0	0	0	0	0	0	0	0	0	0	1
2	2	G	40000	98071	1.929	0.7375	1929	1879	0	0	0	1878	0	1	1881
2	2	A	40000	98453	1.547	0.607	1547	940	0	0	0	939	0	1	941
2	2	B	40000	98193	1.807	0.868	1807	939	0	0	0	939	0	0	940
2	3	G	40000	0	100	100	100000	200000	200000	200000	200000	200000	200000	200000	200002
2	3	A	40000	0	100	100	100000	100000	100000	100000	100000	100000	100000	100000	100001
2	3	B	40000	0	100	100	100000	100000	100000	100000	100000	100000	100000	100000	100001
2	4	G	40000	96863	3.137	1.825	3137	2624	0	0	0	2618	6	0	2626
2	4	A	40000	96863	3.137	1.825	3137	1312	0	0	0	1309	3	0	1313
2	4	B	40000	96863	3.137	1.825	3137	1312	0	0	0	1309	3	0	1313
2	5	G	40000	100000	0	0	0	0	0	0	0	0	0	0	2
2	5	A	40000	100000	0	0	0	0	0	0	0	0	0	0	1
2	5	B	40000	100000	0	0	0	0	0	0	0	0	0	0	1
2	6	G	40000	100000	0	0	0	0	0	0	0	0	0	0	2
2	6	A	40000	100000	0	0	0	0	0	0	0	0	0	0	1
2	6	B	40000	100000	0	0	0	0	0	0	0	0	0	0	1
2	7	G	40000	15	99.985	99.8195	99985	279	0	0	0	17	23	239	82
2	7	A	40000	27	99.973	99.785	99973	188	0	0	0	1	2	185	27
2	7	B	40000	55	99.945	99.854	99945	91	0	0	0	16	21	54	55
2	7	cSpy was 7 spamed and the readout avoided!
3	0	G	40000	2013	97.987	62.752	97987	12245	233	5	0	11530	159	318	11849
3	0	A	40000	2500	97.5	94.629	97500	2871	230	5	0	2179	141	316	2478
3	0	B	40000	59751	40.249	30.875	40249	9374	3	0	0	9351	18	2	9371
3	0	cSpy was 27 spamed and the readout avoided!
3	1	G	40000	0	100	99.747	100000	506	0	0	0	0	0	506	0
3	1	A	40000	0	100	99.584	100000	416	0	0	0	0	0	416	0
3	1	B	40000	0	100	99.91	100000	90	0	0	0	0	0	90	0
3	1	cSpy was 49 spamed and the readout avoided!
3	2	G	40000	0	100	100	100000	200000	200000	200000	200000	200000	200000	200000	200002
3	2	A	40000	0	100	100	100000	100000	100000	100000	100000	100000	100000	100000	100001
3	2	B	40000	0	100	100	100000	100000	100000	100000	100000	100000	100000	100000	100001
3	3	G	40000	100000	0	0	0	0	0	0	0	0	0	0	2
3	3	A	40000	100000	0	0	0	0	0	0	0	0	0	0	1
3	3	B	40000	100000	0	0	0	0	0	0	0	0	0	0	1
3	4	G	40000	100000	0	0	0	0	0	0	0	0	0	0	2
3	4	A	40000	100000	0	0	0	0	0	0	0	0	0	0	1
3	4	B	40000	100000	0	0	0	0	0	0	0	0	0	0	1
3	5	G	40000	32780	67.22	66.089	67220	1895	6	0	0	1142	0	747	1341
3	5	A	40000	32867	67.133	66.071	67133	1062	3	0	0	406	0	653	574
3	5	B	40000	33060	66.94	66.107	66940	833	3	0	0	736	0	94	767
3	5	cSpy was 59 spamed and the readout avoided!
3	6	G	40000	354	99.646	96.2665	99646	3932	331	2	0	2075	973	551	3441
3	6	A	40000	894	99.106	98.029	99106	1077	61	0	0	447	223	346	853
3	6	B	40000	2641	97.359	94.504	97359	2855	270	2	0	1628	750	205	2588
3	6	cSpy was 73 spamed and the readout avoided!
3	7	G	40000	100000	0	0	0	0	0	0	0	0	0	0	2
3	7	A	40000	100000	0	0	0	0	0	0	0	0	0	0	1
3	7	B	40000	100000	0	0	0	0	0	0	0	0	0	0	1
4	0	G	40000	239	99.761	98.2375	99761	2008	160	0	0	873	385	590	1498
4	0	A	40000	803	99.197	98.145	99197	1052	86	0	0	401	272	293	787
4	0	B	40000	714	99.286	98.33	99286	956	74	0	0	472	113	297	711
4	0	cSpy was 45 spamed and the readout avoided!
4	1	G	40000	99998	0.00200272	0.001	2	2	0	0	0	2	0	0	4
4	1	A	40000	99998	0.00200272	0.001	2	1	0	0	0	1	0	0	2
4	1	B	40000	99998	0.00200272	0.001	2	1	0	0	0	1	0	0	2
4	2	G	40000	100000	0	0	0	0	0	0	0	0	0	0	2
4	2	A	40000	100000	0	0	0	0	0	0	0	0	0	0	1
4	2	B	40000	100000	0	0	0	0	0	0	0	0	0	0	1
4	3	G	40000	91933	8.067	2.975	8067	9690	0	0	0	9576	81	33	9689
4	3	A	40000	92181	7.819	2.975	7819	4844	0	0	0	4761	50	33	4842
4	3	B	40000	92179	7.821	2.975	7821	4846	0	0	0	4815	31	0	4847
4	4	G	40000	0	100	100	100000	200000	200000	200000	200000	200000	200000	200000	200002
4	4	A	40000	0	100	100	100000	100000	100000	100000	100000	100000	100000	100000	100001
4	4	B	40000	0	100	100	100000	100000	100000	100000	100000	100000	100000	100000	100001
4	5	G	40000	91539	8.461	4.828	8461	7196	0	0	0	6848	316	32	7190
4	5	A	40000	91568	8.432	4.828	8432	3604	0	0	0	3333	239	32	3597
4	5	B	40000	91580	8.42	4.828	8420	3592	0	0	0	3515	77	0	3593
4	6	G	40000	100000	0	0	0	0	0	0	0	0	0	0	2
4	6	A	40000	100000	0	0	0	0	0	0	0	0	0	0	1
4	6	B	40000	100000	0	0	0	0	0	0	0	0	0	0	1
4	7	G	40000	99996	0.00399947	0.001	4	6	0	0	0	6	0	0	8
4	7	A	40000	99996	0.00399947	0.001	4	3	0	0	0	3	0	0	4
4	7	B	40000	99996	0.00399947	0.001	4	3	0	0	0	3	0	0	4
5	0	G	40000	797	99.203	51.539	99203	8285	143	0	0	7155	386	601	7763
5	0	A	40000	882	99.118	97.713	99118	1405	143	0	0	299	363	600	882
5	0	B	40000	87755	12.245	5.365	12245	6880	0	0	0	6856	23	1	6881
5	0	cSpy was 39 spamed and the readout avoided!
5	1	G	40000	100000	0	0	0	0	0	0	0	0	0	0	2
5	1	A	40000	100000	0	0	0	0	0	0	0	0	0	0	1
5	1	B	40000	100000	0	0	0	0	0	0	0	0	0	0	1
5	2	G	40000	22965	77.035	36.1	77035	47377	0	0	0	47216	66	95	47378
5	2	A	40000	35130	64.87	42.311	64870	22559	0	0	0	22439	26	94	22560
5	2	B	40000	45293	54.707	29.889	54707	24818	0	0	0	24777	40	1	24818
5	3	G	40000	19598	80.402	59.899	80402	28360	225	7	0	22694	4922	512	27911
5	3	A	40000	26282	73.718	59.152	73718	14566	110	2	0	11027	3059	368	14282
5	3	B	40000	25560	74.44	60.646	74440	13794	115	5	0	11667	1863	144	13629
5	3	cSpy was 27 spamed and the readout avoided!
5	4	G	40000	100000	0	0	0	0	0	0	0	0	0	0	2
5	4	A	40000	100000	0	0	0	0	0	0	0	0	0	0	1
5	4	B	40000	100000	0	0	0	0	0	0	0	0	0	0	1
5	5	G	40000	100000	0	0	0	0	0	0	0	0	0	0	2
5	5	A	40000	100000	0	0	0	0	0	0	0	0	0	0	1
5	5	B	40000	100000	0	0	0	0	0	0	0	0	0	0	1
5	6	G	40000	28003	71.997	32.067	71997	45510	0	0	0	44182	1238	90	45498
5	6	A	40000	40504	59.496	37.661	59496	21835	0	0	0	21459	286	90	21822
5	6	B	40000	49852	50.148	26.473	50148	23675	0	0	0	22723	952	0	23676
5	7	G	40000	2516	97.484	91.6015	97484	8297	299	15	0	5832	1602	549	7776
5	7	A	40000	4357	95.643	91.463	95643	4180	130	3	0	2819	927	301	3928
5	7	B	40000	4143	95.857	91.74	95857	4117	169	12	0	3013	675	248	3848
5	7	cSpy was 88 spamed and the readout avoided!
6	0	G	40000	871	99.129	58.415	99129	16484	143	1	0	15387	581	372	16113
6	0	A	40000	1118	98.882	97.398	98882	1484	142	0	0	758	218	366	1117
6	0	B	40000	65568	34.432	19.432	34432	15000	1	1	0	14629	363	6	14996
6	0	cSpy was 11 spamed and the readout avoided!
6	1	G	40000	0	100	100	100000	200000	200000	200000	200000	200000	200000	200000	200002
6	1	A	40000	0	100	100	100000	100000	100000	100000	100000	100000	100000	100000	100001
6	1	B	40000	0	100	100	100000	100000	100000	100000	100000	100000	100000	100000	100001
6	2	G	40000	99977	0.0230014	0.011	23	24	0	0	0	24	0	0	26
6	2	A	40000	99977	0.0230014	0.011	23	12	0	0	0	12	0	0	13
6	2	B	40000	99977	0.0230014	0.011	23	12	0	0	0	12	0	0	13
6	3	G	40000	100000	0	0	0	0	0	0	0	0	0	0	2
6	3	A	40000	100000	0	0	0	0	0	0	0	0	0	0	1
6	3	B	40000	100000	0	0	0	0	0	0	0	0	0	0	1
6	4	G	40000	98000	2	0.693	2000	2468	0	0	0	2458	6	4	2470
6	4	A	40000	98073	1.927	0.693	1927	1234	0	0	0	1226	4	4	1235
6	4	B	40000	98073	1.927	0.693	1927	1234	0	0	0	1232	2	0	1235
6	5	G	40000	0	100	100	100000	200000	200000	200000	200000	200000	200000	200000	200002
6	5	A	40000	0	100	100	100000	100000	100000	100000	100000	100000	100000	100000	100001
6	5	B	40000	0	100	100	100000	100000	100000	100000	100000	100000	100000	100000	100001
6	6	G	40000	44437	55.563	33.623	55563	40951	16	0	0	39120	1228	587	40761
6	6	A	40000	45776	54.224	33.6	54224	20624	8	0	0	19422	629	565	20445
6	6	B	40000	46027	53.973	33.646	53973	20327	8	0	0	19698	599	22	20316
6	7	G	40000	100000	0	0	0	0	0	0	0	0	0	0	2
6	7	A	40000	100000	0	0	0	0	0	0	0	0	0	0	1
6	7	B	40000	100000	0	0	0	0	0	0	0	0	0	0	1
7	0	G	40000	1261	98.739	87.708	98739	12099	350	7	0	10946	424	372	11627
7	0	A	40000	2406	97.594	94.87	97594	2724	184	3	0	2117	115	305	2387
7	0	B	40000	10079	89.921	80.546	89921	9375	166	4	0	8829	309	67	9240
7	0	cSpy was 25 spamed and the readout avoided!
7	1	G	40000	100000	0	0	0	0	0	0	0	0	0	0	2
7	1	A	40000	100000	0	0	0	0	0	0	0	0	0	0	1
7	1	B	40000	100000	0	0	0	0	0	0	0	0	0	0	1
7	2	G	40000	100000	0	0	0	0	0	0	0	0	0	0	2
7	2	A	40000	100000	0	0	0	0	0	0	0	0	0	0	1
7	2	B	40000	100000	0	0	0	0	0	0	0	0	0	0	1
7	3	G	40000	27485	72.515	32.3835	72515	45776	0	0	0	44293	1391	92	45762
7	3	A	40000	39936	60.064	38.085	60064	21979	0	0	0	21585	302	92	21964
7	3	B	40000	49521	50.479	26.682	50479	23797	0	0	0	22708	1089	0	23798
7	4	G	40000	5035	94.965	82.506	94965	17097	362	20	0	12828	3174	713	16453
7	4	A	40000	9335	90.665	81.7	90665	8965	182	6	0	6329	1914	534	8539
7	4	B	40000	8556	91.444	83.312	91444	8132	180	14	0	6499	1260	179	7914
7	4	cSpy was 31 spamed and the readout avoided!
7	5	G	40000	100000	0	0	0	0	0	0	0	0	0	0	2
7	5	A	40000	100000	0	0	0	0	0	0	0	0	0	0	1
7	5	B	40000	100000	0	0	0	0	0	0	0	0	0	0	1
7	6	G	40000	100000	0	0	0	0	0	0	0	0	0	0	2
7	6	A	40000	100000	0	0	0	0	0	0	0	0	0	0	1
7	6	B	40000	100000	0	0	0	0	0	0	0	0	0	0	1
7	7	G	40000	69698	30.302	10.241	30302	22553	0	0	0	22368	126	59	22552
7	7	A	40000	76699	23.301	11.835	23301	11466	0	0	0	11359	50	57	11464
7	7	B	40000	80266	19.734	8.647	19734	11087	0	0	0	11009	76	2	11088
