#the gain was set to: 2	the bias was set to: 30
#Sent triggers per delay setting: 100000	and with a frequency [Hz] of: 40000
#160MHz delay setting	400MHz delay setting	Frequency	correct transmitted H+T		error rate [%]	uncertainty [%]	bad or missed events	error count	missing headers	missing trailers	flipped H/T	event nr errors	tbm missed trigger	unknown errors	event nr resets
0	0	G	40000	537	99.463	56.471	99463	14929	155	0	0	12128	1826	820	14386
0	0	A	40000	653	99.347	98.152	99347	1195	155	0	0	126	96	818	652
0	0	B	40000	71476	28.524	14.79	28524	13734	0	0	0	12002	1730	2	13734
0	0	cSpy was 42 spamed and the readout avoided!
0	1	G	40000	99999	0.00100136	0	1	2	0	0	0	2	0	0	4
0	1	A	40000	99999	0.00100136	0	1	1	0	0	0	1	0	0	2
0	1	B	40000	99999	0.00100136	0	1	1	0	0	0	1	0	0	2
0	2	G	40000	0	100	100	100000	200000	200000	200000	200000	200000	200000	200000	200002
0	2	A	40000	0	100	100	100000	100000	100000	100000	100000	100000	100000	100000	100001
0	2	B	40000	0	100	100	100000	100000	100000	100000	100000	100000	100000	100000	100001
0	3	G	40000	38447	61.553	37.111	61553	31687	304	73	0	27430	3223	657	31189
0	3	A	40000	45447	54.553	40.198	54553	14355	141	37	0	12089	1482	606	13990
0	3	B	40000	48644	51.356	34.024	51356	17332	163	36	0	15341	1741	51	17199
0	3	cSpy was 32 spamed and the readout avoided!
0	4	G	40000	100000	0	0	0	0	0	0	0	0	0	0	2
0	4	A	40000	100000	0	0	0	0	0	0	0	0	0	0	1
0	4	B	40000	100000	0	0	0	0	0	0	0	0	0	0	1
0	5	G	40000	100000	0	0	0	0	0	0	0	0	0	0	2
0	5	A	40000	100000	0	0	0	0	0	0	0	0	0	0	1
0	5	B	40000	100000	0	0	0	0	0	0	0	0	0	0	1
0	6	G	40000	67924	32.076	19.583	32076	15764	457	22	1	14654	566	64	15613
0	6	A	40000	75556	24.444	16.683	24444	7761	82	0	0	7615	2	62	7692
0	6	B	40000	69514	30.486	22.483	30486	8003	375	22	1	7039	564	2	7921
0	6	cSpy was 23 spamed and the readout avoided!
0	7	G	40000	0	100	100	100000	200000	200000	200000	200000	200000	200000	200000	200002
0	7	A	40000	0	100	100	100000	100000	100000	100000	100000	100000	100000	100000	100001
0	7	B	40000	0	100	100	100000	100000	100000	100000	100000	100000	100000	100000	100001
1	0	G	40000	1670	98.33	79.112	98330	18544	309	3	0	17378	248	606	17982
1	0	A	40000	2889	97.111	93.788	97111	3323	211	0	0	2523	50	539	2834
1	0	B	40000	20343	79.657	64.436	79657	15221	98	3	0	14855	198	67	15148
1	0	cSpy was 9 spamed and the readout avoided!
1	1	G	40000	755	99.245	96.257	99245	3932	293	2	0	3065	147	425	3477
1	1	A	40000	1591	98.409	96.506	98409	1903	192	2	0	1312	51	346	1544
1	1	B	40000	1963	98.037	96.008	98037	2029	101	0	0	1753	96	79	1933
1	1	cSpy was 95 spamed and the readout avoided!
1	2	G	40000	100000	0	0	0	0	0	0	0	0	0	0	2
1	2	A	40000	100000	0	0	0	0	0	0	0	0	0	0	1
1	2	B	40000	100000	0	0	0	0	0	0	0	0	0	0	1
1	3	G	40000	100000	0	0	0	0	0	0	0	0	0	0	2
1	3	A	40000	100000	0	0	0	0	0	0	0	0	0	0	1
1	3	B	40000	100000	0	0	0	0	0	0	0	0	0	0	1
1	4	G	40000	77188	22.812	13.212	22812	14224	166	12	0	13642	389	15	14181
1	4	A	40000	80744	19.256	12.338	19256	6918	10	0	0	6895	0	13	6908
1	4	B	40000	78608	21.392	14.086	21392	7306	156	12	0	6747	389	2	7273
1	4	cSpy was 77 spamed and the readout avoided!
1	5	G	40000	0	100	100	100000	200000	200000	200000	200000	200000	200000	200000	200002
1	5	A	40000	0	100	100	100000	100000	100000	100000	100000	100000	100000	100000	100001
1	5	B	40000	0	100	100	100000	100000	100000	100000	100000	100000	100000	100000	100001
1	6	G	40000	100000	0	0	0	0	0	0	0	0	0	0	2
1	6	A	40000	100000	0	0	0	0	0	0	0	0	0	0	1
1	6	B	40000	100000	0	0	0	0	0	0	0	0	0	0	1
1	7	G	40000	100000	0	0	0	0	0	0	0	0	0	0	2
1	7	A	40000	100000	0	0	0	0	0	0	0	0	0	0	1
1	7	B	40000	100000	0	0	0	0	0	0	0	0	0	0	1
2	0	G	40000	7273	92.727	45.0815	92727	15145	185	4	0	13519	1057	380	14809
2	0	A	40000	7971	92.029	84.438	92029	7591	179	4	0	6954	76	378	7260
2	0	B	40000	86721	13.279	5.725	13279	7554	6	0	0	6565	981	2	7549
2	0	cSpy was 11 spamed and the readout avoided!
2	1	G	40000	100000	0	0	0	0	0	0	0	0	0	0	2
2	1	A	40000	100000	0	0	0	0	0	0	0	0	0	0	1
2	1	B	40000	100000	0	0	0	0	0	0	0	0	0	0	1
2	2	G	40000	98979	1.021	0.2075	1021	1625	0	0	0	1625	0	0	1627
2	2	A	40000	98980	1.02	0.208	1020	812	0	0	0	812	0	0	813
2	2	B	40000	98980	1.02	0.207	1020	813	0	0	0	813	0	0	814
2	3	G	40000	0	100	100	100000	200000	200000	200000	200000	200000	200000	200000	200002
2	3	A	40000	0	100	100	100000	100000	100000	100000	100000	100000	100000	100000	100001
2	3	B	40000	0	100	100	100000	100000	100000	100000	100000	100000	100000	100000	100001
2	4	G	40000	54804	45.196	18.9015	45196	28338	126	25	1	16236	11440	510	28245
2	4	A	40000	64838	35.162	21.129	35162	14033	18	2	0	7952	5565	496	14003
2	4	B	40000	69021	30.979	16.674	30979	14305	108	23	1	8284	5875	14	14242
2	4	cSpy was 15 spamed and the readout avoided!
2	5	G	40000	100000	0	0	0	0	0	0	0	0	0	0	2
2	5	A	40000	100000	0	0	0	0	0	0	0	0	0	0	1
2	5	B	40000	100000	0	0	0	0	0	0	0	0	0	0	1
2	6	G	40000	100000	0	0	0	0	0	0	0	0	0	0	2
2	6	A	40000	100000	0	0	0	0	0	0	0	0	0	0	1
2	6	B	40000	100000	0	0	0	0	0	0	0	0	0	0	1
2	7	G	40000	57549	42.451	26.936	42451	22589	726	53	2	20977	782	49	22362
2	7	A	40000	61627	38.373	27.588	38373	10785	367	6	0	10287	78	47	10668
2	7	B	40000	61912	38.088	26.284	38088	11804	359	47	2	10690	704	2	11694
2	7	cSpy was 84 spamed and the readout avoided!
3	0	G	40000	1954	98.046	63.06	98046	12160	221	8	0	11469	147	315	11797
3	0	A	40000	2484	97.516	94.688	97516	2828	216	8	0	2159	132	313	2466
3	0	B	40000	59236	40.764	31.432	40764	9332	5	0	0	9310	15	2	9331
3	0	cSpy was 22 spamed and the readout avoided!
3	1	G	40000	846	99.154	97.8415	99154	2159	0	0	0	1142	4	1013	1157
3	1	A	40000	1002	98.998	97.757	98998	1241	0	0	0	488	2	751	500
3	1	B	40000	1156	98.844	97.926	98844	918	0	0	0	654	2	262	657
3	1	cSpy was 91 spamed and the readout avoided!
3	2	G	40000	3804	96.196	86.2555	96196	13444	141	0	0	11197	1486	620	13025
3	2	A	40000	6770	93.23	86.65	93230	6580	34	0	0	5321	697	528	6281
3	2	B	40000	7275	92.725	85.861	92725	6864	107	0	0	5876	789	92	6744
3	2	cSpy was 1 spamed and the readout avoided!
3	3	G	40000	100000	0	0	0	0	0	0	0	0	0	0	2
3	3	A	40000	100000	0	0	0	0	0	0	0	0	0	0	1
3	3	B	40000	100000	0	0	0	0	0	0	0	0	0	0	1
3	4	G	40000	100000	0	0	0	0	0	0	0	0	0	0	2
3	4	A	40000	100000	0	0	0	0	0	0	0	0	0	0	1
3	4	B	40000	100000	0	0	0	0	0	0	0	0	0	0	1
3	5	G	40000	958	99.042	96.7935	99042	3224	30	0	0	2141	11	1042	2549
3	5	A	40000	1499	98.501	96.714	98501	1787	10	0	0	843	7	927	1183
3	5	B	40000	1690	98.31	96.873	98310	1437	20	0	0	1298	4	115	1366
3	5	cSpy was 68 spamed and the readout avoided!
3	6	G	40000	599	99.401	96.721	99401	3550	288	1	0	1838	662	761	2935
3	6	A	40000	1455	98.545	96.768	98545	1777	118	0	0	785	336	538	1397
3	6	B	40000	1553	98.447	96.674	98447	1773	170	1	0	1053	326	223	1538
3	6	cSpy was 76 spamed and the readout avoided!
3	7	G	40000	100000	0	0	0	0	0	0	0	0	0	0	2
3	7	A	40000	100000	0	0	0	0	0	0	0	0	0	0	1
3	7	B	40000	100000	0	0	0	0	0	0	0	0	0	0	1
4	0	G	40000	208	99.792	98.517	99792	1693	126	1	0	770	293	503	1263
4	0	A	40000	640	99.36	98.488	99360	872	57	1	0	325	213	276	630
4	0	B	40000	633	99.367	98.546	99367	821	69	0	0	445	80	227	633
4	0	cSpy was 30 spamed and the readout avoided!
4	1	G	40000	99998	0.00200272	0.001	2	2	0	0	0	2	0	0	4
4	1	A	40000	99998	0.00200272	0.001	2	1	0	0	0	1	0	0	2
4	1	B	40000	99998	0.00200272	0.001	2	1	0	0	0	1	0	0	2
4	2	G	40000	100000	0	0	0	0	0	0	0	0	0	0	2
4	2	A	40000	100000	0	0	0	0	0	0	0	0	0	0	1
4	2	B	40000	100000	0	0	0	0	0	0	0	0	0	0	1
4	3	G	40000	96286	3.714	1.235	3714	4711	0	0	0	4695	10	6	4713
4	3	A	40000	96411	3.589	1.235	3589	2354	0	0	0	2344	4	6	2355
4	3	B	40000	96408	3.592	1.235	3592	2357	0	0	0	2351	6	0	2358
4	4	G	40000	0	100	100	100000	200000	200000	200000	200000	200000	200000	200000	200002
4	4	A	40000	0	100	100	100000	100000	100000	100000	100000	100000	100000	100000	100001
4	4	B	40000	0	100	100	100000	100000	100000	100000	100000	100000	100000	100000	100001
4	5	G	40000	88559	11.441	6.4975	11441	9782	0	0	0	9344	388	50	9772
4	5	A	40000	88603	11.397	6.497	11397	4900	0	0	0	4554	296	50	4889
4	5	B	40000	88620	11.38	6.498	11380	4882	0	0	0	4790	92	0	4883
4	6	G	40000	100000	0	0	0	0	0	0	0	0	0	0	2
4	6	A	40000	100000	0	0	0	0	0	0	0	0	0	0	1
4	6	B	40000	100000	0	0	0	0	0	0	0	0	0	0	1
4	7	G	40000	99999	0.00100136	0	1	2	0	0	0	2	0	0	4
4	7	A	40000	99999	0.00100136	0	1	1	0	0	0	1	0	0	2
4	7	B	40000	99999	0.00100136	0	1	1	0	0	0	1	0	0	2
5	0	G	40000	851	99.149	51.3755	99149	7976	169	0	0	6847	360	600	7437
5	0	A	40000	913	99.087	97.634	99087	1453	169	0	0	340	344	600	913
5	0	B	40000	88360	11.64	5.117	11640	6523	0	0	0	6507	16	0	6524
5	0	cSpy was 24 spamed and the readout avoided!
5	1	G	40000	100000	0	0	0	0	0	0	0	0	0	0	2
5	1	A	40000	100000	0	0	0	0	0	0	0	0	0	0	1
5	1	B	40000	100000	0	0	0	0	0	0	0	0	0	0	1
5	2	G	40000	66448	33.552	20.1025	33552	26597	0	0	0	26468	2	127	26599
5	2	A	40000	66598	33.402	20.105	33402	13297	0	0	0	13169	2	126	13298
5	2	B	40000	66600	33.4	20.1	33400	13300	0	0	0	13299	0	1	13301
5	3	G	40000	5730	94.27	89.0775	94270	6359	180	4	0	4363	1194	618	5914
5	3	A	40000	8769	91.231	87.062	91231	4169	75	2	0	2736	915	441	3889
5	3	B	40000	6717	93.283	91.093	93283	2190	105	2	0	1627	279	177	2025
5	3	cSpy was 97 spamed and the readout avoided!
5	4	G	40000	100000	0	0	0	0	0	0	0	0	0	0	2
5	4	A	40000	100000	0	0	0	0	0	0	0	0	0	0	1
5	4	B	40000	100000	0	0	0	0	0	0	0	0	0	0	1
5	5	G	40000	100000	0	0	0	0	0	0	0	0	0	0	2
5	5	A	40000	100000	0	0	0	0	0	0	0	0	0	0	1
5	5	B	40000	100000	0	0	0	0	0	0	0	0	0	0	1
5	6	G	40000	67388	32.612	19.387	32612	26142	0	0	0	26005	13	124	26143
5	6	A	40000	67587	32.413	19.387	32413	13026	0	0	0	12890	12	124	13026
5	6	B	40000	67497	32.503	19.387	32503	13116	0	0	0	13115	1	0	13117
5	7	G	40000	0	100	100	100000	200000	200000	200000	200000	200000	200000	200000	200002
5	7	A	40000	0	100	100	100000	100000	100000	100000	100000	100000	100000	100000	100001
5	7	B	40000	0	100	100	100000	100000	100000	100000	100000	100000	100000	100000	100001
6	0	G	40000	945	99.055	56.505	99055	14670	154	0	0	13643	491	382	14279
6	0	A	40000	1182	98.818	97.249	98818	1569	154	0	0	796	246	373	1181
6	0	B	40000	71138	28.862	15.761	28862	13101	0	0	0	12847	245	9	13098
6	0	cSpy was 13 spamed and the readout avoided!
6	1	G	40000	0	100	100	100000	200000	200000	200000	200000	200000	200000	200000	200002
6	1	A	40000	0	100	100	100000	100000	100000	100000	100000	100000	100000	100000	100001
6	1	B	40000	0	100	100	100000	100000	100000	100000	100000	100000	100000	100000	100001
6	2	G	40000	74152	25.848	25.034	25848	1049	39	2	0	563	223	222	903
6	2	A	40000	74653	25.347	24.603	25347	744	28	1	0	411	154	150	650
6	2	B	40000	74230	25.77	25.465	25770	305	11	1	0	152	69	72	253
6	2	cSpy was 49 spamed and the readout avoided!
6	3	G	40000	100000	0	0	0	0	0	0	0	0	0	0	2
6	3	A	40000	100000	0	0	0	0	0	0	0	0	0	0	1
6	3	B	40000	100000	0	0	0	0	0	0	0	0	0	0	1
6	4	G	40000	92554	7.446	3.936	7446	6839	0	0	0	6797	11	31	6841
6	4	A	40000	92647	7.353	3.936	7353	3417	0	0	0	3380	7	30	3418
6	4	B	40000	92642	7.358	3.936	7358	3422	0	0	0	3417	4	1	3423
6	5	G	40000	0	100	100	100000	200000	200000	200000	200000	200000	200000	200000	200002
6	5	A	40000	0	100	100	100000	100000	100000	100000	100000	100000	100000	100000	100001
6	5	B	40000	0	100	100	100000	100000	100000	100000	100000	100000	100000	100000	100001
6	6	G	40000	40152	59.848	38.838	59848	36576	90	0	0	34555	1229	702	36211
6	6	A	40000	42756	57.244	38.773	57244	18471	44	0	0	17227	577	623	18163
6	6	B	40000	42992	57.008	38.903	57008	18105	46	0	0	17328	652	79	18048
6	7	G	40000	100000	0	0	0	0	0	0	0	0	0	0	2
6	7	A	40000	100000	0	0	0	0	0	0	0	0	0	0	1
6	7	B	40000	100000	0	0	0	0	0	0	0	0	0	0	1
7	0	G	40000	1000	99	92.329	99000	7770	314	15	0	6818	296	327	7345
7	0	A	40000	1995	98.005	95.715	98005	2290	164	7	0	1725	121	273	1984
7	0	B	40000	5577	94.423	88.943	94423	5480	150	8	0	5093	175	54	5361
7	0	cSpy was 21 spamed and the readout avoided!
7	1	G	40000	100000	0	0	0	0	0	0	0	0	0	0	2
7	1	A	40000	100000	0	0	0	0	0	0	0	0	0	0	1
7	1	B	40000	100000	0	0	0	0	0	0	0	0	0	0	1
7	2	G	40000	100000	0	0	0	0	0	0	0	0	0	0	2
7	2	A	40000	100000	0	0	0	0	0	0	0	0	0	0	1
7	2	B	40000	100000	0	0	0	0	0	0	0	0	0	0	1
7	3	G	40000	27832	72.168	32.9845	72168	45064	0	0	0	44143	831	90	45060
7	3	A	40000	39650	60.35	38.839	60350	21511	0	0	0	21346	75	90	21506
7	3	B	40000	49317	50.683	27.13	50683	23553	0	0	0	22797	756	0	23554
7	4	G	40000	3845	96.155	87.077	96155	12896	340	12	0	9425	2492	627	12325
7	4	A	40000	6814	93.186	86.362	93186	6824	185	7	0	4704	1439	489	6425
7	4	B	40000	6136	93.864	87.792	93864	6072	155	5	0	4721	1053	138	5900
7	4	cSpy was 26 spamed and the readout avoided!
7	5	G	40000	100000	0	0	0	0	0	0	0	0	0	0	2
7	5	A	40000	100000	0	0	0	0	0	0	0	0	0	0	1
7	5	B	40000	100000	0	0	0	0	0	0	0	0	0	0	1
7	6	G	40000	100000	0	0	0	0	0	0	0	0	0	0	2
7	6	A	40000	100000	0	0	0	0	0	0	0	0	0	0	1
7	6	B	40000	100000	0	0	0	0	0	0	0	0	0	0	1
7	7	G	40000	69945	30.055	10.2865	30055	22347	0	0	0	22179	121	47	22347
7	7	A	40000	76797	23.203	11.873	23203	11330	0	0	0	11239	44	47	11329
7	7	B	40000	80283	19.717	8.7	19717	11017	0	0	0	10940	77	0	11018
