#the gain was set to: 2	the bias was set to: 30
#Sent triggers per delay setting: 100000	and with a frequency [Hz] of: 40000
#160MHz delay setting	400MHz delay setting	Frequency	correct transmitted H+T		error rate [%]	uncertainty [%]	bad or missed events	error count	missing headers	missing trailers	flipped H/T	event nr errors	tbm missed trigger	unknown errors	event nr resets
0	0	G	40000	519	99.481	56.9915	99481	15401	146	0	0	12633	1795	827	14860
0	0	A	40000	640	99.36	98.178	99360	1182	146	0	0	106	104	826	640
0	0	B	40000	69976	30.024	15.805	30024	14219	0	0	0	12527	1691	1	14220
0	0	cSpy was 50 spamed and the readout avoided!
0	1	G	40000	98057	1.943	0.898	1943	1923	1	0	0	1919	1	2	1923
0	1	A	40000	98142	1.858	0.906	1858	952	0	0	0	952	0	0	953
0	1	B	40000	98139	1.861	0.89	1861	971	1	0	0	967	1	2	970
0	2	G	40000	0	100	100	100000	200000	200000	200000	200000	200000	200000	200000	200002
0	2	A	40000	0	100	100	100000	100000	100000	100000	100000	100000	100000	100000	100001
0	2	B	40000	0	100	100	100000	100000	100000	100000	100000	100000	100000	100000	100001
0	3	G	40000	28141	71.859	51.8685	71859	25553	408	45	0	20988	3379	737	24956
0	3	A	40000	34493	65.507	53.623	65507	11884	209	16	0	9409	1614	640	11471
0	3	B	40000	36217	63.783	50.114	63783	13669	199	29	0	11579	1765	97	13485
0	3	cSpy was 64 spamed and the readout avoided!
0	4	G	40000	100000	0	0	0	0	0	0	0	0	0	0	2
0	4	A	40000	100000	0	0	0	0	0	0	0	0	0	0	1
0	4	B	40000	100000	0	0	0	0	0	0	0	0	0	0	1
0	5	G	40000	100000	0	0	0	0	0	0	0	0	0	0	2
0	5	A	40000	100000	0	0	0	0	0	0	0	0	0	0	1
0	5	B	40000	100000	0	0	0	0	0	0	0	0	0	0	1
0	6	G	40000	62352	37.648	23.1325	37648	17828	559	26	1	16449	712	82	17628
0	6	A	40000	71497	28.503	19.668	28503	8835	106	0	0	8632	15	82	8743
0	6	B	40000	64410	35.59	26.597	35590	8993	453	26	1	7817	697	0	8885
0	6	cSpy was 27 spamed and the readout avoided!
0	7	G	40000	3915	96.085	84.165	96085	16009	330	14	2	14439	617	611	15456
0	7	A	40000	6881	93.119	85.921	93119	7198	189	10	2	6290	172	539	6760
0	7	B	40000	8780	91.22	82.409	91220	8811	141	4	0	8149	445	72	8696
0	7	cSpy was 45 spamed and the readout avoided!
1	0	G	40000	1297	98.703	84.2035	98703	14994	309	9	1	13679	352	646	14400
1	0	A	40000	2492	97.508	94.614	97508	2894	184	0	0	2092	105	513	2450
1	0	B	40000	14107	85.893	73.793	85893	12100	125	9	1	11587	247	133	11950
1	0	cSpy was 29 spamed and the readout avoided!
1	1	G	40000	0	100	100	100000	200000	200000	200000	200000	200000	200000	200000	200002
1	1	A	40000	0	100	100	100000	100000	100000	100000	100000	100000	100000	100000	100001
1	1	B	40000	0	100	100	100000	100000	100000	100000	100000	100000	100000	100000	100001
1	2	G	40000	100000	0	0	0	0	0	0	0	0	0	0	2
1	2	A	40000	100000	0	0	0	0	0	0	0	0	0	0	1
1	2	B	40000	100000	0	0	0	0	0	0	0	0	0	0	1
1	3	G	40000	100000	0	0	0	0	0	0	0	0	0	0	2
1	3	A	40000	100000	0	0	0	0	0	0	0	0	0	0	1
1	3	B	40000	100000	0	0	0	0	0	0	0	0	0	0	1
1	4	G	40000	68768	31.232	19.9185	31232	12808	436	30	0	11585	715	42	12692
1	4	A	40000	76799	23.201	17.07	23201	6131	47	0	0	6042	0	42	6093
1	4	B	40000	70556	29.444	22.767	29444	6677	389	30	0	5543	715	0	6599
1	4	cSpy was 27 spamed and the readout avoided!
1	5	G	40000	0	100	100	100000	200000	200000	200000	200000	200000	200000	200000	200002
1	5	A	40000	0	100	100	100000	100000	100000	100000	100000	100000	100000	100000	100001
1	5	B	40000	0	100	100	100000	100000	100000	100000	100000	100000	100000	100000	100001
1	6	G	40000	100000	0	0	0	0	0	0	0	0	0	0	2
1	6	A	40000	100000	0	0	0	0	0	0	0	0	0	0	1
1	6	B	40000	100000	0	0	0	0	0	0	0	0	0	0	1
1	7	G	40000	100000	0	0	0	0	0	0	0	0	0	0	2
1	7	A	40000	100000	0	0	0	0	0	0	0	0	0	0	1
1	7	B	40000	100000	0	0	0	0	0	0	0	0	0	0	1
2	0	G	40000	8399	91.601	41.901	91601	8016	111	0	0	7419	130	356	7752
2	0	A	40000	8413	91.587	83.735	91587	7852	111	0	0	7322	63	356	7587
2	0	B	40000	99769	0.230998	0.067	231	164	0	0	0	97	67	0	165
2	1	G	40000	100000	0	0	0	0	0	0	0	0	0	0	2
2	1	A	40000	100000	0	0	0	0	0	0	0	0	0	0	1
2	1	B	40000	100000	0	0	0	0	0	0	0	0	0	0	1
2	2	G	40000	99349	0.651002	0.134	651	1034	0	0	0	1034	0	0	1036
2	2	A	40000	99349	0.651002	0.134	651	517	0	0	0	517	0	0	518
2	2	B	40000	99349	0.651002	0.134	651	517	0	0	0	517	0	0	518
2	3	G	40000	8	99.992	99.3565	99992	727	46	0	0	278	200	203	560
2	3	A	40000	41	99.959	99.88	99959	79	0	0	0	14	13	52	41
2	3	B	40000	519	99.481	98.833	99481	648	46	0	0	264	187	151	519
2	3	cSpy was 94 spamed and the readout avoided!
2	4	G	40000	65575	34.425	13.595	34425	22378	30	8	0	12890	9076	374	22360
2	4	A	40000	72998	27.002	16.027	27002	10975	5	1	0	6214	4386	369	10967
2	4	B	40000	77434	22.566	11.163	22566	11403	25	7	0	6676	4690	5	11393
2	4	cSpy was 7 spamed and the readout avoided!
2	5	G	40000	100000	0	0	0	0	0	0	0	0	0	0	2
2	5	A	40000	100000	0	0	0	0	0	0	0	0	0	0	1
2	5	B	40000	100000	0	0	0	0	0	0	0	0	0	0	1
2	6	G	40000	99998	0.00200272	0	2	4	0	0	0	4	0	0	6
2	6	A	40000	99998	0.00200272	0	2	2	0	0	0	2	0	0	3
2	6	B	40000	99998	0.00200272	0	2	2	0	0	0	2	0	0	3
2	7	G	40000	61795	38.205	24.144	38205	20999	607	59	1	19642	621	69	20773
2	7	A	40000	65070	34.93	24.881	34930	10049	312	14	1	9599	64	59	9928
2	7	B	40000	65643	34.357	23.407	34357	10950	295	45	0	10043	557	10	10845
2	7	cSpy was 75 spamed and the readout avoided!
3	0	G	40000	1981	98.019	64.563	98019	17882	224	6	0	17234	113	305	17518
3	0	A	40000	2723	97.277	94.21	97277	3067	222	5	0	2422	113	305	2704
3	0	B	40000	50269	49.731	34.916	49731	14815	2	1	0	14812	0	0	14814
3	0	cSpy was 40 spamed and the readout avoided!
3	1	G	40000	2422	97.578	94.848	97578	4387	0	0	0	3637	27	723	3715
3	1	A	40000	2986	97.014	94.684	97014	2330	0	0	0	1816	14	500	1880
3	1	B	40000	2931	97.069	95.012	97069	2057	0	0	0	1821	13	223	1835
3	1	cSpy was 100 spamed and the readout avoided!
3	2	G	40000	4764	95.236	83.825	95236	15638	116	0	0	13477	1483	562	15301
3	2	A	40000	8060	91.94	84.352	91940	7588	22	0	0	6431	649	486	7334
3	2	B	40000	8652	91.348	83.298	91348	8050	94	0	0	7046	834	76	7967
3	2	cSpy was 1 spamed and the readout avoided!
3	3	G	40000	100000	0	0	0	0	0	0	0	0	0	0	2
3	3	A	40000	100000	0	0	0	0	0	0	0	0	0	0	1
3	3	B	40000	100000	0	0	0	0	0	0	0	0	0	0	1
3	4	G	40000	100000	0	0	0	0	0	0	0	0	0	0	2
3	4	A	40000	100000	0	0	0	0	0	0	0	0	0	0	1
3	4	B	40000	100000	0	0	0	0	0	0	0	0	0	0	1
3	5	G	40000	3191	96.809	95.172	96809	2404	28	0	0	1358	2	1016	1847
3	5	A	40000	3550	96.45	95.113	96450	1337	13	0	0	430	1	893	847
3	5	B	40000	3702	96.298	95.231	96298	1067	15	0	0	928	1	123	1000
3	5	cSpy was 65 spamed and the readout avoided!
3	6	G	40000	709	99.291	96.689	99291	3551	243	1	0	1948	667	692	3000
3	6	A	40000	1501	98.499	96.729	98499	1770	85	0	0	864	343	478	1451
3	6	B	40000	1570	98.43	96.649	98430	1781	158	1	0	1084	324	214	1549
3	6	cSpy was 97 spamed and the readout avoided!
3	7	G	40000	100000	0	0	0	0	0	0	0	0	0	0	2
3	7	A	40000	100000	0	0	0	0	0	0	0	0	0	0	1
3	7	B	40000	100000	0	0	0	0	0	0	0	0	0	0	1
4	0	G	40000	224	99.776	98.3685	99776	1830	130	0	0	979	289	432	1425
4	0	A	40000	725	99.275	98.337	99275	938	55	0	0	447	192	244	718
4	0	B	40000	708	99.292	98.4	99292	892	75	0	0	532	97	188	707
4	0	cSpy was 21 spamed and the readout avoided!
4	1	G	40000	100000	0	0	0	0	0	0	0	0	0	0	2
4	1	A	40000	100000	0	0	0	0	0	0	0	0	0	0	1
4	1	B	40000	100000	0	0	0	0	0	0	0	0	0	0	1
4	2	G	40000	100000	0	0	0	0	0	0	0	0	0	0	2
4	2	A	40000	100000	0	0	0	0	0	0	0	0	0	0	1
4	2	B	40000	100000	0	0	0	0	0	0	0	0	0	0	1
4	3	G	40000	84949	15.051	5.0605	15051	12316	0	0	0	12287	7	22	12317
4	3	A	40000	87831	12.169	5.725	12169	6444	0	0	0	6422	0	22	6444
4	3	B	40000	89732	10.268	4.396	10268	5872	0	0	0	5865	7	0	5873
4	4	G	40000	2548	97.452	89.688	97452	10364	455	69	2	7521	1922	395	9766
4	4	A	40000	5311	94.689	89.449	94689	5240	209	0	0	3450	1345	236	4916
4	4	B	40000	4949	95.051	89.927	95051	5124	246	69	2	4071	577	159	4850
4	5	G	40000	97492	2.508	0.913	2508	3190	0	0	0	3159	6	25	3192
4	5	A	40000	97492	2.508	0.913	2508	1595	0	0	0	1564	6	25	1596
4	5	B	40000	97492	2.508	0.913	2508	1595	0	0	0	1595	0	0	1596
4	6	G	40000	100000	0	0	0	0	0	0	0	0	0	0	2
4	6	A	40000	100000	0	0	0	0	0	0	0	0	0	0	1
4	6	B	40000	100000	0	0	0	0	0	0	0	0	0	0	1
4	7	G	40000	99665	0.335002	0.1095	335	346	0	0	0	346	0	0	348
4	7	A	40000	99692	0.308001	0.123	308	185	0	0	0	185	0	0	186
4	7	B	40000	99743	0.256997	0.096	257	161	0	0	0	161	0	0	162
5	0	G	40000	833	99.167	51.46	99167	8163	177	0	0	7009	348	629	7578
5	0	A	40000	892	99.108	97.63	99108	1478	177	0	0	344	328	629	892
5	0	B	40000	88025	11.975	5.29	11975	6685	0	0	0	6665	20	0	6686
5	0	cSpy was 30 spamed and the readout avoided!
5	1	G	40000	97058	2.942	1.02	2942	2240	0	0	0	2217	17	6	2242
5	1	A	40000	97713	2.287	1.165	2287	1122	0	0	0	1111	6	5	1123
5	1	B	40000	98007	1.993	0.875	1993	1118	0	0	0	1106	11	1	1119
5	2	G	40000	23061	76.939	35.935	76939	47520	0	0	0	47355	69	96	47520
5	2	A	40000	35220	64.78	42.161	64780	22619	0	0	0	22494	30	95	22619
5	2	B	40000	45390	54.61	29.709	54610	24901	0	0	0	24861	39	1	24901
5	3	G	40000	18393	81.607	55.6395	81607	35630	29	0	0	29531	5925	145	35565
5	3	A	40000	26996	73.004	54.742	73004	18262	11	0	0	14418	3736	97	18231
5	3	B	40000	26095	73.905	56.537	73905	17368	18	0	0	15113	2189	48	17334
5	3	cSpy was 12 spamed and the readout avoided!
5	4	G	40000	100000	0	0	0	0	0	0	0	0	0	0	2
5	4	A	40000	100000	0	0	0	0	0	0	0	0	0	0	1
5	4	B	40000	100000	0	0	0	0	0	0	0	0	0	0	1
5	5	G	40000	100000	0	0	0	0	0	0	0	0	0	0	2
5	5	A	40000	100000	0	0	0	0	0	0	0	0	0	0	1
5	5	B	40000	100000	0	0	0	0	0	0	0	0	0	0	1
5	6	G	40000	31500	68.5	31.098	68500	42948	0	0	0	41906	957	85	42940
5	6	A	40000	42888	57.112	36.568	57112	20544	0	0	0	20312	147	85	20535
5	6	B	40000	51968	48.032	25.628	48032	22404	0	0	0	21594	810	0	22405
5	7	G	40000	2705	97.295	90.9075	97295	9271	482	15	0	6176	1860	738	8488
5	7	A	40000	4737	95.263	90.356	95263	4907	246	3	0	3060	1100	498	4432
5	7	B	40000	4177	95.823	91.459	95823	4364	236	12	0	3116	760	240	4056
5	7	cSpy was 47 spamed and the readout avoided!
6	0	G	40000	943	99.057	57.433	99057	15354	159	0	0	14283	522	390	14967
6	0	A	40000	1161	98.839	97.298	98839	1541	156	0	0	780	226	379	1161
6	0	B	40000	68619	31.381	17.568	31381	13813	3	0	0	13503	296	11	13806
6	0	cSpy was 13 spamed and the readout avoided!
6	1	G	40000	0	100	100	100000	200000	200000	200000	200000	200000	200000	200000	200002
6	1	A	40000	0	100	100	100000	100000	100000	100000	100000	100000	100000	100000	100001
6	1	B	40000	0	100	100	100000	100000	100000	100000	100000	100000	100000	100000	100001
6	2	G	40000	99926	0.0739992	0.036	74	76	0	0	0	76	0	0	78
6	2	A	40000	99926	0.0739992	0.036	74	38	0	0	0	38	0	0	39
6	2	B	40000	99926	0.0739992	0.036	74	38	0	0	0	38	0	0	39
6	3	G	40000	100000	0	0	0	0	0	0	0	0	0	0	2
6	3	A	40000	100000	0	0	0	0	0	0	0	0	0	0	1
6	3	B	40000	100000	0	0	0	0	0	0	0	0	0	0	1
6	4	G	40000	95863	4.137	1.466	4137	5104	0	0	0	5073	23	8	5103
6	4	A	40000	95979	4.021	1.466	4021	2555	0	0	0	2535	12	8	2553
6	4	B	40000	95985	4.015	1.466	4015	2549	0	0	0	2538	11	0	2550
6	5	G	40000	0	100	100	100000	200000	200000	200000	200000	200000	200000	200000	200002
6	5	A	40000	0	100	100	100000	100000	100000	100000	100000	100000	100000	100000	100001
6	5	B	40000	0	100	100	100000	100000	100000	100000	100000	100000	100000	100000	100001
6	6	G	40000	24876	75.124	49.6295	75124	43197	142	0	0	40677	1520	858	42726
6	6	A	40000	28659	71.341	49.501	71341	21840	71	0	0	20316	729	724	21455
6	6	B	40000	28885	71.115	49.758	71115	21357	71	0	0	20361	791	134	21271
6	7	G	40000	100000	0	0	0	0	0	0	0	0	0	0	2
6	7	A	40000	100000	0	0	0	0	0	0	0	0	0	0	1
6	7	B	40000	100000	0	0	0	0	0	0	0	0	0	0	1
7	0	G	40000	1213	98.787	90.8475	98787	9183	363	7	0	8063	370	380	8724
7	0	A	40000	2277	97.723	95.125	97723	2598	193	3	0	1954	136	312	2263
7	0	B	40000	6845	93.155	86.57	93155	6585	170	4	0	6109	234	68	6461
7	0	cSpy was 30 spamed and the readout avoided!
7	1	G	40000	100000	0	0	0	0	0	0	0	0	0	0	2
7	1	A	40000	100000	0	0	0	0	0	0	0	0	0	0	1
7	1	B	40000	100000	0	0	0	0	0	0	0	0	0	0	1
7	2	G	40000	100000	0	0	0	0	0	0	0	0	0	0	2
7	2	A	40000	100000	0	0	0	0	0	0	0	0	0	0	1
7	2	B	40000	100000	0	0	0	0	0	0	0	0	0	0	1
7	3	G	40000	25949	74.051	33.511	74051	46559	0	0	0	45294	1171	94	46548
7	3	A	40000	38283	61.717	39.452	61717	22265	0	0	0	21978	193	94	22254
7	3	B	40000	48136	51.864	27.57	51864	24294	0	0	0	23316	978	0	24294
7	4	G	40000	7379	92.621	83.983	92621	12176	431	44	2	8782	2264	653	11477
7	4	A	40000	10292	89.708	83.257	89708	6451	222	7	0	4336	1450	436	6029
7	4	B	40000	9566	90.434	84.709	90434	5725	209	37	2	4446	814	217	5448
7	4	cSpy was 20 spamed and the readout avoided!
7	5	G	40000	100000	0	0	0	0	0	0	0	0	0	0	2
7	5	A	40000	100000	0	0	0	0	0	0	0	0	0	0	1
7	5	B	40000	100000	0	0	0	0	0	0	0	0	0	0	1
7	6	G	40000	100000	0	0	0	0	0	0	0	0	0	0	2
7	6	A	40000	100000	0	0	0	0	0	0	0	0	0	0	1
7	6	B	40000	100000	0	0	0	0	0	0	0	0	0	0	1
7	7	G	40000	79575	20.425	6.9035	20425	15292	0	0	0	15166	94	32	15292
7	7	A	40000	84276	15.724	7.946	15724	7778	0	0	0	7716	31	31	7777
7	7	B	40000	86625	13.375	5.861	13375	7514	0	0	0	7450	63	1	7515
