#the gain was set to: 2	the bias was set to: 30
#Sent triggers per delay setting: 100000	and with a frequency [Hz] of: 40000
#160MHz delay setting	400MHz delay setting	Frequency	correct transmitted H+T		error rate [%]	uncertainty [%]	bad or missed events	error count	missing headers	missing trailers	flipped H/T	event nr errors	tbm missed trigger	unknown errors	event nr resets
0	0	G	40000	518	99.482	56.8905	99482	15394	156	0	0	12516	1861	861	14812
0	0	A	40000	636	99.364	98.145	99364	1219	156	0	0	102	103	858	636
0	0	B	40000	70189	29.811	15.636	29811	14175	0	0	0	12414	1758	3	14176
0	0	cSpy was 44 spamed and the readout avoided!
0	1	G	40000	99998	0.00200272	0	2	4	0	0	0	4	0	0	6
0	1	A	40000	99998	0.00200272	0	2	2	0	0	0	2	0	0	3
0	1	B	40000	99998	0.00200272	0	2	2	0	0	0	2	0	0	3
0	2	G	40000	0	100	100	100000	200000	200000	200000	200000	200000	200000	200000	200002
0	2	A	40000	0	100	100	100000	100000	100000	100000	100000	100000	100000	100000	100001
0	2	B	40000	0	100	100	100000	100000	100000	100000	100000	100000	100000	100000	100001
0	3	G	40000	46850	53.15	29.529	53150	29338	259	61	0	23307	5124	588	29004
0	3	A	40000	55100	44.9	31.158	44900	13742	63	18	0	10630	2496	535	13567
0	3	B	40000	56504	43.496	27.9	43496	15596	196	43	0	12677	2628	53	15437
0	3	cSpy was 23 spamed and the readout avoided!
0	4	G	40000	100000	0	0	0	0	0	0	0	0	0	0	2
0	4	A	40000	100000	0	0	0	0	0	0	0	0	0	0	1
0	4	B	40000	100000	0	0	0	0	0	0	0	0	0	0	1
0	5	G	40000	99938	0.0620008	0.003	62	118	0	0	0	118	0	0	120
0	5	A	40000	99938	0.0620008	0.003	62	59	0	0	0	59	0	0	60
0	5	B	40000	99938	0.0620008	0.003	62	59	0	0	0	59	0	0	60
0	6	G	40000	61809	38.191	23.606	38191	17758	479	32	3	16391	784	69	17596
0	6	A	40000	70752	29.248	20.484	29248	8764	79	0	0	8603	13	69	8696
0	6	B	40000	64278	35.722	26.728	35722	8994	400	32	3	7788	771	0	8900
0	6	cSpy was 26 spamed and the readout avoided!
0	7	G	40000	0	100	100	100000	200000	200000	200000	200000	200000	200000	200000	200002
0	7	A	40000	0	100	100	100000	100000	100000	100000	100000	100000	100000	100000	100001
0	7	B	40000	0	100	100	100000	100000	100000	100000	100000	100000	100000	100000	100001
1	0	G	40000	1707	98.293	80.102	98293	18422	271	38	0	17181	333	599	17884
1	0	A	40000	3046	96.954	93.63	96954	3324	150	1	0	2730	64	379	2997
1	0	B	40000	18328	81.672	66.574	81672	15098	121	37	0	14451	269	220	14887
1	0	cSpy was 37 spamed and the readout avoided!
1	1	G	40000	11846	88.154	83.542	88154	7056	31	0	0	5932	501	592	6734
1	1	A	40000	12879	87.121	83.508	87121	3613	5	0	0	2877	202	529	3329
1	1	B	40000	12981	87.019	83.576	87019	3443	26	0	0	3055	299	63	3405
1	1	cSpy was 93 spamed and the readout avoided!
1	2	G	40000	100000	0	0	0	0	0	0	0	0	0	0	2
1	2	A	40000	100000	0	0	0	0	0	0	0	0	0	0	1
1	2	B	40000	100000	0	0	0	0	0	0	0	0	0	0	1
1	3	G	40000	100000	0	0	0	0	0	0	0	0	0	0	2
1	3	A	40000	100000	0	0	0	0	0	0	0	0	0	0	1
1	3	B	40000	100000	0	0	0	0	0	0	0	0	0	0	1
1	4	G	40000	127	99.873	99.375	99873	800	26	0	0	323	2	449	446
1	4	A	40000	196	99.804	99.356	99804	448	12	0	0	137	2	297	193
1	4	B	40000	254	99.746	99.394	99746	352	14	0	0	186	0	152	253
1	5	G	40000	297	99.703	98.1555	99703	2024	69	0	0	1178	87	690	1639
1	5	A	40000	715	99.285	98.292	99285	993	23	0	0	389	20	561	710
1	5	B	40000	950	99.05	98.019	99050	1031	46	0	0	789	67	129	929
1	5	cSpy was 70 spamed and the readout avoided!
1	6	G	40000	100000	0	0	0	0	0	0	0	0	0	0	2
1	6	A	40000	100000	0	0	0	0	0	0	0	0	0	0	1
1	6	B	40000	100000	0	0	0	0	0	0	0	0	0	0	1
1	7	G	40000	100000	0	0	0	0	0	0	0	0	0	0	2
1	7	A	40000	100000	0	0	0	0	0	0	0	0	0	0	1
1	7	B	40000	100000	0	0	0	0	0	0	0	0	0	0	1
2	0	G	40000	8499	91.501	41.8045	91501	8106	132	0	0	7483	117	374	7792
2	0	A	40000	8512	91.488	83.541	91488	7947	132	0	0	7382	59	374	7632
2	0	B	40000	99773	0.226998	0.068	227	159	0	0	0	101	58	0	160
2	1	G	40000	100000	0	0	0	0	0	0	0	0	0	0	2
2	1	A	40000	100000	0	0	0	0	0	0	0	0	0	0	1
2	1	B	40000	100000	0	0	0	0	0	0	0	0	0	0	1
2	2	G	40000	98311	1.689	0.4585	1689	2454	0	0	0	2454	0	0	2456
2	2	A	40000	98315	1.685	0.459	1685	1226	0	0	0	1226	0	0	1227
2	2	B	40000	98314	1.686	0.458	1686	1228	0	0	0	1228	0	0	1229
2	3	G	40000	31	99.969	99.1855	99969	914	59	0	0	377	247	231	715
2	3	A	40000	86	99.914	99.787	99914	127	0	0	0	25	45	57	86
2	3	B	40000	629	99.371	98.584	99371	787	59	0	0	352	202	174	629
2	3	cSpy was 69 spamed and the readout avoided!
2	4	G	40000	60854	39.146	15.373	39146	25510	28	7	0	14701	10367	407	25480
2	4	A	40000	69386	30.614	18.067	30614	12547	5	3	0	7109	5029	401	12527
2	4	B	40000	74358	25.642	12.679	25642	12963	23	4	0	7592	5338	6	12953
2	4	cSpy was 4 spamed and the readout avoided!
2	5	G	40000	100000	0	0	0	0	0	0	0	0	0	0	2
2	5	A	40000	100000	0	0	0	0	0	0	0	0	0	0	1
2	5	B	40000	100000	0	0	0	0	0	0	0	0	0	0	1
2	6	G	40000	99998	0.00200272	0	2	4	0	0	0	4	0	0	6
2	6	A	40000	99998	0.00200272	0	2	2	0	0	0	2	0	0	3
2	6	B	40000	99998	0.00200272	0	2	2	0	0	0	2	0	0	3
2	7	G	40000	52526	47.474	30.055	47474	24898	791	91	3	23023	926	66	24643
2	7	A	40000	57156	42.844	30.994	42844	11850	402	20	2	11264	101	61	11709
2	7	B	40000	57836	42.164	29.116	42164	13048	389	71	1	11759	825	5	12934
2	7	cSpy was 100 spamed and the readout avoided!
3	0	G	40000	2163	97.837	63.788	97837	13700	220	7	0	13038	156	279	13382
3	0	A	40000	2760	97.24	94.188	97240	3052	216	7	0	2415	136	278	2735
3	0	B	40000	55964	44.036	33.388	44036	10648	4	0	0	10623	20	1	10647
3	0	cSpy was 26 spamed and the readout avoided!
3	1	G	40000	0	100	100	100000	200000	200000	200000	200000	200000	200000	200000	200002
3	1	A	40000	0	100	100	100000	100000	100000	100000	100000	100000	100000	100000	100001
3	1	B	40000	0	100	100	100000	100000	100000	100000	100000	100000	100000	100000	100001
3	2	G	40000	3619	96.381	87.419	96381	12199	108	1	0	10354	1259	477	11890
3	2	A	40000	6265	93.735	87.767	93735	5968	21	0	0	4975	553	419	5741
3	2	B	40000	6698	93.302	87.071	93302	6231	87	1	0	5379	706	58	6149
3	2	cSpy was 1 spamed and the readout avoided!
3	3	G	40000	100000	0	0	0	0	0	0	0	0	0	0	2
3	3	A	40000	100000	0	0	0	0	0	0	0	0	0	0	1
3	3	B	40000	100000	0	0	0	0	0	0	0	0	0	0	1
3	4	G	40000	100000	0	0	0	0	0	0	0	0	0	0	2
3	4	A	40000	100000	0	0	0	0	0	0	0	0	0	0	1
3	4	B	40000	100000	0	0	0	0	0	0	0	0	0	0	1
3	5	G	40000	8645	91.355	89.306	91355	3078	47	1	0	2025	3	1002	2535
3	5	A	40000	9103	90.897	89.229	90897	1668	16	0	0	789	1	862	1217
3	5	B	40000	9207	90.793	89.383	90793	1410	31	1	0	1236	2	140	1318
3	5	cSpy was 41 spamed and the readout avoided!
3	6	G	40000	859	99.141	95.837	99141	4390	252	0	0	2580	848	710	3832
3	6	A	40000	1934	98.066	95.845	98066	2221	89	0	0	1164	420	548	1856
3	6	B	40000	2002	97.998	95.829	97998	2169	163	0	0	1416	428	162	1976
3	6	cSpy was 40 spamed and the readout avoided!
3	7	G	40000	100000	0	0	0	0	0	0	0	0	0	0	2
3	7	A	40000	100000	0	0	0	0	0	0	0	0	0	0	1
3	7	B	40000	100000	0	0	0	0	0	0	0	0	0	0	1
4	0	G	40000	218	99.782	98.419	99782	1776	155	0	0	860	325	436	1368
4	0	A	40000	722	99.278	98.363	99278	915	82	0	0	387	224	222	705
4	0	B	40000	664	99.336	98.475	99336	861	73	0	0	473	101	214	663
4	0	cSpy was 31 spamed and the readout avoided!
4	1	G	40000	99994	0.00600219	0.002	6	8	0	0	0	8	0	0	10
4	1	A	40000	99994	0.00600219	0.002	6	4	0	0	0	4	0	0	5
4	1	B	40000	99994	0.00600219	0.002	6	4	0	0	0	4	0	0	5
4	2	G	40000	100000	0	0	0	0	0	0	0	0	0	0	2
4	2	A	40000	100000	0	0	0	0	0	0	0	0	0	0	1
4	2	B	40000	100000	0	0	0	0	0	0	0	0	0	0	1
4	3	G	40000	94530	5.47	1.948	5470	4978	0	0	0	4972	0	6	4980
4	3	A	40000	95157	4.843	2.189	4843	2654	0	0	0	2648	0	6	2655
4	3	B	40000	95969	4.031	1.707	4031	2324	0	0	0	2324	0	0	2325
4	4	G	40000	1915	98.085	92.058	98085	8013	378	45	0	5565	1661	364	7515
4	4	A	40000	3950	96.05	92.127	96050	3923	168	0	0	2486	1065	204	3660
4	4	B	40000	3921	96.079	91.989	96079	4090	210	45	0	3079	596	160	3855
4	4	cSpy was 7 spamed and the readout avoided!
4	5	G	40000	94152	5.848	1.843	5848	8010	0	0	0	7951	22	37	8012
4	5	A	40000	94152	5.848	1.843	5848	4005	0	0	0	3946	22	37	4006
4	5	B	40000	94152	5.848	1.843	5848	4005	0	0	0	4005	0	0	4006
4	6	G	40000	100000	0	0	0	0	0	0	0	0	0	0	2
4	6	A	40000	100000	0	0	0	0	0	0	0	0	0	0	1
4	6	B	40000	100000	0	0	0	0	0	0	0	0	0	0	1
4	7	G	40000	99879	0.120997	0.042	121	136	0	0	0	136	0	0	138
4	7	A	40000	99886	0.114	0.044	114	70	0	0	0	70	0	0	71
4	7	B	40000	99894	0.106001	0.04	106	66	0	0	0	66	0	0	67
5	0	G	40000	822	99.178	51.5005	99178	8279	190	0	0	7105	351	633	7694
5	0	A	40000	880	99.12	97.654	99120	1466	190	0	0	313	330	633	880
5	0	B	40000	87840	12.16	5.347	12160	6813	0	0	0	6792	21	0	6814
5	0	cSpy was 26 spamed and the readout avoided!
5	1	G	40000	99324	0.676	0.223	676	637	0	0	0	634	0	3	639
5	1	A	40000	99422	0.577998	0.248	578	330	0	0	0	328	0	2	331
5	1	B	40000	99495	0.505	0.198	505	307	0	0	0	306	0	1	308
5	2	G	40000	23032	76.968	36.004	76968	47512	0	0	0	47357	57	98	47510
5	2	A	40000	35156	64.844	42.231	64844	22613	0	0	0	22486	29	98	22611
5	2	B	40000	45324	54.676	29.777	54676	24899	0	0	0	24871	28	0	24899
5	3	G	40000	23148	76.852	53.6415	76852	32288	22	0	0	27651	4472	143	32219
5	3	A	40000	30495	69.505	53.147	69505	16358	9	0	0	13421	2846	82	16329
5	3	B	40000	29934	70.066	54.136	70066	15930	13	0	0	14230	1626	61	15890
5	3	cSpy was 36 spamed and the readout avoided!
5	4	G	40000	100000	0	0	0	0	0	0	0	0	0	0	2
5	4	A	40000	100000	0	0	0	0	0	0	0	0	0	0	1
5	4	B	40000	100000	0	0	0	0	0	0	0	0	0	0	1
5	5	G	40000	100000	0	0	0	0	0	0	0	0	0	0	2
5	5	A	40000	100000	0	0	0	0	0	0	0	0	0	0	1
5	5	B	40000	100000	0	0	0	0	0	0	0	0	0	0	1
5	6	G	40000	44446	55.554	24.4955	55554	35403	0	0	0	34183	1147	73	35391
5	6	A	40000	54197	45.803	28.768	45803	17035	0	0	0	16679	283	73	17022
5	6	B	40000	61409	38.591	20.223	38591	18368	0	0	0	17504	864	0	18369
5	7	G	40000	1980	98.02	93.33	98020	6863	366	14	0	4391	1444	648	6215
5	7	A	40000	3390	96.61	93.001	96610	3609	187	2	0	2143	828	449	3198
5	7	B	40000	3087	96.913	93.659	96913	3254	179	12	0	2248	616	199	3017
5	7	cSpy was 50 spamed and the readout avoided!
6	0	G	40000	888	99.112	56.3035	99112	14070	162	1	0	13058	454	395	13682
6	0	A	40000	1081	98.919	97.454	98919	1465	161	0	0	704	212	388	1080
6	0	B	40000	72242	27.758	15.153	27758	12605	1	1	0	12354	242	7	12602
6	0	cSpy was 14 spamed and the readout avoided!
6	1	G	40000	1649	98.351	93.6765	98351	6531	433	37	2	4365	1180	514	5914
6	1	A	40000	3314	96.686	93.21	96686	3476	204	0	0	2140	825	307	3148
6	1	B	40000	2802	97.198	94.143	97198	3055	229	37	2	2225	355	207	2766
6	1	cSpy was 13 spamed and the readout avoided!
6	2	G	40000	77439	22.561	10.164	22561	16756	16	0	0	14127	2568	45	16735
6	2	A	40000	81643	18.357	9.799	18357	8558	9	0	0	6843	1661	45	8540
6	2	B	40000	81273	18.727	10.529	18727	8198	7	0	0	7284	907	0	8195
6	3	G	40000	100000	0	0	0	0	0	0	0	0	0	0	2
6	3	A	40000	100000	0	0	0	0	0	0	0	0	0	0	1
6	3	B	40000	100000	0	0	0	0	0	0	0	0	0	0	1
6	4	G	40000	97459	2.541	0.8785	2541	2616	0	0	0	2613	0	3	2618
6	4	A	40000	97682	2.318	0.955	2318	1363	0	0	0	1360	0	3	1364
6	4	B	40000	97945	2.055	0.802	2055	1253	0	0	0	1253	0	0	1254
6	5	G	40000	173	99.827	98.5395	99827	1656	113	1	0	239	834	469	1263
6	5	A	40000	724	99.276	98.45	99276	826	32	0	0	60	631	103	722
6	5	B	40000	541	99.459	98.629	99459	830	81	1	0	179	203	366	541
6	5	cSpy was 5 spamed and the readout avoided!
6	6	G	40000	86298	13.702	3.0025	13702	19787	0	0	0	19528	194	65	19787
6	6	A	40000	87159	12.841	2.931	12841	9910	0	0	0	9666	181	63	9909
6	6	B	40000	87049	12.951	3.074	12951	9877	0	0	0	9862	13	2	9878
6	7	G	40000	100000	0	0	0	0	0	0	0	0	0	0	2
6	7	A	40000	100000	0	0	0	0	0	0	0	0	0	0	1
6	7	B	40000	100000	0	0	0	0	0	0	0	0	0	0	1
7	0	G	40000	1120	98.88	91.7035	98880	8355	334	4	0	7399	297	321	7941
7	0	A	40000	2103	97.897	95.531	97897	2366	158	1	0	1831	105	271	2076
7	0	B	40000	6135	93.865	87.876	93865	5989	176	3	0	5568	192	50	5865
7	0	cSpy was 32 spamed and the readout avoided!
7	1	G	40000	100000	0	0	0	0	0	0	0	0	0	0	2
7	1	A	40000	100000	0	0	0	0	0	0	0	0	0	0	1
7	1	B	40000	100000	0	0	0	0	0	0	0	0	0	0	1
7	2	G	40000	100000	0	0	0	0	0	0	0	0	0	0	2
7	2	A	40000	100000	0	0	0	0	0	0	0	0	0	0	1
7	2	B	40000	100000	0	0	0	0	0	0	0	0	0	0	1
7	3	G	40000	68533	31.467	18.481	31467	25552	0	0	0	25378	55	119	25539
7	3	A	40000	68831	31.169	18.481	31169	12688	0	0	0	12537	32	119	12674
7	3	B	40000	68655	31.345	18.481	31345	12864	0	0	0	12841	23	0	12865
7	4	G	40000	889	99.111	94.8775	99111	5335	247	9	0	3143	1193	744	4733
7	4	A	40000	3327	96.673	93.137	96673	3536	118	4	0	2149	761	505	3178
7	4	B	40000	1583	98.417	96.618	98417	1799	129	5	0	994	432	239	1555
7	4	cSpy was 63 spamed and the readout avoided!
7	5	G	40000	100000	0	0	0	0	0	0	0	0	0	0	2
7	5	A	40000	100000	0	0	0	0	0	0	0	0	0	0	1
7	5	B	40000	100000	0	0	0	0	0	0	0	0	0	0	1
7	6	G	40000	100000	0	0	0	0	0	0	0	0	0	0	2
7	6	A	40000	100000	0	0	0	0	0	0	0	0	0	0	1
7	6	B	40000	100000	0	0	0	0	0	0	0	0	0	0	1
7	7	G	40000	91545	8.455	3.053	8455	10363	0	0	0	10274	57	32	10363
7	7	A	40000	91772	8.228	3.053	8228	5175	0	0	0	5109	34	32	5174
7	7	B	40000	91759	8.241	3.053	8241	5188	0	0	0	5165	23	0	5189
