#the gain was set to: 2	the bias was set to: 30
#Sent triggers per delay setting: 100000	and with a frequency [Hz] of: 40000
#160MHz delay setting	400MHz delay setting	Frequency	correct transmitted H+T		error rate [%]	uncertainty [%]	bad or missed events	error count	missing headers	missing trailers	flipped H/T	event nr errors	tbm missed trigger	unknown errors	event nr resets
0	0	G	40000	533	99.467	56.646	99467	15080	167	0	0	12226	1832	855	14522
0	0	A	40000	647	99.353	98.148	99353	1205	167	0	0	96	88	854	647
0	0	B	40000	70981	29.019	15.144	29019	13875	0	0	0	12130	1744	1	13875
0	0	cSpy was 38 spamed and the readout avoided!
0	1	G	40000	99863	0.137001	0.0415	137	145	0	0	0	145	0	0	147
0	1	A	40000	99909	0.0909984	0.019	91	72	0	0	0	72	0	0	73
0	1	B	40000	99863	0.137001	0.064	137	73	0	0	0	73	0	0	74
0	2	G	40000	0	100	100	100000	200000	200000	200000	200000	200000	200000	200000	200002
0	2	A	40000	0	100	100	100000	100000	100000	100000	100000	100000	100000	100000	100001
0	2	B	40000	0	100	100	100000	100000	100000	100000	100000	100000	100000	100000	100001
0	3	G	40000	67624	32.376	11.4135	32376	35035	4	0	0	31353	3608	70	35019
0	3	A	40000	70940	29.06	11.613	29060	17447	2	0	0	15576	1799	70	17432
0	3	B	40000	71198	28.802	11.214	28802	17588	2	0	0	15777	1809	0	17587
0	4	G	40000	100000	0	0	0	0	0	0	0	0	0	0	2
0	4	A	40000	100000	0	0	0	0	0	0	0	0	0	0	1
0	4	B	40000	100000	0	0	0	0	0	0	0	0	0	0	1
0	5	G	40000	99003	0.997001	0.342	997	822	0	0	0	822	0	0	824
0	5	A	40000	99308	0.691998	0.28	692	412	0	0	0	412	0	0	413
0	5	B	40000	99186	0.814003	0.404	814	410	0	0	0	410	0	0	411
0	6	G	40000	0	100	99.983	100000	31	0	0	0	0	1	30	3
0	6	A	40000	0	100	100	100000	0	0	0	0	0	0	0	0
0	6	B	40000	3	99.997	99.966	99997	31	0	0	0	0	1	30	3
0	7	G	40000	727	99.273	96.7285	99273	3426	22	0	0	2522	81	801	3050
0	7	A	40000	1705	98.295	96.266	98295	2029	13	0	0	1191	52	773	1670
0	7	B	40000	1412	98.588	97.191	98588	1397	9	0	0	1331	29	28	1380
0	7	cSpy was 3 spamed and the readout avoided!
1	0	G	40000	1263	98.737	84.6295	98737	14566	239	5	0	13605	246	471	14133
1	0	A	40000	2389	97.611	94.933	97611	2678	134	1	0	2118	55	370	2355
1	0	B	40000	13786	86.214	74.326	86214	11888	105	4	0	11487	191	101	11778
1	0	cSpy was 12 spamed and the readout avoided!
1	1	G	40000	0	100	100	100000	200000	200000	200000	200000	200000	200000	200000	200002
1	1	A	40000	0	100	100	100000	100000	100000	100000	100000	100000	100000	100000	100001
1	1	B	40000	0	100	100	100000	100000	100000	100000	100000	100000	100000	100000	100001
1	2	G	40000	100000	0	0	0	0	0	0	0	0	0	0	2
1	2	A	40000	100000	0	0	0	0	0	0	0	0	0	0	1
1	2	B	40000	100000	0	0	0	0	0	0	0	0	0	0	1
1	3	G	40000	100000	0	0	0	0	0	0	0	0	0	0	2
1	3	A	40000	100000	0	0	0	0	0	0	0	0	0	0	1
1	3	B	40000	100000	0	0	0	0	0	0	0	0	0	0	1
1	4	G	40000	72000	28	17.371	28000	14947	129	22	0	14192	588	16	14913
1	4	A	40000	75987	24.013	16.837	24013	7176	7	0	0	7153	0	16	7170
1	4	B	40000	74324	25.676	17.905	25676	7771	122	22	0	7039	588	0	7743
1	4	cSpy was 20 spamed and the readout avoided!
1	5	G	40000	0	100	100	100000	200000	200000	200000	200000	200000	200000	200000	200002
1	5	A	40000	0	100	100	100000	100000	100000	100000	100000	100000	100000	100000	100001
1	5	B	40000	0	100	100	100000	100000	100000	100000	100000	100000	100000	100000	100001
1	6	G	40000	100000	0	0	0	0	0	0	0	0	0	0	2
1	6	A	40000	100000	0	0	0	0	0	0	0	0	0	0	1
1	6	B	40000	100000	0	0	0	0	0	0	0	0	0	0	1
1	7	G	40000	100000	0	0	0	0	0	0	0	0	0	0	2
1	7	A	40000	100000	0	0	0	0	0	0	0	0	0	0	1
1	7	B	40000	100000	0	0	0	0	0	0	0	0	0	0	1
2	0	G	40000	8309	91.691	41.968	91691	8190	130	0	0	7530	136	394	7872
2	0	A	40000	8340	91.66	83.861	91660	7799	130	0	0	7206	69	394	7480
2	0	B	40000	99534	0.466001	0.075	466	391	0	0	0	324	67	0	392
2	1	G	40000	100000	0	0	0	0	0	0	0	0	0	0	2
2	1	A	40000	100000	0	0	0	0	0	0	0	0	0	0	1
2	1	B	40000	100000	0	0	0	0	0	0	0	0	0	0	1
2	2	G	40000	99009	0.990999	0.215	991	1552	0	0	0	1552	0	0	1554
2	2	A	40000	99009	0.990999	0.215	991	776	0	0	0	776	0	0	777
2	2	B	40000	99009	0.990999	0.215	991	776	0	0	0	776	0	0	777
2	3	G	40000	0	100	100	100000	200000	200000	200000	200000	200000	200000	200000	200002
2	3	A	40000	0	100	100	100000	100000	100000	100000	100000	100000	100000	100000	100001
2	3	B	40000	0	100	100	100000	100000	100000	100000	100000	100000	100000	100000	100001
2	4	G	40000	57966	42.034	17.3955	42034	26286	92	29	0	15157	10548	460	26215
2	4	A	40000	67453	32.547	19.567	32547	12980	8	2	0	7402	5119	449	12962
2	4	B	40000	71470	28.53	15.224	28530	13306	84	27	0	7755	5429	11	13253
2	4	cSpy was 18 spamed and the readout avoided!
2	5	G	40000	100000	0	0	0	0	0	0	0	0	0	0	2
2	5	A	40000	100000	0	0	0	0	0	0	0	0	0	0	1
2	5	B	40000	100000	0	0	0	0	0	0	0	0	0	0	1
2	6	G	40000	100000	0	0	0	0	0	0	0	0	0	0	2
2	6	A	40000	100000	0	0	0	0	0	0	0	0	0	0	1
2	6	B	40000	100000	0	0	0	0	0	0	0	0	0	0	1
2	7	G	40000	61045	38.955	24.026	38955	22724	628	59	1	21377	601	60	22523
2	7	A	40000	64281	35.719	24.78	35719	10939	326	14	0	10469	78	52	10829
2	7	B	40000	64943	35.057	23.272	35057	11785	302	45	1	10908	523	8	11694
2	7	cSpy was 79 spamed and the readout avoided!
3	0	G	40000	2260	97.74	61.682	97740	11990	199	3	0	11359	139	290	11659
3	0	A	40000	2764	97.236	94.171	97236	3065	195	3	0	2451	127	289	2734
3	0	B	40000	61882	38.118	29.193	38118	8925	4	0	0	8908	12	1	8925
3	0	cSpy was 23 spamed and the readout avoided!
3	1	G	40000	16643	83.357	35.8725	83357	60728	0	0	0	60611	18	99	60638
3	1	A	40000	32074	67.926	42.106	67926	25820	0	0	0	25710	11	99	25729
3	1	B	40000	35453	64.547	29.639	64547	34908	0	0	0	34901	7	0	34909
3	2	G	40000	23860	76.14	59.2445	76140	28076	208	10	0	23413	4127	318	27769
3	2	A	40000	26888	73.112	58.976	73112	14136	106	0	0	11090	2699	241	13935
3	2	B	40000	26547	73.453	59.513	73453	13940	102	10	0	12323	1428	77	13834
3	2	cSpy was 7 spamed and the readout avoided!
3	3	G	40000	100000	0	0	0	0	0	0	0	0	0	0	2
3	3	A	40000	100000	0	0	0	0	0	0	0	0	0	0	1
3	3	B	40000	100000	0	0	0	0	0	0	0	0	0	0	1
3	4	G	40000	100000	0	0	0	0	0	0	0	0	0	0	2
3	4	A	40000	100000	0	0	0	0	0	0	0	0	0	0	1
3	4	B	40000	100000	0	0	0	0	0	0	0	0	0	0	1
3	5	G	40000	39333	60.667	25.335	60667	44577	0	0	0	44478	28	71	44517
3	5	A	40000	51164	48.836	29.774	48836	19062	0	0	0	18991	0	71	19001
3	5	B	40000	53589	46.411	20.896	46411	25515	0	0	0	25487	28	0	25516
3	6	G	40000	4833	95.167	85.528	95167	13977	120	5	0	11329	2148	375	13717
3	6	A	40000	7527	92.473	85.401	92473	7072	65	4	0	5398	1274	331	6857
3	6	B	40000	7440	92.56	85.655	92560	6905	55	1	0	5931	874	44	6860
3	6	cSpy was 4 spamed and the readout avoided!
3	7	G	40000	100000	0	0	0	0	0	0	0	0	0	0	2
3	7	A	40000	100000	0	0	0	0	0	0	0	0	0	0	1
3	7	B	40000	100000	0	0	0	0	0	0	0	0	0	0	1
4	0	G	40000	203	99.797	98.5555	99797	1641	155	0	0	804	272	410	1234
4	0	A	40000	650	99.35	98.492	99350	858	77	0	0	362	206	213	637
4	0	B	40000	598	99.402	98.619	99402	783	78	0	0	442	66	197	597
4	0	cSpy was 27 spamed and the readout avoided!
4	1	G	40000	99983	0.0169992	0.007	17	20	0	0	0	20	0	0	22
4	1	A	40000	99983	0.0169992	0.007	17	10	0	0	0	10	0	0	11
4	1	B	40000	99983	0.0169992	0.007	17	10	0	0	0	10	0	0	11
4	2	G	40000	100000	0	0	0	0	0	0	0	0	0	0	2
4	2	A	40000	100000	0	0	0	0	0	0	0	0	0	0	1
4	2	B	40000	100000	0	0	0	0	0	0	0	0	0	0	1
4	3	G	40000	91819	8.181	2.736	8181	7049	0	0	0	7028	9	12	7051
4	3	A	40000	93233	6.767	3.082	6767	3685	0	0	0	3672	1	12	3686
4	3	B	40000	94246	5.754	2.39	5754	3364	0	0	0	3356	8	0	3365
4	4	G	40000	337	99.663	97.819	99663	2281	99	13	0	1057	886	226	2047
4	4	A	40000	787	99.213	98.389	99213	824	19	0	0	429	307	69	757
4	4	B	40000	1294	98.706	97.249	98706	1457	80	13	0	628	579	157	1290
4	5	G	40000	92595	7.405	2.202	7405	10406	0	0	0	10338	27	41	10408
4	5	A	40000	92595	7.405	2.202	7405	5203	0	0	0	5135	27	41	5204
4	5	B	40000	92595	7.405	2.202	7405	5203	0	0	0	5203	0	0	5204
4	6	G	40000	100000	0	0	0	0	0	0	0	0	0	0	2
4	6	A	40000	100000	0	0	0	0	0	0	0	0	0	0	1
4	6	B	40000	100000	0	0	0	0	0	0	0	0	0	0	1
4	7	G	40000	100000	0	0	0	0	0	0	0	0	0	0	2
4	7	A	40000	100000	0	0	0	0	0	0	0	0	0	0	1
4	7	B	40000	100000	0	0	0	0	0	0	0	0	0	0	1
5	0	G	40000	845	99.155	51.4595	99155	8115	155	0	0	6999	379	582	7600
5	0	A	40000	914	99.086	97.656	99086	1430	154	0	0	330	364	582	914
5	0	B	40000	88052	11.948	5.263	11948	6685	1	0	0	6669	15	0	6686
5	0	cSpy was 27 spamed and the readout avoided!
5	1	G	40000	100000	0	0	0	0	0	0	0	0	0	0	2
5	1	A	40000	100000	0	0	0	0	0	0	0	0	0	0	1
5	1	B	40000	100000	0	0	0	0	0	0	0	0	0	0	1
5	2	G	40000	62670	37.33	21.68	37330	26984	8	1	0	26828	5	142	26977
5	2	A	40000	64485	35.515	22.061	35515	13454	2	0	0	13309	2	141	13449
5	2	B	40000	65171	34.829	21.299	34829	13530	6	1	0	13519	3	1	13528
5	2	cSpy was 1 spamed and the readout avoided!
5	3	G	40000	0	100	100	100000	200000	200000	200000	200000	200000	200000	200000	200002
5	3	A	40000	0	100	100	100000	100000	100000	100000	100000	100000	100000	100000	100001
5	3	B	40000	0	100	100	100000	100000	100000	100000	100000	100000	100000	100000	100001
5	4	G	40000	100000	0	0	0	0	0	0	0	0	0	0	2
5	4	A	40000	100000	0	0	0	0	0	0	0	0	0	0	1
5	4	B	40000	100000	0	0	0	0	0	0	0	0	0	0	1
5	5	G	40000	100000	0	0	0	0	0	0	0	0	0	0	2
5	5	A	40000	100000	0	0	0	0	0	0	0	0	0	0	1
5	5	B	40000	100000	0	0	0	0	0	0	0	0	0	0	1
5	6	G	40000	72460	27.54	16.207	27540	22333	0	0	0	22202	24	107	22330
5	6	A	40000	72688	27.312	16.207	27312	11105	0	0	0	10977	21	107	11101
5	6	B	40000	72565	27.435	16.207	27435	11228	0	0	0	11225	3	0	11229
5	7	G	40000	0	100	100	100000	200000	200000	200000	200000	200000	200000	200000	200002
5	7	A	40000	0	100	100	100000	100000	100000	100000	100000	100000	100000	100000	100001
5	7	B	40000	0	100	100	100000	100000	100000	100000	100000	100000	100000	100000	100001
6	0	G	40000	932	99.068	56.051	99068	13795	135	0	0	12794	476	390	13414
6	0	A	40000	1113	98.887	97.4	98887	1487	134	0	0	752	222	379	1111
6	0	B	40000	72990	27.01	14.702	27010	12308	1	0	0	12042	254	11	12303
6	0	cSpy was 13 spamed and the readout avoided!
6	1	G	40000	1420	98.58	93.8635	98580	6357	437	34	2	4276	1109	499	5710
6	1	A	40000	3238	96.762	93.313	96762	3449	235	1	0	2092	825	296	3083
6	1	B	40000	2678	97.322	94.414	97322	2908	202	33	2	2184	284	203	2627
6	1	cSpy was 15 spamed and the readout avoided!
6	2	G	40000	73349	26.651	20.3845	26651	8632	14	1	0	7218	1307	92	8578
6	2	A	40000	75472	24.528	20.038	24528	4490	9	1	0	3621	769	90	4441
6	2	B	40000	75127	24.873	20.731	24873	4142	5	0	0	3597	538	2	4137
6	2	cSpy was 2 spamed and the readout avoided!
6	3	G	40000	100000	0	0	0	0	0	0	0	0	0	0	2
6	3	A	40000	100000	0	0	0	0	0	0	0	0	0	0	1
6	3	B	40000	100000	0	0	0	0	0	0	0	0	0	0	1
6	4	G	40000	98914	1.086	0.3825	1086	1141	0	0	0	1135	0	6	1143
6	4	A	40000	98987	1.013	0.416	1013	597	0	0	0	591	0	6	598
6	4	B	40000	99107	0.893003	0.349	893	544	0	0	0	544	0	0	545
6	5	G	40000	97	99.903	98.995	99903	1187	71	0	0	150	517	449	819
6	5	A	40000	473	99.527	98.974	99527	553	14	0	0	38	414	87	469
6	5	B	40000	350	99.65	99.016	99650	634	57	0	0	112	103	362	350
6	5	cSpy was 26 spamed and the readout avoided!
6	6	G	40000	83887	16.113	3.232	16113	22650	0	0	0	22222	355	73	22649
6	6	A	40000	85538	14.462	3.117	14462	11345	0	0	0	10952	323	70	11343
6	6	B	40000	85348	14.652	3.347	14652	11305	0	0	0	11270	32	3	11306
6	7	G	40000	100000	0	0	0	0	0	0	0	0	0	0	2
6	7	A	40000	100000	0	0	0	0	0	0	0	0	0	0	1
6	7	B	40000	100000	0	0	0	0	0	0	0	0	0	0	1
7	0	G	40000	1097	98.903	89.6535	98903	10189	343	8	0	9096	421	321	9763
7	0	A	40000	2200	97.8	95.302	97800	2498	191	5	0	1911	117	274	2179
7	0	B	40000	8304	91.696	84.005	91696	7691	152	3	0	7185	304	47	7584
7	0	cSpy was 25 spamed and the readout avoided!
7	1	G	40000	100000	0	0	0	0	0	0	0	0	0	0	2
7	1	A	40000	100000	0	0	0	0	0	0	0	0	0	0	1
7	1	B	40000	100000	0	0	0	0	0	0	0	0	0	0	1
7	2	G	40000	100000	0	0	0	0	0	0	0	0	0	0	2
7	2	A	40000	100000	0	0	0	0	0	0	0	0	0	0	1
7	2	B	40000	100000	0	0	0	0	0	0	0	0	0	0	1
7	3	G	40000	25368	74.632	33.901	74632	46786	0	0	0	45658	1035	93	46776
7	3	A	40000	37747	62.253	39.877	62253	22376	0	0	0	22144	139	93	22365
7	3	B	40000	47665	52.335	27.925	52335	24410	0	0	0	23514	896	0	24411
7	4	G	40000	5255	94.745	81.95	94745	17665	238	14	0	13553	3305	555	17227
7	4	A	40000	9651	90.349	81.028	90349	9321	136	10	0	6770	1927	478	8974
7	4	B	40000	8784	91.216	82.872	91216	8344	102	4	0	6783	1378	77	8253
7	4	cSpy was 13 spamed and the readout avoided!
7	5	G	40000	100000	0	0	0	0	0	0	0	0	0	0	2
7	5	A	40000	100000	0	0	0	0	0	0	0	0	0	0	1
7	5	B	40000	100000	0	0	0	0	0	0	0	0	0	0	1
7	6	G	40000	100000	0	0	0	0	0	0	0	0	0	0	2
7	6	A	40000	100000	0	0	0	0	0	0	0	0	0	0	1
7	6	B	40000	100000	0	0	0	0	0	0	0	0	0	0	1
7	7	G	40000	69390	30.61	10.332	30610	22815	0	0	0	22649	118	48	22810
7	7	A	40000	76468	23.532	11.942	23532	11590	0	0	0	11501	43	46	11584
7	7	B	40000	80053	19.947	8.722	19947	11225	0	0	0	11148	75	2	11226
