#the gain was set to: 2	the bias was set to: 30
#Sent triggers per delay setting: 100000	and with a frequency [Hz] of: 40000
#160MHz delay setting	400MHz delay setting	Frequency	correct transmitted H+T		error rate [%]	uncertainty [%]	bad or missed events	error count	missing headers	missing trailers	flipped H/T	event nr errors	tbm missed trigger	unknown errors	event nr resets
0	0	G	40000	409	99.591	60.468	99591	18680	149	0	0	15748	1920	863	18090
0	0	A	40000	582	99.418	98.246	99418	1172	149	0	0	55	105	863	582
0	0	B	40000	59802	40.198	22.69	40198	17508	0	0	0	15693	1815	0	17508
0	0	cSpy was 74 spamed and the readout avoided!
0	1	G	40000	77516	22.484	8.1305	22484	17008	0	0	0	16916	73	19	17008
0	1	A	40000	84476	15.524	6.837	15524	8687	0	0	0	8611	57	19	8686
0	1	B	40000	82255	17.745	9.424	17745	8321	0	0	0	8305	16	0	8322
0	2	G	40000	0	100	100	100000	200000	200000	200000	200000	200000	200000	200000	200002
0	2	A	40000	0	100	100	100000	100000	100000	100000	100000	100000	100000	100000	100001
0	2	B	40000	0	100	100	100000	100000	100000	100000	100000	100000	100000	100000	100001
0	3	G	40000	98360	1.64	0.956	1640	1368	0	0	0	1368	0	0	1370
0	3	A	40000	98360	1.64	0.956	1640	684	0	0	0	684	0	0	685
0	3	B	40000	98360	1.64	0.956	1640	684	0	0	0	684	0	0	685
0	4	G	40000	100000	0	0	0	0	0	0	0	0	0	0	2
0	4	A	40000	100000	0	0	0	0	0	0	0	0	0	0	1
0	4	B	40000	100000	0	0	0	0	0	0	0	0	0	0	1
0	5	G	40000	97998	2.002	0.7585	2002	1523	0	0	0	1515	7	1	1524
0	5	A	40000	98576	1.424	0.646	1424	778	0	0	0	771	6	1	778
0	5	B	40000	98384	1.616	0.871	1616	745	0	0	0	744	1	0	746
0	6	G	40000	0	100	100	100000	200000	200000	200000	200000	200000	200000	200000	200002
0	6	A	40000	0	100	100	100000	100000	100000	100000	100000	100000	100000	100000	100001
0	6	B	40000	0	100	100	100000	100000	100000	100000	100000	100000	100000	100000	100001
0	7	G	40000	30140	69.86	50.947	69860	28223	31	0	0	25781	2084	327	28070
0	7	A	40000	34809	65.191	51.165	65191	14026	7	0	0	12747	1022	250	13923
0	7	B	40000	35074	64.926	50.729	64926	14197	24	0	0	13034	1062	77	14147
0	7	cSpy was 51 spamed and the readout avoided!
1	0	G	40000	0	100	100	100000	200000	200000	200000	200000	200000	200000	200000	200002
1	0	A	40000	0	100	100	100000	100000	100000	100000	100000	100000	100000	100000	100001
1	0	B	40000	0	100	100	100000	100000	100000	100000	100000	100000	100000	100000	100001
1	1	G	40000	35107	64.893	40.241	64893	36309	36	0	0	33377	2467	429	36114
1	1	A	40000	41581	58.419	40.15	58419	18269	16	0	0	16590	1254	409	18090
1	1	B	40000	41628	58.372	40.332	58372	18040	20	0	0	16787	1213	20	18024
1	2	G	40000	100000	0	0	0	0	0	0	0	0	0	0	2
1	2	A	40000	100000	0	0	0	0	0	0	0	0	0	0	1
1	2	B	40000	100000	0	0	0	0	0	0	0	0	0	0	1
1	3	G	40000	100000	0	0	0	0	0	0	0	0	0	0	2
1	3	A	40000	100000	0	0	0	0	0	0	0	0	0	0	1
1	3	B	40000	100000	0	0	0	0	0	0	0	0	0	0	1
1	4	G	40000	0	100	99.978	100000	28	0	0	0	2	1	25	16
1	4	A	40000	0	100	100	100000	0	0	0	0	0	0	0	0
1	4	B	40000	16	99.984	99.956	99984	28	0	0	0	2	1	25	16
1	5	G	40000	0	100	100	100000	200000	200000	200000	200000	200000	200000	200000	200002
1	5	A	40000	0	100	100	100000	100000	100000	100000	100000	100000	100000	100000	100001
1	5	B	40000	0	100	100	100000	100000	100000	100000	100000	100000	100000	100000	100001
1	6	G	40000	100000	0	0	0	0	0	0	0	0	0	0	2
1	6	A	40000	100000	0	0	0	0	0	0	0	0	0	0	1
1	6	B	40000	100000	0	0	0	0	0	0	0	0	0	0	1
1	7	G	40000	100000	0	0	0	0	0	0	0	0	0	0	2
1	7	A	40000	100000	0	0	0	0	0	0	0	0	0	0	1
1	7	B	40000	100000	0	0	0	0	0	0	0	0	0	0	1
2	0	G	40000	5854	94.146	44.1775	94146	6230	146	0	0	5506	171	407	5876
2	0	A	40000	5876	94.124	88.218	94124	5906	146	0	0	5303	50	407	5551
2	0	B	40000	99539	0.461	0.137	461	324	0	0	0	203	121	0	325
2	1	G	40000	100000	0	0	0	0	0	0	0	0	0	0	2
2	1	A	40000	100000	0	0	0	0	0	0	0	0	0	0	1
2	1	B	40000	100000	0	0	0	0	0	0	0	0	0	0	1
2	2	G	40000	89587	10.413	4.3735	10413	11553	1	1	0	11544	0	7	11551
2	2	A	40000	89852	10.148	4.408	10148	5740	0	1	0	5737	0	2	5740
2	2	B	40000	89848	10.152	4.339	10152	5813	1	0	0	5807	0	5	5811
2	3	G	40000	0	100	100	100000	200000	200000	200000	200000	200000	200000	200000	200002
2	3	A	40000	0	100	100	100000	100000	100000	100000	100000	100000	100000	100000	100001
2	3	B	40000	0	100	100	100000	100000	100000	100000	100000	100000	100000	100000	100001
2	4	G	40000	100000	0	0	0	0	0	0	0	0	0	0	2
2	4	A	40000	100000	0	0	0	0	0	0	0	0	0	0	1
2	4	B	40000	100000	0	0	0	0	0	0	0	0	0	0	1
2	5	G	40000	100000	0	0	0	0	0	0	0	0	0	0	2
2	5	A	40000	100000	0	0	0	0	0	0	0	0	0	0	1
2	5	B	40000	100000	0	0	0	0	0	0	0	0	0	0	1
2	6	G	40000	98107	1.893	0.4055	1893	2974	0	0	0	2974	0	0	2976
2	6	A	40000	98107	1.893	0.406	1893	1487	0	0	0	1487	0	0	1488
2	6	B	40000	98108	1.892	0.405	1892	1487	0	0	0	1487	0	0	1488
2	7	G	40000	29	99.971	99.223	99971	869	46	0	0	369	230	224	685
2	7	A	40000	83	99.917	99.795	99917	122	1	0	0	24	43	54	83
2	7	B	40000	602	99.398	98.651	99398	747	45	0	0	345	187	170	602
2	7	cSpy was 62 spamed and the readout avoided!
3	0	G	40000	1430	98.57	68.8335	98570	14848	221	2	0	14084	204	337	14471
3	0	A	40000	1958	98.042	95.718	98042	2324	219	2	0	1596	170	337	1947
3	0	B	40000	45527	54.473	41.949	54473	12524	2	0	0	12488	34	0	12524
3	0	cSpy was 21 spamed and the readout avoided!
3	1	G	40000	0	100	100	100000	200000	200000	200000	200000	200000	200000	200000	200002
3	1	A	40000	0	100	100	100000	100000	100000	100000	100000	100000	100000	100000	100001
3	1	B	40000	0	100	100	100000	100000	100000	100000	100000	100000	100000	100000	100001
3	2	G	40000	14437	85.563	70.518	85563	22290	154	0	0	20313	1208	615	21877
3	2	A	40000	18223	81.777	70.567	81777	11210	60	0	0	10014	609	527	10887
3	2	B	40000	18451	81.549	70.469	81549	11080	94	0	0	10299	599	88	10990
3	2	cSpy was 2 spamed and the readout avoided!
3	3	G	40000	100000	0	0	0	0	0	0	0	0	0	0	2
3	3	A	40000	100000	0	0	0	0	0	0	0	0	0	0	1
3	3	B	40000	100000	0	0	0	0	0	0	0	0	0	0	1
3	4	G	40000	97400	2.6	1.2195	2600	2429	0	0	0	2417	0	12	2430
3	4	A	40000	97576	2.424	1.202	2424	1222	0	0	0	1210	0	12	1222
3	4	B	40000	97556	2.444	1.237	2444	1207	0	0	0	1207	0	0	1208
3	5	G	40000	1064	98.936	96.774	98936	3378	21	0	0	2628	13	716	2812
3	5	A	40000	1556	98.444	96.583	98444	1861	10	0	0	1271	6	574	1421
3	5	B	40000	1518	98.482	96.965	98482	1517	11	0	0	1357	7	142	1391
3	5	cSpy was 63 spamed and the readout avoided!
3	6	G	40000	3191	96.809	88.347	96809	11390	205	17	1	9442	1155	570	10984
3	6	A	40000	5540	94.46	89.082	94460	5378	30	0	0	4413	484	451	5124
3	6	B	40000	6376	93.624	87.612	93624	6012	175	17	1	5029	671	119	5860
3	6	cSpy was 7 spamed and the readout avoided!
3	7	G	40000	100000	0	0	0	0	0	0	0	0	0	0	2
3	7	A	40000	100000	0	0	0	0	0	0	0	0	0	0	1
3	7	B	40000	100000	0	0	0	0	0	0	0	0	0	0	1
4	0	G	40000	223	99.777	98.3445	99777	1859	194	0	0	1059	194	412	1448
4	0	A	40000	570	99.43	98.594	99430	836	89	0	0	383	74	290	567
4	0	B	40000	882	99.118	98.095	99118	1023	105	0	0	676	120	122	881
4	0	cSpy was 50 spamed and the readout avoided!
4	1	G	40000	100000	0	0	0	0	0	0	0	0	0	0	2
4	1	A	40000	100000	0	0	0	0	0	0	0	0	0	0	1
4	1	B	40000	100000	0	0	0	0	0	0	0	0	0	0	1
4	2	G	40000	100000	0	0	0	0	0	0	0	0	0	0	2
4	2	A	40000	100000	0	0	0	0	0	0	0	0	0	0	1
4	2	B	40000	100000	0	0	0	0	0	0	0	0	0	0	1
4	3	G	40000	58005	41.995	16.206	41995	28632	0	0	0	27918	660	54	28623
4	3	A	40000	67206	32.794	18.786	32794	14008	0	0	0	13687	267	54	13998
4	3	B	40000	71750	28.25	13.626	28250	14624	0	0	0	14231	393	0	14625
4	4	G	40000	2867	97.133	89.475	97133	10569	433	25	0	7200	2238	673	9914
4	4	A	40000	5210	94.79	89.573	94790	5217	193	0	0	3197	1353	474	4807
4	4	B	40000	5271	94.729	89.377	94729	5352	240	25	0	4003	885	199	5107
4	4	cSpy was 26 spamed and the readout avoided!
4	5	G	40000	99998	0.00200272	0.001	2	2	0	0	0	2	0	0	4
4	5	A	40000	99998	0.00200272	0.001	2	1	0	0	0	1	0	0	2
4	5	B	40000	99998	0.00200272	0.001	2	1	0	0	0	1	0	0	2
4	6	G	40000	100000	0	0	0	0	0	0	0	0	0	0	2
4	6	A	40000	100000	0	0	0	0	0	0	0	0	0	0	1
4	6	B	40000	100000	0	0	0	0	0	0	0	0	0	0	1
4	7	G	40000	99525	0.475001	0.182	475	476	0	0	0	475	0	1	478
4	7	A	40000	99545	0.454998	0.2	455	255	0	0	0	254	0	1	256
4	7	B	40000	99615	0.384998	0.164	385	221	0	0	0	221	0	0	222
5	0	G	40000	729	99.271	53.1855	99271	11155	155	0	0	9962	364	674	10595
5	0	A	40000	807	99.193	97.825	99193	1368	155	0	0	220	320	673	807
5	0	B	40000	81667	18.333	8.546	18333	9787	0	0	0	9742	44	1	9788
5	0	cSpy was 28 spamed and the readout avoided!
5	1	G	40000	99982	0.0180006	0.004	18	28	0	0	0	28	0	0	30
5	1	A	40000	99982	0.0180006	0.004	18	14	0	0	0	14	0	0	15
5	1	B	40000	99982	0.0180006	0.004	18	14	0	0	0	14	0	0	15
5	2	G	40000	0	100	100	100000	200000	200000	200000	200000	200000	200000	200000	200002
5	2	A	40000	0	100	100	100000	100000	100000	100000	100000	100000	100000	100000	100001
5	2	B	40000	0	100	100	100000	100000	100000	100000	100000	100000	100000	100000	100001
5	3	G	40000	6480	93.52	81.077	93520	18010	60	2	0	16603	883	462	17747
5	3	A	40000	10344	89.656	80.163	89656	9493	21	0	0	8626	431	415	9274
5	3	B	40000	9492	90.508	81.991	90508	8517	39	2	0	7977	452	47	8473
5	3	cSpy was 3 spamed and the readout avoided!
5	4	G	40000	100000	0	0	0	0	0	0	0	0	0	0	2
5	4	A	40000	100000	0	0	0	0	0	0	0	0	0	0	1
5	4	B	40000	100000	0	0	0	0	0	0	0	0	0	0	1
5	5	G	40000	100000	0	0	0	0	0	0	0	0	0	0	2
5	5	A	40000	100000	0	0	0	0	0	0	0	0	0	0	1
5	5	B	40000	100000	0	0	0	0	0	0	0	0	0	0	1
5	6	G	40000	67279	32.721	19.1665	32721	26003	0	0	0	25828	55	120	26003
5	6	A	40000	67801	32.199	19.194	32199	13005	0	0	0	12851	35	119	13004
5	6	B	40000	67863	32.137	19.139	32137	12998	0	0	0	12977	20	1	12999
5	7	G	40000	1136	98.864	93.565	98864	6463	166	2	0	4351	1346	598	6023
5	7	A	40000	4314	95.686	91.398	95686	4288	63	1	0	2839	984	401	4028
5	7	B	40000	2093	97.907	95.732	97907	2175	103	1	0	1512	362	197	1995
5	7	cSpy was 53 spamed and the readout avoided!
6	0	G	40000	654	99.346	59.8355	99346	16455	125	0	0	15168	685	477	16010
6	0	A	40000	856	99.144	97.844	99144	1300	125	0	0	453	247	475	855
6	0	B	40000	63018	36.982	21.827	36982	15155	0	0	0	14715	438	2	15155
6	0	cSpy was 12 spamed and the readout avoided!
6	1	G	40000	0	100	100	100000	200000	200000	200000	200000	200000	200000	200000	200002
6	1	A	40000	0	100	100	100000	100000	100000	100000	100000	100000	100000	100000	100001
6	1	B	40000	0	100	100	100000	100000	100000	100000	100000	100000	100000	100000	100001
6	2	G	40000	100000	0	0	0	0	0	0	0	0	0	0	2
6	2	A	40000	100000	0	0	0	0	0	0	0	0	0	0	1
6	2	B	40000	100000	0	0	0	0	0	0	0	0	0	0	1
6	3	G	40000	100000	0	0	0	0	0	0	0	0	0	0	2
6	3	A	40000	100000	0	0	0	0	0	0	0	0	0	0	1
6	3	B	40000	100000	0	0	0	0	0	0	0	0	0	0	1
6	4	G	40000	87355	12.645	6.54	12645	11893	0	0	0	11552	297	44	11886
6	4	A	40000	87541	12.459	6.54	12459	5919	0	0	0	5694	181	44	5911
6	4	B	40000	87486	12.514	6.54	12514	5974	0	0	0	5858	116	0	5975
6	5	G	40000	0	100	100	100000	200000	200000	200000	200000	200000	200000	200000	200002
6	5	A	40000	0	100	100	100000	100000	100000	100000	100000	100000	100000	100000	100001
6	5	B	40000	0	100	100	100000	100000	100000	100000	100000	100000	100000	100000	100001
6	6	G	40000	99495	0.505	0.239	505	530	0	0	0	527	0	3	531
6	6	A	40000	99496	0.503999	0.239	504	265	0	0	0	262	0	3	265
6	6	B	40000	99496	0.503999	0.239	504	265	0	0	0	265	0	0	266
6	7	G	40000	100000	0	0	0	0	0	0	0	0	0	0	2
6	7	A	40000	100000	0	0	0	0	0	0	0	0	0	0	1
6	7	B	40000	100000	0	0	0	0	0	0	0	0	0	0	1
7	0	G	40000	1234	98.766	71.886	98766	14613	208	0	0	13246	841	318	14247
7	0	A	40000	1968	98.032	95.775	98032	2257	160	0	0	1563	268	266	1953
7	0	B	40000	39647	60.353	47.997	60353	12356	48	0	0	11683	573	52	12294
7	0	cSpy was 29 spamed and the readout avoided!
7	1	G	40000	100000	0	0	0	0	0	0	0	0	0	0	2
7	1	A	40000	100000	0	0	0	0	0	0	0	0	0	0	1
7	1	B	40000	100000	0	0	0	0	0	0	0	0	0	0	1
7	2	G	40000	99957	0.0429988	0.016	43	40	0	0	0	39	1	0	42
7	2	A	40000	99962	0.037998	0.017	38	21	0	0	0	21	0	0	22
7	2	B	40000	99966	0.0339985	0.015	34	19	0	0	0	18	1	0	20
7	3	G	40000	24980	75.02	34.419	75020	46702	0	0	0	46038	566	98	46696
7	3	A	40000	37257	62.743	40.437	62743	22306	0	0	0	22076	136	94	22303
7	3	B	40000	47203	52.797	28.401	52797	24396	0	0	0	23962	430	4	24393
7	4	G	40000	23814	76.186	47.535	76186	39349	18	0	0	33288	5971	72	39316
7	4	A	40000	33164	66.836	46.791	66836	20045	10	0	0	16093	3870	72	20017
7	4	B	40000	32417	67.583	48.279	67583	19304	8	0	0	17195	2101	0	19299
7	5	G	40000	100000	0	0	0	0	0	0	0	0	0	0	2
7	5	A	40000	100000	0	0	0	0	0	0	0	0	0	0	1
7	5	B	40000	100000	0	0	0	0	0	0	0	0	0	0	1
7	6	G	40000	100000	0	0	0	0	0	0	0	0	0	0	2
7	6	A	40000	100000	0	0	0	0	0	0	0	0	0	0	1
7	6	B	40000	100000	0	0	0	0	0	0	0	0	0	0	1
7	7	G	40000	38896	61.104	25.2725	61104	39913	0	0	0	38411	1415	87	39891
7	7	A	40000	50995	49.005	29.638	49005	19367	0	0	0	18754	526	87	19344
7	7	B	40000	58547	41.453	20.907	41453	20546	0	0	0	19657	889	0	20547
