#the gain was set to: 2	the bias was set to: 30
#Sent triggers per delay setting: 100000	and with a frequency [Hz] of: 40000
#160MHz delay setting	400MHz delay setting	Frequency	correct transmitted H+T		error rate [%]	uncertainty [%]	bad or missed events	error count	missing headers	missing trailers	flipped H/T	event nr errors	tbm missed trigger	unknown errors	event nr resets
0	0	G	40000	508	99.492	56.497	99492	14865	142	0	0	12088	1811	824	14343
0	0	A	40000	648	99.352	98.181	99352	1171	142	0	0	112	93	824	648
0	0	B	40000	71493	28.507	14.813	28507	13694	0	0	0	11976	1718	0	13695
0	0	cSpy was 47 spamed and the readout avoided!
0	1	G	40000	99354	0.646001	0.143	646	990	0	0	0	990	0	0	992
0	1	A	40000	99362	0.638002	0.143	638	495	0	0	0	495	0	0	496
0	1	B	40000	99362	0.638002	0.143	638	495	0	0	0	495	0	0	496
0	2	G	40000	0	100	100	100000	200000	200000	200000	200000	200000	200000	200000	200002
0	2	A	40000	0	100	100	100000	100000	100000	100000	100000	100000	100000	100000	100001
0	2	B	40000	0	100	100	100000	100000	100000	100000	100000	100000	100000	100000	100001
0	3	G	40000	0	100	100	100000	200000	200000	200000	200000	200000	200000	200000	200002
0	3	A	40000	0	100	100	100000	100000	100000	100000	100000	100000	100000	100000	100001
0	3	B	40000	0	100	100	100000	100000	100000	100000	100000	100000	100000	100000	100001
0	4	G	40000	100000	0	0	0	0	0	0	0	0	0	0	2
0	4	A	40000	100000	0	0	0	0	0	0	0	0	0	0	1
0	4	B	40000	100000	0	0	0	0	0	0	0	0	0	0	1
0	5	G	40000	99992	0.00799894	0	8	16	0	0	0	16	0	0	18
0	5	A	40000	99992	0.00799894	0	8	8	0	0	0	8	0	0	9
0	5	B	40000	99992	0.00799894	0	8	8	0	0	0	8	0	0	9
0	6	G	40000	71499	28.501	17.2185	28501	14447	407	22	0	13455	509	54	14312
0	6	A	40000	78264	21.736	14.648	21736	7088	72	0	0	6961	1	54	7027
0	6	B	40000	72852	27.148	19.789	27148	7359	335	22	0	6494	508	0	7285
0	6	cSpy was 20 spamed and the readout avoided!
0	7	G	40000	0	100	100	100000	200000	200000	200000	200000	200000	200000	200000	200002
0	7	A	40000	0	100	100	100000	100000	100000	100000	100000	100000	100000	100000	100001
0	7	B	40000	0	100	100	100000	100000	100000	100000	100000	100000	100000	100000	100001
1	0	G	40000	1558	98.442	81.456	98442	17490	295	22	0	16274	277	622	16909
1	0	A	40000	2887	97.113	93.824	97113	3289	183	1	0	2530	62	513	2845
1	0	B	40000	16711	83.289	69.088	83289	14201	112	21	0	13744	215	109	14064
1	0	cSpy was 49 spamed and the readout avoided!
1	1	G	40000	0	100	100	100000	200000	200000	200000	200000	200000	200000	200000	200002
1	1	A	40000	0	100	100	100000	100000	100000	100000	100000	100000	100000	100000	100001
1	1	B	40000	0	100	100	100000	100000	100000	100000	100000	100000	100000	100000	100001
1	2	G	40000	100000	0	0	0	0	0	0	0	0	0	0	2
1	2	A	40000	100000	0	0	0	0	0	0	0	0	0	0	1
1	2	B	40000	100000	0	0	0	0	0	0	0	0	0	0	1
1	3	G	40000	100000	0	0	0	0	0	0	0	0	0	0	2
1	3	A	40000	100000	0	0	0	0	0	0	0	0	0	0	1
1	3	B	40000	100000	0	0	0	0	0	0	0	0	0	0	1
1	4	G	40000	78761	21.239	12.8425	21239	12609	64	11	0	12156	375	3	12600
1	4	A	40000	81049	18.951	12.878	18951	6073	1	0	0	6069	0	3	6073
1	4	B	40000	80657	19.343	12.807	19343	6536	63	11	0	6087	375	0	6527
1	4	cSpy was 9 spamed and the readout avoided!
1	5	G	40000	0	100	100	100000	200000	200000	200000	200000	200000	200000	200000	200002
1	5	A	40000	0	100	100	100000	100000	100000	100000	100000	100000	100000	100000	100001
1	5	B	40000	0	100	100	100000	100000	100000	100000	100000	100000	100000	100000	100001
1	6	G	40000	100000	0	0	0	0	0	0	0	0	0	0	2
1	6	A	40000	100000	0	0	0	0	0	0	0	0	0	0	1
1	6	B	40000	100000	0	0	0	0	0	0	0	0	0	0	1
1	7	G	40000	100000	0	0	0	0	0	0	0	0	0	0	2
1	7	A	40000	100000	0	0	0	0	0	0	0	0	0	0	1
1	7	B	40000	100000	0	0	0	0	0	0	0	0	0	0	1
2	0	G	40000	8443	91.557	41.8345	91557	8218	114	0	0	7620	123	361	7938
2	0	A	40000	8470	91.53	83.625	91530	7905	114	0	0	7373	57	361	7624
2	0	B	40000	99643	0.357002	0.044	357	313	0	0	0	247	66	0	314
2	1	G	40000	100000	0	0	0	0	0	0	0	0	0	0	2
2	1	A	40000	100000	0	0	0	0	0	0	0	0	0	0	1
2	1	B	40000	100000	0	0	0	0	0	0	0	0	0	0	1
2	2	G	40000	91203	8.797	3.378	8797	7728	0	0	0	7720	6	2	7730
2	2	A	40000	93189	6.811	2.937	6811	3874	0	0	0	3869	3	2	3875
2	2	B	40000	92327	7.673	3.819	7673	3854	0	0	0	3851	3	0	3855
2	3	G	40000	0	100	100	100000	200000	200000	200000	200000	200000	200000	200000	200002
2	3	A	40000	0	100	100	100000	100000	100000	100000	100000	100000	100000	100000	100001
2	3	B	40000	0	100	100	100000	100000	100000	100000	100000	100000	100000	100000	100001
2	4	G	40000	93972	6.028	3.109	6028	5780	0	0	0	5734	46	0	5782
2	4	A	40000	93995	6.005	3.116	6005	2889	0	0	0	2866	23	0	2890
2	4	B	40000	94007	5.993	3.102	5993	2891	0	0	0	2868	23	0	2892
2	5	G	40000	100000	0	0	0	0	0	0	0	0	0	0	2
2	5	A	40000	100000	0	0	0	0	0	0	0	0	0	0	1
2	5	B	40000	100000	0	0	0	0	0	0	0	0	0	0	1
2	6	G	40000	99074	0.926	0.377	926	767	0	0	0	766	0	1	769
2	6	A	40000	99269	0.730997	0.346	731	385	0	0	0	384	0	1	386
2	6	B	40000	99210	0.79	0.408	790	382	0	0	0	382	0	0	383
2	7	G	40000	0	100	99.977	100000	44	0	0	0	1	0	43	2
2	7	A	40000	0	100	99.959	100000	41	0	0	0	0	0	41	0
2	7	B	40000	2	99.998	99.995	99998	3	0	0	0	1	0	2	2
2	7	cSpy was 1 spamed and the readout avoided!
3	0	G	40000	1954	98.046	67.021	98046	16004	219	2	0	15389	120	274	15653
3	0	A	40000	2717	97.283	94.244	97283	3039	218	2	0	2426	119	274	2689
3	0	B	40000	47237	52.763	39.798	52763	12965	1	0	0	12963	1	0	12964
3	0	cSpy was 21 spamed and the readout avoided!
3	1	G	40000	11038	88.962	80.2495	88962	13541	7	0	0	12613	53	868	12790
3	1	A	40000	13021	86.979	80.046	86979	6933	5	0	0	6272	26	630	6416
3	1	B	40000	12939	87.061	80.453	87061	6608	2	0	0	6341	27	238	6374
3	1	cSpy was 90 spamed and the readout avoided!
3	2	G	40000	8614	91.386	82.6595	91386	13338	125	3	0	11448	1164	598	12953
3	2	A	40000	10441	89.559	83.048	89559	6511	22	0	0	5535	496	458	6254
3	2	B	40000	10902	89.098	82.271	89098	6827	103	3	0	5913	668	140	6699
3	2	cSpy was 11 spamed and the readout avoided!
3	3	G	40000	100000	0	0	0	0	0	0	0	0	0	0	2
3	3	A	40000	100000	0	0	0	0	0	0	0	0	0	0	1
3	3	B	40000	100000	0	0	0	0	0	0	0	0	0	0	1
3	4	G	40000	100000	0	0	0	0	0	0	0	0	0	0	2
3	4	A	40000	100000	0	0	0	0	0	0	0	0	0	0	1
3	4	B	40000	100000	0	0	0	0	0	0	0	0	0	0	1
3	5	G	40000	19689	80.311	75.6455	80311	7786	34	0	0	6912	8	832	7304
3	5	A	40000	20431	79.569	75.539	79569	4030	12	0	0	3290	6	722	3614
3	5	B	40000	20492	79.508	75.752	79508	3756	22	0	0	3622	2	110	3690
3	5	cSpy was 54 spamed and the readout avoided!
3	6	G	40000	542	99.458	97.214	99458	2982	205	2	0	1597	596	582	2529
3	6	A	40000	1247	98.753	97.269	98753	1484	68	0	0	696	294	426	1196
3	6	B	40000	1343	98.657	97.159	98657	1498	137	2	0	901	302	156	1333
3	6	cSpy was 61 spamed and the readout avoided!
3	7	G	40000	100000	0	0	0	0	0	0	0	0	0	0	2
3	7	A	40000	100000	0	0	0	0	0	0	0	0	0	0	1
3	7	B	40000	100000	0	0	0	0	0	0	0	0	0	0	1
4	0	G	40000	164	99.836	98.714	99836	1478	115	0	0	659	267	437	1086
4	0	A	40000	578	99.422	98.643	99422	779	52	0	0	302	198	227	571
4	0	B	40000	516	99.484	98.785	99484	699	63	0	0	357	69	210	515
4	0	cSpy was 27 spamed and the readout avoided!
4	1	G	40000	99992	0.00799894	0.004	8	8	0	0	0	8	0	0	10
4	1	A	40000	99992	0.00799894	0.004	8	4	0	0	0	4	0	0	5
4	1	B	40000	99992	0.00799894	0.004	8	4	0	0	0	4	0	0	5
4	2	G	40000	100000	0	0	0	0	0	0	0	0	0	0	2
4	2	A	40000	100000	0	0	0	0	0	0	0	0	0	0	1
4	2	B	40000	100000	0	0	0	0	0	0	0	0	0	0	1
4	3	G	40000	97934	2.066	0.648	2066	2690	0	0	0	2680	1	9	2691
4	3	A	40000	98007	1.993	0.648	1993	1345	0	0	0	1335	1	9	1345
4	3	B	40000	98007	1.993	0.648	1993	1345	0	0	0	1345	0	0	1346
4	4	G	40000	0	100	100	100000	200000	200000	200000	200000	200000	200000	200000	200002
4	4	A	40000	0	100	100	100000	100000	100000	100000	100000	100000	100000	100000	100001
4	4	B	40000	0	100	100	100000	100000	100000	100000	100000	100000	100000	100000	100001
4	5	G	40000	86520	13.48	7.568	13480	11666	0	0	0	11251	352	63	11652
4	5	A	40000	86585	13.415	7.567	13415	5848	0	0	0	5523	262	63	5833
4	5	B	40000	86613	13.387	7.569	13387	5818	0	0	0	5728	90	0	5819
4	6	G	40000	100000	0	0	0	0	0	0	0	0	0	0	2
4	6	A	40000	100000	0	0	0	0	0	0	0	0	0	0	1
4	6	B	40000	100000	0	0	0	0	0	0	0	0	0	0	1
4	7	G	40000	100000	0	0	0	0	0	0	0	0	0	0	2
4	7	A	40000	100000	0	0	0	0	0	0	0	0	0	0	1
4	7	B	40000	100000	0	0	0	0	0	0	0	0	0	0	1
5	0	G	40000	832	99.168	51.392	99168	8098	156	0	0	6978	363	601	7569
5	0	A	40000	911	99.089	97.648	99089	1441	156	0	0	341	343	601	911
5	0	B	40000	88207	11.793	5.136	11793	6657	0	0	0	6637	20	0	6658
5	0	cSpy was 26 spamed and the readout avoided!
5	1	G	40000	100000	0	0	0	0	0	0	0	0	0	0	2
5	1	A	40000	100000	0	0	0	0	0	0	0	0	0	0	1
5	1	B	40000	100000	0	0	0	0	0	0	0	0	0	0	1
5	2	G	40000	64542	35.458	20.4425	35458	26996	0	0	0	26866	1	129	26996
5	2	A	40000	65814	34.186	20.634	34186	13552	0	0	0	13423	1	128	13552
5	2	B	40000	66305	33.695	20.251	33695	13444	0	0	0	13443	0	1	13444
5	3	G	40000	3350	96.65	87.8455	96650	11854	152	0	0	9866	1070	766	11274
5	3	A	40000	7330	92.67	85.669	92670	7001	49	0	0	5608	832	512	6660
5	3	B	40000	5125	94.875	90.022	94875	4853	103	0	0	4258	238	254	4614
5	3	cSpy was 86 spamed and the readout avoided!
5	4	G	40000	100000	0	0	0	0	0	0	0	0	0	0	2
5	4	A	40000	100000	0	0	0	0	0	0	0	0	0	0	1
5	4	B	40000	100000	0	0	0	0	0	0	0	0	0	0	1
5	5	G	40000	100000	0	0	0	0	0	0	0	0	0	0	2
5	5	A	40000	100000	0	0	0	0	0	0	0	0	0	0	1
5	5	B	40000	100000	0	0	0	0	0	0	0	0	0	0	1
5	6	G	40000	68507	31.493	18.548	31493	25504	0	0	0	25340	44	120	25490
5	6	A	40000	68783	31.217	18.548	31217	12669	0	0	0	12520	30	119	12654
5	6	B	40000	68617	31.383	18.548	31383	12835	0	0	0	12820	14	1	12836
5	7	G	40000	0	100	100	100000	200000	200000	200000	200000	200000	200000	200000	200002
5	7	A	40000	0	100	100	100000	100000	100000	100000	100000	100000	100000	100000	100001
5	7	B	40000	0	100	100	100000	100000	100000	100000	100000	100000	100000	100000	100001
6	0	G	40000	927	99.073	58.408	99073	14403	231	1	0	13366	428	377	13997
6	0	A	40000	1164	98.836	97.294	98836	1542	173	0	0	772	229	368	1163
6	0	B	40000	67617	32.383	19.522	32383	12861	58	1	0	12594	199	9	12834
6	0	cSpy was 22 spamed and the readout avoided!
6	1	G	40000	1329	98.671	94.52	98671	5662	372	25	2	3637	1096	530	5073
6	1	A	40000	2836	97.164	94.22	97164	2944	184	2	0	1769	739	250	2657
6	1	B	40000	2462	97.538	94.82	97538	2718	188	23	2	1868	357	280	2416
6	1	cSpy was 88 spamed and the readout avoided!
6	2	G	40000	99854	0.146002	0.0465	146	198	0	0	0	198	0	0	200
6	2	A	40000	99855	0.145	0.046	145	99	0	0	0	99	0	0	100
6	2	B	40000	99854	0.146002	0.047	146	99	0	0	0	99	0	0	100
6	3	G	40000	100000	0	0	0	0	0	0	0	0	0	0	2
6	3	A	40000	100000	0	0	0	0	0	0	0	0	0	0	1
6	3	B	40000	100000	0	0	0	0	0	0	0	0	0	0	1
6	4	G	40000	98778	1.222	0.4125	1222	1277	0	0	0	1273	0	4	1279
6	4	A	40000	98871	1.129	0.455	1129	674	0	0	0	670	0	4	675
6	4	B	40000	99027	0.972998	0.37	973	603	0	0	0	603	0	0	604
6	5	G	40000	4019	95.981	86.619	95981	11959	110	0	0	10703	771	375	11643
6	5	A	40000	6721	93.279	87.657	93279	5622	45	0	0	4975	464	138	5498
6	5	B	40000	8082	91.918	85.581	91918	6337	65	0	0	5728	307	237	6145
6	5	cSpy was 11 spamed and the readout avoided!
6	6	G	40000	60640	39.36	30.007	39360	15904	124	6	0	14799	759	216	15705
6	6	A	40000	62237	37.763	29.699	37763	8064	62	1	0	7290	603	108	7974
6	6	B	40000	61845	38.155	30.315	38155	7840	62	5	0	7509	156	108	7731
6	6	cSpy was 4 spamed and the readout avoided!
6	7	G	40000	100000	0	0	0	0	0	0	0	0	0	0	2
6	7	A	40000	100000	0	0	0	0	0	0	0	0	0	0	1
6	7	B	40000	100000	0	0	0	0	0	0	0	0	0	0	1
7	0	G	40000	896	99.104	92.857	99104	7172	292	9	0	6306	274	291	6787
7	0	A	40000	1784	98.216	96.178	98216	2038	145	3	0	1554	106	230	1773
7	0	B	40000	5330	94.67	89.536	94670	5134	147	6	0	4752	168	61	5014
7	0	cSpy was 18 spamed and the readout avoided!
7	1	G	40000	100000	0	0	0	0	0	0	0	0	0	0	2
7	1	A	40000	100000	0	0	0	0	0	0	0	0	0	0	1
7	1	B	40000	100000	0	0	0	0	0	0	0	0	0	0	1
7	2	G	40000	100000	0	0	0	0	0	0	0	0	0	0	2
7	2	A	40000	100000	0	0	0	0	0	0	0	0	0	0	1
7	2	B	40000	100000	0	0	0	0	0	0	0	0	0	0	1
7	3	G	40000	34674	65.326	28.2865	65326	41846	0	0	0	40341	1417	88	41828
7	3	A	40000	46579	53.421	33.225	53421	20196	0	0	0	19693	415	88	20177
7	3	B	40000	55002	44.998	23.348	44998	21650	0	0	0	20648	1002	0	21651
7	4	G	40000	3620	96.38	87.082	96380	12922	325	6	0	9384	2554	653	12337
7	4	A	40000	6790	93.21	86.353	93210	6857	182	2	0	4654	1501	518	6427
7	4	B	40000	6124	93.876	87.811	93876	6065	143	4	0	4730	1053	135	5910
7	4	cSpy was 28 spamed and the readout avoided!
7	5	G	40000	100000	0	0	0	0	0	0	0	0	0	0	2
7	5	A	40000	100000	0	0	0	0	0	0	0	0	0	0	1
7	5	B	40000	100000	0	0	0	0	0	0	0	0	0	0	1
7	6	G	40000	100000	0	0	0	0	0	0	0	0	0	0	2
7	6	A	40000	100000	0	0	0	0	0	0	0	0	0	0	1
7	6	B	40000	100000	0	0	0	0	0	0	0	0	0	0	1
7	7	G	40000	77245	22.755	7.5345	22755	17698	0	0	0	17611	52	35	17700
7	7	A	40000	82242	17.758	8.665	17758	9093	0	0	0	9038	21	34	9094
7	7	B	40000	84991	15.009	6.404	15009	8605	0	0	0	8573	31	1	8606
