#the gain was set to: 2	the bias was set to: 30
#Sent triggers per delay setting: 100000	and with a frequency [Hz] of: 40000
#160MHz delay setting	400MHz delay setting	Frequency	correct transmitted H+T		error rate [%]	uncertainty [%]	bad or missed events	error count	missing headers	missing trailers	flipped H/T	event nr errors	tbm missed trigger	unknown errors	event nr resets
0	0	G	40000	548	99.452	57.1125	99452	15566	158	0	0	12749	1815	844	15012
0	0	A	40000	654	99.346	98.137	99346	1209	158	0	0	110	98	843	654
0	0	B	40000	69555	30.445	16.088	30445	14357	0	0	0	12639	1717	1	14358
0	0	cSpy was 40 spamed and the readout avoided!
0	1	G	40000	99998	0.00200272	0	2	4	0	0	0	4	0	0	6
0	1	A	40000	99998	0.00200272	0	2	2	0	0	0	2	0	0	3
0	1	B	40000	99998	0.00200272	0	2	2	0	0	0	2	0	0	3
0	2	G	40000	0	100	100	100000	200000	200000	200000	200000	200000	200000	200000	200002
0	2	A	40000	0	100	100	100000	100000	100000	100000	100000	100000	100000	100000	100001
0	2	B	40000	0	100	100	100000	100000	100000	100000	100000	100000	100000	100000	100001
0	3	G	40000	40085	59.915	34.6275	59915	32428	243	44	0	27211	4267	663	32044
0	3	A	40000	47763	52.237	37.453	52237	14784	104	15	0	12062	1998	605	14527
0	3	B	40000	50554	49.446	31.802	49446	17644	139	29	0	15149	2269	58	17517
0	3	cSpy was 38 spamed and the readout avoided!
0	4	G	40000	100000	0	0	0	0	0	0	0	0	0	0	2
0	4	A	40000	100000	0	0	0	0	0	0	0	0	0	0	1
0	4	B	40000	100000	0	0	0	0	0	0	0	0	0	0	1
0	5	G	40000	100000	0	0	0	0	0	0	0	0	0	0	2
0	5	A	40000	100000	0	0	0	0	0	0	0	0	0	0	1
0	5	B	40000	100000	0	0	0	0	0	0	0	0	0	0	1
0	6	G	40000	66590	33.41	20.438	33410	16078	477	26	1	14909	594	71	15918
0	6	A	40000	74657	25.343	17.42	25343	7923	90	0	0	7759	4	70	7844
0	6	B	40000	68389	31.611	23.456	31611	8155	387	26	1	7150	590	1	8074
0	6	cSpy was 24 spamed and the readout avoided!
0	7	G	40000	2749	97.251	87.023	97251	13260	417	18	5	10427	1625	770	12509
0	7	A	40000	6411	93.589	86.649	93589	6940	302	13	5	4622	1307	692	6298
0	7	B	40000	6283	93.717	87.397	93717	6320	115	5	0	5805	318	78	6211
0	7	cSpy was 58 spamed and the readout avoided!
1	0	G	40000	1479	98.521	81.96	98521	17136	367	4	1	15845	327	593	16544
1	0	A	40000	2780	97.22	94.068	97220	3152	194	0	0	2452	69	437	2742
1	0	B	40000	16164	83.836	69.852	83836	13984	173	4	1	13393	258	156	13802
1	0	cSpy was 27 spamed and the readout avoided!
1	1	G	40000	0	100	100	100000	200000	200000	200000	200000	200000	200000	200000	200002
1	1	A	40000	0	100	100	100000	100000	100000	100000	100000	100000	100000	100000	100001
1	1	B	40000	0	100	100	100000	100000	100000	100000	100000	100000	100000	100000	100001
1	2	G	40000	100000	0	0	0	0	0	0	0	0	0	0	2
1	2	A	40000	100000	0	0	0	0	0	0	0	0	0	0	1
1	2	B	40000	100000	0	0	0	0	0	0	0	0	0	0	1
1	3	G	40000	100000	0	0	0	0	0	0	0	0	0	0	2
1	3	A	40000	100000	0	0	0	0	0	0	0	0	0	0	1
1	3	B	40000	100000	0	0	0	0	0	0	0	0	0	0	1
1	4	G	40000	76513	23.487	14.07	23487	12255	252	10	0	11485	480	28	12183
1	4	A	40000	81571	18.429	12.45	18429	5979	29	0	0	5921	2	27	5956
1	4	B	40000	78034	21.966	15.69	21966	6276	223	10	0	5564	478	1	6227
1	4	cSpy was 18 spamed and the readout avoided!
1	5	G	40000	0	100	100	100000	200000	200000	200000	200000	200000	200000	200000	200002
1	5	A	40000	0	100	100	100000	100000	100000	100000	100000	100000	100000	100000	100001
1	5	B	40000	0	100	100	100000	100000	100000	100000	100000	100000	100000	100000	100001
1	6	G	40000	80499	19.501	8.6825	19501	12044	89	25	1	7125	4569	236	11962
1	6	A	40000	84680	15.32	9.352	15320	5968	8	2	0	3488	2246	224	5947
1	6	B	40000	85911	14.089	8.013	14089	6076	81	23	1	3637	2323	12	6015
1	6	cSpy was 8 spamed and the readout avoided!
1	7	G	40000	100000	0	0	0	0	0	0	0	0	0	0	2
1	7	A	40000	100000	0	0	0	0	0	0	0	0	0	0	1
1	7	B	40000	100000	0	0	0	0	0	0	0	0	0	0	1
2	0	G	40000	8512	91.488	41.7645	91488	8190	121	0	0	7551	134	384	7896
2	0	A	40000	8527	91.473	83.472	91473	8001	121	0	0	7428	68	384	7706
2	0	B	40000	99754	0.246	0.057	246	189	0	0	0	123	66	0	190
2	1	G	40000	100000	0	0	0	0	0	0	0	0	0	0	2
2	1	A	40000	100000	0	0	0	0	0	0	0	0	0	0	1
2	1	B	40000	100000	0	0	0	0	0	0	0	0	0	0	1
2	2	G	40000	98735	1.265	0.258	1265	2014	0	0	0	2014	0	0	2016
2	2	A	40000	98735	1.265	0.258	1265	1007	0	0	0	1007	0	0	1008
2	2	B	40000	98735	1.265	0.258	1265	1007	0	0	0	1007	0	0	1008
2	3	G	40000	12	99.988	99.298	99988	786	50	0	0	314	229	193	618
2	3	A	40000	40	99.96	99.881	99960	79	0	0	0	17	10	52	40
2	3	B	40000	578	99.422	98.715	99422	707	50	0	0	297	219	141	578
2	3	cSpy was 62 spamed and the readout avoided!
2	4	G	40000	56464	43.536	18.1325	43536	27556	105	31	1	15995	10933	491	27487
2	4	A	40000	66010	33.99	20.375	33990	13615	7	1	0	7829	5295	483	13595
2	4	B	40000	70169	29.831	15.89	29831	13941	98	30	1	8166	5638	8	13892
2	4	cSpy was 14 spamed and the readout avoided!
2	5	G	40000	100000	0	0	0	0	0	0	0	0	0	0	2
2	5	A	40000	100000	0	0	0	0	0	0	0	0	0	0	1
2	5	B	40000	100000	0	0	0	0	0	0	0	0	0	0	1
2	6	G	40000	100000	0	0	0	0	0	0	0	0	0	0	2
2	6	A	40000	100000	0	0	0	0	0	0	0	0	0	0	1
2	6	B	40000	100000	0	0	0	0	0	0	0	0	0	0	1
2	7	G	40000	63753	36.247	23.2055	36247	20296	732	47	0	18863	600	54	20080
2	7	A	40000	66357	33.643	23.938	33643	9705	375	5	0	9235	44	46	9591
2	7	B	40000	66936	33.064	22.473	33064	10591	357	42	0	9628	556	8	10489
2	7	cSpy was 84 spamed and the readout avoided!
3	0	G	40000	1957	98.043	63.9415	98043	13388	199	6	0	12770	164	249	13082
3	0	A	40000	2553	97.447	94.608	97447	2839	195	6	0	2246	143	249	2533
3	0	B	40000	56176	43.824	33.275	43824	10549	4	0	0	10524	21	0	10549
3	0	cSpy was 26 spamed and the readout avoided!
3	1	G	40000	0	100	100	100000	200000	200000	200000	200000	200000	200000	200000	200002
3	1	A	40000	0	100	100	100000	100000	100000	100000	100000	100000	100000	100000	100001
3	1	B	40000	0	100	100	100000	100000	100000	100000	100000	100000	100000	100000	100001
3	2	G	40000	4235	95.765	89.3	95765	8700	207	1	0	6522	1295	675	8206
3	2	A	40000	6261	93.739	89.371	93739	4368	68	0	0	3044	688	568	4008
3	2	B	40000	6439	93.561	89.229	93561	4332	139	1	0	3478	607	107	4198
3	2	cSpy was 10 spamed and the readout avoided!
3	3	G	40000	100000	0	0	0	0	0	0	0	0	0	0	2
3	3	A	40000	100000	0	0	0	0	0	0	0	0	0	0	1
3	3	B	40000	100000	0	0	0	0	0	0	0	0	0	0	1
3	4	G	40000	100000	0	0	0	0	0	0	0	0	0	0	2
3	4	A	40000	100000	0	0	0	0	0	0	0	0	0	0	1
3	4	B	40000	100000	0	0	0	0	0	0	0	0	0	0	1
3	5	G	40000	37525	62.475	61.371	62475	1768	8	0	0	1078	0	682	1311
3	5	A	40000	37669	62.331	61.345	62331	986	5	0	0	378	0	603	584
3	5	B	40000	37821	62.179	61.397	62179	782	3	0	0	700	0	79	727
3	5	cSpy was 52 spamed and the readout avoided!
3	6	G	40000	831	99.169	95.575	99169	4604	280	14	0	2797	789	724	3990
3	6	A	40000	1699	98.301	96.387	98301	1914	55	0	0	1097	287	475	1587
3	6	B	40000	2547	97.453	94.763	97453	2690	225	14	0	1700	502	249	2403
3	6	cSpy was 73 spamed and the readout avoided!
3	7	G	40000	100000	0	0	0	0	0	0	0	0	0	0	2
3	7	A	40000	100000	0	0	0	0	0	0	0	0	0	0	1
3	7	B	40000	100000	0	0	0	0	0	0	0	0	0	0	1
4	0	G	40000	255	99.745	97.273	99745	2657	180	1	0	1479	387	610	2127
4	0	A	40000	903	99.097	97.915	99097	1182	101	0	0	478	285	318	892
4	0	B	40000	1894	98.106	96.631	98106	1475	79	1	0	1001	102	292	1235
4	0	cSpy was 48 spamed and the readout avoided!
4	1	G	40000	99984	0.0159979	0.008	16	16	0	0	0	16	0	0	18
4	1	A	40000	99984	0.0159979	0.008	16	8	0	0	0	8	0	0	9
4	1	B	40000	99984	0.0159979	0.008	16	8	0	0	0	8	0	0	9
4	2	G	40000	100000	0	0	0	0	0	0	0	0	0	0	2
4	2	A	40000	100000	0	0	0	0	0	0	0	0	0	0	1
4	2	B	40000	100000	0	0	0	0	0	0	0	0	0	0	1
4	3	G	40000	98637	1.363	0.432	1363	1785	0	0	0	1776	5	4	1787
4	3	A	40000	98675	1.325	0.432	1325	893	0	0	0	887	2	4	894
4	3	B	40000	98676	1.324	0.432	1324	892	0	0	0	889	3	0	893
4	4	G	40000	0	100	100	100000	200000	200000	200000	200000	200000	200000	200000	200002
4	4	A	40000	0	100	100	100000	100000	100000	100000	100000	100000	100000	100000	100001
4	4	B	40000	0	100	100	100000	100000	100000	100000	100000	100000	100000	100000	100001
4	5	G	40000	88859	11.141	6.3135	11141	9501	0	0	0	9119	331	51	9487
4	5	A	40000	88923	11.077	6.313	11077	4764	0	0	0	4465	248	51	4749
4	5	B	40000	88949	11.051	6.314	11051	4737	0	0	0	4654	83	0	4738
4	6	G	40000	100000	0	0	0	0	0	0	0	0	0	0	2
4	6	A	40000	100000	0	0	0	0	0	0	0	0	0	0	1
4	6	B	40000	100000	0	0	0	0	0	0	0	0	0	0	1
4	7	G	40000	100000	0	0	0	0	0	0	0	0	0	0	2
4	7	A	40000	100000	0	0	0	0	0	0	0	0	0	0	1
4	7	B	40000	100000	0	0	0	0	0	0	0	0	0	0	1
5	0	G	40000	868	99.132	51.3025	99132	7887	178	0	0	6759	369	581	7347
5	0	A	40000	921	99.079	97.618	99079	1461	177	0	0	354	349	581	921
5	0	B	40000	88587	11.413	4.987	11413	6426	1	0	0	6405	20	0	6426
5	0	cSpy was 27 spamed and the readout avoided!
5	1	G	40000	100000	0	0	0	0	0	0	0	0	0	0	2
5	1	A	40000	100000	0	0	0	0	0	0	0	0	0	0	1
5	1	B	40000	100000	0	0	0	0	0	0	0	0	0	0	1
5	2	G	40000	66350	33.65	20.1395	33650	26592	0	0	0	26466	1	125	26594
5	2	A	40000	66558	33.442	20.146	33442	13296	0	0	0	13170	1	125	13297
5	2	B	40000	66571	33.429	20.133	33429	13296	0	0	0	13296	0	0	13297
5	3	G	40000	1985	98.015	89.593	98015	10300	211	5	0	7379	2024	681	9809
5	3	A	40000	6940	93.06	86.347	93060	6713	39	5	0	4598	1570	501	6430
5	3	B	40000	3574	96.426	92.839	96426	3587	172	0	0	2781	454	180	3379
5	3	cSpy was 34 spamed and the readout avoided!
5	4	G	40000	100000	0	0	0	0	0	0	0	0	0	0	2
5	4	A	40000	100000	0	0	0	0	0	0	0	0	0	0	1
5	4	B	40000	100000	0	0	0	0	0	0	0	0	0	0	1
5	5	G	40000	100000	0	0	0	0	0	0	0	0	0	0	2
5	5	A	40000	100000	0	0	0	0	0	0	0	0	0	0	1
5	5	B	40000	100000	0	0	0	0	0	0	0	0	0	0	1
5	6	G	40000	68557	31.443	18.5065	31443	25428	0	0	0	25257	46	125	25416
5	6	A	40000	68865	31.135	18.507	31135	12628	0	0	0	12472	31	125	12615
5	6	B	40000	68694	31.306	18.506	31306	12800	0	0	0	12785	15	0	12801
5	7	G	40000	0	100	100	100000	200000	200000	200000	200000	200000	200000	200000	200002
5	7	A	40000	0	100	100	100000	100000	100000	100000	100000	100000	100000	100000	100001
5	7	B	40000	0	100	100	100000	100000	100000	100000	100000	100000	100000	100000	100001
6	0	G	40000	948	99.052	56.574	99052	14729	166	4	0	13677	512	370	14368
6	0	A	40000	1157	98.843	97.327	98843	1516	164	0	0	745	242	365	1156
6	0	B	40000	70966	29.034	15.821	29034	13213	2	4	0	12932	270	5	13212
6	0	cSpy was 21 spamed and the readout avoided!
6	1	G	40000	0	100	100	100000	200000	200000	200000	200000	200000	200000	200000	200002
6	1	A	40000	0	100	100	100000	100000	100000	100000	100000	100000	100000	100000	100001
6	1	B	40000	0	100	100	100000	100000	100000	100000	100000	100000	100000	100000	100001
6	2	G	40000	99534	0.466001	0.224	466	483	0	0	0	480	0	3	485
6	2	A	40000	99534	0.466001	0.224	466	242	0	0	0	239	0	3	243
6	2	B	40000	99535	0.465	0.224	465	241	0	0	0	241	0	0	242
6	3	G	40000	100000	0	0	0	0	0	0	0	0	0	0	2
6	3	A	40000	100000	0	0	0	0	0	0	0	0	0	0	1
6	3	B	40000	100000	0	0	0	0	0	0	0	0	0	0	1
6	4	G	40000	98378	1.622	0.503	1622	2156	0	0	0	2152	0	4	2158
6	4	A	40000	98419	1.581	0.503	1581	1078	0	0	0	1074	0	4	1079
6	4	B	40000	98419	1.581	0.503	1581	1078	0	0	0	1078	0	0	1079
6	5	G	40000	0	100	100	100000	200000	200000	200000	200000	200000	200000	200000	200002
6	5	A	40000	0	100	100	100000	100000	100000	100000	100000	100000	100000	100000	100001
6	5	B	40000	0	100	100	100000	100000	100000	100000	100000	100000	100000	100000	100001
6	6	G	40000	23709	76.291	50.8865	76291	42554	138	0	0	40118	1472	826	42091
6	6	A	40000	27707	72.293	50.754	72293	21539	69	0	0	20032	719	719	21143
6	6	B	40000	27966	72.034	51.019	72034	21015	69	0	0	20086	753	107	20948
6	7	G	40000	100000	0	0	0	0	0	0	0	0	0	0	2
6	7	A	40000	100000	0	0	0	0	0	0	0	0	0	0	1
6	7	B	40000	100000	0	0	0	0	0	0	0	0	0	0	1
7	0	G	40000	1047	98.953	87.6085	98953	7700	277	4	0	6448	603	368	7284
7	0	A	40000	2516	97.484	94.675	97484	2809	190	3	0	1923	416	277	2498
7	0	B	40000	14567	85.433	80.542	85433	4891	87	1	0	4525	187	91	4786
7	0	cSpy was 19 spamed and the readout avoided!
7	1	G	40000	100000	0	0	0	0	0	0	0	0	0	0	2
7	1	A	40000	100000	0	0	0	0	0	0	0	0	0	0	1
7	1	B	40000	100000	0	0	0	0	0	0	0	0	0	0	1
7	2	G	40000	100000	0	0	0	0	0	0	0	0	0	0	2
7	2	A	40000	100000	0	0	0	0	0	0	0	0	0	0	1
7	2	B	40000	100000	0	0	0	0	0	0	0	0	0	0	1
7	3	G	40000	75301	24.699	14.379	24699	20282	0	0	0	20128	59	95	20270
7	3	A	40000	75561	24.439	14.379	24439	10060	0	0	0	9929	36	95	10047
7	3	B	40000	75399	24.601	14.379	24601	10222	0	0	0	10199	23	0	10223
7	4	G	40000	457	99.543	97.2135	99543	2935	167	5	0	1544	686	534	2556
7	4	A	40000	1794	98.206	96.236	98206	1970	93	5	0	1097	426	349	1724
7	4	B	40000	844	99.156	98.191	99156	965	74	0	0	447	260	185	832
7	4	cSpy was 77 spamed and the readout avoided!
7	5	G	40000	100000	0	0	0	0	0	0	0	0	0	0	2
7	5	A	40000	100000	0	0	0	0	0	0	0	0	0	0	1
7	5	B	40000	100000	0	0	0	0	0	0	0	0	0	0	1
7	6	G	40000	100000	0	0	0	0	0	0	0	0	0	0	2
7	6	A	40000	100000	0	0	0	0	0	0	0	0	0	0	1
7	6	B	40000	100000	0	0	0	0	0	0	0	0	0	0	1
7	7	G	40000	96054	3.946	1.442	3946	4827	0	0	0	4767	46	14	4826
7	7	A	40000	96147	3.853	1.442	3853	2411	0	0	0	2370	28	13	2410
7	7	B	40000	96142	3.858	1.442	3858	2416	0	0	0	2397	18	1	2416
