#the gain was set to: 2	the bias was set to: 30
#Sent triggers per delay setting: 100000	and with a frequency [Hz] of: 40000
#160MHz delay setting	400MHz delay setting	Frequency	correct transmitted H+T		error rate [%]	uncertainty [%]	bad or missed events	error count	missing headers	missing trailers	flipped H/T	event nr errors	tbm missed trigger	unknown errors	event nr resets
0	0	G	40000	521	99.479	56.97	99479	15429	142	0	0	12651	1814	822	14894
0	0	A	40000	653	99.347	98.158	99347	1189	142	0	0	115	110	822	653
0	0	B	40000	69978	30.022	15.782	30022	14240	0	0	0	12536	1704	0	14241
0	0	cSpy was 43 spamed and the readout avoided!
0	1	G	40000	99963	0.0370026	0.0095	37	39	0	0	0	39	0	0	41
0	1	A	40000	99979	0.0209987	0.002	21	19	0	0	0	19	0	0	20
0	1	B	40000	99963	0.0370026	0.017	37	20	0	0	0	20	0	0	21
0	2	G	40000	0	100	100	100000	200000	200000	200000	200000	200000	200000	200000	200002
0	2	A	40000	0	100	100	100000	100000	100000	100000	100000	100000	100000	100000	100001
0	2	B	40000	0	100	100	100000	100000	100000	100000	100000	100000	100000	100000	100001
0	3	G	40000	44406	55.594	41.955	55594	21800	68	0	0	19091	2224	417	21540
0	3	A	40000	47007	52.993	42.139	52993	10854	28	0	0	9399	1092	335	10666
0	3	B	40000	47283	52.717	41.771	52717	10946	40	0	0	9692	1132	82	10874
0	3	cSpy was 39 spamed and the readout avoided!
0	4	G	40000	100000	0	0	0	0	0	0	0	0	0	0	2
0	4	A	40000	100000	0	0	0	0	0	0	0	0	0	0	1
0	4	B	40000	100000	0	0	0	0	0	0	0	0	0	0	1
0	5	G	40000	99065	0.935	0.298	935	766	0	0	0	766	0	0	768
0	5	A	40000	99380	0.620002	0.234	620	386	0	0	0	386	0	0	387
0	5	B	40000	99258	0.742	0.362	742	380	0	0	0	380	0	0	381
0	6	G	40000	0	100	99.9955	100000	9	0	0	0	0	0	9	0
0	6	A	40000	0	100	100	100000	0	0	0	0	0	0	0	0
0	6	B	40000	0	100	99.991	100000	9	0	0	0	0	0	9	0
0	7	G	40000	536	99.464	97.352	99464	2861	36	0	0	1897	42	886	2389
0	7	A	40000	1295	98.705	97.004	98705	1701	20	0	0	843	25	813	1275
0	7	B	40000	1140	98.86	97.7	98860	1160	16	0	0	1054	17	73	1114
0	7	cSpy was 13 spamed and the readout avoided!
1	0	G	40000	1355	98.645	83.535	98645	15534	280	7	0	14469	235	543	15032
1	0	A	40000	2485	97.515	94.639	97515	2876	175	1	0	2158	49	493	2448
1	0	B	40000	14911	85.089	72.431	85089	12658	105	6	0	12311	186	50	12584
1	0	cSpy was 12 spamed and the readout avoided!
1	1	G	40000	0	100	100	100000	200000	200000	200000	200000	200000	200000	200000	200002
1	1	A	40000	0	100	100	100000	100000	100000	100000	100000	100000	100000	100000	100001
1	1	B	40000	0	100	100	100000	100000	100000	100000	100000	100000	100000	100000	100001
1	2	G	40000	100000	0	0	0	0	0	0	0	0	0	0	2
1	2	A	40000	100000	0	0	0	0	0	0	0	0	0	0	1
1	2	B	40000	100000	0	0	0	0	0	0	0	0	0	0	1
1	3	G	40000	100000	0	0	0	0	0	0	0	0	0	0	2
1	3	A	40000	100000	0	0	0	0	0	0	0	0	0	0	1
1	3	B	40000	100000	0	0	0	0	0	0	0	0	0	0	1
1	4	G	40000	67771	32.229	20.3855	32229	14638	345	26	0	13555	684	28	14558
1	4	A	40000	74621	25.379	18.372	25379	7007	30	0	0	6949	0	28	6984
1	4	B	40000	69970	30.03	22.399	30030	7631	315	26	0	6606	684	0	7574
1	4	cSpy was 27 spamed and the readout avoided!
1	5	G	40000	0	100	100	100000	200000	200000	200000	200000	200000	200000	200000	200002
1	5	A	40000	0	100	100	100000	100000	100000	100000	100000	100000	100000	100000	100001
1	5	B	40000	0	100	100	100000	100000	100000	100000	100000	100000	100000	100000	100001
1	6	G	40000	100000	0	0	0	0	0	0	0	0	0	0	2
1	6	A	40000	100000	0	0	0	0	0	0	0	0	0	0	1
1	6	B	40000	100000	0	0	0	0	0	0	0	0	0	0	1
1	7	G	40000	100000	0	0	0	0	0	0	0	0	0	0	2
1	7	A	40000	100000	0	0	0	0	0	0	0	0	0	0	1
1	7	B	40000	100000	0	0	0	0	0	0	0	0	0	0	1
2	0	G	40000	7058	92.942	49.9415	92942	14041	204	6	0	12928	511	392	13665
2	0	A	40000	7921	92.079	84.445	92079	7634	175	6	0	6961	109	383	7279
2	0	B	40000	78155	21.845	15.438	21845	6407	29	0	0	5967	402	9	6386
2	0	cSpy was 15 spamed and the readout avoided!
2	1	G	40000	100000	0	0	0	0	0	0	0	0	0	0	2
2	1	A	40000	100000	0	0	0	0	0	0	0	0	0	0	1
2	1	B	40000	100000	0	0	0	0	0	0	0	0	0	0	1
2	2	G	40000	98543	1.457	0.306	1457	2302	0	0	0	2302	0	0	2304
2	2	A	40000	98543	1.457	0.306	1457	1151	0	0	0	1151	0	0	1152
2	2	B	40000	98543	1.457	0.306	1457	1151	0	0	0	1151	0	0	1152
2	3	G	40000	0	100	100	100000	200000	200000	200000	200000	200000	200000	200000	200002
2	3	A	40000	0	100	100	100000	100000	100000	100000	100000	100000	100000	100000	100001
2	3	B	40000	0	100	100	100000	100000	100000	100000	100000	100000	100000	100000	100001
2	4	G	40000	47720	52.28	21.601	52280	33045	134	32	0	19003	13265	611	32930
2	4	A	40000	59268	40.732	24.445	40732	16287	16	3	0	9240	6435	593	16245
2	4	B	40000	64485	35.515	18.757	35515	16758	118	29	0	9763	6830	18	16685
2	4	cSpy was 17 spamed and the readout avoided!
2	5	G	40000	100000	0	0	0	0	0	0	0	0	0	0	2
2	5	A	40000	100000	0	0	0	0	0	0	0	0	0	0	1
2	5	B	40000	100000	0	0	0	0	0	0	0	0	0	0	1
2	6	G	40000	100000	0	0	0	0	0	0	0	0	0	0	2
2	6	A	40000	100000	0	0	0	0	0	0	0	0	0	0	1
2	6	B	40000	100000	0	0	0	0	0	0	0	0	0	0	1
2	7	G	40000	59245	40.755	25.4985	40755	22851	789	49	0	21301	667	45	22625
2	7	A	40000	62719	37.281	26.358	37281	10923	407	6	0	10400	66	44	10804
2	7	B	40000	63433	36.567	24.639	36567	11928	382	43	0	10901	601	1	11821
2	7	cSpy was 89 spamed and the readout avoided!
3	0	G	40000	2030	97.97	64.859	97970	14666	237	7	0	13996	122	304	14295
3	0	A	40000	2684	97.316	94.285	97316	3031	237	7	0	2363	120	304	2659
3	0	B	40000	52932	47.068	35.433	47068	11635	0	0	0	11633	2	0	11636
3	0	cSpy was 21 spamed and the readout avoided!
3	1	G	40000	460	99.54	97.928	99540	2504	33	0	0	1382	7	1082	1596
3	1	A	40000	807	99.193	97.819	99193	1374	10	0	0	612	4	748	782
3	1	B	40000	833	99.167	98.037	99167	1130	23	0	0	770	3	334	814
3	1	cSpy was 76 spamed and the readout avoided!
3	2	G	40000	10208	89.792	83.633	89792	8508	108	0	0	6920	842	638	8041
3	2	A	40000	12020	87.98	83.706	87980	4274	47	0	0	3264	421	542	3916
3	2	B	40000	12206	87.794	83.56	87794	4234	61	0	0	3656	421	96	4125
3	2	cSpy was 66 spamed and the readout avoided!
3	3	G	40000	100000	0	0	0	0	0	0	0	0	0	0	2
3	3	A	40000	100000	0	0	0	0	0	0	0	0	0	0	1
3	3	B	40000	100000	0	0	0	0	0	0	0	0	0	0	1
3	4	G	40000	97688	2.312	1.239	2312	1837	0	0	0	1821	0	16	1837
3	4	A	40000	97848	2.152	1.224	2152	928	0	0	0	912	0	16	927
3	4	B	40000	97837	2.163	1.254	2163	909	0	0	0	909	0	0	910
3	5	G	40000	4372	95.628	88.864	95628	10316	69	0	0	9231	80	936	9804
3	5	A	40000	6011	93.989	88.622	93989	5367	35	0	0	4461	45	826	4938
3	5	B	40000	5945	94.055	89.106	94055	4949	34	0	0	4770	35	110	4866
3	5	cSpy was 31 spamed and the readout avoided!
3	6	G	40000	920	99.08	95.3085	99080	4862	283	10	1	2935	889	745	4256
3	6	A	40000	1938	98.062	95.932	98062	2130	53	0	0	1245	339	493	1815
3	6	B	40000	2583	97.417	94.685	97417	2732	230	10	1	1690	550	252	2441
3	6	cSpy was 48 spamed and the readout avoided!
3	7	G	40000	100000	0	0	0	0	0	0	0	0	0	0	2
3	7	A	40000	100000	0	0	0	0	0	0	0	0	0	0	1
3	7	B	40000	100000	0	0	0	0	0	0	0	0	0	0	1
4	0	G	40000	247	99.753	97.1195	99753	2981	191	0	1	1769	401	619	2416
4	0	A	40000	1000	99	97.699	99000	1301	121	0	0	579	288	313	993
4	0	B	40000	1780	98.22	96.54	98220	1680	70	0	1	1190	113	306	1423
4	0	cSpy was 64 spamed and the readout avoided!
4	1	G	40000	99983	0.0169992	0.004	17	26	0	0	0	26	0	0	28
4	1	A	40000	99983	0.0169992	0.004	17	13	0	0	0	13	0	0	14
4	1	B	40000	99983	0.0169992	0.004	17	13	0	0	0	13	0	0	14
4	2	G	40000	100000	0	0	0	0	0	0	0	0	0	0	2
4	2	A	40000	100000	0	0	0	0	0	0	0	0	0	0	1
4	2	B	40000	100000	0	0	0	0	0	0	0	0	0	0	1
4	3	G	40000	90005	9.995	3.364	9995	8324	0	0	0	8294	16	14	8324
4	3	A	40000	91850	8.15	3.807	8150	4343	0	0	0	4325	4	14	4343
4	3	B	40000	93098	6.902	2.921	6902	3981	0	0	0	3969	12	0	3981
4	4	G	40000	0	100	100	100000	200000	200000	200000	200000	200000	200000	200000	200002
4	4	A	40000	0	100	100	100000	100000	100000	100000	100000	100000	100000	100000	100001
4	4	B	40000	0	100	100	100000	100000	100000	100000	100000	100000	100000	100000	100001
4	5	G	40000	94689	5.311	1.62	5311	7382	0	0	0	7334	19	29	7384
4	5	A	40000	94689	5.311	1.62	5311	3691	0	0	0	3643	19	29	3692
4	5	B	40000	94689	5.311	1.62	5311	3691	0	0	0	3691	0	0	3692
4	6	G	40000	100000	0	0	0	0	0	0	0	0	0	0	2
4	6	A	40000	100000	0	0	0	0	0	0	0	0	0	0	1
4	6	B	40000	100000	0	0	0	0	0	0	0	0	0	0	1
4	7	G	40000	100000	0	0	0	0	0	0	0	0	0	0	2
4	7	A	40000	100000	0	0	0	0	0	0	0	0	0	0	1
4	7	B	40000	100000	0	0	0	0	0	0	0	0	0	0	1
5	0	G	40000	839	99.161	51.3795	99161	8059	160	0	0	6920	365	614	7511
5	0	A	40000	897	99.103	97.657	99103	1446	160	0	0	326	347	613	897
5	0	B	40000	88285	11.715	5.102	11715	6613	0	0	0	6594	18	1	6614
5	0	cSpy was 21 spamed and the readout avoided!
5	1	G	40000	100000	0	0	0	0	0	0	0	0	0	0	2
5	1	A	40000	100000	0	0	0	0	0	0	0	0	0	0	1
5	1	B	40000	100000	0	0	0	0	0	0	0	0	0	0	1
5	2	G	40000	23012	76.988	35.961	76988	47513	0	0	0	47348	65	100	47508
5	2	A	40000	35201	64.799	42.188	64799	22611	0	0	0	22484	27	100	22605
5	2	B	40000	45364	54.636	29.734	54636	24902	0	0	0	24864	38	0	24903
5	3	G	40000	12852	87.148	66.15	87148	28543	69	3	0	23212	4939	320	28366
5	3	A	40000	20092	79.908	65.076	79908	14832	43	2	0	11539	2947	301	14676
5	3	B	40000	19065	80.935	67.224	80935	13711	26	1	0	11673	1992	19	13690
5	3	cSpy was 2 spamed and the readout avoided!
5	4	G	40000	100000	0	0	0	0	0	0	0	0	0	0	2
5	4	A	40000	100000	0	0	0	0	0	0	0	0	0	0	1
5	4	B	40000	100000	0	0	0	0	0	0	0	0	0	0	1
5	5	G	40000	100000	0	0	0	0	0	0	0	0	0	0	2
5	5	A	40000	100000	0	0	0	0	0	0	0	0	0	0	1
5	5	B	40000	100000	0	0	0	0	0	0	0	0	0	0	1
5	6	G	40000	40591	59.409	26.5485	59409	37703	0	0	0	36515	1111	77	37690
5	6	A	40000	50686	49.314	31.183	49314	18131	0	0	0	17807	247	77	18117
5	6	B	40000	58514	41.486	21.914	41486	19572	0	0	0	18708	864	0	19573
5	7	G	40000	2184	97.816	92.5945	97816	7614	436	11	0	4912	1564	691	6894
5	7	A	40000	3786	96.214	92.213	96214	4001	222	3	0	2398	914	464	3568
5	7	B	40000	3411	96.589	92.976	96589	3613	214	8	0	2514	650	227	3326
5	7	cSpy was 46 spamed and the readout avoided!
6	0	G	40000	883	99.117	57.5295	99117	14955	147	0	0	13899	514	395	14564
6	0	A	40000	1097	98.903	97.418	98903	1485	147	0	0	714	233	391	1095
6	0	B	40000	68889	31.111	17.641	31111	13470	0	0	0	13185	281	4	13469
6	0	cSpy was 14 spamed and the readout avoided!
6	1	G	40000	0	100	100	100000	200000	200000	200000	200000	200000	200000	200000	200002
6	1	A	40000	0	100	100	100000	100000	100000	100000	100000	100000	100000	100000	100001
6	1	B	40000	0	100	100	100000	100000	100000	100000	100000	100000	100000	100000	100001
6	2	G	40000	99718	0.282001	0.134	282	296	0	0	0	296	0	0	298
6	2	A	40000	99718	0.282001	0.134	282	148	0	0	0	148	0	0	149
6	2	B	40000	99718	0.282001	0.134	282	148	0	0	0	148	0	0	149
6	3	G	40000	100000	0	0	0	0	0	0	0	0	0	0	2
6	3	A	40000	100000	0	0	0	0	0	0	0	0	0	0	1
6	3	B	40000	100000	0	0	0	0	0	0	0	0	0	0	1
6	4	G	40000	98412	1.588	0.495	1588	2085	0	0	0	2081	0	4	2087
6	4	A	40000	98462	1.538	0.495	1538	1043	0	0	0	1039	0	4	1044
6	4	B	40000	98463	1.537	0.495	1537	1042	0	0	0	1042	0	0	1043
6	5	G	40000	0	100	100	100000	200000	200000	200000	200000	200000	200000	200000	200002
6	5	A	40000	0	100	100	100000	100000	100000	100000	100000	100000	100000	100000	100001
6	5	B	40000	0	100	100	100000	100000	100000	100000	100000	100000	100000	100000	100001
6	6	G	40000	22002	77.998	52.548	77998	41912	174	0	0	39460	1391	887	41409
6	6	A	40000	26389	73.611	52.371	73611	21240	88	0	0	19728	679	745	20842
6	6	B	40000	26603	73.397	52.725	73397	20672	86	0	0	19732	712	142	20567
6	7	G	40000	100000	0	0	0	0	0	0	0	0	0	0	2
6	7	A	40000	100000	0	0	0	0	0	0	0	0	0	0	1
6	7	B	40000	100000	0	0	0	0	0	0	0	0	0	0	1
7	0	G	40000	1036	98.964	91.15	98964	5894	352	5	0	4506	617	414	5391
7	0	A	40000	2102	97.898	95.476	97898	2422	197	1	0	1495	433	296	2080
7	0	B	40000	9704	90.296	86.824	90296	3472	155	4	0	3011	184	118	3311
7	0	cSpy was 29 spamed and the readout avoided!
7	1	G	40000	100000	0	0	0	0	0	0	0	0	0	0	2
7	1	A	40000	100000	0	0	0	0	0	0	0	0	0	0	1
7	1	B	40000	100000	0	0	0	0	0	0	0	0	0	0	1
7	2	G	40000	100000	0	0	0	0	0	0	0	0	0	0	2
7	2	A	40000	100000	0	0	0	0	0	0	0	0	0	0	1
7	2	B	40000	100000	0	0	0	0	0	0	0	0	0	0	1
7	3	G	40000	26442	73.558	33.149	73558	46292	0	0	0	44959	1240	93	46278
7	3	A	40000	38790	61.21	39.032	61210	22178	0	0	0	21874	212	92	22164
7	3	B	40000	48620	51.38	27.266	51380	24114	0	0	0	23085	1028	1	24114
7	4	G	40000	2571	97.429	90.9545	97429	9078	266	8	0	6399	1875	530	8582
7	4	A	40000	4635	95.365	90.673	95365	4692	133	3	0	3122	1059	375	4362
7	4	B	40000	4378	95.622	91.236	95622	4386	133	5	0	3277	816	155	4220
7	4	cSpy was 30 spamed and the readout avoided!
7	5	G	40000	100000	0	0	0	0	0	0	0	0	0	0	2
7	5	A	40000	100000	0	0	0	0	0	0	0	0	0	0	1
7	5	B	40000	100000	0	0	0	0	0	0	0	0	0	0	1
7	6	G	40000	100000	0	0	0	0	0	0	0	0	0	0	2
7	6	A	40000	100000	0	0	0	0	0	0	0	0	0	0	1
7	6	B	40000	100000	0	0	0	0	0	0	0	0	0	0	1
7	7	G	40000	77172	22.828	7.5635	22828	17436	0	0	0	17327	71	38	17437
7	7	A	40000	82368	17.632	8.709	17632	8923	0	0	0	8865	20	38	8923
7	7	B	40000	85069	14.931	6.418	14931	8513	0	0	0	8462	51	0	8514
