#the gain was set to: 2	the bias was set to: 30
#Sent triggers per delay setting: 100000	and with a frequency [Hz] of: 40000
#160MHz delay setting	400MHz delay setting	Frequency	correct transmitted H+T		error rate [%]	uncertainty [%]	bad or missed events	error count	missing headers	missing trailers	flipped H/T	event nr errors	tbm missed trigger	unknown errors	event nr resets
0	0	G	40000	492	99.508	57.3865	99508	15763	157	0	0	12914	1851	841	15198
0	0	A	40000	626	99.374	98.182	99374	1192	157	0	0	90	105	840	626
0	0	B	40000	68838	31.162	16.591	31162	14571	0	0	0	12824	1746	1	14572
0	0	cSpy was 45 spamed and the readout avoided!
0	1	G	40000	99962	0.037998	0.01	38	38	0	0	0	38	0	0	40
0	1	A	40000	99978	0.0220001	0.003	22	19	0	0	0	19	0	0	20
0	1	B	40000	99964	0.0360012	0.017	36	19	0	0	0	19	0	0	20
0	2	G	40000	0	100	100	100000	200000	200000	200000	200000	200000	200000	200000	200002
0	2	A	40000	0	100	100	100000	100000	100000	100000	100000	100000	100000	100000	100001
0	2	B	40000	0	100	100	100000	100000	100000	100000	100000	100000	100000	100000	100001
0	3	G	40000	50471	49.529	32.2225	49529	27943	25	0	0	24788	2957	173	27839
0	3	A	40000	53697	46.303	32.384	46303	13919	13	0	0	12312	1477	117	13853
0	3	B	40000	53915	46.085	32.061	46085	14024	12	0	0	12476	1480	56	13986
0	3	cSpy was 14 spamed and the readout avoided!
0	4	G	40000	100000	0	0	0	0	0	0	0	0	0	0	2
0	4	A	40000	100000	0	0	0	0	0	0	0	0	0	0	1
0	4	B	40000	100000	0	0	0	0	0	0	0	0	0	0	1
0	5	G	40000	100000	0	0	0	0	0	0	0	0	0	0	2
0	5	A	40000	100000	0	0	0	0	0	0	0	0	0	0	1
0	5	B	40000	100000	0	0	0	0	0	0	0	0	0	0	1
0	6	G	40000	0	100	99.9975	100000	5	0	0	0	0	0	5	0
0	6	A	40000	0	100	100	100000	0	0	0	0	0	0	0	0
0	6	B	40000	0	100	99.995	100000	5	0	0	0	0	0	5	0
0	7	G	40000	0	100	100	100000	200000	200000	200000	200000	200000	200000	200000	200002
0	7	A	40000	0	100	100	100000	100000	100000	100000	100000	100000	100000	100000	100001
0	7	B	40000	0	100	100	100000	100000	100000	100000	100000	100000	100000	100000	100001
1	0	G	40000	1411	98.589	82.1675	98589	16814	319	7	1	15562	287	638	16234
1	0	A	40000	2708	97.292	94.129	97292	3163	207	0	0	2312	57	587	2662
1	0	B	40000	16143	83.857	70.206	83857	13651	112	7	1	13250	230	51	13572
1	0	cSpy was 18 spamed and the readout avoided!
1	1	G	40000	0	100	100	100000	200000	200000	200000	200000	200000	200000	200000	200002
1	1	A	40000	0	100	100	100000	100000	100000	100000	100000	100000	100000	100000	100001
1	1	B	40000	0	100	100	100000	100000	100000	100000	100000	100000	100000	100000	100001
1	2	G	40000	100000	0	0	0	0	0	0	0	0	0	0	2
1	2	A	40000	100000	0	0	0	0	0	0	0	0	0	0	1
1	2	B	40000	100000	0	0	0	0	0	0	0	0	0	0	1
1	3	G	40000	100000	0	0	0	0	0	0	0	0	0	0	2
1	3	A	40000	100000	0	0	0	0	0	0	0	0	0	0	1
1	3	B	40000	100000	0	0	0	0	0	0	0	0	0	0	1
1	4	G	40000	4093	95.907	89.74	95907	8365	292	0	0	7525	80	468	7912
1	4	A	40000	6268	93.732	89.318	93732	4414	144	0	0	3848	59	363	4088
1	4	B	40000	5887	94.113	90.162	94113	3951	148	0	0	3677	21	105	3824
1	5	G	40000	0	100	100	100000	200000	200000	200000	200000	200000	200000	200000	200002
1	5	A	40000	0	100	100	100000	100000	100000	100000	100000	100000	100000	100000	100001
1	5	B	40000	0	100	100	100000	100000	100000	100000	100000	100000	100000	100000	100001
1	6	G	40000	100000	0	0	0	0	0	0	0	0	0	0	2
1	6	A	40000	100000	0	0	0	0	0	0	0	0	0	0	1
1	6	B	40000	100000	0	0	0	0	0	0	0	0	0	0	1
1	7	G	40000	100000	0	0	0	0	0	0	0	0	0	0	2
1	7	A	40000	100000	0	0	0	0	0	0	0	0	0	0	1
1	7	B	40000	100000	0	0	0	0	0	0	0	0	0	0	1
2	0	G	40000	7006	92.994	45.704	92994	14912	168	8	0	13396	963	377	14564
2	0	A	40000	7673	92.327	84.939	92327	7388	165	7	0	6754	85	377	7040
2	0	B	40000	86007	13.993	6.469	13993	7524	3	1	0	6642	878	0	7524
2	0	cSpy was 15 spamed and the readout avoided!
2	1	G	40000	100000	0	0	0	0	0	0	0	0	0	0	2
2	1	A	40000	100000	0	0	0	0	0	0	0	0	0	0	1
2	1	B	40000	100000	0	0	0	0	0	0	0	0	0	0	1
2	2	G	40000	97755	2.245	0.839	2245	2029	0	0	0	2029	0	0	2031
2	2	A	40000	98276	1.724	0.708	1724	1016	0	0	0	1016	0	0	1017
2	2	B	40000	98017	1.983	0.97	1983	1013	0	0	0	1013	0	0	1014
2	3	G	40000	0	100	100	100000	200000	200000	200000	200000	200000	200000	200000	200002
2	3	A	40000	0	100	100	100000	100000	100000	100000	100000	100000	100000	100000	100001
2	3	B	40000	0	100	100	100000	100000	100000	100000	100000	100000	100000	100000	100001
2	4	G	40000	94122	5.878	3.0615	5878	5619	0	0	0	5572	46	1	5621
2	4	A	40000	94127	5.873	3.064	5873	2809	0	0	0	2785	23	1	2810
2	4	B	40000	94131	5.869	3.059	5869	2810	0	0	0	2787	23	0	2811
2	5	G	40000	100000	0	0	0	0	0	0	0	0	0	0	2
2	5	A	40000	100000	0	0	0	0	0	0	0	0	0	0	1
2	5	B	40000	100000	0	0	0	0	0	0	0	0	0	0	1
2	6	G	40000	99868	0.132	0.044	132	123	0	0	0	123	0	0	125
2	6	A	40000	99904	0.0959992	0.034	96	62	0	0	0	62	0	0	63
2	6	B	40000	99885	0.115001	0.054	115	61	0	0	0	61	0	0	62
2	7	G	40000	2	99.998	99.932	99998	109	3	0	0	2	5	99	27
2	7	A	40000	8	99.992	99.922	99992	70	0	0	0	0	0	70	8
2	7	B	40000	19	99.981	99.942	99981	39	3	0	0	2	5	29	19
2	7	cSpy was 9 spamed and the readout avoided!
3	0	G	40000	2127	97.873	60.9285	97873	11277	208	7	0	10594	170	298	10921
3	0	A	40000	2571	97.429	94.525	97429	2904	207	7	0	2234	160	296	2548
3	0	B	40000	64295	35.705	27.332	35705	8373	1	0	0	8360	10	2	8373
3	0	cSpy was 21 spamed and the readout avoided!
3	1	G	40000	16620	83.38	35.665	83380	60960	0	0	0	60864	2	94	60871
3	1	A	40000	32235	67.765	41.901	67765	25864	0	0	0	25769	1	94	25774
3	1	B	40000	35475	64.525	29.429	64525	35096	0	0	0	35095	1	0	35097
3	2	G	40000	33930	66.07	39.05	66070	47718	27	0	0	41199	6366	126	47665
3	2	A	40000	37168	62.832	38.993	62832	23839	15	0	0	19604	4094	126	23790
3	2	B	40000	37014	62.986	39.107	62986	23879	12	0	0	21595	2272	0	23875
3	3	G	40000	100000	0	0	0	0	0	0	0	0	0	0	2
3	3	A	40000	100000	0	0	0	0	0	0	0	0	0	0	1
3	3	B	40000	100000	0	0	0	0	0	0	0	0	0	0	1
3	4	G	40000	100000	0	0	0	0	0	0	0	0	0	0	2
3	4	A	40000	100000	0	0	0	0	0	0	0	0	0	0	1
3	4	B	40000	100000	0	0	0	0	0	0	0	0	0	0	1
3	5	G	40000	21626	78.374	31.357	78374	58328	0	0	0	58064	168	96	58286
3	5	A	40000	37533	62.467	36.751	62467	25716	0	0	0	25623	0	93	25674
3	5	B	40000	41425	58.575	25.963	58575	32612	0	0	0	32441	168	3	32612
3	6	G	40000	5866	94.134	82.604	94134	16932	276	10	0	13214	2777	655	16363
3	6	A	40000	8969	91.031	82.456	91031	8575	142	3	0	6270	1636	524	8162
3	6	B	40000	8891	91.109	82.752	91109	8357	134	7	0	6944	1141	131	8201
3	6	cSpy was 11 spamed and the readout avoided!
3	7	G	40000	100000	0	0	0	0	0	0	0	0	0	0	2
3	7	A	40000	100000	0	0	0	0	0	0	0	0	0	0	1
3	7	B	40000	100000	0	0	0	0	0	0	0	0	0	0	1
4	0	G	40000	225	99.775	98.2795	99775	1966	186	0	0	894	359	527	1458
4	0	A	40000	785	99.215	98.174	99215	1041	89	0	0	409	263	280	770
4	0	B	40000	690	99.31	98.385	99310	925	97	0	0	485	96	247	688
4	0	cSpy was 31 spamed and the readout avoided!
4	1	G	40000	99998	0.00200272	0.001	2	2	0	0	0	2	0	0	4
4	1	A	40000	99998	0.00200272	0.001	2	1	0	0	0	1	0	0	2
4	1	B	40000	99998	0.00200272	0.001	2	1	0	0	0	1	0	0	2
4	2	G	40000	100000	0	0	0	0	0	0	0	0	0	0	2
4	2	A	40000	100000	0	0	0	0	0	0	0	0	0	0	1
4	2	B	40000	100000	0	0	0	0	0	0	0	0	0	0	1
4	3	G	40000	95960	4.04	1.38	4040	5035	0	0	0	5016	11	8	5033
4	3	A	40000	96101	3.899	1.38	3899	2519	0	0	0	2506	5	8	2516
4	3	B	40000	96104	3.896	1.38	3896	2516	0	0	0	2510	6	0	2517
4	4	G	40000	0	100	100	100000	200000	200000	200000	200000	200000	200000	200000	200002
4	4	A	40000	0	100	100	100000	100000	100000	100000	100000	100000	100000	100000	100001
4	4	B	40000	0	100	100	100000	100000	100000	100000	100000	100000	100000	100000	100001
4	5	G	40000	0	100	100	100000	200000	200000	200000	200000	200000	200000	200000	200002
4	5	A	40000	0	100	100	100000	100000	100000	100000	100000	100000	100000	100000	100001
4	5	B	40000	0	100	100	100000	100000	100000	100000	100000	100000	100000	100000	100001
4	6	G	40000	100000	0	0	0	0	0	0	0	0	0	0	2
4	6	A	40000	100000	0	0	0	0	0	0	0	0	0	0	1
4	6	B	40000	100000	0	0	0	0	0	0	0	0	0	0	1
4	7	G	40000	100000	0	0	0	0	0	0	0	0	0	0	2
4	7	A	40000	100000	0	0	0	0	0	0	0	0	0	0	1
4	7	B	40000	100000	0	0	0	0	0	0	0	0	0	0	1
5	0	G	40000	846	99.154	51.4715	99154	8322	169	0	0	7178	361	614	7747
5	0	A	40000	907	99.093	97.611	99093	1482	169	0	0	358	341	614	907
5	0	B	40000	87828	12.172	5.332	12172	6840	0	0	0	6820	20	0	6840
5	0	cSpy was 27 spamed and the readout avoided!
5	1	G	40000	100000	0	0	0	0	0	0	0	0	0	0	2
5	1	A	40000	100000	0	0	0	0	0	0	0	0	0	0	1
5	1	B	40000	100000	0	0	0	0	0	0	0	0	0	0	1
5	2	G	40000	68644	31.356	18.416	31356	25509	0	0	0	25257	134	118	25501
5	2	A	40000	68846	31.154	18.418	31154	12736	0	0	0	12538	81	117	12727
5	2	B	40000	68813	31.187	18.414	31187	12773	0	0	0	12719	53	1	12774
5	3	G	40000	1301	98.699	92.5235	98699	7401	126	2	0	5075	1742	456	7097
5	3	A	40000	4664	95.336	90.834	95336	4502	24	1	0	3082	1048	347	4314
5	3	B	40000	2888	97.112	94.213	97112	2899	102	1	0	1993	694	109	2783
5	3	cSpy was 24 spamed and the readout avoided!
5	4	G	40000	100000	0	0	0	0	0	0	0	0	0	0	2
5	4	A	40000	100000	0	0	0	0	0	0	0	0	0	0	1
5	4	B	40000	100000	0	0	0	0	0	0	0	0	0	0	1
5	5	G	40000	100000	0	0	0	0	0	0	0	0	0	0	2
5	5	A	40000	100000	0	0	0	0	0	0	0	0	0	0	1
5	5	B	40000	100000	0	0	0	0	0	0	0	0	0	0	1
5	6	G	40000	72357	27.643	15.631	27643	23585	0	0	0	23274	194	117	23576
5	6	A	40000	72623	27.377	15.631	27377	11746	0	0	0	11506	125	115	11736
5	6	B	40000	72530	27.47	15.631	27470	11839	0	0	0	11768	69	2	11840
5	7	G	40000	0	100	100	100000	200000	200000	200000	200000	200000	200000	200000	200002
5	7	A	40000	0	100	100	100000	100000	100000	100000	100000	100000	100000	100000	100001
5	7	B	40000	0	100	100	100000	100000	100000	100000	100000	100000	100000	100000	100001
6	0	G	40000	820	99.18	59.063	99180	16201	152	0	0	15172	490	387	15807
6	0	A	40000	1061	98.939	97.491	98939	1448	152	0	0	704	216	376	1059
6	0	B	40000	64612	35.388	20.635	35388	14753	0	0	0	14468	274	11	14748
6	0	cSpy was 20 spamed and the readout avoided!
6	1	G	40000	2355	97.645	91.351	97645	8871	521	65	2	6020	1541	722	8070
6	1	A	40000	4557	95.443	90.725	95443	4718	249	2	0	2970	1065	432	4277
6	1	B	40000	3870	96.13	91.977	96130	4153	272	63	2	3050	476	290	3793
6	1	cSpy was 31 spamed and the readout avoided!
6	2	G	40000	99943	0.0569999	0.015	57	84	0	0	0	83	0	1	86
6	2	A	40000	99943	0.0569999	0.015	57	42	0	0	0	41	0	1	43
6	2	B	40000	99943	0.0569999	0.015	57	42	0	0	0	42	0	0	43
6	3	G	40000	100000	0	0	0	0	0	0	0	0	0	0	2
6	3	A	40000	100000	0	0	0	0	0	0	0	0	0	0	1
6	3	B	40000	100000	0	0	0	0	0	0	0	0	0	0	1
6	4	G	40000	96976	3.024	1.0035	3024	3029	0	0	0	3022	0	7	3031
6	4	A	40000	97277	2.723	1.121	2723	1602	0	0	0	1595	0	7	1603
6	4	B	40000	97687	2.313	0.886	2313	1427	0	0	0	1427	0	0	1428
6	5	G	40000	226	99.774	98.227	99774	2004	140	1	0	334	985	544	1531
6	5	A	40000	912	99.088	98.048	99088	1040	42	0	0	115	752	131	901
6	5	B	40000	630	99.37	98.406	99370	964	98	1	0	219	233	413	630
6	5	cSpy was 6 spamed and the readout avoided!
6	6	G	40000	83739	16.261	3.493	16261	23265	0	0	0	22915	277	73	23267
6	6	A	40000	84948	15.052	3.402	15052	11650	0	0	0	11327	251	72	11651
6	6	B	40000	84801	15.199	3.584	15199	11615	0	0	0	11588	26	1	11616
6	7	G	40000	100000	0	0	0	0	0	0	0	0	0	0	2
6	7	A	40000	100000	0	0	0	0	0	0	0	0	0	0	1
6	7	B	40000	100000	0	0	0	0	0	0	0	0	0	0	1
7	0	G	40000	1283	98.717	89.031	98717	10939	376	11	0	9782	398	372	10452
7	0	A	40000	2417	97.583	94.824	97583	2759	195	5	0	2124	122	313	2396
7	0	B	40000	8582	91.418	83.238	91418	8180	181	6	0	7658	276	59	8056
7	0	cSpy was 33 spamed and the readout avoided!
7	1	G	40000	100000	0	0	0	0	0	0	0	0	0	0	2
7	1	A	40000	100000	0	0	0	0	0	0	0	0	0	0	1
7	1	B	40000	100000	0	0	0	0	0	0	0	0	0	0	1
7	2	G	40000	100000	0	0	0	0	0	0	0	0	0	0	2
7	2	A	40000	100000	0	0	0	0	0	0	0	0	0	0	1
7	2	B	40000	100000	0	0	0	0	0	0	0	0	0	0	1
7	3	G	40000	24465	75.535	34.648	75535	47140	0	0	0	46316	730	94	47137
7	3	A	40000	36730	63.27	40.779	63270	22491	0	0	0	22345	53	93	22488
7	3	B	40000	46834	53.166	28.517	53166	24649	0	0	0	23971	677	1	24649
7	4	G	40000	6839	93.161	77.547	93161	21548	137	13	0	16974	3957	467	21206
7	4	A	40000	12153	87.847	76.534	87847	11313	80	11	0	8515	2284	423	11020
7	4	B	40000	11205	88.795	78.56	88795	10235	57	2	0	8459	1673	44	10186
7	4	cSpy was 8 spamed and the readout avoided!
7	5	G	40000	100000	0	0	0	0	0	0	0	0	0	0	2
7	5	A	40000	100000	0	0	0	0	0	0	0	0	0	0	1
7	5	B	40000	100000	0	0	0	0	0	0	0	0	0	0	1
7	6	G	40000	100000	0	0	0	0	0	0	0	0	0	0	2
7	6	A	40000	100000	0	0	0	0	0	0	0	0	0	0	1
7	6	B	40000	100000	0	0	0	0	0	0	0	0	0	0	1
7	7	G	40000	77404	22.596	7.6695	22596	17237	0	0	0	17098	105	34	17235
7	7	A	40000	82402	17.598	8.862	17598	8736	0	0	0	8662	40	34	8733
7	7	B	40000	85022	14.978	6.477	14978	8501	0	0	0	8436	65	0	8502
