#the gain was set to: 2	the bias was set to: 30
#Sent triggers per delay setting: 100000	and with a frequency [Hz] of: 40000
#160MHz delay setting	400MHz delay setting	Frequency	correct transmitted H+T		error rate [%]	uncertainty [%]	bad or missed events	error count	missing headers	missing trailers	flipped H/T	event nr errors	tbm missed trigger	unknown errors	event nr resets
0	0	G	40000	511	99.489	57.164	99489	15608	144	0	0	12775	1838	851	15056
0	0	A	40000	631	99.369	98.185	99369	1184	144	0	0	102	88	850	631
0	0	B	40000	69433	30.567	16.143	30567	14424	0	0	0	12673	1750	1	14425
0	0	cSpy was 43 spamed and the readout avoided!
0	1	G	40000	99998	0.00200272	0	2	4	0	0	0	4	0	0	6
0	1	A	40000	99998	0.00200272	0	2	2	0	0	0	2	0	0	3
0	1	B	40000	99998	0.00200272	0	2	2	0	0	0	2	0	0	3
0	2	G	40000	0	100	100	100000	200000	200000	200000	200000	200000	200000	200000	200002
0	2	A	40000	0	100	100	100000	100000	100000	100000	100000	100000	100000	100000	100001
0	2	B	40000	0	100	100	100000	100000	100000	100000	100000	100000	100000	100000	100001
0	3	G	40000	43509	56.491	32.4545	56491	30420	270	50	0	25116	4370	616	30037
0	3	A	40000	51216	48.784	34.762	48784	14022	90	24	0	11261	2080	567	13772
0	3	B	40000	53455	46.545	30.147	46545	16398	180	26	0	13855	2290	49	16265
0	3	cSpy was 34 spamed and the readout avoided!
0	4	G	40000	100000	0	0	0	0	0	0	0	0	0	0	2
0	4	A	40000	100000	0	0	0	0	0	0	0	0	0	0	1
0	4	B	40000	100000	0	0	0	0	0	0	0	0	0	0	1
0	5	G	40000	99972	0.0280023	0.001	28	54	0	0	0	54	0	0	56
0	5	A	40000	99972	0.0280023	0.001	28	27	0	0	0	27	0	0	28
0	5	B	40000	99972	0.0280023	0.001	28	27	0	0	0	27	0	0	28
0	6	G	40000	66023	33.977	21.0985	33977	16098	413	30	1	14981	610	63	15956
0	6	A	40000	73560	26.44	18.575	26440	7865	72	0	0	7734	0	59	7803
0	6	B	40000	68145	31.855	23.622	31855	8233	341	30	1	7247	610	4	8153
0	6	cSpy was 23 spamed and the readout avoided!
0	7	G	40000	0	100	100	100000	200000	200000	200000	200000	200000	200000	200000	200002
0	7	A	40000	0	100	100	100000	100000	100000	100000	100000	100000	100000	100000	100001
0	7	B	40000	0	100	100	100000	100000	100000	100000	100000	100000	100000	100000	100001
1	0	G	40000	1369	98.631	83.501	98631	15632	337	4	0	14357	305	629	15042
1	0	A	40000	2501	97.499	94.549	97499	2950	199	0	0	2134	71	546	2467
1	0	B	40000	14865	85.135	72.453	85135	12682	138	4	0	12223	234	83	12575
1	0	cSpy was 28 spamed and the readout avoided!
1	1	G	40000	0	100	100	100000	200000	200000	200000	200000	200000	200000	200000	200002
1	1	A	40000	0	100	100	100000	100000	100000	100000	100000	100000	100000	100000	100001
1	1	B	40000	0	100	100	100000	100000	100000	100000	100000	100000	100000	100000	100001
1	2	G	40000	100000	0	0	0	0	0	0	0	0	0	0	2
1	2	A	40000	100000	0	0	0	0	0	0	0	0	0	0	1
1	2	B	40000	100000	0	0	0	0	0	0	0	0	0	0	1
1	3	G	40000	100000	0	0	0	0	0	0	0	0	0	0	2
1	3	A	40000	100000	0	0	0	0	0	0	0	0	0	0	1
1	3	B	40000	100000	0	0	0	0	0	0	0	0	0	0	1
1	4	G	40000	6460	93.54	89.3705	93540	5416	151	0	0	4552	32	681	4851
1	4	A	40000	8077	91.923	89.077	91923	2846	82	0	0	2283	24	457	2483
1	4	B	40000	7766	92.234	89.664	92234	2570	69	0	0	2269	8	224	2368
1	5	G	40000	347	99.653	97.3365	99653	2972	155	0	0	1524	340	953	2322
1	5	A	40000	1230	98.77	97.081	98770	1689	104	0	0	610	247	728	1223
1	5	B	40000	1125	98.875	97.592	98875	1283	51	0	0	914	93	225	1099
1	5	cSpy was 47 spamed and the readout avoided!
1	6	G	40000	100000	0	0	0	0	0	0	0	0	0	0	2
1	6	A	40000	100000	0	0	0	0	0	0	0	0	0	0	1
1	6	B	40000	100000	0	0	0	0	0	0	0	0	0	0	1
1	7	G	40000	100000	0	0	0	0	0	0	0	0	0	0	2
1	7	A	40000	100000	0	0	0	0	0	0	0	0	0	0	1
1	7	B	40000	100000	0	0	0	0	0	0	0	0	0	0	1
2	0	G	40000	6896	93.104	48.294	93104	15131	201	3	0	13778	774	375	14767
2	0	A	40000	7768	92.232	84.781	92232	7451	188	3	0	6797	91	372	7093
2	0	B	40000	80513	19.487	11.807	19487	7680	13	0	0	6981	683	3	7674
2	0	cSpy was 7 spamed and the readout avoided!
2	1	G	40000	100000	0	0	0	0	0	0	0	0	0	0	2
2	1	A	40000	100000	0	0	0	0	0	0	0	0	0	0	1
2	1	B	40000	100000	0	0	0	0	0	0	0	0	0	0	1
2	2	G	40000	99400	0.599998	0.12	600	960	0	0	0	960	0	0	962
2	2	A	40000	99400	0.599998	0.12	600	480	0	0	0	480	0	0	481
2	2	B	40000	99400	0.599998	0.12	600	480	0	0	0	480	0	0	481
2	3	G	40000	0	100	100	100000	200000	200000	200000	200000	200000	200000	200000	200002
2	3	A	40000	0	100	100	100000	100000	100000	100000	100000	100000	100000	100000	100001
2	3	B	40000	0	100	100	100000	100000	100000	100000	100000	100000	100000	100000	100001
2	4	G	40000	51142	48.858	20.6205	48858	30568	160	30	0	17751	12066	563	30438
2	4	A	40000	61968	38.032	22.908	38032	15124	19	0	0	8692	5870	543	15082
2	4	B	40000	66223	33.777	18.333	33777	15444	141	30	0	9059	6196	20	15356
2	4	cSpy was 21 spamed and the readout avoided!
2	5	G	40000	100000	0	0	0	0	0	0	0	0	0	0	2
2	5	A	40000	100000	0	0	0	0	0	0	0	0	0	0	1
2	5	B	40000	100000	0	0	0	0	0	0	0	0	0	0	1
2	6	G	40000	100000	0	0	0	0	0	0	0	0	0	0	2
2	6	A	40000	100000	0	0	0	0	0	0	0	0	0	0	1
2	6	B	40000	100000	0	0	0	0	0	0	0	0	0	0	1
2	7	G	40000	60632	39.368	25.656	39368	20683	748	46	0	19202	633	54	20462
2	7	A	40000	63804	36.196	26.344	36196	9852	375	3	0	9393	34	47	9741
2	7	B	40000	64201	35.799	24.968	35799	10831	373	43	0	9809	599	7	10721
2	7	cSpy was 84 spamed and the readout avoided!
3	0	G	40000	2045	97.955	63.44	97955	12955	211	6	0	12317	147	274	12639
3	0	A	40000	2592	97.408	94.532	97408	2876	202	6	0	2276	119	273	2563
3	0	B	40000	57573	42.427	32.348	42427	10079	9	0	0	10041	28	1	10076
3	0	cSpy was 27 spamed and the readout avoided!
3	1	G	40000	0	100	100	100000	200000	200000	200000	200000	200000	200000	200000	200002
3	1	A	40000	0	100	100	100000	100000	100000	100000	100000	100000	100000	100000	100001
3	1	B	40000	0	100	100	100000	100000	100000	100000	100000	100000	100000	100000	100001
3	2	G	40000	10291	89.709	84.098	89709	7785	120	0	0	6177	866	622	7361
3	2	A	40000	11931	88.069	84.164	88069	3905	51	0	0	2932	396	526	3578
3	2	B	40000	12088	87.912	84.032	87912	3880	69	0	0	3245	470	96	3783
3	2	cSpy was 88 spamed and the readout avoided!
3	3	G	40000	100000	0	0	0	0	0	0	0	0	0	0	2
3	3	A	40000	100000	0	0	0	0	0	0	0	0	0	0	1
3	3	B	40000	100000	0	0	0	0	0	0	0	0	0	0	1
3	4	G	40000	100000	0	0	0	0	0	0	0	0	0	0	2
3	4	A	40000	100000	0	0	0	0	0	0	0	0	0	0	1
3	4	B	40000	100000	0	0	0	0	0	0	0	0	0	0	1
3	5	G	40000	4839	95.161	93.395	95161	2712	41	0	0	1574	1	1096	2061
3	5	A	40000	5181	94.819	93.34	94819	1479	17	0	0	559	1	902	961
3	5	B	40000	5317	94.683	93.45	94683	1233	24	0	0	1015	0	194	1100
3	5	cSpy was 71 spamed and the readout avoided!
3	6	G	40000	0	100	100	100000	200000	200000	200000	200000	200000	200000	200000	200002
3	6	A	40000	0	100	100	100000	100000	100000	100000	100000	100000	100000	100000	100001
3	6	B	40000	0	100	100	100000	100000	100000	100000	100000	100000	100000	100000	100001
3	7	G	40000	100000	0	0	0	0	0	0	0	0	0	0	2
3	7	A	40000	100000	0	0	0	0	0	0	0	0	0	0	1
3	7	B	40000	100000	0	0	0	0	0	0	0	0	0	0	1
4	0	G	40000	183	99.817	98.64	99817	1551	135	0	0	706	284	426	1157
4	0	A	40000	619	99.381	98.552	99381	829	63	0	0	316	209	241	609
4	0	B	40000	550	99.45	98.728	99450	722	72	0	0	390	75	185	548
4	0	cSpy was 33 spamed and the readout avoided!
4	1	G	40000	99972	0.0280023	0.008	28	40	0	0	0	40	0	0	42
4	1	A	40000	99972	0.0280023	0.008	28	20	0	0	0	20	0	0	21
4	1	B	40000	99972	0.0280023	0.008	28	20	0	0	0	20	0	0	21
4	2	G	40000	100000	0	0	0	0	0	0	0	0	0	0	2
4	2	A	40000	100000	0	0	0	0	0	0	0	0	0	0	1
4	2	B	40000	100000	0	0	0	0	0	0	0	0	0	0	1
4	3	G	40000	87548	12.452	4.1365	12452	10386	0	0	0	10368	3	15	10388
4	3	A	40000	89872	10.128	4.69	10128	5438	0	0	0	5423	0	15	5439
4	3	B	40000	91469	8.531	3.583	8531	4948	0	0	0	4945	3	0	4949
4	4	G	40000	401	99.599	97.4975	99599	2589	115	17	1	1391	860	205	2361
4	4	A	40000	975	99.025	97.998	99025	1027	27	0	0	581	326	93	929
4	4	B	40000	1441	98.559	96.997	98559	1562	88	17	1	810	534	112	1432
4	5	G	40000	93442	6.558	2.007	6558	9102	0	0	0	9036	27	39	9104
4	5	A	40000	93442	6.558	2.007	6558	4551	0	0	0	4486	27	38	4552
4	5	B	40000	93442	6.558	2.007	6558	4551	0	0	0	4550	0	1	4552
4	6	G	40000	100000	0	0	0	0	0	0	0	0	0	0	2
4	6	A	40000	100000	0	0	0	0	0	0	0	0	0	0	1
4	6	B	40000	100000	0	0	0	0	0	0	0	0	0	0	1
4	7	G	40000	100000	0	0	0	0	0	0	0	0	0	0	2
4	7	A	40000	100000	0	0	0	0	0	0	0	0	0	0	1
4	7	B	40000	100000	0	0	0	0	0	0	0	0	0	0	1
5	0	G	40000	827	99.173	51.5955	99173	8453	156	0	0	7325	358	614	7911
5	0	A	40000	896	99.104	97.665	99104	1439	156	0	0	333	336	614	896
5	0	B	40000	87460	12.54	5.526	12540	7014	0	0	0	6992	22	0	7015
5	0	cSpy was 30 spamed and the readout avoided!
5	1	G	40000	100000	0	0	0	0	0	0	0	0	0	0	2
5	1	A	40000	100000	0	0	0	0	0	0	0	0	0	0	1
5	1	B	40000	100000	0	0	0	0	0	0	0	0	0	0	1
5	2	G	40000	23080	76.92	35.8895	76920	47547	0	0	0	47392	60	95	47548
5	2	A	40000	35245	64.755	42.117	64755	22638	0	0	0	22523	20	95	22638
5	2	B	40000	45429	54.571	29.662	54571	24909	0	0	0	24869	40	0	24910
5	3	G	40000	17361	82.639	54.602	82639	37934	32	3	0	31383	6313	203	37836
5	3	A	40000	26985	73.015	53.508	73015	19507	20	2	0	15395	3893	197	19418
5	3	B	40000	25877	74.123	55.696	74123	18427	12	1	0	15988	2420	6	18418
5	4	G	40000	100000	0	0	0	0	0	0	0	0	0	0	2
5	4	A	40000	100000	0	0	0	0	0	0	0	0	0	0	1
5	4	B	40000	100000	0	0	0	0	0	0	0	0	0	0	1
5	5	G	40000	100000	0	0	0	0	0	0	0	0	0	0	2
5	5	A	40000	100000	0	0	0	0	0	0	0	0	0	0	1
5	5	B	40000	100000	0	0	0	0	0	0	0	0	0	0	1
5	6	G	40000	28750	71.25	31.4735	71250	45299	0	0	0	43740	1467	92	45281
5	6	A	40000	41243	58.757	36.961	58757	21796	0	0	0	21313	391	92	21777
5	6	B	40000	50511	49.489	25.986	49489	23503	0	0	0	22427	1076	0	23504
5	7	G	40000	2160	97.84	92.275	97840	7816	337	40	0	5378	1457	604	7206
5	7	A	40000	3949	96.051	92.067	96051	3984	160	2	0	2629	873	320	3672
5	7	B	40000	3685	96.315	92.483	96315	3832	177	38	0	2749	584	284	3534
5	7	cSpy was 80 spamed and the readout avoided!
6	0	G	40000	828	99.172	59.5795	99172	17512	147	1	0	16356	629	379	17140
6	0	A	40000	1083	98.917	97.467	98917	1450	146	0	0	728	200	376	1080
6	0	B	40000	62246	37.754	21.692	37754	16062	1	1	0	15628	429	3	16060
6	0	cSpy was 10 spamed and the readout avoided!
6	1	G	40000	0	100	100	100000	200000	200000	200000	200000	200000	200000	200000	200002
6	1	A	40000	0	100	100	100000	100000	100000	100000	100000	100000	100000	100000	100001
6	1	B	40000	0	100	100	100000	100000	100000	100000	100000	100000	100000	100000	100001
6	2	G	40000	99773	0.226998	0.109	227	236	0	0	0	235	0	1	238
6	2	A	40000	99773	0.226998	0.109	227	118	0	0	0	117	0	1	119
6	2	B	40000	99773	0.226998	0.109	227	118	0	0	0	118	0	0	119
6	3	G	40000	100000	0	0	0	0	0	0	0	0	0	0	2
6	3	A	40000	100000	0	0	0	0	0	0	0	0	0	0	1
6	3	B	40000	100000	0	0	0	0	0	0	0	0	0	0	1
6	4	G	40000	98638	1.362	0.428	1362	1785	0	0	0	1775	2	8	1787
6	4	A	40000	98680	1.32	0.428	1320	892	0	0	0	883	1	8	893
6	4	B	40000	98679	1.321	0.428	1321	893	0	0	0	892	1	0	894
6	5	G	40000	0	100	100	100000	200000	200000	200000	200000	200000	200000	200000	200002
6	5	A	40000	0	100	100	100000	100000	100000	100000	100000	100000	100000	100000	100001
6	5	B	40000	0	100	100	100000	100000	100000	100000	100000	100000	100000	100000	100001
6	6	G	40000	26566	73.434	48.809	73434	41822	139	0	0	39313	1479	891	41321
6	6	A	40000	30159	69.841	48.675	69841	21166	71	0	0	19637	712	746	20773
6	6	B	40000	30401	69.599	48.943	69599	20656	68	0	0	19676	767	145	20548
6	7	G	40000	100000	0	0	0	0	0	0	0	0	0	0	2
6	7	A	40000	100000	0	0	0	0	0	0	0	0	0	0	1
6	7	B	40000	100000	0	0	0	0	0	0	0	0	0	0	1
7	0	G	40000	1230	98.77	88.7465	98770	11086	347	10	0	9968	416	345	10624
7	0	A	40000	2371	97.629	94.947	97629	2682	187	5	0	2085	120	285	2351
7	0	B	40000	9050	90.95	82.546	90950	8404	160	5	0	7883	296	60	8273
7	0	cSpy was 30 spamed and the readout avoided!
7	1	G	40000	100000	0	0	0	0	0	0	0	0	0	0	2
7	1	A	40000	100000	0	0	0	0	0	0	0	0	0	0	1
7	1	B	40000	100000	0	0	0	0	0	0	0	0	0	0	1
7	2	G	40000	100000	0	0	0	0	0	0	0	0	0	0	2
7	2	A	40000	100000	0	0	0	0	0	0	0	0	0	0	1
7	2	B	40000	100000	0	0	0	0	0	0	0	0	0	0	1
7	3	G	40000	67111	32.889	19.594	32889	26289	0	0	0	26150	14	125	26287
7	3	A	40000	67281	32.719	19.594	32719	13125	0	0	0	12986	14	125	13122
7	3	B	40000	67242	32.758	19.594	32758	13164	0	0	0	13164	0	0	13165
7	4	G	40000	707	99.293	95.879	99293	4323	242	13	2	2412	926	728	3759
7	4	A	40000	2668	97.332	94.472	97332	2860	127	8	2	1663	583	477	2528
7	4	B	40000	1251	98.749	97.286	98749	1463	115	5	0	749	343	251	1231
7	4	cSpy was 82 spamed and the readout avoided!
7	5	G	40000	100000	0	0	0	0	0	0	0	0	0	0	2
7	5	A	40000	100000	0	0	0	0	0	0	0	0	0	0	1
7	5	B	40000	100000	0	0	0	0	0	0	0	0	0	0	1
7	6	G	40000	100000	0	0	0	0	0	0	0	0	0	0	2
7	6	A	40000	100000	0	0	0	0	0	0	0	0	0	0	1
7	6	B	40000	100000	0	0	0	0	0	0	0	0	0	0	1
7	7	G	40000	95115	4.885	1.531	4885	6403	0	0	0	6385	7	11	6403
7	7	A	40000	95264	4.736	1.531	4736	3205	0	0	0	3191	3	11	3204
7	7	B	40000	95271	4.729	1.531	4729	3198	0	0	0	3194	4	0	3199
