#the gain was set to: 2	the bias was set to: 30
#Sent triggers per delay setting: 100000	and with a frequency [Hz] of: 40000
#160MHz delay setting	400MHz delay setting	Frequency	correct transmitted H+T		error rate [%]	uncertainty [%]	bad or missed events	error count	missing headers	missing trailers	flipped H/T	event nr errors	tbm missed trigger	unknown errors	event nr resets
0	0	G	40000	467	99.533	60.7705	99533	18767	155	0	0	15832	1942	838	18200
0	0	A	40000	605	99.395	98.224	99395	1171	155	0	0	61	121	834	605
0	0	B	40000	59087	40.913	23.317	40913	17596	0	0	0	15771	1821	4	17595
0	0	cSpy was 69 spamed and the readout avoided!
0	1	G	40000	98694	1.306	0.229	1306	2132	0	0	0	2132	0	0	2134
0	1	A	40000	98705	1.295	0.229	1295	1066	0	0	0	1066	0	0	1067
0	1	B	40000	98705	1.295	0.229	1295	1066	0	0	0	1066	0	0	1067
0	2	G	40000	0	100	100	100000	200000	200000	200000	200000	200000	200000	200000	200002
0	2	A	40000	0	100	100	100000	100000	100000	100000	100000	100000	100000	100000	100001
0	2	B	40000	0	100	100	100000	100000	100000	100000	100000	100000	100000	100000	100001
0	3	G	40000	83491	16.509	5.789	16509	12030	2	7	0	7076	4779	166	12025
0	3	A	40000	87027	12.973	7.018	12973	5955	1	1	0	3448	2344	161	5951
0	3	B	40000	89365	10.635	4.56	10635	6075	1	6	0	3628	2435	5	6074
0	4	G	40000	100000	0	0	0	0	0	0	0	0	0	0	2
0	4	A	40000	100000	0	0	0	0	0	0	0	0	0	0	1
0	4	B	40000	100000	0	0	0	0	0	0	0	0	0	0	1
0	5	G	40000	99981	0.019002	0.002	19	34	0	0	0	34	0	0	36
0	5	A	40000	99981	0.019002	0.002	19	17	0	0	0	17	0	0	18
0	5	B	40000	99981	0.019002	0.002	19	17	0	0	0	17	0	0	18
0	6	G	40000	0	100	100	100000	200000	200000	200000	200000	200000	200000	200000	200002
0	6	A	40000	0	100	100	100000	100000	100000	100000	100000	100000	100000	100000	100001
0	6	B	40000	0	100	100	100000	100000	100000	100000	100000	100000	100000	100000	100001
0	7	G	40000	8278	91.722	75.241	91722	21344	352	54	0	19200	1044	696	20700
0	7	A	40000	12799	87.201	77.62	87201	9581	200	34	0	8320	456	571	9104
0	7	B	40000	15375	84.625	72.862	84625	11763	152	20	0	10880	588	125	11596
0	7	cSpy was 98 spamed and the readout avoided!
1	0	G	40000	199	99.801	97.4225	99801	2677	208	0	0	2086	217	166	2451
1	0	A	40000	429	99.571	99.114	99571	457	9	0	0	324	84	40	425
1	0	B	40000	2049	97.951	95.731	97951	2220	199	0	0	1762	133	126	2026
1	0	cSpy was 21 spamed and the readout avoided!
1	1	G	40000	32582	67.418	46.0785	67418	28058	399	59	2	25599	1270	729	27356
1	1	A	40000	38150	61.85	49.332	61850	12518	236	33	2	11165	462	620	11988
1	1	B	40000	41635	58.365	42.825	58365	15540	163	26	0	14434	808	109	15368
1	1	cSpy was 38 spamed and the readout avoided!
1	2	G	40000	100000	0	0	0	0	0	0	0	0	0	0	2
1	2	A	40000	100000	0	0	0	0	0	0	0	0	0	0	1
1	2	B	40000	100000	0	0	0	0	0	0	0	0	0	0	1
1	3	G	40000	100000	0	0	0	0	0	0	0	0	0	0	2
1	3	A	40000	100000	0	0	0	0	0	0	0	0	0	0	1
1	3	B	40000	100000	0	0	0	0	0	0	0	0	0	0	1
1	4	G	40000	68444	31.556	19.577	31556	14628	467	24	1	13487	589	60	14484
1	4	A	40000	76295	23.705	16.561	23705	7144	80	0	0	7004	0	60	7077
1	4	B	40000	69923	30.077	22.593	30077	7484	387	24	1	6483	589	0	7407
1	4	cSpy was 24 spamed and the readout avoided!
1	5	G	40000	2618	97.382	88.391	97382	11890	435	5	3	9742	1003	704	11157
1	5	A	40000	5405	94.595	88.718	94595	5877	299	4	2	4315	685	573	5304
1	5	B	40000	5923	94.077	88.064	94077	6013	136	1	1	5427	318	131	5853
1	5	cSpy was 90 spamed and the readout avoided!
1	6	G	40000	100000	0	0	0	0	0	0	0	0	0	0	2
1	6	A	40000	100000	0	0	0	0	0	0	0	0	0	0	1
1	6	B	40000	100000	0	0	0	0	0	0	0	0	0	0	1
1	7	G	40000	100000	0	0	0	0	0	0	0	0	0	0	2
1	7	A	40000	100000	0	0	0	0	0	0	0	0	0	0	1
1	7	B	40000	100000	0	0	0	0	0	0	0	0	0	0	1
2	0	G	40000	5867	94.133	44.199	94133	6424	150	1	0	5664	190	419	6084
2	0	A	40000	5899	94.101	88.243	94101	5858	150	1	0	5235	53	419	5517
2	0	B	40000	99279	0.721002	0.155	721	566	0	0	0	429	137	0	567
2	1	G	40000	100000	0	0	0	0	0	0	0	0	0	0	2
2	1	A	40000	100000	0	0	0	0	0	0	0	0	0	0	1
2	1	B	40000	100000	0	0	0	0	0	0	0	0	0	0	1
2	2	G	40000	88607	11.393	5.8015	11393	10004	2	1	0	9968	30	3	10004
2	2	A	40000	89186	10.814	5.878	10814	4936	0	0	0	4935	0	1	4937
2	2	B	40000	89207	10.793	5.725	10793	5068	2	1	0	5033	30	2	5067
2	3	G	40000	0	100	100	100000	200000	200000	200000	200000	200000	200000	200000	200002
2	3	A	40000	0	100	100	100000	100000	100000	100000	100000	100000	100000	100000	100001
2	3	B	40000	0	100	100	100000	100000	100000	100000	100000	100000	100000	100000	100001
2	4	G	40000	72100	27.9	18.1015	27900	12679	184	38	0	11406	748	303	12401
2	4	A	40000	74727	25.273	19.655	25273	5618	96	19	0	4937	300	266	5412
2	4	B	40000	76391	23.609	16.548	23609	7061	88	19	0	6469	448	37	6989
2	4	cSpy was 21 spamed and the readout avoided!
2	5	G	40000	100000	0	0	0	0	0	0	0	0	0	0	2
2	5	A	40000	100000	0	0	0	0	0	0	0	0	0	0	1
2	5	B	40000	100000	0	0	0	0	0	0	0	0	0	0	1
2	6	G	40000	99252	0.748003	0.136	748	1224	0	0	0	1224	0	0	1226
2	6	A	40000	99252	0.748003	0.136	748	612	0	0	0	612	0	0	613
2	6	B	40000	99252	0.748003	0.136	748	612	0	0	0	612	0	0	613
2	7	G	40000	0	100	100	100000	200000	200000	200000	200000	200000	200000	200000	200002
2	7	A	40000	0	100	100	100000	100000	100000	100000	100000	100000	100000	100000	100001
2	7	B	40000	0	100	100	100000	100000	100000	100000	100000	100000	100000	100000	100001
3	0	G	40000	1368	98.632	69.547	98632	15441	231	3	0	14689	204	314	15078
3	0	A	40000	1970	98.03	95.708	98030	2322	225	3	0	1593	187	314	1961
3	0	B	40000	43495	56.505	43.386	56505	13119	6	0	0	13096	17	0	13117
3	0	cSpy was 25 spamed and the readout avoided!
3	1	G	40000	427	99.573	97.6615	99573	2604	107	1	0	1320	323	853	2038
3	1	A	40000	835	99.165	98	99165	1165	8	0	0	530	56	571	825
3	1	B	40000	1238	98.762	97.323	98762	1439	99	1	0	790	267	282	1213
3	1	cSpy was 74 spamed and the readout avoided!
3	2	G	40000	17084	82.916	71.8955	82916	15953	97	0	0	14639	511	706	15453
3	2	A	40000	20010	79.99	71.998	79990	7992	49	0	0	7135	271	537	7656
3	2	B	40000	20246	79.754	71.793	79754	7961	48	0	0	7504	240	169	7797
3	2	cSpy was 84 spamed and the readout avoided!
3	3	G	40000	100000	0	0	0	0	0	0	0	0	0	0	2
3	3	A	40000	100000	0	0	0	0	0	0	0	0	0	0	1
3	3	B	40000	100000	0	0	0	0	0	0	0	0	0	0	1
3	4	G	40000	100000	0	0	0	0	0	0	0	0	0	0	2
3	4	A	40000	100000	0	0	0	0	0	0	0	0	0	0	1
3	4	B	40000	100000	0	0	0	0	0	0	0	0	0	0	1
3	5	G	40000	0	100	100	100000	200000	200000	200000	200000	200000	200000	200000	200002
3	5	A	40000	0	100	100	100000	100000	100000	100000	100000	100000	100000	100000	100001
3	5	B	40000	0	100	100	100000	100000	100000	100000	100000	100000	100000	100000	100001
3	6	G	40000	3931	96.069	85.8585	96069	13688	92	0	0	11800	1310	486	13390
3	6	A	40000	7019	92.981	86.315	92981	6666	21	0	0	5636	573	436	6426
3	6	B	40000	7576	92.424	85.402	92424	7022	71	0	0	6164	737	50	6964
3	6	cSpy was 2 spamed and the readout avoided!
3	7	G	40000	100000	0	0	0	0	0	0	0	0	0	0	2
3	7	A	40000	100000	0	0	0	0	0	0	0	0	0	0	1
3	7	B	40000	100000	0	0	0	0	0	0	0	0	0	0	1
4	0	G	40000	237	99.763	98.225	99763	2013	225	0	0	1065	225	498	1528
4	0	A	40000	652	99.348	98.404	99348	944	104	0	0	412	103	325	646
4	0	B	40000	885	99.115	98.046	99115	1069	121	0	0	653	122	173	882
4	0	cSpy was 69 spamed and the readout avoided!
4	1	G	40000	100000	0	0	0	0	0	0	0	0	0	0	2
4	1	A	40000	100000	0	0	0	0	0	0	0	0	0	0	1
4	1	B	40000	100000	0	0	0	0	0	0	0	0	0	0	1
4	2	G	40000	100000	0	0	0	0	0	0	0	0	0	0	2
4	2	A	40000	100000	0	0	0	0	0	0	0	0	0	0	1
4	2	B	40000	100000	0	0	0	0	0	0	0	0	0	0	1
4	3	G	40000	51874	48.126	19.099	48126	32434	0	0	0	31530	833	71	32421
4	3	A	40000	61937	38.063	22.199	38063	15864	0	0	0	15449	344	71	15850
4	3	B	40000	67431	32.569	15.999	32569	16570	0	0	0	16081	489	0	16571
4	4	G	40000	3020	96.98	89.051	96980	11043	466	24	0	7553	2265	735	10299
4	4	A	40000	5429	94.571	89.063	94571	5508	241	1	0	3361	1386	519	5022
4	4	B	40000	5426	94.574	89.039	94574	5535	225	23	0	4192	879	216	5277
4	4	cSpy was 18 spamed and the readout avoided!
4	5	G	40000	99977	0.0230014	0.009	23	28	0	0	0	28	0	0	30
4	5	A	40000	99977	0.0230014	0.009	23	14	0	0	0	14	0	0	15
4	5	B	40000	99977	0.0230014	0.009	23	14	0	0	0	14	0	0	15
4	6	G	40000	100000	0	0	0	0	0	0	0	0	0	0	2
4	6	A	40000	100000	0	0	0	0	0	0	0	0	0	0	1
4	6	B	40000	100000	0	0	0	0	0	0	0	0	0	0	1
4	7	G	40000	98335	1.665	0.591	1665	1625	0	0	0	1619	1	5	1627
4	7	A	40000	98473	1.527	0.66	1527	867	0	0	0	862	0	5	868
4	7	B	40000	98720	1.28	0.522	1280	758	0	0	0	757	1	0	759
5	0	G	40000	735	99.265	52.8965	99265	10671	157	0	0	9483	383	648	10128
5	0	A	40000	820	99.18	97.817	99180	1363	157	0	0	223	336	647	820
5	0	B	40000	82716	17.284	7.976	17284	9308	0	0	0	9260	47	1	9308
5	0	cSpy was 39 spamed and the readout avoided!
5	1	G	40000	99933	0.0670016	0.028	67	68	0	0	0	68	0	0	70
5	1	A	40000	99936	0.0639975	0.029	64	35	0	0	0	35	0	0	36
5	1	B	40000	99940	0.059998	0.027	60	33	0	0	0	33	0	0	34
5	2	G	40000	10556	89.444	69.098	89444	24181	24	0	0	23186	775	196	24089
5	2	A	40000	16469	83.531	72.225	83531	11306	12	0	0	10846	332	116	11261
5	2	B	40000	21154	78.846	65.971	78846	12875	12	0	0	12340	443	80	12828
5	2	cSpy was 32 spamed and the readout avoided!
5	3	G	40000	43549	56.451	15.865	56451	54380	28	0	0	47469	6788	95	54347
5	3	A	40000	57484	42.516	14.948	42516	27568	15	0	0	23032	4427	94	27541
5	3	B	40000	56406	43.594	16.782	43594	26812	13	0	0	24437	2361	1	26806
5	4	G	40000	100000	0	0	0	0	0	0	0	0	0	0	2
5	4	A	40000	100000	0	0	0	0	0	0	0	0	0	0	1
5	4	B	40000	100000	0	0	0	0	0	0	0	0	0	0	1
5	5	G	40000	99982	0.0180006	0.007	18	16	0	0	0	16	0	0	18
5	5	A	40000	99983	0.0169992	0.008	17	9	0	0	0	9	0	0	10
5	5	B	40000	99987	0.0129998	0.006	13	7	0	0	0	7	0	0	8
5	6	G	40000	23225	76.775	35.7115	76775	47537	0	0	0	47310	133	94	47538
5	6	A	40000	35404	64.596	41.951	64596	22645	0	0	0	22544	7	94	22645
5	6	B	40000	45636	54.364	29.472	54364	24892	0	0	0	24766	126	0	24893
5	7	G	40000	10522	89.478	70.7235	89478	25261	58	0	0	20657	4292	254	25092
5	7	A	40000	16952	83.048	70.124	83048	12924	16	0	0	10175	2570	163	12846
5	7	B	40000	16340	83.66	71.323	83660	12337	42	0	0	10482	1722	91	12246
5	7	cSpy was 49 spamed and the readout avoided!
6	0	G	40000	581	99.419	64.3145	99419	18188	98	1	0	16903	727	459	17779
6	0	A	40000	820	99.18	97.957	99180	1223	98	0	0	499	173	453	818
6	0	B	40000	52363	47.637	30.672	47637	16965	0	1	0	16404	554	6	16961
6	0	cSpy was 9 spamed and the readout avoided!
6	1	G	40000	4843	95.157	88.6075	95157	9149	244	6	0	6759	1660	480	8690
6	1	A	40000	6913	93.087	88.43	93087	4657	129	1	0	3286	944	297	4393
6	1	B	40000	6723	93.277	88.785	93277	4492	115	5	0	3473	716	183	4297
6	1	cSpy was 89 spamed and the readout avoided!
6	2	G	40000	100000	0	0	0	0	0	0	0	0	0	0	2
6	2	A	40000	100000	0	0	0	0	0	0	0	0	0	0	1
6	2	B	40000	100000	0	0	0	0	0	0	0	0	0	0	1
6	3	G	40000	100000	0	0	0	0	0	0	0	0	0	0	2
6	3	A	40000	100000	0	0	0	0	0	0	0	0	0	0	1
6	3	B	40000	100000	0	0	0	0	0	0	0	0	0	0	1
6	4	G	40000	59272	40.728	14.6015	40728	29350	0	0	0	28950	342	58	29348
6	4	A	40000	68703	31.297	16.768	31297	14529	0	0	0	14334	137	58	14526
6	4	B	40000	72744	27.256	12.435	27256	14821	0	0	0	14616	205	0	14822
6	5	G	40000	1194	98.806	94.7365	98806	5426	322	34	0	3351	1237	482	4896
6	5	A	40000	2841	97.159	94.241	97159	2918	164	0	0	1672	862	220	2667
6	5	B	40000	2260	97.74	95.232	97740	2508	158	34	0	1679	375	262	2229
6	5	cSpy was 66 spamed and the readout avoided!
6	6	G	40000	99786	0.213999	0.07	214	288	0	0	0	285	0	3	290
6	6	A	40000	99786	0.213999	0.07	214	144	0	0	0	141	0	3	145
6	6	B	40000	99786	0.213999	0.07	214	144	0	0	0	144	0	0	145
6	7	G	40000	100000	0	0	0	0	0	0	0	0	0	0	2
6	7	A	40000	100000	0	0	0	0	0	0	0	0	0	0	1
6	7	B	40000	100000	0	0	0	0	0	0	0	0	0	0	1
7	0	G	40000	1526	98.474	71.0075	98474	20175	226	1	0	18753	914	281	19837
7	0	A	40000	2399	97.601	94.914	97601	2687	171	1	0	2060	187	268	2385
7	0	B	40000	35411	64.589	47.101	64589	17488	55	0	0	16693	727	13	17452
7	0	cSpy was 15 spamed and the readout avoided!
7	1	G	40000	100000	0	0	0	0	0	0	0	0	0	0	2
7	1	A	40000	100000	0	0	0	0	0	0	0	0	0	0	1
7	1	B	40000	100000	0	0	0	0	0	0	0	0	0	0	1
7	2	G	40000	99953	0.0469983	0.015	47	58	0	0	0	58	0	0	60
7	2	A	40000	99956	0.0440001	0.015	44	29	0	0	0	29	0	0	30
7	2	B	40000	99956	0.0440001	0.015	44	29	0	0	0	29	0	0	30
7	3	G	40000	65833	34.167	20.244	34167	26796	0	0	0	26663	1	132	26797
7	3	A	40000	66319	33.681	20.276	33681	13405	0	0	0	13274	1	130	13405
7	3	B	40000	66397	33.603	20.212	33603	13391	0	0	0	13389	0	2	13392
7	4	G	40000	3464	96.536	86.6725	96536	12832	81	3	0	11013	1321	414	12576
7	4	A	40000	7634	92.366	85.269	92366	7097	4	0	0	6010	724	359	6906
7	4	B	40000	6189	93.811	88.076	93811	5735	77	3	0	5003	597	55	5670
7	4	cSpy was 15 spamed and the readout avoided!
7	5	G	40000	100000	0	0	0	0	0	0	0	0	0	0	2
7	5	A	40000	100000	0	0	0	0	0	0	0	0	0	0	1
7	5	B	40000	100000	0	0	0	0	0	0	0	0	0	0	1
7	6	G	40000	100000	0	0	0	0	0	0	0	0	0	0	2
7	6	A	40000	100000	0	0	0	0	0	0	0	0	0	0	1
7	6	B	40000	100000	0	0	0	0	0	0	0	0	0	0	1
7	7	G	40000	75962	24.038	13.837	24038	20034	0	0	0	19796	147	91	20020
7	7	A	40000	76211	23.789	13.837	23789	9952	0	0	0	9765	96	91	9937
7	7	B	40000	76081	23.919	13.837	23919	10082	0	0	0	10031	51	0	10083
