#the gain was set to: 2	the bias was set to: 30
#Sent triggers per delay setting: 100000	and with a frequency [Hz] of: 40000
#160MHz delay setting	400MHz delay setting	Frequency	correct transmitted H+T		error rate [%]	uncertainty [%]	bad or missed events	error count	missing headers	missing trailers	flipped H/T	event nr errors	tbm missed trigger	unknown errors	event nr resets
0	0	G	40000	442	99.558	59.0835	99558	17637	151	0	0	14615	2016	855	17051
0	0	A	40000	602	99.398	98.209	99398	1189	151	0	0	80	103	855	602
0	0	B	40000	63594	36.406	19.958	36406	16448	0	0	0	14535	1913	0	16449
0	0	cSpy was 55 spamed and the readout avoided!
0	1	G	40000	91284	8.716	2.8275	8716	7265	0	0	0	7249	14	2	7266
0	1	A	40000	94245	5.755	2.099	5755	3656	0	0	0	3641	13	2	3656
0	1	B	40000	92835	7.165	3.556	7165	3609	0	0	0	3608	1	0	3610
0	2	G	40000	0	100	100	100000	200000	200000	200000	200000	200000	200000	200000	200002
0	2	A	40000	0	100	100	100000	100000	100000	100000	100000	100000	100000	100000	100001
0	2	B	40000	0	100	100	100000	100000	100000	100000	100000	100000	100000	100000	100001
0	3	G	40000	97681	2.319	1.369	2319	1900	0	0	0	1900	0	0	1902
0	3	A	40000	97681	2.319	1.369	2319	950	0	0	0	950	0	0	951
0	3	B	40000	97681	2.319	1.369	2319	950	0	0	0	950	0	0	951
0	4	G	40000	100000	0	0	0	0	0	0	0	0	0	0	2
0	4	A	40000	100000	0	0	0	0	0	0	0	0	0	0	1
0	4	B	40000	100000	0	0	0	0	0	0	0	0	0	0	1
0	5	G	40000	97806	2.194	0.721	2194	1840	0	0	0	1834	5	1	1842
0	5	A	40000	98542	1.458	0.536	1458	922	0	0	0	918	3	1	923
0	5	B	40000	98176	1.824	0.906	1824	918	0	0	0	916	2	0	919
0	6	G	40000	0	100	100	100000	200000	200000	200000	200000	200000	200000	200000	200002
0	6	A	40000	0	100	100	100000	100000	100000	100000	100000	100000	100000	100000	100001
0	6	B	40000	0	100	100	100000	100000	100000	100000	100000	100000	100000	100000	100001
0	7	G	40000	11629	88.371	69.079	88371	27308	21	0	0	25169	1608	510	27045
0	7	A	40000	17267	82.733	68.87	82733	13863	13	0	0	12552	802	496	13607
0	7	B	40000	17267	82.733	69.288	82733	13445	8	0	0	12617	806	14	13438
1	0	G	40000	262	99.738	97.697	99738	2393	162	0	0	1805	261	165	2192
1	0	A	40000	746	99.254	98.44	99254	814	27	0	0	563	150	74	739
1	0	B	40000	1467	98.533	96.954	98533	1579	135	0	0	1242	111	91	1453
1	0	cSpy was 15 spamed and the readout avoided!
1	1	G	40000	30134	69.866	47.4025	69866	32963	42	0	0	30201	2221	499	32729
1	1	A	40000	36121	63.879	47.224	63879	16655	21	0	0	15031	1130	473	16434
1	1	B	40000	36111	63.889	47.581	63889	16308	21	0	0	15170	1091	26	16295
1	2	G	40000	100000	0	0	0	0	0	0	0	0	0	0	2
1	2	A	40000	100000	0	0	0	0	0	0	0	0	0	0	1
1	2	B	40000	100000	0	0	0	0	0	0	0	0	0	0	1
1	3	G	40000	100000	0	0	0	0	0	0	0	0	0	0	2
1	3	A	40000	100000	0	0	0	0	0	0	0	0	0	0	1
1	3	B	40000	100000	0	0	0	0	0	0	0	0	0	0	1
1	4	G	40000	1	99.999	99.9935	99999	11	0	0	0	0	0	11	2
1	4	A	40000	1	99.999	99.997	99999	2	0	0	0	0	0	2	1
1	4	B	40000	1	99.999	99.99	99999	9	0	0	0	0	0	9	1
1	5	G	40000	0	100	100	100000	200000	200000	200000	200000	200000	200000	200000	200002
1	5	A	40000	0	100	100	100000	100000	100000	100000	100000	100000	100000	100000	100001
1	5	B	40000	0	100	100	100000	100000	100000	100000	100000	100000	100000	100000	100001
1	6	G	40000	100000	0	0	0	0	0	0	0	0	0	0	2
1	6	A	40000	100000	0	0	0	0	0	0	0	0	0	0	1
1	6	B	40000	100000	0	0	0	0	0	0	0	0	0	0	1
1	7	G	40000	100000	0	0	0	0	0	0	0	0	0	0	2
1	7	A	40000	100000	0	0	0	0	0	0	0	0	0	0	1
1	7	B	40000	100000	0	0	0	0	0	0	0	0	0	0	1
2	0	G	40000	6540	93.46	43.581	93460	6710	117	0	0	6033	177	383	6399
2	0	A	40000	6562	93.438	87.033	93438	6405	117	0	0	5843	62	383	6093
2	0	B	40000	99566	0.433999	0.129	434	305	0	0	0	190	115	0	306
2	1	G	40000	100000	0	0	0	0	0	0	0	0	0	0	2
2	1	A	40000	100000	0	0	0	0	0	0	0	0	0	0	1
2	1	B	40000	100000	0	0	0	0	0	0	0	0	0	0	1
2	2	G	40000	87310	12.69	6.1445	12690	12034	1	2	0	12013	13	5	12034
2	2	A	40000	87838	12.162	6.209	12162	5953	0	1	0	5952	0	0	5954
2	2	B	40000	87839	12.161	6.08	12161	6081	1	1	0	6061	13	5	6080
2	3	G	40000	0	100	100	100000	200000	200000	200000	200000	200000	200000	200000	200002
2	3	A	40000	0	100	100	100000	100000	100000	100000	100000	100000	100000	100000	100001
2	3	B	40000	0	100	100	100000	100000	100000	100000	100000	100000	100000	100000	100001
2	4	G	40000	99932	0.0680029	0.0305	68	68	0	0	0	54	14	0	70
2	4	A	40000	99932	0.0680029	0.034	68	34	0	0	0	27	7	0	35
2	4	B	40000	99939	0.0609994	0.027	61	34	0	0	0	27	7	0	35
2	5	G	40000	100000	0	0	0	0	0	0	0	0	0	0	2
2	5	A	40000	100000	0	0	0	0	0	0	0	0	0	0	1
2	5	B	40000	100000	0	0	0	0	0	0	0	0	0	0	1
2	6	G	40000	99871	0.129002	0.015	129	228	0	0	0	228	0	0	230
2	6	A	40000	99871	0.129002	0.015	129	114	0	0	0	114	0	0	115
2	6	B	40000	99871	0.129002	0.015	129	114	0	0	0	114	0	0	115
2	7	G	40000	10678	89.322	86.4295	89322	3795	262	11	0	2670	329	523	3336
2	7	A	40000	11478	88.522	86.956	88522	1566	82	1	0	1127	118	238	1392
2	7	B	40000	11868	88.132	85.903	88132	2229	180	10	0	1543	211	285	1944
2	7	cSpy was 96 spamed and the readout avoided!
3	0	G	40000	1676	98.324	66.5	98324	14273	199	3	0	13621	180	270	13937
3	0	A	40000	2302	97.698	95.073	97698	2625	198	3	0	1976	178	270	2289
3	0	B	40000	50425	49.575	37.927	49575	11648	1	0	0	11645	2	0	11648
3	0	cSpy was 24 spamed and the readout avoided!
3	1	G	40000	14932	85.068	41.3295	85068	55523	13	20	0	54485	451	554	55236
3	1	A	40000	28234	71.766	47.524	71766	24242	3	14	0	23544	210	471	23999
3	1	B	40000	33584	66.416	35.135	66416	31281	10	6	0	30941	241	83	31237
3	1	cSpy was 63 spamed and the readout avoided!
3	2	G	40000	39381	60.619	38.7265	60619	39366	55	1	0	34314	4750	246	39228
3	2	A	40000	41650	58.35	38.64	58350	19710	26	0	0	16388	3065	231	19598
3	2	B	40000	41531	58.469	38.813	58469	19656	29	1	0	17926	1685	15	19630
3	3	G	40000	100000	0	0	0	0	0	0	0	0	0	0	2
3	3	A	40000	100000	0	0	0	0	0	0	0	0	0	0	1
3	3	B	40000	100000	0	0	0	0	0	0	0	0	0	0	1
3	4	G	40000	99589	0.410998	0.137	411	465	0	0	0	465	0	0	467
3	4	A	40000	99627	0.373	0.141	373	232	0	0	0	232	0	0	233
3	4	B	40000	99634	0.366002	0.133	366	233	0	0	0	233	0	0	234
3	5	G	40000	19679	80.321	33.4765	80321	59084	0	0	0	58895	96	93	59009
3	5	A	40000	35154	64.846	39.265	64846	25581	0	0	0	25487	2	92	25507
3	5	B	40000	38809	61.191	27.688	61191	33503	0	0	0	33408	94	1	33502
3	6	G	40000	20393	79.607	61.147	79607	32136	20	0	0	27334	4642	140	32086
3	6	A	40000	22865	77.135	61.058	77135	16077	12	0	0	12997	2930	138	16033
3	6	B	40000	22705	77.295	61.236	77295	16059	8	0	0	14337	1712	2	16053
3	7	G	40000	100000	0	0	0	0	0	0	0	0	0	0	2
3	7	A	40000	100000	0	0	0	0	0	0	0	0	0	0	1
3	7	B	40000	100000	0	0	0	0	0	0	0	0	0	0	1
4	0	G	40000	186	99.814	98.3915	99814	1838	174	0	0	954	239	471	1372
4	0	A	40000	635	99.365	98.444	99365	921	85	0	0	409	123	304	629
4	0	B	40000	744	99.256	98.339	99256	917	89	0	0	545	116	167	743
4	0	cSpy was 46 spamed and the readout avoided!
4	1	G	40000	100000	0	0	0	0	0	0	0	0	0	0	2
4	1	A	40000	100000	0	0	0	0	0	0	0	0	0	0	1
4	1	B	40000	100000	0	0	0	0	0	0	0	0	0	0	1
4	2	G	40000	100000	0	0	0	0	0	0	0	0	0	0	2
4	2	A	40000	100000	0	0	0	0	0	0	0	0	0	0	1
4	2	B	40000	100000	0	0	0	0	0	0	0	0	0	0	1
4	3	G	40000	87708	12.292	5.231	12292	13571	0	0	0	13315	206	50	13559
4	3	A	40000	87986	12.014	5.231	12014	6783	0	0	0	6607	127	49	6770
4	3	B	40000	87981	12.019	5.231	12019	6788	0	0	0	6708	79	1	6789
4	4	G	40000	0	100	100	100000	200000	200000	200000	200000	200000	200000	200000	200002
4	4	A	40000	0	100	100	100000	100000	100000	100000	100000	100000	100000	100000	100001
4	4	B	40000	0	100	100	100000	100000	100000	100000	100000	100000	100000	100000	100001
4	5	G	40000	99890	0.11	0.053	110	114	0	0	0	114	0	0	116
4	5	A	40000	99890	0.11	0.053	110	57	0	0	0	57	0	0	58
4	5	B	40000	99890	0.11	0.053	110	57	0	0	0	57	0	0	58
4	6	G	40000	100000	0	0	0	0	0	0	0	0	0	0	2
4	6	A	40000	100000	0	0	0	0	0	0	0	0	0	0	1
4	6	B	40000	100000	0	0	0	0	0	0	0	0	0	0	1
4	7	G	40000	99523	0.476998	0.131	477	667	0	0	0	666	0	1	669
4	7	A	40000	99535	0.465	0.131	465	334	0	0	0	333	0	1	335
4	7	B	40000	99536	0.463998	0.131	464	333	0	0	0	333	0	0	334
5	0	G	40000	780	99.22	52.2875	99220	9752	151	0	0	8580	359	662	9192
5	0	A	40000	847	99.153	97.745	99153	1408	151	0	0	266	330	661	847
5	0	B	40000	84826	15.174	6.83	15174	8344	0	0	0	8314	29	1	8345
5	0	cSpy was 29 spamed and the readout avoided!
5	1	G	40000	96244	3.756	1.345	3756	2713	0	0	0	2680	28	5	2714
5	1	A	40000	97110	2.89	1.538	2890	1352	0	0	0	1335	12	5	1352
5	1	B	40000	97487	2.513	1.152	2513	1361	0	0	0	1345	16	0	1362
5	2	G	40000	21919	78.081	38.169	78081	46756	6	0	0	46174	454	122	46736
5	2	A	40000	33655	66.345	44.135	66345	22210	3	0	0	21760	326	121	22190
5	2	B	40000	43251	56.749	32.203	56749	24546	3	0	0	24414	128	1	24546
5	3	G	40000	42523	57.477	33.618	57477	33554	12	0	0	30297	3126	119	33512
5	3	A	40000	49873	50.127	33.261	50127	16866	6	0	0	14747	2044	69	16855
5	3	B	40000	49337	50.663	33.975	50663	16688	6	0	0	15550	1082	50	16657
5	3	cSpy was 28 spamed and the readout avoided!
5	4	G	40000	100000	0	0	0	0	0	0	0	0	0	0	2
5	4	A	40000	100000	0	0	0	0	0	0	0	0	0	0	1
5	4	B	40000	100000	0	0	0	0	0	0	0	0	0	0	1
5	5	G	40000	100000	0	0	0	0	0	0	0	0	0	0	2
5	5	A	40000	100000	0	0	0	0	0	0	0	0	0	0	1
5	5	B	40000	100000	0	0	0	0	0	0	0	0	0	0	1
5	6	G	40000	36141	63.859	28.989	63859	40414	0	0	0	39878	453	83	40411
5	6	A	40000	46584	53.416	34.03	53416	19386	0	0	0	19272	33	81	19384
5	6	B	40000	55024	44.976	23.948	44976	21028	0	0	0	20606	420	2	21027
5	7	G	40000	4551	95.449	84.168	95449	15363	149	12	0	12017	2786	399	15043
5	7	A	40000	8568	91.432	83.297	91432	8135	88	6	0	6025	1659	357	7879
5	7	B	40000	7733	92.267	85.039	92267	7228	61	6	0	5992	1127	42	7164
5	7	cSpy was 10 spamed and the readout avoided!
6	0	G	40000	756	99.244	59.945	99244	16718	137	0	0	15514	654	413	16316
6	0	A	40000	969	99.031	97.661	99031	1370	136	0	0	603	220	411	968
6	0	B	40000	62423	37.577	22.229	37577	15348	1	0	0	14911	434	2	15348
6	0	cSpy was 10 spamed and the readout avoided!
6	1	G	40000	2091	97.909	92.678	97909	7530	437	25	0	4862	1522	685	6836
6	1	A	40000	3748	96.252	92.301	96252	3951	208	4	0	2349	930	461	3531
6	1	B	40000	3366	96.634	93.055	96634	3579	229	21	0	2513	592	224	3305
6	1	cSpy was 51 spamed and the readout avoided!
6	2	G	40000	100000	0	0	0	0	0	0	0	0	0	0	2
6	2	A	40000	100000	0	0	0	0	0	0	0	0	0	0	1
6	2	B	40000	100000	0	0	0	0	0	0	0	0	0	0	1
6	3	G	40000	100000	0	0	0	0	0	0	0	0	0	0	2
6	3	A	40000	100000	0	0	0	0	0	0	0	0	0	0	1
6	3	B	40000	100000	0	0	0	0	0	0	0	0	0	0	1
6	4	G	40000	87868	12.132	3.9065	12132	10550	0	0	0	10523	8	19	10552
6	4	A	40000	90153	9.847	4.391	9847	5456	0	0	0	5433	4	19	5457
6	4	B	40000	91484	8.516	3.422	8516	5094	0	0	0	5090	4	0	5095
6	5	G	40000	857	99.143	95.472	99143	4822	433	38	2	2217	1585	547	4152
6	5	A	40000	2520	97.48	94.732	97480	2748	209	2	0	1127	1196	214	2444
6	5	B	40000	1714	98.286	96.212	98286	2074	224	36	2	1090	389	333	1708
6	5	cSpy was 5 spamed and the readout avoided!
6	6	G	40000	98915	1.085	0.3515	1085	1466	0	0	0	1453	1	12	1468
6	6	A	40000	98916	1.084	0.351	1084	733	0	0	0	720	1	12	734
6	6	B	40000	98915	1.085	0.352	1085	733	0	0	0	733	0	0	734
6	7	G	40000	100000	0	0	0	0	0	0	0	0	0	0	2
6	7	A	40000	100000	0	0	0	0	0	0	0	0	0	0	1
6	7	B	40000	100000	0	0	0	0	0	0	0	0	0	0	1
7	0	G	40000	1710	98.29	65.062	98290	25261	195	5	0	23615	1147	299	24934
7	0	A	40000	2675	97.325	94.358	97325	2967	169	5	0	2331	165	297	2654
7	0	B	40000	41940	58.06	35.766	58060	22294	26	0	0	21284	982	2	22280
7	0	cSpy was 9 spamed and the readout avoided!
7	1	G	40000	100000	0	0	0	0	0	0	0	0	0	0	2
7	1	A	40000	100000	0	0	0	0	0	0	0	0	0	0	1
7	1	B	40000	100000	0	0	0	0	0	0	0	0	0	0	1
7	2	G	40000	99954	0.0460029	0.017	46	54	0	0	0	54	0	0	56
7	2	A	40000	99956	0.0440001	0.017	44	27	0	0	0	27	0	0	28
7	2	B	40000	99956	0.0440001	0.017	44	27	0	0	0	27	0	0	28
7	3	G	40000	64054	35.946	20.4265	35946	27140	0	0	0	27008	1	131	27141
7	3	A	40000	65821	34.179	20.563	34179	13616	0	0	0	13485	1	130	13616
7	3	B	40000	66186	33.814	20.29	33814	13524	0	0	0	13523	0	1	13525
7	4	G	40000	0	100	100	100000	200000	200000	200000	200000	200000	200000	200000	200002
7	4	A	40000	0	100	100	100000	100000	100000	100000	100000	100000	100000	100000	100001
7	4	B	40000	0	100	100	100000	100000	100000	100000	100000	100000	100000	100000	100001
7	5	G	40000	100000	0	0	0	0	0	0	0	0	0	0	2
7	5	A	40000	100000	0	0	0	0	0	0	0	0	0	0	1
7	5	B	40000	100000	0	0	0	0	0	0	0	0	0	0	1
7	6	G	40000	100000	0	0	0	0	0	0	0	0	0	0	2
7	6	A	40000	100000	0	0	0	0	0	0	0	0	0	0	1
7	6	B	40000	100000	0	0	0	0	0	0	0	0	0	0	1
7	7	G	40000	70631	29.369	16.873	29369	24553	0	0	0	24220	217	116	24533
7	7	A	40000	70929	29.071	16.873	29071	12198	0	0	0	11952	130	116	12177
7	7	B	40000	70772	29.228	16.873	29228	12355	0	0	0	12268	87	0	12356
