#the gain was set to: 2	the bias was set to: 30
#Sent triggers per delay setting: 100000	and with a frequency [Hz] of: 40000
#160MHz delay setting	400MHz delay setting	Frequency	correct transmitted H+T		error rate [%]	uncertainty [%]	bad or missed events	error count	missing headers	missing trailers	flipped H/T	event nr errors	tbm missed trigger	unknown errors	event nr resets
0	0	G	40000	457	99.543	58.417	99543	16940	159	0	0	13999	1925	857	16360
0	0	A	40000	614	99.386	98.191	99386	1195	159	0	0	84	100	852	614
0	0	B	40000	65612	34.388	18.643	34388	15745	0	0	0	13915	1825	5	15746
0	0	cSpy was 50 spamed and the readout avoided!
0	1	G	40000	97927	2.073	0.935	2073	2088	0	0	0	2086	2	0	2090
0	1	A	40000	98020	1.98	0.942	1980	1038	0	0	0	1038	0	0	1039
0	1	B	40000	98022	1.978	0.928	1978	1050	0	0	0	1048	2	0	1051
0	2	G	40000	0	100	100	100000	200000	200000	200000	200000	200000	200000	200000	200002
0	2	A	40000	0	100	100	100000	100000	100000	100000	100000	100000	100000	100000	100001
0	2	B	40000	0	100	100	100000	100000	100000	100000	100000	100000	100000	100000	100001
0	3	G	40000	53147	46.853	18.34	46853	30934	48	11	0	17914	12441	520	30888
0	3	A	40000	63350	36.65	21.47	36650	15180	9	2	0	8624	6030	515	15152
0	3	B	40000	69036	30.964	15.21	30964	15754	39	9	0	9290	6411	5	15736
0	3	cSpy was 13 spamed and the readout avoided!
0	4	G	40000	100000	0	0	0	0	0	0	0	0	0	0	2
0	4	A	40000	100000	0	0	0	0	0	0	0	0	0	0	1
0	4	B	40000	100000	0	0	0	0	0	0	0	0	0	0	1
0	5	G	40000	99997	0.00299811	0.001	3	4	0	0	0	4	0	0	6
0	5	A	40000	99997	0.00299811	0.001	3	2	0	0	0	2	0	0	3
0	5	B	40000	99997	0.00299811	0.001	3	2	0	0	0	2	0	0	3
0	6	G	40000	0	100	100	100000	200000	200000	200000	200000	200000	200000	200000	200002
0	6	A	40000	0	100	100	100000	100000	100000	100000	100000	100000	100000	100000	100001
0	6	B	40000	0	100	100	100000	100000	100000	100000	100000	100000	100000	100000	100001
0	7	G	40000	26896	73.104	52.3305	73104	26698	412	53	1	24624	866	743	25993
0	7	A	40000	32576	67.424	55.602	67424	11822	243	32	1	10661	221	664	11267
0	7	B	40000	36065	63.935	49.059	63935	14876	169	21	0	13963	645	79	14726
0	7	cSpy was 53 spamed and the readout avoided!
1	0	G	40000	268	99.732	97.813	99732	2272	142	2	0	1770	212	146	2087
1	0	A	40000	633	99.367	98.679	99367	688	18	0	0	497	112	61	628
1	0	B	40000	1469	98.531	96.947	98531	1584	124	2	0	1273	100	85	1459
1	0	cSpy was 16 spamed and the readout avoided!
1	1	G	40000	43668	56.332	39.8975	56332	21261	308	42	1	19610	711	590	20719
1	1	A	40000	48103	51.897	42.452	51897	9445	186	29	1	8515	206	509	9018
1	1	B	40000	50841	49.159	37.343	49159	11816	122	13	0	11095	505	81	11701
1	1	cSpy was 44 spamed and the readout avoided!
1	2	G	40000	100000	0	0	0	0	0	0	0	0	0	0	2
1	2	A	40000	100000	0	0	0	0	0	0	0	0	0	0	1
1	2	B	40000	100000	0	0	0	0	0	0	0	0	0	0	1
1	3	G	40000	100000	0	0	0	0	0	0	0	0	0	0	2
1	3	A	40000	100000	0	0	0	0	0	0	0	0	0	0	1
1	3	B	40000	100000	0	0	0	0	0	0	0	0	0	0	1
1	4	G	40000	65020	34.98	21.3165	34980	17690	338	22	0	16665	579	86	17561
1	4	A	40000	72067	27.933	19.293	27933	8640	48	0	0	8521	27	44	8600
1	4	B	40000	67610	32.39	23.34	32390	9050	290	22	0	8144	552	42	8961
1	4	cSpy was 19 spamed and the readout avoided!
1	5	G	40000	0	100	100	100000	200000	200000	200000	200000	200000	200000	200000	200002
1	5	A	40000	0	100	100	100000	100000	100000	100000	100000	100000	100000	100000	100001
1	5	B	40000	0	100	100	100000	100000	100000	100000	100000	100000	100000	100000	100001
1	6	G	40000	100000	0	0	0	0	0	0	0	0	0	0	2
1	6	A	40000	100000	0	0	0	0	0	0	0	0	0	0	1
1	6	B	40000	100000	0	0	0	0	0	0	0	0	0	0	1
1	7	G	40000	100000	0	0	0	0	0	0	0	0	0	0	2
1	7	A	40000	100000	0	0	0	0	0	0	0	0	0	0	1
1	7	B	40000	100000	0	0	0	0	0	0	0	0	0	0	1
2	0	G	40000	7292	92.708	42.8585	92708	7300	117	0	0	6636	152	395	6983
2	0	A	40000	7307	92.693	85.622	92693	7071	117	0	0	6498	61	395	6753
2	0	B	40000	99676	0.323999	0.095	324	229	0	0	0	138	91	0	230
2	1	G	40000	100000	0	0	0	0	0	0	0	0	0	0	2
2	1	A	40000	100000	0	0	0	0	0	0	0	0	0	0	1
2	1	B	40000	100000	0	0	0	0	0	0	0	0	0	0	1
2	2	G	40000	95314	4.686	1.415	4686	6503	0	0	0	6503	0	0	6505
2	2	A	40000	95330	4.67	1.421	4670	3249	0	0	0	3249	0	0	3250
2	2	B	40000	95337	4.663	1.409	4663	3254	0	0	0	3254	0	0	3255
2	3	G	40000	6	99.994	99.406	99994	698	50	0	0	213	198	237	490
2	3	A	40000	19	99.981	99.905	99981	76	0	0	0	3	5	68	19
2	3	B	40000	471	99.529	98.907	99529	622	50	0	0	210	193	169	471
2	3	cSpy was 93 spamed and the readout avoided!
2	4	G	40000	72078	27.922	26.785	27922	1620	104	0	0	1105	153	258	1397
2	4	A	40000	72296	27.704	26.898	27704	806	62	0	0	469	64	211	623
2	4	B	40000	72514	27.486	26.672	27486	814	42	0	0	636	89	47	774
2	4	cSpy was 92 spamed and the readout avoided!
2	5	G	40000	100000	0	0	0	0	0	0	0	0	0	0	2
2	5	A	40000	100000	0	0	0	0	0	0	0	0	0	0	1
2	5	B	40000	100000	0	0	0	0	0	0	0	0	0	0	1
2	6	G	40000	99821	0.178999	0.027	179	304	0	0	0	304	0	0	306
2	6	A	40000	99821	0.178999	0.027	179	152	0	0	0	152	0	0	153
2	6	B	40000	99821	0.178999	0.027	179	152	0	0	0	152	0	0	153
2	7	G	40000	0	100	100	100000	200000	200000	200000	200000	200000	200000	200000	200002
2	7	A	40000	0	100	100	100000	100000	100000	100000	100000	100000	100000	100000	100001
2	7	B	40000	0	100	100	100000	100000	100000	100000	100000	100000	100000	100000	100001
3	0	G	40000	1808	98.192	64.961	98192	12681	219	1	0	11979	182	300	12335
3	0	A	40000	2283	97.717	95.106	97717	2611	213	1	0	1940	157	300	2266
3	0	B	40000	55114	44.886	34.816	44886	10070	6	0	0	10039	25	0	10069
3	0	cSpy was 24 spamed and the readout avoided!
3	1	G	40000	15575	84.425	39.2585	84425	57040	10	9	0	56529	278	214	56902
3	1	A	40000	29674	70.326	45.501	70326	24825	0	8	0	24462	146	209	24696
3	1	B	40000	34769	65.231	33.016	65231	32215	10	1	0	32067	132	5	32206
3	1	cSpy was 39 spamed and the readout avoided!
3	2	G	40000	47010	52.99	31.6315	52990	38778	30	1	0	34738	3838	171	38701
3	2	A	40000	49030	50.97	31.565	50970	19405	14	0	0	16741	2481	169	19338
3	2	B	40000	48929	51.071	31.698	51071	19373	16	1	0	17997	1357	2	19363
3	3	G	40000	100000	0	0	0	0	0	0	0	0	0	0	2
3	3	A	40000	100000	0	0	0	0	0	0	0	0	0	0	1
3	3	B	40000	100000	0	0	0	0	0	0	0	0	0	0	1
3	4	G	40000	99965	0.0349998	0.012	35	42	0	0	0	42	0	0	44
3	4	A	40000	99967	0.0329971	0.012	33	21	0	0	0	21	0	0	22
3	4	B	40000	99967	0.0329971	0.012	33	21	0	0	0	21	0	0	22
3	5	G	40000	22115	77.885	32.1615	77885	57709	0	0	0	57556	61	92	57637
3	5	A	40000	37245	62.755	37.695	62755	25060	0	0	0	24969	0	91	24989
3	5	B	40000	40723	59.277	26.628	59277	32649	0	0	0	32587	61	1	32648
3	6	G	40000	16266	83.734	66.4785	83734	28941	13	0	0	24322	4457	149	28877
3	6	A	40000	19122	80.878	66.363	80878	14515	7	0	0	11658	2701	149	14456
3	6	B	40000	18980	81.02	66.594	81020	14426	6	0	0	12664	1756	0	14421
3	6	cSpy was 1 spamed and the readout avoided!
3	7	G	40000	100000	0	0	0	0	0	0	0	0	0	0	2
3	7	A	40000	100000	0	0	0	0	0	0	0	0	0	0	1
3	7	B	40000	100000	0	0	0	0	0	0	0	0	0	0	1
4	0	G	40000	216	99.784	98.233	99784	1988	201	0	0	1092	238	457	1543
4	0	A	40000	707	99.293	98.337	99293	956	89	0	0	476	121	270	705
4	0	B	40000	839	99.161	98.129	99161	1032	112	0	0	616	117	187	838
4	0	cSpy was 43 spamed and the readout avoided!
4	1	G	40000	100000	0	0	0	0	0	0	0	0	0	0	2
4	1	A	40000	100000	0	0	0	0	0	0	0	0	0	0	1
4	1	B	40000	100000	0	0	0	0	0	0	0	0	0	0	1
4	2	G	40000	100000	0	0	0	0	0	0	0	0	0	0	2
4	2	A	40000	100000	0	0	0	0	0	0	0	0	0	0	1
4	2	B	40000	100000	0	0	0	0	0	0	0	0	0	0	1
4	3	G	40000	58012	41.988	15.4355	41988	29660	0	0	0	29205	400	55	29653
4	3	A	40000	67551	32.449	17.815	32449	14634	0	0	0	14418	162	54	14626
4	3	B	40000	71918	28.082	13.056	28082	15026	0	0	0	14787	238	1	15027
4	4	G	40000	3405	96.595	86.6975	96595	13362	546	31	0	9383	2665	737	12539
4	4	A	40000	6663	93.337	86.669	93337	6668	278	0	0	4159	1711	520	6145
4	4	B	40000	6580	93.42	86.726	93420	6694	268	31	0	5224	954	217	6394
4	4	cSpy was 13 spamed and the readout avoided!
4	5	G	40000	99869	0.130999	0.042	131	178	0	0	0	178	0	0	180
4	5	A	40000	99869	0.130999	0.042	131	89	0	0	0	89	0	0	90
4	5	B	40000	99869	0.130999	0.042	131	89	0	0	0	89	0	0	90
4	6	G	40000	100000	0	0	0	0	0	0	0	0	0	0	2
4	6	A	40000	100000	0	0	0	0	0	0	0	0	0	0	1
4	6	B	40000	100000	0	0	0	0	0	0	0	0	0	0	1
4	7	G	40000	99806	0.194001	0.076	194	188	0	0	0	187	0	1	190
4	7	A	40000	99814	0.186002	0.084	186	102	0	0	0	101	0	1	103
4	7	B	40000	99846	0.154001	0.068	154	86	0	0	0	86	0	0	87
5	0	G	40000	771	99.229	52.0395	99229	9177	140	0	0	8043	335	659	8636
5	0	A	40000	854	99.146	97.75	99146	1396	140	0	0	291	306	659	854
5	0	B	40000	85890	14.11	6.329	14110	7781	0	0	0	7752	29	0	7782
5	0	cSpy was 32 spamed and the readout avoided!
5	1	G	40000	99992	0.00799894	0.002	8	10	0	0	0	10	0	0	12
5	1	A	40000	99993	0.00699759	0.002	7	5	0	0	0	5	0	0	6
5	1	B	40000	99993	0.00699759	0.002	7	5	0	0	0	5	0	0	6
5	2	G	40000	43570	56.43	27.6295	56430	31518	3	0	0	31265	22	228	31484
5	2	A	40000	53044	46.956	30.661	46956	16295	0	0	0	16062	20	213	16268
5	2	B	40000	60179	39.821	24.598	39821	15223	3	0	0	15203	2	15	15216
5	3	G	40000	18504	81.496	72.4805	81496	13454	62	0	0	12342	510	540	13138
5	3	A	40000	21304	78.696	71.38	78696	7316	39	0	0	6499	313	465	7057
5	3	B	40000	20281	79.719	73.581	79719	6138	23	0	0	5843	197	75	6081
5	3	cSpy was 86 spamed and the readout avoided!
5	4	G	40000	100000	0	0	0	0	0	0	0	0	0	0	2
5	4	A	40000	100000	0	0	0	0	0	0	0	0	0	0	1
5	4	B	40000	100000	0	0	0	0	0	0	0	0	0	0	1
5	5	G	40000	100000	0	0	0	0	0	0	0	0	0	0	2
5	5	A	40000	100000	0	0	0	0	0	0	0	0	0	0	1
5	5	B	40000	100000	0	0	0	0	0	0	0	0	0	0	1
5	6	G	40000	66576	33.424	20.026	33424	26545	0	0	0	26416	3	126	26546
5	6	A	40000	66705	33.295	20.026	33295	13269	0	0	0	13140	3	126	13269
5	6	B	40000	66698	33.302	20.026	33302	13276	0	0	0	13276	0	0	13277
5	7	G	40000	0	100	100	100000	200000	200000	200000	200000	200000	200000	200000	200002
5	7	A	40000	0	100	100	100000	100000	100000	100000	100000	100000	100000	100000	100001
5	7	B	40000	0	100	100	100000	100000	100000	100000	100000	100000	100000	100000	100001
6	0	G	40000	712	99.288	62.963	99288	18102	99	0	0	16968	667	368	17773
6	0	A	40000	959	99.041	97.762	99041	1279	98	0	0	652	170	359	957
6	0	B	40000	55013	44.987	28.164	44987	16823	1	0	0	16316	497	9	16816
6	0	cSpy was 13 spamed and the readout avoided!
6	1	G	40000	4965	95.035	89.4465	95035	7879	364	10	1	5116	1619	769	7148
6	1	A	40000	6852	93.148	89.03	93148	4118	168	0	0	2451	1107	392	3745
6	1	B	40000	6376	93.624	89.863	93624	3761	196	10	1	2665	512	377	3403
6	1	cSpy was 41 spamed and the readout avoided!
6	2	G	40000	100000	0	0	0	0	0	0	0	0	0	0	2
6	2	A	40000	100000	0	0	0	0	0	0	0	0	0	0	1
6	2	B	40000	100000	0	0	0	0	0	0	0	0	0	0	1
6	3	G	40000	100000	0	0	0	0	0	0	0	0	0	0	2
6	3	A	40000	100000	0	0	0	0	0	0	0	0	0	0	1
6	3	B	40000	100000	0	0	0	0	0	0	0	0	0	0	1
6	4	G	40000	73622	26.378	8.7305	26378	20612	0	0	0	20468	100	44	20610
6	4	A	40000	79666	20.334	9.913	20334	10421	0	0	0	10340	37	44	10418
6	4	B	40000	82261	17.739	7.548	17739	10191	0	0	0	10128	63	0	10192
6	5	G	40000	1247	98.753	94.524	98753	5695	398	27	4	3658	1144	464	5118
6	5	A	40000	2923	97.077	93.959	97077	3118	210	0	0	1803	858	247	2808
6	5	B	40000	2334	97.666	95.089	97666	2577	188	27	4	1855	286	217	2310
6	5	cSpy was 9 spamed and the readout avoided!
6	6	G	40000	73022	26.978	18.074	26978	12481	11	0	0	10427	1983	60	12457
6	6	A	40000	75884	24.116	17.701	24116	6415	6	0	0	5162	1187	60	6391
6	6	B	40000	75487	24.513	18.447	24513	6066	5	0	0	5265	796	0	6066
6	7	G	40000	100000	0	0	0	0	0	0	0	0	0	0	2
6	7	A	40000	100000	0	0	0	0	0	0	0	0	0	0	1
6	7	B	40000	100000	0	0	0	0	0	0	0	0	0	0	1
7	0	G	40000	1424	98.576	73.954	98576	19272	183	1	0	17745	985	358	18904
7	0	A	40000	2377	97.623	94.925	97623	2698	153	1	0	2060	155	329	2361
7	0	B	40000	30443	69.557	52.983	69557	16574	30	0	0	15685	830	29	16543
7	0	cSpy was 16 spamed and the readout avoided!
7	1	G	40000	100000	0	0	0	0	0	0	0	0	0	0	2
7	1	A	40000	100000	0	0	0	0	0	0	0	0	0	0	1
7	1	B	40000	100000	0	0	0	0	0	0	0	0	0	0	1
7	2	G	40000	100000	0	0	0	0	0	0	0	0	0	0	2
7	2	A	40000	100000	0	0	0	0	0	0	0	0	0	0	1
7	2	B	40000	100000	0	0	0	0	0	0	0	0	0	0	1
7	3	G	40000	28469	71.531	32.7435	71531	44782	0	0	0	44517	175	90	44783
7	3	A	40000	40150	59.85	38.437	59850	21413	0	0	0	21298	25	90	21413
7	3	B	40000	49581	50.419	27.05	50419	23369	0	0	0	23219	150	0	23370
7	4	G	40000	16038	83.962	57.261	83962	36007	24	1	0	29300	6524	158	35937
7	4	A	40000	25216	74.784	56.324	74784	18460	14	1	0	14346	3943	156	18394
7	4	B	40000	24255	75.745	58.198	75745	17547	10	0	0	14954	2581	2	17543
7	4	cSpy was 1 spamed and the readout avoided!
7	5	G	40000	100000	0	0	0	0	0	0	0	0	0	0	2
7	5	A	40000	100000	0	0	0	0	0	0	0	0	0	0	1
7	5	B	40000	100000	0	0	0	0	0	0	0	0	0	0	1
7	6	G	40000	100000	0	0	0	0	0	0	0	0	0	0	2
7	6	A	40000	100000	0	0	0	0	0	0	0	0	0	0	1
7	6	B	40000	100000	0	0	0	0	0	0	0	0	0	0	1
7	7	G	40000	40163	59.837	24.38	59837	39316	0	0	0	37956	1274	86	39290
7	7	A	40000	52354	47.646	28.522	47646	19124	0	0	0	18534	504	86	19097
7	7	B	40000	59570	40.43	20.238	40430	20192	0	0	0	19422	770	0	20193
