#the gain was set to: 2	the bias was set to: 30
#Sent triggers per delay setting: 100000	and with a frequency [Hz] of: 40000
#160MHz delay setting	400MHz delay setting	Frequency	correct transmitted H+T		error rate [%]	uncertainty [%]	bad or missed events	error count	missing headers	missing trailers	flipped H/T	event nr errors	tbm missed trigger	unknown errors	event nr resets
0	0	G	40000	477	99.523	58.0885	99523	16704	160	0	0	13811	1890	843	16122
0	0	A	40000	630	99.37	98.157	99370	1213	160	0	0	99	111	843	630
0	0	B	40000	66489	33.511	18.02	33511	15491	0	0	0	13712	1779	0	15492
0	0	cSpy was 61 spamed and the readout avoided!
0	1	G	40000	97709	2.291	1.121	2291	2130	1	0	0	2123	6	0	2131
0	1	A	40000	97813	2.187	1.134	2187	1053	0	0	0	1053	0	0	1054
0	1	B	40000	97815	2.185	1.108	2185	1077	1	0	0	1070	6	0	1077
0	2	G	40000	0	100	100	100000	200000	200000	200000	200000	200000	200000	200000	200002
0	2	A	40000	0	100	100	100000	100000	100000	100000	100000	100000	100000	100000	100001
0	2	B	40000	0	100	100	100000	100000	100000	100000	100000	100000	100000	100000	100001
0	3	G	40000	50465	49.535	20.121	49535	31930	105	27	0	18483	12733	582	31847
0	3	A	40000	61282	38.718	23.013	38718	15705	19	8	0	8928	6182	568	15669
0	3	B	40000	66546	33.454	17.229	33454	16225	86	19	0	9555	6551	14	16178
0	3	cSpy was 15 spamed and the readout avoided!
0	4	G	40000	100000	0	0	0	0	0	0	0	0	0	0	2
0	4	A	40000	100000	0	0	0	0	0	0	0	0	0	0	1
0	4	B	40000	100000	0	0	0	0	0	0	0	0	0	0	1
0	5	G	40000	99998	0.00200272	0	2	4	0	0	0	4	0	0	6
0	5	A	40000	99998	0.00200272	0	2	2	0	0	0	2	0	0	3
0	5	B	40000	99998	0.00200272	0	2	2	0	0	0	2	0	0	3
0	6	G	40000	43234	56.766	33.014	56766	29498	298	102	1	27484	1240	376	29169
0	6	A	40000	53788	46.212	32.207	46212	14005	15	4	0	13681	284	21	13991
0	6	B	40000	50686	49.314	33.821	49314	15493	283	98	1	13803	956	355	15178
0	6	cSpy was 88 spamed and the readout avoided!
0	7	G	40000	22179	77.821	67.565	77821	13500	220	20	1	12001	473	785	12837
0	7	A	40000	24756	75.244	69.376	75244	5868	116	10	1	5175	127	439	5493
0	7	B	40000	26614	73.386	65.754	73386	7632	104	10	0	6826	346	346	7344
0	7	cSpy was 94 spamed and the readout avoided!
1	0	G	40000	318	99.682	97.513	99682	2606	181	0	0	1941	284	200	2350
1	0	A	40000	855	99.145	98.195	99145	950	32	0	0	647	167	104	849
1	0	B	40000	1513	98.487	96.831	98487	1656	149	0	0	1294	117	96	1501
1	0	cSpy was 19 spamed and the readout avoided!
1	1	G	40000	35491	64.509	48.3165	64509	21238	335	28	3	19451	785	638	20662
1	1	A	40000	39663	60.337	50.927	60337	9410	188	17	3	8425	221	556	8948
1	1	B	40000	42466	57.534	45.706	57534	11828	147	11	0	11026	564	82	11714
1	1	cSpy was 41 spamed and the readout avoided!
1	2	G	40000	100000	0	0	0	0	0	0	0	0	0	0	2
1	2	A	40000	100000	0	0	0	0	0	0	0	0	0	0	1
1	2	B	40000	100000	0	0	0	0	0	0	0	0	0	0	1
1	3	G	40000	100000	0	0	0	0	0	0	0	0	0	0	2
1	3	A	40000	100000	0	0	0	0	0	0	0	0	0	0	1
1	3	B	40000	100000	0	0	0	0	0	0	0	0	0	0	1
1	4	G	40000	72045	27.955	17.412	27955	12275	420	21	0	11232	561	41	12157
1	4	A	40000	79530	20.47	14.528	20470	5942	55	0	0	5846	0	41	5896
1	4	B	40000	73371	26.629	20.296	26629	6333	365	21	0	5386	561	0	6261
1	4	cSpy was 21 spamed and the readout avoided!
1	5	G	40000	0	100	100	100000	200000	200000	200000	200000	200000	200000	200000	200002
1	5	A	40000	0	100	100	100000	100000	100000	100000	100000	100000	100000	100000	100001
1	5	B	40000	0	100	100	100000	100000	100000	100000	100000	100000	100000	100000	100001
1	6	G	40000	100000	0	0	0	0	0	0	0	0	0	0	2
1	6	A	40000	100000	0	0	0	0	0	0	0	0	0	0	1
1	6	B	40000	100000	0	0	0	0	0	0	0	0	0	0	1
1	7	G	40000	100000	0	0	0	0	0	0	0	0	0	0	2
1	7	A	40000	100000	0	0	0	0	0	0	0	0	0	0	1
1	7	B	40000	100000	0	0	0	0	0	0	0	0	0	0	1
2	0	G	40000	7319	92.681	42.8315	92681	7288	132	0	0	6576	155	425	6954
2	0	A	40000	7336	92.664	85.585	92664	7079	132	0	0	6459	63	425	6744
2	0	B	40000	99713	0.287002	0.078	287	209	0	0	0	117	92	0	210
2	1	G	40000	100000	0	0	0	0	0	0	0	0	0	0	2
2	1	A	40000	100000	0	0	0	0	0	0	0	0	0	0	1
2	1	B	40000	100000	0	0	0	0	0	0	0	0	0	0	1
2	2	G	40000	96439	3.561	0.9385	3561	5220	0	0	0	5220	0	0	5222
2	2	A	40000	96450	3.55	0.941	3550	2609	0	0	0	2609	0	0	2610
2	2	B	40000	96453	3.547	0.936	3547	2611	0	0	0	2611	0	0	2612
2	3	G	40000	0	100	100	100000	200000	200000	200000	200000	200000	200000	200000	200002
2	3	A	40000	0	100	100	100000	100000	100000	100000	100000	100000	100000	100000	100001
2	3	B	40000	0	100	100	100000	100000	100000	100000	100000	100000	100000	100000	100001
2	4	G	40000	72162	27.838	26.9795	27838	1359	28	0	0	710	265	356	1074
2	4	A	40000	72234	27.766	27.115	27766	651	1	0	0	321	118	211	488
2	4	B	40000	72448	27.552	26.844	27552	708	27	0	0	389	147	145	586
2	4	cSpy was 86 spamed and the readout avoided!
2	5	G	40000	100000	0	0	0	0	0	0	0	0	0	0	2
2	5	A	40000	100000	0	0	0	0	0	0	0	0	0	0	1
2	5	B	40000	100000	0	0	0	0	0	0	0	0	0	0	1
2	6	G	40000	99802	0.198001	0.032	198	332	0	0	0	332	0	0	334
2	6	A	40000	99802	0.198001	0.032	198	166	0	0	0	166	0	0	167
2	6	B	40000	99802	0.198001	0.032	198	166	0	0	0	166	0	0	167
2	7	G	40000	0	100	100	100000	200000	200000	200000	200000	200000	200000	200000	200002
2	7	A	40000	0	100	100	100000	100000	100000	100000	100000	100000	100000	100000	100001
2	7	B	40000	0	100	100	100000	100000	100000	100000	100000	100000	100000	100000	100001
3	0	G	40000	1817	98.183	68.604	98183	16086	240	1	0	15371	164	310	15724
3	0	A	40000	2477	97.523	94.701	97523	2822	240	1	0	2112	159	310	2459
3	0	B	40000	44229	55.771	42.507	55771	13264	0	0	0	13259	5	0	13265
3	0	cSpy was 20 spamed and the readout avoided!
3	1	G	40000	0	100	100	100000	200000	200000	200000	200000	200000	200000	200000	200002
3	1	A	40000	0	100	100	100000	100000	100000	100000	100000	100000	100000	100000	100001
3	1	B	40000	0	100	100	100000	100000	100000	100000	100000	100000	100000	100000	100001
3	2	G	40000	11867	88.133	68.2615	88133	28431	154	0	0	26741	884	652	27959
3	2	A	40000	17275	82.725	68.517	82725	14208	52	0	0	13166	436	554	13855
3	2	B	40000	17771	82.229	68.006	82229	14223	102	0	0	13575	448	98	14104
3	3	G	40000	100000	0	0	0	0	0	0	0	0	0	0	2
3	3	A	40000	100000	0	0	0	0	0	0	0	0	0	0	1
3	3	B	40000	100000	0	0	0	0	0	0	0	0	0	0	1
3	4	G	40000	96282	3.718	2.0165	3718	2989	0	0	0	2974	0	15	2989
3	4	A	40000	96498	3.502	1.999	3502	1503	0	0	0	1488	0	15	1502
3	4	B	40000	96480	3.52	2.034	3520	1486	0	0	0	1486	0	0	1487
3	5	G	40000	0	100	100	100000	200000	200000	200000	200000	200000	200000	200000	200002
3	5	A	40000	0	100	100	100000	100000	100000	100000	100000	100000	100000	100000	100001
3	5	B	40000	0	100	100	100000	100000	100000	100000	100000	100000	100000	100000	100001
3	6	G	40000	1690	98.31	93.245	98310	6802	169	0	0	5017	1046	570	6397
3	6	A	40000	3314	96.686	93.261	96686	3425	60	0	0	2304	596	465	3145
3	6	B	40000	3394	96.606	93.229	96606	3377	109	0	0	2713	450	105	3252
3	6	cSpy was 4 spamed and the readout avoided!
3	7	G	40000	100000	0	0	0	0	0	0	0	0	0	0	2
3	7	A	40000	100000	0	0	0	0	0	0	0	0	0	0	1
3	7	B	40000	100000	0	0	0	0	0	0	0	0	0	0	1
4	0	G	40000	229	99.771	98.3355	99771	1885	168	0	1	924	306	486	1434
4	0	A	40000	715	99.285	98.352	99285	933	67	0	0	414	185	267	706
4	0	B	40000	729	99.271	98.319	99271	952	101	0	1	510	121	219	728
4	0	cSpy was 27 spamed and the readout avoided!
4	1	G	40000	100000	0	0	0	0	0	0	0	0	0	0	2
4	1	A	40000	100000	0	0	0	0	0	0	0	0	0	0	1
4	1	B	40000	100000	0	0	0	0	0	0	0	0	0	0	1
4	2	G	40000	100000	0	0	0	0	0	0	0	0	0	0	2
4	2	A	40000	100000	0	0	0	0	0	0	0	0	0	0	1
4	2	B	40000	100000	0	0	0	0	0	0	0	0	0	0	1
4	3	G	40000	85168	14.832	6.776	14832	15569	0	0	0	15222	295	52	15554
4	3	A	40000	85449	14.551	6.776	14551	7775	0	0	0	7541	182	52	7759
4	3	B	40000	85430	14.57	6.776	14570	7794	0	0	0	7681	113	0	7795
4	4	G	40000	0	100	100	100000	200000	200000	200000	200000	200000	200000	200000	200002
4	4	A	40000	0	100	100	100000	100000	100000	100000	100000	100000	100000	100000	100001
4	4	B	40000	0	100	100	100000	100000	100000	100000	100000	100000	100000	100000	100001
4	5	G	40000	99785	0.215	0.104	215	222	0	0	0	222	0	0	224
4	5	A	40000	99785	0.215	0.104	215	111	0	0	0	111	0	0	112
4	5	B	40000	99785	0.215	0.104	215	111	0	0	0	111	0	0	112
4	6	G	40000	100000	0	0	0	0	0	0	0	0	0	0	2
4	6	A	40000	100000	0	0	0	0	0	0	0	0	0	0	1
4	6	B	40000	100000	0	0	0	0	0	0	0	0	0	0	1
4	7	G	40000	99873	0.127	0.037	127	170	0	0	0	169	0	1	172
4	7	A	40000	99878	0.121999	0.037	122	85	0	0	0	84	0	1	86
4	7	B	40000	99878	0.121999	0.037	122	85	0	0	0	85	0	0	86
5	0	G	40000	785	99.215	51.9935	99215	9107	134	0	0	7936	363	674	8546
5	0	A	40000	841	99.159	97.756	99159	1403	134	0	0	265	331	673	841
5	0	B	40000	86065	13.935	6.231	13935	7704	0	0	0	7671	32	1	7705
5	0	cSpy was 17 spamed and the readout avoided!
5	1	G	40000	95637	4.363	1.4925	4363	3423	0	0	0	3395	23	5	3425
5	1	A	40000	96564	3.436	1.699	3436	1737	0	0	0	1722	10	5	1738
5	1	B	40000	97028	2.972	1.286	2972	1686	0	0	0	1673	13	0	1687
5	2	G	40000	22640	77.36	36.6965	77360	47227	0	0	0	46841	278	108	47214
5	2	A	40000	34710	65.29	42.802	65290	22488	0	0	0	22206	177	105	22477
5	2	B	40000	44670	55.33	30.591	55330	24739	0	0	0	24635	101	3	24737
5	3	G	40000	53915	46.085	13.332	46085	44021	12	0	0	38363	5571	75	44003
5	3	A	40000	65059	34.941	12.638	34941	22303	6	0	0	18641	3581	75	22289
5	3	B	40000	64256	35.744	14.026	35744	21718	6	0	0	19722	1990	0	21714
5	4	G	40000	100000	0	0	0	0	0	0	0	0	0	0	2
5	4	A	40000	100000	0	0	0	0	0	0	0	0	0	0	1
5	4	B	40000	100000	0	0	0	0	0	0	0	0	0	0	1
5	5	G	40000	100000	0	0	0	0	0	0	0	0	0	0	2
5	5	A	40000	100000	0	0	0	0	0	0	0	0	0	0	1
5	5	B	40000	100000	0	0	0	0	0	0	0	0	0	0	1
5	6	G	40000	25997	74.003	34.1355	74003	46055	0	0	0	45598	367	90	46055
5	6	A	40000	37910	62.09	40.115	62090	21975	0	0	0	21859	26	90	21974
5	6	B	40000	47764	52.236	28.156	52236	24080	0	0	0	23739	341	0	24081
5	7	G	40000	5122	94.878	82.82	94878	16752	198	20	0	13013	3027	494	16346
5	7	A	40000	9256	90.744	81.852	90744	8892	119	13	0	6517	1813	430	8560
5	7	B	40000	8352	91.648	83.788	91648	7860	79	7	0	6496	1214	64	7786
5	7	cSpy was 13 spamed and the readout avoided!
6	0	G	40000	738	99.262	60.83	99262	17839	112	0	0	16681	663	383	17473
6	0	A	40000	977	99.023	97.68	99023	1343	112	0	0	640	211	380	977
6	0	B	40000	59524	40.476	23.98	40476	16496	0	0	0	16041	452	3	16496
6	0	cSpy was 13 spamed and the readout avoided!
6	1	G	40000	0	100	100	100000	200000	200000	200000	200000	200000	200000	200000	200002
6	1	A	40000	0	100	100	100000	100000	100000	100000	100000	100000	100000	100000	100001
6	1	B	40000	0	100	100	100000	100000	100000	100000	100000	100000	100000	100000	100001
6	2	G	40000	100000	0	0	0	0	0	0	0	0	0	0	2
6	2	A	40000	100000	0	0	0	0	0	0	0	0	0	0	1
6	2	B	40000	100000	0	0	0	0	0	0	0	0	0	0	1
6	3	G	40000	100000	0	0	0	0	0	0	0	0	0	0	2
6	3	A	40000	100000	0	0	0	0	0	0	0	0	0	0	1
6	3	B	40000	100000	0	0	0	0	0	0	0	0	0	0	1
6	4	G	40000	85530	14.47	6.341	14470	15600	0	0	0	15262	295	43	15587
6	4	A	40000	85860	14.14	6.341	14140	7799	0	0	0	7570	186	43	7785
6	4	B	40000	85858	14.142	6.341	14142	7801	0	0	0	7692	109	0	7802
6	5	G	40000	0	100	100	100000	200000	200000	200000	200000	200000	200000	200000	200002
6	5	A	40000	0	100	100	100000	100000	100000	100000	100000	100000	100000	100000	100001
6	5	B	40000	0	100	100	100000	100000	100000	100000	100000	100000	100000	100000	100001
6	6	G	40000	95628	4.372	2.151	4372	4439	0	0	0	4411	18	10	4440
6	6	A	40000	95629	4.371	2.151	4371	2220	0	0	0	2195	15	10	2220
6	6	B	40000	95630	4.37	2.151	4370	2219	0	0	0	2216	3	0	2220
6	7	G	40000	100000	0	0	0	0	0	0	0	0	0	0	2
6	7	A	40000	100000	0	0	0	0	0	0	0	0	0	0	1
6	7	B	40000	100000	0	0	0	0	0	0	0	0	0	0	1
7	0	G	40000	1461	98.539	75.6905	98539	15044	251	1	0	13722	744	326	14670
7	0	A	40000	2415	97.585	94.886	97585	2699	163	1	0	2049	193	293	2387
7	0	B	40000	31160	68.84	56.495	68840	12345	88	0	0	11673	551	33	12283
7	0	cSpy was 27 spamed and the readout avoided!
7	1	G	40000	100000	0	0	0	0	0	0	0	0	0	0	2
7	1	A	40000	100000	0	0	0	0	0	0	0	0	0	0	1
7	1	B	40000	100000	0	0	0	0	0	0	0	0	0	0	1
7	2	G	40000	99995	0.00500083	0.001	5	8	0	0	0	8	0	0	10
7	2	A	40000	99995	0.00500083	0.001	5	4	0	0	0	4	0	0	5
7	2	B	40000	99995	0.00500083	0.001	5	4	0	0	0	4	0	0	5
7	3	G	40000	23061	76.939	35.865	76939	47545	0	0	0	47304	143	98	47543
7	3	A	40000	35274	64.726	42.092	64726	22634	0	0	0	22483	55	96	22633
7	3	B	40000	45451	54.549	29.638	54549	24911	0	0	0	24821	88	2	24910
7	4	G	40000	20288	79.712	55.9615	79712	32303	38	0	0	27066	5003	196	32189
7	4	A	40000	28168	71.832	55.457	71832	16375	10	0	0	13107	3162	96	16341
7	4	B	40000	27606	72.394	56.466	72394	15928	28	0	0	13959	1841	100	15848
7	4	cSpy was 33 spamed and the readout avoided!
7	5	G	40000	100000	0	0	0	0	0	0	0	0	0	0	2
7	5	A	40000	100000	0	0	0	0	0	0	0	0	0	0	1
7	5	B	40000	100000	0	0	0	0	0	0	0	0	0	0	1
7	6	G	40000	100000	0	0	0	0	0	0	0	0	0	0	2
7	6	A	40000	100000	0	0	0	0	0	0	0	0	0	0	1
7	6	B	40000	100000	0	0	0	0	0	0	0	0	0	0	1
7	7	G	40000	50376	49.624	21.054	49624	32099	0	0	0	30863	1166	70	32087
7	7	A	40000	59780	40.22	24.721	40220	15499	0	0	0	15031	399	69	15487
7	7	B	40000	66013	33.987	17.387	33987	16600	0	0	0	15832	767	1	16600
