#Sent triggers per frequency: 10000
#Frequency [Hz]	correct transmitted H+T		error rate [%]	uncertainty [%]	bad or missed events	error count	missing headers	missing trailers	flipped H/T	event nr errors	tbm missed trigger	unknown errors	event nr resets
1000	10000	0	0	0	0	0	0	0	0	0	0	1
11001.1	10000	0	0	0	0	0	0	0	0	0	0	1
21008.4	10000	0	0	0	0	0	0	0	0	0	0	1
31007.8	10000	0	0	0	0	0	0	0	0	0	0	1
41025.6	10000	0	0	0	0	0	0	0	0	0	0	1
51020.4	10000	0	0	0	0	0	0	0	0	0	0	1
61068.7	10000	0	0	0	0	0	0	0	0	0	0	1
71048	10000	0	0	0	0	0	0	0	0	0	0	1
81135.9	10000	0	0	0	0	0	0	0	0	0	0	1
91116.2	10000	0	0	0	0	0	0	0	0	0	0	1
101010	10000	0	0	0	0	0	0	0	0	0	0	1
111111	10000	0	0	0	0	0	0	0	0	0	0	1
121212	10000	0	0	0	0	0	0	0	0	0	0	1
131148	10000	0	0	0	0	0	0	0	0	0	0	1
141343	10000	0	0	0	0	0	0	0	0	0	0	1
151515	10000	0	0	0	0	0	0	0	0	0	0	1
161290	10000	0	0	0	0	0	0	0	0	0	0	1
171674	10000	0	0	0	0	0	0	0	0	0	0	1
181818	10000	0	0	0	0	0	0	0	0	0	0	1
191388	10000	0	0	0	0	0	0	0	0	0	0	1
201005	10000	0	0	0	0	0	0	0	0	0	0	1
211640	10000	0	0	0	0	0	0	0	0	0	0	1
222222	10000	0	0	0	0	0	0	0	0	0	0	1
231214	10000	0	0	0	0	0	0	0	0	0	0	1
242424	10000	0	0	0	0	0	0	0	0	0	0	1
251572	10000	0	0	0	0	0	0	0	0	0	0	1
261438	10000	0	0	0	0	0	0	0	0	0	0	1
272109	10000	0	0	0	0	0	0	0	0	0	0	1
281690	10000	0	0	0	0	0	0	0	0	0	0	1
291971	10000	0	0	0	0	0	0	0	0	0	0	1
303030	10000	0	0	0	0	0	0	0	0	0	0	1
312500	10000	0	0	0	0	0	0	0	0	0	0	1
322581	10000	0	0	0	0	0	0	0	0	0	0	1
333333	10000	0	0	0	0	0	0	0	0	0	0	1
341880	10000	0	0	0	0	0	0	0	0	0	0	1
353982	10000	0	0	0	0	0	0	0	0	0	0	1
363636	10000	0	0	0	0	0	0	0	0	0	0	1
373832	10000	0	0	0	0	0	0	0	0	0	0	1
384615	10000	0	0	0	0	0	0	0	0	0	0	1
392157	10000	0	0	0	0	0	0	0	0	0	0	1
404040	10000	0	0	0	0	0	0	0	0	0	0	1
412371	10000	0	0	0	0	0	0	0	0	0	0	1
421053	10000	0	0	0	0	0	0	0	0	0	0	1
434783	9998	0.020004	0	2	2	0	0	0	2	0	0	3
444444	9996	0.040016	0	4	4	0	0	0	4	0	0	5
454545	9996	0.040016	0	4	4	0	0	0	4	0	0	5
465116	9988	0.120144	0	12	12	0	0	0	12	0	0	13
476190	10000	0	0	0	0	0	0	0	0	0	0	1
481928	10000	0	0	0	0	0	0	0	0	0	0	1
493827	10000	0	0	0	0	0	0	0	0	0	0	1
506329	10000	0	0	0	0	0	0	0	0	0	0	1
512821	10000	0	0	0	0	0	0	0	0	0	0	1
526316	10000	0	0	0	0	0	0	0	0	0	0	1
533333	9998	0.020004	0	2	2	0	0	0	2	0	0	3
547945	9996	0.040016	0	4	4	0	0	0	4	0	0	5
555556	9989	0.110121	0	11	11	0	0	0	11	0	0	12
563380	9984	0.160256	0	16	16	0	0	0	16	0	0	17
571429	9975	0.250627	0	25	25	0	0	0	25	0	0	26
588235	9955	0.452034	0	45	45	0	0	0	45	0	0	46
597015	9945	0.553042	0.0301659	55	52	0	0	0	52	0	0	53
606061	9931	0.694794	0.0402779	69	65	0	0	0	65	0	0	66
615385	10000	0	0	0	0	0	0	0	0	0	0	1
625000	9997	0.030009	0	3	3	0	0	0	3	0	0	4
634921	9994	0.060036	0	6	6	0	0	0	6	0	0	7
645161	9982	0.180325	0	18	18	0	0	0	18	0	0	19
655738	9981	0.190362	0	19	19	0	0	0	19	0	0	20
666667	9965	0.351229	0	35	35	0	0	0	35	0	0	36
677966	10000	0	0	0	0	0	0	0	0	0	0	1
689655	10000	0	0	0	0	0	0	0	0	0	0	1
701754	9999	0.010001	0	1	1	0	0	0	1	0	0	2
701754	10000	0	0	0	0	0	0	0	0	0	0	1
714286	10000	0	0	0	0	0	0	0	0	0	0	1
727273	9999	0.010001	0	1	1	0	0	0	1	0	0	2
740741	10000	0	0	0	0	0	0	0	0	0	0	1
754717	9992	0.0800641	0	8	8	0	0	0	8	0	0	9
754717	9999	0.010001	0	1	1	0	0	0	1	0	0	2
769231	10000	0	0	0	0	0	0	0	0	0	0	1
784314	10000	0	0	0	0	0	0	0	0	0	0	1
784314	10000	0	0	0	0	0	0	0	0	0	0	1
800000	10000	0	0	0	0	0	0	0	0	0	0	1
816326	10000	0	0	0	0	0	0	0	0	0	0	1
816326	9999	0.010001	0	1	1	0	0	0	1	0	0	2
833333	9999	0.010001	0	1	1	0	0	0	1	0	0	2
833333	9871	1.30686	0.243136	129	105	0	1	0	104	0	0	106
851064	9983	0.170289	0	17	17	0	0	0	17	0	0	18
851064	9994	0.060036	0	6	6	0	0	0	6	0	0	7
869565	9974	0.260678	0	26	26	0	0	0	26	0	0	27
888889	9947	0.532824	0.0201066	53	51	0	0	0	51	0	0	52
888889	9953	0.472219	0.0100472	47	46	0	0	0	46	0	0	47
909091	9923	0.775975	0.0403104	77	73	0	0	0	73	0	0	74
909091	9943	0.573268	0.0502866	57	52	0	0	0	52	0	0	53
930233	10000	0	0	0	0	0	0	0	0	0	0	1
930233	10000	0	0	0	0	0	0	0	0	0	0	1
952381	9997	0.030009	0	3	3	0	0	0	3	0	0	4
952381	9998	0.020004	0	2	2	0	0	0	2	0	0	3
952381	9996	0.040016	0	4	4	0	0	0	4	0	0	5
975610	9990	0.1001	0	10	10	0	0	0	10	0	0	11
975610	9994	0.060036	0	6	6	0	0	0	6	0	0	7
event number: 218, expected: 25
1e+06	9454	5.77533	2.42226	546	317	0	8	0	306	1	2	315
event number: 90, expected: 25
event number: 186, expected: 25
1e+06	9437	5.96588	2.58557	563	319	0	7	0	310	2	0	318
1.02564e+06	9931	0.694794	0.0704864	69	62	0	0	0	62	0	0	63
