#the gain was set to: 2	the bias was set to: 30
#Sent triggers per delay setting: 100000	and with a frequency [Hz] of: 40000
#160MHz delay setting	400MHz delay setting	Frequency	correct transmitted H+T		error rate [%]	uncertainty [%]	bad or missed events	error count	missing headers	missing trailers	flipped H/T	event nr errors	tbm missed trigger	unknown errors	event nr resets
0	0	G	40000	411	99.589	64.3525	99589	20564	154	0	0	17674	1909	827	19993
0	0	A	40000	585	99.415	98.259	99415	1156	154	0	0	39	139	824	585
0	0	B	40000	50146	49.854	30.446	49854	19408	0	0	0	17635	1770	3	19408
0	0	cSpy was 90 spamed and the readout avoided!
0	1	G	40000	9724	90.276	88.992	90276	1993	154	0	0	1188	3	648	1442
0	1	A	40000	10017	89.983	88.915	89983	1068	80	0	0	570	1	417	721
0	1	B	40000	10006	89.994	89.069	89994	925	74	0	0	618	2	231	721
0	2	G	40000	305	99.695	97.901	99695	2352	119	0	0	1314	121	798	1826
0	2	A	40000	778	99.222	98.085	99222	1137	41	0	0	470	25	601	776
0	2	B	40000	1068	98.932	97.717	98932	1215	78	0	0	844	96	197	1050
0	2	cSpy was 93 spamed and the readout avoided!
0	3	G	40000	100000	0	0	0	0	0	0	0	0	0	0	2
0	3	A	40000	100000	0	0	0	0	0	0	0	0	0	0	1
0	3	B	40000	100000	0	0	0	0	0	0	0	0	0	0	1
0	4	G	40000	100000	0	0	0	0	0	0	0	0	0	0	2
0	4	A	40000	100000	0	0	0	0	0	0	0	0	0	0	1
0	4	B	40000	100000	0	0	0	0	0	0	0	0	0	0	1
0	5	G	40000	29438	70.562	46.805	70562	31432	62	0	0	30770	415	185	31327
0	5	A	40000	38441	61.559	45.11	61559	16449	29	0	0	15938	311	171	16362
0	5	B	40000	36517	63.483	48.5	63483	14983	33	0	0	14832	104	14	14965
0	6	G	40000	0	100	100	100000	200000	200000	200000	200000	200000	200000	200000	200002
0	6	A	40000	0	100	100	100000	100000	100000	100000	100000	100000	100000	100000	100001
0	6	B	40000	0	100	100	100000	100000	100000	100000	100000	100000	100000	100000	100001
0	7	G	40000	99538	0.462002	0.242	462	440	0	0	0	440	0	0	442
0	7	A	40000	99538	0.462002	0.242	462	220	0	0	0	220	0	0	221
0	7	B	40000	99538	0.462002	0.242	462	220	0	0	0	220	0	0	221
1	0	G	40000	88	99.912	97.4035	99912	2678	186	0	0	2142	236	114	2506
1	0	A	40000	215	99.785	99.559	99785	226	1	0	0	146	60	19	215
1	0	B	40000	2300	97.7	95.248	97700	2452	185	0	0	1996	176	95	2291
1	0	cSpy was 14 spamed and the readout avoided!
1	1	G	40000	99145	0.854999	0.479	855	752	0	0	0	752	0	0	754
1	1	A	40000	99145	0.854999	0.479	855	376	0	0	0	376	0	0	377
1	1	B	40000	99145	0.854999	0.479	855	376	0	0	0	376	0	0	377
1	2	G	40000	100000	0	0	0	0	0	0	0	0	0	0	2
1	2	A	40000	100000	0	0	0	0	0	0	0	0	0	0	1
1	2	B	40000	100000	0	0	0	0	0	0	0	0	0	0	1
1	3	G	40000	99350	0.650001	0.236	650	661	0	0	0	661	0	0	663
1	3	A	40000	99494	0.506002	0.175	506	331	0	0	0	331	0	0	332
1	3	B	40000	99373	0.626999	0.297	627	330	0	0	0	330	0	0	331
1	4	G	40000	0	100	100	100000	200000	200000	200000	200000	200000	200000	200000	200002
1	4	A	40000	0	100	100	100000	100000	100000	100000	100000	100000	100000	100000	100001
1	4	B	40000	0	100	100	100000	100000	100000	100000	100000	100000	100000	100000	100001
1	5	G	40000	87602	12.398	5.141	12398	14170	0	0	0	13335	834	1	14172
1	5	A	40000	87767	12.233	5.154	12233	7079	0	0	0	6661	417	1	7080
1	5	B	40000	87781	12.219	5.128	12219	7091	0	0	0	6674	417	0	7092
1	6	G	40000	100000	0	0	0	0	0	0	0	0	0	0	2
1	6	A	40000	100000	0	0	0	0	0	0	0	0	0	0	1
1	6	B	40000	100000	0	0	0	0	0	0	0	0	0	0	1
1	7	G	40000	99996	0.00399947	0.0015	4	4	0	0	0	4	0	0	6
1	7	A	40000	99997	0.00299811	0.001	3	2	0	0	0	2	0	0	3
1	7	B	40000	99996	0.00399947	0.002	4	2	0	0	0	2	0	0	3
2	0	G	40000	3835	96.165	46.2145	96165	4919	171	0	0	4009	297	442	4527
2	0	A	40000	3868	96.132	91.997	96132	4135	171	0	0	3474	48	442	3742
2	0	B	40000	98784	1.216	0.432	1216	784	0	0	0	535	249	0	785
2	1	G	40000	100000	0	0	0	0	0	0	0	0	0	0	2
2	1	A	40000	100000	0	0	0	0	0	0	0	0	0	0	1
2	1	B	40000	100000	0	0	0	0	0	0	0	0	0	0	1
2	2	G	40000	20544	79.456	76.561	79456	4144	51	0	0	3542	5	546	3732
2	2	A	40000	21484	78.516	76.412	78516	2104	23	0	0	1728	2	351	1845
2	2	B	40000	21250	78.75	76.71	78750	2040	28	0	0	1814	3	195	1887
2	2	cSpy was 12 spamed and the readout avoided!
2	3	G	40000	1083	98.917	95.7735	98917	4306	51	3	0	3449	179	624	3923
2	3	A	40000	2289	97.711	95.202	97711	2509	20	1	0	1826	120	542	2188
2	3	B	40000	1858	98.142	96.345	98142	1797	31	2	0	1623	59	82	1735
2	3	cSpy was 54 spamed and the readout avoided!
2	4	G	40000	100000	0	0	0	0	0	0	0	0	0	0	2
2	4	A	40000	100000	0	0	0	0	0	0	0	0	0	0	1
2	4	B	40000	100000	0	0	0	0	0	0	0	0	0	0	1
2	5	G	40000	100000	0	0	0	0	0	0	0	0	0	0	2
2	5	A	40000	100000	0	0	0	0	0	0	0	0	0	0	1
2	5	B	40000	100000	0	0	0	0	0	0	0	0	0	0	1
2	6	G	40000	23242	76.758	71.0145	76758	8763	212	0	0	8193	41	317	8466
2	6	A	40000	24700	75.3	70.777	75300	4523	100	0	0	4157	20	246	4315
2	6	B	40000	24508	75.492	71.252	75492	4240	112	0	0	4036	21	71	4151
2	6	cSpy was 2 spamed and the readout avoided!
2	7	G	40000	40	99.96	98.9225	99960	1274	90	12	1	199	537	435	881
2	7	A	40000	89	99.911	99.574	99911	337	0	0	0	5	23	309	89
2	7	B	40000	792	99.208	98.271	99208	937	90	12	1	194	514	126	792
2	7	cSpy was 50 spamed and the readout avoided!
3	0	G	40000	688	99.312	75.442	99312	17217	224	4	0	16175	317	497	16700
3	0	A	40000	1097	98.903	97.328	98903	1575	165	3	0	759	170	478	1093
3	0	B	40000	30802	69.198	53.556	69198	15642	59	1	0	15416	147	19	15607
3	0	cSpy was 53 spamed and the readout avoided!
3	1	G	40000	0	100	100	100000	200000	200000	200000	200000	200000	200000	200000	200002
3	1	A	40000	0	100	100	100000	100000	100000	100000	100000	100000	100000	100000	100001
3	1	B	40000	0	100	100	100000	100000	100000	100000	100000	100000	100000	100000	100001
3	2	G	40000	99366	0.634003	0.306	634	656	0	0	0	653	1	2	658
3	2	A	40000	99366	0.634003	0.306	634	328	0	0	0	325	1	2	329
3	2	B	40000	99366	0.634003	0.306	634	328	0	0	0	328	0	0	329
3	3	G	40000	100000	0	0	0	0	0	0	0	0	0	0	2
3	3	A	40000	100000	0	0	0	0	0	0	0	0	0	0	1
3	3	B	40000	100000	0	0	0	0	0	0	0	0	0	0	1
3	4	G	40000	98870	1.13	0.511	1130	1207	0	0	0	1204	0	3	1209
3	4	A	40000	98891	1.109	0.504	1109	605	0	0	0	602	0	3	606
3	4	B	40000	98880	1.12	0.518	1120	602	0	0	0	602	0	0	603
3	5	G	40000	0	100	100	100000	200000	200000	200000	200000	200000	200000	200000	200002
3	5	A	40000	0	100	100	100000	100000	100000	100000	100000	100000	100000	100000	100001
3	5	B	40000	0	100	100	100000	100000	100000	100000	100000	100000	100000	100000	100001
3	6	G	40000	43128	56.872	35.139	56872	40573	59	0	0	38384	1658	472	40375
3	6	A	40000	44479	55.521	35.114	55521	20407	29	0	0	19164	781	433	20232
3	6	B	40000	44670	55.33	35.164	55330	20166	30	0	0	19220	877	39	20143
3	7	G	40000	100000	0	0	0	0	0	0	0	0	0	0	2
3	7	A	40000	100000	0	0	0	0	0	0	0	0	0	0	1
3	7	B	40000	100000	0	0	0	0	0	0	0	0	0	0	1
4	0	G	40000	412	99.588	86.9915	99588	12387	208	0	0	10896	682	601	11837
4	0	A	40000	767	99.233	97.94	99233	1293	151	0	0	438	114	590	767
4	0	B	40000	12863	87.137	76.043	87137	11094	57	0	0	10458	568	11	11070
4	0	cSpy was 37 spamed and the readout avoided!
4	1	G	40000	100000	0	0	0	0	0	0	0	0	0	0	2
4	1	A	40000	100000	0	0	0	0	0	0	0	0	0	0	1
4	1	B	40000	100000	0	0	0	0	0	0	0	0	0	0	1
4	2	G	40000	100000	0	0	0	0	0	0	0	0	0	0	2
4	2	A	40000	100000	0	0	0	0	0	0	0	0	0	0	1
4	2	B	40000	100000	0	0	0	0	0	0	0	0	0	0	1
4	3	G	40000	66342	33.658	20.1415	33658	26608	0	0	0	26482	0	126	26610
4	3	A	40000	66548	33.452	20.148	33452	13304	0	0	0	13178	0	126	13305
4	3	B	40000	66561	33.439	20.135	33439	13304	0	0	0	13304	0	0	13305
4	4	G	40000	2864	97.136	89.33	97136	10584	193	1	0	8304	1445	641	10108
4	4	A	40000	5253	94.747	89.484	94747	5263	63	0	0	3963	693	544	4919
4	4	B	40000	5503	94.497	89.176	94497	5321	130	1	0	4341	752	97	5189
4	4	cSpy was 8 spamed and the readout avoided!
4	5	G	40000	100000	0	0	0	0	0	0	0	0	0	0	2
4	5	A	40000	100000	0	0	0	0	0	0	0	0	0	0	1
4	5	B	40000	100000	0	0	0	0	0	0	0	0	0	0	1
4	6	G	40000	100000	0	0	0	0	0	0	0	0	0	0	2
4	6	A	40000	100000	0	0	0	0	0	0	0	0	0	0	1
4	6	B	40000	100000	0	0	0	0	0	0	0	0	0	0	1
4	7	G	40000	73151	26.849	14.943	26849	23241	0	0	0	22797	334	110	23200
4	7	A	40000	73537	26.463	14.943	26463	11520	0	0	0	11208	202	110	11478
4	7	B	40000	73336	26.664	14.943	26664	11721	0	0	0	11589	132	0	11722
5	0	G	40000	545	99.455	56.1045	99455	15036	99	0	0	13817	346	774	14431
5	0	A	40000	650	99.35	98.095	99350	1255	96	0	0	136	249	774	650
5	0	B	40000	72105	27.895	14.114	27895	13781	3	0	0	13681	97	0	13781
5	0	cSpy was 32 spamed and the readout avoided!
5	1	G	40000	65555	34.445	11.9915	34445	25607	0	0	0	25365	199	43	25605
5	1	A	40000	73548	26.452	13.671	26452	12781	0	0	0	12671	67	43	12779
5	1	B	40000	76862	23.138	10.312	23138	12826	0	0	0	12694	132	0	12826
5	2	G	40000	346	99.654	97.636	99654	2577	211	5	0	746	1175	440	2125
5	2	A	40000	1297	98.703	97.286	98703	1417	95	0	0	365	851	106	1271
5	2	B	40000	854	99.146	97.986	99146	1160	116	5	0	381	324	334	854
5	2	cSpy was 76 spamed and the readout avoided!
5	3	G	40000	99660	0.340003	0.105	340	470	0	0	0	469	0	1	472
5	3	A	40000	99660	0.340003	0.105	340	235	0	0	0	234	0	1	236
5	3	B	40000	99660	0.340003	0.105	340	235	0	0	0	235	0	0	236
5	4	G	40000	100000	0	0	0	0	0	0	0	0	0	0	2
5	4	A	40000	100000	0	0	0	0	0	0	0	0	0	0	1
5	4	B	40000	100000	0	0	0	0	0	0	0	0	0	0	1
5	5	G	40000	99830	0.169998	0.0615	170	182	0	0	0	181	0	1	184
5	5	A	40000	99839	0.160998	0.066	161	95	0	0	0	94	0	1	96
5	5	B	40000	99856	0.143999	0.057	144	87	0	0	0	87	0	0	88
5	6	G	40000	0	100	100	100000	200000	200000	200000	200000	200000	200000	200000	200002
5	6	A	40000	0	100	100	100000	100000	100000	100000	100000	100000	100000	100000	100001
5	6	B	40000	0	100	100	100000	100000	100000	100000	100000	100000	100000	100000	100001
5	7	G	40000	51157	48.843	10.727	48843	51311	10	0	0	45779	5427	95	51294
5	7	A	40000	64129	35.871	9.971	35871	25900	6	0	0	22253	3546	95	25886
5	7	B	40000	63106	36.894	11.483	36894	25411	4	0	0	23526	1881	0	25408
6	0	G	40000	226	99.774	98.1285	99774	2142	185	0	0	932	444	581	1598
6	0	A	40000	1066	98.934	97.506	98934	1428	142	0	0	716	196	374	1063
6	0	B	40000	535	99.465	98.751	99465	714	43	0	0	216	248	207	535
6	0	cSpy was 32 spamed and the readout avoided!
6	1	G	40000	23222	76.778	44.6155	76778	43677	29	0	0	36939	6570	139	43625
6	1	A	40000	34012	65.988	43.683	65988	22305	16	0	0	18047	4104	138	22258
6	1	B	40000	33080	66.92	45.548	66920	21372	13	0	0	18892	2466	1	21367
6	2	G	40000	100000	0	0	0	0	0	0	0	0	0	0	2
6	2	A	40000	100000	0	0	0	0	0	0	0	0	0	0	1
6	2	B	40000	100000	0	0	0	0	0	0	0	0	0	0	1
6	3	G	40000	100000	0	0	0	0	0	0	0	0	0	0	2
6	3	A	40000	100000	0	0	0	0	0	0	0	0	0	0	1
6	3	B	40000	100000	0	0	0	0	0	0	0	0	0	0	1
6	4	G	40000	23318	76.682	35.6375	76682	47483	0	0	0	47169	218	96	47481
6	4	A	40000	35514	64.486	41.864	64486	22622	0	0	0	22512	14	96	22619
6	4	B	40000	45728	54.272	29.411	54272	24861	0	0	0	24657	204	0	24862
6	5	G	40000	7757	92.243	85.2945	92243	9746	273	13	0	6891	1994	575	9217
6	5	A	40000	10129	89.871	84.703	89871	5168	130	6	0	3449	1268	315	4877
6	5	B	40000	9536	90.464	85.886	90464	4578	143	7	0	3442	726	260	4340
6	5	cSpy was 19 spamed and the readout avoided!
6	6	G	40000	100000	0	0	0	0	0	0	0	0	0	0	2
6	6	A	40000	100000	0	0	0	0	0	0	0	0	0	0	1
6	6	B	40000	100000	0	0	0	0	0	0	0	0	0	0	1
6	7	G	40000	100000	0	0	0	0	0	0	0	0	0	0	2
6	7	A	40000	100000	0	0	0	0	0	0	0	0	0	0	1
6	7	B	40000	100000	0	0	0	0	0	0	0	0	0	0	1
7	0	G	40000	1512	98.488	54.3605	98488	12430	189	3	0	11233	683	322	12082
7	0	A	40000	1778	98.222	96.112	98222	2110	178	3	0	1341	269	319	1770
7	0	B	40000	77071	22.929	12.609	22929	10320	11	0	0	9892	414	3	10312
7	0	cSpy was 10 spamed and the readout avoided!
7	1	G	40000	100000	0	0	0	0	0	0	0	0	0	0	2
7	1	A	40000	100000	0	0	0	0	0	0	0	0	0	0	1
7	1	B	40000	100000	0	0	0	0	0	0	0	0	0	0	1
7	2	G	40000	99105	0.895	0.312	895	790	0	0	0	787	0	3	792
7	2	A	40000	99210	0.79	0.359	790	431	0	0	0	428	0	3	432
7	2	B	40000	99376	0.624001	0.265	624	359	0	0	0	359	0	0	360
7	3	G	40000	2563	97.437	90.484	97437	8879	167	2	0	7395	948	367	8530
7	3	A	40000	4363	95.637	91.706	95637	3931	48	0	0	3348	378	157	3794
7	3	B	40000	5790	94.21	89.262	94210	4948	119	2	0	4047	570	210	4736
7	3	cSpy was 5 spamed and the readout avoided!
7	4	G	40000	67329	32.671	27.641	32671	9291	58	0	0	8729	312	192	9164
7	4	A	40000	67757	32.243	27.584	32243	4659	20	0	0	4316	244	79	4613
7	4	B	40000	67670	32.33	27.698	32330	4632	38	0	0	4413	68	113	4551
7	4	cSpy was 3 spamed and the readout avoided!
7	5	G	40000	100000	0	0	0	0	0	0	0	0	0	0	2
7	5	A	40000	100000	0	0	0	0	0	0	0	0	0	0	1
7	5	B	40000	100000	0	0	0	0	0	0	0	0	0	0	1
7	6	G	40000	100000	0	0	0	0	0	0	0	0	0	0	2
7	6	A	40000	100000	0	0	0	0	0	0	0	0	0	0	1
7	6	B	40000	100000	0	0	0	0	0	0	0	0	0	0	1
7	7	G	40000	27486	72.514	33.153	72514	45331	0	0	0	45007	233	91	45329
7	7	A	40000	39461	60.539	38.874	60539	21665	0	0	0	21451	123	91	21662
7	7	B	40000	48902	51.098	27.432	51098	23666	0	0	0	23556	110	0	23667
