#the gain was set to: 2	the bias was set to: 30
#Sent triggers per delay setting: 100000	and with a frequency [Hz] of: 40000
#160MHz delay setting	400MHz delay setting	Frequency	correct transmitted H+T		error rate [%]	uncertainty [%]	bad or missed events	error count	missing headers	missing trailers	flipped H/T	event nr errors	tbm missed trigger	unknown errors	event nr resets
0	0	G	40000	402	99.598	73.66	99598	18803	111	0	0	17764	292	636	18276
0	0	A	40000	601	99.399	98.281	99399	1118	89	0	0	166	242	621	601
0	0	B	40000	33276	66.724	49.039	66724	17685	22	0	0	17598	50	15	17675
0	0	cSpy was 35 spamed and the readout avoided!
0	1	G	40000	28741	71.259	52.372	71259	25118	415	0	0	23566	536	601	24796
0	1	A	40000	37502	62.498	51.814	62498	10684	216	0	0	10015	0	453	10469
0	1	B	40000	32636	67.364	52.93	67364	14434	199	0	0	13551	536	148	14327
0	2	G	40000	6050	93.95	80.786	93950	16392	290	8	0	13635	2089	370	15988
0	2	A	40000	11200	88.8	80.662	88800	8138	84	1	0	6428	1334	291	7912
0	2	B	40000	10836	89.164	80.91	89164	8254	206	7	0	7207	755	79	8076
0	2	cSpy was 24 spamed and the readout avoided!
0	3	G	40000	100000	0	0	0	0	0	0	0	0	0	0	2
0	3	A	40000	100000	0	0	0	0	0	0	0	0	0	0	1
0	3	B	40000	100000	0	0	0	0	0	0	0	0	0	0	1
0	4	G	40000	99830	0.169998	0.037	170	222	0	0	0	222	0	0	224
0	4	A	40000	99864	0.136	0.036	136	100	0	0	0	100	0	0	101
0	4	B	40000	99840	0.160003	0.038	160	122	0	0	0	122	0	0	123
0	5	G	40000	32360	67.64	47.56	67640	27098	83	0	0	26303	250	462	27013
0	5	A	40000	41195	58.805	46.998	58805	11807	50	0	0	11313	16	428	11733
0	5	B	40000	36587	63.413	48.122	63413	15291	33	0	0	14990	234	34	15280
0	6	G	40000	2341	97.659	89.0915	97659	10878	250	10	0	8383	1873	362	10501
0	6	A	40000	4866	95.134	90.265	95134	4869	121	0	0	3326	1120	302	4604
0	6	B	40000	6073	93.927	87.918	93927	6009	129	10	0	5057	753	60	5897
0	6	cSpy was 22 spamed and the readout avoided!
0	7	G	40000	71775	28.225	11.8085	28225	19181	10	1	0	15949	3195	26	19160
0	7	A	40000	81718	18.282	6.147	18282	12135	0	0	0	9715	2401	19	12122
0	7	B	40000	75484	24.516	17.47	24516	7046	10	1	0	6234	794	7	7038
0	7	cSpy was 5 spamed and the readout avoided!
1	0	G	40000	303	99.697	97.3905	99697	2801	181	0	0	1704	483	433	2399
1	0	A	40000	1178	98.822	97.314	98822	1508	133	0	0	866	117	392	1162
1	0	B	40000	1240	98.76	97.467	98760	1293	48	0	0	838	366	41	1237
1	0	cSpy was 26 spamed and the readout avoided!
1	1	G	40000	72591	27.409	9.6515	27409	19970	7	0	0	16945	2995	23	19955
1	1	A	40000	83926	16.074	3.583	16074	12491	0	0	0	10256	2217	18	12482
1	1	B	40000	76801	23.199	15.72	23199	7479	7	0	0	6689	778	5	7473
1	1	cSpy was 1 spamed and the readout avoided!
1	2	G	40000	100000	0	0	0	0	0	0	0	0	0	0	2
1	2	A	40000	100000	0	0	0	0	0	0	0	0	0	0	1
1	2	B	40000	100000	0	0	0	0	0	0	0	0	0	0	1
1	3	G	40000	97664	2.336	0.389	2336	3636	0	0	0	3631	2	3	3638
1	3	A	40000	97859	2.141	0.369	2141	1772	0	0	0	1767	2	3	1773
1	3	B	40000	97727	2.273	0.409	2273	1864	0	0	0	1864	0	0	1865
1	4	G	40000	629	99.371	96.6095	99371	3557	271	2	0	1848	1109	327	3170
1	4	A	40000	1915	98.085	96.077	98085	2008	86	0	0	951	863	108	1867
1	4	B	40000	1309	98.691	97.142	98691	1549	185	2	0	897	246	219	1303
1	4	cSpy was 23 spamed and the readout avoided!
1	5	G	40000	76422	23.578	4.938	23578	18773	1	0	0	16547	2218	7	18774
1	5	A	40000	88295	11.705	2.281	11705	9424	0	0	0	8424	993	7	9425
1	5	B	40000	83056	16.944	7.595	16944	9349	1	0	0	8123	1225	0	9349
1	6	G	40000	100000	0	0	0	0	0	0	0	0	0	0	2
1	6	A	40000	100000	0	0	0	0	0	0	0	0	0	0	1
1	6	B	40000	100000	0	0	0	0	0	0	0	0	0	0	1
1	7	G	40000	99992	0.00799894	0	8	16	0	0	0	16	0	0	18
1	7	A	40000	99992	0.00799894	0	8	8	0	0	0	8	0	0	9
1	7	B	40000	99992	0.00799894	0	8	8	0	0	0	8	0	0	9
2	0	G	40000	2088	97.912	48.775	97912	4231	46	0	0	3989	119	77	4140
2	0	A	40000	2141	97.859	95.642	97859	2217	46	0	0	1975	119	77	2125
2	0	B	40000	96078	3.922	1.908	3922	2014	0	0	0	2014	0	0	2015
2	1	G	40000	99618	0.382	0.1235	382	418	0	0	0	418	0	0	420
2	1	A	40000	99684	0.316	0.117	316	199	0	0	0	199	0	0	200
2	1	B	40000	99651	0.348997	0.13	349	219	0	0	0	219	0	0	220
2	2	G	40000	24918	75.082	53.7255	75082	26664	854	0	0	23640	1420	750	25889
2	2	A	40000	36024	63.976	51.844	63976	12132	480	0	0	10681	492	479	11661
2	2	B	40000	29861	70.139	55.607	70139	14532	374	0	0	12959	928	271	14228
2	2	cSpy was 1 spamed and the readout avoided!
2	3	G	40000	11301	88.699	65.1975	88699	27291	178	0	0	23829	3031	253	27021
2	3	A	40000	25422	74.578	57.598	74578	16980	70	0	0	14454	2347	109	16858
2	3	B	40000	16892	83.108	72.797	83108	10311	108	0	0	9375	684	144	10163
2	3	cSpy was 15 spamed and the readout avoided!
2	4	G	40000	100000	0	0	0	0	0	0	0	0	0	0	2
2	4	A	40000	100000	0	0	0	0	0	0	0	0	0	0	1
2	4	B	40000	100000	0	0	0	0	0	0	0	0	0	0	1
2	5	G	40000	100000	0	0	0	0	0	0	0	0	0	0	2
2	5	A	40000	100000	0	0	0	0	0	0	0	0	0	0	1
2	5	B	40000	100000	0	0	0	0	0	0	0	0	0	0	1
2	6	G	40000	42729	57.271	36.6135	57271	24599	121	1	0	23368	751	358	24496
2	6	A	40000	54075	45.925	34.918	45925	11007	77	1	0	9996	617	316	10926
2	6	B	40000	48099	51.901	38.309	51901	13592	44	0	0	13372	134	42	13570
2	7	G	40000	0	100	100	100000	200000	200000	200000	200000	200000	200000	200000	200002
2	7	A	40000	0	100	100	100000	100000	100000	100000	100000	100000	100000	100000	100001
2	7	B	40000	0	100	100	100000	100000	100000	100000	100000	100000	100000	100000	100001
3	0	G	40000	736	99.264	80.1915	99264	17521	283	3	1	16141	372	721	16877
3	0	A	40000	1303	98.697	96.833	98697	1864	193	0	0	974	22	675	1294
3	0	B	40000	20793	79.207	63.55	79207	15657	90	3	1	15167	350	46	15583
3	0	cSpy was 11 spamed and the readout avoided!
3	1	G	40000	0	100	100	100000	200000	200000	200000	200000	200000	200000	200000	200002
3	1	A	40000	0	100	100	100000	100000	100000	100000	100000	100000	100000	100000	100001
3	1	B	40000	0	100	100	100000	100000	100000	100000	100000	100000	100000	100000	100001
3	2	G	40000	99811	0.189	0.001	189	376	0	0	0	376	0	0	378
3	2	A	40000	99811	0.189	0.001	189	188	0	0	0	188	0	0	189
3	2	B	40000	99811	0.189	0.001	189	188	0	0	0	188	0	0	189
3	3	G	40000	100000	0	0	0	0	0	0	0	0	0	0	2
3	3	A	40000	100000	0	0	0	0	0	0	0	0	0	0	1
3	3	B	40000	100000	0	0	0	0	0	0	0	0	0	0	1
3	4	G	40000	94450	5.55	1.0285	5550	8373	0	0	0	8367	5	1	8375
3	4	A	40000	94832	5.168	0.969	5168	4199	0	0	0	4194	4	1	4200
3	4	B	40000	94738	5.262	1.088	5262	4174	0	0	0	4173	1	0	4175
3	5	G	40000	0	100	100	100000	200000	200000	200000	200000	200000	200000	200000	200002
3	5	A	40000	0	100	100	100000	100000	100000	100000	100000	100000	100000	100000	100001
3	5	B	40000	0	100	100	100000	100000	100000	100000	100000	100000	100000	100000	100001
3	6	G	40000	74284	25.716	6.5945	25716	32125	15	11	0	30228	1829	42	32108
3	6	A	40000	76477	23.523	6.537	23523	16986	3	0	0	15243	1731	9	16986
3	6	B	40000	78209	21.791	6.652	21791	15139	12	11	0	14985	98	33	15122
3	6	cSpy was 2 spamed and the readout avoided!
3	7	G	40000	100000	0	0	0	0	0	0	0	0	0	0	2
3	7	A	40000	100000	0	0	0	0	0	0	0	0	0	0	1
3	7	B	40000	100000	0	0	0	0	0	0	0	0	0	0	1
4	0	G	40000	0	100	100	100000	200000	200000	200000	200000	200000	200000	200000	200002
4	0	A	40000	0	100	100	100000	100000	100000	100000	100000	100000	100000	100000	100001
4	0	B	40000	0	100	100	100000	100000	100000	100000	100000	100000	100000	100000	100001
4	1	G	40000	100000	0	0	0	0	0	0	0	0	0	0	2
4	1	A	40000	100000	0	0	0	0	0	0	0	0	0	0	1
4	1	B	40000	100000	0	0	0	0	0	0	0	0	0	0	1
4	2	G	40000	100000	0	0	0	0	0	0	0	0	0	0	2
4	2	A	40000	100000	0	0	0	0	0	0	0	0	0	0	1
4	2	B	40000	100000	0	0	0	0	0	0	0	0	0	0	1
4	3	G	40000	21636	78.364	56.2225	78364	34625	709	0	0	33267	110	539	33716
4	3	A	40000	26182	73.818	56.499	73818	17319	346	0	0	16576	7	390	16705
4	3	B	40000	26748	73.252	55.946	73252	17306	363	0	0	16691	103	149	17011
4	3	cSpy was 8 spamed and the readout avoided!
4	4	G	40000	6179	93.821	75.4215	93821	24182	197	25	0	21619	1861	480	23774
4	4	A	40000	12155	87.845	75.946	87845	11899	98	16	0	10465	896	424	11582
4	4	B	40000	12820	87.18	74.897	87180	12283	99	9	0	11154	965	56	12192
4	4	cSpy was 33 spamed and the readout avoided!
4	5	G	40000	100000	0	0	0	0	0	0	0	0	0	0	2
4	5	A	40000	100000	0	0	0	0	0	0	0	0	0	0	1
4	5	B	40000	100000	0	0	0	0	0	0	0	0	0	0	1
4	6	G	40000	100000	0	0	0	0	0	0	0	0	0	0	2
4	6	A	40000	100000	0	0	0	0	0	0	0	0	0	0	1
4	6	B	40000	100000	0	0	0	0	0	0	0	0	0	0	1
4	7	G	40000	24362	75.638	52.056	75638	36727	353	0	0	36062	8	304	36305
4	7	A	40000	29477	70.523	52.162	70523	18361	174	0	0	17951	2	234	18059
4	7	B	40000	29684	70.316	51.95	70316	18366	179	0	0	18111	6	70	18246
4	7	cSpy was 4 spamed and the readout avoided!
5	0	G	40000	487	99.513	58.1005	99513	16001	142	0	0	14899	108	852	15460
5	0	A	40000	607	99.393	98.244	99393	1149	142	0	0	55	101	851	607
5	0	B	40000	67191	32.809	17.957	32809	14852	0	0	0	14844	7	1	14853
5	0	cSpy was 69 spamed and the readout avoided!
5	1	G	40000	45662	54.338	31.5295	54338	35262	118	0	0	34983	6	155	35132
5	1	A	40000	50864	49.136	31.661	49136	17475	58	0	0	17273	6	138	17373
5	1	B	40000	50815	49.185	31.398	49185	17787	60	0	0	17710	0	17	17759
5	1	cSpy was 3 spamed and the readout avoided!
5	2	G	40000	19	99.981	98.8915	99981	1383	39	0	0	514	234	596	834
5	2	A	40000	39	99.961	99.484	99961	477	0	0	0	5	1	471	39
5	2	B	40000	795	99.205	98.299	99205	906	39	0	0	509	233	125	795
5	2	cSpy was 30 spamed and the readout avoided!
5	3	G	40000	98683	1.317	0	1317	2633	0	0	0	2632	1	0	2635
5	3	A	40000	98683	1.317	0	1317	1317	0	0	0	1316	1	0	1318
5	3	B	40000	98684	1.316	0	1316	1316	0	0	0	1316	0	0	1317
5	4	G	40000	100000	0	0	0	0	0	0	0	0	0	0	2
5	4	A	40000	100000	0	0	0	0	0	0	0	0	0	0	1
5	4	B	40000	100000	0	0	0	0	0	0	0	0	0	0	1
5	5	G	40000	93533	6.467	1.787	6467	8308	2	0	0	8302	0	4	8307
5	5	A	40000	94017	5.983	1.855	5983	4128	1	0	0	4123	0	4	4126
5	5	B	40000	94101	5.899	1.719	5899	4180	1	0	0	4179	0	0	4181
5	6	G	40000	0	100	100	100000	200000	200000	200000	200000	200000	200000	200000	200002
5	6	A	40000	0	100	100	100000	100000	100000	100000	100000	100000	100000	100000	100001
5	6	B	40000	0	100	100	100000	100000	100000	100000	100000	100000	100000	100000	100001
5	7	G	40000	28390	71.61	25.811	71610	58429	13	23	0	51914	6350	129	58372
5	7	A	40000	43804	56.196	27.376	56196	28820	13	23	0	24814	3841	129	28762
5	7	B	40000	46145	53.855	24.246	53855	29609	0	0	0	27100	2509	0	29610
5	7	cSpy was 1 spamed and the readout avoided!
6	0	G	40000	487	99.513	96.784	99513	3484	310	1	0	1707	904	562	2939
6	0	A	40000	1099	98.901	97.383	98901	1518	170	1	0	218	635	494	1099
6	0	B	40000	1849	98.151	96.185	98151	1966	140	0	0	1489	269	68	1840
6	0	cSpy was 72 spamed and the readout avoided!
6	1	G	40000	14918	85.082	45.8595	85082	51428	31	1	0	45732	5282	382	51198
6	1	A	40000	27058	72.942	48.318	72942	24624	29	1	0	21242	2976	376	24397
6	1	B	40000	29795	70.205	43.401	70205	26804	2	0	0	24490	2306	6	26801
6	1	cSpy was 54 spamed and the readout avoided!
6	2	G	40000	100000	0	0	0	0	0	0	0	0	0	0	2
6	2	A	40000	100000	0	0	0	0	0	0	0	0	0	0	1
6	2	B	40000	100000	0	0	0	0	0	0	0	0	0	0	1
6	3	G	40000	100000	0	0	0	0	0	0	0	0	0	0	2
6	3	A	40000	100000	0	0	0	0	0	0	0	0	0	0	1
6	3	B	40000	100000	0	0	0	0	0	0	0	0	0	0	1
6	4	G	40000	25490	74.51	53.153	74510	34764	677	0	0	33427	142	518	33843
6	4	A	40000	29234	70.766	53.421	70766	17345	325	0	0	16656	1	363	16739
6	4	B	40000	29696	70.304	52.885	70304	17419	352	0	0	16771	141	155	17104
6	4	cSpy was 8 spamed and the readout avoided!
6	5	G	40000	1728	98.272	91.452	98272	8669	215	5	1	7328	474	646	8210
6	5	A	40000	3922	96.078	91.961	96078	4117	36	1	0	3343	214	523	3833
6	5	B	40000	4505	95.495	90.943	95495	4552	179	4	1	3985	260	123	4377
6	5	cSpy was 58 spamed and the readout avoided!
6	6	G	40000	100000	0	0	0	0	0	0	0	0	0	0	2
6	6	A	40000	100000	0	0	0	0	0	0	0	0	0	0	1
6	6	B	40000	100000	0	0	0	0	0	0	0	0	0	0	1
6	7	G	40000	100000	0	0	0	0	0	0	0	0	0	0	2
6	7	A	40000	100000	0	0	0	0	0	0	0	0	0	0	1
6	7	B	40000	100000	0	0	0	0	0	0	0	0	0	0	1
7	0	G	40000	1776	98.224	48.3	98224	3515	191	0	0	2679	87	558	3042
7	0	A	40000	1794	98.206	95.952	98206	2254	191	0	0	1418	87	558	1780
7	0	B	40000	98091	1.909	0.648	1909	1261	0	0	0	1261	0	0	1262
7	0	cSpy was 2 spamed and the readout avoided!
7	1	G	40000	100000	0	0	0	0	0	0	0	0	0	0	2
7	1	A	40000	100000	0	0	0	0	0	0	0	0	0	0	1
7	1	B	40000	100000	0	0	0	0	0	0	0	0	0	0	1
7	2	G	40000	96775	3.225	0.3125	3225	5436	0	0	0	5405	31	0	5438
7	2	A	40000	96918	3.082	0.359	3082	2723	0	0	0	2699	24	0	2724
7	2	B	40000	97021	2.979	0.266	2979	2713	0	0	0	2706	7	0	2714
7	3	G	40000	0	100	100	100000	200000	200000	200000	200000	200000	200000	200000	200002
7	3	A	40000	0	100	100	100000	100000	100000	100000	100000	100000	100000	100000	100001
7	3	B	40000	0	100	100	100000	100000	100000	100000	100000	100000	100000	100000	100001
7	4	G	40000	79873	20.127	4.258	20127	27329	0	0	0	24830	2454	45	27324
7	4	A	40000	80704	19.296	4.27	19296	15026	0	0	0	12903	2078	45	15020
7	4	B	40000	83451	16.549	4.246	16549	12303	0	0	0	11927	376	0	12304
7	5	G	40000	100000	0	0	0	0	0	0	0	0	0	0	2
7	5	A	40000	100000	0	0	0	0	0	0	0	0	0	0	1
7	5	B	40000	100000	0	0	0	0	0	0	0	0	0	0	1
7	6	G	40000	99982	0.0180006	0	18	36	0	0	0	36	0	0	38
7	6	A	40000	99982	0.0180006	0	18	18	0	0	0	18	0	0	19
7	6	B	40000	99982	0.0180006	0	18	18	0	0	0	18	0	0	19
7	7	G	40000	52342	47.658	20.442	47658	41892	4	3	0	40726	973	186	41820
7	7	A	40000	57926	42.074	20.824	42074	21250	2	3	0	20631	428	186	21179
7	7	B	40000	59298	40.702	20.06	40702	20642	2	0	0	20095	545	0	20641
7	7	cSpy was 7 spamed and the readout avoided!
