#the gain was set to: 2	the bias was set to: 30
#Sent triggers per delay setting: 100000	and with a frequency [Hz] of: 40000
#160MHz delay setting	400MHz delay setting	Frequency	correct transmitted H+T		error rate [%]	uncertainty [%]	bad or missed events	error count	missing headers	missing trailers	flipped H/T	event nr errors	tbm missed trigger	unknown errors	event nr resets
0	0	G	40000	421	99.579	72.891	99579	18984	121	0	0	17959	294	610	18454
0	0	A	40000	613	99.387	98.251	99387	1136	96	0	0	184	258	598	613
0	0	B	40000	34621	65.379	47.531	65379	17848	25	0	0	17775	36	12	17841
0	0	cSpy was 33 spamed and the readout avoided!
0	1	G	40000	31295	68.705	45.53	68705	30158	66	0	0	29555	100	437	30053
0	1	A	40000	41662	58.338	44.849	58338	13489	36	0	0	13004	43	406	13401
0	1	B	40000	37120	62.88	46.211	62880	16669	30	0	0	16551	57	31	16652
0	2	G	40000	3565	96.435	81.6705	96435	18215	174	11	0	14843	2684	503	17843
0	2	A	40000	6785	93.215	86.412	93215	6803	106	0	0	5022	1194	481	6474
0	2	B	40000	11659	88.341	76.929	88341	11412	68	11	0	9821	1490	22	11369
0	2	cSpy was 13 spamed and the readout avoided!
0	3	G	40000	99998	0.00200272	0.001	2	2	0	0	0	2	0	0	4
0	3	A	40000	99998	0.00200272	0.001	2	1	0	0	0	1	0	0	2
0	3	B	40000	99998	0.00200272	0.001	2	1	0	0	0	1	0	0	2
0	4	G	40000	100000	0	0	0	0	0	0	0	0	0	0	2
0	4	A	40000	100000	0	0	0	0	0	0	0	0	0	0	1
0	4	B	40000	100000	0	0	0	0	0	0	0	0	0	0	1
0	5	G	40000	75417	24.583	11.3015	24583	19929	2	0	0	19782	48	97	19907
0	5	A	40000	79582	20.418	11.093	20418	9325	2	0	0	9204	23	96	9302
0	5	B	40000	77886	22.114	11.51	22114	10604	0	0	0	10578	25	1	10605
0	6	G	40000	0	100	100	100000	200000	200000	200000	200000	200000	200000	200000	200002
0	6	A	40000	0	100	100	100000	100000	100000	100000	100000	100000	100000	100000	100001
0	6	B	40000	0	100	100	100000	100000	100000	100000	100000	100000	100000	100000	100001
0	7	G	40000	93949	6.051	1.015	6051	7428	0	0	0	7200	228	0	7430
0	7	A	40000	95556	4.444	0.72	4444	3724	0	0	0	3630	94	0	3725
0	7	B	40000	94986	5.014	1.31	5014	3704	0	0	0	3570	134	0	3705
1	0	G	40000	286	99.714	98.1485	99714	2090	125	1	0	1161	228	575	1611
1	0	A	40000	835	99.165	97.906	99165	1259	104	0	0	487	159	509	833
1	0	B	40000	778	99.222	98.391	99222	831	21	1	0	674	69	66	778
1	0	cSpy was 24 spamed and the readout avoided!
1	1	G	40000	90687	9.313	1.5035	9313	9830	0	0	0	9289	541	0	9832
1	1	A	40000	94245	5.755	0.858	5755	4897	0	0	0	4629	268	0	4898
1	1	B	40000	92918	7.082	2.149	7082	4933	0	0	0	4660	273	0	4934
1	2	G	40000	100000	0	0	0	0	0	0	0	0	0	0	2
1	2	A	40000	100000	0	0	0	0	0	0	0	0	0	0	1
1	2	B	40000	100000	0	0	0	0	0	0	0	0	0	0	1
1	3	G	40000	97235	2.765	1.3275	2765	2002	0	0	0	1951	42	9	2002
1	3	A	40000	97795	2.205	1.238	2205	967	0	0	0	925	33	9	966
1	3	B	40000	97548	2.452	1.417	2452	1035	0	0	0	1026	9	0	1036
1	4	G	40000	0	100	100	100000	200000	200000	200000	200000	200000	200000	200000	200002
1	4	A	40000	0	100	100	100000	100000	100000	100000	100000	100000	100000	100000	100001
1	4	B	40000	0	100	100	100000	100000	100000	100000	100000	100000	100000	100000	100001
1	5	G	40000	24496	75.504	27.747	75504	51396	0	0	0	44964	6424	8	51396
1	5	A	40000	54941	45.059	13.559	45059	31500	0	0	0	26527	4966	7	31499
1	5	B	40000	38169	61.831	41.935	61831	19896	0	0	0	18437	1458	1	19897
1	6	G	40000	100000	0	0	0	0	0	0	0	0	0	0	2
1	6	A	40000	100000	0	0	0	0	0	0	0	0	0	0	1
1	6	B	40000	100000	0	0	0	0	0	0	0	0	0	0	1
1	7	G	40000	100000	0	0	0	0	0	0	0	0	0	0	2
1	7	A	40000	100000	0	0	0	0	0	0	0	0	0	0	1
1	7	B	40000	100000	0	0	0	0	0	0	0	0	0	0	1
2	0	G	40000	2261	97.739	48.5005	97739	4129	49	0	0	3893	112	75	4038
2	0	A	40000	2292	97.708	95.348	97708	2360	49	0	0	2124	112	75	2268
2	0	B	40000	96578	3.422	1.653	3422	1769	0	0	0	1769	0	0	1770
2	1	G	40000	99965	0.0349998	0	35	70	0	0	0	70	0	0	72
2	1	A	40000	99965	0.0349998	0	35	35	0	0	0	35	0	0	36
2	1	B	40000	99965	0.0349998	0	35	35	0	0	0	35	0	0	36
2	2	G	40000	37094	62.906	40.1925	62906	26930	219	1	0	25002	1279	429	26734
2	2	A	40000	49618	50.382	37.824	50382	12558	118	0	0	10835	1252	353	12423
2	2	B	40000	43067	56.933	42.561	56933	14372	101	1	0	14167	27	76	14311
2	3	G	40000	4538	95.462	75.7935	95462	23503	55	4	0	19847	3462	135	23419
2	3	A	40000	15780	84.22	69.398	84220	14822	4	0	0	12213	2498	107	14776
2	3	B	40000	9130	90.87	82.189	90870	8681	51	4	0	7634	964	28	8643
2	3	cSpy was 5 spamed and the readout avoided!
2	4	G	40000	100000	0	0	0	0	0	0	0	0	0	0	2
2	4	A	40000	100000	0	0	0	0	0	0	0	0	0	0	1
2	4	B	40000	100000	0	0	0	0	0	0	0	0	0	0	1
2	5	G	40000	100000	0	0	0	0	0	0	0	0	0	0	2
2	5	A	40000	100000	0	0	0	0	0	0	0	0	0	0	1
2	5	B	40000	100000	0	0	0	0	0	0	0	0	0	0	1
2	6	G	40000	43464	56.536	28.775	56536	33030	33	0	0	31533	1217	247	32980
2	6	A	40000	57703	42.297	26.457	42297	15840	17	0	0	14514	1075	234	15799
2	6	B	40000	51717	48.283	31.093	48283	17190	16	0	0	17019	142	13	17181
2	7	G	40000	0	100	100	100000	200000	200000	200000	200000	200000	200000	200000	200002
2	7	A	40000	0	100	100	100000	100000	100000	100000	100000	100000	100000	100000	100001
2	7	B	40000	0	100	100	100000	100000	100000	100000	100000	100000	100000	100000	100001
3	0	G	40000	976	99.024	70.6555	99024	20803	262	2	0	19445	441	653	20235
3	0	A	40000	1552	98.448	96.367	98448	2081	213	0	0	1201	25	642	1540
3	0	B	40000	36334	63.666	44.944	63666	18722	49	2	0	18244	416	11	18695
3	0	cSpy was 15 spamed and the readout avoided!
3	1	G	40000	0	100	100	100000	200000	200000	200000	200000	200000	200000	200000	200002
3	1	A	40000	0	100	100	100000	100000	100000	100000	100000	100000	100000	100000	100001
3	1	B	40000	0	100	100	100000	100000	100000	100000	100000	100000	100000	100000	100001
3	2	G	40000	95232	4.768	0.325	4768	8784	0	0	0	8741	43	0	8786
3	2	A	40000	95240	4.76	0.325	4760	4435	0	0	0	4392	43	0	4436
3	2	B	40000	95326	4.674	0.325	4674	4349	0	0	0	4349	0	0	4350
3	3	G	40000	100000	0	0	0	0	0	0	0	0	0	0	2
3	3	A	40000	100000	0	0	0	0	0	0	0	0	0	0	1
3	3	B	40000	100000	0	0	0	0	0	0	0	0	0	0	1
3	4	G	40000	99291	0.708997	0.0345	709	1337	0	0	0	1336	1	0	1339
3	4	A	40000	99301	0.699002	0.03	699	669	0	0	0	668	1	0	670
3	4	B	40000	99293	0.707	0.039	707	668	0	0	0	668	0	0	669
3	5	G	40000	0	100	100	100000	200000	200000	200000	200000	200000	200000	200000	200002
3	5	A	40000	0	100	100	100000	100000	100000	100000	100000	100000	100000	100000	100001
3	5	B	40000	0	100	100	100000	100000	100000	100000	100000	100000	100000	100000	100001
3	6	G	40000	35593	64.407	16.463	64407	62463	12	1	0	56675	5718	57	62430
3	6	A	40000	52600	47.4	16.177	47400	31223	8	1	0	26926	4234	54	31193
3	6	B	40000	52011	47.989	16.749	47989	31240	4	0	0	29749	1484	3	31237
3	6	cSpy was 11 spamed and the readout avoided!
3	7	G	40000	100000	0	0	0	0	0	0	0	0	0	0	2
3	7	A	40000	100000	0	0	0	0	0	0	0	0	0	0	1
3	7	B	40000	100000	0	0	0	0	0	0	0	0	0	0	1
4	0	G	40000	991	99.009	80.516	99009	15039	252	5	0	12367	2134	281	14692
4	0	A	40000	1838	98.162	96.086	98162	2076	110	2	0	1191	534	239	1837
4	0	B	40000	22091	77.909	64.946	77909	12963	142	3	0	11176	1600	42	12855
4	0	cSpy was 12 spamed and the readout avoided!
4	1	G	40000	100000	0	0	0	0	0	0	0	0	0	0	2
4	1	A	40000	100000	0	0	0	0	0	0	0	0	0	0	1
4	1	B	40000	100000	0	0	0	0	0	0	0	0	0	0	1
4	2	G	40000	100000	0	0	0	0	0	0	0	0	0	0	2
4	2	A	40000	100000	0	0	0	0	0	0	0	0	0	0	1
4	2	B	40000	100000	0	0	0	0	0	0	0	0	0	0	1
4	3	G	40000	30307	69.693	50.009	69693	32428	662	0	0	31135	135	496	31541
4	3	A	40000	33531	66.469	50.271	66469	16198	318	0	0	15530	1	349	15612
4	3	B	40000	34023	65.977	49.747	65977	16230	344	0	0	15605	134	147	15929
4	3	cSpy was 7 spamed and the readout avoided!
4	4	G	40000	0	100	100	100000	200000	200000	200000	200000	200000	200000	200000	200002
4	4	A	40000	0	100	100	100000	100000	100000	100000	100000	100000	100000	100000	100001
4	4	B	40000	0	100	100	100000	100000	100000	100000	100000	100000	100000	100000	100001
4	5	G	40000	100000	0	0	0	0	0	0	0	0	0	0	2
4	5	A	40000	100000	0	0	0	0	0	0	0	0	0	0	1
4	5	B	40000	100000	0	0	0	0	0	0	0	0	0	0	1
4	6	G	40000	100000	0	0	0	0	0	0	0	0	0	0	2
4	6	A	40000	100000	0	0	0	0	0	0	0	0	0	0	1
4	6	B	40000	100000	0	0	0	0	0	0	0	0	0	0	1
4	7	G	40000	63793	36.207	18.7565	36207	26743	26	0	0	26648	8	61	26709
4	7	A	40000	67905	32.095	18.898	32095	13197	13	0	0	13116	8	60	13168
4	7	B	40000	67839	32.161	18.615	32161	13546	13	0	0	13532	0	1	13541
4	7	cSpy was 4 spamed and the readout avoided!
5	0	G	40000	502	99.498	56.927	99498	14776	134	0	0	13698	111	833	14233
5	0	A	40000	610	99.39	98.237	99390	1153	134	0	0	85	101	833	610
5	0	B	40000	70760	29.24	15.617	29240	13623	0	0	0	13613	10	0	13623
5	0	cSpy was 58 spamed and the readout avoided!
5	1	G	40000	88416	11.584	3.928	11584	12607	2	0	0	12597	1	7	12605
5	1	A	40000	89726	10.274	4.041	10274	6233	1	0	0	6224	1	7	6230
5	1	B	40000	89811	10.189	3.815	10189	6374	1	0	0	6373	0	0	6375
5	2	G	40000	0	100	100	100000	200000	200000	200000	200000	200000	200000	200000	200002
5	2	A	40000	0	100	100	100000	100000	100000	100000	100000	100000	100000	100000	100001
5	2	B	40000	0	100	100	100000	100000	100000	100000	100000	100000	100000	100000	100001
5	3	G	40000	92917	7.083	0.416	7083	12477	0	0	0	11774	701	2	12479
5	3	A	40000	92976	7.024	0.416	7024	6608	0	0	0	5959	647	2	6609
5	3	B	40000	93715	6.285	0.416	6285	5869	0	0	0	5815	54	0	5870
5	4	G	40000	100000	0	0	0	0	0	0	0	0	0	0	2
5	4	A	40000	100000	0	0	0	0	0	0	0	0	0	0	1
5	4	B	40000	100000	0	0	0	0	0	0	0	0	0	0	1
5	5	G	40000	99388	0.612003	0.0275	612	1162	0	0	0	1162	0	0	1164
5	5	A	40000	99388	0.612003	0.031	612	581	0	0	0	581	0	0	582
5	5	B	40000	99395	0.604999	0.024	605	581	0	0	0	581	0	0	582
5	6	G	40000	2079	97.921	93.3295	97921	6033	292	1	0	4622	933	185	5738
5	6	A	40000	2449	97.551	95.757	97551	1794	40	0	0	1661	0	93	1678
5	6	B	40000	4859	95.141	90.902	95141	4239	252	1	0	2961	933	92	4060
5	6	cSpy was 41 spamed and the readout avoided!
5	7	G	40000	20237	79.763	29.769	79763	64531	0	1	0	56902	7414	214	64437
5	7	A	40000	36295	63.705	32.893	63705	30812	0	1	0	26352	4246	213	30719
5	7	B	40000	39636	60.364	26.645	60364	33719	0	0	0	30550	3168	1	33718
5	7	cSpy was 6 spamed and the readout avoided!
6	0	G	40000	0	100	100	100000	200000	200000	200000	200000	200000	200000	200000	200002
6	0	A	40000	0	100	100	100000	100000	100000	100000	100000	100000	100000	100000	100001
6	0	B	40000	0	100	100	100000	100000	100000	100000	100000	100000	100000	100000	100001
6	1	G	40000	12887	87.113	64.2595	87113	30378	79	6	0	27043	2859	391	30115
6	1	A	40000	19179	80.821	66.371	80821	14450	2	3	0	12650	1469	326	14275
6	1	B	40000	21924	78.076	62.148	78076	15928	77	3	0	14393	1390	65	15840
6	1	cSpy was 25 spamed and the readout avoided!
6	2	G	40000	100000	0	0	0	0	0	0	0	0	0	0	2
6	2	A	40000	100000	0	0	0	0	0	0	0	0	0	0	1
6	2	B	40000	100000	0	0	0	0	0	0	0	0	0	0	1
6	3	G	40000	100000	0	0	0	0	0	0	0	0	0	0	2
6	3	A	40000	100000	0	0	0	0	0	0	0	0	0	0	1
6	3	B	40000	100000	0	0	0	0	0	0	0	0	0	0	1
6	4	G	40000	35919	64.081	46.38	64081	29265	640	0	0	28026	124	475	28406
6	4	A	40000	38744	61.256	46.624	61256	14632	308	0	0	13990	0	334	14061
6	4	B	40000	39231	60.769	46.136	60769	14633	332	0	0	14036	124	141	14345
6	4	cSpy was 7 spamed and the readout avoided!
6	5	G	40000	0	100	100	100000	200000	200000	200000	200000	200000	200000	200000	200002
6	5	A	40000	0	100	100	100000	100000	100000	100000	100000	100000	100000	100000	100001
6	5	B	40000	0	100	100	100000	100000	100000	100000	100000	100000	100000	100000	100001
6	6	G	40000	100000	0	0	0	0	0	0	0	0	0	0	2
6	6	A	40000	100000	0	0	0	0	0	0	0	0	0	0	1
6	6	B	40000	100000	0	0	0	0	0	0	0	0	0	0	1
6	7	G	40000	100000	0	0	0	0	0	0	0	0	0	0	2
6	7	A	40000	100000	0	0	0	0	0	0	0	0	0	0	1
6	7	B	40000	100000	0	0	0	0	0	0	0	0	0	0	1
7	0	G	40000	1695	98.305	56.9325	98305	9129	212	1	0	8021	377	518	8666
7	0	A	40000	2107	97.893	95.36	97893	2533	195	1	0	1721	105	511	2078
7	0	B	40000	74899	25.101	18.505	25101	6596	17	0	0	6300	272	7	6588
7	0	cSpy was 6 spamed and the readout avoided!
7	1	G	40000	100000	0	0	0	0	0	0	0	0	0	0	2
7	1	A	40000	100000	0	0	0	0	0	0	0	0	0	0	1
7	1	B	40000	100000	0	0	0	0	0	0	0	0	0	0	1
7	2	G	40000	98897	1.103	0.0685	1103	2002	0	0	0	1993	9	0	2004
7	2	A	40000	98922	1.078	0.078	1078	1000	0	0	0	992	8	0	1001
7	2	B	40000	98939	1.061	0.059	1061	1002	0	0	0	1001	1	0	1003
7	3	G	40000	0	100	100	100000	200000	200000	200000	200000	200000	200000	200000	200002
7	3	A	40000	0	100	100	100000	100000	100000	100000	100000	100000	100000	100000	100001
7	3	B	40000	0	100	100	100000	100000	100000	100000	100000	100000	100000	100000	100001
7	4	G	40000	42959	57.041	33.0695	57041	34596	79	6	0	30954	3171	386	34362
7	4	A	40000	48420	51.58	33.546	51580	18034	7	2	0	15446	2252	327	17872
7	4	B	40000	50845	49.155	32.593	49155	16562	72	4	0	15508	919	59	16490
7	4	cSpy was 16 spamed and the readout avoided!
7	5	G	40000	100000	0	0	0	0	0	0	0	0	0	0	2
7	5	A	40000	100000	0	0	0	0	0	0	0	0	0	0	1
7	5	B	40000	100000	0	0	0	0	0	0	0	0	0	0	1
7	6	G	40000	99105	0.895	0.106	895	1400	0	0	0	1385	15	0	1402
7	6	A	40000	99180	0.819999	0.121	820	699	0	0	0	688	11	0	700
7	6	B	40000	99208	0.792003	0.091	792	701	0	0	0	697	4	0	702
7	7	G	40000	63068	36.932	13.699	36932	32716	36	74	0	32010	442	154	32626
7	7	A	40000	69082	30.918	14.331	30918	16587	36	74	0	16142	182	153	16497
7	7	B	40000	70804	29.196	13.067	29196	16129	0	0	0	15868	260	1	16129
7	7	cSpy was 8 spamed and the readout avoided!
