#the gain was set to: 2	the bias was set to: 30
#Sent triggers per delay setting: 100000	and with a frequency [Hz] of: 40000
#160MHz delay setting	400MHz delay setting	Frequency	correct transmitted H+T		error rate [%]	uncertainty [%]	bad or missed events	error count	missing headers	missing trailers	flipped H/T	event nr errors	tbm missed trigger	unknown errors	event nr resets
0	0	G	40000	413	99.587	72.356	99587	18995	94	0	0	17984	271	646	18485
0	0	A	40000	627	99.373	98.249	99373	1124	79	0	0	167	246	632	627
0	0	B	40000	35666	64.334	46.463	64334	17871	15	0	0	17817	25	14	17858
0	0	cSpy was 27 spamed and the readout avoided!
0	1	G	40000	30440	69.56	46.5045	69560	29645	93	0	0	29013	87	452	29518
0	1	A	40000	41003	58.997	45.812	58997	13185	53	0	0	12683	40	409	13080
0	1	B	40000	36343	63.657	47.197	63657	16460	40	0	0	16330	47	43	16438
0	2	G	40000	2963	97.037	85.2495	97037	14752	354	13	0	11759	2177	449	14259
0	2	A	40000	6495	93.505	87.014	93505	6491	145	0	0	4838	1143	365	6179
0	2	B	40000	8254	91.746	83.485	91746	8261	209	13	0	6921	1034	84	8080
0	2	cSpy was 45 spamed and the readout avoided!
0	3	G	40000	100000	0	0	0	0	0	0	0	0	0	0	2
0	3	A	40000	100000	0	0	0	0	0	0	0	0	0	0	1
0	3	B	40000	100000	0	0	0	0	0	0	0	0	0	0	1
0	4	G	40000	100000	0	0	0	0	0	0	0	0	0	0	2
0	4	A	40000	100000	0	0	0	0	0	0	0	0	0	0	1
0	4	B	40000	100000	0	0	0	0	0	0	0	0	0	0	1
0	5	G	40000	70499	29.501	12.3595	29501	26642	5	0	0	26481	35	121	26623
0	5	A	40000	75323	24.677	12.115	24677	12562	3	0	0	12425	17	117	12543
0	5	B	40000	73316	26.684	12.604	26684	14080	2	0	0	14056	18	4	14080
0	6	G	40000	1113	98.887	94.432	98887	5705	334	4	0	3628	1400	339	5261
0	6	A	40000	3089	96.911	93.754	96911	3157	85	0	0	1908	965	199	2956
0	6	B	40000	2342	97.658	95.11	97658	2548	249	4	0	1720	435	140	2305
0	6	cSpy was 39 spamed and the readout avoided!
0	7	G	40000	92235	7.765	1.2975	7765	8838	0	0	0	8489	349	0	8840
0	7	A	40000	94722	5.278	0.857	5278	4421	0	0	0	4251	170	0	4422
0	7	B	40000	93845	6.155	1.738	6155	4417	0	0	0	4238	179	0	4418
1	0	G	40000	356	99.644	97.5865	99644	2665	219	1	0	1363	490	592	2152
1	0	A	40000	1144	98.856	97.294	98856	1562	178	1	0	663	227	493	1138
1	0	B	40000	1018	98.982	97.879	98982	1103	41	0	0	700	263	99	1014
1	0	cSpy was 39 spamed and the readout avoided!
1	1	G	40000	91227	8.773	1.4585	8773	9477	0	0	0	9027	450	0	9479
1	1	A	40000	94434	5.566	0.861	5566	4705	0	0	0	4499	206	0	4706
1	1	B	40000	93172	6.828	2.056	6828	4772	0	0	0	4528	244	0	4773
1	2	G	40000	100000	0	0	0	0	0	0	0	0	0	0	2
1	2	A	40000	100000	0	0	0	0	0	0	0	0	0	0	1
1	2	B	40000	100000	0	0	0	0	0	0	0	0	0	0	1
1	3	G	40000	90465	9.535	5.27	9535	5199	9	0	0	4950	194	46	5191
1	3	A	40000	92651	7.349	4.883	7349	2466	5	0	0	2244	175	42	2459
1	3	B	40000	91610	8.39	5.657	8390	2733	4	0	0	2706	19	4	2732
1	4	G	40000	0	100	100	100000	200000	200000	200000	200000	200000	200000	200000	200002
1	4	A	40000	0	100	100	100000	100000	100000	100000	100000	100000	100000	100000	100001
1	4	B	40000	0	100	100	100000	100000	100000	100000	100000	100000	100000	100000	100001
1	5	G	40000	22220	77.78	34.435	77780	46424	21	0	0	40376	5960	67	46366
1	5	A	40000	49933	50.067	21.71	50067	28357	4	0	0	23762	4557	34	28330
1	5	B	40000	34773	65.227	47.16	65227	18067	17	0	0	16614	1403	33	18036
1	5	cSpy was 2 spamed and the readout avoided!
1	6	G	40000	100000	0	0	0	0	0	0	0	0	0	0	2
1	6	A	40000	100000	0	0	0	0	0	0	0	0	0	0	1
1	6	B	40000	100000	0	0	0	0	0	0	0	0	0	0	1
1	7	G	40000	100000	0	0	0	0	0	0	0	0	0	0	2
1	7	A	40000	100000	0	0	0	0	0	0	0	0	0	0	1
1	7	B	40000	100000	0	0	0	0	0	0	0	0	0	0	1
2	0	G	40000	2356	97.644	48.307	97644	4046	60	0	0	3775	117	94	3936
2	0	A	40000	2397	97.603	95.128	97603	2475	60	0	0	2204	117	94	2364
2	0	B	40000	96943	3.057	1.486	3057	1571	0	0	0	1571	0	0	1572
2	0	cSpy was 1 spamed and the readout avoided!
2	1	G	40000	99975	0.0249982	0.0045	25	35	0	0	0	35	0	0	37
2	1	A	40000	99979	0.0209987	0.004	21	17	0	0	0	17	0	0	18
2	1	B	40000	99977	0.0230014	0.005	23	18	0	0	0	18	0	0	19
2	2	G	40000	24191	75.809	52.3795	75809	28232	795	8	0	25167	1510	752	27475
2	2	A	40000	37135	62.865	49.824	62865	13041	403	5	0	10655	1485	493	12612
2	2	B	40000	29874	70.126	54.935	70126	15191	392	3	0	14512	25	259	14863
2	3	G	40000	5927	94.073	75.3965	94073	21456	124	0	0	18110	2992	230	21230
2	3	A	40000	17296	82.704	69.097	82704	13607	69	0	0	11159	2235	144	13465
2	3	B	40000	10455	89.545	81.696	89545	7849	55	0	0	6951	757	86	7765
2	3	cSpy was 9 spamed and the readout avoided!
2	4	G	40000	100000	0	0	0	0	0	0	0	0	0	0	2
2	4	A	40000	100000	0	0	0	0	0	0	0	0	0	0	1
2	4	B	40000	100000	0	0	0	0	0	0	0	0	0	0	1
2	5	G	40000	100000	0	0	0	0	0	0	0	0	0	0	2
2	5	A	40000	100000	0	0	0	0	0	0	0	0	0	0	1
2	5	B	40000	100000	0	0	0	0	0	0	0	0	0	0	1
2	6	G	40000	55877	44.123	21.4635	44123	26983	18	0	0	25872	920	173	26955
2	6	A	40000	67323	32.677	19.651	32677	13026	10	0	0	12045	804	167	13002
2	6	B	40000	62767	37.233	23.276	37233	13957	8	0	0	13827	116	6	13953
2	7	G	40000	0	100	100	100000	200000	200000	200000	200000	200000	200000	200000	200002
2	7	A	40000	0	100	100	100000	100000	100000	100000	100000	100000	100000	100000	100001
2	7	B	40000	0	100	100	100000	100000	100000	100000	100000	100000	100000	100000	100001
3	0	G	40000	1090	98.91	67.9685	98910	18457	241	0	0	17209	385	622	17928
3	0	A	40000	1609	98.391	96.287	98391	2104	205	0	0	1252	33	614	1591
3	0	B	40000	43997	56.003	39.65	56003	16353	36	0	0	15957	352	8	16337
3	0	cSpy was 8 spamed and the readout avoided!
3	1	G	40000	0	100	100	100000	200000	200000	200000	200000	200000	200000	200000	200002
3	1	A	40000	0	100	100	100000	100000	100000	100000	100000	100000	100000	100000	100001
3	1	B	40000	0	100	100	100000	100000	100000	100000	100000	100000	100000	100000	100001
3	2	G	40000	76985	23.015	19.6945	23015	6176	58	0	0	5718	319	81	6093
3	2	A	40000	76995	23.005	20.132	23005	2873	0	0	0	2828	25	20	2857
3	2	B	40000	77440	22.56	19.257	22560	3303	58	0	0	2890	294	61	3236
3	2	cSpy was 64 spamed and the readout avoided!
3	3	G	40000	100000	0	0	0	0	0	0	0	0	0	0	2
3	3	A	40000	100000	0	0	0	0	0	0	0	0	0	0	1
3	3	B	40000	100000	0	0	0	0	0	0	0	0	0	0	1
3	4	G	40000	93172	6.828	2.2505	6828	7512	1	0	0	7490	17	4	7513
3	4	A	40000	94030	5.97	2.189	5970	3781	0	0	0	3769	8	4	3782
3	4	B	40000	93957	6.043	2.312	6043	3731	1	0	0	3721	9	0	3731
3	5	G	40000	0	100	100	100000	200000	200000	200000	200000	200000	200000	200000	200002
3	5	A	40000	0	100	100	100000	100000	100000	100000	100000	100000	100000	100000	100001
3	5	B	40000	0	100	100	100000	100000	100000	100000	100000	100000	100000	100000	100001
3	6	G	40000	0	100	100	100000	200000	200000	200000	200000	200000	200000	200000	200002
3	6	A	40000	0	100	100	100000	100000	100000	100000	100000	100000	100000	100000	100001
3	6	B	40000	0	100	100	100000	100000	100000	100000	100000	100000	100000	100000	100001
3	7	G	40000	100000	0	0	0	0	0	0	0	0	0	0	2
3	7	A	40000	100000	0	0	0	0	0	0	0	0	0	0	1
3	7	B	40000	100000	0	0	0	0	0	0	0	0	0	0	1
4	0	G	40000	974	99.026	79.951	99026	15182	208	2	0	13050	1656	266	14888
4	0	A	40000	1723	98.277	96.381	98277	1896	69	1	0	1147	474	205	1720
4	0	B	40000	23193	76.807	63.521	76807	13286	139	1	0	11903	1182	61	13168
4	0	cSpy was 28 spamed and the readout avoided!
4	1	G	40000	100000	0	0	0	0	0	0	0	0	0	0	2
4	1	A	40000	100000	0	0	0	0	0	0	0	0	0	0	1
4	1	B	40000	100000	0	0	0	0	0	0	0	0	0	0	1
4	2	G	40000	99937	0.0630021	0.001	63	124	0	0	0	124	0	0	126
4	2	A	40000	99937	0.0630021	0.001	63	62	0	0	0	62	0	0	63
4	2	B	40000	99937	0.0630021	0.001	63	62	0	0	0	62	0	0	63
4	3	G	40000	31485	68.515	48.288	68515	33003	633	0	0	31783	116	471	32160
4	3	A	40000	34987	65.013	48.529	65013	16484	305	0	0	15845	0	334	15924
4	3	B	40000	35434	64.566	48.047	64566	16519	328	0	0	15938	116	137	16236
4	3	cSpy was 6 spamed and the readout avoided!
4	4	G	40000	999	99.001	95.9655	99001	4316	438	23	1	3134	205	515	3692
4	4	A	40000	1705	98.295	96.207	98295	2088	228	12	1	1363	93	391	1681
4	4	B	40000	2048	97.952	95.724	97952	2228	210	11	0	1771	112	124	2011
4	4	cSpy was 91 spamed and the readout avoided!
4	5	G	40000	100000	0	0	0	0	0	0	0	0	0	0	2
4	5	A	40000	100000	0	0	0	0	0	0	0	0	0	0	1
4	5	B	40000	100000	0	0	0	0	0	0	0	0	0	0	1
4	6	G	40000	100000	0	0	0	0	0	0	0	0	0	0	2
4	6	A	40000	100000	0	0	0	0	0	0	0	0	0	0	1
4	6	B	40000	100000	0	0	0	0	0	0	0	0	0	0	1
4	7	G	40000	60747	39.253	20.8455	39253	28325	48	0	0	28198	8	71	28287
4	7	A	40000	65017	34.983	20.979	34983	14004	25	0	0	13903	8	68	13969
4	7	B	40000	64967	35.033	20.712	35033	14321	23	0	0	14295	0	3	14318
4	7	cSpy was 5 spamed and the readout avoided!
5	0	G	40000	506	99.494	57.069	99494	14948	140	0	0	13869	112	827	14398
5	0	A	40000	604	99.396	98.241	99396	1155	140	0	0	85	103	827	604
5	0	B	40000	70310	29.69	15.897	29690	13793	0	0	0	13784	9	0	13794
5	0	cSpy was 54 spamed and the readout avoided!
5	1	G	40000	83335	16.665	6.4125	16665	16475	4	0	0	16464	0	7	16473
5	1	A	40000	85303	14.697	6.569	14697	8128	2	0	0	8119	0	7	8126
5	1	B	40000	85397	14.603	6.256	14603	8347	2	0	0	8345	0	0	8347
5	2	G	40000	0	100	100	100000	200000	200000	200000	200000	200000	200000	200000	200002
5	2	A	40000	0	100	100	100000	100000	100000	100000	100000	100000	100000	100000	100001
5	2	B	40000	0	100	100	100000	100000	100000	100000	100000	100000	100000	100000	100001
5	3	G	40000	93837	6.163	0.302	6163	11091	0	0	0	10553	535	3	11093
5	3	A	40000	93882	6.118	0.302	6118	5816	0	0	0	5321	492	3	5817
5	3	B	40000	94423	5.577	0.302	5577	5275	0	0	0	5232	43	0	5276
5	4	G	40000	100000	0	0	0	0	0	0	0	0	0	0	2
5	4	A	40000	100000	0	0	0	0	0	0	0	0	0	0	1
5	4	B	40000	100000	0	0	0	0	0	0	0	0	0	0	1
5	5	G	40000	99240	0.760001	0.029	760	1444	0	0	0	1444	0	0	1446
5	5	A	40000	99242	0.757998	0.036	758	722	0	0	0	722	0	0	723
5	5	B	40000	99256	0.743997	0.022	744	722	0	0	0	722	0	0	723
5	6	G	40000	2436	97.564	92.674	97564	6560	299	2	0	5214	865	180	6246
5	6	A	40000	2880	97.12	95.021	97120	2099	49	0	0	1962	0	88	1978
5	6	B	40000	5212	94.788	90.327	94788	4461	250	2	0	3252	865	92	4268
5	6	cSpy was 46 spamed and the readout avoided!
5	7	G	40000	15651	84.349	39.7175	84349	57714	5	0	0	51261	6158	290	57551
5	7	A	40000	29586	70.414	43.02	70414	27394	0	0	0	23689	3416	289	27233
5	7	B	40000	33265	66.735	36.415	66735	30320	5	0	0	27572	2742	1	30318
5	7	cSpy was 5 spamed and the readout avoided!
6	0	G	40000	0	100	100	100000	200000	200000	200000	200000	200000	200000	200000	200002
6	0	A	40000	0	100	100	100000	100000	100000	100000	100000	100000	100000	100000	100001
6	0	B	40000	0	100	100	100000	100000	100000	100000	100000	100000	100000	100000	100001
6	1	G	40000	12538	87.462	66.722	87462	27006	69	1	0	23796	2394	746	26450
6	1	A	40000	18739	81.261	68.484	81261	12777	3	0	0	10926	1203	645	12333
6	1	B	40000	20811	79.189	64.96	79189	14229	66	1	0	12870	1191	101	14117
6	1	cSpy was 34 spamed and the readout avoided!
6	2	G	40000	100000	0	0	0	0	0	0	0	0	0	0	2
6	2	A	40000	100000	0	0	0	0	0	0	0	0	0	0	1
6	2	B	40000	100000	0	0	0	0	0	0	0	0	0	0	1
6	3	G	40000	99886	0.114	0.0025	114	222	0	0	0	222	0	0	224
6	3	A	40000	99886	0.114	0.003	114	111	0	0	0	111	0	0	112
6	3	B	40000	99887	0.112998	0.002	113	111	0	0	0	111	0	0	112
6	4	G	40000	28102	71.898	49.0565	71898	36163	537	6	0	35079	110	431	35462
6	4	A	40000	32715	67.285	49.261	67285	18024	252	4	0	17433	14	321	17549
6	4	B	40000	33009	66.991	48.852	66991	18139	285	2	0	17646	96	110	17913
6	4	cSpy was 66 spamed and the readout avoided!
6	5	G	40000	3405	96.595	89.6185	96595	8738	230	1	0	6892	1119	497	8319
6	5	A	40000	5314	94.686	90.954	94686	3732	19	0	0	2994	378	341	3543
6	5	B	40000	6711	93.289	88.283	93289	5006	211	1	0	3898	741	156	4776
6	5	cSpy was 89 spamed and the readout avoided!
6	6	G	40000	100000	0	0	0	0	0	0	0	0	0	0	2
6	6	A	40000	100000	0	0	0	0	0	0	0	0	0	0	1
6	6	B	40000	100000	0	0	0	0	0	0	0	0	0	0	1
6	7	G	40000	100000	0	0	0	0	0	0	0	0	0	0	2
6	7	A	40000	100000	0	0	0	0	0	0	0	0	0	0	1
6	7	B	40000	100000	0	0	0	0	0	0	0	0	0	0	1
7	0	G	40000	1819	98.181	48.187	98181	3691	231	0	0	2805	74	581	3153
7	0	A	40000	1852	98.148	95.787	98148	2361	231	0	0	1475	74	581	1822
7	0	B	40000	98083	1.917	0.587	1917	1330	0	0	0	1330	0	0	1331
7	0	cSpy was 5 spamed and the readout avoided!
7	1	G	40000	100000	0	0	0	0	0	0	0	0	0	0	2
7	1	A	40000	100000	0	0	0	0	0	0	0	0	0	0	1
7	1	B	40000	100000	0	0	0	0	0	0	0	0	0	0	1
7	2	G	40000	96859	3.141	0.966	3141	2757	6	5	0	2710	26	10	2754
7	2	A	40000	97568	2.432	1.071	2432	1361	6	5	0	1334	6	10	1357
7	2	B	40000	97743	2.257	0.861	2257	1396	0	0	0	1376	20	0	1397
7	2	cSpy was 1 spamed and the readout avoided!
7	3	G	40000	2986	97.014	87.9685	97014	11450	132	2	0	10108	742	466	11089
7	3	A	40000	5199	94.801	90.026	94801	4775	49	2	0	4290	139	295	4562
7	3	B	40000	7414	92.586	85.911	92586	6675	83	0	0	5818	603	171	6527
7	3	cSpy was 95 spamed and the readout avoided!
7	4	G	40000	52737	47.263	10.6735	47263	51775	1	2	0	46672	5006	94	51740
7	4	A	40000	61590	38.41	11.107	38410	27303	1	2	0	23470	3736	94	27267
7	4	B	40000	65288	34.712	10.24	34712	24472	0	0	0	23202	1270	0	24473
7	5	G	40000	100000	0	0	0	0	0	0	0	0	0	0	2
7	5	A	40000	100000	0	0	0	0	0	0	0	0	0	0	1
7	5	B	40000	100000	0	0	0	0	0	0	0	0	0	0	1
7	6	G	40000	97713	2.287	0.6805	2287	1986	5	2	0	1951	22	6	1985
7	6	A	40000	98272	1.728	0.754	1728	974	5	2	0	951	10	6	972
7	6	B	40000	98381	1.619	0.607	1619	1012	0	0	0	1000	12	0	1013
7	6	cSpy was 1 spamed and the readout avoided!
7	7	G	40000	61104	38.896	15.08	38896	33299	30	97	0	32543	462	167	33191
7	7	A	40000	67310	32.69	15.795	32690	16895	29	97	0	16443	159	167	16787
7	7	B	40000	69231	30.769	14.365	30769	16404	1	0	0	16100	303	0	16404
7	7	cSpy was 8 spamed and the readout avoided!
