#the gain was set to: 2	the bias was set to: 30
#Sent triggers per delay setting: 100000	and with a frequency [Hz] of: 40000
#160MHz delay setting	400MHz delay setting	Frequency	correct transmitted H+T		error rate [%]	uncertainty [%]	bad or missed events	error count	missing headers	missing trailers	flipped H/T	event nr errors	tbm missed trigger	unknown errors	event nr resets
0	0	G	40000	394	99.606	72.42	99606	18935	99	0	0	17922	292	622	18431
0	0	A	40000	617	99.383	98.268	99383	1115	87	0	0	157	254	617	617
0	0	B	40000	35608	64.392	46.572	64392	17820	12	0	0	17765	38	5	17814
0	0	cSpy was 21 spamed and the readout avoided!
0	1	G	40000	30249	69.751	46.721	69751	29729	67	0	0	29100	109	453	29610
0	1	A	40000	40731	59.269	46.024	59269	13245	36	0	0	12744	44	421	13152
0	1	B	40000	36098	63.902	47.418	63902	16484	31	0	0	16356	65	32	16458
0	2	G	40000	3443	96.557	82.0035	96557	17937	177	4	0	14621	2625	510	17521
0	2	A	40000	6605	93.395	86.722	93395	6673	117	1	0	4867	1205	483	6314
0	2	B	40000	11451	88.549	77.285	88549	11264	60	3	0	9754	1420	27	11207
0	2	cSpy was 10 spamed and the readout avoided!
0	3	G	40000	100000	0	0	0	0	0	0	0	0	0	0	2
0	3	A	40000	100000	0	0	0	0	0	0	0	0	0	0	1
0	3	B	40000	100000	0	0	0	0	0	0	0	0	0	0	1
0	4	G	40000	100000	0	0	0	0	0	0	0	0	0	0	2
0	4	A	40000	100000	0	0	0	0	0	0	0	0	0	0	1
0	4	B	40000	100000	0	0	0	0	0	0	0	0	0	0	1
0	5	G	40000	73265	26.735	11.9885	26735	22451	2	0	0	22284	39	126	22431
0	5	A	40000	77708	22.292	11.749	22292	10543	1	0	0	10402	18	122	10523
0	5	B	40000	75864	24.136	12.228	24136	11908	1	0	0	11882	21	4	11908
0	6	G	40000	0	100	100	100000	200000	200000	200000	200000	200000	200000	200000	200002
0	6	A	40000	0	100	100	100000	100000	100000	100000	100000	100000	100000	100000	100001
0	6	B	40000	0	100	100	100000	100000	100000	100000	100000	100000	100000	100000	100001
0	7	G	40000	93945	6.055	1.013	6055	7358	0	0	0	7107	251	0	7360
0	7	A	40000	95622	4.378	0.708	4378	3670	0	0	0	3567	103	0	3671
0	7	B	40000	94994	5.006	1.318	5006	3688	0	0	0	3540	148	0	3689
1	0	G	40000	291	99.709	97.742	99709	2486	180	1	0	1608	173	524	2011
1	0	A	40000	1285	98.715	97.029	98715	1686	165	1	0	958	107	455	1267
1	0	B	40000	745	99.255	98.455	99255	800	15	0	0	650	66	69	744
1	0	cSpy was 27 spamed and the readout avoided!
1	1	G	40000	93109	6.891	1.046	6891	8148	0	0	0	7724	423	1	8150
1	1	A	40000	95358	4.642	0.608	4642	4034	0	0	0	3871	162	1	4035
1	1	B	40000	94402	5.598	1.484	5598	4114	0	0	0	3853	261	0	4115
1	2	G	40000	100000	0	0	0	0	0	0	0	0	0	0	2
1	2	A	40000	100000	0	0	0	0	0	0	0	0	0	0	1
1	2	B	40000	100000	0	0	0	0	0	0	0	0	0	0	1
1	3	G	40000	99252	0.748003	0.0395	748	1385	0	0	0	1384	0	1	1387
1	3	A	40000	99279	0.721002	0.037	721	684	0	0	0	683	0	1	685
1	3	B	40000	99257	0.743002	0.042	743	701	0	0	0	701	0	0	702
1	4	G	40000	0	100	100	100000	200000	200000	200000	200000	200000	200000	200000	200002
1	4	A	40000	0	100	100	100000	100000	100000	100000	100000	100000	100000	100000	100001
1	4	B	40000	0	100	100	100000	100000	100000	100000	100000	100000	100000	100000	100001
1	5	G	40000	39858	60.142	18.346	60142	44085	15	0	0	36974	7055	41	44056
1	5	A	40000	67496	32.504	6.516	32504	25988	0	0	0	21347	4606	35	25973
1	5	B	40000	51727	48.273	30.176	48273	18097	15	0	0	15627	2449	6	18083
1	6	G	40000	100000	0	0	0	0	0	0	0	0	0	0	2
1	6	A	40000	100000	0	0	0	0	0	0	0	0	0	0	1
1	6	B	40000	100000	0	0	0	0	0	0	0	0	0	0	1
1	7	G	40000	100000	0	0	0	0	0	0	0	0	0	0	2
1	7	A	40000	100000	0	0	0	0	0	0	0	0	0	0	1
1	7	B	40000	100000	0	0	0	0	0	0	0	0	0	0	1
2	0	G	40000	2236	97.764	48.524	97764	4104	45	0	0	3847	113	99	4002
2	0	A	40000	2281	97.719	95.368	97719	2351	45	0	0	2094	113	99	2248
2	0	B	40000	96567	3.433	1.68	3433	1753	0	0	0	1753	0	0	1754
2	0	cSpy was 1 spamed and the readout avoided!
2	1	G	40000	99977	0.0230014	0.0025	23	40	0	0	0	40	0	0	42
2	1	A	40000	99978	0.0220001	0.002	22	20	0	0	0	20	0	0	21
2	1	B	40000	99977	0.0230014	0.003	23	20	0	0	0	20	0	0	21
2	2	G	40000	27803	72.197	50.069	72197	26220	383	1	0	24133	1121	582	25918
2	2	A	40000	40425	59.575	48.023	59575	11552	226	1	0	10089	775	461	11332
2	2	B	40000	33217	66.783	52.115	66783	14668	157	0	0	14044	346	121	14586
2	3	G	40000	5138	94.862	75.5415	94862	23552	129	4	0	20448	2701	270	23326
2	3	A	40000	15816	84.184	69.275	84184	14909	8	0	0	12866	1888	147	14822
2	3	B	40000	9549	90.451	81.808	90451	8643	121	4	0	7582	813	123	8504
2	3	cSpy was 43 spamed and the readout avoided!
2	4	G	40000	100000	0	0	0	0	0	0	0	0	0	0	2
2	4	A	40000	100000	0	0	0	0	0	0	0	0	0	0	1
2	4	B	40000	100000	0	0	0	0	0	0	0	0	0	0	1
2	5	G	40000	100000	0	0	0	0	0	0	0	0	0	0	2
2	5	A	40000	100000	0	0	0	0	0	0	0	0	0	0	1
2	5	B	40000	100000	0	0	0	0	0	0	0	0	0	0	1
2	6	G	40000	63720	36.28	18.273	36280	22423	20	1	0	21860	409	133	22405
2	6	A	40000	72404	27.596	17.283	27596	10313	13	1	0	9817	352	130	10299
2	6	B	40000	68627	31.373	19.263	31373	12110	7	0	0	12043	57	3	12106
2	7	G	40000	0	100	100	100000	200000	200000	200000	200000	200000	200000	200000	200002
2	7	A	40000	0	100	100	100000	100000	100000	100000	100000	100000	100000	100000	100001
2	7	B	40000	0	100	100	100000	100000	100000	100000	100000	100000	100000	100000	100001
3	0	G	40000	1101	98.899	67.134	98899	17090	236	0	0	15864	354	636	16566
3	0	A	40000	1587	98.413	96.336	98413	2077	196	0	0	1215	43	623	1570
3	0	B	40000	47055	52.945	37.932	52945	15013	40	0	0	14649	311	13	14996
3	0	cSpy was 5 spamed and the readout avoided!
3	1	G	40000	0	100	100	100000	200000	200000	200000	200000	200000	200000	200000	200002
3	1	A	40000	0	100	100	100000	100000	100000	100000	100000	100000	100000	100000	100001
3	1	B	40000	0	100	100	100000	100000	100000	100000	100000	100000	100000	100000	100001
3	2	G	40000	0	100	100	100000	200000	200000	200000	200000	200000	200000	200000	200002
3	2	A	40000	0	100	100	100000	100000	100000	100000	100000	100000	100000	100000	100001
3	2	B	40000	0	100	100	100000	100000	100000	100000	100000	100000	100000	100000	100001
3	3	G	40000	100000	0	0	0	0	0	0	0	0	0	0	2
3	3	A	40000	100000	0	0	0	0	0	0	0	0	0	0	1
3	3	B	40000	100000	0	0	0	0	0	0	0	0	0	0	1
3	4	G	40000	87304	12.696	8.453	12696	6667	99	0	0	6478	14	76	6537
3	4	A	40000	88167	11.833	8.448	11833	3385	48	0	0	3284	0	53	3298
3	4	B	40000	88260	11.74	8.458	11740	3282	51	0	0	3194	14	23	3239
3	5	G	40000	0	100	100	100000	200000	200000	200000	200000	200000	200000	200000	200002
3	5	A	40000	0	100	100	100000	100000	100000	100000	100000	100000	100000	100000	100001
3	5	B	40000	0	100	100	100000	100000	100000	100000	100000	100000	100000	100000	100001
3	6	G	40000	39764	60.236	14.9885	60236	59757	10	6	0	54448	5248	45	59737
3	6	A	40000	55270	44.73	14.655	44730	30075	9	1	0	26022	4001	42	30061
3	6	B	40000	54996	45.004	15.322	45004	29682	1	5	0	28426	1247	3	29676
3	6	cSpy was 11 spamed and the readout avoided!
3	7	G	40000	100000	0	0	0	0	0	0	0	0	0	0	2
3	7	A	40000	100000	0	0	0	0	0	0	0	0	0	0	1
3	7	B	40000	100000	0	0	0	0	0	0	0	0	0	0	1
4	0	G	40000	0	100	100	100000	200000	200000	200000	200000	200000	200000	200000	200002
4	0	A	40000	0	100	100	100000	100000	100000	100000	100000	100000	100000	100000	100001
4	0	B	40000	0	100	100	100000	100000	100000	100000	100000	100000	100000	100000	100001
4	1	G	40000	100000	0	0	0	0	0	0	0	0	0	0	2
4	1	A	40000	100000	0	0	0	0	0	0	0	0	0	0	1
4	1	B	40000	100000	0	0	0	0	0	0	0	0	0	0	1
4	2	G	40000	100000	0	0	0	0	0	0	0	0	0	0	2
4	2	A	40000	100000	0	0	0	0	0	0	0	0	0	0	1
4	2	B	40000	100000	0	0	0	0	0	0	0	0	0	0	1
4	3	G	40000	28175	71.825	51.238	71825	33621	664	0	0	32332	124	501	32721
4	3	A	40000	31718	68.282	51.489	68282	16793	320	0	0	16122	0	351	16198
4	3	B	40000	32185	67.815	50.987	67815	16828	344	0	0	16210	124	150	16523
4	3	cSpy was 6 spamed and the readout avoided!
4	4	G	40000	2993	97.007	88.4745	97007	11627	379	19	0	9827	825	579	11039
4	4	A	40000	5461	94.539	88.849	94539	5690	201	10	0	4640	395	446	5287
4	4	B	40000	5963	94.037	88.1	94037	5937	178	9	0	5187	430	133	5752
4	4	cSpy was 67 spamed and the readout avoided!
4	5	G	40000	100000	0	0	0	0	0	0	0	0	0	0	2
4	5	A	40000	100000	0	0	0	0	0	0	0	0	0	0	1
4	5	B	40000	100000	0	0	0	0	0	0	0	0	0	0	1
4	6	G	40000	100000	0	0	0	0	0	0	0	0	0	0	2
4	6	A	40000	100000	0	0	0	0	0	0	0	0	0	0	1
4	6	B	40000	100000	0	0	0	0	0	0	0	0	0	0	1
4	7	G	40000	49224	50.776	29.6025	50776	32858	71	0	0	32686	7	94	32796
4	7	A	40000	54010	45.99	29.715	45990	16275	33	0	0	16149	7	86	16225
4	7	B	40000	53927	46.073	29.49	46073	16583	38	0	0	16537	0	8	16571
4	7	cSpy was 4 spamed and the readout avoided!
5	0	G	40000	512	99.488	57.211	99488	15160	146	0	0	14079	91	844	14616
5	0	A	40000	605	99.395	98.245	99395	1150	146	0	0	74	89	841	605
5	0	B	40000	69813	30.187	16.177	30187	14010	0	0	0	14005	2	3	14011
5	0	cSpy was 54 spamed and the readout avoided!
5	1	G	40000	84825	15.175	4.9585	15175	16746	0	0	0	16739	0	7	16745
5	1	A	40000	86600	13.4	5.13	13400	8270	0	0	0	8263	0	7	8268
5	1	B	40000	86737	13.263	4.787	13263	8476	0	0	0	8476	0	0	8477
5	2	G	40000	8	99.992	98.707	99992	1428	100	0	0	442	628	258	1158
5	2	A	40000	14	99.986	99.823	99986	163	0	0	0	0	1	162	14
5	2	B	40000	1144	98.856	97.591	98856	1265	100	0	0	442	627	96	1144
5	2	cSpy was 18 spamed and the readout avoided!
5	3	G	40000	94105	5.895	0.232	5895	10849	0	0	0	10431	416	2	10851
5	3	A	40000	94129	5.871	0.232	5871	5639	0	0	0	5246	391	2	5640
5	3	B	40000	94558	5.442	0.232	5442	5210	0	0	0	5185	25	0	5211
5	4	G	40000	100000	0	0	0	0	0	0	0	0	0	0	2
5	4	A	40000	100000	0	0	0	0	0	0	0	0	0	0	1
5	4	B	40000	100000	0	0	0	0	0	0	0	0	0	0	1
5	5	G	40000	99015	0.985003	0.0655	985	1789	0	0	0	1789	0	0	1791
5	5	A	40000	99029	0.971001	0.077	971	894	0	0	0	894	0	0	895
5	5	B	40000	99051	0.949001	0.054	949	895	0	0	0	895	0	0	896
5	6	G	40000	1567	98.433	94.5135	98433	5054	271	1	0	3672	927	183	4769
5	6	A	40000	1793	98.207	96.895	98207	1312	27	0	0	1219	0	66	1233
5	6	B	40000	4126	95.874	92.132	95874	3742	244	1	0	2453	927	117	3536
5	6	cSpy was 40 spamed and the readout avoided!
5	7	G	40000	20663	79.337	28.874	79337	64965	1	5	0	57268	7477	214	64865
5	7	A	40000	36988	63.012	31.914	63012	31098	0	5	0	26591	4291	211	31001
5	7	B	40000	40299	59.701	25.834	59701	33867	1	0	0	30677	3186	3	33864
5	7	cSpy was 4 spamed and the readout avoided!
6	0	G	40000	0	100	100	100000	200000	200000	200000	200000	200000	200000	200000	200002
6	0	A	40000	0	100	100	100000	100000	100000	100000	100000	100000	100000	100000	100001
6	0	B	40000	0	100	100	100000	100000	100000	100000	100000	100000	100000	100000	100001
6	1	G	40000	6370	93.63	74.151	93630	25567	109	7	0	22838	1813	800	25118
6	1	A	40000	12287	87.713	75.449	87713	12264	12	3	0	10693	815	741	11893
6	1	B	40000	13844	86.156	72.853	86156	13303	97	4	0	12145	998	59	13225
6	1	cSpy was 18 spamed and the readout avoided!
6	2	G	40000	100000	0	0	0	0	0	0	0	0	0	0	2
6	2	A	40000	100000	0	0	0	0	0	0	0	0	0	0	1
6	2	B	40000	100000	0	0	0	0	0	0	0	0	0	0	1
6	3	G	40000	99961	0.0389993	0.0045	39	66	0	0	0	65	1	0	68
6	3	A	40000	99962	0.037998	0.005	38	33	0	0	0	32	1	0	34
6	3	B	40000	99963	0.0370026	0.004	37	33	0	0	0	33	0	0	34
6	4	G	40000	20559	79.441	58.479	79441	34404	759	0	0	32915	157	573	33383
6	4	A	40000	24041	75.959	58.748	75959	17211	365	0	0	16442	0	404	16531
6	4	B	40000	24597	75.403	58.21	75403	17193	394	0	0	16473	157	169	16852
6	4	cSpy was 7 spamed and the readout avoided!
6	5	G	40000	2821	97.179	87.6615	97179	11960	231	1	0	10077	1095	556	11537
6	5	A	40000	5616	94.384	89.108	94384	5276	20	1	0	4309	536	410	5053
6	5	B	40000	7101	92.899	86.215	92899	6684	211	0	0	5768	559	146	6484
6	5	cSpy was 77 spamed and the readout avoided!
6	6	G	40000	100000	0	0	0	0	0	0	0	0	0	0	2
6	6	A	40000	100000	0	0	0	0	0	0	0	0	0	0	1
6	6	B	40000	100000	0	0	0	0	0	0	0	0	0	0	1
6	7	G	40000	100000	0	0	0	0	0	0	0	0	0	0	2
6	7	A	40000	100000	0	0	0	0	0	0	0	0	0	0	1
6	7	B	40000	100000	0	0	0	0	0	0	0	0	0	0	1
7	0	G	40000	2009	97.991	48.0005	97991	3695	193	0	0	2877	70	555	3207
7	0	A	40000	2030	97.97	95.468	97970	2502	193	0	0	1685	70	554	2013
7	0	B	40000	98274	1.726	0.533	1726	1193	0	0	0	1192	0	1	1194
7	0	cSpy was 2 spamed and the readout avoided!
7	1	G	40000	100000	0	0	0	0	0	0	0	0	0	0	2
7	1	A	40000	100000	0	0	0	0	0	0	0	0	0	0	1
7	1	B	40000	100000	0	0	0	0	0	0	0	0	0	0	1
7	2	G	40000	96572	3.428	1.093	3428	2962	5	6	0	2907	34	10	2963
7	2	A	40000	97331	2.669	1.202	2669	1467	5	6	0	1441	5	10	1467
7	2	B	40000	97521	2.479	0.984	2479	1495	0	0	0	1466	29	0	1496
7	2	cSpy was 1 spamed and the readout avoided!
7	3	G	40000	0	100	100	100000	200000	200000	200000	200000	200000	200000	200000	200002
7	3	A	40000	0	100	100	100000	100000	100000	100000	100000	100000	100000	100000	100001
7	3	B	40000	0	100	100	100000	100000	100000	100000	100000	100000	100000	100000	100001
7	4	G	40000	46731	53.269	32.572	53269	30471	21	1	0	27451	2875	123	30372
7	4	A	40000	50952	49.048	33.121	49048	15927	0	1	0	13778	2057	91	15868
7	4	B	40000	53433	46.567	32.023	46567	14544	21	0	0	13673	818	32	14504
7	4	cSpy was 4 spamed and the readout avoided!
7	5	G	40000	100000	0	0	0	0	0	0	0	0	0	0	2
7	5	A	40000	100000	0	0	0	0	0	0	0	0	0	0	1
7	5	B	40000	100000	0	0	0	0	0	0	0	0	0	0	1
7	6	G	40000	100000	0	0	0	0	0	0	0	0	0	0	2
7	6	A	40000	100000	0	0	0	0	0	0	0	0	0	0	1
7	6	B	40000	100000	0	0	0	0	0	0	0	0	0	0	1
7	7	G	40000	59187	40.813	15.8425	40813	36828	27	40	0	35963	592	206	36724
7	7	A	40000	64910	35.09	16.34	35090	18750	27	40	0	18236	242	205	18645
7	7	B	40000	66577	33.423	15.345	33423	18078	0	0	0	17727	350	1	18079
7	7	cSpy was 8 spamed and the readout avoided!
