#the gain was set to: 2	the bias was set to: 30
#Sent triggers per delay setting: 100000	and with a frequency [Hz] of: 40000
#160MHz delay setting	400MHz delay setting	Frequency	correct transmitted H+T		error rate [%]	uncertainty [%]	bad or missed events	error count	missing headers	missing trailers	flipped H/T	event nr errors	tbm missed trigger	unknown errors	event nr resets
0	0	G	40000	423	99.577	72.8325	99577	18863	128	0	0	17833	309	593	18355
0	0	A	40000	640	99.36	98.228	99360	1132	97	0	0	185	271	579	640
0	0	B	40000	34832	65.168	47.437	65168	17731	31	0	0	17648	38	14	17715
0	0	cSpy was 34 spamed and the readout avoided!
0	1	G	40000	29022	70.978	48.676	70978	28790	121	1	0	28117	66	485	28655
0	1	A	40000	39417	60.583	47.963	60583	12620	66	0	0	12093	26	435	12522
0	1	B	40000	34441	65.559	49.389	65559	16170	55	1	0	16024	40	50	16133
0	2	G	40000	2549	97.451	86.1715	97451	13716	132	2	0	11019	2164	399	13390
0	2	A	40000	5974	94.026	88.155	94026	5871	63	0	0	4385	1120	303	5645
0	2	B	40000	7967	92.033	84.188	92033	7845	69	2	0	6634	1044	96	7745
0	2	cSpy was 10 spamed and the readout avoided!
0	3	G	40000	84309	15.691	3.8335	15691	11911	0	0	0	10424	1486	1	11912
0	3	A	40000	92241	7.759	1.128	7759	6631	0	0	0	5656	974	1	6632
0	3	B	40000	88181	11.819	6.539	11819	5280	0	0	0	4768	512	0	5280
0	4	G	40000	100000	0	0	0	0	0	0	0	0	0	0	2
0	4	A	40000	100000	0	0	0	0	0	0	0	0	0	0	1
0	4	B	40000	100000	0	0	0	0	0	0	0	0	0	0	1
0	5	G	40000	73824	26.176	11.1065	26176	22918	3	0	0	22786	24	105	22898
0	5	A	40000	78300	21.7	10.88	21700	10820	2	0	0	10703	12	103	10800
0	5	B	40000	76569	23.431	11.333	23431	12098	1	0	0	12083	12	2	12098
0	6	G	40000	1569	98.431	92.991	98431	7112	395	15	0	5188	1213	301	6670
0	6	A	40000	4069	95.931	91.84	95931	4091	132	0	0	2942	838	179	3886
0	6	B	40000	2837	97.163	94.142	97163	3021	263	15	0	2246	375	122	2784
0	6	cSpy was 54 spamed and the readout avoided!
0	7	G	40000	71492	28.508	22.726	28508	8124	115	3	0	7073	832	101	7990
0	7	A	40000	73579	26.421	22.167	26421	4254	39	0	0	3617	535	63	4191
0	7	B	40000	72845	27.155	23.285	27155	3870	76	3	0	3456	297	38	3799
0	7	cSpy was 14 spamed and the readout avoided!
1	0	G	40000	0	100	100	100000	200000	200000	200000	200000	200000	200000	200000	200002
1	0	A	40000	0	100	100	100000	100000	100000	100000	100000	100000	100000	100000	100001
1	0	B	40000	0	100	100	100000	100000	100000	100000	100000	100000	100000	100000	100001
1	1	G	40000	94421	5.579	0.8945	5579	6750	0	0	0	6501	249	0	6752
1	1	A	40000	96053	3.947	0.588	3947	3359	0	0	0	3245	114	0	3360
1	1	B	40000	95408	4.592	1.201	4592	3391	0	0	0	3256	135	0	3392
1	2	G	40000	100000	0	0	0	0	0	0	0	0	0	0	2
1	2	A	40000	100000	0	0	0	0	0	0	0	0	0	0	1
1	2	B	40000	100000	0	0	0	0	0	0	0	0	0	0	1
1	3	G	40000	99292	0.708002	0.0515	708	1277	0	0	0	1276	0	1	1279
1	3	A	40000	99318	0.682002	0.049	682	633	0	0	0	632	0	1	634
1	3	B	40000	99302	0.698	0.054	698	644	0	0	0	644	0	0	645
1	4	G	40000	381	99.619	97.5785	99619	2549	99	0	0	830	1340	280	2292
1	4	A	40000	1395	98.605	97.106	98605	1499	49	0	0	402	947	101	1393
1	4	B	40000	899	99.101	98.051	99101	1050	50	0	0	428	393	179	899
1	4	cSpy was 5 spamed and the readout avoided!
1	5	G	40000	30023	69.977	19.882	69977	53115	1	0	0	46409	6697	8	53111
1	5	A	40000	62349	37.651	5.796	37651	31855	0	0	0	26891	4957	7	31852
1	5	B	40000	44772	55.228	33.968	55228	21260	1	0	0	19518	1740	1	21259
1	6	G	40000	100000	0	0	0	0	0	0	0	0	0	0	2
1	6	A	40000	100000	0	0	0	0	0	0	0	0	0	0	1
1	6	B	40000	100000	0	0	0	0	0	0	0	0	0	0	1
1	7	G	40000	98116	1.884	0.67	1884	1596	0	0	0	1580	13	3	1598
1	7	A	40000	98617	1.383	0.614	1383	769	0	0	0	756	10	3	770
1	7	B	40000	98447	1.553	0.726	1553	827	0	0	0	824	3	0	828
2	0	G	40000	2375	97.625	48.3325	97625	4102	45	1	0	3869	109	78	4020
2	0	A	40000	2409	97.591	95.128	97591	2463	45	1	0	2231	108	78	2380
2	0	B	40000	96824	3.176	1.537	3176	1639	0	0	0	1638	1	0	1640
2	1	G	40000	100000	0	0	0	0	0	0	0	0	0	0	2
2	1	A	40000	100000	0	0	0	0	0	0	0	0	0	0	1
2	1	B	40000	100000	0	0	0	0	0	0	0	0	0	0	1
2	2	G	40000	33440	66.56	42.871	66560	28334	379	4	0	26066	1355	530	27972
2	2	A	40000	46304	53.696	40.466	53696	13230	196	3	0	11324	1326	381	13011
2	2	B	40000	39620	60.38	45.276	60380	15104	183	1	0	14742	29	149	14961
2	3	G	40000	5270	94.73	73.5135	94730	25690	49	1	0	22037	3514	89	25612
2	3	A	40000	17420	82.58	66.177	82580	16403	3	0	0	13819	2512	69	16363
2	3	B	40000	9863	90.137	80.85	90137	9287	46	1	0	8218	1002	20	9249
2	3	cSpy was 9 spamed and the readout avoided!
2	4	G	40000	100000	0	0	0	0	0	0	0	0	0	0	2
2	4	A	40000	100000	0	0	0	0	0	0	0	0	0	0	1
2	4	B	40000	100000	0	0	0	0	0	0	0	0	0	0	1
2	5	G	40000	100000	0	0	0	0	0	0	0	0	0	0	2
2	5	A	40000	100000	0	0	0	0	0	0	0	0	0	0	1
2	5	B	40000	100000	0	0	0	0	0	0	0	0	0	0	1
2	6	G	40000	39921	60.079	30.4475	60079	34858	16	0	0	33301	1297	244	34813
2	6	A	40000	55198	44.802	27.977	44802	16825	7	0	0	15445	1133	240	16784
2	6	B	40000	49049	50.951	32.918	50951	18033	9	0	0	17856	164	4	18029
2	7	G	40000	0	100	100	100000	200000	200000	200000	200000	200000	200000	200000	200002
2	7	A	40000	0	100	100	100000	100000	100000	100000	100000	100000	100000	100000	100001
2	7	B	40000	0	100	100	100000	100000	100000	100000	100000	100000	100000	100000	100001
3	0	G	40000	812	99.188	76.27	99188	19176	271	5	0	17796	436	668	18589
3	0	A	40000	1464	98.536	96.546	98536	1990	207	0	0	1121	24	638	1450
3	0	B	40000	26820	73.18	55.994	73180	17186	64	5	0	16675	412	30	17139
3	0	cSpy was 16 spamed and the readout avoided!
3	1	G	40000	0	100	100	100000	200000	200000	200000	200000	200000	200000	200000	200002
3	1	A	40000	0	100	100	100000	100000	100000	100000	100000	100000	100000	100000	100001
3	1	B	40000	0	100	100	100000	100000	100000	100000	100000	100000	100000	100000	100001
3	2	G	40000	97684	2.316	0.049	2316	4518	0	0	0	4510	8	0	4520
3	2	A	40000	97684	2.316	0.049	2316	2267	0	0	0	2259	8	0	2268
3	2	B	40000	97700	2.3	0.049	2300	2251	0	0	0	2251	0	0	2252
3	3	G	40000	100000	0	0	0	0	0	0	0	0	0	0	2
3	3	A	40000	100000	0	0	0	0	0	0	0	0	0	0	1
3	3	B	40000	100000	0	0	0	0	0	0	0	0	0	0	1
3	4	G	40000	97761	2.239	0.292	2239	3802	0	0	0	3801	1	0	3804
3	4	A	40000	97821	2.179	0.277	2179	1902	0	0	0	1901	1	0	1903
3	4	B	40000	97793	2.207	0.307	2207	1900	0	0	0	1900	0	0	1901
3	5	G	40000	0	100	100	100000	200000	200000	200000	200000	200000	200000	200000	200002
3	5	A	40000	0	100	100	100000	100000	100000	100000	100000	100000	100000	100000	100001
3	5	B	40000	0	100	100	100000	100000	100000	100000	100000	100000	100000	100000	100001
3	6	G	40000	34885	65.115	22.5135	65115	56073	18	6	0	50784	5143	122	56002
3	6	A	40000	49398	50.602	22.432	50602	28170	10	0	0	24396	3653	111	28114
3	6	B	40000	49502	50.498	22.595	50498	27903	8	6	0	26388	1490	11	27888
3	6	cSpy was 14 spamed and the readout avoided!
3	7	G	40000	100000	0	0	0	0	0	0	0	0	0	0	2
3	7	A	40000	100000	0	0	0	0	0	0	0	0	0	0	1
3	7	B	40000	100000	0	0	0	0	0	0	0	0	0	0	1
4	0	G	40000	864	99.136	78.111	99136	17008	186	3	0	14582	2015	222	16753
4	0	A	40000	1564	98.436	96.711	98436	1725	68	1	0	1107	364	185	1562
4	0	B	40000	25206	74.794	59.511	74794	15283	118	2	0	13475	1651	37	15191
4	0	cSpy was 24 spamed and the readout avoided!
4	1	G	40000	100000	0	0	0	0	0	0	0	0	0	0	2
4	1	A	40000	100000	0	0	0	0	0	0	0	0	0	0	1
4	1	B	40000	100000	0	0	0	0	0	0	0	0	0	0	1
4	2	G	40000	99999	0.00100136	0	1	2	0	0	0	2	0	0	4
4	2	A	40000	99999	0.00100136	0	1	1	0	0	0	1	0	0	2
4	2	B	40000	99999	0.00100136	0	1	1	0	0	0	1	0	0	2
4	3	G	40000	28489	71.511	50.5215	71511	34128	643	0	0	32894	109	482	33272
4	3	A	40000	32181	67.819	50.77	67819	17049	312	0	0	16395	0	342	16475
4	3	B	40000	32648	67.352	50.273	67352	17079	331	0	0	16499	109	140	16797
4	3	cSpy was 7 spamed and the readout avoided!
4	4	G	40000	2168	97.832	91.502	97832	8680	396	18	2	7172	569	526	8115
4	4	A	40000	3920	96.08	91.87	96080	4210	199	12	2	3320	271	408	3836
4	4	B	40000	4396	95.604	91.134	95604	4470	197	6	0	3852	298	118	4279
4	4	cSpy was 69 spamed and the readout avoided!
4	5	G	40000	99117	0.883001	0.053	883	1653	0	0	0	1652	1	0	1655
4	5	A	40000	99118	0.882	0.053	882	829	0	0	0	829	0	0	830
4	5	B	40000	99123	0.876999	0.053	877	824	0	0	0	823	1	0	825
4	6	G	40000	100000	0	0	0	0	0	0	0	0	0	0	2
4	6	A	40000	100000	0	0	0	0	0	0	0	0	0	0	1
4	6	B	40000	100000	0	0	0	0	0	0	0	0	0	0	1
4	7	G	40000	42507	57.493	36.163	57493	32388	136	2	0	32106	5	139	32255
4	7	A	40000	47643	52.357	36.271	52357	16086	64	2	0	15898	5	117	15987
4	7	B	40000	47643	52.357	36.055	52357	16302	72	0	0	16208	0	22	16268
4	7	cSpy was 3 spamed and the readout avoided!
5	0	G	40000	508	99.492	57.272	99492	15154	135	0	0	14077	111	831	14617
5	0	A	40000	609	99.391	98.244	99391	1147	135	0	0	84	97	831	609
5	0	B	40000	69693	30.307	16.3	30307	14007	0	0	0	13993	14	0	14008
5	0	cSpy was 55 spamed and the readout avoided!
5	1	G	40000	79302	20.698	7.6905	20698	20942	3	0	0	20911	5	23	20937
5	1	A	40000	81779	18.221	7.885	18221	10336	1	0	0	10310	5	20	10333
5	1	B	40000	81898	18.102	7.496	18102	10606	2	0	0	10601	0	3	10604
5	1	cSpy was 1 spamed and the readout avoided!
5	2	G	40000	11	99.989	98.9055	99989	1250	47	0	0	396	475	332	939
5	2	A	40000	21	99.979	99.768	99979	211	0	0	0	2	3	206	21
5	2	B	40000	918	99.082	98.043	99082	1039	47	0	0	394	472	126	918
5	2	cSpy was 22 spamed and the readout avoided!
5	3	G	40000	95066	4.934	0.125	4934	9309	0	0	0	9041	265	3	9311
5	3	A	40000	95079	4.921	0.125	4921	4796	0	0	0	4542	251	3	4797
5	3	B	40000	95362	4.638	0.125	4638	4513	0	0	0	4499	14	0	4514
5	4	G	40000	100000	0	0	0	0	0	0	0	0	0	0	2
5	4	A	40000	100000	0	0	0	0	0	0	0	0	0	0	1
5	4	B	40000	100000	0	0	0	0	0	0	0	0	0	0	1
5	5	G	40000	98147	1.853	0.1555	1853	3258	0	0	0	3258	0	0	3260
5	5	A	40000	98197	1.803	0.176	1803	1627	0	0	0	1627	0	0	1628
5	5	B	40000	98234	1.766	0.135	1766	1631	0	0	0	1631	0	0	1632
5	6	G	40000	42	99.958	98.0625	99958	2079	208	0	0	1231	355	285	1774
5	6	A	40000	106	99.894	99.675	99894	219	1	0	0	33	15	170	105
5	6	B	40000	1690	98.31	96.45	98310	1860	207	0	0	1198	340	115	1669
5	6	cSpy was 69 spamed and the readout avoided!
5	7	G	40000	18027	81.973	33.4535	81973	62622	2	0	0	55203	7186	231	62517
5	7	A	40000	33372	66.628	36.896	66628	29732	0	0	0	25417	4090	225	29632
5	7	B	40000	37099	62.901	30.011	62901	32890	2	0	0	29786	3096	6	32885
5	7	cSpy was 5 spamed and the readout avoided!
6	0	G	40000	361	99.639	97.392	99639	2871	303	0	0	1301	720	547	2335
6	0	A	40000	833	99.167	97.936	99167	1231	166	0	0	278	353	434	833
6	0	B	40000	1512	98.488	96.848	98488	1640	137	0	0	1023	367	113	1502
6	0	cSpy was 98 spamed and the readout avoided!
6	1	G	40000	9758	90.242	61.767	90242	37204	36	1	0	33078	3501	588	36861
6	1	A	40000	18508	81.492	63.677	81492	17815	21	1	0	15365	1857	571	17488
6	1	B	40000	20754	79.246	59.857	79246	19389	15	0	0	17713	1644	17	19373
6	1	cSpy was 77 spamed and the readout avoided!
6	2	G	40000	100000	0	0	0	0	0	0	0	0	0	0	2
6	2	A	40000	100000	0	0	0	0	0	0	0	0	0	0	1
6	2	B	40000	100000	0	0	0	0	0	0	0	0	0	0	1
6	3	G	40000	100000	0	0	0	0	0	0	0	0	0	0	2
6	3	A	40000	100000	0	0	0	0	0	0	0	0	0	0	1
6	3	B	40000	100000	0	0	0	0	0	0	0	0	0	0	1
6	4	G	40000	33832	66.168	47.5135	66168	30761	644	0	0	29507	130	480	29900
6	4	A	40000	36865	63.135	47.766	63135	15369	311	0	0	14721	0	337	14802
6	4	B	40000	37347	62.653	47.261	62653	15392	333	0	0	14786	130	143	15098
6	4	cSpy was 7 spamed and the readout avoided!
6	5	G	40000	1237	98.763	93.3145	98763	6834	216	1	0	5622	359	637	6375
6	5	A	40000	3000	97	93.772	97000	3228	26	0	0	2531	149	523	2939
6	5	B	40000	3537	96.463	92.857	96463	3606	190	1	0	3091	210	114	3436
6	5	cSpy was 59 spamed and the readout avoided!
6	6	G	40000	87821	12.179	2.6855	12179	13562	0	0	0	12291	1249	22	13554
6	6	A	40000	90049	9.951	2.789	9951	7162	0	0	0	6201	939	22	7154
6	6	B	40000	91018	8.982	2.582	8982	6400	0	0	0	6090	310	0	6400
6	7	G	40000	100000	0	0	0	0	0	0	0	0	0	0	2
6	7	A	40000	100000	0	0	0	0	0	0	0	0	0	0	1
6	7	B	40000	100000	0	0	0	0	0	0	0	0	0	0	1
7	0	G	40000	2047	97.953	47.949	97953	3562	206	0	0	2737	64	555	3094
7	0	A	40000	2073	97.927	95.404	97927	2523	206	0	0	1698	64	555	2054
7	0	B	40000	98467	1.533	0.494	1533	1039	0	0	0	1039	0	0	1040
7	1	G	40000	100000	0	0	0	0	0	0	0	0	0	0	2
7	1	A	40000	100000	0	0	0	0	0	0	0	0	0	0	1
7	1	B	40000	100000	0	0	0	0	0	0	0	0	0	0	1
7	2	G	40000	99219	0.781	0.0395	781	1457	0	0	0	1452	5	0	1459
7	2	A	40000	99227	0.773001	0.044	773	729	0	0	0	725	4	0	730
7	2	B	40000	99237	0.762999	0.035	763	728	0	0	0	727	1	0	729
7	3	G	40000	0	100	100	100000	200000	200000	200000	200000	200000	200000	200000	200002
7	3	A	40000	0	100	100	100000	100000	100000	100000	100000	100000	100000	100000	100001
7	3	B	40000	0	100	100	100000	100000	100000	100000	100000	100000	100000	100000	100001
7	4	G	40000	68609	31.391	7.368	31391	37821	1	1	0	34168	3580	71	37805
7	4	A	40000	72011	27.989	7.475	27989	20514	1	1	0	17578	2864	70	20497
7	4	B	40000	75432	24.568	7.261	24568	17307	0	0	0	16590	716	1	17308
7	5	G	40000	100000	0	0	0	0	0	0	0	0	0	0	2
7	5	A	40000	100000	0	0	0	0	0	0	0	0	0	0	1
7	5	B	40000	100000	0	0	0	0	0	0	0	0	0	0	1
7	6	G	40000	99999	0.00100136	0	1	2	0	0	0	2	0	0	4
7	6	A	40000	99999	0.00100136	0	1	1	0	0	0	1	0	0	2
7	6	B	40000	99999	0.00100136	0	1	1	0	0	0	1	0	0	2
7	7	G	40000	59678	40.322	15.2455	40322	35790	53	83	0	34920	568	166	35690
7	7	A	40000	65907	34.093	15.825	34093	18268	53	83	0	17751	215	166	18167
7	7	B	40000	67812	32.188	14.666	32188	17522	0	0	0	17169	353	0	17523
7	7	cSpy was 8 spamed and the readout avoided!
