#the gain was set to: 2	the bias was set to: 30
#Sent triggers per delay setting: 100000	and with a frequency [Hz] of: 40000
#160MHz delay setting	400MHz delay setting	Frequency	correct transmitted H+T		error rate [%]	uncertainty [%]	bad or missed events	error count	missing headers	missing trailers	flipped H/T	event nr errors	tbm missed trigger	unknown errors	event nr resets
0	0	G	40000	425	99.575	72.3785	99575	18931	113	0	0	17918	312	588	18433
0	0	A	40000	630	99.37	98.249	99370	1121	93	0	0	160	286	582	630
0	0	B	40000	35682	64.318	46.508	64318	17810	20	0	0	17758	26	6	17803
0	0	cSpy was 30 spamed and the readout avoided!
0	1	G	40000	42724	57.276	40.558	57276	22525	171	0	0	21692	259	403	22390
0	1	A	40000	50142	49.858	40.099	49858	9759	95	0	0	9318	9	337	9659
0	1	B	40000	46217	53.783	41.017	53783	12766	76	0	0	12374	250	66	12731
0	2	G	40000	3566	96.434	83.1885	96434	16604	70	1	0	14312	1856	365	16371
0	2	A	40000	7007	92.993	86.092	92993	6901	38	0	0	5509	1004	350	6690
0	2	B	40000	10012	89.988	80.285	89988	9703	32	1	0	8803	852	15	9681
0	2	cSpy was 2 spamed and the readout avoided!
0	3	G	40000	100000	0	0	0	0	0	0	0	0	0	0	2
0	3	A	40000	100000	0	0	0	0	0	0	0	0	0	0	1
0	3	B	40000	100000	0	0	0	0	0	0	0	0	0	0	1
0	4	G	40000	100000	0	0	0	0	0	0	0	0	0	0	2
0	4	A	40000	100000	0	0	0	0	0	0	0	0	0	0	1
0	4	B	40000	100000	0	0	0	0	0	0	0	0	0	0	1
0	5	G	40000	50270	49.73	28.181	49730	30883	14	0	0	30561	84	224	30857
0	5	A	40000	58165	41.835	27.783	41835	14052	8	0	0	13791	33	220	14028
0	5	B	40000	54590	45.41	28.579	45410	16831	6	0	0	16770	51	4	16829
0	6	G	40000	984	99.016	94.886	99016	5325	368	7	0	3295	1206	449	4768
0	6	A	40000	3005	96.995	93.889	96995	3106	110	0	0	1886	932	178	2902
0	6	B	40000	1898	98.102	95.883	98102	2219	258	7	0	1409	274	271	1866
0	6	cSpy was 53 spamed and the readout avoided!
0	7	G	40000	97628	2.372	0.1775	2372	4145	0	0	0	4109	36	0	4147
0	7	A	40000	97782	2.218	0.142	2218	2076	0	0	0	2058	18	0	2077
0	7	B	40000	97718	2.282	0.213	2282	2069	0	0	0	2051	18	0	2070
1	0	G	40000	324	99.676	97.4735	99676	2755	186	0	0	1850	184	535	2273
1	0	A	40000	1478	98.522	96.643	98522	1879	162	0	0	1133	115	469	1455
1	0	B	40000	820	99.18	98.304	99180	876	24	0	0	717	69	66	818
1	0	cSpy was 20 spamed and the readout avoided!
1	1	G	40000	97184	2.816	0.4745	2816	4259	0	0	0	4211	48	0	4261
1	1	A	40000	97464	2.536	0.416	2536	2120	0	0	0	2098	22	0	2121
1	1	B	40000	97328	2.672	0.533	2672	2139	0	0	0	2113	26	0	2140
1	2	G	40000	100000	0	0	0	0	0	0	0	0	0	0	2
1	2	A	40000	100000	0	0	0	0	0	0	0	0	0	0	1
1	2	B	40000	100000	0	0	0	0	0	0	0	0	0	0	1
1	3	G	40000	92127	7.873	3.6775	7873	5728	2	0	0	5566	131	29	5723
1	3	A	40000	93850	6.15	3.388	6150	2762	1	0	0	2613	120	28	2758
1	3	B	40000	93067	6.933	3.967	6933	2966	1	0	0	2953	11	1	2965
1	4	G	40000	0	100	100	100000	200000	200000	200000	200000	200000	200000	200000	200002
1	4	A	40000	0	100	100	100000	100000	100000	100000	100000	100000	100000	100000	100001
1	4	B	40000	0	100	100	100000	100000	100000	100000	100000	100000	100000	100000	100001
1	5	G	40000	50938	49.062	12.02	49062	37356	0	0	0	32741	4613	2	37358
1	5	A	40000	75642	24.358	3.387	24358	20971	0	0	0	17959	3010	2	20972
1	5	B	40000	62962	37.038	20.653	37038	16385	0	0	0	14782	1603	0	16386
1	6	G	40000	100000	0	0	0	0	0	0	0	0	0	0	2
1	6	A	40000	100000	0	0	0	0	0	0	0	0	0	0	1
1	6	B	40000	100000	0	0	0	0	0	0	0	0	0	0	1
1	7	G	40000	100000	0	0	0	0	0	0	0	0	0	0	2
1	7	A	40000	100000	0	0	0	0	0	0	0	0	0	0	1
1	7	B	40000	100000	0	0	0	0	0	0	0	0	0	0	1
2	0	G	40000	2229	97.771	48.583	97771	4171	47	0	0	3950	102	72	4088
2	0	A	40000	2277	97.723	95.397	97723	2326	47	0	0	2105	102	72	2242
2	0	B	40000	96386	3.614	1.769	3614	1845	0	0	0	1845	0	0	1846
2	1	G	40000	100000	0	0	0	0	0	0	0	0	0	0	2
2	1	A	40000	100000	0	0	0	0	0	0	0	0	0	0	1
2	1	B	40000	100000	0	0	0	0	0	0	0	0	0	0	1
2	2	G	40000	24146	75.854	52.3585	75854	28212	736	10	0	25211	1513	742	27503
2	2	A	40000	37178	62.822	49.806	62822	13016	378	4	0	10655	1493	486	12615
2	2	B	40000	29893	70.107	54.911	70107	15196	358	6	0	14556	20	256	14888
2	3	G	40000	0	100	100	100000	200000	200000	200000	200000	200000	200000	200000	200002
2	3	A	40000	0	100	100	100000	100000	100000	100000	100000	100000	100000	100000	100001
2	3	B	40000	0	100	100	100000	100000	100000	100000	100000	100000	100000	100000	100001
2	4	G	40000	100000	0	0	0	0	0	0	0	0	0	0	2
2	4	A	40000	100000	0	0	0	0	0	0	0	0	0	0	1
2	4	B	40000	100000	0	0	0	0	0	0	0	0	0	0	1
2	5	G	40000	99965	0.0349998	0	35	70	0	0	0	70	0	0	72
2	5	A	40000	99965	0.0349998	0	35	35	0	0	0	35	0	0	36
2	5	B	40000	99965	0.0349998	0	35	35	0	0	0	35	0	0	36
2	6	G	40000	41525	58.475	30.382	58475	33360	29	0	0	31867	1232	232	33316
2	6	A	40000	55906	44.094	28.009	44094	16085	17	0	0	14758	1087	223	16047
2	6	B	40000	49970	50.03	32.755	50030	17275	12	0	0	17109	145	9	17269
2	7	G	40000	0	100	100	100000	200000	200000	200000	200000	200000	200000	200000	200002
2	7	A	40000	0	100	100	100000	100000	100000	100000	100000	100000	100000	100000	100001
2	7	B	40000	0	100	100	100000	100000	100000	100000	100000	100000	100000	100000	100001
3	0	G	40000	1037	98.963	68.54	98963	21190	224	1	0	19892	439	634	20667
3	0	A	40000	1608	98.392	96.284	98392	2108	197	0	0	1261	24	626	1595
3	0	B	40000	40122	59.878	40.796	59878	19082	27	1	0	18631	415	8	19072
3	0	cSpy was 56 spamed and the readout avoided!
3	1	G	40000	0	100	100	100000	200000	200000	200000	200000	200000	200000	200000	200002
3	1	A	40000	0	100	100	100000	100000	100000	100000	100000	100000	100000	100000	100001
3	1	B	40000	0	100	100	100000	100000	100000	100000	100000	100000	100000	100000	100001
3	2	G	40000	97908	2.092	0.041	2092	4092	0	0	0	4086	6	0	4094
3	2	A	40000	97908	2.092	0.041	2092	2051	0	0	0	2045	6	0	2052
3	2	B	40000	97918	2.082	0.041	2082	2041	0	0	0	2041	0	0	2042
3	3	G	40000	100000	0	0	0	0	0	0	0	0	0	0	2
3	3	A	40000	100000	0	0	0	0	0	0	0	0	0	0	1
3	3	B	40000	100000	0	0	0	0	0	0	0	0	0	0	1
3	4	G	40000	95714	4.286	0.542	4286	7164	0	0	0	7160	4	0	7166
3	4	A	40000	95905	4.095	0.504	4095	3591	0	0	0	3587	4	0	3592
3	4	B	40000	95847	4.153	0.58	4153	3573	0	0	0	3573	0	0	3574
3	5	G	40000	0	100	100	100000	200000	200000	200000	200000	200000	200000	200000	200002
3	5	A	40000	0	100	100	100000	100000	100000	100000	100000	100000	100000	100000	100001
3	5	B	40000	0	100	100	100000	100000	100000	100000	100000	100000	100000	100000	100001
3	6	G	40000	47039	52.961	13.0775	52961	54333	12	6	0	49886	4391	38	54318
3	6	A	40000	59544	40.456	12.772	40456	27684	8	0	0	24074	3573	29	27676
3	6	B	40000	59968	40.032	13.383	40032	26649	4	6	0	25812	818	9	26642
3	6	cSpy was 8 spamed and the readout avoided!
3	7	G	40000	100000	0	0	0	0	0	0	0	0	0	0	2
3	7	A	40000	100000	0	0	0	0	0	0	0	0	0	0	1
3	7	B	40000	100000	0	0	0	0	0	0	0	0	0	0	1
4	0	G	40000	0	100	100	100000	200000	200000	200000	200000	200000	200000	200000	200002
4	0	A	40000	0	100	100	100000	100000	100000	100000	100000	100000	100000	100000	100001
4	0	B	40000	0	100	100	100000	100000	100000	100000	100000	100000	100000	100000	100001
4	1	G	40000	100000	0	0	0	0	0	0	0	0	0	0	2
4	1	A	40000	100000	0	0	0	0	0	0	0	0	0	0	1
4	1	B	40000	100000	0	0	0	0	0	0	0	0	0	0	1
4	2	G	40000	100000	0	0	0	0	0	0	0	0	0	0	2
4	2	A	40000	100000	0	0	0	0	0	0	0	0	0	0	1
4	2	B	40000	100000	0	0	0	0	0	0	0	0	0	0	1
4	3	G	40000	25604	74.396	52.855	74396	34611	704	0	0	33280	105	522	33696
4	3	A	40000	29598	70.402	53.09	70402	17312	340	0	0	16594	0	378	16691
4	3	B	40000	30081	69.919	52.62	69919	17299	364	0	0	16686	105	144	17005
4	3	cSpy was 7 spamed and the readout avoided!
4	4	G	40000	2707	97.293	89.5325	97293	10610	368	19	2	8990	709	523	10058
4	4	A	40000	4844	95.156	90.015	95156	5141	201	12	1	4156	351	421	4744
4	4	B	40000	5481	94.519	89.05	94519	5469	167	7	1	4834	358	102	5314
4	4	cSpy was 62 spamed and the readout avoided!
4	5	G	40000	100000	0	0	0	0	0	0	0	0	0	0	2
4	5	A	40000	100000	0	0	0	0	0	0	0	0	0	0	1
4	5	B	40000	100000	0	0	0	0	0	0	0	0	0	0	1
4	6	G	40000	100000	0	0	0	0	0	0	0	0	0	0	2
4	6	A	40000	100000	0	0	0	0	0	0	0	0	0	0	1
4	6	B	40000	100000	0	0	0	0	0	0	0	0	0	0	1
4	7	G	40000	42008	57.992	36.0125	57992	34130	103	0	0	33872	8	147	34011
4	7	A	40000	46932	53.068	36.131	53068	16937	49	0	0	16755	8	125	16840
4	7	B	40000	46913	53.087	35.894	53087	17193	54	0	0	17117	0	22	17171
4	7	cSpy was 5 spamed and the readout avoided!
5	0	G	40000	512	99.488	56.6685	99488	14668	138	0	0	13570	123	837	14129
5	0	A	40000	634	99.366	98.192	99366	1174	138	0	0	87	112	837	634
5	0	B	40000	71361	28.639	15.145	28639	13494	0	0	0	13483	11	0	13495
5	0	cSpy was 63 spamed and the readout avoided!
5	1	G	40000	77983	22.017	8.2245	22017	21942	6	3	0	21901	4	28	21938
5	1	A	40000	80751	19.249	8.444	19249	10805	2	3	0	10768	4	28	10801
5	1	B	40000	80858	19.142	8.005	19142	11137	4	0	0	11133	0	0	11137
5	2	G	40000	5	99.995	98.9315	99995	1235	46	0	0	412	411	366	902
5	2	A	40000	17	99.983	99.74	99983	243	0	0	0	0	1	242	17
5	2	B	40000	885	99.115	98.123	99115	992	46	0	0	412	410	124	885
5	2	cSpy was 15 spamed and the readout avoided!
5	3	G	40000	95141	4.859	0.121	4859	9239	0	0	0	9034	205	0	9241
5	3	A	40000	95149	4.851	0.121	4851	4730	0	0	0	4532	198	0	4731
5	3	B	40000	95370	4.63	0.121	4630	4509	0	0	0	4502	7	0	4510
5	4	G	40000	100000	0	0	0	0	0	0	0	0	0	0	2
5	4	A	40000	100000	0	0	0	0	0	0	0	0	0	0	1
5	4	B	40000	100000	0	0	0	0	0	0	0	0	0	0	1
5	5	G	40000	97807	2.193	0.2465	2193	3705	0	0	0	3705	0	0	3707
5	5	A	40000	97869	2.131	0.281	2131	1850	0	0	0	1850	0	0	1851
5	5	B	40000	97933	2.067	0.212	2067	1855	0	0	0	1855	0	0	1856
5	6	G	40000	0	100	100	100000	200000	200000	200000	200000	200000	200000	200000	200002
5	6	A	40000	0	100	100	100000	100000	100000	100000	100000	100000	100000	100000	100001
5	6	B	40000	0	100	100	100000	100000	100000	100000	100000	100000	100000	100000	100001
5	7	G	40000	18985	81.015	33.4485	81015	61157	0	0	0	53852	7125	180	61066
5	7	A	40000	34365	65.635	36.437	65635	29198	0	0	0	24931	4090	177	29108
5	7	B	40000	37581	62.419	30.46	62419	31959	0	0	0	28921	3035	3	31958
5	7	cSpy was 3 spamed and the readout avoided!
6	0	G	40000	407	99.593	97.1275	99593	3159	330	2	0	1519	745	563	2580
6	0	A	40000	947	99.053	97.679	99053	1374	174	0	0	258	467	475	947
6	0	B	40000	1639	98.361	96.576	98361	1785	156	2	0	1261	278	88	1633
6	0	cSpy was 73 spamed and the readout avoided!
6	1	G	40000	10823	89.177	57.437	89177	41080	40	1	0	36459	4036	544	40773
6	1	A	40000	20836	79.164	59.459	79164	19705	28	0	0	16954	2204	519	19413
6	1	B	40000	23210	76.79	55.415	76790	21375	12	1	0	19505	1832	25	21360
6	1	cSpy was 75 spamed and the readout avoided!
6	2	G	40000	100000	0	0	0	0	0	0	0	0	0	0	2
6	2	A	40000	100000	0	0	0	0	0	0	0	0	0	0	1
6	2	B	40000	100000	0	0	0	0	0	0	0	0	0	0	1
6	3	G	40000	100000	0	0	0	0	0	0	0	0	0	0	2
6	3	A	40000	100000	0	0	0	0	0	0	0	0	0	0	1
6	3	B	40000	100000	0	0	0	0	0	0	0	0	0	0	1
6	4	G	40000	35126	64.874	45.834	64874	31289	612	0	0	30107	115	455	30471
6	4	A	40000	38285	61.715	46.091	61715	15624	295	0	0	15006	0	323	15074
6	4	B	40000	38758	61.242	45.577	61242	15665	317	0	0	15101	115	132	15397
6	4	cSpy was 7 spamed and the readout avoided!
6	5	G	40000	0	100	100	100000	200000	200000	200000	200000	200000	200000	200000	200002
6	5	A	40000	0	100	100	100000	100000	100000	100000	100000	100000	100000	100000	100001
6	5	B	40000	0	100	100	100000	100000	100000	100000	100000	100000	100000	100000	100001
6	6	G	40000	100000	0	0	0	0	0	0	0	0	0	0	2
6	6	A	40000	100000	0	0	0	0	0	0	0	0	0	0	1
6	6	B	40000	100000	0	0	0	0	0	0	0	0	0	0	1
6	7	G	40000	100000	0	0	0	0	0	0	0	0	0	0	2
6	7	A	40000	100000	0	0	0	0	0	0	0	0	0	0	1
6	7	B	40000	100000	0	0	0	0	0	0	0	0	0	0	1
7	0	G	40000	1968	98.032	50.5495	98032	12080	208	1	0	10883	474	514	11609
7	0	A	40000	2307	97.693	94.942	97693	2751	207	1	0	1917	113	513	2279
7	0	B	40000	84514	15.486	6.157	15486	9329	1	0	0	8966	361	1	9330
7	0	cSpy was 1 spamed and the readout avoided!
7	1	G	40000	100000	0	0	0	0	0	0	0	0	0	0	2
7	1	A	40000	100000	0	0	0	0	0	0	0	0	0	0	1
7	1	B	40000	100000	0	0	0	0	0	0	0	0	0	0	1
7	2	G	40000	98886	1.114	0.069	1114	2007	0	0	0	1995	11	1	2009
7	2	A	40000	98913	1.087	0.083	1087	1004	0	0	0	995	8	1	1005
7	2	B	40000	98942	1.058	0.055	1058	1003	0	0	0	1000	3	0	1004
7	3	G	40000	0	100	100	100000	200000	200000	200000	200000	200000	200000	200000	200002
7	3	A	40000	0	100	100	100000	100000	100000	100000	100000	100000	100000	100000	100001
7	3	B	40000	0	100	100	100000	100000	100000	100000	100000	100000	100000	100000	100001
7	4	G	40000	70265	29.735	6.9025	29735	37508	0	0	0	33840	3602	66	37488
7	4	A	40000	72481	27.519	6.962	27519	20557	0	0	0	17537	2954	66	20537
7	4	B	40000	76206	23.794	6.843	23794	16951	0	0	0	16303	648	0	16951
7	5	G	40000	100000	0	0	0	0	0	0	0	0	0	0	2
7	5	A	40000	100000	0	0	0	0	0	0	0	0	0	0	1
7	5	B	40000	100000	0	0	0	0	0	0	0	0	0	0	1
7	6	G	40000	96629	3.371	0.9555	3371	3066	4	6	0	3030	19	7	3065
7	6	A	40000	97428	2.572	1.064	2572	1508	4	6	0	1482	9	7	1506
7	6	B	40000	97595	2.405	0.847	2405	1558	0	0	0	1548	10	0	1559
7	6	cSpy was 1 spamed and the readout avoided!
7	7	G	40000	59579	40.421	15.655	40421	35262	24	65	0	34424	536	213	35147
7	7	A	40000	65813	34.187	16.308	34187	17879	24	65	0	17384	194	212	17763
7	7	B	40000	67615	32.385	15.002	32385	17383	0	0	0	17040	342	1	17384
7	7	cSpy was 8 spamed and the readout avoided!
