#the gain was set to: 2	the bias was set to: 30
#Sent triggers per delay setting: 100000	and with a frequency [Hz] of: 40000
#160MHz delay setting	400MHz delay setting	Frequency	correct transmitted H+T		error rate [%]	uncertainty [%]	bad or missed events	error count	missing headers	missing trailers	flipped H/T	event nr errors	tbm missed trigger	unknown errors	event nr resets
0	0	G	40000	416	99.584	71.229	99584	19177	110	0	0	18157	321	589	18670
0	0	A	40000	651	99.349	98.199	99349	1150	94	0	0	192	280	584	651
0	0	B	40000	37714	62.286	44.259	62286	18027	16	0	0	17965	41	5	18019
0	0	cSpy was 22 spamed and the readout avoided!
0	1	G	40000	26541	73.459	52.434	73459	26840	252	0	0	25966	21	601	26615
0	1	A	40000	36896	63.104	51.744	63104	11360	132	0	0	10731	9	488	11217
0	1	B	40000	31396	68.604	53.124	68604	15480	120	0	0	15235	12	113	15398
0	2	G	40000	4060	95.94	80.002	95940	19784	104	4	0	16622	2626	428	19492
0	2	A	40000	7925	92.075	84.293	92075	7782	68	0	0	6015	1295	404	7525
0	2	B	40000	12287	87.713	75.711	87713	12002	36	4	0	10607	1331	24	11967
0	2	cSpy was 4 spamed and the readout avoided!
0	3	G	40000	100000	0	0	0	0	0	0	0	0	0	0	2
0	3	A	40000	100000	0	0	0	0	0	0	0	0	0	0	1
0	3	B	40000	100000	0	0	0	0	0	0	0	0	0	0	1
0	4	G	40000	100000	0	0	0	0	0	0	0	0	0	0	2
0	4	A	40000	100000	0	0	0	0	0	0	0	0	0	0	1
0	4	B	40000	100000	0	0	0	0	0	0	0	0	0	0	1
0	5	G	40000	48436	51.564	34.0225	51564	22533	45	0	0	22075	82	331	22453
0	5	A	40000	56470	43.53	33.481	43530	10049	23	0	0	9686	38	302	9984
0	5	B	40000	52952	47.048	34.564	47048	12484	22	0	0	12389	44	29	12469
0	6	G	40000	0	100	100	100000	200000	200000	200000	200000	200000	200000	200000	200002
0	6	A	40000	0	100	100	100000	100000	100000	100000	100000	100000	100000	100000	100001
0	6	B	40000	0	100	100	100000	100000	100000	100000	100000	100000	100000	100000	100001
0	7	G	40000	98847	1.153	0.2465	1153	1796	0	0	0	1793	3	0	1798
0	7	A	40000	98858	1.142	0.245	1142	897	0	0	0	895	2	0	898
0	7	B	40000	98853	1.147	0.248	1147	899	0	0	0	898	1	0	900
1	0	G	40000	280	99.72	97.8835	99720	2345	173	0	0	1504	161	507	1878
1	0	A	40000	1139	98.861	97.317	98861	1544	154	0	0	851	90	449	1130
1	0	B	40000	749	99.251	98.45	99251	801	19	0	0	653	71	58	748
1	0	cSpy was 21 spamed and the readout avoided!
1	1	G	40000	98539	1.461	0.2815	1461	2341	0	0	0	2339	2	0	2343
1	1	A	40000	98551	1.449	0.279	1449	1170	0	0	0	1168	2	0	1171
1	1	B	40000	98545	1.455	0.284	1455	1171	0	0	0	1171	0	0	1172
1	2	G	40000	100000	0	0	0	0	0	0	0	0	0	0	2
1	2	A	40000	100000	0	0	0	0	0	0	0	0	0	0	1
1	2	B	40000	100000	0	0	0	0	0	0	0	0	0	0	1
1	3	G	40000	91156	8.844	2.093	8844	10489	0	0	0	10445	36	8	10490
1	3	A	40000	93067	6.933	1.833	6933	5100	0	0	0	5077	15	8	5100
1	3	B	40000	92258	7.742	2.353	7742	5389	0	0	0	5368	21	0	5390
1	4	G	40000	0	100	100	100000	200000	200000	200000	200000	200000	200000	200000	200002
1	4	A	40000	0	100	100	100000	100000	100000	100000	100000	100000	100000	100000	100001
1	4	B	40000	0	100	100	100000	100000	100000	100000	100000	100000	100000	100000	100001
1	5	G	40000	64823	35.177	7.606	35177	27174	0	0	0	23962	3211	1	27176
1	5	A	40000	83274	16.726	2.437	16726	14289	0	0	0	12540	1748	1	14290
1	5	B	40000	74340	25.66	12.775	25660	12885	0	0	0	11422	1463	0	12886
1	6	G	40000	100000	0	0	0	0	0	0	0	0	0	0	2
1	6	A	40000	100000	0	0	0	0	0	0	0	0	0	0	1
1	6	B	40000	100000	0	0	0	0	0	0	0	0	0	0	1
1	7	G	40000	99999	0.00100136	0	1	2	0	0	0	2	0	0	4
1	7	A	40000	99999	0.00100136	0	1	1	0	0	0	1	0	0	2
1	7	B	40000	99999	0.00100136	0	1	1	0	0	0	1	0	0	2
2	0	G	40000	2358	97.642	48.356	97642	4059	50	1	0	3816	113	79	3968
2	0	A	40000	2383	97.617	95.176	97617	2441	50	1	0	2198	113	79	2349
2	0	B	40000	96846	3.154	1.536	3154	1618	0	0	0	1618	0	0	1619
2	1	G	40000	100000	0	0	0	0	0	0	0	0	0	0	2
2	1	A	40000	100000	0	0	0	0	0	0	0	0	0	0	1
2	1	B	40000	100000	0	0	0	0	0	0	0	0	0	0	1
2	2	G	40000	25870	74.13	52.784	74130	25989	761	1	0	23183	1328	716	25326
2	2	A	40000	37529	62.471	50.85	62471	11621	425	0	0	10094	636	466	11212
2	2	B	40000	30914	69.086	54.718	69086	14368	336	1	0	13089	692	250	14114
2	2	cSpy was 4 spamed and the readout avoided!
2	3	G	40000	10143	89.857	70.7425	89857	22715	282	1	0	19677	2495	260	22379
2	3	A	40000	21275	78.725	64.102	78725	14623	67	0	0	12502	1882	172	14479
2	3	B	40000	14525	85.475	77.383	85475	8092	215	1	0	7175	613	88	7900
2	3	cSpy was 95 spamed and the readout avoided!
2	4	G	40000	100000	0	0	0	0	0	0	0	0	0	0	2
2	4	A	40000	100000	0	0	0	0	0	0	0	0	0	0	1
2	4	B	40000	100000	0	0	0	0	0	0	0	0	0	0	1
2	5	G	40000	100000	0	0	0	0	0	0	0	0	0	0	2
2	5	A	40000	100000	0	0	0	0	0	0	0	0	0	0	1
2	5	B	40000	100000	0	0	0	0	0	0	0	0	0	0	1
2	6	G	40000	29121	70.879	47.933	70879	26811	159	0	0	25212	963	477	26677
2	6	A	40000	42338	57.662	45.805	57662	11857	105	0	0	10553	768	431	11749
2	6	B	40000	34985	65.015	50.061	65015	14954	54	0	0	14659	195	46	14928
2	6	cSpy was 1 spamed and the readout avoided!
2	7	G	40000	0	100	100	100000	200000	200000	200000	200000	200000	200000	200000	200002
2	7	A	40000	0	100	100	100000	100000	100000	100000	100000	100000	100000	100000	100001
2	7	B	40000	0	100	100	100000	100000	100000	100000	100000	100000	100000	100000	100001
3	0	G	40000	956	99.044	73.116	99044	17209	266	1	0	15923	357	662	16616
3	0	A	40000	1499	98.501	96.469	98501	2032	199	0	0	1174	25	634	1485
3	0	B	40000	35060	64.94	49.763	64940	15177	67	1	0	14749	332	28	15131
3	0	cSpy was 12 spamed and the readout avoided!
3	1	G	40000	0	100	100	100000	200000	200000	200000	200000	200000	200000	200000	200002
3	1	A	40000	0	100	100	100000	100000	100000	100000	100000	100000	100000	100000	100001
3	1	B	40000	0	100	100	100000	100000	100000	100000	100000	100000	100000	100000	100001
3	2	G	40000	99501	0.498998	0.002	499	992	0	0	0	992	0	0	994
3	2	A	40000	99501	0.498998	0.002	499	497	0	0	0	497	0	0	498
3	2	B	40000	99503	0.497001	0.002	497	495	0	0	0	495	0	0	496
3	3	G	40000	100000	0	0	0	0	0	0	0	0	0	0	2
3	3	A	40000	100000	0	0	0	0	0	0	0	0	0	0	1
3	3	B	40000	100000	0	0	0	0	0	0	0	0	0	0	1
3	4	G	40000	95234	4.766	0.628	4766	8035	0	0	0	8031	3	1	8037
3	4	A	40000	95383	4.617	0.592	4617	4025	0	0	0	4021	3	1	4026
3	4	B	40000	95326	4.674	0.664	4674	4010	0	0	0	4010	0	0	4011
3	5	G	40000	0	100	100	100000	200000	200000	200000	200000	200000	200000	200000	200002
3	5	A	40000	0	100	100	100000	100000	100000	100000	100000	100000	100000	100000	100001
3	5	B	40000	0	100	100	100000	100000	100000	100000	100000	100000	100000	100000	100001
3	6	G	40000	68442	31.558	8.339	31558	36418	8	6	0	33949	2420	35	36408
3	6	A	40000	72576	27.424	8.224	27424	19200	5	0	0	16913	2264	18	19200
3	6	B	40000	74328	25.672	8.454	25672	17218	3	6	0	17036	156	17	17208
3	6	cSpy was 6 spamed and the readout avoided!
3	7	G	40000	100000	0	0	0	0	0	0	0	0	0	0	2
3	7	A	40000	100000	0	0	0	0	0	0	0	0	0	0	1
3	7	B	40000	100000	0	0	0	0	0	0	0	0	0	0	1
4	0	G	40000	1132	98.868	60.737	98868	29726	98	0	0	27137	2341	150	29560
4	0	A	40000	1748	98.252	96.354	98252	1898	81	0	0	1093	582	142	1741
4	0	B	40000	47052	52.948	25.12	52948	27828	17	0	0	26044	1759	8	27819
4	1	G	40000	100000	0	0	0	0	0	0	0	0	0	0	2
4	1	A	40000	100000	0	0	0	0	0	0	0	0	0	0	1
4	1	B	40000	100000	0	0	0	0	0	0	0	0	0	0	1
4	2	G	40000	95294	4.706	2.459	4706	3488	4	0	0	3478	0	6	3486
4	2	A	40000	95801	4.199	2.484	4199	1715	2	0	0	1707	0	6	1713
4	2	B	40000	95793	4.207	2.434	4207	1773	2	0	0	1771	0	0	1773
4	2	cSpy was 1 spamed and the readout avoided!
4	3	G	40000	20139	79.861	58.7255	79861	34270	811	0	0	32708	149	602	33179
4	3	A	40000	23845	76.155	58.984	76155	17171	394	0	0	16349	0	428	16446
4	3	B	40000	24434	75.566	58.467	75566	17099	417	0	0	16359	149	174	16733
4	3	cSpy was 6 spamed and the readout avoided!
4	4	G	40000	6505	93.495	75.0155	93495	24438	249	11	0	20858	2792	528	23978
4	4	A	40000	12897	87.103	74.581	87103	12522	151	6	0	10241	1713	411	12186
4	4	B	40000	12634	87.366	75.45	87366	11916	98	5	0	10617	1079	117	11792
4	4	cSpy was 37 spamed and the readout avoided!
4	5	G	40000	100000	0	0	0	0	0	0	0	0	0	0	2
4	5	A	40000	100000	0	0	0	0	0	0	0	0	0	0	1
4	5	B	40000	100000	0	0	0	0	0	0	0	0	0	0	1
4	6	G	40000	100000	0	0	0	0	0	0	0	0	0	0	2
4	6	A	40000	100000	0	0	0	0	0	0	0	0	0	0	1
4	6	B	40000	100000	0	0	0	0	0	0	0	0	0	0	1
4	7	G	40000	43134	56.866	36.87	56866	30924	166	0	0	30580	3	175	30724
4	7	A	40000	47656	52.344	36.928	52344	15416	81	0	0	15189	2	144	15269
4	7	B	40000	47680	52.32	36.812	52320	15508	85	0	0	15391	1	31	15455
4	7	cSpy was 5 spamed and the readout avoided!
5	0	G	40000	508	99.492	57.0035	99492	14868	147	0	0	13794	106	821	14328
5	0	A	40000	610	99.39	98.239	99390	1151	147	0	0	85	99	820	610
5	0	B	40000	70515	29.485	15.768	29485	13717	0	0	0	13709	7	1	13718
5	0	cSpy was 63 spamed and the readout avoided!
5	1	G	40000	77060	22.94	9.0625	22940	21692	1	2	0	21663	2	24	21691
5	1	A	40000	80058	19.942	9.26	19942	10682	0	0	0	10657	2	23	10682
5	1	B	40000	80125	19.875	8.865	19875	11010	1	2	0	11006	0	1	11009
5	2	G	40000	36	99.964	98.789	99964	1547	54	0	0	681	54	758	871
5	2	A	40000	100	99.9	99.222	99900	678	4	0	0	9	0	665	100
5	2	B	40000	775	99.225	98.356	99225	869	50	0	0	672	54	93	771
5	2	cSpy was 27 spamed and the readout avoided!
5	3	G	40000	98419	1.581	0.003	1581	3149	0	0	0	3144	5	0	3151
5	3	A	40000	98420	1.58	0.003	1580	1577	0	0	0	1573	4	0	1578
5	3	B	40000	98425	1.575	0.003	1575	1572	0	0	0	1571	1	0	1573
5	4	G	40000	100000	0	0	0	0	0	0	0	0	0	0	2
5	4	A	40000	100000	0	0	0	0	0	0	0	0	0	0	1
5	4	B	40000	100000	0	0	0	0	0	0	0	0	0	0	1
5	5	G	40000	85879	14.121	3.9935	14121	16915	0	0	0	16903	4	8	16917
5	5	A	40000	87462	12.538	4.17	12538	8368	0	0	0	8356	4	8	8369
5	5	B	40000	87636	12.364	3.817	12364	8547	0	0	0	8547	0	0	8548
5	6	G	40000	5	99.995	97.7695	99995	2340	210	0	0	757	1215	158	2119
5	6	A	40000	7	99.993	99.945	99993	48	0	0	0	0	0	48	7
5	6	B	40000	2114	97.886	95.594	97886	2292	210	0	0	757	1215	110	2112
5	6	cSpy was 41 spamed and the readout avoided!
5	7	G	40000	29423	70.577	21.5175	70577	62802	18	18	0	55561	7066	139	62731
5	7	A	40000	45848	54.152	23.288	54152	30864	18	18	0	26461	4229	138	30792
5	7	B	40000	48315	51.685	19.747	51685	31938	0	0	0	29100	2837	1	31939
5	7	cSpy was 2 spamed and the readout avoided!
6	0	G	40000	467	99.533	96.831	99533	3447	344	2	0	1669	892	540	2881
6	0	A	40000	1064	98.936	97.451	98936	1485	184	0	0	284	559	458	1064
6	0	B	40000	1827	98.173	96.211	98173	1962	160	2	0	1385	333	82	1817
6	0	cSpy was 80 spamed and the readout avoided!
6	1	G	40000	13806	86.194	47.382	86194	50270	26	0	0	44384	5444	416	50002
6	1	A	40000	26064	73.936	49.881	73936	24055	24	0	0	20545	3076	410	23791
6	1	B	40000	28902	71.098	44.883	71098	26215	2	0	0	23839	2368	6	26211
6	1	cSpy was 71 spamed and the readout avoided!
6	2	G	40000	100000	0	0	0	0	0	0	0	0	0	0	2
6	2	A	40000	100000	0	0	0	0	0	0	0	0	0	0	1
6	2	B	40000	100000	0	0	0	0	0	0	0	0	0	0	1
6	3	G	40000	100000	0	0	0	0	0	0	0	0	0	0	2
6	3	A	40000	100000	0	0	0	0	0	0	0	0	0	0	1
6	3	B	40000	100000	0	0	0	0	0	0	0	0	0	0	1
6	4	G	40000	25442	74.558	52.8635	74558	34925	671	0	0	33635	124	495	34039
6	4	A	40000	29446	70.554	53.12	70554	17434	326	0	0	16752	0	356	16837
6	4	B	40000	29902	70.098	52.607	70098	17491	345	0	0	16883	124	139	17202
6	4	cSpy was 6 spamed and the readout avoided!
6	5	G	40000	3457	96.543	84.8055	96543	15166	134	11	1	13390	940	690	14780
6	5	A	40000	7138	92.862	85.623	92862	7239	14	0	0	6206	418	601	6947
6	5	B	40000	8085	91.915	83.988	91915	7927	120	11	1	7184	522	89	7833
6	5	cSpy was 25 spamed and the readout avoided!
6	6	G	40000	100000	0	0	0	0	0	0	0	0	0	0	2
6	6	A	40000	100000	0	0	0	0	0	0	0	0	0	0	1
6	6	B	40000	100000	0	0	0	0	0	0	0	0	0	0	1
6	7	G	40000	100000	0	0	0	0	0	0	0	0	0	0	2
6	7	A	40000	100000	0	0	0	0	0	0	0	0	0	0	1
6	7	B	40000	100000	0	0	0	0	0	0	0	0	0	0	1
7	0	G	40000	1988	98.012	48.0045	98012	3405	217	0	0	2562	78	548	2913
7	0	A	40000	2004	97.996	95.529	97996	2467	217	0	0	1624	78	548	1974
7	0	B	40000	98582	1.418	0.48	1418	938	0	0	0	938	0	0	939
7	0	cSpy was 2 spamed and the readout avoided!
7	1	G	40000	100000	0	0	0	0	0	0	0	0	0	0	2
7	1	A	40000	100000	0	0	0	0	0	0	0	0	0	0	1
7	1	B	40000	100000	0	0	0	0	0	0	0	0	0	0	1
7	2	G	40000	94975	5.025	0.5985	5025	7951	0	0	0	7894	50	7	7952
7	2	A	40000	95344	4.656	0.682	4656	3974	0	0	0	3925	42	7	3974
7	2	B	40000	95508	4.492	0.515	4492	3977	0	0	0	3969	8	0	3978
7	3	G	40000	0	100	100	100000	200000	200000	200000	200000	200000	200000	200000	200002
7	3	A	40000	0	100	100	100000	100000	100000	100000	100000	100000	100000	100000	100001
7	3	B	40000	0	100	100	100000	100000	100000	100000	100000	100000	100000	100000	100001
7	4	G	40000	83804	16.196	3.2525	16196	22743	0	0	0	20859	1853	31	22740
7	4	A	40000	84343	15.657	3.26	15657	12397	0	0	0	10802	1564	31	12393
7	4	B	40000	86409	13.591	3.245	13591	10346	0	0	0	10057	289	0	10347
7	5	G	40000	100000	0	0	0	0	0	0	0	0	0	0	2
7	5	A	40000	100000	0	0	0	0	0	0	0	0	0	0	1
7	5	B	40000	100000	0	0	0	0	0	0	0	0	0	0	1
7	6	G	40000	99962	0.037998	0.001	38	73	0	0	0	73	0	0	75
7	6	A	40000	99963	0.0370026	0.001	37	36	0	0	0	36	0	0	37
7	6	B	40000	99962	0.037998	0.001	38	37	0	0	0	37	0	0	38
7	7	G	40000	49207	50.793	22.821	50793	42927	4	2	0	41580	1183	158	42863
7	7	A	40000	55106	44.894	23.177	44894	21717	2	2	0	21038	518	157	21655
7	7	B	40000	56325	43.675	22.465	43675	21210	2	0	0	20542	665	1	21208
7	7	cSpy was 8 spamed and the readout avoided!
