#the gain was set to: 2	the bias was set to: 30
#Sent triggers per delay setting: 100000	and with a frequency [Hz] of: 40000
#160MHz delay setting	400MHz delay setting	Frequency	correct transmitted H+T		error rate [%]	uncertainty [%]	bad or missed events	error count	missing headers	missing trailers	flipped H/T	event nr errors	tbm missed trigger	unknown errors	event nr resets
0	0	G	40000	446	99.554	71.544	99554	19058	90	0	0	18077	317	574	18578
0	0	A	40000	625	99.375	98.276	99375	1099	78	0	0	198	254	569	625
0	0	B	40000	37229	62.771	44.812	62771	17959	12	0	0	17879	63	5	17953
0	0	cSpy was 26 spamed and the readout avoided!
0	1	G	40000	26024	73.976	53.7605	73976	26144	441	0	0	25029	4	670	25777
0	1	A	40000	35952	64.048	53.142	64048	10906	221	0	0	10185	1	499	10683
0	1	B	40000	30383	69.617	54.379	69617	15238	220	0	0	14844	3	171	15094
0	2	G	40000	4473	95.527	78.598	95527	21134	74	0	0	17808	2877	375	20898
0	2	A	40000	9317	90.683	81.614	90683	9069	59	0	0	7174	1473	363	8843
0	2	B	40000	12353	87.647	75.582	87647	12065	15	0	0	10634	1404	12	12055
0	2	cSpy was 1 spamed and the readout avoided!
0	3	G	40000	100000	0	0	0	0	0	0	0	0	0	0	2
0	3	A	40000	100000	0	0	0	0	0	0	0	0	0	0	1
0	3	B	40000	100000	0	0	0	0	0	0	0	0	0	0	1
0	4	G	40000	100000	0	0	0	0	0	0	0	0	0	0	2
0	4	A	40000	100000	0	0	0	0	0	0	0	0	0	0	1
0	4	B	40000	100000	0	0	0	0	0	0	0	0	0	0	1
0	5	G	40000	48168	51.832	35.591	51832	20928	65	0	0	20450	44	369	20838
0	5	A	40000	55734	44.266	35.054	44266	9212	37	0	0	8809	17	349	9138
0	5	B	40000	52156	47.844	36.128	47844	11716	28	0	0	11641	27	20	11700
0	6	G	40000	0	100	100	100000	200000	200000	200000	200000	200000	200000	200000	200002
0	6	A	40000	0	100	100	100000	100000	100000	100000	100000	100000	100000	100000	100001
0	6	B	40000	0	100	100	100000	100000	100000	100000	100000	100000	100000	100000	100001
0	7	G	40000	98954	1.046	0.2255	1046	1637	0	0	0	1637	0	0	1639
0	7	A	40000	98956	1.044	0.225	1044	819	0	0	0	819	0	0	820
0	7	B	40000	98956	1.044	0.226	1044	818	0	0	0	818	0	0	819
1	0	G	40000	271	99.729	97.8235	99729	2383	191	0	0	1566	168	458	1952
1	0	A	40000	1250	98.75	97.138	98750	1612	159	0	0	936	111	406	1236
1	0	B	40000	720	99.28	98.509	99280	771	32	0	0	630	57	52	716
1	0	cSpy was 27 spamed and the readout avoided!
1	1	G	40000	99169	0.831002	0.008	831	1641	0	0	0	1639	2	0	1643
1	1	A	40000	99172	0.827998	0.007	828	821	0	0	0	820	1	0	822
1	1	B	40000	99171	0.828999	0.009	829	820	0	0	0	819	1	0	821
1	2	G	40000	100000	0	0	0	0	0	0	0	0	0	0	2
1	2	A	40000	100000	0	0	0	0	0	0	0	0	0	0	1
1	2	B	40000	100000	0	0	0	0	0	0	0	0	0	0	1
1	3	G	40000	93219	6.781	1.884	6781	8231	0	0	0	8195	28	8	8233
1	3	A	40000	94265	5.735	1.789	5735	3946	0	0	0	3911	27	8	3947
1	3	B	40000	93736	6.264	1.979	6264	4285	0	0	0	4284	1	0	4286
1	4	G	40000	786	99.214	95.5385	99214	4675	340	3	0	2843	1058	431	4169
1	4	A	40000	2517	97.483	94.81	97483	2673	115	0	0	1573	786	199	2450
1	4	B	40000	1731	98.269	96.267	98269	2002	225	3	0	1270	272	232	1719
1	4	cSpy was 49 spamed and the readout avoided!
1	5	G	40000	64592	35.408	8.0405	35408	27037	3	0	0	23413	3608	13	27036
1	5	A	40000	82827	17.173	3.414	17173	13759	0	0	0	11997	1749	13	13760
1	5	B	40000	74055	25.945	12.667	25945	13278	3	0	0	11416	1859	0	13276
1	6	G	40000	100000	0	0	0	0	0	0	0	0	0	0	2
1	6	A	40000	100000	0	0	0	0	0	0	0	0	0	0	1
1	6	B	40000	100000	0	0	0	0	0	0	0	0	0	0	1
1	7	G	40000	96596	3.404	1.5865	3404	2330	0	0	0	2295	21	14	2332
1	7	A	40000	97412	2.588	1.514	2588	1074	0	0	0	1042	18	14	1075
1	7	B	40000	97085	2.915	1.659	2915	1256	0	0	0	1253	3	0	1257
2	0	G	40000	2352	97.648	48.357	97648	4081	34	0	0	3848	126	73	4004
2	0	A	40000	2396	97.604	95.161	97604	2443	34	0	0	2210	126	73	2365
2	0	B	40000	96809	3.191	1.553	3191	1638	0	0	0	1638	0	0	1639
2	1	G	40000	100000	0	0	0	0	0	0	0	0	0	0	2
2	1	A	40000	100000	0	0	0	0	0	0	0	0	0	0	1
2	1	B	40000	100000	0	0	0	0	0	0	0	0	0	0	1
2	2	G	40000	31152	68.848	45.836	68848	27947	717	5	0	25353	1228	644	27272
2	2	A	40000	43187	56.813	43.637	56813	13176	364	1	0	11307	1074	430	12787
2	2	B	40000	37194	62.806	48.035	62806	14771	353	4	0	14046	154	214	14485
2	2	cSpy was 1 spamed and the readout avoided!
2	3	G	40000	6472	93.528	67.7345	93528	31005	55	0	0	26908	3962	80	30932
2	3	A	40000	21140	78.86	59.132	78860	19728	2	0	0	16772	2892	62	19698
2	3	B	40000	12386	87.614	76.337	87614	11277	53	0	0	10136	1070	18	11234
2	3	cSpy was 4 spamed and the readout avoided!
2	4	G	40000	100000	0	0	0	0	0	0	0	0	0	0	2
2	4	A	40000	100000	0	0	0	0	0	0	0	0	0	0	1
2	4	B	40000	100000	0	0	0	0	0	0	0	0	0	0	1
2	5	G	40000	100000	0	0	0	0	0	0	0	0	0	0	2
2	5	A	40000	100000	0	0	0	0	0	0	0	0	0	0	1
2	5	B	40000	100000	0	0	0	0	0	0	0	0	0	0	1
2	6	G	40000	25379	74.621	49.8005	74621	28687	202	2	0	26395	1549	539	28501
2	6	A	40000	39704	60.296	46.949	60296	13347	107	2	0	11244	1539	455	13218
2	6	B	40000	32008	67.992	52.652	67992	15340	95	0	0	15151	10	84	15283
2	7	G	40000	0	100	100	100000	200000	200000	200000	200000	200000	200000	200000	200002
2	7	A	40000	0	100	100	100000	100000	100000	100000	100000	100000	100000	100000	100001
2	7	B	40000	0	100	100	100000	100000	100000	100000	100000	100000	100000	100000	100001
3	0	G	40000	832	99.168	76.935	99168	16979	288	2	0	15668	362	659	16372
3	0	A	40000	1417	98.583	96.635	98583	1948	218	0	0	1094	20	616	1404
3	0	B	40000	27734	72.266	57.235	72266	15031	70	2	0	14574	342	43	14968
3	0	cSpy was 13 spamed and the readout avoided!
3	1	G	40000	0	100	100	100000	200000	200000	200000	200000	200000	200000	200000	200002
3	1	A	40000	0	100	100	100000	100000	100000	100000	100000	100000	100000	100000	100001
3	1	B	40000	0	100	100	100000	100000	100000	100000	100000	100000	100000	100000	100001
3	2	G	40000	99767	0.233001	0	233	466	0	0	0	466	0	0	468
3	2	A	40000	99767	0.233001	0	233	233	0	0	0	233	0	0	234
3	2	B	40000	99767	0.233001	0	233	233	0	0	0	233	0	0	234
3	3	G	40000	100000	0	0	0	0	0	0	0	0	0	0	2
3	3	A	40000	100000	0	0	0	0	0	0	0	0	0	0	1
3	3	B	40000	100000	0	0	0	0	0	0	0	0	0	0	1
3	4	G	40000	95000	5	0.99	5000	7343	0	0	0	7333	8	2	7345
3	4	A	40000	95379	4.621	0.933	4621	3688	0	0	0	3678	8	2	3689
3	4	B	40000	95298	4.702	1.047	4702	3655	0	0	0	3655	0	0	3656
3	5	G	40000	0	100	100	100000	200000	200000	200000	200000	200000	200000	200000	200002
3	5	A	40000	0	100	100	100000	100000	100000	100000	100000	100000	100000	100000	100001
3	5	B	40000	0	100	100	100000	100000	100000	100000	100000	100000	100000	100000	100001
3	6	G	40000	51791	48.209	21.734	48209	38371	38	10	0	35127	3046	150	38273
3	6	A	40000	58488	41.512	21.76	41512	19752	18	1	0	17367	2226	140	19676
3	6	B	40000	59673	40.327	21.708	40327	18619	20	9	0	17760	820	10	18597
3	6	cSpy was 9 spamed and the readout avoided!
3	7	G	40000	100000	0	0	0	0	0	0	0	0	0	0	2
3	7	A	40000	100000	0	0	0	0	0	0	0	0	0	0	1
3	7	B	40000	100000	0	0	0	0	0	0	0	0	0	0	1
4	0	G	40000	893	99.107	68.004	99107	19501	194	3	0	17639	1363	302	19168
4	0	A	40000	1348	98.652	97.048	98652	1604	106	0	0	824	412	262	1343
4	0	B	40000	43143	56.857	38.96	56857	17897	88	3	0	16815	951	40	17825
4	0	cSpy was 22 spamed and the readout avoided!
4	1	G	40000	100000	0	0	0	0	0	0	0	0	0	0	2
4	1	A	40000	100000	0	0	0	0	0	0	0	0	0	0	1
4	1	B	40000	100000	0	0	0	0	0	0	0	0	0	0	1
4	2	G	40000	100000	0	0	0	0	0	0	0	0	0	0	2
4	2	A	40000	100000	0	0	0	0	0	0	0	0	0	0	1
4	2	B	40000	100000	0	0	0	0	0	0	0	0	0	0	1
4	3	G	40000	23443	76.557	54.75	76557	35062	696	0	0	33745	99	522	34146
4	3	A	40000	27475	72.525	54.991	72525	17534	338	0	0	16824	0	372	16924
4	3	B	40000	27963	72.037	54.509	72037	17528	358	0	0	16921	99	150	17222
4	3	cSpy was 6 spamed and the readout avoided!
4	4	G	40000	10011	89.989	62.772	89989	35729	73	8	0	32024	3274	350	35506
4	4	A	40000	19147	80.853	63.081	80853	17772	32	5	0	15552	1856	327	17576
4	4	B	40000	19580	80.42	62.463	80420	17957	41	3	0	16472	1418	23	17930
4	4	cSpy was 22 spamed and the readout avoided!
4	5	G	40000	100000	0	0	0	0	0	0	0	0	0	0	2
4	5	A	40000	100000	0	0	0	0	0	0	0	0	0	0	1
4	5	B	40000	100000	0	0	0	0	0	0	0	0	0	0	1
4	6	G	40000	100000	0	0	0	0	0	0	0	0	0	0	2
4	6	A	40000	100000	0	0	0	0	0	0	0	0	0	0	1
4	6	B	40000	100000	0	0	0	0	0	0	0	0	0	0	1
4	7	G	40000	23163	76.837	54.5345	76837	35631	481	0	0	34674	65	411	34978
4	7	A	40000	27478	72.522	54.704	72522	17818	232	0	0	17282	4	300	17376
4	7	B	40000	27822	72.178	54.365	72178	17813	249	0	0	17392	61	111	17602
4	7	cSpy was 5 spamed and the readout avoided!
5	0	G	40000	494	99.506	56.9625	99506	14878	136	0	0	13799	110	833	14316
5	0	A	40000	601	99.399	98.237	99399	1162	136	0	0	86	108	832	601
5	0	B	40000	70596	29.404	15.688	29404	13716	0	0	0	13713	2	1	13715
5	0	cSpy was 44 spamed and the readout avoided!
5	1	G	40000	56466	43.534	21.176	43534	34556	27	0	0	34467	6	56	34532
5	1	A	40000	61549	38.451	21.415	38451	17036	13	0	0	16964	6	53	17013
5	1	B	40000	61543	38.457	20.937	38457	17520	14	0	0	17503	0	3	17519
5	1	cSpy was 1 spamed and the readout avoided!
5	2	G	40000	67	99.933	98.177	99933	2262	96	0	0	1070	67	1029	1374
5	2	A	40000	168	99.832	98.948	99832	884	4	0	0	22	1	857	168
5	2	B	40000	1216	98.784	97.406	98784	1378	92	0	0	1048	66	172	1206
5	2	cSpy was 53 spamed and the readout avoided!
5	3	G	40000	98265	1.735	0.001	1735	3460	0	0	0	3453	7	0	3462
5	3	A	40000	98265	1.735	0.001	1735	1734	0	0	0	1727	7	0	1735
5	3	B	40000	98273	1.727	0.001	1727	1726	0	0	0	1726	0	0	1727
5	4	G	40000	100000	0	0	0	0	0	0	0	0	0	0	2
5	4	A	40000	100000	0	0	0	0	0	0	0	0	0	0	1
5	4	B	40000	100000	0	0	0	0	0	0	0	0	0	0	1
5	5	G	40000	95502	4.498	0.8295	4498	6739	0	0	0	6737	0	2	6741
5	5	A	40000	95756	4.244	0.888	4244	3356	0	0	0	3354	0	2	3357
5	5	B	40000	95846	4.154	0.771	4154	3383	0	0	0	3383	0	0	3384
5	6	G	40000	0	100	100	100000	200000	200000	200000	200000	200000	200000	200000	200002
5	6	A	40000	0	100	100	100000	100000	100000	100000	100000	100000	100000	100000	100001
5	6	B	40000	0	100	100	100000	100000	100000	100000	100000	100000	100000	100000	100001
5	7	G	40000	27758	72.242	24.618	72242	60764	14	22	0	53509	7084	135	60690
5	7	A	40000	43845	56.155	26.398	56155	29757	14	22	0	25367	4219	135	29683
5	7	B	40000	46155	53.845	22.838	53845	31007	0	0	0	28142	2865	0	31007
5	7	cSpy was 3 spamed and the readout avoided!
6	0	G	40000	503	99.497	96.113	99497	4165	305	4	0	2110	1109	637	3601
6	0	A	40000	1217	98.783	97.115	98783	1668	172	1	0	193	731	571	1217
6	0	B	40000	2392	97.608	95.111	97608	2497	133	3	0	1917	378	66	2384
6	0	cSpy was 54 spamed and the readout avoided!
6	1	G	40000	15689	84.311	41.6535	84311	55331	3	1	0	49169	5917	241	55203
6	1	A	40000	29149	70.851	44.464	70851	26387	3	1	0	22813	3332	238	26259
6	1	B	40000	32213	67.787	38.843	67787	28944	0	0	0	26356	2585	3	28944
6	1	cSpy was 5 spamed and the readout avoided!
6	2	G	40000	100000	0	0	0	0	0	0	0	0	0	0	2
6	2	A	40000	100000	0	0	0	0	0	0	0	0	0	0	1
6	2	B	40000	100000	0	0	0	0	0	0	0	0	0	0	1
6	3	G	40000	100000	0	0	0	0	0	0	0	0	0	0	2
6	3	A	40000	100000	0	0	0	0	0	0	0	0	0	0	1
6	3	B	40000	100000	0	0	0	0	0	0	0	0	0	0	1
6	4	G	40000	19846	80.154	58.8835	80154	34098	814	0	0	32553	126	605	33024
6	4	A	40000	23762	76.238	59.168	76238	17070	393	0	0	16250	0	427	16356
6	4	B	40000	24373	75.627	58.599	75627	17028	421	0	0	16303	126	178	16668
6	4	cSpy was 8 spamed and the readout avoided!
6	5	G	40000	5426	94.574	87.2075	94574	9725	130	4	0	8041	592	958	9023
6	5	A	40000	7433	92.567	87.96	92567	4607	10	0	0	3495	282	820	4050
6	5	B	40000	8427	91.573	86.455	91573	5118	120	4	0	4546	310	138	4973
6	5	cSpy was 52 spamed and the readout avoided!
6	6	G	40000	100000	0	0	0	0	0	0	0	0	0	0	2
6	6	A	40000	100000	0	0	0	0	0	0	0	0	0	0	1
6	6	B	40000	100000	0	0	0	0	0	0	0	0	0	0	1
6	7	G	40000	100000	0	0	0	0	0	0	0	0	0	0	2
6	7	A	40000	100000	0	0	0	0	0	0	0	0	0	0	1
6	7	B	40000	100000	0	0	0	0	0	0	0	0	0	0	1
7	0	G	40000	2084	97.916	47.925	97916	4127	221	1	0	3280	66	559	3622
7	0	A	40000	2104	97.896	95.307	97896	2589	221	1	0	1749	59	559	2083
7	0	B	40000	97919	2.081	0.543	2081	1538	0	0	0	1531	7	0	1539
7	1	G	40000	100000	0	0	0	0	0	0	0	0	0	0	2
7	1	A	40000	100000	0	0	0	0	0	0	0	0	0	0	1
7	1	B	40000	100000	0	0	0	0	0	0	0	0	0	0	1
7	2	G	40000	94030	5.97	1.698	5970	5902	9	9	0	5818	52	14	5900
7	2	A	40000	95210	4.79	1.876	4790	2914	9	9	0	2868	14	14	2911
7	2	B	40000	95492	4.508	1.52	4508	2988	0	0	0	2950	38	0	2989
7	2	cSpy was 1 spamed and the readout avoided!
7	3	G	40000	0	100	100	100000	200000	200000	200000	200000	200000	200000	200000	200002
7	3	A	40000	0	100	100	100000	100000	100000	100000	100000	100000	100000	100000	100001
7	3	B	40000	0	100	100	100000	100000	100000	100000	100000	100000	100000	100000	100001
7	4	G	40000	84649	15.351	2.651	15351	22941	0	0	0	21203	1717	21	22940
7	4	A	40000	84935	15.065	2.653	15065	12412	0	0	0	10902	1489	21	12410
7	4	B	40000	86822	13.178	2.649	13178	10529	0	0	0	10301	228	0	10530
7	5	G	40000	100000	0	0	0	0	0	0	0	0	0	0	2
7	5	A	40000	100000	0	0	0	0	0	0	0	0	0	0	1
7	5	B	40000	100000	0	0	0	0	0	0	0	0	0	0	1
7	6	G	40000	98056	1.944	0.3755	1944	2454	0	0	0	2444	8	2	2455
7	6	A	40000	98354	1.646	0.419	1646	1227	0	0	0	1217	8	2	1227
7	6	B	40000	98441	1.559	0.332	1559	1227	0	0	0	1227	0	0	1228
7	6	cSpy was 1 spamed and the readout avoided!
7	7	G	40000	57402	42.598	17.431	42598	36297	28	62	0	35434	588	185	36216
7	7	A	40000	63555	36.445	18.028	36445	18417	27	62	0	17920	223	185	18335
7	7	B	40000	65286	34.714	16.834	34714	17880	1	0	0	17514	365	0	17881
7	7	cSpy was 8 spamed and the readout avoided!
