#the gain was set to: 2	the bias was set to: 30
#Sent triggers per delay setting: 100000	and with a frequency [Hz] of: 40000
#160MHz delay setting	400MHz delay setting	Frequency	correct transmitted H+T		error rate [%]	uncertainty [%]	bad or missed events	error count	missing headers	missing trailers	flipped H/T	event nr errors	tbm missed trigger	unknown errors	event nr resets
0	0	G	40000	432	99.568	71.3035	99568	19112	119	0	0	18072	317	604	18606
0	0	A	40000	665	99.335	98.168	99335	1167	103	0	0	211	261	592	665
0	0	B	40000	37616	62.384	44.439	62384	17945	16	0	0	17861	56	12	17941
0	0	cSpy was 34 spamed and the readout avoided!
0	1	G	40000	25889	74.111	53.9125	74111	26108	473	1	0	24916	6	712	25696
0	1	A	40000	35809	64.191	53.328	64191	10863	237	0	0	10121	2	503	10624
0	1	B	40000	30258	69.742	54.497	69742	15245	236	1	0	14795	4	209	15072
0	2	G	40000	5275	94.725	77.641	94725	22060	91	0	0	18580	3051	338	21817
0	2	A	40000	10193	89.807	79.938	89807	9869	58	0	0	7827	1654	330	9649
0	2	B	40000	12465	87.535	75.344	87535	12191	33	0	0	10753	1397	8	12168
0	2	cSpy was 1 spamed and the readout avoided!
0	3	G	40000	100000	0	0	0	0	0	0	0	0	0	0	2
0	3	A	40000	100000	0	0	0	0	0	0	0	0	0	0	1
0	3	B	40000	100000	0	0	0	0	0	0	0	0	0	0	1
0	4	G	40000	100000	0	0	0	0	0	0	0	0	0	0	2
0	4	A	40000	100000	0	0	0	0	0	0	0	0	0	0	1
0	4	B	40000	100000	0	0	0	0	0	0	0	0	0	0	1
0	5	G	40000	48086	51.914	35.6535	51914	20824	67	0	0	20353	42	362	20733
0	5	A	40000	55800	44.2	35.126	44200	9074	36	0	0	8696	17	325	9004
0	5	B	40000	52069	47.931	36.181	47931	11750	31	0	0	11657	25	37	11729
0	6	G	40000	0	100	100	100000	200000	200000	200000	200000	200000	200000	200000	200002
0	6	A	40000	0	100	100	100000	100000	100000	100000	100000	100000	100000	100000	100001
0	6	B	40000	0	100	100	100000	100000	100000	100000	100000	100000	100000	100000	100001
0	7	G	40000	99026	0.974	0.221	974	1500	0	0	0	1498	2	0	1502
0	7	A	40000	99030	0.97	0.22	970	750	0	0	0	748	2	0	751
0	7	B	40000	99028	0.972003	0.222	972	750	0	0	0	750	0	0	751
1	0	G	40000	309	99.691	97.8215	99691	2375	181	0	0	1567	186	441	1968
1	0	A	40000	1296	98.704	97.062	98704	1642	160	0	0	976	120	386	1283
1	0	B	40000	686	99.314	98.581	99314	733	21	0	0	591	66	55	685
1	0	cSpy was 27 spamed and the readout avoided!
1	1	G	40000	99141	0.858998	0.017	859	1679	0	0	0	1678	1	0	1681
1	1	A	40000	99144	0.856	0.016	856	840	0	0	0	839	1	0	841
1	1	B	40000	99143	0.857002	0.018	857	839	0	0	0	839	0	0	840
1	2	G	40000	100000	0	0	0	0	0	0	0	0	0	0	2
1	2	A	40000	100000	0	0	0	0	0	0	0	0	0	0	1
1	2	B	40000	100000	0	0	0	0	0	0	0	0	0	0	1
1	3	G	40000	97312	2.688	0.4455	2688	4217	0	0	0	4211	3	3	4218
1	3	A	40000	97529	2.471	0.421	2471	2050	0	0	0	2044	3	3	2050
1	3	B	40000	97363	2.637	0.47	2637	2167	0	0	0	2167	0	0	2168
1	4	G	40000	470	99.53	96.9465	99530	3280	228	1	0	1478	1108	465	2804
1	4	A	40000	1659	98.341	96.558	98341	1783	67	0	0	727	858	131	1637
1	4	B	40000	1168	98.832	97.335	98832	1497	161	1	0	751	250	334	1167
1	4	cSpy was 52 spamed and the readout avoided!
1	5	G	40000	63577	36.423	8.3045	36423	27732	1	0	0	23869	3841	21	27733
1	5	A	40000	82459	17.541	3.447	17541	14094	0	0	0	12233	1841	20	14095
1	5	B	40000	73200	26.8	13.162	26800	13638	1	0	0	11636	2000	1	13638
1	6	G	40000	100000	0	0	0	0	0	0	0	0	0	0	2
1	6	A	40000	100000	0	0	0	0	0	0	0	0	0	0	1
1	6	B	40000	100000	0	0	0	0	0	0	0	0	0	0	1
1	7	G	40000	97416	2.584	1.198	2584	1812	0	0	0	1777	20	15	1812
1	7	A	40000	98029	1.971	1.144	1971	827	0	0	0	795	17	15	826
1	7	B	40000	97763	2.237	1.252	2237	985	0	0	0	982	3	0	986
2	0	G	40000	2402	97.598	48.297	97598	4088	47	0	0	3863	104	74	4004
2	0	A	40000	2442	97.558	95.074	97558	2484	47	0	0	2259	104	74	2399
2	0	B	40000	96876	3.124	1.52	3124	1604	0	0	0	1604	0	0	1605
2	1	G	40000	100000	0	0	0	0	0	0	0	0	0	0	2
2	1	A	40000	100000	0	0	0	0	0	0	0	0	0	0	1
2	1	B	40000	100000	0	0	0	0	0	0	0	0	0	0	1
2	2	G	40000	31578	68.422	45.6735	68422	27830	748	6	0	25256	1194	626	27139
2	2	A	40000	43280	56.72	43.569	56720	13151	379	3	0	11371	980	418	12749
2	2	B	40000	37543	62.457	47.778	62457	14679	369	3	0	13885	214	208	14390
2	2	cSpy was 1 spamed and the readout avoided!
2	3	G	40000	7231	92.769	65.556	92769	32921	80	0	0	28845	3932	64	32844
2	3	A	40000	22526	77.474	56.5	77474	20974	3	0	0	18053	2880	38	20949
2	3	B	40000	13441	86.559	74.612	86559	11947	77	0	0	10792	1052	26	11895
2	3	cSpy was 4 spamed and the readout avoided!
2	4	G	40000	100000	0	0	0	0	0	0	0	0	0	0	2
2	4	A	40000	100000	0	0	0	0	0	0	0	0	0	0	1
2	4	B	40000	100000	0	0	0	0	0	0	0	0	0	0	1
2	5	G	40000	100000	0	0	0	0	0	0	0	0	0	0	2
2	5	A	40000	100000	0	0	0	0	0	0	0	0	0	0	1
2	5	B	40000	100000	0	0	0	0	0	0	0	0	0	0	1
2	6	G	40000	25469	74.531	49.565	74531	28776	209	2	0	26504	1558	503	28577
2	6	A	40000	39905	60.095	46.701	60095	13394	113	0	0	11300	1545	436	13250
2	6	B	40000	32189	67.811	52.429	67811	15382	96	2	0	15204	13	67	15327
2	7	G	40000	0	100	100	100000	200000	200000	200000	200000	200000	200000	200000	200002
2	7	A	40000	0	100	100	100000	100000	100000	100000	100000	100000	100000	100000	100001
2	7	B	40000	0	100	100	100000	100000	100000	100000	100000	100000	100000	100000	100001
3	0	G	40000	867	99.133	76.806	99133	17269	269	1	1	15985	341	672	16702
3	0	A	40000	1456	98.544	96.591	98544	1953	195	0	0	1099	20	639	1437
3	0	B	40000	27663	72.337	57.021	72337	15316	74	1	1	14886	321	33	15265
3	0	cSpy was 11 spamed and the readout avoided!
3	1	G	40000	0	100	100	100000	200000	200000	200000	200000	200000	200000	200000	200002
3	1	A	40000	0	100	100	100000	100000	100000	100000	100000	100000	100000	100000	100001
3	1	B	40000	0	100	100	100000	100000	100000	100000	100000	100000	100000	100000	100001
3	2	G	40000	99778	0.221997	0	222	444	0	0	0	444	0	0	446
3	2	A	40000	99778	0.221997	0	222	222	0	0	0	222	0	0	223
3	2	B	40000	99778	0.221997	0	222	222	0	0	0	222	0	0	223
3	3	G	40000	100000	0	0	0	0	0	0	0	0	0	0	2
3	3	A	40000	100000	0	0	0	0	0	0	0	0	0	0	1
3	3	B	40000	100000	0	0	0	0	0	0	0	0	0	0	1
3	4	G	40000	92216	7.784	1.543	7784	11349	0	0	0	11335	10	4	11351
3	4	A	40000	92846	7.154	1.449	7154	5705	0	0	0	5692	9	4	5706
3	4	B	40000	92719	7.281	1.637	7281	5644	0	0	0	5643	1	0	5645
3	5	G	40000	0	100	100	100000	200000	200000	200000	200000	200000	200000	200000	200002
3	5	A	40000	0	100	100	100000	100000	100000	100000	100000	100000	100000	100000	100001
3	5	B	40000	0	100	100	100000	100000	100000	100000	100000	100000	100000	100000	100001
3	6	G	40000	71449	28.551	7.4885	28551	34276	14	8	0	32023	2195	36	34253
3	6	A	40000	74455	25.545	7.407	25545	18138	6	0	0	16036	2084	12	18135
3	6	B	40000	76292	23.708	7.57	23708	16138	8	8	0	15987	111	24	16118
3	6	cSpy was 5 spamed and the readout avoided!
3	7	G	40000	100000	0	0	0	0	0	0	0	0	0	0	2
3	7	A	40000	100000	0	0	0	0	0	0	0	0	0	0	1
3	7	B	40000	100000	0	0	0	0	0	0	0	0	0	0	1
4	0	G	40000	827	99.173	67.81	99173	19124	157	0	0	16638	2031	298	18846
4	0	A	40000	1239	98.761	97.292	98761	1469	88	0	0	783	320	278	1238
4	0	B	40000	44017	55.983	38.328	55983	17655	69	0	0	15855	1711	20	17608
4	0	cSpy was 13 spamed and the readout avoided!
4	1	G	40000	100000	0	0	0	0	0	0	0	0	0	0	2
4	1	A	40000	100000	0	0	0	0	0	0	0	0	0	0	1
4	1	B	40000	100000	0	0	0	0	0	0	0	0	0	0	1
4	2	G	40000	100000	0	0	0	0	0	0	0	0	0	0	2
4	2	A	40000	100000	0	0	0	0	0	0	0	0	0	0	1
4	2	B	40000	100000	0	0	0	0	0	0	0	0	0	0	1
4	3	G	40000	27433	72.567	51.9625	72567	33073	708	0	0	31748	94	523	32145
4	3	A	40000	31235	68.765	52.216	68765	16549	343	0	0	15829	1	376	15921
4	3	B	40000	31767	68.233	51.709	68233	16524	365	0	0	15919	93	147	16224
4	3	cSpy was 6 spamed and the readout avoided!
4	4	G	40000	7390	92.61	72.4285	92610	26811	198	20	2	23905	2240	446	26459
4	4	A	40000	13842	86.158	72.92	86158	13238	116	14	2	11524	1172	410	12950
4	4	B	40000	14490	85.51	71.937	85510	13573	82	6	0	12381	1068	36	13509
4	4	cSpy was 26 spamed and the readout avoided!
4	5	G	40000	100000	0	0	0	0	0	0	0	0	0	0	2
4	5	A	40000	100000	0	0	0	0	0	0	0	0	0	0	1
4	5	B	40000	100000	0	0	0	0	0	0	0	0	0	0	1
4	6	G	40000	100000	0	0	0	0	0	0	0	0	0	0	2
4	6	A	40000	100000	0	0	0	0	0	0	0	0	0	0	1
4	6	B	40000	100000	0	0	0	0	0	0	0	0	0	0	1
4	7	G	40000	24972	75.028	51.4135	75028	37193	328	0	0	36567	12	286	36804
4	7	A	40000	29903	70.097	51.514	70097	18583	159	0	0	18200	3	221	18305
4	7	B	40000	30077	69.923	51.313	69923	18610	169	0	0	18367	9	65	18499
4	7	cSpy was 5 spamed and the readout avoided!
5	0	G	40000	499	99.501	56.691	99501	14679	153	0	0	13589	102	835	14140
5	0	A	40000	622	99.378	98.216	99378	1162	153	0	0	79	96	834	622
5	0	B	40000	71317	28.683	15.166	28683	13517	0	0	0	13510	6	1	13518
5	0	cSpy was 54 spamed and the readout avoided!
5	1	G	40000	55461	44.539	21.624	44539	35109	34	1	0	35010	4	60	35075
5	1	A	40000	60835	39.165	21.854	39165	17311	17	1	0	17229	4	60	17281
5	1	B	40000	60808	39.192	21.394	39192	17798	17	0	0	17781	0	0	17794
5	1	cSpy was 3 spamed and the readout avoided!
5	2	G	40000	21	99.979	98.905	99979	1359	33	0	0	537	205	584	830
5	2	A	40000	46	99.954	99.476	99954	478	0	0	0	7	1	470	46
5	2	B	40000	785	99.215	98.334	99215	881	33	0	0	530	204	114	784
5	2	cSpy was 25 spamed and the readout avoided!
5	3	G	40000	98507	1.493	0.001	1493	2980	0	0	0	2976	4	0	2982
5	3	A	40000	98507	1.493	0.001	1493	1492	0	0	0	1488	4	0	1493
5	3	B	40000	98511	1.489	0.001	1489	1488	0	0	0	1488	0	0	1489
5	4	G	40000	100000	0	0	0	0	0	0	0	0	0	0	2
5	4	A	40000	100000	0	0	0	0	0	0	0	0	0	0	1
5	4	B	40000	100000	0	0	0	0	0	0	0	0	0	0	1
5	5	G	40000	84648	15.352	6.3825	15352	14469	16	0	0	14436	0	17	14458
5	5	A	40000	86331	13.669	6.525	13669	7144	8	0	0	7121	0	15	7134
5	5	B	40000	86435	13.565	6.24	13565	7325	8	0	0	7315	0	2	7324
5	6	G	40000	0	100	100	100000	200000	200000	200000	200000	200000	200000	200000	200002
5	6	A	40000	0	100	100	100000	100000	100000	100000	100000	100000	100000	100000	100001
5	6	B	40000	0	100	100	100000	100000	100000	100000	100000	100000	100000	100000	100001
5	7	G	40000	27948	72.052	26.7015	72052	58334	13	17	0	51656	6526	122	58264
5	7	A	40000	42981	57.019	28.323	57019	28696	13	17	0	24621	3923	122	28625
5	7	B	40000	45282	54.718	25.08	54718	29638	0	0	0	27035	2603	0	29639
5	7	cSpy was 2 spamed and the readout avoided!
6	0	G	40000	461	99.539	96.903	99539	3367	342	1	0	1576	904	544	2813
6	0	A	40000	1047	98.953	97.493	98953	1460	186	0	0	218	600	456	1047
6	0	B	40000	1780	98.22	96.313	98220	1907	156	1	0	1358	304	88	1766
6	0	cSpy was 71 spamed and the readout avoided!
6	1	G	40000	13742	86.258	47.5055	86258	50081	10	1	0	44241	5394	435	49822
6	1	A	40000	26031	73.969	49.987	73969	23982	7	1	0	20568	2977	429	23726
6	1	B	40000	28877	71.123	45.024	71123	26099	3	0	0	23673	2417	6	26096
6	1	cSpy was 73 spamed and the readout avoided!
6	2	G	40000	100000	0	0	0	0	0	0	0	0	0	0	2
6	2	A	40000	100000	0	0	0	0	0	0	0	0	0	0	1
6	2	B	40000	100000	0	0	0	0	0	0	0	0	0	0	1
6	3	G	40000	100000	0	0	0	0	0	0	0	0	0	0	2
6	3	A	40000	100000	0	0	0	0	0	0	0	0	0	0	1
6	3	B	40000	100000	0	0	0	0	0	0	0	0	0	0	1
6	4	G	40000	24256	75.744	53.9005	75744	35299	669	0	0	33994	131	505	34413
6	4	A	40000	28238	71.762	54.145	71762	17617	323	0	0	16928	2	364	17025
6	4	B	40000	28662	71.338	53.656	71338	17682	346	0	0	17066	129	141	17388
6	4	cSpy was 7 spamed and the readout avoided!
6	5	G	40000	2764	97.236	88.0505	97236	11980	146	9	0	10475	715	635	11576
6	5	A	40000	5554	94.446	88.733	94446	5713	19	0	0	4829	313	552	5418
6	5	B	40000	6365	93.635	87.368	93635	6267	127	9	0	5646	402	83	6158
6	5	cSpy was 43 spamed and the readout avoided!
6	6	G	40000	100000	0	0	0	0	0	0	0	0	0	0	2
6	6	A	40000	100000	0	0	0	0	0	0	0	0	0	0	1
6	6	B	40000	100000	0	0	0	0	0	0	0	0	0	0	1
6	7	G	40000	100000	0	0	0	0	0	0	0	0	0	0	2
6	7	A	40000	100000	0	0	0	0	0	0	0	0	0	0	1
6	7	B	40000	100000	0	0	0	0	0	0	0	0	0	0	1
7	0	G	40000	2032	97.968	47.9975	97968	3529	199	0	0	2694	80	556	3050
7	0	A	40000	2048	97.952	95.447	97952	2505	199	0	0	1670	80	556	2025
7	0	B	40000	98428	1.572	0.548	1572	1024	0	0	0	1024	0	0	1025
7	0	cSpy was 1 spamed and the readout avoided!
7	1	G	40000	100000	0	0	0	0	0	0	0	0	0	0	2
7	1	A	40000	100000	0	0	0	0	0	0	0	0	0	0	1
7	1	B	40000	100000	0	0	0	0	0	0	0	0	0	0	1
7	2	G	40000	96597	3.403	0.38	3403	5480	0	0	0	5443	31	6	5482
7	2	A	40000	96815	3.185	0.434	3185	2751	0	0	0	2720	25	6	2752
7	2	B	40000	96945	3.055	0.326	3055	2729	0	0	0	2723	6	0	2730
7	3	G	40000	0	100	100	100000	200000	200000	200000	200000	200000	200000	200000	200002
7	3	A	40000	0	100	100	100000	100000	100000	100000	100000	100000	100000	100000	100001
7	3	B	40000	0	100	100	100000	100000	100000	100000	100000	100000	100000	100000	100001
7	4	G	40000	67492	32.508	20.6825	32508	20812	36	0	0	19023	1673	80	20752
7	4	A	40000	67853	32.147	21.059	32147	11088	0	0	0	9674	1364	50	11071
7	4	B	40000	69970	30.03	20.306	30030	9724	36	0	0	9349	309	30	9681
7	4	cSpy was 8 spamed and the readout avoided!
7	5	G	40000	100000	0	0	0	0	0	0	0	0	0	0	2
7	5	A	40000	100000	0	0	0	0	0	0	0	0	0	0	1
7	5	B	40000	100000	0	0	0	0	0	0	0	0	0	0	1
7	6	G	40000	99902	0.098002	0.0015	98	192	0	0	0	192	0	0	194
7	6	A	40000	99902	0.098002	0.002	98	96	0	0	0	96	0	0	97
7	6	B	40000	99903	0.0970006	0.001	97	96	0	0	0	96	0	0	97
7	7	G	40000	46304	53.696	25.2235	53696	43395	3	0	0	41881	1352	159	43346
7	7	A	40000	52452	47.548	25.636	47548	21912	2	0	0	21153	599	158	21863
7	7	B	40000	53706	46.294	24.811	46294	21483	1	0	0	20728	753	1	21483
7	7	cSpy was 7 spamed and the readout avoided!
