#the gain was set to: 2	the bias was set to: 30
#Sent triggers per delay setting: 100000	and with a frequency [Hz] of: 40000
#160MHz delay setting	400MHz delay setting	Frequency	correct transmitted H+T		error rate [%]	uncertainty [%]	bad or missed events	error count	missing headers	missing trailers	flipped H/T	event nr errors	tbm missed trigger	unknown errors	event nr resets
0	0	G	40000	423	99.577	72.5605	99577	19032	110	0	0	17992	300	630	18476
0	0	A	40000	626	99.374	98.199	99374	1175	95	0	0	203	252	625	626
0	0	B	40000	35221	64.779	46.922	64779	17857	15	0	0	17789	48	5	17850
0	0	cSpy was 26 spamed and the readout avoided!
0	1	G	40000	33418	66.582	45.3195	66582	28254	255	0	0	27457	25	517	28013
0	1	A	40000	43010	56.99	44.728	56990	12262	134	0	0	11718	11	399	12114
0	1	B	40000	38097	61.903	45.911	61903	15992	121	0	0	15739	14	118	15899
0	2	G	40000	3447	96.553	83.8965	96553	15923	87	0	0	13316	2193	327	15714
0	2	A	40000	6755	93.245	86.64	93245	6605	63	0	0	5106	1119	317	6408
0	2	B	40000	9529	90.471	81.153	90471	9318	24	0	0	8210	1074	10	9306
0	2	cSpy was 2 spamed and the readout avoided!
0	3	G	40000	100000	0	0	0	0	0	0	0	0	0	0	2
0	3	A	40000	100000	0	0	0	0	0	0	0	0	0	0	1
0	3	B	40000	100000	0	0	0	0	0	0	0	0	0	0	1
0	4	G	40000	100000	0	0	0	0	0	0	0	0	0	0	2
0	4	A	40000	100000	0	0	0	0	0	0	0	0	0	0	1
0	4	B	40000	100000	0	0	0	0	0	0	0	0	0	0	1
0	5	G	40000	36023	63.977	40.4455	63977	31186	45	0	0	30643	81	417	31091
0	5	A	40000	46144	53.856	39.813	53856	14043	25	0	0	13594	35	389	13963
0	5	B	40000	41779	58.221	41.078	58221	17143	20	0	0	17049	46	28	17128
0	6	G	40000	3444	96.556	84.9895	96556	14994	339	16	0	11869	2371	399	14536
0	6	A	40000	6947	93.053	86.103	93053	6950	158	0	0	5187	1265	340	6622
0	6	B	40000	8080	91.92	83.876	91920	8044	181	16	0	6682	1106	59	7914
0	6	cSpy was 35 spamed and the readout avoided!
0	7	G	40000	98951	1.049	0.247	1049	1602	0	0	0	1602	0	0	1604
0	7	A	40000	98952	1.048	0.247	1048	801	0	0	0	801	0	0	802
0	7	B	40000	98952	1.048	0.247	1048	801	0	0	0	801	0	0	802
1	0	G	40000	325	99.675	97.4685	99675	2758	206	0	0	1876	173	503	2286
1	0	A	40000	1541	98.459	96.51	98459	1949	186	0	0	1207	112	444	1525
1	0	B	40000	764	99.236	98.427	99236	809	20	0	0	669	61	59	761
1	0	cSpy was 15 spamed and the readout avoided!
1	1	G	40000	99249	0.751001	0.008	751	1485	0	0	0	1485	0	0	1487
1	1	A	40000	99249	0.751001	0.008	751	743	0	0	0	743	0	0	744
1	1	B	40000	99250	0.749999	0.008	750	742	0	0	0	742	0	0	743
1	2	G	40000	100000	0	0	0	0	0	0	0	0	0	0	2
1	2	A	40000	100000	0	0	0	0	0	0	0	0	0	0	1
1	2	B	40000	100000	0	0	0	0	0	0	0	0	0	0	1
1	3	G	40000	93261	6.739	3.1655	6739	5335	4	0	0	5253	55	23	5332
1	3	A	40000	94473	5.527	3.011	5527	2516	3	0	0	2439	52	22	2513
1	3	B	40000	93861	6.139	3.32	6139	2819	1	0	0	2814	3	1	2819
1	4	G	40000	0	100	100	100000	200000	200000	200000	200000	200000	200000	200000	200002
1	4	A	40000	0	100	100	100000	100000	100000	100000	100000	100000	100000	100000	100001
1	4	B	40000	0	100	100	100000	100000	100000	100000	100000	100000	100000	100000	100001
1	5	G	40000	72024	27.976	6.2155	27976	21591	3	0	0	18728	2850	10	21590
1	5	A	40000	86362	13.638	2.74	13638	10898	0	0	0	9524	1364	10	10899
1	5	B	40000	79616	20.384	9.691	20384	10693	3	0	0	9204	1486	0	10691
1	6	G	40000	100000	0	0	0	0	0	0	0	0	0	0	2
1	6	A	40000	100000	0	0	0	0	0	0	0	0	0	0	1
1	6	B	40000	100000	0	0	0	0	0	0	0	0	0	0	1
1	7	G	40000	99991	0.0090003	0	9	18	0	0	0	18	0	0	20
1	7	A	40000	99991	0.0090003	0	9	9	0	0	0	9	0	0	10
1	7	B	40000	99991	0.0090003	0	9	9	0	0	0	9	0	0	10
2	0	G	40000	2294	97.706	48.4495	97706	4118	52	0	0	3882	102	82	4029
2	0	A	40000	2336	97.664	95.27	97664	2394	52	0	0	2158	102	82	2304
2	0	B	40000	96647	3.353	1.629	3353	1724	0	0	0	1724	0	0	1725
2	0	cSpy was 2 spamed and the readout avoided!
2	1	G	40000	99526	0.474	0.146	474	528	0	0	0	522	3	3	530
2	1	A	40000	99610	0.389999	0.135	390	255	0	0	0	251	2	2	256
2	1	B	40000	99570	0.43	0.157	430	273	0	0	0	271	1	1	274
2	2	G	40000	21639	78.361	55.112	78361	28465	928	9	0	25427	1298	803	27574
2	2	A	40000	33656	66.344	52.842	66344	13502	470	3	0	11520	988	521	13001
2	2	B	40000	27655	72.345	57.382	72345	14963	458	6	0	13907	310	282	14573
2	2	cSpy was 3 spamed and the readout avoided!
2	3	G	40000	9039	90.961	72.415	90961	21154	135	4	0	17885	2911	219	20925
2	3	A	40000	20570	79.43	66.345	79430	13085	76	0	0	10781	2087	141	12940
2	3	B	40000	13446	86.554	78.485	86554	8069	59	4	0	7104	824	78	7985
2	3	cSpy was 13 spamed and the readout avoided!
2	4	G	40000	100000	0	0	0	0	0	0	0	0	0	0	2
2	4	A	40000	100000	0	0	0	0	0	0	0	0	0	0	1
2	4	B	40000	100000	0	0	0	0	0	0	0	0	0	0	1
2	5	G	40000	100000	0	0	0	0	0	0	0	0	0	0	2
2	5	A	40000	100000	0	0	0	0	0	0	0	0	0	0	1
2	5	B	40000	100000	0	0	0	0	0	0	0	0	0	0	1
2	6	G	40000	40206	59.794	39.147	59794	24125	192	1	0	22259	1258	415	23939
2	6	A	40000	51903	48.097	36.867	48097	11230	103	0	0	9552	1229	346	11107
2	6	B	40000	45678	54.322	41.427	54322	12895	89	1	0	12707	29	69	12832
2	7	G	40000	0	100	100	100000	200000	200000	200000	200000	200000	200000	200000	200002
2	7	A	40000	0	100	100	100000	100000	100000	100000	100000	100000	100000	100000	100001
2	7	B	40000	0	100	100	100000	100000	100000	100000	100000	100000	100000	100000	100001
3	0	G	40000	815	99.185	77.1845	99185	18894	281	3	0	17537	417	656	18303
3	0	A	40000	1370	98.63	96.738	98630	1892	196	0	0	1047	20	629	1359
3	0	B	40000	25367	74.633	57.631	74633	17002	85	3	0	16490	397	27	16944
3	0	cSpy was 64 spamed and the readout avoided!
3	1	G	40000	0	100	100	100000	200000	200000	200000	200000	200000	200000	200000	200002
3	1	A	40000	0	100	100	100000	100000	100000	100000	100000	100000	100000	100000	100001
3	1	B	40000	0	100	100	100000	100000	100000	100000	100000	100000	100000	100000	100001
3	2	G	40000	83696	16.304	4.0035	16304	17012	5	1	0	15673	1321	12	17008
3	2	A	40000	87391	12.609	3.928	12609	8681	4	0	0	7590	1078	9	8680
3	2	B	40000	87590	12.41	4.079	12410	8331	1	1	0	8083	243	3	8328
3	2	cSpy was 3 spamed and the readout avoided!
3	3	G	40000	100000	0	0	0	0	0	0	0	0	0	0	2
3	3	A	40000	100000	0	0	0	0	0	0	0	0	0	0	1
3	3	B	40000	100000	0	0	0	0	0	0	0	0	0	0	1
3	4	G	40000	91837	8.163	1.7425	8163	11657	0	0	0	11646	8	3	11659
3	4	A	40000	92486	7.514	1.647	7514	5867	0	0	0	5857	7	3	5868
3	4	B	40000	92372	7.628	1.838	7628	5790	0	0	0	5789	1	0	5791
3	5	G	40000	0	100	100	100000	200000	200000	200000	200000	200000	200000	200000	200002
3	5	A	40000	0	100	100	100000	100000	100000	100000	100000	100000	100000	100000	100001
3	5	B	40000	0	100	100	100000	100000	100000	100000	100000	100000	100000	100000	100001
3	6	G	40000	58496	41.504	25.5165	41504	26512	67	8	0	24721	1586	130	26386
3	6	A	40000	60405	39.595	25.709	39595	13886	4	0	0	12366	1462	54	13849
3	6	B	40000	62050	37.95	25.324	37950	12626	63	8	0	12355	124	76	12537
3	6	cSpy was 30 spamed and the readout avoided!
3	7	G	40000	100000	0	0	0	0	0	0	0	0	0	0	2
3	7	A	40000	100000	0	0	0	0	0	0	0	0	0	0	1
3	7	B	40000	100000	0	0	0	0	0	0	0	0	0	0	1
4	0	G	40000	1014	98.986	56.629	98986	24962	124	1	0	22907	1593	337	24665
4	0	A	40000	1468	98.532	96.774	98532	1758	122	0	0	830	476	330	1467
4	0	B	40000	60312	39.688	16.484	39688	23204	2	1	0	22077	1117	7	23198
4	0	cSpy was 8 spamed and the readout avoided!
4	1	G	40000	100000	0	0	0	0	0	0	0	0	0	0	2
4	1	A	40000	100000	0	0	0	0	0	0	0	0	0	0	1
4	1	B	40000	100000	0	0	0	0	0	0	0	0	0	0	1
4	2	G	40000	100000	0	0	0	0	0	0	0	0	0	0	2
4	2	A	40000	100000	0	0	0	0	0	0	0	0	0	0	1
4	2	B	40000	100000	0	0	0	0	0	0	0	0	0	0	1
4	3	G	40000	19351	80.649	59.0385	80649	34111	814	0	0	32582	121	594	33051
4	3	A	40000	23592	76.408	59.308	76408	17100	398	0	0	16270	0	432	16375
4	3	B	40000	24220	75.78	58.769	75780	17011	416	0	0	16312	121	162	16676
4	3	cSpy was 8 spamed and the readout avoided!
4	4	G	40000	6250	93.75	75.5645	93750	24177	288	26	1	21357	1894	611	23664
4	4	A	40000	12012	87.988	76.046	87988	11942	153	11	1	10305	950	522	11557
4	4	B	40000	12682	87.318	75.083	87318	12235	135	15	0	11052	944	89	12107
4	4	cSpy was 58 spamed and the readout avoided!
4	5	G	40000	100000	0	0	0	0	0	0	0	0	0	0	2
4	5	A	40000	100000	0	0	0	0	0	0	0	0	0	0	1
4	5	B	40000	100000	0	0	0	0	0	0	0	0	0	0	1
4	6	G	40000	100000	0	0	0	0	0	0	0	0	0	0	2
4	6	A	40000	100000	0	0	0	0	0	0	0	0	0	0	1
4	6	B	40000	100000	0	0	0	0	0	0	0	0	0	0	1
4	7	G	40000	24880	75.12	51.212	75120	37221	315	0	0	36590	11	305	36831
4	7	A	40000	30072	69.928	51.332	69928	18596	153	0	0	18202	4	237	18312
4	7	B	40000	30283	69.717	51.092	69717	18625	162	0	0	18388	7	68	18519
4	7	cSpy was 7 spamed and the readout avoided!
5	0	G	40000	503	99.497	56.872	99497	14910	158	0	0	13832	99	821	14366
5	0	A	40000	619	99.381	98.217	99381	1164	158	0	0	93	93	820	619
5	0	B	40000	70727	29.273	15.527	29273	13746	0	0	0	13739	6	1	13747
5	0	cSpy was 61 spamed and the readout avoided!
5	1	G	40000	54554	45.446	22.508	45446	35578	29	0	0	35483	5	61	35555
5	1	A	40000	59748	40.252	22.698	40252	17554	14	0	0	17476	5	59	17534
5	1	B	40000	59658	40.342	22.318	40342	18024	15	0	0	18007	0	2	18021
5	1	cSpy was 2 spamed and the readout avoided!
5	2	G	40000	17	99.983	98.8555	99983	1411	40	0	0	535	259	577	877
5	2	A	40000	28	99.972	99.523	99972	449	0	0	0	9	1	439	28
5	2	B	40000	850	99.15	98.188	99150	962	40	0	0	526	258	138	849
5	2	cSpy was 19 spamed and the readout avoided!
5	3	G	40000	98493	1.507	0	1507	3013	0	0	0	3012	1	0	3015
5	3	A	40000	98493	1.507	0	1507	1507	0	0	0	1506	1	0	1508
5	3	B	40000	98494	1.506	0	1506	1506	0	0	0	1506	0	0	1507
5	4	G	40000	100000	0	0	0	0	0	0	0	0	0	0	2
5	4	A	40000	100000	0	0	0	0	0	0	0	0	0	0	1
5	4	B	40000	100000	0	0	0	0	0	0	0	0	0	0	1
5	5	G	40000	92262	7.738	2.883	7738	8223	4	0	0	8207	1	11	8219
5	5	A	40000	92969	7.031	2.953	7031	4078	2	0	0	4064	1	11	4075
5	5	B	40000	93042	6.958	2.813	6958	4145	2	0	0	4143	0	0	4144
5	6	G	40000	0	100	100	100000	200000	200000	200000	200000	200000	200000	200000	200002
5	6	A	40000	0	100	100	100000	100000	100000	100000	100000	100000	100000	100000	100001
5	6	B	40000	0	100	100	100000	100000	100000	100000	100000	100000	100000	100000	100001
5	7	G	40000	29506	70.494	26.2085	70494	57087	12	15	0	50674	6264	122	57031
5	7	A	40000	44060	55.94	27.654	55940	28286	12	15	0	24296	3841	122	28229
5	7	B	40000	46436	53.564	24.763	53564	28801	0	0	0	26378	2423	0	28802
5	7	cSpy was 5 spamed and the readout avoided!
6	0	G	40000	533	99.467	96.5955	99467	3675	330	5	0	1818	961	561	3121
6	0	A	40000	1124	98.876	97.335	98876	1541	168	2	0	231	659	481	1124
6	0	B	40000	2010	97.99	95.856	97990	2134	162	3	0	1587	302	80	1997
6	0	cSpy was 56 spamed and the readout avoided!
6	1	G	40000	9845	90.155	60.6295	90155	38368	8	0	0	34385	3575	400	38175
6	1	A	40000	18942	81.058	62.822	81058	18236	1	0	0	16002	1837	396	18050
6	1	B	40000	21431	78.569	58.437	78569	20132	7	0	0	18383	1738	4	20125
6	1	cSpy was 5 spamed and the readout avoided!
6	2	G	40000	100000	0	0	0	0	0	0	0	0	0	0	2
6	2	A	40000	100000	0	0	0	0	0	0	0	0	0	0	1
6	2	B	40000	100000	0	0	0	0	0	0	0	0	0	0	1
6	3	G	40000	100000	0	0	0	0	0	0	0	0	0	0	2
6	3	A	40000	100000	0	0	0	0	0	0	0	0	0	0	1
6	3	B	40000	100000	0	0	0	0	0	0	0	0	0	0	1
6	4	G	40000	20542	79.458	58.5665	79458	34283	820	0	0	32708	154	601	33193
6	4	A	40000	24004	75.996	58.85	75996	17146	395	0	0	16326	0	425	16418
6	4	B	40000	24580	75.42	58.283	75420	17137	425	0	0	16382	154	176	16775
6	4	cSpy was 8 spamed and the readout avoided!
6	5	G	40000	4987	95.013	79.3685	95013	20573	137	6	0	18232	1420	778	20099
6	5	A	40000	9692	90.308	80.482	90308	9826	16	0	0	8500	616	694	9472
6	5	B	40000	10998	89.002	78.255	89002	10747	121	6	0	9732	804	84	10627
6	5	cSpy was 32 spamed and the readout avoided!
6	6	G	40000	100000	0	0	0	0	0	0	0	0	0	0	2
6	6	A	40000	100000	0	0	0	0	0	0	0	0	0	0	1
6	6	B	40000	100000	0	0	0	0	0	0	0	0	0	0	1
6	7	G	40000	100000	0	0	0	0	0	0	0	0	0	0	2
6	7	A	40000	100000	0	0	0	0	0	0	0	0	0	0	1
6	7	B	40000	100000	0	0	0	0	0	0	0	0	0	0	1
7	0	G	40000	2074	97.926	47.93	97926	3475	217	0	0	2626	65	567	2993
7	0	A	40000	2085	97.915	95.369	97915	2546	217	0	0	1698	64	567	2063
7	0	B	40000	98580	1.42	0.491	1420	929	0	0	0	928	1	0	930
7	1	G	40000	100000	0	0	0	0	0	0	0	0	0	0	2
7	1	A	40000	100000	0	0	0	0	0	0	0	0	0	0	1
7	1	B	40000	100000	0	0	0	0	0	0	0	0	0	0	1
7	2	G	40000	94925	5.075	1.4075	5075	5084	8	6	0	5009	50	11	5082
7	2	A	40000	95934	4.066	1.563	4066	2503	8	6	0	2466	12	11	2500
7	2	B	40000	96167	3.833	1.252	3833	2581	0	0	0	2543	38	0	2582
7	3	G	40000	0	100	100	100000	200000	200000	200000	200000	200000	200000	200000	200002
7	3	A	40000	0	100	100	100000	100000	100000	100000	100000	100000	100000	100000	100001
7	3	B	40000	0	100	100	100000	100000	100000	100000	100000	100000	100000	100000	100001
7	4	G	40000	83855	16.145	2.8705	16145	23771	0	0	0	21907	1842	22	23769
7	4	A	40000	84216	15.784	2.872	15784	12912	0	0	0	11321	1569	22	12909
7	4	B	40000	86272	13.728	2.869	13728	10859	0	0	0	10586	273	0	10860
7	5	G	40000	100000	0	0	0	0	0	0	0	0	0	0	2
7	5	A	40000	100000	0	0	0	0	0	0	0	0	0	0	1
7	5	B	40000	100000	0	0	0	0	0	0	0	0	0	0	1
7	6	G	40000	96818	3.182	0.8835	3182	2897	3	3	0	2869	16	6	2896
7	6	A	40000	97586	2.414	0.991	2414	1423	3	3	0	1404	7	6	1421
7	6	B	40000	97750	2.25	0.776	2250	1474	0	0	0	1465	9	0	1475
7	7	G	40000	58407	41.593	15.995	41593	37198	34	67	0	36258	645	194	37078
7	7	A	40000	64508	35.492	16.559	35492	18933	34	67	0	18375	263	194	18813
7	7	B	40000	66304	33.696	15.431	33696	18265	0	0	0	17883	382	0	18265
7	7	cSpy was 8 spamed and the readout avoided!
