#the gain was set to: 2	the bias was set to: 30
#Sent triggers per delay setting: 100000	and with a frequency [Hz] of: 40000
#160MHz delay setting	400MHz delay setting	Frequency	correct transmitted H+T		error rate [%]	uncertainty [%]	bad or missed events	error count	missing headers	missing trailers	flipped H/T	event nr errors	tbm missed trigger	unknown errors	event nr resets
0	0	G	40000	382	99.618	72.4045	99618	19036	102	0	0	18002	303	629	18504
0	0	A	40000	607	99.393	98.262	99393	1131	85	0	0	181	247	618	607
0	0	B	40000	35548	64.452	46.547	64452	17905	17	0	0	17821	56	11	17897
0	0	cSpy was 30 spamed and the readout avoided!
0	1	G	40000	26116	73.884	53.9875	73884	26005	508	0	0	24760	2	735	25551
0	1	A	40000	35774	64.226	53.451	64226	10775	253	0	0	10019	1	502	10520
0	1	B	40000	30246	69.754	54.524	69754	15230	255	0	0	14741	1	233	15031
0	2	G	40000	5174	94.826	77.209	94826	22435	54	1	0	19071	2997	312	22239
0	2	A	40000	10680	89.32	79.045	89320	10275	27	0	0	8274	1670	304	10098
0	2	B	40000	12467	87.533	75.373	87533	12160	27	1	0	10797	1327	8	12141
0	3	G	40000	100000	0	0	0	0	0	0	0	0	0	0	2
0	3	A	40000	100000	0	0	0	0	0	0	0	0	0	0	1
0	3	B	40000	100000	0	0	0	0	0	0	0	0	0	0	1
0	4	G	40000	100000	0	0	0	0	0	0	0	0	0	0	2
0	4	A	40000	100000	0	0	0	0	0	0	0	0	0	0	1
0	4	B	40000	100000	0	0	0	0	0	0	0	0	0	0	1
0	5	G	40000	52397	47.603	29.8815	47603	23458	45	0	0	23013	97	303	23383
0	5	A	40000	59970	40.03	29.404	40030	10626	25	0	0	10264	48	289	10562
0	5	B	40000	56809	43.191	30.359	43191	12832	20	0	0	12749	49	14	12821
0	6	G	40000	0	100	100	100000	200000	200000	200000	200000	200000	200000	200000	200002
0	6	A	40000	0	100	100	100000	100000	100000	100000	100000	100000	100000	100000	100001
0	6	B	40000	0	100	100	100000	100000	100000	100000	100000	100000	100000	100000	100001
0	7	G	40000	99150	0.849998	0.2165	850	1265	0	0	0	1265	0	0	1267
0	7	A	40000	99151	0.849003	0.216	849	633	0	0	0	633	0	0	634
0	7	B	40000	99151	0.849003	0.217	849	632	0	0	0	632	0	0	633
1	0	G	40000	290	99.71	97.4285	99710	2755	181	1	0	1953	177	443	2353
1	0	A	40000	1705	98.295	96.279	98295	2016	160	1	0	1358	123	374	1671
1	0	B	40000	683	99.317	98.578	99317	739	21	0	0	595	54	69	682
1	0	cSpy was 23 spamed and the readout avoided!
1	1	G	40000	98956	1.044	0.224	1044	1638	0	0	0	1638	0	0	1640
1	1	A	40000	98958	1.042	0.224	1042	818	0	0	0	818	0	0	819
1	1	B	40000	98956	1.044	0.224	1044	820	0	0	0	820	0	0	821
1	2	G	40000	100000	0	0	0	0	0	0	0	0	0	0	2
1	2	A	40000	100000	0	0	0	0	0	0	0	0	0	0	1
1	2	B	40000	100000	0	0	0	0	0	0	0	0	0	0	1
1	3	G	40000	96713	3.287	0.6295	3287	4651	0	0	0	4641	4	6	4652
1	3	A	40000	97149	2.851	0.567	2851	2284	0	0	0	2277	1	6	2284
1	3	B	40000	96941	3.059	0.692	3059	2367	0	0	0	2364	3	0	2368
1	4	G	40000	525	99.475	96.6605	99475	3545	290	1	0	1597	1307	350	3114
1	4	A	40000	1752	98.248	96.364	98248	1884	70	0	0	688	982	144	1733
1	4	B	40000	1382	98.618	96.957	98618	1661	220	1	0	909	325	206	1381
1	4	cSpy was 30 spamed and the readout avoided!
1	5	G	40000	72750	27.25	5.1535	27250	21973	0	0	0	19762	2211	0	21975
1	5	A	40000	86874	13.126	2.001	13126	11125	0	0	0	10066	1059	0	11126
1	5	B	40000	80846	19.154	8.306	19154	10848	0	0	0	9696	1152	0	10849
1	6	G	40000	100000	0	0	0	0	0	0	0	0	0	0	2
1	6	A	40000	100000	0	0	0	0	0	0	0	0	0	0	1
1	6	B	40000	100000	0	0	0	0	0	0	0	0	0	0	1
1	7	G	40000	91677	8.323	3.9285	8323	5300	0	0	0	5129	135	36	5300
1	7	A	40000	93832	6.168	3.624	6168	2544	0	0	0	2396	113	35	2543
1	7	B	40000	93011	6.989	4.233	6989	2756	0	0	0	2733	22	1	2757
2	0	G	40000	2427	97.573	48.219	97573	4055	46	0	0	3825	107	77	3970
2	0	A	40000	2471	97.529	95.008	97529	2521	46	0	0	2291	107	77	2435
2	0	B	40000	97036	2.964	1.43	2964	1534	0	0	0	1534	0	0	1535
2	1	G	40000	100000	0	0	0	0	0	0	0	0	0	0	2
2	1	A	40000	100000	0	0	0	0	0	0	0	0	0	0	1
2	1	B	40000	100000	0	0	0	0	0	0	0	0	0	0	1
2	2	G	40000	32278	67.722	46.701	67722	25909	742	0	0	23278	1251	638	25291
2	2	A	40000	43496	56.504	44.937	56504	11567	408	0	0	10074	652	433	11176
2	2	B	40000	37193	62.807	48.465	62807	14342	334	0	0	13204	599	205	14115
2	3	G	40000	8083	91.917	60.1345	91917	38153	105	0	0	33708	4218	122	38026
2	3	A	40000	26043	73.957	49.386	73957	24571	7	0	0	21244	3263	57	24532
2	3	B	40000	15535	84.465	70.883	84465	13582	98	0	0	12464	955	65	13494
2	4	G	40000	100000	0	0	0	0	0	0	0	0	0	0	2
2	4	A	40000	100000	0	0	0	0	0	0	0	0	0	0	1
2	4	B	40000	100000	0	0	0	0	0	0	0	0	0	0	1
2	5	G	40000	100000	0	0	0	0	0	0	0	0	0	0	2
2	5	A	40000	100000	0	0	0	0	0	0	0	0	0	0	1
2	5	B	40000	100000	0	0	0	0	0	0	0	0	0	0	1
2	6	G	40000	29396	70.604	47.641	70604	26956	251	1	0	25201	978	525	26750
2	6	A	40000	42516	57.484	45.558	57484	11926	156	1	0	10565	766	438	11766
2	6	B	40000	35246	64.754	49.724	64754	15030	95	0	0	14636	212	87	14984
2	7	G	40000	0	100	100	100000	200000	200000	200000	200000	200000	200000	200000	200002
2	7	A	40000	0	100	100	100000	100000	100000	100000	100000	100000	100000	100000	100001
2	7	B	40000	0	100	100	100000	100000	100000	100000	100000	100000	100000	100000	100001
3	0	G	40000	837	99.163	77.944	99163	18665	308	5	0	17272	396	684	18037
3	0	A	40000	1448	98.552	96.554	98552	1998	227	0	0	1100	22	649	1426
3	0	B	40000	23999	76.001	59.334	76001	16667	81	5	0	16172	374	35	16611
3	0	cSpy was 59 spamed and the readout avoided!
3	1	G	40000	0	100	100	100000	200000	200000	200000	200000	200000	200000	200000	200002
3	1	A	40000	0	100	100	100000	100000	100000	100000	100000	100000	100000	100000	100001
3	1	B	40000	0	100	100	100000	100000	100000	100000	100000	100000	100000	100000	100001
3	2	G	40000	99818	0.182003	0	182	364	0	0	0	364	0	0	366
3	2	A	40000	99818	0.182003	0	182	182	0	0	0	182	0	0	183
3	2	B	40000	99818	0.182003	0	182	182	0	0	0	182	0	0	183
3	3	G	40000	100000	0	0	0	0	0	0	0	0	0	0	2
3	3	A	40000	100000	0	0	0	0	0	0	0	0	0	0	1
3	3	B	40000	100000	0	0	0	0	0	0	0	0	0	0	1
3	4	G	40000	81470	18.53	9.711	18530	14472	103	0	0	14255	35	79	14343
3	4	A	40000	83067	16.933	9.619	16933	7314	50	0	0	7191	15	58	7223
3	4	B	40000	83039	16.961	9.803	16961	7158	53	0	0	7064	20	21	7120
3	5	G	40000	0	100	100	100000	200000	200000	200000	200000	200000	200000	200000	200002
3	5	A	40000	0	100	100	100000	100000	100000	100000	100000	100000	100000	100000	100001
3	5	B	40000	0	100	100	100000	100000	100000	100000	100000	100000	100000	100000	100001
3	6	G	40000	0	100	100	100000	200000	200000	200000	200000	200000	200000	200000	200002
3	6	A	40000	0	100	100	100000	100000	100000	100000	100000	100000	100000	100000	100001
3	6	B	40000	0	100	100	100000	100000	100000	100000	100000	100000	100000	100000	100001
3	7	G	40000	100000	0	0	0	0	0	0	0	0	0	0	2
3	7	A	40000	100000	0	0	0	0	0	0	0	0	0	0	1
3	7	B	40000	100000	0	0	0	0	0	0	0	0	0	0	1
4	0	G	40000	831	99.169	66.7895	99169	18624	171	2	1	15874	2212	364	18268
4	0	A	40000	1185	98.815	97.338	98815	1477	107	0	0	701	335	334	1180
4	0	B	40000	46612	53.388	36.241	53388	17147	64	2	1	15173	1877	30	17088
4	0	cSpy was 22 spamed and the readout avoided!
4	1	G	40000	100000	0	0	0	0	0	0	0	0	0	0	2
4	1	A	40000	100000	0	0	0	0	0	0	0	0	0	0	1
4	1	B	40000	100000	0	0	0	0	0	0	0	0	0	0	1
4	2	G	40000	99980	0.0199974	0	20	40	0	0	0	40	0	0	42
4	2	A	40000	99980	0.0199974	0	20	20	0	0	0	20	0	0	21
4	2	B	40000	99980	0.0199974	0	20	20	0	0	0	20	0	0	21
4	3	G	40000	20583	79.417	57.0545	79417	34636	704	0	0	33298	91	543	33711
4	3	A	40000	25338	74.662	57.33	74662	17332	346	0	0	16595	4	387	16712
4	3	B	40000	25917	74.083	56.779	74083	17304	358	0	0	16703	87	156	16999
4	3	cSpy was 6 spamed and the readout avoided!
4	4	G	40000	7486	92.514	72.163	92514	27208	149	23	0	24312	2279	446	26892
4	4	A	40000	13951	86.049	72.579	86049	13470	76	16	0	11824	1153	402	13221
4	4	B	40000	14515	85.485	71.747	85485	13738	73	7	0	12488	1126	44	13671
4	4	cSpy was 29 spamed and the readout avoided!
4	5	G	40000	100000	0	0	0	0	0	0	0	0	0	0	2
4	5	A	40000	100000	0	0	0	0	0	0	0	0	0	0	1
4	5	B	40000	100000	0	0	0	0	0	0	0	0	0	0	1
4	6	G	40000	100000	0	0	0	0	0	0	0	0	0	0	2
4	6	A	40000	100000	0	0	0	0	0	0	0	0	0	0	1
4	6	B	40000	100000	0	0	0	0	0	0	0	0	0	0	1
4	7	G	40000	23467	76.533	53.8465	76533	35756	435	1	0	34930	29	361	35210
4	7	A	40000	28121	71.879	53.997	71879	17882	209	1	0	17404	0	268	17498
4	7	B	40000	28430	71.57	53.696	71570	17874	226	0	0	17526	29	93	17712
4	7	cSpy was 7 spamed and the readout avoided!
5	0	G	40000	470	99.53	57.1195	99530	15159	140	0	0	14058	107	854	14570
5	0	A	40000	577	99.423	98.256	99423	1167	140	0	0	74	100	853	577
5	0	B	40000	70025	29.975	15.983	29975	13992	0	0	0	13984	7	1	13993
5	0	cSpy was 62 spamed and the readout avoided!
5	1	G	40000	46960	53.04	29.0005	53040	36877	69	0	0	36710	4	94	36807
5	1	A	40000	52594	47.406	29.169	47406	18237	33	0	0	18112	4	88	18181
5	1	B	40000	52528	47.472	28.832	47472	18640	36	0	0	18598	0	6	18626
5	1	cSpy was 4 spamed and the readout avoided!
5	2	G	40000	32	99.968	98.887	99968	1423	34	0	0	569	113	707	800
5	2	A	40000	72	99.928	99.329	99928	599	2	0	0	7	0	590	72
5	2	B	40000	731	99.269	98.445	99269	824	32	0	0	562	113	117	728
5	2	cSpy was 26 spamed and the readout avoided!
5	3	G	40000	98928	1.072	0	1072	2141	0	0	0	2138	3	0	2143
5	3	A	40000	98928	1.072	0	1072	1072	0	0	0	1069	3	0	1073
5	3	B	40000	98931	1.069	0	1069	1069	0	0	0	1069	0	0	1070
5	4	G	40000	100000	0	0	0	0	0	0	0	0	0	0	2
5	4	A	40000	100000	0	0	0	0	0	0	0	0	0	0	1
5	4	B	40000	100000	0	0	0	0	0	0	0	0	0	0	1
5	5	G	40000	91183	8.817	3.447	8817	9588	16	0	0	9556	1	15	9571
5	5	A	40000	91711	8.289	3.516	8289	4773	8	0	0	4751	1	13	4760
5	5	B	40000	91807	8.193	3.378	8193	4815	8	0	0	4805	0	2	4811
5	6	G	40000	0	100	100	100000	200000	200000	200000	200000	200000	200000	200000	200002
5	6	A	40000	0	100	100	100000	100000	100000	100000	100000	100000	100000	100000	100001
5	6	B	40000	0	100	100	100000	100000	100000	100000	100000	100000	100000	100000	100001
5	7	G	40000	29579	70.421	25.857	70421	57237	14	16	0	50927	6169	111	57176
5	7	A	40000	44323	55.677	27.346	55677	28331	14	16	0	24375	3815	111	28270
5	7	B	40000	46726	53.274	24.368	53274	28906	0	0	0	26552	2354	0	28906
5	7	cSpy was 2 spamed and the readout avoided!
6	0	G	40000	492	99.508	96.4305	99508	3863	360	5	0	1848	1046	604	3264
6	0	A	40000	1183	98.817	97.179	98817	1638	186	1	0	201	717	533	1183
6	0	B	40000	2093	97.907	95.682	97907	2225	174	4	0	1647	329	71	2081
6	0	cSpy was 57 spamed and the readout avoided!
6	1	G	40000	15504	84.496	42.846	84496	53902	1	1	0	47836	5854	210	53796
6	1	A	40000	28768	71.232	45.535	71232	25697	0	1	0	22168	3320	208	25592
6	1	B	40000	31638	68.362	40.157	68362	28205	1	0	0	25668	2534	2	28204
6	1	cSpy was 5 spamed and the readout avoided!
6	2	G	40000	100000	0	0	0	0	0	0	0	0	0	0	2
6	2	A	40000	100000	0	0	0	0	0	0	0	0	0	0	1
6	2	B	40000	100000	0	0	0	0	0	0	0	0	0	0	1
6	3	G	40000	100000	0	0	0	0	0	0	0	0	0	0	2
6	3	A	40000	100000	0	0	0	0	0	0	0	0	0	0	1
6	3	B	40000	100000	0	0	0	0	0	0	0	0	0	0	1
6	4	G	40000	19152	80.848	59.1885	80848	33890	798	0	0	32354	129	609	32808
6	4	A	40000	23551	76.449	59.495	76449	16954	389	0	0	16127	2	436	16234
6	4	B	40000	24182	75.818	58.882	75818	16936	409	0	0	16227	127	173	16574
6	4	cSpy was 7 spamed and the readout avoided!
6	5	G	40000	6628	93.372	72.52	93372	27263	98	9	1	24454	1926	775	26813
6	5	A	40000	12993	87.007	73.99	87007	13017	13	2	1	11418	878	705	12649
6	5	B	40000	14704	85.296	71.05	85296	14246	85	7	0	13036	1048	70	14164
6	5	cSpy was 15 spamed and the readout avoided!
6	6	G	40000	100000	0	0	0	0	0	0	0	0	0	0	2
6	6	A	40000	100000	0	0	0	0	0	0	0	0	0	0	1
6	6	B	40000	100000	0	0	0	0	0	0	0	0	0	0	1
6	7	G	40000	99998	0.00200272	0	2	4	0	0	0	4	0	0	6
6	7	A	40000	99998	0.00200272	0	2	2	0	0	0	2	0	0	3
6	7	B	40000	99998	0.00200272	0	2	2	0	0	0	2	0	0	3
7	0	G	40000	1910	98.09	48.146	98090	8089	204	0	0	7228	119	538	7608
7	0	A	40000	2014	97.986	95.518	97986	2468	204	0	0	1651	75	538	1986
7	0	B	40000	93605	6.395	0.774	6395	5621	0	0	0	5577	44	0	5622
7	0	cSpy was 2 spamed and the readout avoided!
7	1	G	40000	100000	0	0	0	0	0	0	0	0	0	0	2
7	1	A	40000	100000	0	0	0	0	0	0	0	0	0	0	1
7	1	B	40000	100000	0	0	0	0	0	0	0	0	0	0	1
7	2	G	40000	96014	3.986	0.54	3986	5933	0	1	0	5890	33	9	5932
7	2	A	40000	96421	3.579	0.616	3579	2963	0	1	0	2931	22	9	2961
7	2	B	40000	96566	3.434	0.464	3434	2970	0	0	0	2959	11	0	2971
7	3	G	40000	0	100	100	100000	200000	200000	200000	200000	200000	200000	200000	200002
7	3	A	40000	0	100	100	100000	100000	100000	100000	100000	100000	100000	100000	100001
7	3	B	40000	0	100	100	100000	100000	100000	100000	100000	100000	100000	100000	100001
7	4	G	40000	63940	36.06	12.0835	36060	34227	1	0	0	30801	3329	96	34176
7	4	A	40000	69728	30.272	13.286	30272	16986	0	0	0	14710	2180	96	16936
7	4	B	40000	71878	28.122	10.881	28122	17241	1	0	0	16091	1149	0	17240
7	4	cSpy was 4 spamed and the readout avoided!
7	5	G	40000	100000	0	0	0	0	0	0	0	0	0	0	2
7	5	A	40000	100000	0	0	0	0	0	0	0	0	0	0	1
7	5	B	40000	100000	0	0	0	0	0	0	0	0	0	0	1
7	6	G	40000	99981	0.019002	0	19	38	0	0	0	38	0	0	40
7	6	A	40000	99981	0.019002	0	19	19	0	0	0	19	0	0	20
7	6	B	40000	99981	0.019002	0	19	19	0	0	0	19	0	0	20
7	7	G	40000	56301	43.699	17.6495	43699	39172	6	22	0	38161	809	174	39093
7	7	A	40000	62066	37.934	18.109	37934	19825	5	22	0	19291	333	174	19746
7	7	B	40000	63463	36.537	17.19	36537	19347	1	0	0	18870	476	0	19347
7	7	cSpy was 7 spamed and the readout avoided!
