#the gain was set to: 2	the bias was set to: 30
#Sent triggers per delay setting: 100000	and with a frequency [Hz] of: 40000
#160MHz delay setting	400MHz delay setting	Frequency	correct transmitted H+T		error rate [%]	uncertainty [%]	bad or missed events	error count	missing headers	missing trailers	flipped H/T	event nr errors	tbm missed trigger	unknown errors	event nr resets
0	0	G	40000	417	99.583	71.733	99583	19146	109	0	0	18115	279	643	18617
0	0	A	40000	635	99.365	98.219	99365	1146	83	0	0	189	250	624	635
0	0	B	40000	36753	63.247	45.247	63247	18000	26	0	0	17926	29	19	17982
0	0	cSpy was 37 spamed and the readout avoided!
0	1	G	40000	30725	69.275	46.2395	69275	29787	73	1	0	29190	102	421	29684
0	1	A	40000	41152	58.848	45.524	58848	13324	41	0	0	12843	45	395	13242
0	1	B	40000	36582	63.418	46.955	63418	16463	32	1	0	16347	57	26	16442
0	2	G	40000	2309	97.691	87.9075	97691	12143	391	14	0	9455	1839	444	11626
0	2	A	40000	5469	94.531	89.065	94531	5466	124	0	0	3956	1064	322	5186
0	2	B	40000	6573	93.427	86.75	93427	6677	267	14	0	5499	775	122	6440
0	2	cSpy was 56 spamed and the readout avoided!
0	3	G	40000	100000	0	0	0	0	0	0	0	0	0	0	2
0	3	A	40000	100000	0	0	0	0	0	0	0	0	0	0	1
0	3	B	40000	100000	0	0	0	0	0	0	0	0	0	0	1
0	4	G	40000	100000	0	0	0	0	0	0	0	0	0	0	2
0	4	A	40000	100000	0	0	0	0	0	0	0	0	0	0	1
0	4	B	40000	100000	0	0	0	0	0	0	0	0	0	0	1
0	5	G	40000	70572	29.428	12.5105	29428	26077	3	0	0	25936	21	117	26056
0	5	A	40000	75492	24.508	12.251	24508	12257	2	0	0	12132	10	113	12236
0	5	B	40000	73410	26.59	12.77	26590	13820	1	0	0	13804	11	4	13820
0	6	G	40000	1086	98.914	94.007	98914	6169	420	9	0	3900	1481	359	5645
0	6	A	40000	3298	96.702	93.31	96702	3392	96	0	0	2003	1077	216	3162
0	6	B	40000	2519	97.481	94.704	97481	2777	324	9	0	1897	404	143	2483
0	6	cSpy was 35 spamed and the readout avoided!
0	7	G	40000	94334	5.666	0.9705	5666	7089	0	0	0	6837	252	0	7091
0	7	A	40000	95775	4.225	0.701	4225	3524	0	0	0	3413	111	0	3525
0	7	B	40000	95195	4.805	1.24	4805	3565	0	0	0	3424	141	0	3566
1	0	G	40000	267	99.733	97.8155	99733	2443	165	0	0	1372	250	656	1901
1	0	A	40000	933	99.067	97.664	99067	1403	128	0	0	529	166	580	933
1	0	B	40000	993	99.007	97.967	99007	1040	37	0	0	843	84	76	968
1	0	cSpy was 29 spamed and the readout avoided!
1	1	G	40000	92584	7.416	1.13	7416	8468	0	0	0	7983	484	1	8470
1	1	A	40000	95160	4.84	0.647	4840	4193	0	0	0	3985	207	1	4194
1	1	B	40000	94112	5.888	1.613	5888	4275	0	0	0	3998	277	0	4276
1	2	G	40000	100000	0	0	0	0	0	0	0	0	0	0	2
1	2	A	40000	100000	0	0	0	0	0	0	0	0	0	0	1
1	2	B	40000	100000	0	0	0	0	0	0	0	0	0	0	1
1	3	G	40000	98595	1.405	0.429	1405	1700	0	0	0	1687	9	4	1702
1	3	A	40000	98765	1.235	0.407	1235	828	0	0	0	818	7	3	829
1	3	B	40000	98677	1.323	0.451	1323	872	0	0	0	869	2	1	873
1	4	G	40000	0	100	100	100000	200000	200000	200000	200000	200000	200000	200000	200002
1	4	A	40000	0	100	100	100000	100000	100000	100000	100000	100000	100000	100000	100001
1	4	B	40000	0	100	100	100000	100000	100000	100000	100000	100000	100000	100000	100001
1	5	G	40000	24012	75.988	33.7255	75988	44561	15	0	0	37352	7150	44	44532
1	5	A	40000	52050	47.95	21.604	47950	26346	0	0	0	21589	4718	39	26333
1	5	B	40000	35938	64.062	45.847	64062	18215	15	0	0	15763	2432	5	18199
1	5	cSpy was 1 spamed and the readout avoided!
1	6	G	40000	100000	0	0	0	0	0	0	0	0	0	0	2
1	6	A	40000	100000	0	0	0	0	0	0	0	0	0	0	1
1	6	B	40000	100000	0	0	0	0	0	0	0	0	0	0	1
1	7	G	40000	100000	0	0	0	0	0	0	0	0	0	0	2
1	7	A	40000	100000	0	0	0	0	0	0	0	0	0	0	1
1	7	B	40000	100000	0	0	0	0	0	0	0	0	0	0	1
2	0	G	40000	2356	97.644	48.332	97644	4059	51	0	0	3809	119	80	3960
2	0	A	40000	2399	97.601	95.137	97601	2464	51	0	0	2214	119	80	2364
2	0	B	40000	96878	3.122	1.527	3122	1595	0	0	0	1595	0	0	1596
2	1	G	40000	99958	0.0419974	0.006	42	71	0	0	0	71	0	0	73
2	1	A	40000	99959	0.041002	0.006	41	35	0	0	0	35	0	0	36
2	1	B	40000	99958	0.0419974	0.006	42	36	0	0	0	36	0	0	37
2	2	G	40000	27819	72.181	50.293	72181	26082	420	0	0	23939	1155	568	25760
2	2	A	40000	40236	59.764	48.279	59764	11485	250	0	0	10021	771	443	11249
2	2	B	40000	33096	66.904	52.307	66904	14597	170	0	0	13918	384	125	14511
2	3	G	40000	4153	95.847	81.698	95847	16767	162	3	0	14511	1703	388	16412
2	3	A	40000	12024	87.976	77.722	87976	10254	42	0	0	8817	1187	208	10089
2	3	B	40000	7813	92.187	85.674	92187	6513	120	3	0	5694	516	180	6323
2	3	cSpy was 44 spamed and the readout avoided!
2	4	G	40000	100000	0	0	0	0	0	0	0	0	0	0	2
2	4	A	40000	100000	0	0	0	0	0	0	0	0	0	0	1
2	4	B	40000	100000	0	0	0	0	0	0	0	0	0	0	1
2	5	G	40000	99976	0.0240028	0.001	24	46	0	0	0	46	0	0	48
2	5	A	40000	99976	0.0240028	0.001	24	23	0	0	0	23	0	0	24
2	5	B	40000	99976	0.0240028	0.001	24	23	0	0	0	23	0	0	24
2	6	G	40000	48553	51.447	29.596	51447	26824	43	0	0	25944	588	249	26785
2	6	A	40000	59732	40.268	28.111	40268	12157	28	0	0	11373	516	240	12120
2	6	B	40000	54252	45.748	31.081	45748	14667	15	0	0	14571	72	9	14665
2	7	G	40000	0	100	100	100000	200000	200000	200000	200000	200000	200000	200000	200002
2	7	A	40000	0	100	100	100000	100000	100000	100000	100000	100000	100000	100000	100001
2	7	B	40000	0	100	100	100000	100000	100000	100000	100000	100000	100000	100000	100001
3	0	G	40000	1107	98.893	68.039	98893	16630	236	1	0	15426	324	643	16085
3	0	A	40000	1593	98.407	96.315	98407	2092	193	0	0	1240	31	628	1571
3	0	B	40000	45699	54.301	39.763	54301	14538	43	1	0	14186	293	15	14514
3	0	cSpy was 10 spamed and the readout avoided!
3	1	G	40000	0	100	100	100000	200000	200000	200000	200000	200000	200000	200000	200002
3	1	A	40000	0	100	100	100000	100000	100000	100000	100000	100000	100000	100000	100001
3	1	B	40000	0	100	100	100000	100000	100000	100000	100000	100000	100000	100000	100001
3	2	G	40000	80181	19.819	4.5645	19819	22216	3	2	0	20696	1506	9	22213
3	2	A	40000	84160	15.84	4.481	15840	11359	3	0	0	10110	1239	7	11357
3	2	B	40000	84495	15.505	4.648	15505	10857	0	2	0	10586	267	2	10856
3	2	cSpy was 3 spamed and the readout avoided!
3	3	G	40000	100000	0	0	0	0	0	0	0	0	0	0	2
3	3	A	40000	100000	0	0	0	0	0	0	0	0	0	0	1
3	3	B	40000	100000	0	0	0	0	0	0	0	0	0	0	1
3	4	G	40000	91722	8.278	3.0025	8278	8727	4	0	0	8673	40	10	8724
3	4	A	40000	92678	7.322	2.923	7322	4399	2	0	0	4378	9	10	4395
3	4	B	40000	92590	7.41	3.082	7410	4328	2	0	0	4295	31	0	4329
3	5	G	40000	0	100	100	100000	200000	200000	200000	200000	200000	200000	200000	200002
3	5	A	40000	0	100	100	100000	100000	100000	100000	100000	100000	100000	100000	100001
3	5	B	40000	0	100	100	100000	100000	100000	100000	100000	100000	100000	100000	100001
3	6	G	40000	0	100	100	100000	200000	200000	200000	200000	200000	200000	200000	200002
3	6	A	40000	0	100	100	100000	100000	100000	100000	100000	100000	100000	100000	100001
3	6	B	40000	0	100	100	100000	100000	100000	100000	100000	100000	100000	100000	100001
3	7	G	40000	100000	0	0	0	0	0	0	0	0	0	0	2
3	7	A	40000	100000	0	0	0	0	0	0	0	0	0	0	1
3	7	B	40000	100000	0	0	0	0	0	0	0	0	0	0	1
4	0	G	40000	0	100	100	100000	200000	200000	200000	200000	200000	200000	200000	200002
4	0	A	40000	0	100	100	100000	100000	100000	100000	100000	100000	100000	100000	100001
4	0	B	40000	0	100	100	100000	100000	100000	100000	100000	100000	100000	100000	100001
4	1	G	40000	100000	0	0	0	0	0	0	0	0	0	0	2
4	1	A	40000	100000	0	0	0	0	0	0	0	0	0	0	1
4	1	B	40000	100000	0	0	0	0	0	0	0	0	0	0	1
4	2	G	40000	99998	0.00200272	0	2	4	0	0	0	4	0	0	6
4	2	A	40000	99998	0.00200272	0	2	2	0	0	0	2	0	0	3
4	2	B	40000	99998	0.00200272	0	2	2	0	0	0	2	0	0	3
4	3	G	40000	32153	67.847	47.928	67847	32559	629	0	0	31335	127	468	31719
4	3	A	40000	35560	64.44	48.18	64440	16260	303	0	0	15623	2	332	15701
4	3	B	40000	36025	63.975	47.676	63975	16299	326	0	0	15712	125	136	16018
4	3	cSpy was 6 spamed and the readout avoided!
4	4	G	40000	1216	98.784	95.504	98784	4798	446	7	1	3554	246	545	4119
4	4	A	40000	1912	98.088	95.76	98088	2328	237	2	1	1562	125	402	1873
4	4	B	40000	2282	97.718	95.248	97718	2470	209	5	0	1992	121	143	2246
4	4	cSpy was 79 spamed and the readout avoided!
4	5	G	40000	100000	0	0	0	0	0	0	0	0	0	0	2
4	5	A	40000	100000	0	0	0	0	0	0	0	0	0	0	1
4	5	B	40000	100000	0	0	0	0	0	0	0	0	0	0	1
4	6	G	40000	100000	0	0	0	0	0	0	0	0	0	0	2
4	6	A	40000	100000	0	0	0	0	0	0	0	0	0	0	1
4	6	B	40000	100000	0	0	0	0	0	0	0	0	0	0	1
4	7	G	40000	59621	40.379	21.6105	40379	28810	39	0	0	28697	8	66	28771
4	7	A	40000	64006	35.994	21.759	35994	14235	20	0	0	14145	8	62	14204
4	7	B	40000	63963	36.037	21.462	36037	14575	19	0	0	14552	0	4	14567
4	7	cSpy was 2 spamed and the readout avoided!
5	0	G	40000	508	99.492	56.5765	99492	14536	145	0	0	13440	109	842	13984
5	0	A	40000	619	99.381	98.21	99381	1171	145	0	0	84	101	841	618
5	0	B	40000	71692	28.308	14.943	28308	13365	0	0	0	13356	8	1	13366
5	0	cSpy was 64 spamed and the readout avoided!
5	1	G	40000	63621	36.379	19.564	36379	25972	47	0	0	25853	1	71	25916
5	1	A	40000	67483	32.517	19.686	32517	12831	23	0	0	12745	1	62	12789
5	1	B	40000	67417	32.583	19.442	32583	13141	24	0	0	13108	0	9	13127
5	1	cSpy was 3 spamed and the readout avoided!
5	2	G	40000	0	100	100	100000	200000	200000	200000	200000	200000	200000	200000	200002
5	2	A	40000	0	100	100	100000	100000	100000	100000	100000	100000	100000	100000	100001
5	2	B	40000	0	100	100	100000	100000	100000	100000	100000	100000	100000	100000	100001
5	3	G	40000	93773	6.227	0.327	6227	11148	0	0	0	10590	557	1	11150
5	3	A	40000	93804	6.196	0.327	6196	5869	0	0	0	5341	527	1	5870
5	3	B	40000	94394	5.606	0.327	5606	5279	0	0	0	5249	30	0	5280
5	4	G	40000	100000	0	0	0	0	0	0	0	0	0	0	2
5	4	A	40000	100000	0	0	0	0	0	0	0	0	0	0	1
5	4	B	40000	100000	0	0	0	0	0	0	0	0	0	0	1
5	5	G	40000	95804	4.196	0.578	4196	6744	0	0	0	6743	1	0	6746
5	5	A	40000	96003	3.997	0.636	3997	3361	0	0	0	3360	1	0	3362
5	5	B	40000	96097	3.903	0.52	3903	3383	0	0	0	3383	0	0	3384
5	6	G	40000	2351	97.649	92.908	97649	6373	277	0	0	5153	735	208	6037
5	6	A	40000	2788	97.212	95.172	97212	2040	45	0	0	1897	0	98	1920
5	6	B	40000	5023	94.977	90.644	94977	4333	232	0	0	3256	735	110	4117
5	6	cSpy was 43 spamed and the readout avoided!
5	7	G	40000	15753	84.247	40.001	84247	57322	3	1	0	50908	6108	302	57174
5	7	A	40000	29505	70.495	43.318	70495	27177	1	1	0	23432	3442	301	27032
5	7	B	40000	33171	66.829	36.684	66829	30145	2	0	0	27476	2666	1	30142
5	7	cSpy was 9 spamed and the readout avoided!
6	0	G	40000	0	100	100	100000	200000	200000	200000	200000	200000	200000	200000	200002
6	0	A	40000	0	100	100	100000	100000	100000	100000	100000	100000	100000	100000	100001
6	0	B	40000	0	100	100	100000	100000	100000	100000	100000	100000	100000	100000	100001
6	1	G	40000	11865	88.135	52.3285	88135	46466	17	0	0	41712	4195	542	46190
6	1	A	40000	22905	77.095	54.981	77095	22114	2	0	0	19469	2114	529	21850
6	1	B	40000	25972	74.028	49.676	74028	24352	15	0	0	22243	2081	13	24340
6	1	cSpy was 9 spamed and the readout avoided!
6	2	G	40000	100000	0	0	0	0	0	0	0	0	0	0	2
6	2	A	40000	100000	0	0	0	0	0	0	0	0	0	0	1
6	2	B	40000	100000	0	0	0	0	0	0	0	0	0	0	1
6	3	G	40000	99883	0.116998	0.0045	117	216	0	0	0	214	1	1	218
6	3	A	40000	99886	0.114	0.006	114	108	0	0	0	106	1	1	109
6	3	B	40000	99889	0.111002	0.003	111	108	0	0	0	108	0	0	109
6	4	G	40000	32094	67.906	48.3755	67906	31674	530	1	0	30638	78	427	30968
6	4	A	40000	35583	64.417	48.58	64417	15837	255	1	0	15278	0	303	15362
6	4	B	40000	35992	64.008	48.171	64008	15837	275	0	0	15360	78	124	15606
6	4	cSpy was 5 spamed and the readout avoided!
6	5	G	40000	693	99.307	96.1105	99307	4059	201	4	0	3089	176	589	3643
6	5	A	40000	1642	98.358	96.495	98358	1863	30	0	0	1309	69	455	1615
6	5	B	40000	2078	97.922	95.726	97922	2196	171	4	0	1780	107	134	2028
6	5	cSpy was 73 spamed and the readout avoided!
6	6	G	40000	100000	0	0	0	0	0	0	0	0	0	0	2
6	6	A	40000	100000	0	0	0	0	0	0	0	0	0	0	1
6	6	B	40000	100000	0	0	0	0	0	0	0	0	0	0	1
6	7	G	40000	100000	0	0	0	0	0	0	0	0	0	0	2
6	7	A	40000	100000	0	0	0	0	0	0	0	0	0	0	1
6	7	B	40000	100000	0	0	0	0	0	0	0	0	0	0	1
7	0	G	40000	1950	98.05	48.037	98050	3538	198	0	0	2707	83	550	3060
7	0	A	40000	1975	98.025	95.593	98025	2432	198	0	0	1601	83	550	1953
7	0	B	40000	98413	1.587	0.481	1587	1106	0	0	0	1106	0	0	1107
7	0	cSpy was 2 spamed and the readout avoided!
7	1	G	40000	100000	0	0	0	0	0	0	0	0	0	0	2
7	1	A	40000	100000	0	0	0	0	0	0	0	0	0	0	1
7	1	B	40000	100000	0	0	0	0	0	0	0	0	0	0	1
7	2	G	40000	99654	0.345999	0.0045	346	671	0	0	0	671	0	0	673
7	2	A	40000	99658	0.342	0.007	342	335	0	0	0	335	0	0	336
7	2	B	40000	99662	0.338	0.002	338	336	0	0	0	336	0	0	337
7	3	G	40000	0	100	100	100000	200000	200000	200000	200000	200000	200000	200000	200002
7	3	A	40000	0	100	100	100000	100000	100000	100000	100000	100000	100000	100000	100001
7	3	B	40000	0	100	100	100000	100000	100000	100000	100000	100000	100000	100000	100001
7	4	G	40000	51234	48.766	27.684	48766	32070	59	3	0	28862	3042	104	31986
7	4	A	40000	54743	45.257	28.361	45257	16896	1	1	0	14503	2311	80	16856
7	4	B	40000	57819	42.181	27.007	42181	15174	58	2	0	14359	731	24	15130
7	4	cSpy was 12 spamed and the readout avoided!
7	5	G	40000	100000	0	0	0	0	0	0	0	0	0	0	2
7	5	A	40000	100000	0	0	0	0	0	0	0	0	0	0	1
7	5	B	40000	100000	0	0	0	0	0	0	0	0	0	0	1
7	6	G	40000	100000	0	0	0	0	0	0	0	0	0	0	2
7	6	A	40000	100000	0	0	0	0	0	0	0	0	0	0	1
7	6	B	40000	100000	0	0	0	0	0	0	0	0	0	0	1
7	7	G	40000	64643	35.357	13.444	35357	30330	30	127	0	29671	395	107	30257
7	7	A	40000	70406	29.594	14.156	29594	15438	30	127	0	15037	137	107	15364
7	7	B	40000	72376	27.624	12.732	27624	14892	0	0	0	14634	258	0	14893
7	7	cSpy was 7 spamed and the readout avoided!
