#the gain was set to: 2	the bias was set to: 30
#Sent triggers per delay setting: 100000	and with a frequency [Hz] of: 40000
#160MHz delay setting	400MHz delay setting	Frequency	correct transmitted H+T		error rate [%]	uncertainty [%]	bad or missed events	error count	missing headers	missing trailers	flipped H/T	event nr errors	tbm missed trigger	unknown errors	event nr resets
0	0	G	40000	410	99.59	73.2225	99590	18831	127	0	0	17781	294	629	18270
0	0	A	40000	638	99.362	98.187	99362	1175	98	0	0	227	239	611	638
0	0	B	40000	34086	65.914	48.258	65914	17656	29	0	0	17554	55	18	17632
0	0	cSpy was 31 spamed and the readout avoided!
0	1	G	40000	28629	71.371	52.808	71371	24978	588	0	0	23142	610	638	24530
0	1	A	40000	37071	62.929	52.319	62929	10610	302	0	0	9843	0	465	10313
0	1	B	40000	32335	67.665	53.297	67665	14368	286	0	0	13299	610	173	14217
0	2	G	40000	4394	95.606	81.2685	95606	18477	68	1	0	15603	2548	257	18281
0	2	A	40000	9539	90.461	81.188	90461	9273	26	0	0	7486	1534	227	9125
0	2	B	40000	9447	90.553	81.349	90553	9204	42	1	0	8117	1014	30	9156
0	2	cSpy was 3 spamed and the readout avoided!
0	3	G	40000	100000	0	0	0	0	0	0	0	0	0	0	2
0	3	A	40000	100000	0	0	0	0	0	0	0	0	0	0	1
0	3	B	40000	100000	0	0	0	0	0	0	0	0	0	0	1
0	4	G	40000	100000	0	0	0	0	0	0	0	0	0	0	2
0	4	A	40000	100000	0	0	0	0	0	0	0	0	0	0	1
0	4	B	40000	100000	0	0	0	0	0	0	0	0	0	0	1
0	5	G	40000	40750	59.25	39.0325	59250	27851	16	0	0	27351	136	348	27811
0	5	A	40000	49067	50.933	38.547	50933	12386	11	0	0	12001	35	339	12349
0	5	B	40000	45017	54.983	39.518	54983	15465	5	0	0	15350	101	9	15462
0	6	G	40000	3140	96.86	84.438	96860	15483	242	5	0	12740	2002	494	15025
0	6	A	40000	6188	93.812	87.54	93812	6272	133	0	0	4589	1105	445	5902
0	6	B	40000	9453	90.547	81.336	90547	9211	109	5	0	8151	897	49	9123
0	6	cSpy was 15 spamed and the readout avoided!
0	7	G	40000	99591	0.409001	0.001	409	815	0	0	0	815	0	0	817
0	7	A	40000	99591	0.409001	0.001	409	408	0	0	0	408	0	0	409
0	7	B	40000	99592	0.408	0.001	408	407	0	0	0	407	0	0	408
1	0	G	40000	350	99.65	96.5845	99650	3618	265	2	0	2673	239	439	3157
1	0	A	40000	2424	97.576	94.821	97576	2755	236	2	0	1980	178	359	2369
1	0	B	40000	789	99.211	98.348	99211	863	29	0	0	693	61	80	788
1	0	cSpy was 31 spamed and the readout avoided!
1	1	G	40000	99261	0.739002	0.1835	739	1110	0	0	0	1110	0	0	1112
1	1	A	40000	99262	0.738001	0.183	738	555	0	0	0	555	0	0	556
1	1	B	40000	99261	0.739002	0.184	739	555	0	0	0	555	0	0	556
1	2	G	40000	100000	0	0	0	0	0	0	0	0	0	0	2
1	2	A	40000	100000	0	0	0	0	0	0	0	0	0	0	1
1	2	B	40000	100000	0	0	0	0	0	0	0	0	0	0	1
1	3	G	40000	90284	9.716	3.776	9716	8234	0	0	0	8082	131	21	8235
1	3	A	40000	92575	7.425	3.432	7425	3993	0	0	0	3867	107	19	3993
1	3	B	40000	91639	8.361	4.12	8361	4241	0	0	0	4215	24	2	4242
1	4	G	40000	0	100	100	100000	200000	200000	200000	200000	200000	200000	200000	200002
1	4	A	40000	0	100	100	100000	100000	100000	100000	100000	100000	100000	100000	100001
1	4	B	40000	0	100	100	100000	100000	100000	100000	100000	100000	100000	100000	100001
1	5	G	40000	81172	18.828	3.3385	18828	16064	0	0	0	14697	1367	0	16066
1	5	A	40000	90463	9.537	1.476	9537	8061	0	0	0	7455	606	0	8062
1	5	B	40000	86796	13.204	5.201	13204	8003	0	0	0	7242	761	0	8004
1	6	G	40000	100000	0	0	0	0	0	0	0	0	0	0	2
1	6	A	40000	100000	0	0	0	0	0	0	0	0	0	0	1
1	6	B	40000	100000	0	0	0	0	0	0	0	0	0	0	1
1	7	G	40000	99986	0.0140011	0	14	28	0	0	0	28	0	0	30
1	7	A	40000	99986	0.0140011	0	14	14	0	0	0	14	0	0	15
1	7	B	40000	99986	0.0140011	0	14	14	0	0	0	14	0	0	15
2	0	G	40000	2428	97.572	48.225	97572	3961	36	1	0	3737	124	63	3898
2	0	A	40000	2466	97.534	95.053	97534	2481	36	1	0	2257	124	63	2417
2	0	B	40000	97123	2.877	1.397	2877	1480	0	0	0	1480	0	0	1481
2	1	G	40000	98676	1.324	0.4125	1324	1231	0	0	0	1218	9	4	1233
2	1	A	40000	99029	0.971001	0.376	971	595	0	0	0	584	7	4	596
2	1	B	40000	98915	1.085	0.449	1085	636	0	0	0	634	2	0	637
2	2	G	40000	23510	76.49	53.063	76490	28292	875	9	0	25249	1382	777	27483
2	2	A	40000	36213	63.787	50.664	63787	13123	444	4	0	10882	1289	504	12655
2	2	B	40000	29369	70.631	55.462	70631	15169	431	5	0	14367	93	273	14828
2	3	G	40000	6263	93.737	70.4965	93737	27736	145	0	0	23854	3560	177	27554
2	3	A	40000	19094	80.906	63.597	80906	17309	29	0	0	14695	2481	104	17222
2	3	B	40000	12177	87.823	77.396	87823	10427	116	0	0	9159	1079	73	10332
2	3	cSpy was 32 spamed and the readout avoided!
2	4	G	40000	100000	0	0	0	0	0	0	0	0	0	0	2
2	4	A	40000	100000	0	0	0	0	0	0	0	0	0	0	1
2	4	B	40000	100000	0	0	0	0	0	0	0	0	0	0	1
2	5	G	40000	100000	0	0	0	0	0	0	0	0	0	0	2
2	5	A	40000	100000	0	0	0	0	0	0	0	0	0	0	1
2	5	B	40000	100000	0	0	0	0	0	0	0	0	0	0	1
2	6	G	40000	39130	60.87	41.3345	60870	23124	326	5	0	21028	1245	520	22819
2	6	A	40000	50166	49.834	39.139	49834	10695	171	0	0	8905	1242	377	10506
2	6	B	40000	44041	55.959	43.53	55959	12429	155	5	0	12123	3	143	12313
2	7	G	40000	788	99.212	94.2015	99212	5876	322	3	0	4539	693	319	5509
2	7	A	40000	3711	96.289	92.604	96289	3685	31	0	0	2938	515	201	3561
2	7	B	40000	2010	97.99	95.799	97990	2191	291	3	0	1601	178	118	1948
2	7	cSpy was 69 spamed and the readout avoided!
3	0	G	40000	909	99.091	76.296	99091	19451	287	0	0	18089	424	651	18858
3	0	A	40000	1453	98.547	96.551	98547	1996	227	0	0	1116	23	630	1446
3	0	B	40000	26504	73.496	56.041	73496	17455	60	0	0	16973	401	21	17412
3	0	cSpy was 65 spamed and the readout avoided!
3	1	G	40000	0	100	100	100000	200000	200000	200000	200000	200000	200000	200000	200002
3	1	A	40000	0	100	100	100000	100000	100000	100000	100000	100000	100000	100000	100001
3	1	B	40000	0	100	100	100000	100000	100000	100000	100000	100000	100000	100000	100001
3	2	G	40000	99890	0.11	0	110	220	0	0	0	220	0	0	222
3	2	A	40000	99890	0.11	0	110	110	0	0	0	110	0	0	111
3	2	B	40000	99890	0.11	0	110	110	0	0	0	110	0	0	111
3	3	G	40000	100000	0	0	0	0	0	0	0	0	0	0	2
3	3	A	40000	100000	0	0	0	0	0	0	0	0	0	0	1
3	3	B	40000	100000	0	0	0	0	0	0	0	0	0	0	1
3	4	G	40000	79252	20.748	11.1665	20748	15619	115	0	0	15373	37	94	15458
3	4	A	40000	81039	18.961	11.051	18961	7910	55	0	0	7776	15	64	7808
3	4	B	40000	81009	18.991	11.282	18991	7709	60	0	0	7597	22	30	7650
3	5	G	40000	0	100	100	100000	200000	200000	200000	200000	200000	200000	200000	200002
3	5	A	40000	0	100	100	100000	100000	100000	100000	100000	100000	100000	100000	100001
3	5	B	40000	0	100	100	100000	100000	100000	100000	100000	100000	100000	100000	100001
3	6	G	40000	0	100	100	100000	200000	200000	200000	200000	200000	200000	200000	200002
3	6	A	40000	0	100	100	100000	100000	100000	100000	100000	100000	100000	100000	100001
3	6	B	40000	0	100	100	100000	100000	100000	100000	100000	100000	100000	100000	100001
3	7	G	40000	100000	0	0	0	0	0	0	0	0	0	0	2
3	7	A	40000	100000	0	0	0	0	0	0	0	0	0	0	1
3	7	B	40000	100000	0	0	0	0	0	0	0	0	0	0	1
4	0	G	40000	838	99.162	66.569	99162	18265	173	2	0	16566	1209	315	17947
4	0	A	40000	1232	98.768	97.285	98768	1483	96	0	0	734	373	280	1230
4	0	B	40000	47365	52.635	35.853	52635	16782	77	2	0	15832	836	35	16717
4	0	cSpy was 19 spamed and the readout avoided!
4	1	G	40000	100000	0	0	0	0	0	0	0	0	0	0	2
4	1	A	40000	100000	0	0	0	0	0	0	0	0	0	0	1
4	1	B	40000	100000	0	0	0	0	0	0	0	0	0	0	1
4	2	G	40000	99997	0.00299811	0	3	6	0	0	0	6	0	0	8
4	2	A	40000	99997	0.00299811	0	3	3	0	0	0	3	0	0	4
4	2	B	40000	99997	0.00299811	0	3	3	0	0	0	3	0	0	4
4	3	G	40000	20138	79.862	57.3165	79862	34579	658	2	0	33308	99	512	33710
4	3	A	40000	25093	74.907	57.622	74907	17285	328	2	0	16571	6	378	16692
4	3	B	40000	25695	74.305	57.011	74305	17294	330	0	0	16737	93	134	17018
4	3	cSpy was 7 spamed and the readout avoided!
4	4	G	40000	8055	91.945	69.889	91945	29187	105	12	0	26162	2511	397	28940
4	4	A	40000	15281	84.719	70.208	84719	14511	46	7	0	12769	1324	365	14304
4	4	B	40000	15754	84.246	69.57	84246	14676	59	5	0	13393	1187	32	14636
4	4	cSpy was 25 spamed and the readout avoided!
4	5	G	40000	100000	0	0	0	0	0	0	0	0	0	0	2
4	5	A	40000	100000	0	0	0	0	0	0	0	0	0	0	1
4	5	B	40000	100000	0	0	0	0	0	0	0	0	0	0	1
4	6	G	40000	100000	0	0	0	0	0	0	0	0	0	0	2
4	6	A	40000	100000	0	0	0	0	0	0	0	0	0	0	1
4	6	B	40000	100000	0	0	0	0	0	0	0	0	0	0	1
4	7	G	40000	25243	74.757	53.193	74757	34079	478	0	0	33150	44	407	33428
4	7	A	40000	29595	70.405	53.367	70405	17038	230	0	0	16518	1	289	16600
4	7	B	40000	29940	70.06	53.019	70060	17041	248	0	0	16632	43	118	16828
4	7	cSpy was 5 spamed and the readout avoided!
5	0	G	40000	468	99.532	56.4115	99532	14270	127	0	0	13185	114	844	13697
5	0	A	40000	588	99.412	98.25	99412	1162	127	0	0	86	105	844	588
5	0	B	40000	72319	27.681	14.573	27681	13108	0	0	0	13099	9	0	13109
5	0	cSpy was 52 spamed and the readout avoided!
5	1	G	40000	48379	51.621	28.005	51621	35721	47	0	0	35595	2	77	35677
5	1	A	40000	54186	45.814	28.189	45814	17625	22	0	0	17528	2	73	17590
5	1	B	40000	54083	45.917	27.821	45917	18096	25	0	0	18067	0	4	18087
5	1	cSpy was 5 spamed and the readout avoided!
5	2	G	40000	28	99.972	98.8015	99972	1555	31	0	0	637	77	810	840
5	2	A	40000	84	99.916	99.204	99916	712	2	0	0	11	0	699	84
5	2	B	40000	758	99.242	98.399	99242	843	29	0	0	626	77	111	756
5	2	cSpy was 21 spamed and the readout avoided!
5	3	G	40000	99045	0.954998	0	955	1910	0	0	0	1910	0	0	1912
5	3	A	40000	99045	0.954998	0	955	955	0	0	0	955	0	0	956
5	3	B	40000	99045	0.954998	0	955	955	0	0	0	955	0	0	956
5	4	G	40000	100000	0	0	0	0	0	0	0	0	0	0	2
5	4	A	40000	100000	0	0	0	0	0	0	0	0	0	0	1
5	4	B	40000	100000	0	0	0	0	0	0	0	0	0	0	1
5	5	G	40000	90383	9.617	2.304	9617	12575	0	0	0	12572	2	1	12577
5	5	A	40000	91329	8.671	2.442	8671	6229	0	0	0	6226	2	1	6230
5	5	B	40000	91488	8.512	2.166	8512	6346	0	0	0	6346	0	0	6347
5	6	G	40000	56	99.944	98.3555	99944	1861	141	0	0	581	662	477	1426
5	6	A	40000	126	99.874	99.528	99874	346	3	0	0	67	4	272	126
5	6	B	40000	1302	98.698	97.183	98698	1515	138	0	0	514	658	205	1300
5	6	cSpy was 61 spamed and the readout avoided!
5	7	G	40000	39402	60.598	14.406	60598	60516	9	19	0	54116	6257	115	60464
5	7	A	40000	53854	46.146	15.527	46146	30619	9	19	0	26429	4047	115	30567
5	7	B	40000	56818	43.182	13.285	43182	29897	0	0	0	27687	2210	0	29897
5	7	cSpy was 1 spamed and the readout avoided!
6	0	G	40000	612	99.388	95.716	99388	4573	294	4	0	2337	1252	686	3979
6	0	A	40000	1367	98.633	96.77	98633	1863	173	0	0	166	886	638	1367
6	0	B	40000	2628	97.372	94.662	97372	2710	121	4	0	2171	366	48	2612
6	0	cSpy was 63 spamed and the readout avoided!
6	1	G	40000	15005	84.995	44.5465	84995	53323	4	0	0	47591	5401	327	53147
6	1	A	40000	27159	72.841	47.462	72841	25379	0	0	0	22080	2973	326	25206
6	1	B	40000	30425	69.575	41.631	69575	27944	4	0	0	25511	2428	1	27941
6	1	cSpy was 5 spamed and the readout avoided!
6	2	G	40000	100000	0	0	0	0	0	0	0	0	0	0	2
6	2	A	40000	100000	0	0	0	0	0	0	0	0	0	0	1
6	2	B	40000	100000	0	0	0	0	0	0	0	0	0	0	1
6	3	G	40000	100000	0	0	0	0	0	0	0	0	0	0	2
6	3	A	40000	100000	0	0	0	0	0	0	0	0	0	0	1
6	3	B	40000	100000	0	0	0	0	0	0	0	0	0	0	1
6	4	G	40000	18496	81.504	59.5415	81504	33633	788	2	0	32099	134	610	32573
6	4	A	40000	23302	76.698	59.891	76698	16807	387	1	0	15987	2	430	16112
6	4	B	40000	23982	76.018	59.192	76018	16826	401	1	0	16112	132	180	16461
6	4	cSpy was 11 spamed and the readout avoided!
6	5	G	40000	9004	90.996	76.882	90996	18548	127	2	0	16250	1346	823	17974
6	5	A	40000	12972	87.028	78.372	87028	8656	10	0	0	7277	618	751	8186
6	5	B	40000	14716	85.284	75.392	85284	9892	117	2	0	8973	728	72	9788
6	5	cSpy was 57 spamed and the readout avoided!
6	6	G	40000	100000	0	0	0	0	0	0	0	0	0	0	2
6	6	A	40000	100000	0	0	0	0	0	0	0	0	0	0	1
6	6	B	40000	100000	0	0	0	0	0	0	0	0	0	0	1
6	7	G	40000	99999	0.00100136	0	1	2	0	0	0	2	0	0	4
6	7	A	40000	99999	0.00100136	0	1	1	0	0	0	1	0	0	2
6	7	B	40000	99999	0.00100136	0	1	1	0	0	0	1	0	0	2
7	0	G	40000	2085	97.915	47.843	97915	6475	216	0	0	5658	75	526	5980
7	0	A	40000	2170	97.83	95.189	97830	2641	216	0	0	1827	72	526	2145
7	0	B	40000	95669	4.331	0.497	4331	3834	0	0	0	3831	3	0	3835
7	0	cSpy was 2 spamed and the readout avoided!
7	1	G	40000	100000	0	0	0	0	0	0	0	0	0	0	2
7	1	A	40000	100000	0	0	0	0	0	0	0	0	0	0	1
7	1	B	40000	100000	0	0	0	0	0	0	0	0	0	0	1
7	2	G	40000	96383	3.617	0.4535	3617	5735	0	0	0	5684	43	8	5737
7	2	A	40000	96620	3.38	0.514	3380	2866	0	0	0	2821	37	8	2867
7	2	B	40000	96738	3.262	0.393	3262	2869	0	0	0	2863	6	0	2870
7	3	G	40000	0	100	100	100000	200000	200000	200000	200000	200000	200000	200000	200002
7	3	A	40000	0	100	100	100000	100000	100000	100000	100000	100000	100000	100000	100001
7	3	B	40000	0	100	100	100000	100000	100000	100000	100000	100000	100000	100000	100001
7	4	G	40000	65753	34.247	26.208	34247	13052	96	5	0	11917	724	311	12837
7	4	A	40000	66878	33.122	26.403	33122	6719	10	0	0	5905	545	260	6584
7	4	B	40000	67654	32.346	26.013	32346	6333	86	5	0	6012	179	51	6253
7	4	cSpy was 22 spamed and the readout avoided!
7	5	G	40000	100000	0	0	0	0	0	0	0	0	0	0	2
7	5	A	40000	100000	0	0	0	0	0	0	0	0	0	0	1
7	5	B	40000	100000	0	0	0	0	0	0	0	0	0	0	1
7	6	G	40000	96642	3.358	0.8425	3358	3470	0	1	0	3445	18	6	3472
7	6	A	40000	97335	2.665	0.933	2665	1732	0	1	0	1712	13	6	1733
7	6	B	40000	97510	2.49	0.752	2490	1738	0	0	0	1733	5	0	1739
7	7	G	40000	43780	56.22	28.679	56220	39209	34	21	0	37668	1297	189	39131
7	7	A	40000	51002	48.998	29.376	48998	19622	24	21	0	18820	571	186	19550
7	7	B	40000	52431	47.569	27.982	47569	19587	10	0	0	18848	726	3	19581
7	7	cSpy was 10 spamed and the readout avoided!
