#the gain was set to: 2	the bias was set to: 30
#Sent triggers per delay setting: 100000	and with a frequency [Hz] of: 40000
#160MHz delay setting	400MHz delay setting	Frequency	correct transmitted H+T		error rate [%]	uncertainty [%]	bad or missed events	error count	missing headers	missing trailers	flipped H/T	event nr errors	tbm missed trigger	unknown errors	event nr resets
0	0	G	40000	384	99.616	72.188	99616	19060	104	0	0	18041	307	608	18570
0	0	A	40000	631	99.369	98.262	99369	1107	81	0	0	182	249	595	631
0	0	B	40000	35933	64.067	46.114	64067	17953	23	0	0	17859	58	13	17939
0	0	cSpy was 31 spamed and the readout avoided!
0	1	G	40000	26418	73.582	54.5705	73582	25968	696	1	0	24476	2	793	25317
0	1	A	40000	35051	64.949	54.239	64949	10710	332	0	0	9875	0	503	10380
0	1	B	40000	29840	70.16	54.902	70160	15258	364	1	0	14601	2	290	14937
0	2	G	40000	3754	96.246	81.1255	96246	18776	190	2	0	15442	2658	484	18366
0	2	A	40000	7342	92.658	85.293	92658	7365	109	0	0	5575	1232	449	7015
0	2	B	40000	11631	88.369	76.958	88369	11411	81	2	0	9867	1426	35	11351
0	2	cSpy was 11 spamed and the readout avoided!
0	3	G	40000	100000	0	0	0	0	0	0	0	0	0	0	2
0	3	A	40000	100000	0	0	0	0	0	0	0	0	0	0	1
0	3	B	40000	100000	0	0	0	0	0	0	0	0	0	0	1
0	4	G	40000	100000	0	0	0	0	0	0	0	0	0	0	2
0	4	A	40000	100000	0	0	0	0	0	0	0	0	0	0	1
0	4	B	40000	100000	0	0	0	0	0	0	0	0	0	0	1
0	5	G	40000	49618	50.382	33.528	50382	21903	40	0	0	21434	102	327	21829
0	5	A	40000	57192	42.808	33.022	42808	9786	22	0	0	9410	46	308	9721
0	5	B	40000	53849	46.151	34.034	46151	12117	18	0	0	12024	56	19	12108
0	6	G	40000	2254	97.746	89.6325	97746	10365	226	15	0	8207	1641	276	10041
0	6	A	40000	4627	95.373	90.748	95373	4625	89	1	0	3443	856	236	4407
0	6	B	40000	5743	94.257	88.517	94257	5740	137	14	0	4764	785	40	5634
0	6	cSpy was 28 spamed and the readout avoided!
0	7	G	40000	77635	22.365	18.5975	22365	4858	30	1	0	4085	645	97	4786
0	7	A	40000	78544	21.456	19.443	21456	2013	19	0	0	1575	326	93	1950
0	7	B	40000	79403	20.597	17.752	20597	2845	11	1	0	2510	319	4	2836
1	0	G	40000	274	99.726	97.298	99726	2845	187	2	0	2157	168	331	2506
1	0	A	40000	1936	98.064	95.889	98064	2175	172	2	0	1611	120	270	1884
1	0	B	40000	623	99.377	98.707	99377	670	15	0	0	546	48	61	622
1	0	cSpy was 13 spamed and the readout avoided!
1	1	G	40000	99507	0.493002	0.126	493	734	0	0	0	734	0	0	736
1	1	A	40000	99507	0.493002	0.126	493	367	0	0	0	367	0	0	368
1	1	B	40000	99507	0.493002	0.126	493	367	0	0	0	367	0	0	368
1	2	G	40000	100000	0	0	0	0	0	0	0	0	0	0	2
1	2	A	40000	100000	0	0	0	0	0	0	0	0	0	0	1
1	2	B	40000	100000	0	0	0	0	0	0	0	0	0	0	1
1	3	G	40000	89830	10.17	2.668	10170	11270	0	0	0	11195	63	12	11271
1	3	A	40000	92134	7.866	2.359	7866	5507	0	0	0	5463	32	12	5507
1	3	B	40000	91260	8.74	2.977	8740	5763	0	0	0	5732	31	0	5764
1	4	G	40000	843	99.157	95.5425	99157	4644	336	0	0	2795	1173	340	4187
1	4	A	40000	2711	97.289	94.48	97289	2809	119	0	0	1626	947	117	2633
1	4	B	40000	1560	98.44	96.605	98440	1835	217	0	0	1169	226	223	1554
1	4	cSpy was 62 spamed and the readout avoided!
1	5	G	40000	81725	18.275	3.2265	18275	15712	0	0	0	14380	1332	0	15714
1	5	A	40000	90674	9.326	1.453	9326	7873	0	0	0	7259	614	0	7874
1	5	B	40000	87161	12.839	5	12839	7839	0	0	0	7121	718	0	7840
1	6	G	40000	100000	0	0	0	0	0	0	0	0	0	0	2
1	6	A	40000	100000	0	0	0	0	0	0	0	0	0	0	1
1	6	B	40000	100000	0	0	0	0	0	0	0	0	0	0	1
1	7	G	40000	99948	0.0519991	0	52	104	0	0	0	104	0	0	106
1	7	A	40000	99948	0.0519991	0	52	52	0	0	0	52	0	0	53
1	7	B	40000	99948	0.0519991	0	52	52	0	0	0	52	0	0	53
2	0	G	40000	2403	97.597	48.3195	97597	4177	49	2	0	3939	108	79	4086
2	0	A	40000	2451	97.549	95.052	97549	2497	49	2	0	2259	108	79	2405
2	0	B	40000	96733	3.267	1.587	3267	1680	0	0	0	1680	0	0	1681
2	1	G	40000	99453	0.546998	0.1315	547	685	0	0	0	685	0	0	687
2	1	A	40000	99545	0.454998	0.121	455	334	0	0	0	334	0	0	335
2	1	B	40000	99507	0.493002	0.142	493	351	0	0	0	351	0	0	352
2	2	G	40000	23348	76.652	53.2125	76652	28384	905	11	0	25305	1406	757	27549
2	2	A	40000	35959	64.041	50.809	64041	13232	456	4	0	10979	1283	510	12741
2	2	B	40000	29232	70.768	55.616	70768	15152	449	7	0	14326	123	247	14808
2	2	cSpy was 2 spamed and the readout avoided!
2	3	G	40000	6825	93.175	68.7115	93175	29090	163	0	0	25115	3637	175	28885
2	3	A	40000	20329	79.671	61.511	79671	18160	21	0	0	15452	2598	89	18080
2	3	B	40000	13158	86.842	75.912	86842	10930	142	0	0	9663	1039	86	10805
2	3	cSpy was 26 spamed and the readout avoided!
2	4	G	40000	99931	0.0689983	0.022	69	94	0	0	0	94	0	0	96
2	4	A	40000	99931	0.0689983	0.022	69	47	0	0	0	47	0	0	48
2	4	B	40000	99931	0.0689983	0.022	69	47	0	0	0	47	0	0	48
2	5	G	40000	100000	0	0	0	0	0	0	0	0	0	0	2
2	5	A	40000	100000	0	0	0	0	0	0	0	0	0	0	1
2	5	B	40000	100000	0	0	0	0	0	0	0	0	0	0	1
2	6	G	40000	37012	62.988	40.28	62988	26232	71	0	0	24445	1345	371	26149
2	6	A	40000	49993	50.007	37.756	50007	12251	47	0	0	10548	1307	349	12182
2	6	B	40000	43215	56.785	42.804	56785	13981	24	0	0	13897	38	22	13967
2	7	G	40000	0	100	100	100000	200000	200000	200000	200000	200000	200000	200000	200002
2	7	A	40000	0	100	100	100000	100000	100000	100000	100000	100000	100000	100000	100001
2	7	B	40000	0	100	100	100000	100000	100000	100000	100000	100000	100000	100000	100001
3	0	G	40000	988	99.012	74.5575	99012	15204	252	1	0	14016	305	630	14658
3	0	A	40000	1472	98.528	96.571	98528	1957	184	0	0	1141	26	606	1453
3	0	B	40000	34209	65.791	52.544	65791	13247	68	1	0	12875	279	24	13205
3	0	cSpy was 17 spamed and the readout avoided!
3	1	G	40000	0	100	100	100000	200000	200000	200000	200000	200000	200000	200000	200002
3	1	A	40000	0	100	100	100000	100000	100000	100000	100000	100000	100000	100000	100001
3	1	B	40000	0	100	100	100000	100000	100000	100000	100000	100000	100000	100000	100001
3	2	G	40000	99923	0.0769973	0	77	154	0	0	0	154	0	0	156
3	2	A	40000	99923	0.0769973	0	77	77	0	0	0	77	0	0	78
3	2	B	40000	99923	0.0769973	0	77	77	0	0	0	77	0	0	78
3	3	G	40000	100000	0	0	0	0	0	0	0	0	0	0	2
3	3	A	40000	100000	0	0	0	0	0	0	0	0	0	0	1
3	3	B	40000	100000	0	0	0	0	0	0	0	0	0	0	1
3	4	G	40000	84802	15.198	4.1955	15198	18902	2	0	0	18859	33	8	18902
3	4	A	40000	86467	13.533	4.01	13533	9523	1	0	0	9489	25	8	9523
3	4	B	40000	86240	13.76	4.381	13760	9379	1	0	0	9370	8	0	9379
3	5	G	40000	0	100	100	100000	200000	200000	200000	200000	200000	200000	200000	200002
3	5	A	40000	0	100	100	100000	100000	100000	100000	100000	100000	100000	100000	100001
3	5	B	40000	0	100	100	100000	100000	100000	100000	100000	100000	100000	100000	100001
3	6	G	40000	79326	20.674	5.2535	20674	26808	17	15	0	25484	1269	23	26796
3	6	A	40000	80715	19.285	5.216	19285	14069	4	0	0	12856	1204	5	14070
3	6	B	40000	81970	18.03	5.291	18030	12739	13	15	0	12628	65	18	12726
3	6	cSpy was 4 spamed and the readout avoided!
3	7	G	40000	100000	0	0	0	0	0	0	0	0	0	0	2
3	7	A	40000	100000	0	0	0	0	0	0	0	0	0	0	1
3	7	B	40000	100000	0	0	0	0	0	0	0	0	0	0	1
4	0	G	40000	1095	98.905	55.953	98905	26724	136	4	0	24874	1471	239	26461
4	0	A	40000	1568	98.432	96.613	98432	1819	132	0	0	980	473	234	1561
4	0	B	40000	59802	40.198	15.293	40198	24905	4	4	0	23894	998	5	24900
4	0	cSpy was 4 spamed and the readout avoided!
4	1	G	40000	100000	0	0	0	0	0	0	0	0	0	0	2
4	1	A	40000	100000	0	0	0	0	0	0	0	0	0	0	1
4	1	B	40000	100000	0	0	0	0	0	0	0	0	0	0	1
4	2	G	40000	97324	2.676	1.305	2676	2002	4	0	0	1989	3	6	2001
4	2	A	40000	97690	2.31	1.323	2310	987	2	0	0	976	3	6	986
4	2	B	40000	97698	2.302	1.287	2302	1015	2	0	0	1013	0	0	1015
4	3	G	40000	19721	80.279	58.969	80279	34121	807	0	0	32578	131	605	33056
4	3	A	40000	23663	76.337	59.234	76337	17103	392	0	0	16280	2	429	16388
4	3	B	40000	24278	75.722	58.704	75722	17018	415	0	0	16298	129	176	16668
4	3	cSpy was 9 spamed and the readout avoided!
4	4	G	40000	9530	90.47	65.6595	90470	32591	98	9	0	29051	2995	438	32273
4	4	A	40000	17772	82.228	66.18	82228	16048	29	5	0	13978	1692	344	15836
4	4	B	40000	18318	81.682	65.139	81682	16543	69	4	0	15073	1303	94	16437
4	4	cSpy was 46 spamed and the readout avoided!
4	5	G	40000	100000	0	0	0	0	0	0	0	0	0	0	2
4	5	A	40000	100000	0	0	0	0	0	0	0	0	0	0	1
4	5	B	40000	100000	0	0	0	0	0	0	0	0	0	0	1
4	6	G	40000	100000	0	0	0	0	0	0	0	0	0	0	2
4	6	A	40000	100000	0	0	0	0	0	0	0	0	0	0	1
4	6	B	40000	100000	0	0	0	0	0	0	0	0	0	0	1
4	7	G	40000	39447	60.553	41.9915	60553	29480	352	1	0	28774	37	316	29006
4	7	A	40000	43148	56.852	42.124	56852	14728	172	1	0	14330	1	224	14416
4	7	B	40000	43389	56.611	41.859	56611	14752	180	0	0	14444	36	92	14590
4	7	cSpy was 5 spamed and the readout avoided!
5	0	G	40000	491	99.509	56.863	99509	14817	143	0	0	13722	107	845	14276
5	0	A	40000	618	99.382	98.222	99382	1160	143	0	0	71	102	844	618
5	0	B	40000	70839	29.161	15.504	29161	13657	0	0	0	13651	5	1	13658
5	0	cSpy was 69 spamed and the readout avoided!
5	1	G	40000	55659	44.341	25.204	44341	28865	53	0	0	28719	3	90	28812
5	1	A	40000	60392	39.608	25.33	39608	14278	26	0	0	14168	3	81	14231
5	1	B	40000	60335	39.665	25.078	39665	14587	27	0	0	14551	0	9	14581
5	1	cSpy was 4 spamed and the readout avoided!
5	2	G	40000	0	100	100	100000	200000	200000	200000	200000	200000	200000	200000	200002
5	2	A	40000	0	100	100	100000	100000	100000	100000	100000	100000	100000	100000	100001
5	2	B	40000	0	100	100	100000	100000	100000	100000	100000	100000	100000	100000	100001
5	3	G	40000	99421	0.579	0	579	1157	0	0	0	1156	1	0	1159
5	3	A	40000	99421	0.579	0	579	579	0	0	0	578	1	0	580
5	3	B	40000	99422	0.577998	0	578	578	0	0	0	578	0	0	579
5	4	G	40000	100000	0	0	0	0	0	0	0	0	0	0	2
5	4	A	40000	100000	0	0	0	0	0	0	0	0	0	0	1
5	4	B	40000	100000	0	0	0	0	0	0	0	0	0	0	1
5	5	G	40000	87861	12.139	3.0525	12139	15280	0	0	0	15274	0	6	15281
5	5	A	40000	89211	10.789	3.224	10789	7565	0	0	0	7559	0	6	7565
5	5	B	40000	89404	10.596	2.881	10596	7715	0	0	0	7715	0	0	7716
5	6	G	40000	2	99.998	97.623	99998	2480	215	0	0	1005	1121	139	2266
5	6	A	40000	5	99.995	99.947	99995	48	0	0	0	0	1	47	5
5	6	B	40000	2269	97.731	95.299	97731	2432	215	0	0	1005	1120	92	2261
5	6	cSpy was 34 spamed and the readout avoided!
5	7	G	40000	43972	56.028	12.0465	56028	58350	7	9	0	52467	5761	106	58307
5	7	A	40000	57201	42.799	12.899	42799	29900	7	9	0	25839	3939	106	29856
5	7	B	40000	60356	39.644	11.194	39644	28450	0	0	0	26628	1822	0	28451
5	7	cSpy was 1 spamed and the readout avoided!
6	0	G	40000	649	99.351	95.326	99351	4985	308	9	0	2574	1361	733	4348
6	0	A	40000	1464	98.536	96.535	98536	2001	176	5	0	184	952	684	1464
6	0	B	40000	2899	97.101	94.117	97101	2984	132	4	0	2390	409	49	2884
6	0	cSpy was 59 spamed and the readout avoided!
6	1	G	40000	15383	84.617	41.885	84617	55722	7	2	0	49742	5648	323	55566
6	1	A	40000	28559	71.441	44.952	71441	26489	0	2	0	23031	3135	321	26339
6	1	B	40000	31949	68.051	38.818	68051	29233	7	0	0	26711	2513	2	29227
6	1	cSpy was 4 spamed and the readout avoided!
6	2	G	40000	100000	0	0	0	0	0	0	0	0	0	0	2
6	2	A	40000	100000	0	0	0	0	0	0	0	0	0	0	1
6	2	B	40000	100000	0	0	0	0	0	0	0	0	0	0	1
6	3	G	40000	100000	0	0	0	0	0	0	0	0	0	0	2
6	3	A	40000	100000	0	0	0	0	0	0	0	0	0	0	1
6	3	B	40000	100000	0	0	0	0	0	0	0	0	0	0	1
6	4	G	40000	19760	80.24	58.824	80240	34125	818	2	0	32566	136	603	33050
6	4	A	40000	23811	76.189	59.104	76189	17085	397	1	0	16256	2	429	16361
6	4	B	40000	24416	75.584	58.544	75584	17040	421	1	0	16310	134	174	16689
6	4	cSpy was 16 spamed and the readout avoided!
6	5	G	40000	6928	93.072	86.3765	93072	8983	135	2	0	7364	517	965	8237
6	5	A	40000	8681	91.319	87	91319	4319	20	1	0	3270	220	808	3723
6	5	B	40000	9583	90.417	85.753	90417	4664	115	1	0	4094	297	157	4514
6	5	cSpy was 45 spamed and the readout avoided!
6	6	G	40000	100000	0	0	0	0	0	0	0	0	0	0	2
6	6	A	40000	100000	0	0	0	0	0	0	0	0	0	0	1
6	6	B	40000	100000	0	0	0	0	0	0	0	0	0	0	1
6	7	G	40000	100000	0	0	0	0	0	0	0	0	0	0	2
6	7	A	40000	100000	0	0	0	0	0	0	0	0	0	0	1
6	7	B	40000	100000	0	0	0	0	0	0	0	0	0	0	1
7	0	G	40000	1993	98.007	48.2795	98007	5193	208	0	0	4290	144	551	4727
7	0	A	40000	2064	97.936	95.426	97936	2510	208	0	0	1661	90	551	2043
7	0	B	40000	96184	3.816	1.133	3816	2683	0	0	0	2629	54	0	2684
7	1	G	40000	100000	0	0	0	0	0	0	0	0	0	0	2
7	1	A	40000	100000	0	0	0	0	0	0	0	0	0	0	1
7	1	B	40000	100000	0	0	0	0	0	0	0	0	0	0	1
7	2	G	40000	94060	5.94	1.0145	5940	8046	1	0	0	7986	50	9	8046
7	2	A	40000	94824	5.176	1.146	5176	4030	1	0	0	3980	40	9	4029
7	2	B	40000	95101	4.899	0.883	4899	4016	0	0	0	4006	10	0	4017
7	3	G	40000	0	100	100	100000	200000	200000	200000	200000	200000	200000	200000	200002
7	3	A	40000	0	100	100	100000	100000	100000	100000	100000	100000	100000	100000	100001
7	3	B	40000	0	100	100	100000	100000	100000	100000	100000	100000	100000	100000	100001
7	4	G	40000	90539	9.461	1.115	9461	15654	0	0	0	14825	821	8	15656
7	4	A	40000	90644	9.356	1.115	9356	8241	0	0	0	7521	712	8	8242
7	4	B	40000	91472	8.528	1.115	8528	7413	0	0	0	7304	109	0	7414
7	5	G	40000	100000	0	0	0	0	0	0	0	0	0	0	2
7	5	A	40000	100000	0	0	0	0	0	0	0	0	0	0	1
7	5	B	40000	100000	0	0	0	0	0	0	0	0	0	0	1
7	6	G	40000	96536	3.464	0.923	3464	3466	5	2	0	3435	13	11	3468
7	6	A	40000	97263	2.737	1.016	2737	1721	5	2	0	1698	5	11	1722
7	6	B	40000	97425	2.575	0.83	2575	1745	0	0	0	1737	8	0	1746
7	7	G	40000	53502	46.498	20.1765	46498	39167	12	32	0	37969	1001	153	39111
7	7	A	40000	59521	40.479	20.681	40479	19798	11	32	0	19187	418	150	19743
7	7	B	40000	60959	39.041	19.672	39041	19369	1	0	0	18782	583	3	19368
7	7	cSpy was 7 spamed and the readout avoided!
