#the gain was set to: 2	the bias was set to: 30
#Sent triggers per delay setting: 100000	and with a frequency [Hz] of: 40000
#160MHz delay setting	400MHz delay setting	Frequency	correct transmitted H+T		error rate [%]	uncertainty [%]	bad or missed events	error count	missing headers	missing trailers	flipped H/T	event nr errors	tbm missed trigger	unknown errors	event nr resets
0	0	G	40000	426	99.574	72.047	99574	19270	118	0	0	18177	342	633	18726
0	0	A	40000	636	99.364	98.192	99364	1172	101	0	0	190	265	616	636
0	0	B	40000	36000	64	45.902	64000	18098	17	0	0	17987	77	17	18090
0	0	cSpy was 39 spamed and the readout avoided!
0	1	G	40000	28855	71.145	52.354	71145	25159	543	0	0	23408	568	640	24715
0	1	A	40000	37453	62.547	51.845	62547	10702	283	0	0	9965	0	454	10423
0	1	B	40000	32680	67.32	52.863	67320	14457	260	0	0	13443	568	186	14292
0	2	G	40000	5009	94.991	76.4825	94991	23144	73	1	0	19918	2813	339	22900
0	2	A	40000	11914	88.086	76.572	88086	11514	36	0	0	9429	1724	325	11290
0	2	B	40000	11977	88.023	76.393	88023	11630	37	1	0	10489	1089	14	11610
0	2	cSpy was 6 spamed and the readout avoided!
0	3	G	40000	100000	0	0	0	0	0	0	0	0	0	0	2
0	3	A	40000	100000	0	0	0	0	0	0	0	0	0	0	1
0	3	B	40000	100000	0	0	0	0	0	0	0	0	0	0	1
0	4	G	40000	99693	0.307	0.0695	307	382	0	0	0	380	0	2	384
0	4	A	40000	99767	0.233001	0.064	233	169	0	0	0	167	0	2	170
0	4	B	40000	99712	0.287998	0.075	288	213	0	0	0	213	0	0	214
0	5	G	40000	32425	67.575	47.5295	67575	26991	59	0	0	26242	234	456	26917
0	5	A	40000	41260	58.74	46.973	58740	11767	33	0	0	11280	19	435	11706
0	5	B	40000	36690	63.31	48.086	63310	15224	26	0	0	14962	215	21	15211
0	6	G	40000	2216	97.784	87.6685	97784	12255	152	3	0	9800	1920	380	11926
0	6	A	40000	4757	95.243	90.456	95243	4787	80	0	0	3321	1044	342	4529
0	6	B	40000	7651	92.349	84.881	92349	7468	72	3	0	6479	876	38	7397
0	6	cSpy was 11 spamed and the readout avoided!
0	7	G	40000	75627	24.373	16.5265	24373	9602	22	2	0	8183	1369	26	9571
0	7	A	40000	79907	20.093	14.179	20093	5914	2	0	0	4918	974	20	5902
0	7	B	40000	77438	22.562	18.874	22562	3688	20	2	0	3265	395	6	3669
0	7	cSpy was 2 spamed and the readout avoided!
1	0	G	40000	277	99.723	97.2915	99723	2842	198	3	0	2089	241	311	2512
1	0	A	40000	1940	98.06	95.902	98060	2158	177	3	0	1538	181	259	1878
1	0	B	40000	635	99.365	98.681	99365	684	21	0	0	551	60	52	634
1	0	cSpy was 17 spamed and the readout avoided!
1	1	G	40000	99845	0.155002	0	155	310	0	0	0	310	0	0	312
1	1	A	40000	99845	0.155002	0	155	155	0	0	0	155	0	0	156
1	1	B	40000	99845	0.155002	0	155	155	0	0	0	155	0	0	156
1	2	G	40000	100000	0	0	0	0	0	0	0	0	0	0	2
1	2	A	40000	100000	0	0	0	0	0	0	0	0	0	0	1
1	2	B	40000	100000	0	0	0	0	0	0	0	0	0	0	1
1	3	G	40000	89620	10.38	3.1225	10380	11855	0	0	0	11808	27	20	11856
1	3	A	40000	91452	8.548	2.957	8548	5591	0	0	0	5545	27	19	5591
1	3	B	40000	90448	9.552	3.288	9552	6264	0	0	0	6263	0	1	6265
1	4	G	40000	944	99.056	94.5085	99056	5664	443	7	0	3754	1106	354	5137
1	4	A	40000	3410	96.59	93.169	96590	3421	100	0	0	2260	919	142	3255
1	4	B	40000	1909	98.091	95.848	98091	2243	343	7	0	1494	187	212	1882
1	4	cSpy was 36 spamed and the readout avoided!
1	5	G	40000	89320	10.68	1.9145	10680	10309	0	0	0	9523	777	9	10311
1	5	A	40000	93806	6.194	1.094	6194	5100	0	0	0	4791	300	9	5101
1	5	B	40000	92056	7.944	2.735	7944	5209	0	0	0	4732	477	0	5210
1	6	G	40000	100000	0	0	0	0	0	0	0	0	0	0	2
1	6	A	40000	100000	0	0	0	0	0	0	0	0	0	0	1
1	6	B	40000	100000	0	0	0	0	0	0	0	0	0	0	1
1	7	G	40000	99883	0.116998	0.003	117	227	0	0	0	227	0	0	229
1	7	A	40000	99884	0.116003	0.003	116	113	0	0	0	113	0	0	114
1	7	B	40000	99883	0.116998	0.003	117	114	0	0	0	114	0	0	115
2	0	G	40000	2324	97.676	48.442	97676	4160	45	0	0	3914	119	82	4069
2	0	A	40000	2365	97.635	95.217	97635	2418	45	0	0	2172	119	82	2326
2	0	B	40000	96591	3.409	1.667	3409	1742	0	0	0	1742	0	0	1743
2	1	G	40000	99717	0.283003	0.14	283	193	0	0	0	187	4	2	195
2	1	A	40000	99773	0.226998	0.134	227	93	0	0	0	89	3	1	94
2	1	B	40000	99754	0.246	0.146	246	100	0	0	0	98	1	1	101
2	2	G	40000	22021	77.979	54.568	77979	28579	938	10	0	25553	1286	792	27681
2	2	A	40000	34224	65.776	52.288	65776	13488	472	7	0	11482	1009	518	12970
2	2	B	40000	28061	71.939	56.848	71939	15091	466	3	0	14071	277	274	14711
2	2	cSpy was 22 spamed and the readout avoided!
2	3	G	40000	8457	91.543	62.647	91543	34690	91	4	0	30032	4455	108	34584
2	3	A	40000	24774	75.226	53.266	75226	21960	5	0	0	18607	3278	70	21916
2	3	B	40000	15242	84.758	72.028	84758	12730	86	4	0	11425	1177	38	12668
2	3	cSpy was 6 spamed and the readout avoided!
2	4	G	40000	100000	0	0	0	0	0	0	0	0	0	0	2
2	4	A	40000	100000	0	0	0	0	0	0	0	0	0	0	1
2	4	B	40000	100000	0	0	0	0	0	0	0	0	0	0	1
2	5	G	40000	99897	0.103003	0.006	103	185	0	0	0	184	0	1	187
2	5	A	40000	99904	0.0959992	0.004	96	92	0	0	0	91	0	1	93
2	5	B	40000	99899	0.101	0.008	101	93	0	0	0	93	0	0	94
2	6	G	40000	31963	68.037	42.5545	68037	30098	207	0	0	27994	1430	467	29901
2	6	A	40000	45849	54.151	39.96	54151	14191	112	0	0	12323	1373	383	14055
2	6	B	40000	38944	61.056	45.149	61056	15907	95	0	0	15671	57	84	15846
2	7	G	40000	423	99.577	96.7715	99577	3351	278	0	0	2404	394	275	3012
2	7	A	40000	2067	97.933	95.804	97933	2129	41	0	0	1627	299	162	2008
2	7	B	40000	1039	98.961	97.739	98961	1222	237	0	0	777	95	113	1004
2	7	cSpy was 96 spamed and the readout avoided!
3	0	G	40000	723	99.277	80.091	99277	17574	270	5	0	16258	381	660	17006
3	0	A	40000	1334	98.666	96.838	98666	1828	187	0	0	986	23	632	1312
3	0	B	40000	20910	79.09	63.344	79090	15746	83	5	0	15272	358	28	15694
3	0	cSpy was 18 spamed and the readout avoided!
3	1	G	40000	0	100	100	100000	200000	200000	200000	200000	200000	200000	200000	200002
3	1	A	40000	0	100	100	100000	100000	100000	100000	100000	100000	100000	100000	100001
3	1	B	40000	0	100	100	100000	100000	100000	100000	100000	100000	100000	100000	100001
3	2	G	40000	99978	0.0220001	0	22	44	0	0	0	44	0	0	46
3	2	A	40000	99978	0.0220001	0	22	22	0	0	0	22	0	0	23
3	2	B	40000	99978	0.0220001	0	22	22	0	0	0	22	0	0	23
3	3	G	40000	100000	0	0	0	0	0	0	0	0	0	0	2
3	3	A	40000	100000	0	0	0	0	0	0	0	0	0	0	1
3	3	B	40000	100000	0	0	0	0	0	0	0	0	0	0	1
3	4	G	40000	70427	29.573	15.7935	29573	21402	133	0	0	21084	70	115	21224
3	4	A	40000	73535	26.465	15.627	26465	10838	64	0	0	10671	19	84	10720
3	4	B	40000	73476	26.524	15.96	26524	10564	69	0	0	10413	51	31	10504
3	5	G	40000	0	100	100	100000	200000	200000	200000	200000	200000	200000	200000	200002
3	5	A	40000	0	100	100	100000	100000	100000	100000	100000	100000	100000	100000	100001
3	5	B	40000	0	100	100	100000	100000	100000	100000	100000	100000	100000	100000	100001
3	6	G	40000	84518	15.482	3.4395	15482	22335	6	6	0	21509	812	2	22335
3	6	A	40000	84929	15.071	3.432	15071	11639	2	0	0	10867	768	2	11640
3	6	B	40000	85857	14.143	3.447	14143	10696	4	6	0	10642	44	0	10695
3	6	cSpy was 2 spamed and the readout avoided!
3	7	G	40000	100000	0	0	0	0	0	0	0	0	0	0	2
3	7	A	40000	100000	0	0	0	0	0	0	0	0	0	0	1
3	7	B	40000	100000	0	0	0	0	0	0	0	0	0	0	1
4	0	G	40000	0	100	100	100000	200000	200000	200000	200000	200000	200000	200000	200002
4	0	A	40000	0	100	100	100000	100000	100000	100000	100000	100000	100000	100000	100001
4	0	B	40000	0	100	100	100000	100000	100000	100000	100000	100000	100000	100000	100001
4	1	G	40000	100000	0	0	0	0	0	0	0	0	0	0	2
4	1	A	40000	100000	0	0	0	0	0	0	0	0	0	0	1
4	1	B	40000	100000	0	0	0	0	0	0	0	0	0	0	1
4	2	G	40000	99983	0.0169992	0.0005	17	32	0	0	0	32	0	0	34
4	2	A	40000	99983	0.0169992	0.001	17	16	0	0	0	16	0	0	17
4	2	B	40000	99984	0.0159979	0	16	16	0	0	0	16	0	0	17
4	3	G	40000	22496	77.504	55.1785	77504	34978	674	0	0	33691	98	515	34098
4	3	A	40000	27077	72.923	55.428	72923	17495	328	0	0	16796	4	367	16908
4	3	B	40000	27588	72.412	54.929	72412	17483	346	0	0	16895	94	148	17190
4	3	cSpy was 6 spamed and the readout avoided!
4	4	G	40000	13011	86.989	55.133	86989	41872	40	9	0	37537	4009	277	41702
4	4	A	40000	23791	76.209	55.4	76209	20809	15	3	0	18049	2482	260	20662
4	4	B	40000	24071	75.929	54.866	75929	21063	25	6	0	19488	1527	17	21040
4	4	cSpy was 17 spamed and the readout avoided!
4	5	G	40000	100000	0	0	0	0	0	0	0	0	0	0	2
4	5	A	40000	100000	0	0	0	0	0	0	0	0	0	0	1
4	5	B	40000	100000	0	0	0	0	0	0	0	0	0	0	1
4	6	G	40000	100000	0	0	0	0	0	0	0	0	0	0	2
4	6	A	40000	100000	0	0	0	0	0	0	0	0	0	0	1
4	6	B	40000	100000	0	0	0	0	0	0	0	0	0	0	1
4	7	G	40000	21518	78.482	57.397	78482	34344	711	0	0	32970	121	542	33382
4	7	A	40000	25175	74.825	57.655	74825	17170	341	0	0	16449	0	380	16529
4	7	B	40000	25687	74.313	57.139	74313	17174	370	0	0	16521	121	162	16853
4	7	cSpy was 7 spamed and the readout avoided!
5	0	G	40000	493	99.507	57.058	99507	15110	137	0	0	14039	109	825	14572
5	0	A	40000	609	99.391	98.244	99391	1147	137	0	0	84	101	825	609
5	0	B	40000	70165	29.835	15.872	29835	13963	0	0	0	13955	8	0	13963
5	0	cSpy was 62 spamed and the readout avoided!
5	1	G	40000	40855	59.145	36.14	59145	35551	147	1	0	35255	3	145	35408
5	1	A	40000	46076	53.924	36.281	53924	17643	72	1	0	17443	2	125	17531
5	1	B	40000	46093	53.907	35.999	53907	17908	75	0	0	17812	1	20	17877
5	1	cSpy was 3 spamed and the readout avoided!
5	2	G	40000	58	99.942	98.102	99942	2302	107	2	0	1159	87	947	1487
5	2	A	40000	160	99.84	99.026	99840	814	7	0	0	24	1	782	160
5	2	B	40000	1334	98.666	97.178	98666	1488	100	2	0	1135	86	165	1327
5	2	cSpy was 58 spamed and the readout avoided!
5	3	G	40000	99764	0.235999	0	236	472	0	0	0	472	0	0	474
5	3	A	40000	99764	0.235999	0	236	236	0	0	0	236	0	0	237
5	3	B	40000	99764	0.235999	0	236	236	0	0	0	236	0	0	237
5	4	G	40000	100000	0	0	0	0	0	0	0	0	0	0	2
5	4	A	40000	100000	0	0	0	0	0	0	0	0	0	0	1
5	4	B	40000	100000	0	0	0	0	0	0	0	0	0	0	1
5	5	G	40000	76235	23.765	8.474	23765	23958	3	0	0	23928	2	25	23958
5	5	A	40000	79450	20.55	8.75	20550	11800	2	0	0	11771	2	25	11800
5	5	B	40000	79644	20.356	8.198	20356	12158	1	0	0	12157	0	0	12158
5	6	G	40000	1	99.999	97.862	99999	2269	176	0	0	692	1189	212	2007
5	6	A	40000	7	99.993	99.896	99993	97	0	0	0	1	1	95	7
5	6	B	40000	2000	98	95.828	98000	2172	176	0	0	691	1188	117	2000
5	6	cSpy was 24 spamed and the readout avoided!
5	7	G	40000	50805	49.195	10.731	49195	52830	3	2	0	47619	5106	100	52801
5	7	A	40000	61000	39	11.27	39000	27730	3	2	0	23859	3767	99	27700
5	7	B	40000	64708	35.292	10.192	35292	25100	0	0	0	23760	1339	1	25101
6	0	G	40000	746	99.254	94.796	99254	5484	259	4	0	2915	1519	787	4904
6	0	A	40000	1598	98.402	96.298	98402	2104	146	1	0	199	1001	757	1598
6	0	B	40000	3326	96.674	93.294	96674	3380	113	3	0	2716	518	30	3306
6	0	cSpy was 43 spamed and the readout avoided!
6	1	G	40000	18057	81.943	33.068	81943	63432	4	1	0	56419	6731	277	63297
6	1	A	40000	33417	66.583	36.397	66583	30186	3	1	0	26116	3790	276	30053
6	1	B	40000	37015	62.985	29.739	62985	33246	1	0	0	30303	2941	1	33244
6	1	cSpy was 6 spamed and the readout avoided!
6	2	G	40000	100000	0	0	0	0	0	0	0	0	0	0	2
6	2	A	40000	100000	0	0	0	0	0	0	0	0	0	0	1
6	2	B	40000	100000	0	0	0	0	0	0	0	0	0	0	1
6	3	G	40000	100000	0	0	0	0	0	0	0	0	0	0	2
6	3	A	40000	100000	0	0	0	0	0	0	0	0	0	0	1
6	3	B	40000	100000	0	0	0	0	0	0	0	0	0	0	1
6	4	G	40000	19333	80.667	59.155	80667	33897	799	0	0	32383	126	589	32846
6	4	A	40000	23591	76.409	59.445	76409	16964	391	0	0	16148	0	425	16258
6	4	B	40000	24202	75.798	58.865	75798	16933	408	0	0	16235	126	164	16588
6	4	cSpy was 32 spamed and the readout avoided!
6	5	G	40000	6763	93.237	83.0535	93237	13109	175	6	1	11254	876	797	12565
6	5	A	40000	9803	90.197	84.094	90197	6103	12	1	0	5051	357	682	5730
6	5	B	40000	10981	89.019	82.013	89019	7006	163	5	1	6203	519	115	6835
6	5	cSpy was 84 spamed and the readout avoided!
6	6	G	40000	100000	0	0	0	0	0	0	0	0	0	0	2
6	6	A	40000	100000	0	0	0	0	0	0	0	0	0	0	1
6	6	B	40000	100000	0	0	0	0	0	0	0	0	0	0	1
6	7	G	40000	100000	0	0	0	0	0	0	0	0	0	0	2
6	7	A	40000	100000	0	0	0	0	0	0	0	0	0	0	1
6	7	B	40000	100000	0	0	0	0	0	0	0	0	0	0	1
7	0	G	40000	2121	97.879	47.8535	97879	3438	217	0	0	2606	71	544	2971
7	0	A	40000	2140	97.86	95.283	97860	2577	217	0	0	1745	71	544	2109
7	0	B	40000	98715	1.285	0.424	1285	861	0	0	0	861	0	0	862
7	0	cSpy was 1 spamed and the readout avoided!
7	1	G	40000	100000	0	0	0	0	0	0	0	0	0	0	2
7	1	A	40000	100000	0	0	0	0	0	0	0	0	0	0	1
7	1	B	40000	100000	0	0	0	0	0	0	0	0	0	0	1
7	2	G	40000	91893	8.107	1.6425	8107	10322	4	5	0	10245	55	13	10322
7	2	A	40000	93021	6.979	1.82	6979	5159	4	5	0	5102	35	13	5158
7	2	B	40000	93372	6.628	1.465	6628	5163	0	0	0	5143	20	0	5164
7	3	G	40000	0	100	100	100000	200000	200000	200000	200000	200000	200000	200000	200002
7	3	A	40000	0	100	100	100000	100000	100000	100000	100000	100000	100000	100000	100001
7	3	B	40000	0	100	100	100000	100000	100000	100000	100000	100000	100000	100000	100001
7	4	G	40000	93959	6.041	0.422	6041	10825	0	0	0	10481	340	4	10827
7	4	A	40000	93999	6.001	0.422	6001	5579	0	0	0	5278	297	4	5580
7	4	B	40000	94332	5.668	0.422	5668	5246	0	0	0	5203	43	0	5247
7	5	G	40000	100000	0	0	0	0	0	0	0	0	0	0	2
7	5	A	40000	100000	0	0	0	0	0	0	0	0	0	0	1
7	5	B	40000	100000	0	0	0	0	0	0	0	0	0	0	1
7	6	G	40000	99844	0.155997	0.002	156	306	0	0	0	306	0	0	308
7	6	A	40000	99844	0.155997	0.003	156	153	0	0	0	153	0	0	154
7	6	B	40000	99846	0.154001	0.001	154	153	0	0	0	153	0	0	154
7	7	G	40000	42136	57.864	28.893	57864	44251	5	0	0	42566	1498	182	44189
7	7	A	40000	48405	51.595	29.292	51595	22303	2	0	0	21450	670	181	22242
7	7	B	40000	49558	50.442	28.494	50442	21948	3	0	0	21116	828	1	21947
7	7	cSpy was 6 spamed and the readout avoided!
