#the gain was set to: 2	the bias was set to: 30
#Sent triggers per delay setting: 100000	and with a frequency [Hz] of: 40000
#160MHz delay setting	400MHz delay setting	Frequency	correct transmitted H+T		error rate [%]	uncertainty [%]	bad or missed events	error count	missing headers	missing trailers	flipped H/T	event nr errors	tbm missed trigger	unknown errors	event nr resets
0	0	G	40000	402	99.598	72.8235	99598	19169	125	0	0	18111	336	597	18669
0	0	A	40000	640	99.36	98.228	99360	1132	104	0	0	191	255	582	640
0	0	B	40000	34544	65.456	47.419	65456	18037	21	0	0	17920	81	15	18029
0	0	cSpy was 38 spamed and the readout avoided!
0	1	G	40000	32228	67.772	48.124	67772	26870	555	1	0	25604	12	698	26340
0	1	A	40000	40887	59.113	47.719	59113	11394	271	0	0	10663	6	454	11120
0	1	B	40000	35995	64.005	48.529	64005	15476	284	1	0	14941	6	244	15220
0	2	G	40000	5512	94.488	77.2445	94488	22262	47	0	0	18900	3077	238	22105
0	2	A	40000	12021	87.979	76.594	87979	11385	20	0	0	9295	1842	228	11252
0	2	B	40000	11228	88.772	77.895	88772	10877	27	0	0	9605	1235	10	10853
0	2	cSpy was 1 spamed and the readout avoided!
0	3	G	40000	100000	0	0	0	0	0	0	0	0	0	0	2
0	3	A	40000	100000	0	0	0	0	0	0	0	0	0	0	1
0	3	B	40000	100000	0	0	0	0	0	0	0	0	0	0	1
0	4	G	40000	100000	0	0	0	0	0	0	0	0	0	0	2
0	4	A	40000	100000	0	0	0	0	0	0	0	0	0	0	1
0	4	B	40000	100000	0	0	0	0	0	0	0	0	0	0	1
0	5	G	40000	26126	73.874	52.9395	73874	26562	260	0	0	25688	7	607	26340
0	5	A	40000	36580	63.42	52.214	63420	11206	137	0	0	10569	2	498	11057
0	5	B	40000	30979	69.021	53.665	69021	15356	123	0	0	15119	5	109	15283
0	6	G	40000	2879	97.121	85.868	97121	13801	234	8	0	10605	2559	395	13423
0	6	A	40000	6914	93.086	86.504	93086	6582	117	0	0	4596	1577	292	6331
0	6	B	40000	7549	92.451	85.232	92451	7219	117	8	0	6009	982	103	7092
0	6	cSpy was 34 spamed and the readout avoided!
0	7	G	40000	99912	0.0880003	0.03	88	116	0	0	0	116	0	0	118
0	7	A	40000	99912	0.0880003	0.03	88	58	0	0	0	58	0	0	59
0	7	B	40000	99912	0.0880003	0.03	88	58	0	0	0	58	0	0	59
1	0	G	40000	337	99.663	95.6425	99663	3926	216	3	0	2864	299	544	3431
1	0	A	40000	1782	98.218	96.052	98218	2166	177	3	0	1336	192	458	1749
1	0	B	40000	3007	96.993	95.233	96993	1760	39	0	0	1528	107	86	1682
1	0	cSpy was 30 spamed and the readout avoided!
1	1	G	40000	99914	0.0859976	0.03	86	112	0	0	0	112	0	0	114
1	1	A	40000	99914	0.0859976	0.03	86	56	0	0	0	56	0	0	57
1	1	B	40000	99914	0.0859976	0.03	86	56	0	0	0	56	0	0	57
1	2	G	40000	100000	0	0	0	0	0	0	0	0	0	0	2
1	2	A	40000	100000	0	0	0	0	0	0	0	0	0	0	1
1	2	B	40000	100000	0	0	0	0	0	0	0	0	0	0	1
1	3	G	40000	86697	13.303	5.4315	13303	10510	1	0	0	10276	191	42	10506
1	3	A	40000	89971	10.029	4.946	10029	5083	0	0	0	4887	154	42	5079
1	3	B	40000	88656	11.344	5.917	11344	5427	1	0	0	5389	37	0	5427
1	4	G	40000	0	100	100	100000	200000	200000	200000	200000	200000	200000	200000	200002
1	4	A	40000	0	100	100	100000	100000	100000	100000	100000	100000	100000	100000	100001
1	4	B	40000	0	100	100	100000	100000	100000	100000	100000	100000	100000	100000	100001
1	5	G	40000	95193	4.807	0.754	4807	6458	0	0	0	6290	168	0	6460
1	5	A	40000	96229	3.771	0.568	3771	3203	0	0	0	3130	73	0	3204
1	5	B	40000	95805	4.195	0.94	4195	3255	0	0	0	3160	95	0	3256
1	6	G	40000	100000	0	0	0	0	0	0	0	0	0	0	2
1	6	A	40000	100000	0	0	0	0	0	0	0	0	0	0	1
1	6	B	40000	100000	0	0	0	0	0	0	0	0	0	0	1
1	7	G	40000	99677	0.322998	0.013	323	615	0	0	0	615	0	0	617
1	7	A	40000	99680	0.319999	0.013	320	307	0	0	0	307	0	0	308
1	7	B	40000	99679	0.321001	0.013	321	308	0	0	0	308	0	0	309
2	0	G	40000	2337	97.663	48.3955	97663	4172	55	0	0	3900	108	109	4053
2	0	A	40000	2373	97.627	95.166	97627	2461	55	0	0	2189	108	109	2341
2	0	B	40000	96664	3.336	1.625	3336	1711	0	0	0	1711	0	0	1712
2	1	G	40000	97327	2.673	1.037	2673	2346	0	0	0	2335	6	5	2348
2	1	A	40000	97910	2.09	0.992	2090	1098	0	0	0	1088	5	5	1099
2	1	B	40000	97670	2.33	1.082	2330	1248	0	0	0	1247	1	0	1249
2	2	G	40000	23511	76.489	54.995	76489	27064	853	3	0	24004	1419	785	26253
2	2	A	40000	34372	65.628	53.13	65628	12498	479	3	0	11091	432	493	12015
2	2	B	40000	28574	71.426	56.86	71426	14566	374	0	0	12913	987	292	14238
2	2	cSpy was 2 spamed and the readout avoided!
2	3	G	40000	8199	91.801	62.6645	91801	34819	162	22	0	30350	4068	219	34605
2	3	A	40000	24045	75.955	54.136	75955	21819	20	0	0	18747	2961	91	21747
2	3	B	40000	15807	84.193	71.193	84193	13000	142	22	0	11603	1107	128	12858
2	3	cSpy was 24 spamed and the readout avoided!
2	4	G	40000	100000	0	0	0	0	0	0	0	0	0	0	2
2	4	A	40000	100000	0	0	0	0	0	0	0	0	0	0	1
2	4	B	40000	100000	0	0	0	0	0	0	0	0	0	0	1
2	5	G	40000	100000	0	0	0	0	0	0	0	0	0	0	2
2	5	A	40000	100000	0	0	0	0	0	0	0	0	0	0	1
2	5	B	40000	100000	0	0	0	0	0	0	0	0	0	0	1
2	6	G	40000	36697	63.303	43.665	63303	23746	375	1	0	21861	990	519	23460
2	6	A	40000	47594	52.406	41.905	52406	10501	221	1	0	9201	669	409	10293
2	6	B	40000	41330	58.67	45.425	58670	13245	154	0	0	12660	321	110	13167
2	7	G	40000	1070	98.93	93.3125	98930	6755	276	7	0	5492	623	357	6391
2	7	A	40000	4272	95.728	91.54	95728	4188	12	0	0	3488	468	220	4070
2	7	B	40000	2348	97.652	95.085	97652	2567	264	7	0	2004	155	137	2321
2	7	cSpy was 75 spamed and the readout avoided!
3	0	G	40000	975	99.025	73.89	99025	19228	261	7	0	17962	343	655	18629
3	0	A	40000	1556	98.444	96.355	98444	2089	197	0	0	1248	24	620	1546
3	0	B	40000	31436	68.564	51.425	68564	17139	64	7	0	16714	319	35	17083
3	0	cSpy was 78 spamed and the readout avoided!
3	1	G	40000	0	100	100	100000	200000	200000	200000	200000	200000	200000	200000	200002
3	1	A	40000	0	100	100	100000	100000	100000	100000	100000	100000	100000	100000	100001
3	1	B	40000	0	100	100	100000	100000	100000	100000	100000	100000	100000	100000	100001
3	2	G	40000	99995	0.00500083	0	5	10	0	0	0	10	0	0	12
3	2	A	40000	99995	0.00500083	0	5	5	0	0	0	5	0	0	6
3	2	B	40000	99995	0.00500083	0	5	5	0	0	0	5	0	0	6
3	3	G	40000	100000	0	0	0	0	0	0	0	0	0	0	2
3	3	A	40000	100000	0	0	0	0	0	0	0	0	0	0	1
3	3	B	40000	100000	0	0	0	0	0	0	0	0	0	0	1
3	4	G	40000	91155	8.845	2.038	8845	12093	0	0	0	12078	11	4	12095
3	4	A	40000	91977	8.023	1.938	8023	6085	0	0	0	6071	10	4	6086
3	4	B	40000	91854	8.146	2.138	8146	6008	0	0	0	6007	1	0	6009
3	5	G	40000	0	100	100	100000	200000	200000	200000	200000	200000	200000	200000	200002
3	5	A	40000	0	100	100	100000	100000	100000	100000	100000	100000	100000	100000	100001
3	5	B	40000	0	100	100	100000	100000	100000	100000	100000	100000	100000	100000	100001
3	6	G	40000	66301	33.699	9.38	33699	34827	4	3	0	32078	2712	30	34815
3	6	A	40000	73193	26.807	9.333	26807	17474	3	0	0	15475	1966	30	17463
3	6	B	40000	73220	26.78	9.427	26780	17353	1	3	0	16603	746	0	17352
3	6	cSpy was 8 spamed and the readout avoided!
3	7	G	40000	100000	0	0	0	0	0	0	0	0	0	0	2
3	7	A	40000	100000	0	0	0	0	0	0	0	0	0	0	1
3	7	B	40000	100000	0	0	0	0	0	0	0	0	0	0	1
4	0	G	40000	737	99.263	63.512	99263	14475	206	1	0	12682	1125	461	14052
4	0	A	40000	975	99.025	97.669	99025	1356	139	0	0	520	259	438	975
4	0	B	40000	57526	42.474	29.355	42474	13119	67	1	0	12162	866	23	13077
4	0	cSpy was 12 spamed and the readout avoided!
4	1	G	40000	100000	0	0	0	0	0	0	0	0	0	0	2
4	1	A	40000	100000	0	0	0	0	0	0	0	0	0	0	1
4	1	B	40000	100000	0	0	0	0	0	0	0	0	0	0	1
4	2	G	40000	99996	0.00399947	0	4	8	0	0	0	8	0	0	10
4	2	A	40000	99996	0.00399947	0	4	4	0	0	0	4	0	0	5
4	2	B	40000	99996	0.00399947	0	4	4	0	0	0	4	0	0	5
4	3	G	40000	0	100	100	100000	200000	200000	200000	200000	200000	200000	200000	200002
4	3	A	40000	0	100	100	100000	100000	100000	100000	100000	100000	100000	100000	100001
4	3	B	40000	0	100	100	100000	100000	100000	100000	100000	100000	100000	100000	100001
4	4	G	40000	0	100	100	100000	200000	200000	200000	200000	200000	200000	200000	200002
4	4	A	40000	0	100	100	100000	100000	100000	100000	100000	100000	100000	100000	100001
4	4	B	40000	0	100	100	100000	100000	100000	100000	100000	100000	100000	100000	100001
4	5	G	40000	100000	0	0	0	0	0	0	0	0	0	0	2
4	5	A	40000	100000	0	0	0	0	0	0	0	0	0	0	1
4	5	B	40000	100000	0	0	0	0	0	0	0	0	0	0	1
4	6	G	40000	99248	0.752002	0.156	752	1039	0	0	0	1038	0	1	1041
4	6	A	40000	99319	0.681001	0.167	681	514	0	0	0	513	0	1	515
4	6	B	40000	99330	0.669998	0.145	670	525	0	0	0	525	0	0	526
4	7	G	40000	32822	67.178	45.4825	67178	34657	403	1	0	33874	50	329	34133
4	7	A	40000	37046	62.954	45.688	62954	17266	193	1	0	16825	0	247	16902
4	7	B	40000	37332	62.668	45.277	62668	17391	210	0	0	17049	50	82	17231
4	7	cSpy was 5 spamed and the readout avoided!
5	0	G	40000	501	99.499	56.9355	99499	15073	144	0	0	13969	114	846	14516
5	0	A	40000	611	99.389	98.222	99389	1167	144	0	0	82	100	841	611
5	0	B	40000	70445	29.555	15.649	29555	13906	0	0	0	13887	14	5	13905
5	0	cSpy was 66 spamed and the readout avoided!
5	1	G	40000	49057	50.943	27.9555	50943	35638	62	0	0	35480	2	94	35582
5	1	A	40000	54250	45.75	28.167	45750	17583	30	0	0	17462	2	89	17537
5	1	B	40000	54201	45.799	27.744	45799	18055	32	0	0	18018	0	5	18045
5	1	cSpy was 4 spamed and the readout avoided!
5	2	G	40000	0	100	100	100000	200000	200000	200000	200000	200000	200000	200000	200002
5	2	A	40000	0	100	100	100000	100000	100000	100000	100000	100000	100000	100000	100001
5	2	B	40000	0	100	100	100000	100000	100000	100000	100000	100000	100000	100000	100001
5	3	G	40000	95313	4.687	0.541	4687	7508	0	0	0	6911	591	6	7508
5	3	A	40000	95371	4.629	0.541	4629	4088	0	0	0	3540	542	6	4088
5	3	B	40000	96039	3.961	0.541	3961	3420	0	0	0	3371	49	0	3420
5	4	G	40000	100000	0	0	0	0	0	0	0	0	0	0	2
5	4	A	40000	100000	0	0	0	0	0	0	0	0	0	0	1
5	4	B	40000	100000	0	0	0	0	0	0	0	0	0	0	1
5	5	G	40000	71373	28.627	13.4335	28627	23094	21	0	0	23036	3	34	23074
5	5	A	40000	74986	25.014	13.635	25014	11379	11	0	0	11333	3	32	11360
5	5	B	40000	75053	24.947	13.232	24947	11715	10	0	0	11703	0	2	11714
5	5	cSpy was 1 spamed and the readout avoided!
5	6	G	40000	0	100	100	100000	200000	200000	200000	200000	200000	200000	200000	200002
5	6	A	40000	0	100	100	100000	100000	100000	100000	100000	100000	100000	100000	100001
5	6	B	40000	0	100	100	100000	100000	100000	100000	100000	100000	100000	100000	100001
5	7	G	40000	63388	36.612	8.1915	36612	42014	1	0	0	37755	4186	72	41989
5	7	A	40000	69038	30.962	8.445	30962	22517	1	0	0	19224	3220	72	22491
5	7	B	40000	72565	27.435	7.938	27435	19497	0	0	0	18531	966	0	19498
5	7	cSpy was 1 spamed and the readout avoided!
6	0	G	40000	546	99.454	96.161	99454	4110	331	2	0	2047	1125	605	3545
6	0	A	40000	1248	98.752	97.053	98752	1699	182	0	0	172	795	550	1247
6	0	B	40000	2320	97.68	95.269	97680	2411	149	2	0	1875	330	55	2298
6	0	cSpy was 59 spamed and the readout avoided!
6	1	G	40000	17198	82.802	39.292	82802	56683	2	0	0	50364	6134	183	56581
6	1	A	40000	30946	69.054	41.968	69054	27086	0	0	0	23418	3488	180	26986
6	1	B	40000	33787	66.213	36.616	66213	29597	2	0	0	26946	2646	3	29595
6	1	cSpy was 5 spamed and the readout avoided!
6	2	G	40000	100000	0	0	0	0	0	0	0	0	0	0	2
6	2	A	40000	100000	0	0	0	0	0	0	0	0	0	0	1
6	2	B	40000	100000	0	0	0	0	0	0	0	0	0	0	1
6	3	G	40000	100000	0	0	0	0	0	0	0	0	0	0	2
6	3	A	40000	100000	0	0	0	0	0	0	0	0	0	0	1
6	3	B	40000	100000	0	0	0	0	0	0	0	0	0	0	1
6	4	G	40000	18782	81.218	59.5735	81218	33618	795	1	0	32095	113	614	32547
6	4	A	40000	23290	76.71	59.9	76710	16810	393	1	0	15989	0	427	16107
6	4	B	40000	23945	76.055	59.247	76055	16808	402	0	0	16106	113	187	16440
6	4	cSpy was 8 spamed and the readout avoided!
6	5	G	40000	8035	91.965	68.137	91965	31509	72	4	0	28160	2538	735	31108
6	5	A	40000	15120	84.88	69.853	84880	15027	5	1	0	13214	1129	678	14690
6	5	B	40000	17097	82.903	66.421	82903	16482	67	3	0	14946	1409	57	16418
6	5	cSpy was 11 spamed and the readout avoided!
6	6	G	40000	100000	0	0	0	0	0	0	0	0	0	0	2
6	6	A	40000	100000	0	0	0	0	0	0	0	0	0	0	1
6	6	B	40000	100000	0	0	0	0	0	0	0	0	0	0	1
6	7	G	40000	99999	0.00100136	0	1	2	0	0	0	2	0	0	4
6	7	A	40000	99999	0.00100136	0	1	1	0	0	0	1	0	0	2
6	7	B	40000	99999	0.00100136	0	1	1	0	0	0	1	0	0	2
7	0	G	40000	2028	97.972	47.9625	97972	7184	211	0	0	6351	76	546	6705
7	0	A	40000	2118	97.882	95.311	97882	2571	211	0	0	1750	64	546	2091
7	0	B	40000	94773	5.227	0.614	5227	4613	0	0	0	4601	12	0	4614
7	0	cSpy was 2 spamed and the readout avoided!
7	1	G	40000	100000	0	0	0	0	0	0	0	0	0	0	2
7	1	A	40000	100000	0	0	0	0	0	0	0	0	0	0	1
7	1	B	40000	100000	0	0	0	0	0	0	0	0	0	0	1
7	2	G	40000	89337	10.663	2.3995	10663	11962	6	4	0	11868	69	15	11960
7	2	A	40000	91342	8.658	2.684	8658	5974	6	4	0	5900	49	15	5971
7	2	B	40000	91897	8.103	2.115	8103	5988	0	0	0	5968	20	0	5989
7	2	cSpy was 1 spamed and the readout avoided!
7	3	G	40000	0	100	100	100000	200000	200000	200000	200000	200000	200000	200000	200002
7	3	A	40000	0	100	100	100000	100000	100000	100000	100000	100000	100000	100000	100001
7	3	B	40000	0	100	100	100000	100000	100000	100000	100000	100000	100000	100000	100001
7	4	G	40000	74336	25.664	5.0415	25664	28920	2	8	0	26302	2562	46	28897
7	4	A	40000	79940	20.06	5.449	20060	14611	2	8	0	12872	1683	46	14588
7	4	B	40000	81057	18.943	4.634	18943	14309	0	0	0	13430	879	0	14309
7	5	G	40000	100000	0	0	0	0	0	0	0	0	0	0	2
7	5	A	40000	100000	0	0	0	0	0	0	0	0	0	0	1
7	5	B	40000	100000	0	0	0	0	0	0	0	0	0	0	1
7	6	G	40000	99414	0.585997	0.0375	586	1066	0	0	0	1060	5	1	1068
7	6	A	40000	99424	0.576001	0.043	576	533	0	0	0	527	5	1	534
7	6	B	40000	99435	0.564998	0.032	565	533	0	0	0	533	0	0	534
7	7	G	40000	40679	59.321	31.1025	59321	40354	19	19	0	38610	1535	171	40278
7	7	A	40000	47988	52.012	31.815	52012	20197	14	19	0	19305	689	170	20121
7	7	B	40000	49453	50.547	30.39	50547	20157	5	0	0	19305	846	1	20157
7	7	cSpy was 6 spamed and the readout avoided!
