#the gain was set to: 2	the bias was set to: 30
#Sent triggers per delay setting: 100000	and with a frequency [Hz] of: 40000
#160MHz delay setting	400MHz delay setting	Frequency	correct transmitted H+T		error rate [%]	uncertainty [%]	bad or missed events	error count	missing headers	missing trailers	flipped H/T	event nr errors	tbm missed trigger	unknown errors	event nr resets
0	0	G	40000	434	99.566	71.86	99566	19237	101	0	0	18215	349	572	18767
0	0	A	40000	658	99.342	98.218	99342	1124	84	0	0	193	285	562	658
0	0	B	40000	36385	63.615	45.502	63615	18113	17	0	0	18022	64	10	18109
0	0	cSpy was 30 spamed and the readout avoided!
0	1	G	40000	25995	74.005	54.231	74005	26050	573	1	0	24730	0	746	25531
0	1	A	40000	35469	64.531	53.743	64531	10788	281	0	0	10006	0	501	10506
0	1	B	40000	30019	69.981	54.719	69981	15262	292	1	0	14724	0	245	15025
0	2	G	40000	7680	92.32	78.953	92320	17153	304	7	0	14164	2342	336	16770
0	2	A	40000	12702	87.298	78.67	87298	8628	100	0	0	6797	1466	265	8409
0	2	B	40000	12239	87.761	79.236	87761	8525	204	7	0	7367	876	71	8361
0	2	cSpy was 40 spamed and the readout avoided!
0	3	G	40000	100000	0	0	0	0	0	0	0	0	0	0	2
0	3	A	40000	100000	0	0	0	0	0	0	0	0	0	0	1
0	3	B	40000	100000	0	0	0	0	0	0	0	0	0	0	1
0	4	G	40000	100000	0	0	0	0	0	0	0	0	0	0	2
0	4	A	40000	100000	0	0	0	0	0	0	0	0	0	0	1
0	4	B	40000	100000	0	0	0	0	0	0	0	0	0	0	1
0	5	G	40000	26460	73.54	52.3895	73540	26860	197	0	0	26059	19	585	26684
0	5	A	40000	36916	63.084	51.655	63084	11429	106	0	0	10823	8	492	11311
0	5	B	40000	31445	68.555	53.124	68555	15431	91	0	0	15236	11	93	15373
0	6	G	40000	2603	97.397	87.212	97397	12775	223	2	0	10041	2118	391	12382
0	6	A	40000	5506	94.494	89.007	94494	5487	78	0	0	4007	1089	313	5240
0	6	B	40000	7295	92.705	85.417	92705	7288	145	2	0	6034	1029	78	7142
0	6	cSpy was 17 spamed and the readout avoided!
0	7	G	40000	76069	23.931	7.5905	23931	17731	0	0	0	15378	2348	5	17729
0	7	A	40000	86418	13.582	2.509	13582	11073	0	0	0	9229	1839	5	11070
0	7	B	40000	80670	19.33	12.672	19330	6658	0	0	0	6149	509	0	6659
1	0	G	40000	496	99.504	96.6205	99504	3581	255	0	0	2333	614	379	3158
1	0	A	40000	1957	98.043	95.79	98043	2253	171	0	0	1449	341	292	1937
1	0	B	40000	1221	98.779	97.451	98779	1328	84	0	0	884	273	87	1221
1	0	cSpy was 28 spamed and the readout avoided!
1	1	G	40000	75903	24.097	11.449	24097	14919	15	3	0	12410	2457	34	14899
1	1	A	40000	83514	16.486	7	16486	9486	1	0	0	7593	1874	18	9480
1	1	B	40000	78669	21.331	15.898	21331	5433	14	3	0	4817	583	16	5419
1	1	cSpy was 5 spamed and the readout avoided!
1	2	G	40000	100000	0	0	0	0	0	0	0	0	0	0	2
1	2	A	40000	100000	0	0	0	0	0	0	0	0	0	0	1
1	2	B	40000	100000	0	0	0	0	0	0	0	0	0	0	1
1	3	G	40000	79282	20.718	7.7035	20718	18347	3	0	0	18194	92	58	18344
1	3	A	40000	84102	15.898	7.313	15898	8585	2	0	0	8441	84	58	8581
1	3	B	40000	82144	17.856	8.094	17856	9762	1	0	0	9753	8	0	9763
1	4	G	40000	1052	98.948	94.452	98948	5673	430	2	0	3973	983	285	5210
1	4	A	40000	3500	96.5	93.015	96500	3485	101	1	0	2448	808	127	3329
1	4	B	40000	1923	98.077	95.889	98077	2188	329	1	0	1525	175	158	1881
1	4	cSpy was 55 spamed and the readout avoided!
1	5	G	40000	71348	28.652	22.637	28652	8265	118	9	0	7233	773	132	8109
1	5	A	40000	73489	26.511	22.344	26511	4167	44	0	0	3563	462	98	4074
1	5	B	40000	72972	27.028	22.93	27028	4098	74	9	0	3670	311	34	4035
1	5	cSpy was 17 spamed and the readout avoided!
1	6	G	40000	100000	0	0	0	0	0	0	0	0	0	0	2
1	6	A	40000	100000	0	0	0	0	0	0	0	0	0	0	1
1	6	B	40000	100000	0	0	0	0	0	0	0	0	0	0	1
1	7	G	40000	99685	0.314999	0.009	315	611	0	0	0	611	0	0	613
1	7	A	40000	99686	0.313997	0.009	314	305	0	0	0	305	0	0	306
1	7	B	40000	99685	0.314999	0.009	315	306	0	0	0	306	0	0	307
2	0	G	40000	2652	97.348	47.9845	97348	4109	39	1	0	3902	102	65	4041
2	0	A	40000	2686	97.314	94.621	97314	2693	39	1	0	2486	102	65	2624
2	0	B	40000	97236	2.764	1.348	2764	1416	0	0	0	1416	0	0	1417
2	1	G	40000	100000	0	0	0	0	0	0	0	0	0	0	2
2	1	A	40000	100000	0	0	0	0	0	0	0	0	0	0	1
2	1	B	40000	100000	0	0	0	0	0	0	0	0	0	0	1
2	2	G	40000	22131	77.869	54.431	77869	28639	871	7	0	25687	1283	791	27784
2	2	A	40000	34271	65.729	52.156	65729	13573	447	2	0	11602	1014	508	13083
2	2	B	40000	28228	71.772	56.706	71772	15066	424	5	0	14085	269	283	14701
2	2	cSpy was 3 spamed and the readout avoided!
2	3	G	40000	9871	90.129	54.086	90129	43097	124	0	0	38355	4523	95	42971
2	3	A	40000	29837	70.163	42.899	70163	27264	4	0	0	23737	3490	33	27240
2	3	B	40000	18894	81.106	65.273	81106	15833	120	0	0	14618	1033	62	15731
2	3	cSpy was 2 spamed and the readout avoided!
2	4	G	40000	100000	0	0	0	0	0	0	0	0	0	0	2
2	4	A	40000	100000	0	0	0	0	0	0	0	0	0	0	1
2	4	B	40000	100000	0	0	0	0	0	0	0	0	0	0	1
2	5	G	40000	98213	1.787	0.6975	1787	1394	0	0	0	1378	13	3	1396
2	5	A	40000	98677	1.323	0.645	1323	678	0	0	0	668	7	3	679
2	5	B	40000	98534	1.466	0.75	1466	716	0	0	0	710	6	0	717
2	6	G	40000	24573	75.427	51.5025	75427	28206	429	5	0	25600	1549	623	27832
2	6	A	40000	38178	61.822	48.787	61822	13035	228	2	0	10790	1547	468	12791
2	6	B	40000	30611	69.389	54.218	69389	15171	201	3	0	14810	2	155	15041
2	7	G	40000	1039	98.961	93.706	98961	6479	366	2	0	3277	2398	436	5979
2	7	A	40000	3642	96.358	92.567	96358	3791	118	0	0	2063	1354	256	3558
2	7	B	40000	2467	97.533	94.845	97533	2688	248	2	0	1214	1044	180	2421
2	7	cSpy was 80 spamed and the readout avoided!
3	0	G	40000	839	99.161	80.2655	99161	17206	303	5	0	15877	344	677	16600
3	0	A	40000	1486	98.514	96.514	98514	2000	206	0	0	1132	26	636	1470
3	0	B	40000	20777	79.223	64.017	79223	15206	97	5	0	14745	318	41	15130
3	0	cSpy was 6 spamed and the readout avoided!
3	1	G	40000	0	100	100	100000	200000	200000	200000	200000	200000	200000	200000	200002
3	1	A	40000	0	100	100	100000	100000	100000	100000	100000	100000	100000	100000	100001
3	1	B	40000	0	100	100	100000	100000	100000	100000	100000	100000	100000	100000	100001
3	2	G	40000	99995	0.00500083	0	5	10	0	0	0	10	0	0	12
3	2	A	40000	99995	0.00500083	0	5	5	0	0	0	5	0	0	6
3	2	B	40000	99995	0.00500083	0	5	5	0	0	0	5	0	0	6
3	3	G	40000	100000	0	0	0	0	0	0	0	0	0	0	2
3	3	A	40000	100000	0	0	0	0	0	0	0	0	0	0	1
3	3	B	40000	100000	0	0	0	0	0	0	0	0	0	0	1
3	4	G	40000	79136	20.864	11.6185	20864	15093	125	0	0	14833	36	99	14924
3	4	A	40000	80828	19.172	11.535	19172	7637	60	0	0	7501	8	68	7525
3	4	B	40000	80842	19.158	11.702	19158	7456	65	0	0	7332	28	31	7399
3	5	G	40000	0	100	100	100000	200000	200000	200000	200000	200000	200000	200000	200002
3	5	A	40000	0	100	100	100000	100000	100000	100000	100000	100000	100000	100000	100001
3	5	B	40000	0	100	100	100000	100000	100000	100000	100000	100000	100000	100000	100001
3	6	G	40000	0	100	100	100000	200000	200000	200000	200000	200000	200000	200000	200002
3	6	A	40000	0	100	100	100000	100000	100000	100000	100000	100000	100000	100000	100001
3	6	B	40000	0	100	100	100000	100000	100000	100000	100000	100000	100000	100000	100001
3	7	G	40000	100000	0	0	0	0	0	0	0	0	0	0	2
3	7	A	40000	100000	0	0	0	0	0	0	0	0	0	0	1
3	7	B	40000	100000	0	0	0	0	0	0	0	0	0	0	1
4	0	G	40000	733	99.267	64.4605	99267	14997	213	2	0	12622	1633	527	14520
4	0	A	40000	980	99.02	97.619	99020	1401	145	0	0	521	235	500	976
4	0	B	40000	55102	44.898	31.302	44898	13596	68	2	0	12101	1398	27	13544
4	0	cSpy was 26 spamed and the readout avoided!
4	1	G	40000	100000	0	0	0	0	0	0	0	0	0	0	2
4	1	A	40000	100000	0	0	0	0	0	0	0	0	0	0	1
4	1	B	40000	100000	0	0	0	0	0	0	0	0	0	0	1
4	2	G	40000	99862	0.138003	0.0055	138	264	0	0	0	264	0	0	266
4	2	A	40000	99862	0.138003	0.006	138	132	0	0	0	132	0	0	133
4	2	B	40000	99863	0.137001	0.005	137	132	0	0	0	132	0	0	133
4	3	G	40000	21070	78.93	56.566	78930	34655	678	0	0	33346	99	532	33745
4	3	A	40000	25829	74.171	56.837	74171	17334	333	0	0	16622	4	375	16735
4	3	B	40000	26384	73.616	56.295	73616	17321	345	0	0	16724	95	157	17010
4	3	cSpy was 6 spamed and the readout avoided!
4	4	G	40000	13091	86.909	53.536	86909	43461	35	5	0	39033	4106	282	43319
4	4	A	40000	24591	75.409	53.782	75409	21627	15	4	0	18809	2530	269	21499
4	4	B	40000	24876	75.124	53.29	75124	21834	20	1	0	20224	1576	13	21820
4	4	cSpy was 20 spamed and the readout avoided!
4	5	G	40000	100000	0	0	0	0	0	0	0	0	0	0	2
4	5	A	40000	100000	0	0	0	0	0	0	0	0	0	0	1
4	5	B	40000	100000	0	0	0	0	0	0	0	0	0	0	1
4	6	G	40000	100000	0	0	0	0	0	0	0	0	0	0	2
4	6	A	40000	100000	0	0	0	0	0	0	0	0	0	0	1
4	6	B	40000	100000	0	0	0	0	0	0	0	0	0	0	1
4	7	G	40000	22699	77.301	54.9835	77301	35994	435	0	0	35133	39	387	35439
4	7	A	40000	26858	73.142	55.14	73142	18002	212	0	0	17508	1	281	17613
4	7	B	40000	27181	72.819	54.827	72819	17992	223	0	0	17625	38	106	17826
4	7	cSpy was 7 spamed and the readout avoided!
5	0	G	40000	523	99.477	56.12	99477	14079	151	0	0	12983	104	841	13516
5	0	A	40000	626	99.374	98.185	99374	1189	151	0	0	97	100	841	625
5	0	B	40000	73055	26.945	14.055	26945	12890	0	0	0	12886	4	0	12891
5	0	cSpy was 45 spamed and the readout avoided!
5	1	G	40000	46703	53.297	28.9455	53297	37722	43	0	0	37580	5	94	37678
5	1	A	40000	52230	47.77	29.125	47770	18645	21	0	0	18527	5	92	18608
5	1	B	40000	52157	47.843	28.766	47843	19077	22	0	0	19053	0	2	19070
5	1	cSpy was 1 spamed and the readout avoided!
5	2	G	40000	46	99.954	98.364	99954	2012	63	0	0	943	132	874	1253
5	2	A	40000	126	99.874	99.131	99874	743	0	0	0	23	1	719	126
5	2	B	40000	1134	98.866	97.597	98866	1269	63	0	0	920	131	155	1127
5	2	cSpy was 50 spamed and the readout avoided!
5	3	G	40000	99759	0.240999	0	241	482	0	0	0	482	0	0	484
5	3	A	40000	99759	0.240999	0	241	241	0	0	0	241	0	0	242
5	3	B	40000	99759	0.240999	0	241	241	0	0	0	241	0	0	242
5	4	G	40000	100000	0	0	0	0	0	0	0	0	0	0	2
5	4	A	40000	100000	0	0	0	0	0	0	0	0	0	0	1
5	4	B	40000	100000	0	0	0	0	0	0	0	0	0	0	1
5	5	G	40000	78495	21.505	9.906	21505	18480	19	0	0	18424	1	36	18453
5	5	A	40000	80804	19.196	10.066	19196	9130	10	0	0	9088	0	32	9107
5	5	B	40000	80904	19.096	9.746	19096	9350	9	0	0	9336	1	4	9346
5	5	cSpy was 1 spamed and the readout avoided!
5	6	G	40000	0	100	100	100000	200000	200000	200000	200000	200000	200000	200000	200002
5	6	A	40000	0	100	100	100000	100000	100000	100000	100000	100000	100000	100000	100001
5	6	B	40000	0	100	100	100000	100000	100000	100000	100000	100000	100000	100000	100001
5	7	G	40000	49381	50.619	20.9765	50619	42734	0	2	0	38459	4195	78	42716
5	7	A	40000	55898	44.102	21.29	44102	22812	0	2	0	19518	3214	78	22793
5	7	B	40000	59415	40.585	20.663	40585	19922	0	0	0	18941	981	0	19923
5	7	cSpy was 1 spamed and the readout avoided!
6	0	G	40000	618	99.382	95.6255	99382	4636	233	1	0	2473	1232	697	4101
6	0	A	40000	1281	98.719	96.987	98719	1732	124	0	0	161	787	660	1281
6	0	B	40000	2832	97.168	94.264	97168	2904	109	1	0	2312	445	37	2820
6	0	cSpy was 37 spamed and the readout avoided!
6	1	G	40000	17258	82.742	37.1195	82742	59068	0	2	0	52596	6248	222	58972
6	1	A	40000	31763	68.237	40.039	68237	28198	0	2	0	24429	3548	219	28103
6	1	B	40000	34930	65.07	34.2	65070	30870	0	0	0	28167	2700	3	30869
6	1	cSpy was 5 spamed and the readout avoided!
6	2	G	40000	100000	0	0	0	0	0	0	0	0	0	0	2
6	2	A	40000	100000	0	0	0	0	0	0	0	0	0	0	1
6	2	B	40000	100000	0	0	0	0	0	0	0	0	0	0	1
6	3	G	40000	100000	0	0	0	0	0	0	0	0	0	0	2
6	3	A	40000	100000	0	0	0	0	0	0	0	0	0	0	1
6	3	B	40000	100000	0	0	0	0	0	0	0	0	0	0	1
6	4	G	40000	18889	81.111	59.4135	81111	33750	793	0	0	32242	113	602	32705
6	4	A	40000	23383	76.617	59.719	76617	16898	389	0	0	16075	4	430	16193
6	4	B	40000	24040	75.96	59.108	75960	16852	404	0	0	16167	109	172	16512
6	4	cSpy was 8 spamed and the readout avoided!
6	5	G	40000	7852	92.148	78.334	92148	17972	175	5	0	15707	1339	746	17487
6	5	A	40000	12058	87.942	79.424	87942	8518	19	1	0	7255	608	635	8190
6	5	B	40000	13302	86.698	77.244	86698	9454	156	4	0	8452	731	111	9297
6	5	cSpy was 88 spamed and the readout avoided!
6	6	G	40000	100000	0	0	0	0	0	0	0	0	0	0	2
6	6	A	40000	100000	0	0	0	0	0	0	0	0	0	0	1
6	6	B	40000	100000	0	0	0	0	0	0	0	0	0	0	1
6	7	G	40000	100000	0	0	0	0	0	0	0	0	0	0	2
6	7	A	40000	100000	0	0	0	0	0	0	0	0	0	0	1
6	7	B	40000	100000	0	0	0	0	0	0	0	0	0	0	1
7	0	G	40000	2311	97.689	47.655	97689	3560	224	0	0	2729	77	530	3076
7	0	A	40000	2322	97.678	94.911	97678	2767	224	0	0	1936	77	530	2282
7	0	B	40000	98808	1.192	0.399	1192	793	0	0	0	793	0	0	794
7	1	G	40000	100000	0	0	0	0	0	0	0	0	0	0	2
7	1	A	40000	100000	0	0	0	0	0	0	0	0	0	0	1
7	1	B	40000	100000	0	0	0	0	0	0	0	0	0	0	1
7	2	G	40000	90846	9.154	2.325	9154	10206	9	7	0	10091	78	21	10203
7	2	A	40000	92362	7.638	2.559	7638	5079	9	7	0	4998	44	21	5075
7	2	B	40000	92782	7.218	2.091	7218	5127	0	0	0	5093	34	0	5128
7	2	cSpy was 2 spamed and the readout avoided!
7	3	G	40000	0	100	100	100000	200000	200000	200000	200000	200000	200000	200000	200002
7	3	A	40000	0	100	100	100000	100000	100000	100000	100000	100000	100000	100000	100001
7	3	B	40000	0	100	100	100000	100000	100000	100000	100000	100000	100000	100000	100001
7	4	G	40000	93417	6.583	0.448	6583	11804	0	0	0	11444	357	3	11806
7	4	A	40000	93472	6.528	0.448	6528	6080	0	0	0	5771	306	3	6081
7	4	B	40000	93828	6.172	0.448	6172	5724	0	0	0	5673	51	0	5725
7	5	G	40000	100000	0	0	0	0	0	0	0	0	0	0	2
7	5	A	40000	100000	0	0	0	0	0	0	0	0	0	0	1
7	5	B	40000	100000	0	0	0	0	0	0	0	0	0	0	1
7	6	G	40000	97391	2.609	0.757	2609	2494	6	2	0	2467	11	8	2492
7	6	A	40000	97929	2.071	0.838	2071	1233	6	2	0	1216	1	8	1230
7	6	B	40000	98063	1.937	0.676	1937	1261	0	0	0	1251	10	0	1262
7	7	G	40000	38648	61.352	31.9315	61352	44430	6	1	0	42490	1756	177	44363
7	7	A	40000	45243	54.757	32.439	54757	22318	3	1	0	21339	798	177	22251
7	7	B	40000	46464	53.536	31.424	53536	22112	3	0	0	21151	958	0	22112
7	7	cSpy was 6 spamed and the readout avoided!
