#the gain was set to: 2	the bias was set to: 30
#Sent triggers per delay setting: 100000	and with a frequency [Hz] of: 40000
#160MHz delay setting	400MHz delay setting	Frequency	correct transmitted H+T		error rate [%]	uncertainty [%]	bad or missed events	error count	missing headers	missing trailers	flipped H/T	event nr errors	tbm missed trigger	unknown errors	event nr resets
0	0	G	40000	382	99.618	75.2275	99618	18261	132	0	0	17166	275	688	17691
0	0	A	40000	596	99.404	98.261	99404	1143	94	0	0	177	208	664	596
0	0	B	40000	30688	69.312	52.194	69312	17118	38	0	0	16989	67	24	17095
0	0	cSpy was 30 spamed and the readout avoided!
0	1	G	40000	26248	73.752	53.15	73752	26590	367	0	0	25553	10	660	26257
0	1	A	40000	36314	63.686	52.517	63686	11169	189	0	0	10469	3	508	10970
0	1	B	40000	30796	69.204	53.783	69204	15421	178	0	0	15084	7	152	15287
0	2	G	40000	2812	97.188	85.2675	97188	14646	130	0	0	11840	2283	393	14352
0	2	A	40000	5525	94.475	88.975	94475	5500	65	0	0	4081	992	362	5263
0	2	B	40000	9294	90.706	81.56	90706	9146	65	0	0	7759	1291	31	9089
0	2	cSpy was 3 spamed and the readout avoided!
0	3	G	40000	100000	0	0	0	0	0	0	0	0	0	0	2
0	3	A	40000	100000	0	0	0	0	0	0	0	0	0	0	1
0	3	B	40000	100000	0	0	0	0	0	0	0	0	0	0	1
0	4	G	40000	100000	0	0	0	0	0	0	0	0	0	0	2
0	4	A	40000	100000	0	0	0	0	0	0	0	0	0	0	1
0	4	B	40000	100000	0	0	0	0	0	0	0	0	0	0	1
0	5	G	40000	36305	63.695	42.2625	63695	27633	64	0	0	27055	105	409	27539
0	5	A	40000	46046	53.954	41.599	53954	12355	36	0	0	11884	47	388	12275
0	5	B	40000	41796	58.204	42.926	58204	15278	28	0	0	15171	58	21	15264
0	6	G	40000	3153	96.847	83.0005	96847	16949	189	4	0	13758	2509	489	16523
0	6	A	40000	6203	93.797	87.505	93797	6292	125	1	0	4600	1108	458	5921
0	6	B	40000	10847	89.153	78.496	89153	10657	64	3	0	9158	1401	31	10602
0	6	cSpy was 9 spamed and the readout avoided!
0	7	G	40000	99524	0.476003	0.145	476	662	0	0	0	662	0	0	664
0	7	A	40000	99524	0.476003	0.145	476	331	0	0	0	331	0	0	332
0	7	B	40000	99524	0.476003	0.145	476	331	0	0	0	331	0	0	332
1	0	G	40000	373	99.627	96.394	99627	3759	221	2	0	2912	245	379	3374
1	0	A	40000	2636	97.364	94.466	97364	2898	200	2	0	2188	176	332	2558
1	0	B	40000	817	99.183	98.322	99183	861	21	0	0	724	69	47	816
1	0	cSpy was 24 spamed and the readout avoided!
1	1	G	40000	99514	0.485998	0.136	486	700	0	0	0	700	0	0	702
1	1	A	40000	99514	0.485998	0.136	486	350	0	0	0	350	0	0	351
1	1	B	40000	99514	0.485998	0.136	486	350	0	0	0	350	0	0	351
1	2	G	40000	100000	0	0	0	0	0	0	0	0	0	0	2
1	2	A	40000	100000	0	0	0	0	0	0	0	0	0	0	1
1	2	B	40000	100000	0	0	0	0	0	0	0	0	0	0	1
1	3	G	40000	87744	12.256	3.7025	12256	12490	0	0	0	12357	119	14	12490
1	3	A	40000	90650	9.35	3.279	9350	6071	0	0	0	5979	78	14	6070
1	3	B	40000	89455	10.545	4.126	10545	6419	0	0	0	6378	41	0	6420
1	4	G	40000	637	99.363	96.279	99363	3938	297	4	0	2199	1015	423	3440
1	4	A	40000	2013	97.987	95.845	97987	2142	79	0	0	1251	636	176	1955
1	4	B	40000	1491	98.509	96.713	98509	1796	218	4	0	948	379	247	1485
1	4	cSpy was 50 spamed and the readout avoided!
1	5	G	40000	83635	16.365	2.828	16365	14801	0	0	0	13737	1064	0	14803
1	5	A	40000	91209	8.791	1.412	8791	7379	0	0	0	6911	468	0	7380
1	5	B	40000	88334	11.666	4.244	11666	7422	0	0	0	6826	596	0	7423
1	6	G	40000	100000	0	0	0	0	0	0	0	0	0	0	2
1	6	A	40000	100000	0	0	0	0	0	0	0	0	0	0	1
1	6	B	40000	100000	0	0	0	0	0	0	0	0	0	0	1
1	7	G	40000	96993	3.007	1.6745	3007	1640	0	0	0	1572	52	16	1639
1	7	A	40000	97659	2.341	1.564	2341	777	0	0	0	716	47	14	776
1	7	B	40000	97352	2.648	1.785	2648	863	0	0	0	856	5	2	863
2	0	G	40000	1941	98.059	49.018	98059	4205	36	1	0	3975	112	81	4126
2	0	A	40000	1981	98.019	95.974	98019	2045	36	1	0	1816	111	81	1965
2	0	B	40000	95778	4.222	2.062	4222	2160	0	0	0	2159	1	0	2161
2	1	G	40000	99661	0.339001	0.045	339	549	0	0	0	549	0	0	551
2	1	A	40000	99689	0.310999	0.04	311	271	0	0	0	271	0	0	272
2	1	B	40000	99672	0.327998	0.05	328	278	0	0	0	278	0	0	279
2	2	G	40000	29368	70.632	45.8665	70632	29989	703	8	0	27358	1298	622	29321
2	2	A	40000	42282	57.718	43.559	57718	14159	355	4	0	12261	1119	420	13773
2	2	B	40000	35996	64.004	48.174	64004	15830	348	4	0	15097	179	202	15548
2	3	G	40000	6038	93.962	70.0385	93962	28858	57	1	0	25053	3692	55	28794
2	3	A	40000	19626	80.374	62.013	80374	18361	3	0	0	15631	2692	35	18342
2	3	B	40000	11439	88.561	78.064	88561	10497	54	1	0	9422	1000	20	10452
2	3	cSpy was 2 spamed and the readout avoided!
2	4	G	40000	100000	0	0	0	0	0	0	0	0	0	0	2
2	4	A	40000	100000	0	0	0	0	0	0	0	0	0	0	1
2	4	B	40000	100000	0	0	0	0	0	0	0	0	0	0	1
2	5	G	40000	100000	0	0	0	0	0	0	0	0	0	0	2
2	5	A	40000	100000	0	0	0	0	0	0	0	0	0	0	1
2	5	B	40000	100000	0	0	0	0	0	0	0	0	0	0	1
2	6	G	40000	26051	73.949	48.5965	73949	29176	173	1	0	26952	1558	492	29009
2	6	A	40000	40749	59.251	45.679	59251	13572	94	0	0	11515	1536	427	13449
2	6	B	40000	32882	67.118	51.514	67118	15604	79	1	0	15437	22	65	15560
2	7	G	40000	0	100	100	100000	200000	200000	200000	200000	200000	200000	200000	200002
2	7	A	40000	0	100	100	100000	100000	100000	100000	100000	100000	100000	100000	100001
2	7	B	40000	0	100	100	100000	100000	100000	100000	100000	100000	100000	100000	100001
3	0	G	40000	790	99.21	77.234	99210	16781	315	2	0	15391	351	722	16144
3	0	A	40000	1314	98.686	96.815	98686	1871	221	0	0	952	32	666	1298
3	0	B	40000	27437	72.563	57.653	72563	14910	94	2	0	14439	319	56	14846
3	0	cSpy was 10 spamed and the readout avoided!
3	1	G	40000	0	100	100	100000	200000	200000	200000	200000	200000	200000	200000	200002
3	1	A	40000	0	100	100	100000	100000	100000	100000	100000	100000	100000	100000	100001
3	1	B	40000	0	100	100	100000	100000	100000	100000	100000	100000	100000	100000	100001
3	2	G	40000	99949	0.0509977	0	51	102	0	0	0	102	0	0	104
3	2	A	40000	99949	0.0509977	0	51	51	0	0	0	51	0	0	52
3	2	B	40000	99949	0.0509977	0	51	51	0	0	0	51	0	0	52
3	3	G	40000	100000	0	0	0	0	0	0	0	0	0	0	2
3	3	A	40000	100000	0	0	0	0	0	0	0	0	0	0	1
3	3	B	40000	100000	0	0	0	0	0	0	0	0	0	0	1
3	4	G	40000	85173	14.827	4.066	14827	18715	0	0	0	18680	31	4	18717
3	4	A	40000	86684	13.316	3.883	13316	9433	0	0	0	9406	23	4	9434
3	4	B	40000	86469	13.531	4.249	13531	9282	0	0	0	9274	8	0	9283
3	5	G	40000	0	100	100	100000	200000	200000	200000	200000	200000	200000	200000	200002
3	5	A	40000	0	100	100	100000	100000	100000	100000	100000	100000	100000	100000	100001
3	5	B	40000	0	100	100	100000	100000	100000	100000	100000	100000	100000	100000	100001
3	6	G	40000	81466	18.534	4.661	18534	24131	9	13	0	22886	1194	29	24116
3	6	A	40000	82639	17.361	4.63	17361	12731	3	0	0	11589	1132	7	12731
3	6	B	40000	83908	16.092	4.692	16092	11400	6	13	0	11297	62	22	11385
3	6	cSpy was 4 spamed and the readout avoided!
3	7	G	40000	100000	0	0	0	0	0	0	0	0	0	0	2
3	7	A	40000	100000	0	0	0	0	0	0	0	0	0	0	1
3	7	B	40000	100000	0	0	0	0	0	0	0	0	0	0	1
4	0	G	40000	1052	98.948	56.286	98948	26029	124	3	0	24060	1567	275	25757
4	0	A	40000	1468	98.532	96.805	98532	1727	122	0	0	880	461	264	1462
4	0	B	40000	59931	40.069	15.767	40069	24302	2	3	0	23180	1106	11	24295
4	0	cSpy was 4 spamed and the readout avoided!
4	1	G	40000	100000	0	0	0	0	0	0	0	0	0	0	2
4	1	A	40000	100000	0	0	0	0	0	0	0	0	0	0	1
4	1	B	40000	100000	0	0	0	0	0	0	0	0	0	0	1
4	2	G	40000	100000	0	0	0	0	0	0	0	0	0	0	2
4	2	A	40000	100000	0	0	0	0	0	0	0	0	0	0	1
4	2	B	40000	100000	0	0	0	0	0	0	0	0	0	0	1
4	3	G	40000	19131	80.869	59.225	80869	33977	807	1	0	32425	138	606	32917
4	3	A	40000	23465	76.535	59.511	76535	17024	397	1	0	16189	2	435	16306
4	3	B	40000	24108	75.892	58.939	75892	16953	410	0	0	16236	136	171	16611
4	3	cSpy was 13 spamed and the readout avoided!
4	4	G	40000	0	100	100	100000	200000	200000	200000	200000	200000	200000	200000	200002
4	4	A	40000	0	100	100	100000	100000	100000	100000	100000	100000	100000	100000	100001
4	4	B	40000	0	100	100	100000	100000	100000	100000	100000	100000	100000	100000	100001
4	5	G	40000	100000	0	0	0	0	0	0	0	0	0	0	2
4	5	A	40000	100000	0	0	0	0	0	0	0	0	0	0	1
4	5	B	40000	100000	0	0	0	0	0	0	0	0	0	0	1
4	6	G	40000	100000	0	0	0	0	0	0	0	0	0	0	2
4	6	A	40000	100000	0	0	0	0	0	0	0	0	0	0	1
4	6	B	40000	100000	0	0	0	0	0	0	0	0	0	0	1
4	7	G	40000	39567	60.433	38.8155	60433	33469	179	3	0	33107	5	175	33280
4	7	A	40000	44424	55.576	38.92	55576	16656	88	3	0	16414	5	146	16511
4	7	B	40000	44476	55.524	38.711	55524	16813	91	0	0	16693	0	29	16769
4	7	cSpy was 4 spamed and the readout avoided!
5	0	G	40000	464	99.536	58.0385	99536	15993	132	0	0	14902	102	857	15439
5	0	A	40000	600	99.4	98.246	99400	1154	132	0	0	74	92	856	600
5	0	B	40000	67330	32.67	17.831	32670	14839	0	0	0	14828	10	1	14839
5	0	cSpy was 58 spamed and the readout avoided!
5	1	G	40000	48241	51.759	30.2805	51759	32683	79	1	0	32481	4	118	32600
5	1	A	40000	53426	46.574	30.4	46574	16174	39	1	0	16025	4	105	16107
5	1	B	40000	53330	46.67	30.161	46670	16509	40	0	0	16456	0	13	16493
5	1	cSpy was 2 spamed and the readout avoided!
5	2	G	40000	19	99.981	98.7855	99981	1593	47	0	0	625	81	840	829
5	2	A	40000	75	99.925	99.212	99925	713	2	0	0	9	1	701	75
5	2	B	40000	761	99.239	98.359	99239	880	45	0	0	616	80	139	754
5	2	cSpy was 31 spamed and the readout avoided!
5	3	G	40000	99488	0.511998	0	512	1024	0	0	0	1024	0	0	1026
5	3	A	40000	99488	0.511998	0	512	512	0	0	0	512	0	0	513
5	3	B	40000	99488	0.511998	0	512	512	0	0	0	512	0	0	513
5	4	G	40000	100000	0	0	0	0	0	0	0	0	0	0	2
5	4	A	40000	100000	0	0	0	0	0	0	0	0	0	0	1
5	4	B	40000	100000	0	0	0	0	0	0	0	0	0	0	1
5	5	G	40000	85817	14.183	4.074	14183	16867	0	2	0	16852	2	11	16869
5	5	A	40000	87383	12.617	4.281	12617	8336	0	1	0	8322	2	11	8337
5	5	B	40000	87602	12.398	3.867	12398	8531	0	1	0	8530	0	0	8532
5	6	G	40000	1	99.999	97.5545	99999	2574	220	1	0	913	1271	169	2316
5	6	A	40000	7	99.993	99.925	99993	68	0	0	0	1	2	65	7
5	6	B	40000	2310	97.69	95.184	97690	2506	220	1	0	912	1269	104	2309
5	6	cSpy was 37 spamed and the readout avoided!
5	7	G	40000	47111	52.889	13.4045	52889	53407	5	2	0	48008	5286	106	53369
5	7	A	40000	58143	41.857	14.045	41857	27812	5	2	0	23942	3759	104	27773
5	7	B	40000	61641	38.359	12.764	38359	25595	0	0	0	24066	1527	2	25596
5	7	cSpy was 1 spamed and the readout avoided!
6	0	G	40000	648	99.352	95.3185	99352	4975	280	4	0	2581	1365	745	4374
6	0	A	40000	1454	98.546	96.58	98546	1966	153	2	0	199	907	705	1454
6	0	B	40000	2934	97.066	94.057	97066	3009	127	2	0	2382	458	40	2920
6	0	cSpy was 46 spamed and the readout avoided!
6	1	G	40000	16172	83.828	38.201	83828	58818	2	0	0	52442	6091	283	58694
6	1	A	40000	30780	69.22	41.228	69220	27992	0	0	0	24331	3381	280	27870
6	1	B	40000	34000	66	35.174	66000	30826	2	0	0	28111	2710	3	30824
6	1	cSpy was 3 spamed and the readout avoided!
6	2	G	40000	100000	0	0	0	0	0	0	0	0	0	0	2
6	2	A	40000	100000	0	0	0	0	0	0	0	0	0	0	1
6	2	B	40000	100000	0	0	0	0	0	0	0	0	0	0	1
6	3	G	40000	100000	0	0	0	0	0	0	0	0	0	0	2
6	3	A	40000	100000	0	0	0	0	0	0	0	0	0	0	1
6	3	B	40000	100000	0	0	0	0	0	0	0	0	0	0	1
6	4	G	40000	19111	80.889	59.1515	80889	33942	805	0	0	32403	122	612	32863
6	4	A	40000	23554	76.446	59.469	76446	16977	400	0	0	16138	2	437	16254
6	4	B	40000	24201	75.799	58.834	75799	16965	405	0	0	16265	120	175	16609
6	4	cSpy was 12 spamed and the readout avoided!
6	5	G	40000	7580	92.42	81.066	92420	14960	115	4	0	12850	1041	950	14257
6	5	A	40000	10762	89.238	82.193	89238	7045	9	0	0	5784	452	800	6502
6	5	B	40000	12146	87.854	79.939	87854	7915	106	4	0	7066	589	150	7755
6	5	cSpy was 40 spamed and the readout avoided!
6	6	G	40000	100000	0	0	0	0	0	0	0	0	0	0	2
6	6	A	40000	100000	0	0	0	0	0	0	0	0	0	0	1
6	6	B	40000	100000	0	0	0	0	0	0	0	0	0	0	1
6	7	G	40000	100000	0	0	0	0	0	0	0	0	0	0	2
6	7	A	40000	100000	0	0	0	0	0	0	0	0	0	0	1
6	7	B	40000	100000	0	0	0	0	0	0	0	0	0	0	1
7	0	G	40000	1720	98.28	48.3365	98280	4121	229	0	0	3207	98	587	3596
7	0	A	40000	1755	98.245	95.981	98245	2264	229	0	0	1351	97	587	1738
7	0	B	40000	97451	2.549	0.692	2549	1857	0	0	0	1856	1	0	1858
7	0	cSpy was 3 spamed and the readout avoided!
7	1	G	40000	100000	0	0	0	0	0	0	0	0	0	0	2
7	1	A	40000	100000	0	0	0	0	0	0	0	0	0	0	1
7	1	B	40000	100000	0	0	0	0	0	0	0	0	0	0	1
7	2	G	40000	90997	9.003	2.205	9003	10012	10	12	0	9896	75	19	10009
7	2	A	40000	92574	7.426	2.447	7426	4979	10	12	0	4904	34	19	4975
7	2	B	40000	93004	6.996	1.963	6996	5033	0	0	0	4992	41	0	5034
7	3	G	40000	0	100	100	100000	200000	200000	200000	200000	200000	200000	200000	200002
7	3	A	40000	0	100	100	100000	100000	100000	100000	100000	100000	100000	100000	100001
7	3	B	40000	0	100	100	100000	100000	100000	100000	100000	100000	100000	100000	100001
7	4	G	40000	92345	7.655	0.62	7655	13443	0	0	0	12958	481	4	13444
7	4	A	40000	92405	7.595	0.62	7595	6975	0	0	0	6550	421	4	6975
7	4	B	40000	92912	7.088	0.62	7088	6468	0	0	0	6408	60	0	6469
7	5	G	40000	100000	0	0	0	0	0	0	0	0	0	0	2
7	5	A	40000	100000	0	0	0	0	0	0	0	0	0	0	1
7	5	B	40000	100000	0	0	0	0	0	0	0	0	0	0	1
7	6	G	40000	98959	1.041	0.254	1041	1099	0	2	0	1090	4	3	1101
7	6	A	40000	99171	0.828999	0.284	829	545	0	2	0	539	1	3	546
7	6	B	40000	99222	0.778002	0.224	778	554	0	0	0	551	3	0	555
7	7	G	40000	39744	60.256	31.3525	60256	43632	13	1	0	41812	1609	197	43541
7	7	A	40000	46186	53.814	31.887	53814	21927	6	1	0	20984	744	192	21843
7	7	B	40000	47477	52.523	30.818	52523	21705	7	0	0	20828	865	5	21698
7	7	cSpy was 7 spamed and the readout avoided!
