#the gain was set to: 2	the bias was set to: 30
#Sent triggers per delay setting: 100000	and with a frequency [Hz] of: 40000
#160MHz delay setting	400MHz delay setting	Frequency	correct transmitted H+T		error rate [%]	uncertainty [%]	bad or missed events	error count	missing headers	missing trailers	flipped H/T	event nr errors	tbm missed trigger	unknown errors	event nr resets
0	0	G	40000	386	99.614	74.1975	99614	18653	102	0	0	17597	294	660	18117
0	0	A	40000	608	99.392	98.255	99392	1137	87	0	0	162	245	643	608
0	0	B	40000	32344	67.656	50.14	67656	17516	15	0	0	17435	49	17	17509
0	0	cSpy was 15 spamed and the readout avoided!
0	1	G	40000	26004	73.996	53.672	73996	26196	383	0	0	25136	0	677	25864
0	1	A	40000	36029	63.971	53.046	63971	10925	197	0	0	10230	0	498	10723
0	1	B	40000	30431	69.569	54.298	69569	15271	186	0	0	14906	0	179	15141
0	2	G	40000	4010	95.99	80.5595	95990	19259	132	2	0	15989	2722	414	18941
0	2	A	40000	7867	92.133	84.389	92133	7744	86	0	0	5961	1309	388	7462
0	2	B	40000	11755	88.245	76.73	88245	11515	46	2	0	10028	1413	26	11479
0	2	cSpy was 3 spamed and the readout avoided!
0	3	G	40000	100000	0	0	0	0	0	0	0	0	0	0	2
0	3	A	40000	100000	0	0	0	0	0	0	0	0	0	0	1
0	3	B	40000	100000	0	0	0	0	0	0	0	0	0	0	1
0	4	G	40000	100000	0	0	0	0	0	0	0	0	0	0	2
0	4	A	40000	100000	0	0	0	0	0	0	0	0	0	0	1
0	4	B	40000	100000	0	0	0	0	0	0	0	0	0	0	1
0	5	G	40000	52059	47.941	29.4195	47941	24705	24	0	0	24311	83	287	24644
0	5	A	40000	59804	40.196	28.93	40196	11266	13	0	0	10935	40	278	11213
0	5	B	40000	56652	43.348	29.909	43348	13439	11	0	0	13376	43	9	13431
0	6	G	40000	2831	97.169	87.8615	97169	12078	255	4	0	9556	1942	321	11712
0	6	A	40000	5416	94.584	89.201	94584	5383	134	0	0	3974	999	276	5109
0	6	B	40000	6783	93.217	86.522	93217	6695	121	4	0	5582	943	45	6603
0	6	cSpy was 21 spamed and the readout avoided!
0	7	G	40000	99153	0.847	0.1995	847	1293	0	0	0	1292	1	0	1295
0	7	A	40000	99155	0.844997	0.199	845	646	0	0	0	645	1	0	647
0	7	B	40000	99153	0.847	0.2	847	647	0	0	0	647	0	0	648
1	0	G	40000	266	99.734	98.0295	99734	2150	146	0	0	1423	150	431	1771
1	0	A	40000	1154	98.846	97.375	98846	1471	121	0	0	870	100	380	1137
1	0	B	40000	637	99.363	98.684	99363	679	25	0	0	553	50	51	634
1	0	cSpy was 29 spamed and the readout avoided!
1	1	G	40000	99388	0.612003	0.007	612	1208	0	0	0	1208	0	0	1210
1	1	A	40000	99390	0.61	0.006	610	604	0	0	0	604	0	0	605
1	1	B	40000	99388	0.612003	0.008	612	604	0	0	0	604	0	0	605
1	2	G	40000	100000	0	0	0	0	0	0	0	0	0	0	2
1	2	A	40000	100000	0	0	0	0	0	0	0	0	0	0	1
1	2	B	40000	100000	0	0	0	0	0	0	0	0	0	0	1
1	3	G	40000	96393	3.607	0.641	3607	5467	0	0	0	5461	4	2	5469
1	3	A	40000	96765	3.235	0.609	3235	2626	0	0	0	2620	4	2	2627
1	3	B	40000	96486	3.514	0.673	3514	2841	0	0	0	2841	0	0	2842
1	4	G	40000	653	99.347	96.253	99347	3933	279	0	0	1919	1378	357	3523
1	4	A	40000	2124	97.876	95.65	97876	2226	86	0	0	964	1060	116	2087
1	4	B	40000	1437	98.563	96.856	98563	1707	193	0	0	955	318	241	1436
1	4	cSpy was 16 spamed and the readout avoided!
1	5	G	40000	68899	31.101	6.8485	31101	24185	1	0	0	21021	3147	16	24184
1	5	A	40000	84769	15.231	3.083	15231	12148	0	0	0	10681	1451	16	12148
1	5	B	40000	77349	22.651	10.614	22651	12037	1	0	0	10340	1696	0	12036
1	6	G	40000	100000	0	0	0	0	0	0	0	0	0	0	2
1	6	A	40000	100000	0	0	0	0	0	0	0	0	0	0	1
1	6	B	40000	100000	0	0	0	0	0	0	0	0	0	0	1
1	7	G	40000	99561	0.439	0.2025	439	307	0	0	0	304	3	0	309
1	7	A	40000	99667	0.332999	0.193	333	140	0	0	0	137	3	0	141
1	7	B	40000	99621	0.379002	0.212	379	167	0	0	0	167	0	0	168
2	0	G	40000	2103	97.897	48.8165	97897	4331	37	0	0	4111	111	72	4242
2	0	A	40000	2150	97.85	95.637	97850	2213	37	0	0	1993	111	72	2123
2	0	B	40000	95886	4.114	1.996	4114	2118	0	0	0	2118	0	0	2119
2	1	G	40000	99550	0.449997	0.0685	450	744	0	0	0	743	0	1	746
2	1	A	40000	99564	0.436002	0.068	436	368	0	0	0	367	0	1	369
2	1	B	40000	99555	0.445002	0.069	445	376	0	0	0	376	0	0	377
2	2	G	40000	31113	68.887	46.3275	68887	27683	623	1	0	25265	1213	581	27154
2	2	A	40000	43051	56.949	44.526	56949	12423	347	1	0	11069	594	412	12088
2	2	B	40000	36611	63.389	48.129	63389	15260	276	0	0	14196	619	169	15066
2	3	G	40000	6904	93.096	65.7635	93096	32847	95	0	0	29051	3600	101	32749
2	3	A	40000	22336	77.664	56.447	77664	21217	5	0	0	18407	2757	48	21190
2	3	B	40000	13290	86.71	75.08	86710	11630	90	0	0	10644	843	53	11559
2	4	G	40000	100000	0	0	0	0	0	0	0	0	0	0	2
2	4	A	40000	100000	0	0	0	0	0	0	0	0	0	0	1
2	4	B	40000	100000	0	0	0	0	0	0	0	0	0	0	1
2	5	G	40000	100000	0	0	0	0	0	0	0	0	0	0	2
2	5	A	40000	100000	0	0	0	0	0	0	0	0	0	0	1
2	5	B	40000	100000	0	0	0	0	0	0	0	0	0	0	1
2	6	G	40000	27839	72.161	49.6075	72161	26354	313	2	0	24399	1068	572	26095
2	6	A	40000	40900	59.1	47.476	59100	11624	187	2	0	10201	775	459	11438
2	6	B	40000	33531	66.469	51.739	66469	14730	126	0	0	14198	293	113	14657
2	7	G	40000	0	100	100	100000	200000	200000	200000	200000	200000	200000	200000	200002
2	7	A	40000	0	100	100	100000	100000	100000	100000	100000	100000	100000	100000	100001
2	7	B	40000	0	100	100	100000	100000	100000	100000	100000	100000	100000	100000	100001
3	0	G	40000	908	99.092	75.037	99092	16061	258	1	1	14759	372	670	15501
3	0	A	40000	1413	98.587	96.672	98587	1915	187	0	0	1049	42	637	1402
3	0	B	40000	32452	67.548	53.402	67548	14146	71	1	1	13710	330	33	14099
3	0	cSpy was 9 spamed and the readout avoided!
3	1	G	40000	0	100	100	100000	200000	200000	200000	200000	200000	200000	200000	200002
3	1	A	40000	0	100	100	100000	100000	100000	100000	100000	100000	100000	100000	100001
3	1	B	40000	0	100	100	100000	100000	100000	100000	100000	100000	100000	100000	100001
3	2	G	40000	99890	0.11	0	110	220	0	0	0	220	0	0	222
3	2	A	40000	99890	0.11	0	110	110	0	0	0	110	0	0	111
3	2	B	40000	99890	0.11	0	110	110	0	0	0	110	0	0	111
3	3	G	40000	100000	0	0	0	0	0	0	0	0	0	0	2
3	3	A	40000	100000	0	0	0	0	0	0	0	0	0	0	1
3	3	B	40000	100000	0	0	0	0	0	0	0	0	0	0	1
3	4	G	40000	89217	10.783	2.587	10783	14647	0	0	0	14623	19	5	14649
3	4	A	40000	90166	9.834	2.459	9834	7375	0	0	0	7356	14	5	7376
3	4	B	40000	90013	9.987	2.715	9987	7272	0	0	0	7267	5	0	7273
3	5	G	40000	0	100	100	100000	200000	200000	200000	200000	200000	200000	200000	200002
3	5	A	40000	0	100	100	100000	100000	100000	100000	100000	100000	100000	100000	100001
3	5	B	40000	0	100	100	100000	100000	100000	100000	100000	100000	100000	100000	100001
3	6	G	40000	76534	23.466	6.219	23466	28906	8	18	0	27170	1677	33	28888
3	6	A	40000	78516	21.484	6.163	21484	15321	2	0	0	13703	1606	10	15322
3	6	B	40000	80140	19.86	6.275	19860	13585	6	18	0	13467	71	23	13566
3	6	cSpy was 4 spamed and the readout avoided!
3	7	G	40000	100000	0	0	0	0	0	0	0	0	0	0	2
3	7	A	40000	100000	0	0	0	0	0	0	0	0	0	0	1
3	7	B	40000	100000	0	0	0	0	0	0	0	0	0	0	1
4	0	G	40000	1079	98.921	57.918	98921	28179	121	2	0	25942	1881	233	27939
4	0	A	40000	1568	98.432	96.636	98432	1796	116	1	0	927	528	224	1564
4	0	B	40000	54417	45.583	19.2	45583	26383	5	1	0	25015	1353	9	26375
4	0	cSpy was 4 spamed and the readout avoided!
4	1	G	40000	100000	0	0	0	0	0	0	0	0	0	0	2
4	1	A	40000	100000	0	0	0	0	0	0	0	0	0	0	1
4	1	B	40000	100000	0	0	0	0	0	0	0	0	0	0	1
4	2	G	40000	97612	2.388	1.399	2388	1477	2	0	0	1470	1	4	1477
4	2	A	40000	97863	2.137	1.408	2137	729	1	0	0	723	1	4	728
4	2	B	40000	97862	2.138	1.39	2138	748	1	0	0	747	0	0	749
4	3	G	40000	18958	81.042	59.195	81042	34032	803	0	0	32511	109	609	32967
4	3	A	40000	23468	76.532	59.487	76532	17045	395	0	0	16216	2	432	16333
4	3	B	40000	24110	75.89	58.903	75890	16987	408	0	0	16295	107	177	16634
4	3	cSpy was 7 spamed and the readout avoided!
4	4	G	40000	9536	90.464	71.6655	90464	24637	221	15	0	21734	2147	520	24219
4	4	A	40000	15679	84.321	72.34	84321	11981	69	10	0	10355	1191	356	11733
4	4	B	40000	16353	83.647	70.991	83647	12656	152	5	0	11379	956	164	12486
4	4	cSpy was 72 spamed and the readout avoided!
4	5	G	40000	100000	0	0	0	0	0	0	0	0	0	0	2
4	5	A	40000	100000	0	0	0	0	0	0	0	0	0	0	1
4	5	B	40000	100000	0	0	0	0	0	0	0	0	0	0	1
4	6	G	40000	99996	0.00399947	0.001	4	6	0	0	0	6	0	0	8
4	6	A	40000	99996	0.00399947	0.001	4	3	0	0	0	3	0	0	4
4	6	B	40000	99996	0.00399947	0.001	4	3	0	0	0	3	0	0	4
4	7	G	40000	22750	77.25	54.392	77250	36126	387	1	0	35378	27	333	35627
4	7	A	40000	27398	72.602	54.53	72602	18072	187	1	0	17626	1	257	17721
4	7	B	40000	27692	72.308	54.254	72308	18054	200	0	0	17752	26	76	17906
4	7	cSpy was 2 spamed and the readout avoided!
5	0	G	40000	482	99.518	58.3905	99518	16250	132	1	0	15148	129	840	15718
5	0	A	40000	605	99.395	98.257	99395	1138	131	0	0	60	108	839	605
5	0	B	40000	66364	33.636	18.524	33636	15112	1	1	0	15088	21	1	15113
5	0	cSpy was 91 spamed and the readout avoided!
5	1	G	40000	49003	50.997	26.5005	50997	36995	34	0	0	36884	5	72	36960
5	1	A	40000	55053	44.947	26.715	44947	18232	17	0	0	18138	5	72	18200
5	1	B	40000	54951	45.049	26.286	45049	18763	17	0	0	18746	0	0	18760
5	1	cSpy was 1 spamed and the readout avoided!
5	2	G	40000	42	99.958	98.185	99958	2098	123	0	0	1124	245	606	1526
5	2	A	40000	127	99.873	99.342	99873	531	2	0	0	59	12	458	127
5	2	B	40000	1405	98.595	97.028	98595	1567	121	0	0	1065	233	148	1399
5	2	cSpy was 50 spamed and the readout avoided!
5	3	G	40000	99079	0.920999	0	921	1841	0	0	0	1840	1	0	1843
5	3	A	40000	99079	0.920999	0	921	921	0	0	0	920	1	0	922
5	3	B	40000	99080	0.919998	0	920	920	0	0	0	920	0	0	921
5	4	G	40000	100000	0	0	0	0	0	0	0	0	0	0	2
5	4	A	40000	100000	0	0	0	0	0	0	0	0	0	0	1
5	4	B	40000	100000	0	0	0	0	0	0	0	0	0	0	1
5	5	G	40000	88892	11.108	4.0545	11108	11904	10	0	0	11883	1	10	11897
5	5	A	40000	89941	10.059	4.159	10059	5900	5	0	0	5884	1	10	5892
5	5	B	40000	90046	9.954	3.95	9954	6004	5	0	0	5999	0	0	6005
5	6	G	40000	0	100	100	100000	200000	200000	200000	200000	200000	200000	200000	200002
5	6	A	40000	0	100	100	100000	100000	100000	100000	100000	100000	100000	100000	100001
5	6	B	40000	0	100	100	100000	100000	100000	100000	100000	100000	100000	100000	100001
5	7	G	40000	61231	38.769	8.4245	38769	43623	1	0	0	39294	4243	85	43600
5	7	A	40000	68012	31.988	8.745	31988	23243	1	0	0	19905	3252	85	23219
5	7	B	40000	71516	28.484	8.104	28484	20380	0	0	0	19389	991	0	20381
6	0	G	40000	539	99.461	95.7885	99461	4501	268	6	0	2335	1202	690	3914
6	0	A	40000	1246	98.754	97.018	98754	1736	147	3	0	161	776	649	1246
6	0	B	40000	2676	97.324	94.559	97324	2765	121	3	0	2174	426	41	2668
6	0	cSpy was 47 spamed and the readout avoided!
6	1	G	40000	19131	80.869	33.7705	80869	60628	1	2	0	53671	6773	181	60542
6	1	A	40000	34551	65.449	36.391	65449	29058	1	2	0	25002	3873	180	28972
6	1	B	40000	37280	62.72	31.15	62720	31570	0	0	0	28669	2900	1	31570
6	1	cSpy was 5 spamed and the readout avoided!
6	2	G	40000	100000	0	0	0	0	0	0	0	0	0	0	2
6	2	A	40000	100000	0	0	0	0	0	0	0	0	0	0	1
6	2	B	40000	100000	0	0	0	0	0	0	0	0	0	0	1
6	3	G	40000	100000	0	0	0	0	0	0	0	0	0	0	2
6	3	A	40000	100000	0	0	0	0	0	0	0	0	0	0	1
6	3	B	40000	100000	0	0	0	0	0	0	0	0	0	0	1
6	4	G	40000	19472	80.528	58.9505	80528	34086	809	0	0	32538	135	604	33008
6	4	A	40000	23691	76.309	59.233	76309	17076	396	0	0	16246	1	433	16349
6	4	B	40000	24322	75.678	58.668	75678	17010	413	0	0	16292	134	171	16659
6	4	cSpy was 7 spamed and the readout avoided!
6	5	G	40000	10239	89.761	67.606	89761	28869	164	3	0	25553	2478	671	28424
6	5	A	40000	17075	82.925	69.157	82925	13768	27	0	0	11898	1258	585	13456
6	5	B	40000	18844	81.156	66.055	81156	15101	137	3	0	13655	1220	86	14968
6	5	cSpy was 57 spamed and the readout avoided!
6	6	G	40000	100000	0	0	0	0	0	0	0	0	0	0	2
6	6	A	40000	100000	0	0	0	0	0	0	0	0	0	0	1
6	6	B	40000	100000	0	0	0	0	0	0	0	0	0	0	1
6	7	G	40000	100000	0	0	0	0	0	0	0	0	0	0	2
6	7	A	40000	100000	0	0	0	0	0	0	0	0	0	0	1
6	7	B	40000	100000	0	0	0	0	0	0	0	0	0	0	1
7	0	G	40000	1784	98.216	48.2775	98216	3483	213	0	0	2596	74	600	2971
7	0	A	40000	1803	98.197	95.904	98197	2293	213	0	0	1406	74	600	1780
7	0	B	40000	98159	1.841	0.651	1841	1190	0	0	0	1190	0	0	1191
7	0	cSpy was 2 spamed and the readout avoided!
7	1	G	40000	100000	0	0	0	0	0	0	0	0	0	0	2
7	1	A	40000	100000	0	0	0	0	0	0	0	0	0	0	1
7	1	B	40000	100000	0	0	0	0	0	0	0	0	0	0	1
7	2	G	40000	91846	8.154	1.529	8154	10412	6	3	0	10348	48	7	10411
7	2	A	40000	93080	6.92	1.708	6920	5212	6	3	0	5157	39	7	5210
7	2	B	40000	93450	6.55	1.35	6550	5200	0	0	0	5191	9	0	5201
7	2	cSpy was 1 spamed and the readout avoided!
7	3	G	40000	0	100	100	100000	200000	200000	200000	200000	200000	200000	200000	200002
7	3	A	40000	0	100	100	100000	100000	100000	100000	100000	100000	100000	100000	100001
7	3	B	40000	0	100	100	100000	100000	100000	100000	100000	100000	100000	100000	100001
7	4	G	40000	97672	2.328	0.015	2328	4610	0	0	0	4597	13	0	4612
7	4	A	40000	97675	2.325	0.015	2325	2310	0	0	0	2300	10	0	2311
7	4	B	40000	97685	2.315	0.015	2315	2300	0	0	0	2297	3	0	2301
7	5	G	40000	100000	0	0	0	0	0	0	0	0	0	0	2
7	5	A	40000	100000	0	0	0	0	0	0	0	0	0	0	1
7	5	B	40000	100000	0	0	0	0	0	0	0	0	0	0	1
7	6	G	40000	97989	2.011	0.4185	2011	2396	2	1	0	2381	7	5	2397
7	6	A	40000	98340	1.66	0.466	1660	1194	2	1	0	1182	4	5	1194
7	6	B	40000	98427	1.573	0.371	1573	1202	0	0	0	1199	3	0	1203
7	6	cSpy was 1 spamed and the readout avoided!
7	7	G	40000	6371	93.629	76.796	93629	21620	171	4	0	20160	886	399	21295
7	7	A	40000	10936	89.064	79.395	89064	9669	72	4	0	8922	321	350	9427
7	7	B	40000	13852	86.148	74.197	86148	11951	99	0	0	11238	565	49	11868
7	7	cSpy was 40 spamed and the readout avoided!
