#the gain was set to: 2	the bias was set to: 30
#Sent triggers per delay setting: 100000	and with a frequency [Hz] of: 40000
#160MHz delay setting	400MHz delay setting	Frequency	correct transmitted H+T		error rate [%]	uncertainty [%]	bad or missed events	error count	missing headers	missing trailers	flipped H/T	event nr errors	tbm missed trigger	unknown errors	event nr resets
0	0	G	40000	326	99.674	82.714	99674	15253	184	0	0	14095	223	751	14650
0	0	A	40000	626	99.374	98.198	99374	1176	96	0	0	230	132	718	626
0	0	B	40000	18693	81.307	67.23	81307	14077	88	0	0	13865	91	33	14024
0	0	cSpy was 32 spamed and the readout avoided!
0	1	G	40000	26452	73.548	53.7425	73548	27436	660	0	0	25779	272	725	26788
0	1	A	40000	34668	65.332	53.405	65332	11927	312	0	0	11099	18	498	11572
0	1	B	40000	30411	69.589	54.08	69589	15509	348	0	0	14680	254	227	15216
0	1	cSpy was 5 spamed and the readout avoided!
0	2	G	40000	9301	90.699	55.268	90699	42274	44	0	0	35406	6751	73	42204
0	2	A	40000	29826	70.174	43.424	70174	26750	2	0	0	21747	4970	31	26729
0	2	B	40000	17364	82.636	67.112	82636	15524	42	0	0	13659	1781	42	15475
0	3	G	40000	100000	0	0	0	0	0	0	0	0	0	0	2
0	3	A	40000	100000	0	0	0	0	0	0	0	0	0	0	1
0	3	B	40000	100000	0	0	0	0	0	0	0	0	0	0	1
0	4	G	40000	100000	0	0	0	0	0	0	0	0	0	0	2
0	4	A	40000	100000	0	0	0	0	0	0	0	0	0	0	1
0	4	B	40000	100000	0	0	0	0	0	0	0	0	0	0	1
0	5	G	40000	26477	73.523	54.919	73523	26010	829	0	0	24335	29	817	25229
0	5	A	40000	34543	65.457	54.698	65457	10759	389	0	0	9868	0	502	10369
0	5	B	40000	29609	70.391	55.14	70391	15251	440	0	0	14467	29	315	14860
0	6	G	40000	9105	90.895	73.8555	90895	21235	211	12	0	17609	3113	290	20919
0	6	A	40000	16543	83.457	72.117	83457	11340	90	0	0	9106	1898	246	11136
0	6	B	40000	14511	85.489	75.594	85489	9895	121	12	0	8503	1215	44	9783
0	6	cSpy was 19 spamed and the readout avoided!
0	7	G	40000	100000	0	0	0	0	0	0	0	0	0	0	2
0	7	A	40000	100000	0	0	0	0	0	0	0	0	0	0	1
0	7	B	40000	100000	0	0	0	0	0	0	0	0	0	0	1
1	0	G	40000	1275	98.725	92.397	98725	7629	357	16	1	4278	2432	545	7054
1	0	A	40000	3449	96.551	92.853	96551	3698	180	9	0	2576	475	458	3262
1	0	B	40000	4128	95.872	91.941	95872	3931	177	7	1	1702	1957	87	3792
1	0	cSpy was 66 spamed and the readout avoided!
1	1	G	40000	100000	0	0	0	0	0	0	0	0	0	0	2
1	1	A	40000	100000	0	0	0	0	0	0	0	0	0	0	1
1	1	B	40000	100000	0	0	0	0	0	0	0	0	0	0	1
1	2	G	40000	99981	0.019002	0.001	19	36	0	0	0	36	0	0	38
1	2	A	40000	99981	0.019002	0.001	19	18	0	0	0	18	0	0	19
1	2	B	40000	99981	0.019002	0.001	19	18	0	0	0	18	0	0	19
1	3	G	40000	44017	55.983	29.802	55983	31526	13	0	0	30684	594	235	31501
1	3	A	40000	57476	42.524	28.233	42524	14291	8	0	0	13549	499	235	14265
1	3	B	40000	51394	48.606	31.371	48606	17235	5	0	0	17135	95	0	17236
1	3	cSpy was 1 spamed and the readout avoided!
1	4	G	40000	2626	97.374	88.675	97374	11263	214	9	0	8819	1804	417	10866
1	4	A	40000	5121	94.879	89.777	94879	5102	100	0	0	3666	1024	312	4829
1	4	B	40000	6266	93.734	87.573	93734	6161	114	9	0	5153	780	105	6037
1	4	cSpy was 12 spamed and the readout avoided!
1	5	G	40000	77158	22.842	7.3695	22842	16567	2	0	0	13944	2611	10	16564
1	5	A	40000	87362	12.638	2.608	12638	10030	0	0	0	8234	1787	9	10028
1	5	B	40000	81332	18.668	12.131	18668	6537	2	0	0	5710	824	1	6536
1	6	G	40000	100000	0	0	0	0	0	0	0	0	0	0	2
1	6	A	40000	100000	0	0	0	0	0	0	0	0	0	0	1
1	6	B	40000	100000	0	0	0	0	0	0	0	0	0	0	1
1	7	G	40000	97039	2.961	0.527	2961	4526	0	0	0	4524	1	1	4528
1	7	A	40000	97309	2.691	0.508	2691	2183	0	0	0	2181	1	1	2184
1	7	B	40000	97111	2.889	0.546	2889	2343	0	0	0	2343	0	0	2344
2	0	G	40000	1713	98.287	49.603	98287	4725	33	1	0	4455	147	89	4648
2	0	A	40000	1770	98.23	96.396	98230	1834	33	1	0	1565	147	88	1756
2	0	B	40000	94299	5.701	2.81	5701	2891	0	0	0	2890	0	1	2892
2	1	G	40000	99160	0.840002	0.0655	840	1505	0	0	0	1505	0	0	1507
2	1	A	40000	99190	0.809997	0.06	810	750	0	0	0	750	0	0	751
2	1	B	40000	99174	0.826001	0.071	826	755	0	0	0	755	0	0	756
2	2	G	40000	234	99.766	97.444	99766	2749	208	0	0	1211	954	376	2358
2	2	A	40000	1859	98.141	95.983	98141	2158	191	0	0	818	907	242	1857
2	2	B	40000	504	99.496	98.905	99496	591	17	0	0	393	47	134	501
2	2	cSpy was 14 spamed and the readout avoided!
2	3	G	40000	25649	74.351	27.597	74351	50107	11	0	0	46523	3551	22	50095
2	3	A	40000	55098	44.902	13.833	44902	31069	1	0	0	28201	2851	16	31061
2	3	B	40000	39601	60.399	41.361	60399	19038	10	0	0	18322	700	6	19034
2	4	G	40000	100000	0	0	0	0	0	0	0	0	0	0	2
2	4	A	40000	100000	0	0	0	0	0	0	0	0	0	0	1
2	4	B	40000	100000	0	0	0	0	0	0	0	0	0	0	1
2	5	G	40000	95123	4.877	2.6325	4877	2682	0	0	0	2587	74	21	2684
2	5	A	40000	96263	3.737	2.452	3737	1285	0	0	0	1198	66	21	1286
2	5	B	40000	95790	4.21	2.813	4210	1397	0	0	0	1389	8	0	1398
2	6	G	40000	22133	77.867	54.4295	77867	28512	928	8	0	25499	1296	781	27613
2	6	A	40000	34424	65.576	52.142	65576	13434	472	3	0	11420	1024	515	12919
2	6	B	40000	28205	71.795	56.717	71795	15078	456	5	0	14079	272	266	14694
2	6	cSpy was 1 spamed and the readout avoided!
2	7	G	40000	5688	94.312	73.1515	94312	25481	124	4	0	21410	3740	203	25278
2	7	A	40000	17250	82.75	66.912	82750	15838	20	0	0	13214	2482	122	15739
2	7	B	40000	10966	89.034	79.391	89034	9643	104	4	0	8196	1258	81	9539
2	7	cSpy was 29 spamed and the readout avoided!
3	0	G	40000	582	99.418	82.341	99418	16216	333	7	0	14738	378	760	15514
3	0	A	40000	1090	98.91	97.23	98910	1680	206	0	0	733	43	698	1078
3	0	B	40000	18012	81.988	67.452	81988	14536	127	7	0	14005	335	62	14436
3	0	cSpy was 61 spamed and the readout avoided!
3	1	G	40000	0	100	100	100000	200000	200000	200000	200000	200000	200000	200000	200002
3	1	A	40000	0	100	100	100000	100000	100000	100000	100000	100000	100000	100000	100001
3	1	B	40000	0	100	100	100000	100000	100000	100000	100000	100000	100000	100000	100001
3	2	G	40000	100000	0	0	0	0	0	0	0	0	0	0	2
3	2	A	40000	100000	0	0	0	0	0	0	0	0	0	0	1
3	2	B	40000	100000	0	0	0	0	0	0	0	0	0	0	1
3	3	G	40000	100000	0	0	0	0	0	0	0	0	0	0	2
3	3	A	40000	100000	0	0	0	0	0	0	0	0	0	0	1
3	3	B	40000	100000	0	0	0	0	0	0	0	0	0	0	1
3	4	G	40000	32190	67.81	41.2185	67810	38992	133	0	0	38376	340	143	38854
3	4	A	40000	39430	60.57	40.935	60570	19635	63	0	0	19426	23	123	19525
3	4	B	40000	39141	60.859	41.502	60859	19357	70	0	0	18950	317	20	19329
3	5	G	40000	0	100	100	100000	200000	200000	200000	200000	200000	200000	200000	200002
3	5	A	40000	0	100	100	100000	100000	100000	100000	100000	100000	100000	100000	100001
3	5	B	40000	0	100	100	100000	100000	100000	100000	100000	100000	100000	100000	100001
3	6	G	40000	99640	0.36	0.002	360	716	0	0	0	716	0	0	718
3	6	A	40000	99640	0.36	0.002	360	358	0	0	0	358	0	0	359
3	6	B	40000	99640	0.36	0.002	360	358	0	0	0	358	0	0	359
3	7	G	40000	100000	0	0	0	0	0	0	0	0	0	0	2
3	7	A	40000	100000	0	0	0	0	0	0	0	0	0	0	1
3	7	B	40000	100000	0	0	0	0	0	0	0	0	0	0	1
4	0	G	40000	796	99.204	55.9065	99204	19728	155	0	0	17779	1260	534	19322
4	0	A	40000	1112	98.888	97.375	98888	1513	145	0	0	513	325	530	1109
4	0	B	40000	67347	32.653	14.438	32653	18215	10	0	0	17266	935	4	18213
4	0	cSpy was 25 spamed and the readout avoided!
4	1	G	40000	100000	0	0	0	0	0	0	0	0	0	0	2
4	1	A	40000	100000	0	0	0	0	0	0	0	0	0	0	1
4	1	B	40000	100000	0	0	0	0	0	0	0	0	0	0	1
4	2	G	40000	92124	7.876	4.383	7876	5406	10	0	0	5381	1	14	5400
4	2	A	40000	92910	7.09	4.427	7090	2663	5	0	0	2645	1	12	2658
4	2	B	40000	92918	7.082	4.339	7082	2743	5	0	0	2736	0	2	2742
4	3	G	40000	6599	93.401	81.777	93401	15801	469	1	0	14374	456	501	15131
4	3	A	40000	9526	90.474	83.211	90474	7263	168	1	0	6702	41	351	6870
4	3	B	40000	11119	88.881	80.343	88881	8538	301	0	0	7672	415	150	8261
4	3	cSpy was 47 spamed and the readout avoided!
4	4	G	40000	16602	83.398	57.8545	83398	33613	288	9	4	29835	3029	449	33165
4	4	A	40000	25311	74.689	57.994	74689	16695	149	3	4	14239	1931	370	16377
4	4	B	40000	25367	74.633	57.715	74633	16918	139	6	0	15596	1098	79	16788
4	4	cSpy was 76 spamed and the readout avoided!
4	5	G	40000	100000	0	0	0	0	0	0	0	0	0	0	2
4	5	A	40000	100000	0	0	0	0	0	0	0	0	0	0	1
4	5	B	40000	100000	0	0	0	0	0	0	0	0	0	0	1
4	6	G	40000	100000	0	0	0	0	0	0	0	0	0	0	2
4	6	A	40000	100000	0	0	0	0	0	0	0	0	0	0	1
4	6	B	40000	100000	0	0	0	0	0	0	0	0	0	0	1
4	7	G	40000	20761	79.239	57.9905	79239	34660	709	0	0	33269	140	542	33715
4	7	A	40000	24425	75.575	58.238	75575	17337	341	0	0	16611	1	384	16707
4	7	B	40000	24934	75.066	57.743	75066	17323	368	0	0	16658	139	158	17008
4	7	cSpy was 8 spamed and the readout avoided!
5	0	G	40000	421	99.579	59.736	99579	17738	137	0	0	16642	131	828	17200
5	0	A	40000	577	99.423	98.31	99423	1113	136	0	0	53	102	822	577
5	0	B	40000	62213	37.787	21.162	37787	16625	1	0	0	16589	29	6	16623
5	0	cSpy was 88 spamed and the readout avoided!
5	1	G	40000	33856	66.144	43.2755	66144	35918	183	0	0	35515	6	214	35706
5	1	A	40000	38738	61.262	43.388	61262	17874	88	0	0	17600	5	181	17713
5	1	B	40000	38793	61.207	43.163	61207	18044	95	0	0	17915	1	33	17993
5	1	cSpy was 4 spamed and the readout avoided!
5	2	G	40000	38	99.962	98.368	99962	2062	72	0	0	949	79	962	1195
5	2	A	40000	98	99.902	99.072	99902	830	0	0	0	2	0	828	98
5	2	B	40000	1104	98.896	97.664	98896	1232	72	0	0	947	79	134	1097
5	2	cSpy was 39 spamed and the readout avoided!
5	3	G	40000	99967	0.0329971	0	33	66	0	0	0	66	0	0	68
5	3	A	40000	99967	0.0329971	0	33	33	0	0	0	33	0	0	34
5	3	B	40000	99967	0.0329971	0	33	33	0	0	0	33	0	0	34
5	4	G	40000	100000	0	0	0	0	0	0	0	0	0	0	2
5	4	A	40000	100000	0	0	0	0	0	0	0	0	0	0	1
5	4	B	40000	100000	0	0	0	0	0	0	0	0	0	0	1
5	5	G	40000	59851	40.149	18.566	40149	32907	12	0	0	32835	4	56	32892
5	5	A	40000	64960	35.04	18.847	35040	16193	6	0	0	16128	4	55	16178
5	5	B	40000	65001	34.999	18.285	34999	16714	6	0	0	16707	0	1	16714
5	5	cSpy was 1 spamed and the readout avoided!
5	6	G	40000	7	99.993	97.504	99993	2639	197	1	0	745	1466	230	2353
5	6	A	40000	14	99.986	99.87	99986	116	0	0	0	2	0	114	14
5	6	B	40000	2339	97.661	95.138	97661	2523	197	1	0	743	1466	116	2339
5	6	cSpy was 42 spamed and the readout avoided!
5	7	G	40000	65989	34.011	7.2795	34011	41547	0	0	0	37325	4149	73	41535
5	7	A	40000	69790	30.21	7.424	30210	22786	0	0	0	19341	3372	73	22773
5	7	B	40000	74104	25.896	7.135	25896	18761	0	0	0	17984	777	0	18762
6	0	G	40000	673	99.327	95.358	99327	4945	287	7	0	2573	1313	765	4326
6	0	A	40000	1412	98.588	96.664	98588	1924	154	4	0	171	884	711	1412
6	0	B	40000	2927	97.073	94.052	97073	3021	133	3	0	2402	429	54	2914
6	0	cSpy was 64 spamed and the readout avoided!
6	1	G	40000	21096	78.904	28.7435	78904	65093	0	0	0	57637	7242	214	64995
6	1	A	40000	37408	62.592	31.331	62592	31261	0	0	0	26937	4112	212	31163
6	1	B	40000	40012	59.988	26.156	59988	33832	0	0	0	30700	3130	2	33832
6	1	cSpy was 6 spamed and the readout avoided!
6	2	G	40000	100000	0	0	0	0	0	0	0	0	0	0	2
6	2	A	40000	100000	0	0	0	0	0	0	0	0	0	0	1
6	2	B	40000	100000	0	0	0	0	0	0	0	0	0	0	1
6	3	G	40000	100000	0	0	0	0	0	0	0	0	0	0	2
6	3	A	40000	100000	0	0	0	0	0	0	0	0	0	0	1
6	3	B	40000	100000	0	0	0	0	0	0	0	0	0	0	1
6	4	G	40000	18681	81.319	59.555	81319	33631	790	1	0	32053	156	631	32555
6	4	A	40000	23281	76.719	59.904	76719	16815	386	0	0	15968	7	454	16095
6	4	B	40000	23978	76.022	59.206	76022	16816	404	1	0	16085	149	177	16460
6	4	cSpy was 9 spamed and the readout avoided!
6	5	G	40000	8831	91.169	75.6735	91169	20083	134	1	0	17579	1587	782	19558
6	5	A	40000	13463	86.537	77.128	86537	9409	8	0	0	8034	684	683	9018
6	5	B	40000	15107	84.893	74.219	84893	10674	126	1	0	9545	903	99	10540
6	5	cSpy was 63 spamed and the readout avoided!
6	6	G	40000	100000	0	0	0	0	0	0	0	0	0	0	2
6	6	A	40000	100000	0	0	0	0	0	0	0	0	0	0	1
6	6	B	40000	100000	0	0	0	0	0	0	0	0	0	0	1
6	7	G	40000	100000	0	0	0	0	0	0	0	0	0	0	2
6	7	A	40000	100000	0	0	0	0	0	0	0	0	0	0	1
6	7	B	40000	100000	0	0	0	0	0	0	0	0	0	0	1
7	0	G	40000	1529	98.471	48.601	98471	3580	196	0	0	2702	95	587	3059
7	0	A	40000	1552	98.448	96.385	98448	2063	196	0	0	1185	95	587	1541
7	0	B	40000	97666	2.334	0.817	2334	1517	0	0	0	1517	0	0	1518
7	0	cSpy was 2 spamed and the readout avoided!
7	1	G	40000	100000	0	0	0	0	0	0	0	0	0	0	2
7	1	A	40000	100000	0	0	0	0	0	0	0	0	0	0	1
7	1	B	40000	100000	0	0	0	0	0	0	0	0	0	0	1
7	2	G	40000	87387	12.613	3.183	12613	13133	7	9	0	13024	62	31	13127
7	2	A	40000	89930	10.07	3.525	10070	6545	7	9	0	6462	36	31	6538
7	2	B	40000	90571	9.429	2.841	9429	6588	0	0	0	6562	26	0	6589
7	2	cSpy was 3 spamed and the readout avoided!
7	3	G	40000	0	100	100	100000	200000	200000	200000	200000	200000	200000	200000	200002
7	3	A	40000	0	100	100	100000	100000	100000	100000	100000	100000	100000	100000	100001
7	3	B	40000	0	100	100	100000	100000	100000	100000	100000	100000	100000	100000	100001
7	4	G	40000	96085	3.915	0.045	3915	7673	0	0	0	7612	60	1	7675
7	4	A	40000	96086	3.914	0.045	3914	3869	0	0	0	3809	59	1	3870
7	4	B	40000	96151	3.849	0.045	3849	3804	0	0	0	3803	1	0	3805
7	5	G	40000	100000	0	0	0	0	0	0	0	0	0	0	2
7	5	A	40000	100000	0	0	0	0	0	0	0	0	0	0	1
7	5	B	40000	100000	0	0	0	0	0	0	0	0	0	0	1
7	6	G	40000	98101	1.899	0.4205	1899	2214	4	2	0	2196	8	4	2214
7	6	A	40000	98426	1.574	0.47	1574	1104	4	2	0	1090	4	4	1103
7	6	B	40000	98519	1.481	0.371	1481	1110	0	0	0	1106	4	0	1111
7	7	G	40000	20656	79.344	50.788	79344	39139	36	2	0	37037	1791	273	39009
7	7	A	40000	28766	71.234	52.055	71234	19179	6	2	0	18096	811	264	19067
7	7	B	40000	30519	69.481	49.521	69481	19960	30	0	0	18941	980	9	19942
7	7	cSpy was 9 spamed and the readout avoided!
