#the gain was set to: 2	the bias was set to: 30
#Sent triggers per delay setting: 100000	and with a frequency [Hz] of: 40000
#160MHz delay setting	400MHz delay setting	Frequency	correct transmitted H+T		error rate [%]	uncertainty [%]	bad or missed events	error count	missing headers	missing trailers	flipped H/T	event nr errors	tbm missed trigger	unknown errors	event nr resets
0	0	G	40000	373	99.627	75.8915	99627	18399	109	0	0	17326	324	640	17873
0	0	A	40000	574	99.426	98.341	99426	1085	76	0	0	156	238	615	574
0	0	B	40000	29244	70.756	53.442	70756	17314	33	0	0	17170	86	25	17299
0	0	cSpy was 24 spamed and the readout avoided!
0	1	G	40000	30435	69.565	51.2875	69565	24705	574	0	0	22878	623	630	24245
0	1	A	40000	38672	61.328	50.812	61328	10516	291	0	0	9776	0	449	10224
0	1	B	40000	34048	65.952	51.763	65952	14189	283	0	0	13102	623	181	14021
0	2	G	40000	5738	94.262	76.01	94262	23574	53	2	0	20213	3003	303	23374
0	2	A	40000	13494	86.506	73.529	86506	12977	20	0	0	10633	2050	274	12814
0	2	B	40000	10912	89.088	78.491	89088	10597	33	2	0	9580	953	29	10560
0	2	cSpy was 5 spamed and the readout avoided!
0	3	G	40000	100000	0	0	0	0	0	0	0	0	0	0	2
0	3	A	40000	100000	0	0	0	0	0	0	0	0	0	0	1
0	3	B	40000	100000	0	0	0	0	0	0	0	0	0	0	1
0	4	G	40000	98155	1.845	1.0495	1845	1100	0	0	0	1086	0	14	1101
0	4	A	40000	98484	1.516	1.031	1516	485	0	0	0	476	0	9	485
0	4	B	40000	98317	1.683	1.068	1683	615	0	0	0	610	0	5	616
0	5	G	40000	31449	68.551	48.4505	68551	26669	72	0	0	25856	291	450	26598
0	5	A	40000	40548	59.452	47.87	59452	11582	41	0	0	11094	20	427	11524
0	5	B	40000	35882	64.118	49.031	64118	15087	31	0	0	14762	271	23	15074
0	6	G	40000	2043	97.957	87.584	97957	12338	151	1	0	9966	1793	427	11998
0	6	A	40000	4451	95.549	91.016	95549	4533	82	0	0	3168	911	372	4253
0	6	B	40000	8043	91.957	84.152	91957	7805	69	1	0	6798	882	55	7745
0	6	cSpy was 5 spamed and the readout avoided!
0	7	G	40000	78227	21.773	17.148	21773	5830	10	2	0	4928	836	54	5789
0	7	A	40000	80553	19.447	15.982	19447	3465	4	0	0	2818	593	50	3430
0	7	B	40000	79321	20.679	18.314	20679	2365	6	2	0	2110	243	4	2359
0	7	cSpy was 2 spamed and the readout avoided!
1	0	G	40000	277	99.723	97.378	99723	2752	196	0	0	2037	194	325	2431
1	0	A	40000	1853	98.147	96.088	98147	2059	174	0	0	1487	135	263	1792
1	0	B	40000	639	99.361	98.668	99361	693	22	0	0	550	59	62	639
1	0	cSpy was 22 spamed and the readout avoided!
1	1	G	40000	99959	0.041002	0.015	41	52	0	0	0	52	0	0	54
1	1	A	40000	99959	0.041002	0.015	41	26	0	0	0	26	0	0	27
1	1	B	40000	99959	0.041002	0.015	41	26	0	0	0	26	0	0	27
1	2	G	40000	100000	0	0	0	0	0	0	0	0	0	0	2
1	2	A	40000	100000	0	0	0	0	0	0	0	0	0	0	1
1	2	B	40000	100000	0	0	0	0	0	0	0	0	0	0	1
1	3	G	40000	89057	10.943	2.6035	10943	12276	0	0	0	12180	79	17	12277
1	3	A	40000	91816	8.184	2.222	8184	5962	0	0	0	5897	48	17	5962
1	3	B	40000	90701	9.299	2.985	9299	6314	0	0	0	6283	31	0	6315
1	4	G	40000	990	99.01	94.8275	99010	5332	357	7	0	3430	1247	291	4908
1	4	A	40000	3124	96.876	93.661	96876	3215	125	0	0	1979	985	126	3038
1	4	B	40000	1889	98.111	95.994	98111	2117	232	7	0	1451	262	165	1870
1	4	cSpy was 44 spamed and the readout avoided!
1	5	G	40000	96816	3.184	0.508	3184	4816	0	0	0	4755	61	0	4818
1	5	A	40000	97165	2.835	0.444	2835	2391	0	0	0	2360	31	0	2392
1	5	B	40000	97003	2.997	0.572	2997	2425	0	0	0	2395	30	0	2426
1	6	G	40000	100000	0	0	0	0	0	0	0	0	0	0	2
1	6	A	40000	100000	0	0	0	0	0	0	0	0	0	0	1
1	6	B	40000	100000	0	0	0	0	0	0	0	0	0	0	1
1	7	G	40000	99893	0.107002	0	107	213	0	0	0	213	0	0	215
1	7	A	40000	99894	0.106001	0	106	106	0	0	0	106	0	0	107
1	7	B	40000	99893	0.107002	0	107	107	0	0	0	107	0	0	108
2	0	G	40000	2010	97.99	48.9835	97990	4311	48	0	0	4049	127	87	4216
2	0	A	40000	2048	97.952	95.835	97952	2117	48	0	0	1856	126	87	2021
2	0	B	40000	95674	4.326	2.132	4326	2194	0	0	0	2193	1	0	2195
2	1	G	40000	98879	1.121	0.4155	1121	864	0	0	0	844	17	3	866
2	1	A	40000	99202	0.797999	0.374	798	424	0	0	0	405	16	3	425
2	1	B	40000	99103	0.897002	0.457	897	440	0	0	0	439	1	0	441
2	2	G	40000	16540	83.46	61.4805	83460	27588	824	13	0	24758	1102	891	26705
2	2	A	40000	26826	73.174	59.465	73174	13709	439	0	0	12159	560	551	13198
2	2	B	40000	22625	77.375	63.496	77375	13879	385	13	0	12599	542	340	13507
2	2	cSpy was 12 spamed and the readout avoided!
2	3	G	40000	11981	88.019	61.0355	88019	32561	150	10	0	28652	3538	211	32355
2	3	A	40000	26473	73.527	53.194	73527	20333	15	0	0	17491	2691	136	20243
2	3	B	40000	18895	81.105	68.877	81105	12228	135	10	0	11161	847	75	12112
2	3	cSpy was 20 spamed and the readout avoided!
2	4	G	40000	100000	0	0	0	0	0	0	0	0	0	0	2
2	4	A	40000	100000	0	0	0	0	0	0	0	0	0	0	1
2	4	B	40000	100000	0	0	0	0	0	0	0	0	0	0	1
2	5	G	40000	98861	1.139	0.374	1139	1064	0	0	0	1049	9	6	1066
2	5	A	40000	99135	0.865	0.341	865	524	0	0	0	513	5	6	525
2	5	B	40000	99053	0.946999	0.407	947	540	0	0	0	536	4	0	541
2	6	G	40000	24373	75.627	52.1285	75627	28189	624	3	0	25312	1547	703	27614
2	6	A	40000	37445	62.555	49.549	62555	13006	322	2	0	10666	1532	484	12663
2	6	B	40000	30109	69.891	54.708	69891	15183	302	1	0	14646	15	219	14951
2	7	G	40000	2060	97.94	88.494	97940	11449	206	5	0	8515	2326	398	11079
2	7	A	40000	6681	93.319	86.791	93319	6528	41	0	0	5089	1149	249	6340
2	7	B	40000	4882	95.118	90.197	95118	4921	165	5	0	3426	1177	149	4739
2	7	cSpy was 58 spamed and the readout avoided!
3	0	G	40000	650	99.35	80.48	99350	16553	281	2	1	15243	340	686	15946
3	0	A	40000	1188	98.812	97.094	98812	1718	185	0	0	878	17	638	1180
3	0	B	40000	21299	78.701	63.866	78701	14835	96	2	1	14365	323	48	14766
3	0	cSpy was 23 spamed and the readout avoided!
3	1	G	40000	0	100	100	100000	200000	200000	200000	200000	200000	200000	200000	200002
3	1	A	40000	0	100	100	100000	100000	100000	100000	100000	100000	100000	100000	100001
3	1	B	40000	0	100	100	100000	100000	100000	100000	100000	100000	100000	100000	100001
3	2	G	40000	99999	0.00100136	0	1	2	0	0	0	2	0	0	4
3	2	A	40000	99999	0.00100136	0	1	1	0	0	0	1	0	0	2
3	2	B	40000	99999	0.00100136	0	1	1	0	0	0	1	0	0	2
3	3	G	40000	100000	0	0	0	0	0	0	0	0	0	0	2
3	3	A	40000	100000	0	0	0	0	0	0	0	0	0	0	1
3	3	B	40000	100000	0	0	0	0	0	0	0	0	0	0	1
3	4	G	40000	73564	26.436	14.074	26436	19859	138	0	0	19561	47	113	19673
3	4	A	40000	75994	24.006	13.941	24006	10065	66	0	0	9906	15	78	9943
3	4	B	40000	75999	24.001	14.207	24001	9794	72	0	0	9655	32	35	9730
3	5	G	40000	0	100	100	100000	200000	200000	200000	200000	200000	200000	200000	200002
3	5	A	40000	0	100	100	100000	100000	100000	100000	100000	100000	100000	100000	100001
3	5	B	40000	0	100	100	100000	100000	100000	100000	100000	100000	100000	100000	100001
3	6	G	40000	69863	30.137	9.622	30137	28910	5	2	0	26485	2362	56	28882
3	6	A	40000	75892	24.108	9.657	24108	14451	4	0	0	12807	1584	56	14424
3	6	B	40000	75954	24.046	9.587	24046	14459	1	2	0	13678	778	0	14458
3	6	cSpy was 4 spamed and the readout avoided!
3	7	G	40000	100000	0	0	0	0	0	0	0	0	0	0	2
3	7	A	40000	100000	0	0	0	0	0	0	0	0	0	0	1
3	7	B	40000	100000	0	0	0	0	0	0	0	0	0	0	1
4	0	G	40000	887	99.113	61.795	99113	15179	271	8	0	13087	1199	614	14603
4	0	A	40000	1340	98.66	96.783	98660	1877	221	6	0	446	615	589	1338
4	0	B	40000	59891	40.109	26.807	40109	13302	50	2	0	12641	584	25	13265
4	0	cSpy was 27 spamed and the readout avoided!
4	1	G	40000	100000	0	0	0	0	0	0	0	0	0	0	2
4	1	A	40000	100000	0	0	0	0	0	0	0	0	0	0	1
4	1	B	40000	100000	0	0	0	0	0	0	0	0	0	0	1
4	2	G	40000	99893	0.107002	0.001	107	212	0	0	0	212	0	0	214
4	2	A	40000	99893	0.107002	0.001	107	106	0	0	0	106	0	0	107
4	2	B	40000	99893	0.107002	0.001	107	106	0	0	0	106	0	0	107
4	3	G	40000	17511	82.489	59.674	82489	33397	659	1	0	31990	142	605	32488
4	3	A	40000	23200	76.8	60.116	76800	16684	349	1	0	15832	29	473	16035
4	3	B	40000	24055	75.945	59.232	75945	16713	310	0	0	16158	113	132	16453
4	3	cSpy was 7 spamed and the readout avoided!
4	4	G	40000	13505	86.495	54.1105	86495	42180	35	10	1	38068	3820	246	42048
4	4	A	40000	24736	75.264	54.345	75264	20919	17	6	0	18310	2344	242	20796
4	4	B	40000	24863	75.137	53.876	75137	21261	18	4	1	19758	1476	4	21252
4	4	cSpy was 16 spamed and the readout avoided!
4	5	G	40000	100000	0	0	0	0	0	0	0	0	0	0	2
4	5	A	40000	100000	0	0	0	0	0	0	0	0	0	0	1
4	5	B	40000	100000	0	0	0	0	0	0	0	0	0	0	1
4	6	G	40000	100000	0	0	0	0	0	0	0	0	0	0	2
4	6	A	40000	100000	0	0	0	0	0	0	0	0	0	0	1
4	6	B	40000	100000	0	0	0	0	0	0	0	0	0	0	1
4	7	G	40000	21114	78.886	57.8885	78886	34344	735	0	0	32901	144	564	33337
4	7	A	40000	24671	75.329	58.148	75329	17181	354	0	0	16429	0	398	16517
4	7	B	40000	25208	74.792	57.629	74792	17163	381	0	0	16472	144	166	16820
4	7	cSpy was 7 spamed and the readout avoided!
5	0	G	40000	461	99.539	58.432	99539	16546	141	0	0	15451	111	843	15996
5	0	A	40000	592	99.408	98.266	99408	1142	140	0	0	72	89	841	592
5	0	B	40000	65998	34.002	18.598	34002	15404	1	0	0	15379	22	2	15404
5	0	cSpy was 63 spamed and the readout avoided!
5	1	G	40000	35177	64.823	41.0805	64823	36566	162	1	0	36216	5	182	36386
5	1	A	40000	40631	59.369	41.19	59369	18179	78	1	0	17939	4	157	18041
5	1	B	40000	40642	59.358	40.971	59358	18387	84	0	0	18277	1	25	18345
5	1	cSpy was 3 spamed and the readout avoided!
5	2	G	40000	44	99.956	98.0925	99956	2334	106	3	0	1169	83	973	1476
5	2	A	40000	141	99.859	99.03	99859	829	3	0	0	15	0	811	141
5	2	B	40000	1340	98.66	97.155	98660	1505	103	3	0	1154	83	162	1335
5	2	cSpy was 54 spamed and the readout avoided!
5	3	G	40000	99981	0.019002	0	19	38	0	0	0	38	0	0	40
5	3	A	40000	99981	0.019002	0	19	19	0	0	0	19	0	0	20
5	3	B	40000	99981	0.019002	0	19	19	0	0	0	19	0	0	20
5	4	G	40000	100000	0	0	0	0	0	0	0	0	0	0	2
5	4	A	40000	100000	0	0	0	0	0	0	0	0	0	0	1
5	4	B	40000	100000	0	0	0	0	0	0	0	0	0	0	1
5	5	G	40000	84084	15.916	4.5345	15916	19016	2	0	0	19002	1	11	19017
5	5	A	40000	85871	14.129	4.725	14129	9404	1	0	0	9391	1	11	9404
5	5	B	40000	86044	13.956	4.344	13956	9612	1	0	0	9611	0	0	9613
5	6	G	40000	11	99.989	98.3615	99989	1820	127	0	0	476	863	354	1457
5	6	A	40000	21	99.979	99.767	99979	212	0	0	0	3	1	208	21
5	6	B	40000	1436	98.564	96.956	98564	1608	127	0	0	473	862	146	1436
5	6	cSpy was 23 spamed and the readout avoided!
5	7	G	40000	71300	28.7	6.005	28700	36591	1	0	0	32943	3589	58	36576
5	7	A	40000	73656	26.344	6.088	26344	20256	1	0	0	17182	3015	58	20240
5	7	B	40000	77743	22.257	5.922	22257	16335	0	0	0	15761	574	0	16336
6	0	G	40000	661	99.339	95.1545	99339	5162	302	5	0	2694	1392	769	4515
6	0	A	40000	1449	98.551	96.55	98551	2001	165	1	0	188	918	729	1449
6	0	B	40000	3080	96.92	93.759	96920	3161	137	4	0	2506	474	40	3066
6	0	cSpy was 57 spamed and the readout avoided!
6	1	G	40000	23385	76.615	26.0235	76615	65086	4	3	0	57591	7310	178	64997
6	1	A	40000	40359	59.641	28.304	59641	31337	3	3	0	26968	4190	173	31252
6	1	B	40000	42508	57.492	23.743	57492	33749	1	0	0	30623	3120	5	33745
6	1	cSpy was 6 spamed and the readout avoided!
6	2	G	40000	100000	0	0	0	0	0	0	0	0	0	0	2
6	2	A	40000	100000	0	0	0	0	0	0	0	0	0	0	1
6	2	B	40000	100000	0	0	0	0	0	0	0	0	0	0	1
6	3	G	40000	100000	0	0	0	0	0	0	0	0	0	0	2
6	3	A	40000	100000	0	0	0	0	0	0	0	0	0	0	1
6	3	B	40000	100000	0	0	0	0	0	0	0	0	0	0	1
6	4	G	40000	0	100	100	100000	200000	200000	200000	200000	200000	200000	200000	200002
6	4	A	40000	0	100	100	100000	100000	100000	100000	100000	100000	100000	100000	100001
6	4	B	40000	0	100	100	100000	100000	100000	100000	100000	100000	100000	100000	100001
6	5	G	40000	11029	88.971	56.743	88971	41840	5	0	0	37356	4152	327	41688
6	5	A	40000	21126	78.874	58.9	78874	19974	0	0	0	17512	2140	322	19825
6	5	B	40000	23548	76.452	54.586	76452	21866	5	0	0	19844	2012	5	21863
6	5	cSpy was 7 spamed and the readout avoided!
6	6	G	40000	100000	0	0	0	0	0	0	0	0	0	0	2
6	6	A	40000	100000	0	0	0	0	0	0	0	0	0	0	1
6	6	B	40000	100000	0	0	0	0	0	0	0	0	0	0	1
6	7	G	40000	100000	0	0	0	0	0	0	0	0	0	0	2
6	7	A	40000	100000	0	0	0	0	0	0	0	0	0	0	1
6	7	B	40000	100000	0	0	0	0	0	0	0	0	0	0	1
7	0	G	40000	1778	98.222	48.2935	98222	3518	211	0	0	2646	86	575	3033
7	0	A	40000	1804	98.196	95.925	98196	2271	211	0	0	1399	86	575	1785
7	0	B	40000	98091	1.909	0.662	1909	1247	0	0	0	1247	0	0	1248
7	0	cSpy was 3 spamed and the readout avoided!
7	1	G	40000	100000	0	0	0	0	0	0	0	0	0	0	2
7	1	A	40000	100000	0	0	0	0	0	0	0	0	0	0	1
7	1	B	40000	100000	0	0	0	0	0	0	0	0	0	0	1
7	2	G	40000	90201	9.799	1.559	9799	13559	0	2	0	13469	76	12	13561
7	2	A	40000	91456	8.544	1.757	8544	6787	0	2	0	6708	65	12	6788
7	2	B	40000	91867	8.133	1.361	8133	6772	0	0	0	6761	11	0	6773
7	3	G	40000	0	100	100	100000	200000	200000	200000	200000	200000	200000	200000	200002
7	3	A	40000	0	100	100	100000	100000	100000	100000	100000	100000	100000	100000	100001
7	3	B	40000	0	100	100	100000	100000	100000	100000	100000	100000	100000	100000	100001
7	4	G	40000	98091	1.909	0.006	1909	3796	0	0	0	3787	9	0	3798
7	4	A	40000	98091	1.909	0.006	1909	1903	0	0	0	1894	9	0	1904
7	4	B	40000	98101	1.899	0.006	1899	1893	0	0	0	1893	0	0	1894
7	5	G	40000	100000	0	0	0	0	0	0	0	0	0	0	2
7	5	A	40000	100000	0	0	0	0	0	0	0	0	0	0	1
7	5	B	40000	100000	0	0	0	0	0	0	0	0	0	0	1
7	6	G	40000	97371	2.629	0.2035	2629	4647	0	0	0	4616	27	4	4649
7	6	A	40000	97446	2.554	0.229	2554	2325	0	0	0	2302	19	4	2326
7	6	B	40000	97500	2.5	0.178	2500	2322	0	0	0	2314	8	0	2323
7	7	G	40000	0	100	100	100000	200000	200000	200000	200000	200000	200000	200000	200002
7	7	A	40000	0	100	100	100000	100000	100000	100000	100000	100000	100000	100000	100001
7	7	B	40000	0	100	100	100000	100000	100000	100000	100000	100000	100000	100000	100001
