#the gain was set to: 2	the bias was set to: 30
#Sent triggers per delay setting: 100000	and with a frequency [Hz] of: 40000
#160MHz delay setting	400MHz delay setting	Frequency	correct transmitted H+T		error rate [%]	uncertainty [%]	bad or missed events	error count	missing headers	missing trailers	flipped H/T	event nr errors	tbm missed trigger	unknown errors	event nr resets
0	0	G	40000	417	99.583	72.7985	99583	19064	117	0	0	18041	279	627	18529
0	0	A	40000	621	99.379	98.232	99379	1147	105	0	0	181	240	621	621
0	0	B	40000	34718	65.282	47.365	65282	17917	12	0	0	17860	39	6	17908
0	0	cSpy was 26 spamed and the readout avoided!
0	1	G	40000	52841	47.159	30.2325	47159	23770	39	0	0	23335	126	270	23725
0	1	A	40000	59510	40.49	29.842	40490	10648	25	0	0	10348	23	252	10611
0	1	B	40000	56255	43.745	30.623	43745	13122	14	0	0	12987	103	18	13114
0	2	G	40000	2336	97.664	87.9665	97664	11977	147	5	0	9770	1667	388	11656
0	2	A	40000	4704	95.296	90.538	95296	4758	82	0	0	3482	866	328	4507
0	2	B	40000	7386	92.614	85.395	92614	7219	65	5	0	6288	801	60	7149
0	2	cSpy was 5 spamed and the readout avoided!
0	3	G	40000	92496	7.504	1.4945	7504	6161	0	0	0	5452	706	3	6163
0	3	A	40000	96268	3.732	0.687	3732	3045	0	0	0	2714	328	3	3046
0	3	B	40000	94582	5.418	2.302	5418	3116	0	0	0	2738	378	0	3117
0	4	G	40000	100000	0	0	0	0	0	0	0	0	0	0	2
0	4	A	40000	100000	0	0	0	0	0	0	0	0	0	0	1
0	4	B	40000	100000	0	0	0	0	0	0	0	0	0	0	1
0	5	G	40000	69114	30.886	16.034	30886	22073	2	0	0	21900	38	133	22060
0	5	A	40000	74077	25.923	15.796	25923	10127	2	0	0	9977	17	131	10113
0	5	B	40000	71782	28.218	16.272	28218	11946	0	0	0	11923	21	2	11947
0	6	G	40000	0	100	100	100000	200000	200000	200000	200000	200000	200000	200000	200002
0	6	A	40000	0	100	100	100000	100000	100000	100000	100000	100000	100000	100000	100001
0	6	B	40000	0	100	100	100000	100000	100000	100000	100000	100000	100000	100000	100001
0	7	G	40000	96530	3.47	0.3775	3470	5219	0	0	0	5096	123	0	5221
0	7	A	40000	97134	2.866	0.261	2866	2605	0	0	0	2563	42	0	2606
0	7	B	40000	96892	3.108	0.494	3108	2614	0	0	0	2533	81	0	2615
1	0	G	40000	304	99.696	97.957	99696	2280	169	0	0	1398	162	551	1799
1	0	A	40000	1050	98.95	97.487	98950	1463	139	0	0	735	97	492	1043
1	0	B	40000	756	99.244	98.427	99244	817	30	0	0	663	65	59	756
1	0	cSpy was 30 spamed and the readout avoided!
1	1	G	40000	96370	3.63	0.3905	3630	5425	0	0	0	5263	161	1	5427
1	1	A	40000	97050	2.95	0.248	2950	2702	0	0	0	2630	71	1	2703
1	1	B	40000	96744	3.256	0.533	3256	2723	0	0	0	2633	90	0	2724
1	2	G	40000	100000	0	0	0	0	0	0	0	0	0	0	2
1	2	A	40000	100000	0	0	0	0	0	0	0	0	0	0	1
1	2	B	40000	100000	0	0	0	0	0	0	0	0	0	0	1
1	3	G	40000	98863	1.137	0.109	1137	1985	0	0	0	1985	0	0	1987
1	3	A	40000	98921	1.079	0.103	1079	976	0	0	0	976	0	0	977
1	3	B	40000	98876	1.124	0.115	1124	1009	0	0	0	1009	0	0	1010
1	4	G	40000	529	99.471	96.736	99471	3463	271	0	0	1562	1279	351	3049
1	4	A	40000	1769	98.231	96.35	98231	1881	64	0	0	781	924	112	1755
1	4	B	40000	1296	98.704	97.122	98704	1582	207	0	0	781	355	239	1294
1	4	cSpy was 12 spamed and the readout avoided!
1	5	G	40000	36477	63.523	18.3605	63523	46656	16	0	0	39185	7414	41	46636
1	5	A	40000	66737	33.263	6.518	33263	26745	0	0	0	22104	4605	36	26740
1	5	B	40000	49886	50.114	30.203	50114	19911	16	0	0	17081	2809	5	19896
1	6	G	40000	100000	0	0	0	0	0	0	0	0	0	0	2
1	6	A	40000	100000	0	0	0	0	0	0	0	0	0	0	1
1	6	B	40000	100000	0	0	0	0	0	0	0	0	0	0	1
1	7	G	40000	100000	0	0	0	0	0	0	0	0	0	0	2
1	7	A	40000	100000	0	0	0	0	0	0	0	0	0	0	1
1	7	B	40000	100000	0	0	0	0	0	0	0	0	0	0	1
2	0	G	40000	2358	97.642	48.3615	97642	4073	49	1	0	3852	100	71	3995
2	0	A	40000	2405	97.595	95.154	97595	2441	49	1	0	2220	100	71	2362
2	0	B	40000	96799	3.201	1.569	3201	1632	0	0	0	1632	0	0	1633
2	0	cSpy was 1 spamed and the readout avoided!
2	1	G	40000	99804	0.195998	0.0445	196	237	0	0	0	236	1	0	239
2	1	A	40000	99847	0.152999	0.038	153	115	0	0	0	115	0	0	116
2	1	B	40000	99827	0.173002	0.051	173	122	0	0	0	121	1	0	123
2	2	G	40000	24199	75.801	52.3075	75801	28223	686	9	0	25270	1548	710	27590
2	2	A	40000	37230	62.77	49.7	62770	13070	348	2	0	10710	1520	490	12699
2	2	B	40000	29932	70.068	54.915	70068	15153	338	7	0	14560	28	220	14891
2	3	G	40000	0	100	100	100000	200000	200000	200000	200000	200000	200000	200000	200002
2	3	A	40000	0	100	100	100000	100000	100000	100000	100000	100000	100000	100000	100001
2	3	B	40000	0	100	100	100000	100000	100000	100000	100000	100000	100000	100000	100001
2	4	G	40000	100000	0	0	0	0	0	0	0	0	0	0	2
2	4	A	40000	100000	0	0	0	0	0	0	0	0	0	0	1
2	4	B	40000	100000	0	0	0	0	0	0	0	0	0	0	1
2	5	G	40000	99946	0.0540018	0.007	54	92	0	0	0	92	0	0	94
2	5	A	40000	99948	0.0519991	0.007	52	45	0	0	0	45	0	0	46
2	5	B	40000	99946	0.0540018	0.007	54	47	0	0	0	47	0	0	48
2	6	G	40000	28408	71.592	44.9945	71592	30568	94	0	0	28572	1526	376	30469
2	6	A	40000	43564	56.436	42.105	56436	14331	56	0	0	12450	1473	352	14256
2	6	B	40000	35879	64.121	47.884	64121	16237	38	0	0	16122	53	24	16213
2	7	G	40000	0	100	100	100000	200000	200000	200000	200000	200000	200000	200000	200002
2	7	A	40000	0	100	100	100000	100000	100000	100000	100000	100000	100000	100000	100001
2	7	B	40000	0	100	100	100000	100000	100000	100000	100000	100000	100000	100000	100001
3	0	G	40000	1098	98.902	66.5375	98902	21125	245	1	0	19827	445	607	20583
3	0	A	40000	1663	98.337	96.171	98337	2166	220	0	0	1312	32	602	1639
3	0	B	40000	44137	55.863	36.904	55863	18959	25	1	0	18515	413	5	18944
3	0	cSpy was 8 spamed and the readout avoided!
3	1	G	40000	0	100	100	100000	200000	200000	200000	200000	200000	200000	200000	200002
3	1	A	40000	0	100	100	100000	100000	100000	100000	100000	100000	100000	100000	100001
3	1	B	40000	0	100	100	100000	100000	100000	100000	100000	100000	100000	100000	100001
3	2	G	40000	98301	1.699	0.024	1699	3348	0	0	0	3348	0	0	3350
3	2	A	40000	98301	1.699	0.024	1699	1675	0	0	0	1675	0	0	1676
3	2	B	40000	98303	1.697	0.024	1697	1673	0	0	0	1673	0	0	1674
3	3	G	40000	100000	0	0	0	0	0	0	0	0	0	0	2
3	3	A	40000	100000	0	0	0	0	0	0	0	0	0	0	1
3	3	B	40000	100000	0	0	0	0	0	0	0	0	0	0	1
3	4	G	40000	94944	5.056	0.782	5056	8020	0	0	0	8010	10	0	8022
3	4	A	40000	95255	4.745	0.725	4745	4020	0	0	0	4010	10	0	4021
3	4	B	40000	95161	4.839	0.839	4839	4000	0	0	0	4000	0	0	4001
3	5	G	40000	0	100	100	100000	200000	200000	200000	200000	200000	200000	200000	200002
3	5	A	40000	0	100	100	100000	100000	100000	100000	100000	100000	100000	100000	100001
3	5	B	40000	0	100	100	100000	100000	100000	100000	100000	100000	100000	100000	100001
3	6	G	40000	55804	44.196	11.061	44196	46453	11	6	0	42782	3624	30	46437
3	6	A	40000	65376	34.624	10.834	34624	23790	6	0	0	20733	3028	23	23785
3	6	B	40000	66049	33.951	11.288	33951	22663	5	6	0	22049	596	7	22652
3	6	cSpy was 6 spamed and the readout avoided!
3	7	G	40000	100000	0	0	0	0	0	0	0	0	0	0	2
3	7	A	40000	100000	0	0	0	0	0	0	0	0	0	0	1
3	7	B	40000	100000	0	0	0	0	0	0	0	0	0	0	1
4	0	G	40000	1095	98.905	70.2385	98905	26685	120	1	0	24012	2416	136	26516
4	0	A	40000	1975	98.025	95.927	98025	2098	64	1	0	1384	525	124	1961
4	0	B	40000	30863	69.137	44.55	69137	24587	56	0	0	22628	1891	12	24555
4	0	cSpy was 3 spamed and the readout avoided!
4	1	G	40000	100000	0	0	0	0	0	0	0	0	0	0	2
4	1	A	40000	100000	0	0	0	0	0	0	0	0	0	0	1
4	1	B	40000	100000	0	0	0	0	0	0	0	0	0	0	1
4	2	G	40000	100000	0	0	0	0	0	0	0	0	0	0	2
4	2	A	40000	100000	0	0	0	0	0	0	0	0	0	0	1
4	2	B	40000	100000	0	0	0	0	0	0	0	0	0	0	1
4	3	G	40000	20523	79.477	58.597	79477	34310	792	0	0	32775	154	589	33248
4	3	A	40000	23965	76.035	58.871	76035	17164	382	0	0	16366	0	416	16455
4	3	B	40000	24531	75.469	58.323	75469	17146	410	0	0	16409	154	173	16793
4	3	cSpy was 8 spamed and the readout avoided!
4	4	G	40000	3407	96.593	86.9205	96593	13269	487	35	4	11217	863	666	12541
4	4	A	40000	6019	93.981	87.579	93981	6402	263	18	3	5209	378	532	5883
4	4	B	40000	6871	93.129	86.262	93129	6867	224	17	1	6008	485	134	6658
4	4	cSpy was 72 spamed and the readout avoided!
4	5	G	40000	100000	0	0	0	0	0	0	0	0	0	0	2
4	5	A	40000	100000	0	0	0	0	0	0	0	0	0	0	1
4	5	B	40000	100000	0	0	0	0	0	0	0	0	0	0	1
4	6	G	40000	100000	0	0	0	0	0	0	0	0	0	0	2
4	6	A	40000	100000	0	0	0	0	0	0	0	0	0	0	1
4	6	B	40000	100000	0	0	0	0	0	0	0	0	0	0	1
4	7	G	40000	40494	59.506	38.5275	59506	32407	168	1	0	32066	7	165	32232
4	7	A	40000	45244	54.756	38.627	54756	16129	80	1	0	15906	6	136	15996
4	7	B	40000	45294	54.706	38.428	54706	16278	88	0	0	16160	1	29	16236
4	7	cSpy was 8 spamed and the readout avoided!
5	0	G	40000	510	99.49	56.6745	99490	14564	130	0	0	13484	109	841	14007
5	0	A	40000	606	99.394	98.23	99394	1164	130	0	0	87	106	841	606
5	0	B	40000	71481	28.519	15.119	28519	13400	0	0	0	13397	3	0	13401
5	0	cSpy was 57 spamed and the readout avoided!
5	1	G	40000	68242	31.758	16.1725	31758	24307	50	0	0	24195	5	57	24264
5	1	A	40000	71663	28.337	16.319	28337	12018	25	0	0	11936	5	52	11981
5	1	B	40000	71685	28.315	16.026	28315	12289	25	0	0	12259	0	5	12283
5	1	cSpy was 2 spamed and the readout avoided!
5	2	G	40000	0	100	100	100000	200000	200000	200000	200000	200000	200000	200000	200002
5	2	A	40000	0	100	100	100000	100000	100000	100000	100000	100000	100000	100000	100001
5	2	B	40000	0	100	100	100000	100000	100000	100000	100000	100000	100000	100000	100001
5	3	G	40000	96166	3.834	0.041	3834	7448	0	0	0	7329	119	0	7450
5	3	A	40000	96175	3.825	0.041	3825	3784	0	0	0	3675	109	0	3785
5	3	B	40000	96295	3.705	0.041	3705	3664	0	0	0	3654	10	0	3665
5	4	G	40000	100000	0	0	0	0	0	0	0	0	0	0	2
5	4	A	40000	100000	0	0	0	0	0	0	0	0	0	0	1
5	4	B	40000	100000	0	0	0	0	0	0	0	0	0	0	1
5	5	G	40000	97485	2.515	0.2815	2515	4262	0	0	0	4262	0	0	4264
5	5	A	40000	97559	2.441	0.316	2441	2125	0	0	0	2125	0	0	2126
5	5	B	40000	97616	2.384	0.247	2384	2137	0	0	0	2137	0	0	2138
5	6	G	40000	10	99.99	97.803	99990	2301	190	2	0	1418	538	153	2081
5	6	A	40000	26	99.974	99.887	99974	87	0	0	0	7	4	76	26
5	6	B	40000	2067	97.933	95.719	97933	2214	190	2	0	1411	534	77	2055
5	6	cSpy was 60 spamed and the readout avoided!
5	7	G	40000	19607	80.393	30.6415	80393	64144	0	0	0	56363	7610	171	64059
5	7	A	40000	35553	64.447	33.853	64447	30594	0	0	0	26039	4384	171	30508
5	7	B	40000	39020	60.98	27.43	60980	33550	0	0	0	30324	3226	0	33551
5	7	cSpy was 9 spamed and the readout avoided!
6	0	G	40000	427	99.573	96.8615	99573	3419	344	2	0	1596	879	598	2852
6	0	A	40000	1089	98.911	97.42	98911	1491	173	1	0	274	557	486	1089
6	0	B	40000	1769	98.231	96.303	98231	1928	171	1	0	1322	322	112	1763
6	0	cSpy was 65 spamed and the readout avoided!
6	1	G	40000	7644	92.356	69.676	92356	29782	31	3	0	26834	2380	534	29527
6	1	A	40000	14502	85.498	71.278	85498	14220	2	0	0	12560	1146	512	13988
6	1	B	40000	16364	83.636	68.074	83636	15562	29	3	0	14274	1234	22	15539
6	1	cSpy was 7 spamed and the readout avoided!
6	2	G	40000	100000	0	0	0	0	0	0	0	0	0	0	2
6	2	A	40000	100000	0	0	0	0	0	0	0	0	0	0	1
6	2	B	40000	100000	0	0	0	0	0	0	0	0	0	0	1
6	3	G	40000	100000	0	0	0	0	0	0	0	0	0	0	2
6	3	A	40000	100000	0	0	0	0	0	0	0	0	0	0	1
6	3	B	40000	100000	0	0	0	0	0	0	0	0	0	0	1
6	4	G	40000	20538	79.462	58.555	79462	34343	793	0	0	32811	160	579	33292
6	4	A	40000	23990	76.01	58.832	76010	17178	381	0	0	16383	0	414	16472
6	4	B	40000	24557	75.443	58.278	75443	17165	412	0	0	16428	160	165	16820
6	4	cSpy was 6 spamed and the readout avoided!
6	5	G	40000	2458	97.542	89.1055	97542	11041	241	10	1	9411	590	789	10479
6	5	A	40000	4957	95.043	89.827	95043	5216	33	2	0	4279	253	649	4854
6	5	B	40000	5791	94.209	88.384	94209	5825	208	8	1	5132	337	140	5625
6	5	cSpy was 67 spamed and the readout avoided!
6	6	G	40000	100000	0	0	0	0	0	0	0	0	0	0	2
6	6	A	40000	100000	0	0	0	0	0	0	0	0	0	0	1
6	6	B	40000	100000	0	0	0	0	0	0	0	0	0	0	1
6	7	G	40000	100000	0	0	0	0	0	0	0	0	0	0	2
6	7	A	40000	100000	0	0	0	0	0	0	0	0	0	0	1
6	7	B	40000	100000	0	0	0	0	0	0	0	0	0	0	1
7	0	G	40000	1998	98.002	48.022	98002	3453	183	0	0	2656	86	528	3013
7	0	A	40000	2013	97.987	95.558	97987	2429	183	0	0	1632	86	528	1988
7	0	B	40000	98490	1.51	0.486	1510	1024	0	0	0	1024	0	0	1025
7	1	G	40000	100000	0	0	0	0	0	0	0	0	0	0	2
7	1	A	40000	100000	0	0	0	0	0	0	0	0	0	0	1
7	1	B	40000	100000	0	0	0	0	0	0	0	0	0	0	1
7	2	G	40000	99405	0.594997	0.022	595	1132	0	0	0	1130	2	0	1134
7	2	A	40000	99408	0.591999	0.026	592	566	0	0	0	564	2	0	567
7	2	B	40000	99416	0.584	0.018	584	566	0	0	0	566	0	0	567
7	3	G	40000	1328	98.672	92.631	98672	7345	182	2	0	5874	896	391	6975
7	3	A	40000	2446	97.554	95.028	97554	2526	68	0	0	2134	54	270	2294
7	3	B	40000	4947	95.053	90.234	95053	4819	114	2	0	3740	842	121	4681
7	3	cSpy was 93 spamed and the readout avoided!
7	4	G	40000	64977	35.023	8.2805	35023	42134	0	0	0	38075	3986	73	42111
7	4	A	40000	68774	31.226	8.419	31226	22807	0	0	0	19538	3196	73	22783
7	4	B	40000	72531	27.469	8.142	27469	19327	0	0	0	18537	790	0	19328
7	5	G	40000	100000	0	0	0	0	0	0	0	0	0	0	2
7	5	A	40000	100000	0	0	0	0	0	0	0	0	0	0	1
7	5	B	40000	100000	0	0	0	0	0	0	0	0	0	0	1
7	6	G	40000	99983	0.0169992	0.0035	17	17	0	0	0	17	0	0	19
7	6	A	40000	99986	0.0140011	0.005	14	9	0	0	0	9	0	0	10
7	6	B	40000	99990	0.0100017	0.002	10	8	0	0	0	8	0	0	9
7	7	G	40000	60852	39.148	15.786	39148	32286	46	113	0	31486	527	114	32201
7	7	A	40000	67089	32.911	16.503	32911	16408	46	113	0	15942	193	114	16322
7	7	B	40000	69053	30.947	15.069	30947	15878	0	0	0	15544	334	0	15879
7	7	cSpy was 7 spamed and the readout avoided!
