#the gain was set to: 2	the bias was set to: 30
#Sent triggers per delay setting: 100000	and with a frequency [Hz] of: 40000
#160MHz delay setting	400MHz delay setting	Frequency	correct transmitted H+T		error rate [%]	uncertainty [%]	bad or missed events	error count	missing headers	missing trailers	flipped H/T	event nr errors	tbm missed trigger	unknown errors	event nr resets
0	0	G	40000	385	99.615	74.07	99615	18894	124	0	0	17801	297	672	18345
0	0	A	40000	613	99.387	98.237	99387	1150	94	0	0	177	223	656	613
0	0	B	40000	32353	67.647	49.903	67647	17744	30	0	0	17624	74	16	17732
0	0	cSpy was 30 spamed and the readout avoided!
0	1	G	40000	26011	73.989	53.8675	73989	26105	458	0	0	24938	2	707	25688
0	1	A	40000	35884	64.116	53.274	64116	10842	228	0	0	10123	1	490	10611
0	1	B	40000	30276	69.724	54.461	69724	15263	230	0	0	14815	1	217	15077
0	2	G	40000	5933	94.067	73.79	94067	25585	70	0	0	21782	3485	248	25431
0	2	A	40000	14087	85.913	72.613	85913	13300	25	0	0	10908	2134	233	13172
0	2	B	40000	12748	87.252	74.967	87252	12285	45	0	0	10874	1351	15	12259
0	2	cSpy was 2 spamed and the readout avoided!
0	3	G	40000	100000	0	0	0	0	0	0	0	0	0	0	2
0	3	A	40000	100000	0	0	0	0	0	0	0	0	0	0	1
0	3	B	40000	100000	0	0	0	0	0	0	0	0	0	0	1
0	4	G	40000	100000	0	0	0	0	0	0	0	0	0	0	2
0	4	A	40000	100000	0	0	0	0	0	0	0	0	0	0	1
0	4	B	40000	100000	0	0	0	0	0	0	0	0	0	0	1
0	5	G	40000	44366	55.634	37.5915	55634	23237	75	0	0	22723	68	371	23132
0	5	A	40000	52658	47.342	37.024	47342	10318	44	0	0	9897	28	349	10232
0	5	B	40000	48922	51.078	38.159	51078	12919	31	0	0	12826	40	22	12900
0	6	G	40000	2672	97.328	85.4395	97328	14491	160	3	0	11703	2232	393	14178
0	6	A	40000	5488	94.512	89.015	94512	5497	106	0	0	3976	1048	367	5230
0	6	B	40000	9142	90.858	81.864	90858	8994	54	3	0	7727	1184	26	8948
0	6	cSpy was 8 spamed and the readout avoided!
0	7	G	40000	99560	0.440001	0.127	440	626	0	0	0	626	0	0	628
0	7	A	40000	99560	0.440001	0.127	440	313	0	0	0	313	0	0	314
0	7	B	40000	99560	0.440001	0.127	440	313	0	0	0	313	0	0	314
1	0	G	40000	325	99.675	97.2315	99675	2970	213	0	0	2117	191	449	2535
1	0	A	40000	1849	98.151	95.942	98151	2209	192	0	0	1481	138	398	1819
1	0	B	40000	718	99.282	98.521	99282	761	21	0	0	636	53	51	716
1	0	cSpy was 16 spamed and the readout avoided!
1	1	G	40000	99330	0.669998	0.0095	670	1316	0	0	0	1316	0	0	1318
1	1	A	40000	99333	0.667	0.009	667	658	0	0	0	658	0	0	659
1	1	B	40000	99332	0.668001	0.01	668	658	0	0	0	658	0	0	659
1	2	G	40000	100000	0	0	0	0	0	0	0	0	0	0	2
1	2	A	40000	100000	0	0	0	0	0	0	0	0	0	0	1
1	2	B	40000	100000	0	0	0	0	0	0	0	0	0	0	1
1	3	G	40000	89239	10.761	3.131	10761	12464	0	0	0	12414	26	24	12466
1	3	A	40000	91151	8.849	2.957	8849	5892	0	0	0	5847	21	24	5893
1	3	B	40000	90123	9.877	3.305	9877	6572	0	0	0	6567	5	0	6573
1	4	G	40000	0	100	100	100000	200000	200000	200000	200000	200000	200000	200000	200002
1	4	A	40000	0	100	100	100000	100000	100000	100000	100000	100000	100000	100000	100001
1	4	B	40000	0	100	100	100000	100000	100000	100000	100000	100000	100000	100000	100001
1	5	G	40000	62441	37.559	9.1185	37559	28067	6	0	0	23958	4088	15	28062
1	5	A	40000	81737	18.263	3.63	18263	14633	0	0	0	12497	2122	14	14633
1	5	B	40000	71959	28.041	14.607	28041	13434	6	0	0	11461	1966	1	13429
1	6	G	40000	100000	0	0	0	0	0	0	0	0	0	0	2
1	6	A	40000	100000	0	0	0	0	0	0	0	0	0	0	1
1	6	B	40000	100000	0	0	0	0	0	0	0	0	0	0	1
1	7	G	40000	99999	0.00100136	0	1	2	0	0	0	2	0	0	4
1	7	A	40000	99999	0.00100136	0	1	1	0	0	0	1	0	0	2
1	7	B	40000	99999	0.00100136	0	1	1	0	0	0	1	0	0	2
2	0	G	40000	2208	97.792	48.6435	97792	4305	46	0	0	4047	124	88	4199
2	0	A	40000	2251	97.749	95.418	97749	2331	46	0	0	2073	124	88	2224
2	0	B	40000	96157	3.843	1.869	3843	1974	0	0	0	1974	0	0	1975
2	1	G	40000	99900	0.0999987	0.0235	100	140	0	0	0	140	0	0	142
2	1	A	40000	99908	0.0919998	0.023	92	69	0	0	0	69	0	0	70
2	1	B	40000	99905	0.0949979	0.024	95	71	0	0	0	71	0	0	72
2	2	G	40000	27217	72.783	51.376	72783	25974	755	0	0	23186	1359	674	25366
2	2	A	40000	39037	60.963	49.459	60963	11504	420	0	0	9894	719	471	11102
2	2	B	40000	32237	67.763	53.293	67763	14470	335	0	0	13292	640	203	14264
2	3	G	40000	10113	89.887	66.7985	89887	26948	313	0	0	23466	2867	302	26555
2	3	A	40000	23990	76.01	59.169	76010	16841	92	0	0	14394	2174	181	16665
2	3	B	40000	15465	84.535	74.428	84535	10107	221	0	0	9072	693	121	9890
2	3	cSpy was 38 spamed and the readout avoided!
2	4	G	40000	100000	0	0	0	0	0	0	0	0	0	0	2
2	4	A	40000	100000	0	0	0	0	0	0	0	0	0	0	1
2	4	B	40000	100000	0	0	0	0	0	0	0	0	0	0	1
2	5	G	40000	99952	0.0479996	0.002	48	91	0	0	0	91	0	0	93
2	5	A	40000	99953	0.0469983	0.002	47	45	0	0	0	45	0	0	46
2	5	B	40000	99952	0.0479996	0.002	48	46	0	0	0	46	0	0	47
2	6	G	40000	30737	69.263	45.6155	69263	27552	193	1	0	25987	913	458	27405
2	6	A	40000	44182	55.818	43.544	55818	12274	120	1	0	10990	750	413	12153
2	6	B	40000	37035	62.965	47.687	62965	15278	73	0	0	14997	163	45	15252
2	6	cSpy was 1 spamed and the readout avoided!
2	7	G	40000	0	100	100	100000	200000	200000	200000	200000	200000	200000	200000	200002
2	7	A	40000	0	100	100	100000	100000	100000	100000	100000	100000	100000	100000	100001
2	7	B	40000	0	100	100	100000	100000	100000	100000	100000	100000	100000	100000	100001
3	0	G	40000	716	99.284	78.7405	99284	18279	267	3	1	16917	394	697	17684
3	0	A	40000	1313	98.687	96.838	98687	1849	184	0	0	986	16	663	1305
3	0	B	40000	22927	77.073	60.643	77073	16430	83	3	1	15931	378	34	16379
3	0	cSpy was 16 spamed and the readout avoided!
3	1	G	40000	0	100	100	100000	200000	200000	200000	200000	200000	200000	200000	200002
3	1	A	40000	0	100	100	100000	100000	100000	100000	100000	100000	100000	100000	100001
3	1	B	40000	0	100	100	100000	100000	100000	100000	100000	100000	100000	100000	100001
3	2	G	40000	99611	0.388998	0.001	389	776	0	0	0	776	0	0	778
3	2	A	40000	99611	0.388998	0.001	389	388	0	0	0	388	0	0	389
3	2	B	40000	99611	0.388998	0.001	389	388	0	0	0	388	0	0	389
3	3	G	40000	100000	0	0	0	0	0	0	0	0	0	0	2
3	3	A	40000	100000	0	0	0	0	0	0	0	0	0	0	1
3	3	B	40000	100000	0	0	0	0	0	0	0	0	0	0	1
3	4	G	40000	84862	15.138	8.533	15138	10555	34	0	0	10434	52	35	10513
3	4	A	40000	86207	13.793	8.483	13793	5310	17	0	0	5264	3	26	5278
3	4	B	40000	86172	13.828	8.583	13828	5245	17	0	0	5170	49	9	5235
3	5	G	40000	0	100	100	100000	200000	200000	200000	200000	200000	200000	200000	200002
3	5	A	40000	0	100	100	100000	100000	100000	100000	100000	100000	100000	100000	100001
3	5	B	40000	0	100	100	100000	100000	100000	100000	100000	100000	100000	100000	100001
3	6	G	40000	0	100	100	100000	200000	200000	200000	200000	200000	200000	200000	200002
3	6	A	40000	0	100	100	100000	100000	100000	100000	100000	100000	100000	100000	100001
3	6	B	40000	0	100	100	100000	100000	100000	100000	100000	100000	100000	100000	100001
3	7	G	40000	100000	0	0	0	0	0	0	0	0	0	0	2
3	7	A	40000	100000	0	0	0	0	0	0	0	0	0	0	1
3	7	B	40000	100000	0	0	0	0	0	0	0	0	0	0	1
4	0	G	40000	1204	98.796	68.9045	98796	23232	306	7	0	19684	2935	300	22824
4	0	A	40000	1919	98.081	95.823	98081	2258	231	5	0	877	882	263	1916
4	0	B	40000	37040	62.96	41.986	62960	20974	75	2	0	18807	2053	37	20908
4	0	cSpy was 48 spamed and the readout avoided!
4	1	G	40000	100000	0	0	0	0	0	0	0	0	0	0	2
4	1	A	40000	100000	0	0	0	0	0	0	0	0	0	0	1
4	1	B	40000	100000	0	0	0	0	0	0	0	0	0	0	1
4	2	G	40000	95944	4.056	1.7705	4056	3315	0	0	0	3311	1	3	3317
4	2	A	40000	96567	3.433	1.816	3433	1617	0	0	0	1613	1	3	1618
4	2	B	40000	96577	3.423	1.725	3423	1698	0	0	0	1698	0	0	1699
4	3	G	40000	20363	79.637	58.664	79637	34291	809	0	0	32726	157	599	33221
4	3	A	40000	23899	76.101	58.931	76101	17170	391	0	0	16355	0	424	16455
4	3	B	40000	24482	75.518	58.397	75518	17121	418	0	0	16371	157	175	16766
4	3	cSpy was 8 spamed and the readout avoided!
4	4	G	40000	4397	95.603	82.3785	95603	17581	286	40	1	14774	1865	615	17019
4	4	A	40000	8753	91.247	82.377	91247	8870	168	20	0	7185	1030	467	8472
4	4	B	40000	8909	91.091	82.38	91091	8711	118	20	1	7589	835	148	8547
4	4	cSpy was 51 spamed and the readout avoided!
4	5	G	40000	100000	0	0	0	0	0	0	0	0	0	0	2
4	5	A	40000	100000	0	0	0	0	0	0	0	0	0	0	1
4	5	B	40000	100000	0	0	0	0	0	0	0	0	0	0	1
4	6	G	40000	100000	0	0	0	0	0	0	0	0	0	0	2
4	6	A	40000	100000	0	0	0	0	0	0	0	0	0	0	1
4	6	B	40000	100000	0	0	0	0	0	0	0	0	0	0	1
4	7	G	40000	56931	43.069	24.4615	43069	29178	54	0	0	29054	1	69	29126
4	7	A	40000	60989	39.011	24.576	39011	14435	27	0	0	14342	0	66	14391
4	7	B	40000	60910	39.09	24.347	39090	14743	27	0	0	14712	1	3	14735
4	7	cSpy was 1 spamed and the readout avoided!
5	0	G	40000	470	99.53	57.8655	99530	15871	129	0	0	14805	117	820	15342
5	0	A	40000	604	99.396	98.262	99396	1134	129	0	0	77	108	820	604
5	0	B	40000	67794	32.206	17.469	32206	14737	0	0	0	14728	9	0	14738
5	0	cSpy was 60 spamed and the readout avoided!
5	1	G	40000	71849	28.151	12.994	28151	23384	18	1	0	23318	3	44	23372
5	1	A	40000	75317	24.683	13.152	24683	11531	9	1	0	11475	3	43	11519
5	1	B	40000	75311	24.689	12.836	24689	11853	9	0	0	11843	0	1	11853
5	1	cSpy was 1 spamed and the readout avoided!
5	2	G	40000	0	100	100	100000	200000	200000	200000	200000	200000	200000	200000	200002
5	2	A	40000	0	100	100	100000	100000	100000	100000	100000	100000	100000	100000	100001
5	2	B	40000	0	100	100	100000	100000	100000	100000	100000	100000	100000	100000	100001
5	3	G	40000	96894	3.106	0.028	3106	6065	0	0	0	5988	77	0	6067
5	3	A	40000	96898	3.102	0.028	3102	3074	0	0	0	3001	73	0	3075
5	3	B	40000	96981	3.019	0.028	3019	2991	0	0	0	2987	4	0	2992
5	4	G	40000	100000	0	0	0	0	0	0	0	0	0	0	2
5	4	A	40000	100000	0	0	0	0	0	0	0	0	0	0	1
5	4	B	40000	100000	0	0	0	0	0	0	0	0	0	0	1
5	5	G	40000	95218	4.782	0.899	4782	7090	0	0	0	7086	0	4	7092
5	5	A	40000	95498	4.502	0.976	4502	3526	0	0	0	3522	0	4	3527
5	5	B	40000	95614	4.386	0.822	4386	3564	0	0	0	3564	0	0	3565
5	6	G	40000	2	99.998	97.716	99998	2381	198	0	0	1184	851	148	2181
5	6	A	40000	12	99.988	99.935	99988	53	0	0	0	3	1	49	12
5	6	B	40000	2175	97.825	95.497	97825	2328	198	0	0	1181	850	99	2169
5	6	cSpy was 65 spamed and the readout avoided!
5	7	G	40000	21488	78.512	29.0125	78512	63396	1	1	0	55580	7653	161	63320
5	7	A	40000	37819	62.181	31.777	62181	30404	1	1	0	25806	4436	160	30329
5	7	B	40000	40760	59.24	26.248	59240	32992	0	0	0	29774	3217	1	32991
5	7	cSpy was 2 spamed and the readout avoided!
6	0	G	40000	473	99.527	96.677	99527	3608	336	3	0	1720	974	575	3026
6	0	A	40000	1117	98.883	97.335	98883	1548	176	0	0	223	654	495	1117
6	0	B	40000	1921	98.079	96.019	98079	2060	160	3	0	1497	320	80	1909
6	0	cSpy was 75 spamed and the readout avoided!
6	1	G	40000	9104	90.896	63.6545	90896	35511	16	3	0	31838	3234	420	35288
6	1	A	40000	17485	82.515	65.561	82515	16954	0	2	0	14889	1647	416	16742
6	1	B	40000	19695	80.305	61.748	80305	18557	16	1	0	16949	1587	4	18546
6	1	cSpy was 5 spamed and the readout avoided!
6	2	G	40000	100000	0	0	0	0	0	0	0	0	0	0	2
6	2	A	40000	100000	0	0	0	0	0	0	0	0	0	0	1
6	2	B	40000	100000	0	0	0	0	0	0	0	0	0	0	1
6	3	G	40000	100000	0	0	0	0	0	0	0	0	0	0	2
6	3	A	40000	100000	0	0	0	0	0	0	0	0	0	0	1
6	3	B	40000	100000	0	0	0	0	0	0	0	0	0	0	1
6	4	G	40000	20491	79.509	58.659	79509	34244	821	0	0	32664	161	598	33164
6	4	A	40000	23925	76.075	58.935	76075	17140	396	0	0	16316	0	428	16411
6	4	B	40000	24513	75.487	58.383	75487	17104	425	0	0	16348	161	170	16753
6	4	cSpy was 8 spamed and the readout avoided!
6	5	G	40000	0	100	100	100000	200000	200000	200000	200000	200000	200000	200000	200002
6	5	A	40000	0	100	100	100000	100000	100000	100000	100000	100000	100000	100000	100001
6	5	B	40000	0	100	100	100000	100000	100000	100000	100000	100000	100000	100000	100001
6	6	G	40000	100000	0	0	0	0	0	0	0	0	0	0	2
6	6	A	40000	100000	0	0	0	0	0	0	0	0	0	0	1
6	6	B	40000	100000	0	0	0	0	0	0	0	0	0	0	1
6	7	G	40000	99999	0.00100136	0	1	2	0	0	0	2	0	0	4
6	7	A	40000	99999	0.00100136	0	1	1	0	0	0	1	0	0	2
6	7	B	40000	99999	0.00100136	0	1	1	0	0	0	1	0	0	2
7	0	G	40000	1844	98.156	48.866	98156	10387	245	0	0	9345	235	562	9834
7	0	A	40000	2021	97.979	95.429	97979	2550	245	0	0	1667	76	562	1996
7	0	B	40000	89860	10.14	2.303	10140	7837	0	0	0	7678	159	0	7838
7	0	cSpy was 4 spamed and the readout avoided!
7	1	G	40000	100000	0	0	0	0	0	0	0	0	0	0	2
7	1	A	40000	100000	0	0	0	0	0	0	0	0	0	0	1
7	1	B	40000	100000	0	0	0	0	0	0	0	0	0	0	1
7	2	G	40000	98799	1.201	0.071	1201	2203	0	0	0	2196	7	0	2205
7	2	A	40000	98819	1.181	0.079	1181	1102	0	0	0	1097	5	0	1103
7	2	B	40000	98836	1.164	0.063	1164	1101	0	0	0	1099	2	0	1102
7	3	G	40000	0	100	100	100000	200000	200000	200000	200000	200000	200000	200000	200002
7	3	A	40000	0	100	100	100000	100000	100000	100000	100000	100000	100000	100000	100001
7	3	B	40000	0	100	100	100000	100000	100000	100000	100000	100000	100000	100000	100001
7	4	G	40000	70012	29.988	6.9985	29988	37544	0	0	0	33942	3527	75	37519
7	4	A	40000	72379	27.621	7.063	27621	20558	0	0	0	17571	2913	74	20532
7	4	B	40000	76080	23.92	6.934	23920	16986	0	0	0	16371	614	1	16987
7	5	G	40000	100000	0	0	0	0	0	0	0	0	0	0	2
7	5	A	40000	100000	0	0	0	0	0	0	0	0	0	0	1
7	5	B	40000	100000	0	0	0	0	0	0	0	0	0	0	1
7	6	G	40000	97701	2.299	0.7035	2299	2001	3	5	0	1969	20	4	2001
7	6	A	40000	98237	1.763	0.782	1763	981	3	5	0	967	2	4	980
7	6	B	40000	98355	1.645	0.625	1645	1020	0	0	0	1002	18	0	1021
7	7	G	40000	56442	43.558	17.183	43558	39773	25	39	0	38803	682	224	39642
7	7	A	40000	62086	37.914	17.612	37914	20302	25	39	0	19727	287	224	20171
7	7	B	40000	63775	36.225	16.754	36225	19471	0	0	0	19076	395	0	19471
7	7	cSpy was 7 spamed and the readout avoided!
