#the gain was set to: 2	the bias was set to: 30
#Sent triggers per delay setting: 100000	and with a frequency [Hz] of: 40000
#160MHz delay setting	400MHz delay setting	Frequency	correct transmitted H+T		error rate [%]	uncertainty [%]	bad or missed events	error count	missing headers	missing trailers	flipped H/T	event nr errors	tbm missed trigger	unknown errors	event nr resets
0	0	G	40000	423	99.577	73.931	99577	18832	119	0	0	17788	308	617	18289
0	0	A	40000	623	99.377	98.223	99377	1154	98	0	0	193	262	601	623
0	0	B	40000	32683	67.317	49.639	67317	17678	21	0	0	17595	46	16	17666
0	0	cSpy was 29 spamed and the readout avoided!
0	1	G	40000	32928	67.072	44.119	67072	30147	75	0	0	29570	74	428	30045
0	1	A	40000	43076	56.924	43.45	56924	13474	40	0	0	13006	34	394	13396
0	1	B	40000	38539	61.461	44.788	61461	16673	35	0	0	16564	40	34	16649
0	2	G	40000	2800	97.2	86.1745	97200	13721	119	1	0	11312	1971	318	13470
0	2	A	40000	5397	94.603	89.236	94603	5367	75	0	0	4042	944	306	5147
0	2	B	40000	8533	91.467	83.113	91467	8354	44	1	0	7270	1027	12	8323
0	2	cSpy was 7 spamed and the readout avoided!
0	3	G	40000	100000	0	0	0	0	0	0	0	0	0	0	2
0	3	A	40000	100000	0	0	0	0	0	0	0	0	0	0	1
0	3	B	40000	100000	0	0	0	0	0	0	0	0	0	0	1
0	4	G	40000	100000	0	0	0	0	0	0	0	0	0	0	2
0	4	A	40000	100000	0	0	0	0	0	0	0	0	0	0	1
0	4	B	40000	100000	0	0	0	0	0	0	0	0	0	0	1
0	5	G	40000	42145	57.855	34.66	57855	30928	6	0	0	30429	146	347	30851
0	5	A	40000	51784	48.216	34.059	48216	14157	4	0	0	13739	69	345	14082
0	5	B	40000	47968	52.032	35.261	52032	16771	2	0	0	16690	77	2	16769
0	6	G	40000	3084	96.916	86.0585	96916	13889	266	16	0	11010	2232	365	13528
0	6	A	40000	6099	93.901	87.822	93901	6079	128	0	0	4483	1150	318	5814
0	6	B	40000	7895	92.105	84.295	92105	7810	138	16	0	6527	1082	47	7714
0	6	cSpy was 42 spamed and the readout avoided!
0	7	G	40000	98106	1.894	0.355	1894	3001	0	0	0	2993	8	0	3003
0	7	A	40000	98159	1.841	0.344	1841	1497	0	0	0	1493	4	0	1498
0	7	B	40000	98130	1.87	0.366	1870	1504	0	0	0	1500	4	0	1505
1	0	G	40000	257	99.743	98.216	99743	2022	152	0	0	1126	184	560	1544
1	0	A	40000	799	99.201	97.987	99201	1214	126	0	0	470	126	492	798
1	0	B	40000	747	99.253	98.445	99253	808	26	0	0	656	58	68	746
1	0	cSpy was 25 spamed and the readout avoided!
1	1	G	40000	97832	2.168	0.383	2168	3438	0	0	0	3421	17	0	3440
1	1	A	40000	97922	2.078	0.364	2078	1714	0	0	0	1706	8	0	1715
1	1	B	40000	97874	2.126	0.402	2126	1724	0	0	0	1715	9	0	1725
1	2	G	40000	100000	0	0	0	0	0	0	0	0	0	0	2
1	2	A	40000	100000	0	0	0	0	0	0	0	0	0	0	1
1	2	B	40000	100000	0	0	0	0	0	0	0	0	0	0	1
1	3	G	40000	96257	3.743	0.678	3743	5284	0	0	0	5274	9	1	5286
1	3	A	40000	96839	3.161	0.587	3161	2574	0	0	0	2570	3	1	2575
1	3	B	40000	96521	3.479	0.769	3479	2710	0	0	0	2704	6	0	2711
1	4	G	40000	484	99.516	96.9855	99516	3147	159	0	0	1301	1436	251	2862
1	4	A	40000	1799	98.201	96.31	98201	1891	65	0	0	650	1085	91	1780
1	4	B	40000	1083	98.917	97.661	98917	1256	94	0	0	651	351	160	1082
1	4	cSpy was 9 spamed and the readout avoided!
1	5	G	40000	38892	61.108	16.3825	61108	46285	1	0	0	40542	5734	8	46284
1	5	A	40000	68252	31.748	4.806	31748	26942	0	0	0	22891	4045	6	26941
1	5	B	40000	52698	47.302	27.959	47302	19343	1	0	0	17651	1689	2	19343
1	6	G	40000	100000	0	0	0	0	0	0	0	0	0	0	2
1	6	A	40000	100000	0	0	0	0	0	0	0	0	0	0	1
1	6	B	40000	100000	0	0	0	0	0	0	0	0	0	0	1
1	7	G	40000	96674	3.326	1.0595	3326	2964	2	0	0	2926	28	8	2965
1	7	A	40000	97602	2.398	0.956	2398	1442	1	0	0	1417	16	8	1442
1	7	B	40000	97315	2.685	1.163	2685	1522	1	0	0	1509	12	0	1523
2	0	G	40000	2232	97.768	48.599	97768	4225	35	1	0	3992	130	67	4157
2	0	A	40000	2283	97.717	95.392	97717	2325	35	1	0	2092	130	67	2256
2	0	B	40000	96294	3.706	1.806	3706	1900	0	0	0	1900	0	0	1901
2	1	G	40000	100000	0	0	0	0	0	0	0	0	0	0	2
2	1	A	40000	100000	0	0	0	0	0	0	0	0	0	0	1
2	1	B	40000	100000	0	0	0	0	0	0	0	0	0	0	1
2	2	G	40000	33607	66.393	45.171	66393	26234	686	0	0	23738	1198	612	25646
2	2	A	40000	44829	55.171	43.457	55171	11714	380	0	0	10308	611	415	11346
2	2	B	40000	38595	61.405	46.885	61405	14520	306	0	0	13430	587	197	14300
2	3	G	40000	5266	94.734	71.3365	94734	27951	41	1	0	24579	3226	104	27876
2	3	A	40000	18883	81.117	62.954	81117	18163	4	0	0	15747	2328	84	18117
2	3	B	40000	10493	89.507	79.719	89507	9788	37	1	0	8832	898	20	9759
2	3	cSpy was 1 spamed and the readout avoided!
2	4	G	40000	100000	0	0	0	0	0	0	0	0	0	0	2
2	4	A	40000	100000	0	0	0	0	0	0	0	0	0	0	1
2	4	B	40000	100000	0	0	0	0	0	0	0	0	0	0	1
2	5	G	40000	100000	0	0	0	0	0	0	0	0	0	0	2
2	5	A	40000	100000	0	0	0	0	0	0	0	0	0	0	1
2	5	B	40000	100000	0	0	0	0	0	0	0	0	0	0	1
2	6	G	40000	31978	68.022	43.3955	68022	28396	78	0	0	27093	839	386	28322
2	6	A	40000	45998	54.002	41.317	54002	12685	55	0	0	11533	726	371	12617
2	6	B	40000	38815	61.185	45.474	61185	15711	23	0	0	15560	113	15	15705
2	6	cSpy was 2 spamed and the readout avoided!
2	7	G	40000	0	100	100	100000	200000	200000	200000	200000	200000	200000	200000	200002
2	7	A	40000	0	100	100	100000	100000	100000	100000	100000	100000	100000	100000	100001
2	7	B	40000	0	100	100	100000	100000	100000	100000	100000	100000	100000	100000	100001
3	0	G	40000	983	99.017	69.436	99017	17600	245	0	0	16329	373	653	17046
3	0	A	40000	1476	98.524	96.543	98524	1981	201	0	0	1114	31	635	1455
3	0	B	40000	42052	57.948	42.329	57948	15619	44	0	0	15215	342	18	15591
3	0	cSpy was 14 spamed and the readout avoided!
3	1	G	40000	0	100	100	100000	200000	200000	200000	200000	200000	200000	200000	200002
3	1	A	40000	0	100	100	100000	100000	100000	100000	100000	100000	100000	100000	100001
3	1	B	40000	0	100	100	100000	100000	100000	100000	100000	100000	100000	100000	100001
3	2	G	40000	99193	0.806999	0.006	807	1602	0	0	0	1602	0	0	1604
3	2	A	40000	99193	0.806999	0.006	807	801	0	0	0	801	0	0	802
3	2	B	40000	99193	0.806999	0.006	807	801	0	0	0	801	0	0	802
3	3	G	40000	100000	0	0	0	0	0	0	0	0	0	0	2
3	3	A	40000	100000	0	0	0	0	0	0	0	0	0	0	1
3	3	B	40000	100000	0	0	0	0	0	0	0	0	0	0	1
3	4	G	40000	97726	2.274	0.168	2274	4127	0	0	0	4125	2	0	4129
3	4	A	40000	97782	2.218	0.154	2218	2064	0	0	0	2062	2	0	2065
3	4	B	40000	97755	2.245	0.182	2245	2063	0	0	0	2063	0	0	2064
3	5	G	40000	0	100	100	100000	200000	200000	200000	200000	200000	200000	200000	200002
3	5	A	40000	0	100	100	100000	100000	100000	100000	100000	100000	100000	100000	100001
3	5	B	40000	0	100	100	100000	100000	100000	100000	100000	100000	100000	100000	100001
3	6	G	40000	63689	36.311	9.176	36311	38697	8	3	0	35820	2841	25	38688
3	6	A	40000	70930	29.07	8.984	29070	20086	5	0	0	17586	2479	16	20084
3	6	B	40000	72021	27.979	9.368	27979	18611	3	3	0	18234	362	9	18604
3	6	cSpy was 5 spamed and the readout avoided!
3	7	G	40000	100000	0	0	0	0	0	0	0	0	0	0	2
3	7	A	40000	100000	0	0	0	0	0	0	0	0	0	0	1
3	7	B	40000	100000	0	0	0	0	0	0	0	0	0	0	1
4	0	G	40000	1012	98.988	67.8915	98988	27145	112	0	0	24467	2435	131	26977
4	0	A	40000	1666	98.334	96.529	98334	1805	81	0	0	1065	539	120	1658
4	0	B	40000	35406	64.594	39.254	64594	25340	31	0	0	23402	1896	11	25319
4	0	cSpy was 4 spamed and the readout avoided!
4	1	G	40000	100000	0	0	0	0	0	0	0	0	0	0	2
4	1	A	40000	100000	0	0	0	0	0	0	0	0	0	0	1
4	1	B	40000	100000	0	0	0	0	0	0	0	0	0	0	1
4	2	G	40000	100000	0	0	0	0	0	0	0	0	0	0	2
4	2	A	40000	100000	0	0	0	0	0	0	0	0	0	0	1
4	2	B	40000	100000	0	0	0	0	0	0	0	0	0	0	1
4	3	G	40000	19444	80.556	59.154	80556	34059	811	1	0	32521	122	604	32981
4	3	A	40000	23495	76.505	59.435	76505	17070	396	1	0	16241	1	431	16343
4	3	B	40000	24138	75.862	58.873	75862	16989	415	0	0	16280	121	173	16638
4	3	cSpy was 6 spamed and the readout avoided!
4	4	G	40000	0	100	100	100000	200000	200000	200000	200000	200000	200000	200000	200002
4	4	A	40000	0	100	100	100000	100000	100000	100000	100000	100000	100000	100000	100001
4	4	B	40000	0	100	100	100000	100000	100000	100000	100000	100000	100000	100000	100001
4	5	G	40000	100000	0	0	0	0	0	0	0	0	0	0	2
4	5	A	40000	100000	0	0	0	0	0	0	0	0	0	0	1
4	5	B	40000	100000	0	0	0	0	0	0	0	0	0	0	1
4	6	G	40000	100000	0	0	0	0	0	0	0	0	0	0	2
4	6	A	40000	100000	0	0	0	0	0	0	0	0	0	0	1
4	6	B	40000	100000	0	0	0	0	0	0	0	0	0	0	1
4	7	G	40000	34521	65.479	45.816	65479	31263	318	0	0	30663	8	274	30850
4	7	A	40000	38447	61.553	45.934	61553	15619	156	0	0	15261	1	201	15330
4	7	B	40000	38658	61.342	45.698	61342	15644	162	0	0	15402	7	73	15520
4	7	cSpy was 4 spamed and the readout avoided!
5	0	G	40000	488	99.512	57.577	99512	15570	139	0	0	14462	109	860	14997
5	0	A	40000	593	99.407	98.24	99407	1167	139	0	0	70	100	858	593
5	0	B	40000	68683	31.317	16.914	31317	14403	0	0	0	14392	9	2	14404
5	0	cSpy was 67 spamed and the readout avoided!
5	1	G	40000	62001	37.999	18.6925	37999	29269	24	0	0	29184	6	55	29246
5	1	A	40000	66692	33.308	18.874	33308	14434	12	0	0	14362	6	54	14414
5	1	B	40000	66654	33.346	18.511	33346	14835	12	0	0	14822	0	1	14832
5	1	cSpy was 1 spamed and the readout avoided!
5	2	G	40000	23	99.977	99.083	99977	1161	24	0	0	469	117	551	671
5	2	A	40000	52	99.948	99.462	99948	486	0	0	0	3	0	483	52
5	2	B	40000	621	99.379	98.704	99379	675	24	0	0	466	117	68	619
5	2	cSpy was 17 spamed and the readout avoided!
5	3	G	40000	96948	3.052	0.024	3052	6000	0	0	0	5952	48	0	6002
5	3	A	40000	96951	3.049	0.024	3049	3025	0	0	0	2981	44	0	3026
5	3	B	40000	97001	2.999	0.024	2999	2975	0	0	0	2971	4	0	2976
5	4	G	40000	100000	0	0	0	0	0	0	0	0	0	0	2
5	4	A	40000	100000	0	0	0	0	0	0	0	0	0	0	1
5	4	B	40000	100000	0	0	0	0	0	0	0	0	0	0	1
5	5	G	40000	95003	4.997	0.7655	4997	7701	0	0	0	7698	0	3	7703
5	5	A	40000	95325	4.675	0.842	4675	3833	0	0	0	3830	0	3	3834
5	5	B	40000	95443	4.557	0.689	4557	3868	0	0	0	3868	0	0	3869
5	6	G	40000	15	99.985	97.6515	99985	2482	210	3	0	1412	653	204	2204
5	6	A	40000	47	99.953	99.816	99953	137	0	0	0	23	6	108	47
5	6	B	40000	2168	97.832	95.487	97832	2345	210	3	0	1389	647	96	2157
5	6	cSpy was 58 spamed and the readout avoided!
5	7	G	40000	23677	76.323	22.012	76323	70127	1	1	0	61556	8394	175	70049
5	7	A	40000	41298	58.702	25.157	58702	33545	1	1	0	28469	4899	175	33466
5	7	B	40000	44551	55.449	18.867	55449	36582	0	0	0	33087	3495	0	36583
5	7	cSpy was 4 spamed and the readout avoided!
6	0	G	40000	555	99.445	96.1365	99445	4174	392	7	0	2040	1133	602	3544
6	0	A	40000	1285	98.715	96.939	98715	1776	223	1	0	253	773	526	1285
6	0	B	40000	2268	97.732	95.334	97732	2398	169	6	0	1787	360	76	2259
6	0	cSpy was 75 spamed and the readout avoided!
6	1	G	40000	10171	89.829	59.314	89829	39758	19	1	0	35576	3676	486	39518
6	1	A	40000	19568	80.432	61.471	80432	18961	1	1	0	16663	1828	468	18741
6	1	B	40000	22046	77.954	57.157	77954	20797	18	0	0	18913	1848	18	20777
6	1	cSpy was 8 spamed and the readout avoided!
6	2	G	40000	100000	0	0	0	0	0	0	0	0	0	0	2
6	2	A	40000	100000	0	0	0	0	0	0	0	0	0	0	1
6	2	B	40000	100000	0	0	0	0	0	0	0	0	0	0	1
6	3	G	40000	100000	0	0	0	0	0	0	0	0	0	0	2
6	3	A	40000	100000	0	0	0	0	0	0	0	0	0	0	1
6	3	B	40000	100000	0	0	0	0	0	0	0	0	0	0	1
6	4	G	40000	20430	79.57	58.6545	79570	34261	801	0	0	32703	159	598	33183
6	4	A	40000	23929	76.071	58.932	76071	17139	386	0	0	16333	0	420	16426
6	4	B	40000	24501	75.499	58.377	75499	17122	415	0	0	16370	159	178	16757
6	4	cSpy was 8 spamed and the readout avoided!
6	5	G	40000	0	100	100	100000	200000	200000	200000	200000	200000	200000	200000	200002
6	5	A	40000	0	100	100	100000	100000	100000	100000	100000	100000	100000	100000	100001
6	5	B	40000	0	100	100	100000	100000	100000	100000	100000	100000	100000	100000	100001
6	6	G	40000	94042	5.958	1.149	5958	8282	0	0	0	7435	839	8	8281
6	6	A	40000	94232	5.768	1.152	5768	4616	0	0	0	3883	725	8	4614
6	6	B	40000	95188	4.812	1.146	4812	3666	0	0	0	3552	114	0	3667
6	7	G	40000	100000	0	0	0	0	0	0	0	0	0	0	2
6	7	A	40000	100000	0	0	0	0	0	0	0	0	0	0	1
6	7	B	40000	100000	0	0	0	0	0	0	0	0	0	0	1
7	0	G	40000	1911	98.089	48.1055	98089	3514	207	0	0	2675	77	555	3023
7	0	A	40000	1936	98.064	95.65	98064	2414	207	0	0	1575	77	555	1922
7	0	B	40000	98339	1.661	0.561	1661	1100	0	0	0	1100	0	0	1101
7	0	cSpy was 1 spamed and the readout avoided!
7	1	G	40000	100000	0	0	0	0	0	0	0	0	0	0	2
7	1	A	40000	100000	0	0	0	0	0	0	0	0	0	0	1
7	1	B	40000	100000	0	0	0	0	0	0	0	0	0	0	1
7	2	G	40000	98034	1.966	0.161	1966	3449	0	0	0	3436	10	3	3451
7	2	A	40000	98090	1.91	0.184	1910	1726	0	0	0	1714	9	3	1727
7	2	B	40000	98139	1.861	0.138	1861	1723	0	0	0	1722	1	0	1724
7	3	G	40000	0	100	100	100000	200000	200000	200000	200000	200000	200000	200000	200002
7	3	A	40000	0	100	100	100000	100000	100000	100000	100000	100000	100000	100000	100001
7	3	B	40000	0	100	100	100000	100000	100000	100000	100000	100000	100000	100000	100001
7	4	G	40000	55207	44.793	25.2405	44793	31563	41	0	0	28381	2968	173	31447
7	4	A	40000	57429	42.571	25.495	42571	17076	3	0	0	14540	2403	130	17015
7	4	B	40000	60527	39.473	24.986	39473	14487	38	0	0	13841	565	43	14432
7	4	cSpy was 23 spamed and the readout avoided!
7	5	G	40000	100000	0	0	0	0	0	0	0	0	0	0	2
7	5	A	40000	100000	0	0	0	0	0	0	0	0	0	0	1
7	5	B	40000	100000	0	0	0	0	0	0	0	0	0	0	1
7	6	G	40000	99994	0.00600219	0	6	12	0	0	0	12	0	0	14
7	6	A	40000	99994	0.00600219	0	6	6	0	0	0	6	0	0	7
7	6	B	40000	99994	0.00600219	0	6	6	0	0	0	6	0	0	7
7	7	G	40000	58684	41.316	15.8445	41316	37508	27	42	0	36593	624	222	37389
7	7	A	40000	64567	35.433	16.338	35433	19095	27	42	0	18556	248	222	18975
7	7	B	40000	66236	33.764	15.351	33764	18413	0	0	0	18037	376	0	18414
7	7	cSpy was 8 spamed and the readout avoided!
