#the gain was set to: 2	the bias was set to: 30
#Sent triggers per delay setting: 100000	and with a frequency [Hz] of: 40000
#160MHz delay setting	400MHz delay setting	Frequency	correct transmitted H+T		error rate [%]	uncertainty [%]	bad or missed events	error count	missing headers	missing trailers	flipped H/T	event nr errors	tbm missed trigger	unknown errors	event nr resets
0	0	G	40000	438	99.562	71.7075	99562	19102	95	0	0	18104	274	629	18599
0	0	A	40000	628	99.372	98.245	99372	1127	84	0	0	173	250	620	628
0	0	B	40000	36855	63.145	45.17	63145	17975	11	0	0	17931	24	9	17971
0	0	cSpy was 25 spamed and the readout avoided!
0	1	G	40000	38270	61.73	43.768	61730	24059	107	0	0	23321	227	404	23964
0	1	A	40000	46288	53.712	43.258	53712	10454	62	0	0	10015	8	369	10378
0	1	B	40000	42117	57.883	44.278	57883	13605	45	0	0	13306	219	35	13586
0	2	G	40000	2955	97.045	84.3195	97045	15529	117	2	0	13197	1795	418	15227
0	2	A	40000	5867	94.133	88.277	94133	5856	62	0	0	4502	896	396	5599
0	2	B	40000	9965	90.035	80.362	90035	9673	55	2	0	8695	899	22	9628
0	2	cSpy was 10 spamed and the readout avoided!
0	3	G	40000	100000	0	0	0	0	0	0	0	0	0	0	2
0	3	A	40000	100000	0	0	0	0	0	0	0	0	0	0	1
0	3	B	40000	100000	0	0	0	0	0	0	0	0	0	0	1
0	4	G	40000	100000	0	0	0	0	0	0	0	0	0	0	2
0	4	A	40000	100000	0	0	0	0	0	0	0	0	0	0	1
0	4	B	40000	100000	0	0	0	0	0	0	0	0	0	0	1
0	5	G	40000	66058	33.942	16.151	33942	27037	6	0	0	26857	49	125	27025
0	5	A	40000	71570	28.43	15.879	28430	12551	4	0	0	12405	21	121	12539
0	5	B	40000	69091	30.909	16.423	30909	14486	2	0	0	14452	28	4	14486
0	6	G	40000	1080	98.92	94.009	98920	6151	307	7	0	4089	1264	484	5617
0	6	A	40000	3520	96.48	92.925	96480	3555	81	0	0	2271	1007	196	3371
0	6	B	40000	2311	97.689	95.093	97689	2596	226	7	0	1818	257	288	2246
0	6	cSpy was 81 spamed and the readout avoided!
0	7	G	40000	95211	4.789	0.665	4789	6473	0	0	0	6237	236	0	6475
0	7	A	40000	96346	3.654	0.44	3654	3214	0	0	0	3122	92	0	3215
0	7	B	40000	95851	4.149	0.89	4149	3259	0	0	0	3115	144	0	3260
1	0	G	40000	291	99.709	98.0015	99709	2245	179	0	0	1291	193	582	1746
1	0	A	40000	975	99.025	97.622	99025	1403	149	0	0	631	109	514	972
1	0	B	40000	777	99.223	98.381	99223	842	30	0	0	660	84	68	774
1	0	cSpy was 32 spamed and the readout avoided!
1	1	G	40000	94185	5.815	0.9505	5815	7104	0	0	0	6846	258	0	7106
1	1	A	40000	95808	4.192	0.645	4192	3547	0	0	0	3437	110	0	3548
1	1	B	40000	95187	4.813	1.256	4813	3557	0	0	0	3409	148	0	3558
1	2	G	40000	100000	0	0	0	0	0	0	0	0	0	0	2
1	2	A	40000	100000	0	0	0	0	0	0	0	0	0	0	1
1	2	B	40000	100000	0	0	0	0	0	0	0	0	0	0	1
1	3	G	40000	99160	0.840002	0.096	840	1416	0	0	0	1412	3	1	1417
1	3	A	40000	99213	0.787002	0.088	787	699	0	0	0	696	2	1	699
1	3	B	40000	99179	0.821	0.104	821	717	0	0	0	716	1	0	718
1	4	G	40000	0	100	100	100000	200000	200000	200000	200000	200000	200000	200000	200002
1	4	A	40000	0	100	100	100000	100000	100000	100000	100000	100000	100000	100000	100001
1	4	B	40000	0	100	100	100000	100000	100000	100000	100000	100000	100000	100000	100001
1	5	G	40000	24588	75.412	33.4095	75412	44447	20	0	0	38737	5628	62	44390
1	5	A	40000	51673	48.327	21.685	48327	26642	5	0	0	22459	4150	28	26616
1	5	B	40000	37061	62.939	45.134	62939	17805	15	0	0	16278	1478	34	17774
1	5	cSpy was 5 spamed and the readout avoided!
1	6	G	40000	100000	0	0	0	0	0	0	0	0	0	0	2
1	6	A	40000	100000	0	0	0	0	0	0	0	0	0	0	1
1	6	B	40000	100000	0	0	0	0	0	0	0	0	0	0	1
1	7	G	40000	100000	0	0	0	0	0	0	0	0	0	0	2
1	7	A	40000	100000	0	0	0	0	0	0	0	0	0	0	1
1	7	B	40000	100000	0	0	0	0	0	0	0	0	0	0	1
2	0	G	40000	2331	97.669	48.383	97669	4024	47	1	0	3793	108	75	3946
2	0	A	40000	2370	97.63	95.218	97630	2412	47	1	0	2181	108	75	2333
2	0	B	40000	96840	3.16	1.548	3160	1612	0	0	0	1612	0	0	1613
2	1	G	40000	100000	0	0	0	0	0	0	0	0	0	0	2
2	1	A	40000	100000	0	0	0	0	0	0	0	0	0	0	1
2	1	B	40000	100000	0	0	0	0	0	0	0	0	0	0	1
2	2	G	40000	24009	75.991	52.2045	75991	28168	515	6	0	25421	1537	689	27679
2	2	A	40000	37409	62.591	49.536	62591	13055	271	2	0	10790	1512	480	12761
2	2	B	40000	30014	69.986	54.873	69986	15113	244	4	0	14631	25	209	14918
2	2	cSpy was 1 spamed and the readout avoided!
2	3	G	40000	7580	92.42	79.134	92420	15711	252	2	0	13007	2104	346	15316
2	3	A	40000	15402	84.598	75.146	84598	9452	57	0	0	7711	1483	201	9288
2	3	B	40000	10619	89.381	83.122	89381	6259	195	2	0	5296	621	145	6028
2	3	cSpy was 95 spamed and the readout avoided!
2	4	G	40000	100000	0	0	0	0	0	0	0	0	0	0	2
2	4	A	40000	100000	0	0	0	0	0	0	0	0	0	0	1
2	4	B	40000	100000	0	0	0	0	0	0	0	0	0	0	1
2	5	G	40000	100000	0	0	0	0	0	0	0	0	0	0	2
2	5	A	40000	100000	0	0	0	0	0	0	0	0	0	0	1
2	5	B	40000	100000	0	0	0	0	0	0	0	0	0	0	1
2	6	G	40000	42527	57.473	28.0725	57473	35054	22	0	0	33574	1240	218	35018
2	6	A	40000	57272	42.728	25.697	42728	17031	12	0	0	15738	1068	213	16999
2	6	B	40000	51529	48.471	30.448	48471	18023	10	0	0	17836	172	5	18019
2	7	G	40000	0	100	100	100000	200000	200000	200000	200000	200000	200000	200000	200002
2	7	A	40000	0	100	100	100000	100000	100000	100000	100000	100000	100000	100000	100001
2	7	B	40000	0	100	100	100000	100000	100000	100000	100000	100000	100000	100000	100001
3	0	G	40000	1155	98.845	63.9335	98845	20403	238	0	0	19185	365	615	19851
3	0	A	40000	1685	98.315	96.105	98315	2210	211	0	0	1366	23	610	1668
3	0	B	40000	50045	49.955	31.762	49955	18193	27	0	0	17819	342	5	18183
3	0	cSpy was 6 spamed and the readout avoided!
3	1	G	40000	0	100	100	100000	200000	200000	200000	200000	200000	200000	200000	200002
3	1	A	40000	0	100	100	100000	100000	100000	100000	100000	100000	100000	100000	100001
3	1	B	40000	0	100	100	100000	100000	100000	100000	100000	100000	100000	100000	100001
3	2	G	40000	97640	2.36	0.046	2360	4607	0	0	0	4597	10	0	4609
3	2	A	40000	97641	2.359	0.046	2359	2313	0	0	0	2303	10	0	2314
3	2	B	40000	97660	2.34	0.046	2340	2294	0	0	0	2294	0	0	2295
3	3	G	40000	100000	0	0	0	0	0	0	0	0	0	0	2
3	3	A	40000	100000	0	0	0	0	0	0	0	0	0	0	1
3	3	B	40000	100000	0	0	0	0	0	0	0	0	0	0	1
3	4	G	40000	85776	14.224	8.8885	14224	8174	94	0	0	7979	19	82	8041
3	4	A	40000	86985	13.015	8.873	13015	4142	45	0	0	4040	3	54	4056
3	4	B	40000	87064	12.936	8.904	12936	4032	49	0	0	3939	16	28	3985
3	5	G	40000	0	100	100	100000	200000	200000	200000	200000	200000	200000	200000	200002
3	5	A	40000	0	100	100	100000	100000	100000	100000	100000	100000	100000	100000	100001
3	5	B	40000	0	100	100	100000	100000	100000	100000	100000	100000	100000	100000	100001
3	6	G	40000	38429	61.571	38.7465	61571	30967	54	1	0	28052	2678	182	30794
3	6	A	40000	45518	54.482	38.941	54482	15541	5	0	0	13407	2061	68	15485
3	6	B	40000	46022	53.978	38.552	53978	15426	49	1	0	14645	617	114	15309
3	6	cSpy was 90 spamed and the readout avoided!
3	7	G	40000	100000	0	0	0	0	0	0	0	0	0	0	2
3	7	A	40000	100000	0	0	0	0	0	0	0	0	0	0	1
3	7	B	40000	100000	0	0	0	0	0	0	0	0	0	0	1
4	0	G	40000	1439	98.561	74.374	98561	23623	229	3	0	20996	2150	245	23305
4	0	A	40000	2633	97.367	94.485	97367	2882	134	3	0	1709	832	204	2628
4	0	B	40000	24996	75.004	54.263	75004	20741	95	0	0	19287	1318	41	20677
4	0	cSpy was 12 spamed and the readout avoided!
4	1	G	40000	100000	0	0	0	0	0	0	0	0	0	0	2
4	1	A	40000	100000	0	0	0	0	0	0	0	0	0	0	1
4	1	B	40000	100000	0	0	0	0	0	0	0	0	0	0	1
4	2	G	40000	98331	1.669	0.447	1669	1877	0	0	0	1877	0	0	1879
4	2	A	40000	98606	1.394	0.472	1394	922	0	0	0	922	0	0	923
4	2	B	40000	98623	1.377	0.422	1377	955	0	0	0	955	0	0	956
4	3	G	40000	20439	79.561	58.626	79561	34313	820	0	0	32741	150	602	33225
4	3	A	40000	23927	76.073	58.886	76073	17187	398	0	0	16361	0	428	16457
4	3	B	40000	24508	75.492	58.366	75492	17126	422	0	0	16380	150	174	16768
4	3	cSpy was 8 spamed and the readout avoided!
4	4	G	40000	2283	97.717	90.336	97717	9905	416	19	3	7671	1139	658	9221
4	4	A	40000	4469	95.531	90.69	95531	4841	222	10	3	3578	547	482	4382
4	4	B	40000	4954	95.046	89.982	95046	5064	194	9	0	4093	592	176	4839
4	4	cSpy was 61 spamed and the readout avoided!
4	5	G	40000	100000	0	0	0	0	0	0	0	0	0	0	2
4	5	A	40000	100000	0	0	0	0	0	0	0	0	0	0	1
4	5	B	40000	100000	0	0	0	0	0	0	0	0	0	0	1
4	6	G	40000	99987	0.0129998	0	13	26	0	0	0	26	0	0	28
4	6	A	40000	99987	0.0129998	0	13	13	0	0	0	13	0	0	14
4	6	B	40000	99987	0.0129998	0	13	13	0	0	0	13	0	0	14
4	7	G	40000	52812	47.188	27.4285	47188	30876	95	1	0	30674	7	99	30793
4	7	A	40000	57080	42.92	27.576	42920	15344	46	1	0	15203	7	87	15277
4	7	B	40000	57187	42.813	27.281	42813	15532	49	0	0	15471	0	12	15516
4	7	cSpy was 4 spamed and the readout avoided!
5	0	G	40000	495	99.505	56.7455	99505	14729	148	0	0	13645	101	835	14180
5	0	A	40000	610	99.39	98.231	99390	1159	148	0	0	81	95	835	610
5	0	B	40000	71170	28.83	15.26	28830	13570	0	0	0	13564	6	0	13570
5	0	cSpy was 64 spamed and the readout avoided!
5	1	G	40000	80109	19.891	7.234	19891	20508	3	3	0	20483	3	16	20508
5	1	A	40000	82432	17.568	7.43	17568	10138	2	2	0	10115	3	16	10137
5	1	B	40000	82592	17.408	7.038	17408	10370	1	1	0	10368	0	0	10371
5	1	cSpy was 2 spamed and the readout avoided!
5	2	G	40000	0	100	100	100000	200000	200000	200000	200000	200000	200000	200000	200002
5	2	A	40000	0	100	100	100000	100000	100000	100000	100000	100000	100000	100000	100001
5	2	B	40000	0	100	100	100000	100000	100000	100000	100000	100000	100000	100000	100001
5	3	G	40000	95720	4.28	0.073	4280	8226	0	0	0	8063	163	0	8228
5	3	A	40000	95730	4.27	0.073	4270	4197	0	0	0	4043	154	0	4198
5	3	B	40000	95898	4.102	0.073	4102	4029	0	0	0	4020	9	0	4030
5	4	G	40000	100000	0	0	0	0	0	0	0	0	0	0	2
5	4	A	40000	100000	0	0	0	0	0	0	0	0	0	0	1
5	4	B	40000	100000	0	0	0	0	0	0	0	0	0	0	1
5	5	G	40000	98547	1.453	0.121	1453	2584	0	0	0	2584	0	0	2586
5	5	A	40000	98572	1.428	0.137	1428	1291	0	0	0	1291	0	0	1292
5	5	B	40000	98602	1.398	0.105	1398	1293	0	0	0	1293	0	0	1294
5	6	G	40000	18	99.982	97.936	99982	2160	167	1	0	1361	454	177	1956
5	6	A	40000	48	99.952	99.843	99952	109	0	0	0	9	4	96	48
5	6	B	40000	1920	98.08	96.029	98080	2051	167	1	0	1352	450	81	1908
5	6	cSpy was 61 spamed and the readout avoided!
5	7	G	40000	16899	83.101	38.116	83101	58418	1	0	0	51682	6509	226	58308
5	7	A	40000	30906	69.094	41.322	69094	27772	0	0	0	23822	3728	222	27663
5	7	B	40000	34444	65.556	34.91	65556	30646	1	0	0	27860	2781	4	30645
5	7	cSpy was 5 spamed and the readout avoided!
6	0	G	40000	0	100	100	100000	200000	200000	200000	200000	200000	200000	200000	200002
6	0	A	40000	0	100	100	100000	100000	100000	100000	100000	100000	100000	100000	100001
6	0	B	40000	0	100	100	100000	100000	100000	100000	100000	100000	100000	100000	100001
6	1	G	40000	10086	89.914	59.579	89914	39167	50	5	0	35094	3404	614	38831
6	1	A	40000	19594	80.406	61.784	80406	18622	5	4	0	16364	1672	577	18331
6	1	B	40000	22081	77.919	57.374	77919	20545	45	1	0	18730	1732	37	20500
6	1	cSpy was 17 spamed and the readout avoided!
6	2	G	40000	100000	0	0	0	0	0	0	0	0	0	0	2
6	2	A	40000	100000	0	0	0	0	0	0	0	0	0	0	1
6	2	B	40000	100000	0	0	0	0	0	0	0	0	0	0	1
6	3	G	40000	99562	0.437999	0.0645	438	633	0	0	0	623	9	1	635
6	3	A	40000	99611	0.388998	0.072	389	317	0	0	0	308	8	1	318
6	3	B	40000	99627	0.373	0.057	373	316	0	0	0	315	1	0	317
6	4	G	40000	22143	77.857	56.252	77857	34911	684	0	0	33576	128	523	33980
6	4	A	40000	26048	73.952	56.512	73952	17440	331	0	0	16742	0	367	16827
6	4	B	40000	26537	73.463	55.992	73463	17471	353	0	0	16834	128	156	17153
6	4	cSpy was 8 spamed and the readout avoided!
6	5	G	40000	0	100	100	100000	200000	200000	200000	200000	200000	200000	200000	200002
6	5	A	40000	0	100	100	100000	100000	100000	100000	100000	100000	100000	100000	100001
6	5	B	40000	0	100	100	100000	100000	100000	100000	100000	100000	100000	100000	100001
6	6	G	40000	97815	2.185	0.078	2185	3969	0	0	0	3770	199	0	3971
6	6	A	40000	97829	2.171	0.078	2171	2093	0	0	0	1910	183	0	2094
6	6	B	40000	98046	1.954	0.078	1954	1876	0	0	0	1860	16	0	1877
6	7	G	40000	100000	0	0	0	0	0	0	0	0	0	0	2
6	7	A	40000	100000	0	0	0	0	0	0	0	0	0	0	1
6	7	B	40000	100000	0	0	0	0	0	0	0	0	0	0	1
7	0	G	40000	2081	97.919	47.8695	97919	3546	218	0	0	2710	63	555	3044
7	0	A	40000	2096	97.904	95.322	97904	2582	218	0	0	1746	63	555	2079
7	0	B	40000	98619	1.381	0.417	1381	964	0	0	0	964	0	0	965
7	0	cSpy was 1 spamed and the readout avoided!
7	1	G	40000	100000	0	0	0	0	0	0	0	0	0	0	2
7	1	A	40000	100000	0	0	0	0	0	0	0	0	0	0	1
7	1	B	40000	100000	0	0	0	0	0	0	0	0	0	0	1
7	2	G	40000	99525	0.475001	0.0175	475	904	0	0	0	901	3	0	906
7	2	A	40000	99527	0.472999	0.021	473	452	0	0	0	450	2	0	453
7	2	B	40000	99534	0.466001	0.014	466	452	0	0	0	451	1	0	453
7	3	G	40000	0	100	100	100000	200000	200000	200000	200000	200000	200000	200000	200002
7	3	A	40000	0	100	100	100000	100000	100000	100000	100000	100000	100000	100000	100001
7	3	B	40000	0	100	100	100000	100000	100000	100000	100000	100000	100000	100000	100001
7	4	G	40000	52274	47.726	27.5725	47726	31714	46	0	0	28484	3047	137	31617
7	4	A	40000	54917	45.083	28.03	45083	17053	1	0	0	14541	2415	96	17010
7	4	B	40000	58224	41.776	27.115	41776	14661	45	0	0	13943	632	41	14607
7	4	cSpy was 19 spamed and the readout avoided!
7	5	G	40000	100000	0	0	0	0	0	0	0	0	0	0	2
7	5	A	40000	100000	0	0	0	0	0	0	0	0	0	0	1
7	5	B	40000	100000	0	0	0	0	0	0	0	0	0	0	1
7	6	G	40000	99998	0.00200272	0	2	4	0	0	0	4	0	0	6
7	6	A	40000	99998	0.00200272	0	2	2	0	0	0	2	0	0	3
7	6	B	40000	99998	0.00200272	0	2	2	0	0	0	2	0	0	3
7	7	G	40000	63803	36.197	13.5665	36197	31908	53	90	0	31152	484	129	31825
7	7	A	40000	69552	30.448	14.191	30448	16257	53	90	0	15799	186	129	16173
7	7	B	40000	71407	28.593	12.942	28593	15651	0	0	0	15353	298	0	15652
7	7	cSpy was 7 spamed and the readout avoided!
