#the gain was set to: 2	the bias was set to: 30
#Sent triggers per delay setting: 100000	and with a frequency [Hz] of: 40000
#160MHz delay setting	400MHz delay setting	Frequency	correct transmitted H+T		error rate [%]	uncertainty [%]	bad or missed events	error count	missing headers	missing trailers	flipped H/T	event nr errors	tbm missed trigger	unknown errors	event nr resets
0	0	G	40000	394	99.606	72.428	99606	18974	95	0	0	17941	282	656	18421
0	0	A	40000	612	99.388	98.231	99388	1157	79	0	0	187	246	645	612
0	0	B	40000	35558	64.442	46.625	64442	17817	16	0	0	17754	36	11	17809
0	0	cSpy was 25 spamed and the readout avoided!
0	1	G	40000	33023	66.977	46.8745	66977	27108	68	0	0	26442	191	407	27039
0	1	A	40000	41824	58.176	46.333	58176	11843	40	0	0	11403	12	388	11780
0	1	B	40000	37319	62.681	47.416	62681	15265	28	0	0	15039	179	19	15259
0	2	G	40000	3106	96.894	83.5875	96894	16273	169	5	0	13661	1946	492	15882
0	2	A	40000	5981	94.019	87.996	94019	6023	99	0	0	4502	967	455	5689
0	2	B	40000	10571	89.429	79.179	89429	10250	70	5	0	9159	979	37	10193
0	2	cSpy was 20 spamed and the readout avoided!
0	3	G	40000	100000	0	0	0	0	0	0	0	0	0	0	2
0	3	A	40000	100000	0	0	0	0	0	0	0	0	0	0	1
0	3	B	40000	100000	0	0	0	0	0	0	0	0	0	0	1
0	4	G	40000	99928	0.0720024	0.025	72	85	0	0	0	85	0	0	87
0	4	A	40000	99937	0.0630021	0.025	63	38	0	0	0	38	0	0	39
0	4	B	40000	99928	0.0720024	0.025	72	47	0	0	0	47	0	0	48
0	5	G	40000	42554	57.446	35.6965	57446	30133	26	0	0	29686	117	304	30086
0	5	A	40000	51249	48.751	35.216	48751	13535	18	0	0	13177	40	300	13489
0	5	B	40000	47225	52.775	36.177	52775	16598	8	0	0	16509	77	4	16597
0	6	G	40000	2307	97.693	89.3375	97693	10652	245	8	0	8202	1827	370	10281
0	6	A	40000	4639	95.361	90.638	95361	4723	117	0	0	3212	1087	307	4448
0	6	B	40000	6034	93.966	88.037	93966	5929	128	8	0	4990	740	63	5833
0	6	cSpy was 15 spamed and the readout avoided!
0	7	G	40000	69837	30.163	12.3775	30163	21133	12	2	0	17870	3218	31	21111
0	7	A	40000	80376	19.624	6.355	19624	13269	1	0	0	10832	2415	21	13257
0	7	B	40000	73736	26.264	18.4	26264	7864	11	2	0	7038	803	10	7854
0	7	cSpy was 8 spamed and the readout avoided!
1	0	G	40000	251	99.749	97.763	99749	2481	141	0	0	1230	530	580	1988
1	0	A	40000	819	99.181	97.925	99181	1256	100	0	0	491	138	527	818
1	0	B	40000	1174	98.826	97.601	98826	1225	41	0	0	739	392	53	1170
1	0	cSpy was 26 spamed and the readout avoided!
1	1	G	40000	68933	31.067	12.294	31067	22119	5	0	0	18861	3239	14	22112
1	1	A	40000	79983	20.017	5.881	20017	14136	0	0	0	11430	2700	6	14134
1	1	B	40000	73310	26.69	18.707	26690	7983	5	0	0	7431	539	8	7978
1	2	G	40000	100000	0	0	0	0	0	0	0	0	0	0	2
1	2	A	40000	100000	0	0	0	0	0	0	0	0	0	0	1
1	2	B	40000	100000	0	0	0	0	0	0	0	0	0	0	1
1	3	G	40000	97247	2.753	0.511	2753	3865	0	0	0	3858	4	3	3866
1	3	A	40000	97663	2.337	0.444	2337	1893	0	0	0	1889	1	3	1893
1	3	B	40000	97450	2.55	0.578	2550	1972	0	0	0	1969	3	0	1973
1	4	G	40000	483	99.517	97.1185	99517	3010	169	0	0	1290	1307	244	2723
1	4	A	40000	1768	98.232	96.354	98232	1878	81	0	0	679	1017	101	1739
1	4	B	40000	985	99.015	97.883	99015	1132	88	0	0	611	290	143	984
1	4	cSpy was 18 spamed and the readout avoided!
1	5	G	40000	52431	47.569	11.483	47569	36263	0	0	0	31678	4584	1	36265
1	5	A	40000	76514	23.486	3.339	23486	20147	0	0	0	17267	2879	1	20148
1	5	B	40000	64257	35.743	19.627	35743	16116	0	0	0	14411	1705	0	16117
1	6	G	40000	100000	0	0	0	0	0	0	0	0	0	0	2
1	6	A	40000	100000	0	0	0	0	0	0	0	0	0	0	1
1	6	B	40000	100000	0	0	0	0	0	0	0	0	0	0	1
1	7	G	40000	100000	0	0	0	0	0	0	0	0	0	0	2
1	7	A	40000	100000	0	0	0	0	0	0	0	0	0	0	1
1	7	B	40000	100000	0	0	0	0	0	0	0	0	0	0	1
2	0	G	40000	2325	97.675	48.4065	97675	4088	51	1	0	3855	117	64	3999
2	0	A	40000	2366	97.634	95.21	97634	2424	51	1	0	2191	117	64	2334
2	0	B	40000	96733	3.267	1.603	3267	1664	0	0	0	1664	0	0	1665
2	1	G	40000	99976	0.0240028	0.0045	24	38	0	0	0	38	0	0	40
2	1	A	40000	99977	0.0230014	0.004	23	19	0	0	0	19	0	0	20
2	1	B	40000	99976	0.0240028	0.005	24	19	0	0	0	19	0	0	20
2	2	G	40000	23733	76.267	52.713	76267	28300	820	9	0	25244	1466	761	27509
2	2	A	40000	36683	63.317	50.21	63317	13107	415	4	0	10778	1411	499	12662
2	2	B	40000	29591	70.409	55.216	70409	15193	405	5	0	14466	55	262	14847
2	3	G	40000	8317	91.683	73.872	91683	20523	138	1	0	17179	2966	239	20295
2	3	A	40000	19279	80.721	68.017	80721	12704	79	0	0	10337	2140	148	12557
2	3	B	40000	12454	87.546	79.727	87546	7819	59	1	0	6842	826	91	7738
2	3	cSpy was 19 spamed and the readout avoided!
2	4	G	40000	100000	0	0	0	0	0	0	0	0	0	0	2
2	4	A	40000	100000	0	0	0	0	0	0	0	0	0	0	1
2	4	B	40000	100000	0	0	0	0	0	0	0	0	0	0	1
2	5	G	40000	99999	0.00100136	0	1	2	0	0	0	2	0	0	4
2	5	A	40000	99999	0.00100136	0	1	1	0	0	0	1	0	0	2
2	5	B	40000	99999	0.00100136	0	1	1	0	0	0	1	0	0	2
2	6	G	40000	49120	50.88	29.7545	50880	24592	38	0	0	23192	1103	259	24538
2	6	A	40000	60650	39.35	27.694	39350	11656	25	0	0	10350	1032	249	11612
2	6	B	40000	55249	44.751	31.815	44751	12936	13	0	0	12842	71	10	12926
2	7	G	40000	0	100	100	100000	200000	200000	200000	200000	200000	200000	200000	200002
2	7	A	40000	0	100	100	100000	100000	100000	100000	100000	100000	100000	100000	100001
2	7	B	40000	0	100	100	100000	100000	100000	100000	100000	100000	100000	100000	100001
3	0	G	40000	1205	98.795	65.077	98795	16383	243	18	0	15130	329	663	15802
3	0	A	40000	1716	98.284	96.068	98284	2216	205	0	0	1363	60	588	1709
3	0	B	40000	51747	48.253	34.086	48253	14167	38	18	0	13767	269	75	14093
3	0	cSpy was 22 spamed and the readout avoided!
3	1	G	40000	0	100	100	100000	200000	200000	200000	200000	200000	200000	200000	200002
3	1	A	40000	0	100	100	100000	100000	100000	100000	100000	100000	100000	100000	100001
3	1	B	40000	0	100	100	100000	100000	100000	100000	100000	100000	100000	100000	100001
3	2	G	40000	98728	1.272	0.014	1272	2514	0	0	0	2513	1	0	2516
3	2	A	40000	98728	1.272	0.014	1272	1258	0	0	0	1257	1	0	1259
3	2	B	40000	98730	1.27	0.014	1270	1256	0	0	0	1256	0	0	1257
3	3	G	40000	100000	0	0	0	0	0	0	0	0	0	0	2
3	3	A	40000	100000	0	0	0	0	0	0	0	0	0	0	1
3	3	B	40000	100000	0	0	0	0	0	0	0	0	0	0	1
3	4	G	40000	88695	11.305	7.482	11305	6002	99	0	0	5814	12	77	5872
3	4	A	40000	89480	10.52	7.473	10520	3047	48	0	0	2948	0	51	2964
3	4	B	40000	89554	10.446	7.491	10446	2955	51	0	0	2866	12	26	2908
3	5	G	40000	0	100	100	100000	200000	200000	200000	200000	200000	200000	200000	200002
3	5	A	40000	0	100	100	100000	100000	100000	100000	100000	100000	100000	100000	100001
3	5	B	40000	0	100	100	100000	100000	100000	100000	100000	100000	100000	100000	100001
3	6	G	40000	49570	50.43	12.567	50430	51887	8	6	0	47598	4246	29	51879
3	6	A	40000	61311	38.689	12.302	38689	26387	7	0	0	22897	3456	27	26381
3	6	B	40000	61668	38.332	12.832	38332	25500	1	6	0	24701	790	2	25498
3	6	cSpy was 7 spamed and the readout avoided!
3	7	G	40000	100000	0	0	0	0	0	0	0	0	0	0	2
3	7	A	40000	100000	0	0	0	0	0	0	0	0	0	0	1
3	7	B	40000	100000	0	0	0	0	0	0	0	0	0	0	1
4	0	G	40000	752	99.248	72.3965	99248	19847	163	1	0	16589	2780	314	19556
4	0	A	40000	1316	98.684	97.159	98684	1525	68	0	0	800	386	271	1311
4	0	B	40000	34044	65.956	47.634	65956	18322	95	1	0	15789	2394	43	18245
4	0	cSpy was 15 spamed and the readout avoided!
4	1	G	40000	100000	0	0	0	0	0	0	0	0	0	0	2
4	1	A	40000	100000	0	0	0	0	0	0	0	0	0	0	1
4	1	B	40000	100000	0	0	0	0	0	0	0	0	0	0	1
4	2	G	40000	99999	0.00100136	0	1	2	0	0	0	2	0	0	4
4	2	A	40000	99999	0.00100136	0	1	1	0	0	0	1	0	0	2
4	2	B	40000	99999	0.00100136	0	1	1	0	0	0	1	0	0	2
4	3	G	40000	25870	74.13	52.444	74130	35180	655	0	0	33903	126	496	34309
4	3	A	40000	29759	70.241	52.672	70241	17569	316	0	0	16900	2	351	16986
4	3	B	40000	30173	69.827	52.216	69827	17611	339	0	0	17003	124	145	17323
4	3	cSpy was 6 spamed and the readout avoided!
4	4	G	40000	3573	96.427	86.4995	96427	13527	307	31	3	11699	999	489	13043
4	4	A	40000	6492	93.508	86.859	93508	6649	167	22	2	5587	469	403	6301
4	4	B	40000	6982	93.018	86.14	93018	6878	140	9	1	6112	530	86	6742
4	4	cSpy was 40 spamed and the readout avoided!
4	5	G	40000	100000	0	0	0	0	0	0	0	0	0	0	2
4	5	A	40000	100000	0	0	0	0	0	0	0	0	0	0	1
4	5	B	40000	100000	0	0	0	0	0	0	0	0	0	0	1
4	6	G	40000	100000	0	0	0	0	0	0	0	0	0	0	2
4	6	A	40000	100000	0	0	0	0	0	0	0	0	0	0	1
4	6	B	40000	100000	0	0	0	0	0	0	0	0	0	0	1
4	7	G	40000	53547	46.453	25.4665	46453	32982	59	1	0	32818	8	96	32927
4	7	A	40000	58083	41.917	25.608	41917	16309	30	1	0	16183	8	87	16260
4	7	B	40000	58002	41.998	25.325	41998	16673	29	0	0	16635	0	9	16667
4	7	cSpy was 3 spamed and the readout avoided!
5	0	G	40000	507	99.493	57.1795	99493	15115	149	0	0	14014	104	848	14565
5	0	A	40000	626	99.374	98.197	99374	1177	149	0	0	82	98	848	626
5	0	B	40000	69900	30.1	16.162	30100	13938	0	0	0	13932	6	0	13939
5	0	cSpy was 57 spamed and the readout avoided!
5	1	G	40000	88308	11.692	3.149	11692	14306	0	0	0	14296	1	9	14308
5	1	A	40000	89623	10.377	3.301	10377	7076	0	0	0	7066	1	9	7077
5	1	B	40000	89773	10.227	2.997	10227	7230	0	0	0	7230	0	0	7231
5	2	G	40000	11	99.989	98.9975	99989	1226	32	0	0	456	246	492	779
5	2	A	40000	26	99.974	99.615	99974	359	0	0	0	4	0	355	26
5	2	B	40000	753	99.247	98.38	99247	867	32	0	0	452	246	137	753
5	2	cSpy was 11 spamed and the readout avoided!
5	3	G	40000	95914	4.086	0.053	4086	7930	0	0	0	7810	119	1	7932
5	3	A	40000	95923	4.077	0.053	4077	4024	0	0	0	3913	110	1	4025
5	3	B	40000	96041	3.959	0.053	3959	3906	0	0	0	3897	9	0	3907
5	4	G	40000	100000	0	0	0	0	0	0	0	0	0	0	2
5	4	A	40000	100000	0	0	0	0	0	0	0	0	0	0	1
5	4	B	40000	100000	0	0	0	0	0	0	0	0	0	0	1
5	5	G	40000	96527	3.473	0.479	3473	5671	0	0	0	5671	0	0	5673
5	5	A	40000	96653	3.347	0.521	3347	2826	0	0	0	2826	0	0	2827
5	5	B	40000	96718	3.282	0.437	3282	2845	0	0	0	2845	0	0	2846
5	6	G	40000	0	100	100	100000	200000	200000	200000	200000	200000	200000	200000	200002
5	6	A	40000	0	100	100	100000	100000	100000	100000	100000	100000	100000	100000	100001
5	6	B	40000	0	100	100	100000	100000	100000	100000	100000	100000	100000	100000	100001
5	7	G	40000	19019	80.981	31.5435	80981	63265	0	1	0	55555	7516	193	63175
5	7	A	40000	35110	64.89	34.687	64890	30203	0	1	0	25744	4267	191	30113
5	7	B	40000	38538	61.462	28.4	61462	33062	0	0	0	29811	3249	2	33062
5	7	cSpy was 3 spamed and the readout avoided!
6	0	G	40000	416	99.584	97.1045	99584	3159	338	2	0	1519	767	533	2620
6	0	A	40000	940	99.06	97.727	99060	1333	172	0	0	254	462	445	940
6	0	B	40000	1692	98.308	96.482	98308	1826	166	2	0	1265	305	88	1680
6	0	cSpy was 80 spamed and the readout avoided!
6	1	G	40000	11415	88.585	56.758	88585	41754	56	0	0	36883	4280	535	41436
6	1	A	40000	21166	78.834	58.804	78834	20030	36	0	0	17131	2350	513	19726
6	1	B	40000	23564	76.436	54.712	76436	21724	20	0	0	19752	1930	22	21710
6	1	cSpy was 73 spamed and the readout avoided!
6	2	G	40000	100000	0	0	0	0	0	0	0	0	0	0	2
6	2	A	40000	100000	0	0	0	0	0	0	0	0	0	0	1
6	2	B	40000	100000	0	0	0	0	0	0	0	0	0	0	1
6	3	G	40000	100000	0	0	0	0	0	0	0	0	0	0	2
6	3	A	40000	100000	0	0	0	0	0	0	0	0	0	0	1
6	3	B	40000	100000	0	0	0	0	0	0	0	0	0	0	1
6	4	G	40000	32941	67.059	47.602	67059	31818	646	0	0	30572	123	477	30965
6	4	A	40000	36243	63.757	47.865	63757	15892	311	0	0	15239	0	342	15317
6	4	B	40000	36735	63.265	47.339	63265	15926	335	0	0	15333	123	135	15648
6	4	cSpy was 6 spamed and the readout avoided!
6	5	G	40000	0	100	100	100000	200000	200000	200000	200000	200000	200000	200000	200002
6	5	A	40000	0	100	100	100000	100000	100000	100000	100000	100000	100000	100000	100001
6	5	B	40000	0	100	100	100000	100000	100000	100000	100000	100000	100000	100000	100001
6	6	G	40000	100000	0	0	0	0	0	0	0	0	0	0	2
6	6	A	40000	100000	0	0	0	0	0	0	0	0	0	0	1
6	6	B	40000	100000	0	0	0	0	0	0	0	0	0	0	1
6	7	G	40000	100000	0	0	0	0	0	0	0	0	0	0	2
6	7	A	40000	100000	0	0	0	0	0	0	0	0	0	0	1
6	7	B	40000	100000	0	0	0	0	0	0	0	0	0	0	1
7	0	G	40000	1637	98.363	58.9535	98363	5333	291	5	0	4297	124	616	4734
7	0	A	40000	1907	98.093	95.665	98093	2428	228	0	0	1558	68	574	1887
7	0	B	40000	74853	25.147	22.242	25147	2905	63	5	0	2739	56	42	2847
7	0	cSpy was 31 spamed and the readout avoided!
7	1	G	40000	100000	0	0	0	0	0	0	0	0	0	0	2
7	1	A	40000	100000	0	0	0	0	0	0	0	0	0	0	1
7	1	B	40000	100000	0	0	0	0	0	0	0	0	0	0	1
7	2	G	40000	96102	3.898	0.7605	3898	4960	0	1	0	4924	25	10	4960
7	2	A	40000	96665	3.335	0.855	3335	2480	0	1	0	2452	17	10	2479
7	2	B	40000	96854	3.146	0.666	3146	2480	0	0	0	2472	8	0	2481
7	3	G	40000	0	100	100	100000	200000	200000	200000	200000	200000	200000	200000	200002
7	3	A	40000	0	100	100	100000	100000	100000	100000	100000	100000	100000	100000	100001
7	3	B	40000	0	100	100	100000	100000	100000	100000	100000	100000	100000	100000	100001
7	4	G	40000	53534	46.466	12.615	46466	48166	0	0	0	42939	5114	113	48114
7	4	A	40000	61621	38.379	13.893	38379	24486	0	0	0	20900	3473	113	24433
7	4	B	40000	64983	35.017	11.337	35017	23680	0	0	0	22039	1641	0	23681
7	4	cSpy was 3 spamed and the readout avoided!
7	5	G	40000	100000	0	0	0	0	0	0	0	0	0	0	2
7	5	A	40000	100000	0	0	0	0	0	0	0	0	0	0	1
7	5	B	40000	100000	0	0	0	0	0	0	0	0	0	0	1
7	6	G	40000	99745	0.255001	0.0095	255	486	0	0	0	485	1	0	488
7	6	A	40000	99746	0.253999	0.011	254	243	0	0	0	242	1	0	244
7	6	B	40000	99749	0.251001	0.008	251	243	0	0	0	243	0	0	244
7	7	G	40000	60618	39.382	14.4905	39382	35477	42	53	0	34709	510	163	35372
7	7	A	40000	66943	33.057	15.041	33057	18016	42	53	0	17549	209	163	17910
7	7	B	40000	68599	31.401	13.94	31401	17461	0	0	0	17160	301	0	17462
7	7	cSpy was 6 spamed and the readout avoided!
