#the gain was set to: 2	the bias was set to: 30
#Sent triggers per delay setting: 100000	and with a frequency [Hz] of: 40000
#160MHz delay setting	400MHz delay setting	Frequency	correct transmitted H+T		error rate [%]	uncertainty [%]	bad or missed events	error count	missing headers	missing trailers	flipped H/T	event nr errors	tbm missed trigger	unknown errors	event nr resets
0	0	G	40000	386	99.614	72.0545	99614	18997	105	0	0	17976	276	640	18453
0	0	A	40000	617	99.383	98.227	99383	1156	92	0	0	197	239	628	617
0	0	B	40000	36277	63.723	45.882	63723	17841	13	0	0	17779	37	12	17836
0	0	cSpy was 24 spamed and the readout avoided!
0	1	G	40000	33086	66.914	46.936	66914	27085	136	0	0	26234	274	441	26975
0	1	A	40000	41796	58.204	46.391	58204	11813	76	0	0	11316	25	396	11727
0	1	B	40000	37247	62.753	47.481	62753	15272	60	0	0	14918	249	45	15248
0	2	G	40000	3415	96.585	84.3075	96585	15565	274	8	0	12752	2040	491	15109
0	2	A	40000	6451	93.549	87.139	93549	6410	134	0	0	4734	1114	428	6073
0	2	B	40000	9369	90.631	81.476	90631	9155	140	8	0	8018	926	63	9036
0	2	cSpy was 30 spamed and the readout avoided!
0	3	G	40000	100000	0	0	0	0	0	0	0	0	0	0	2
0	3	A	40000	100000	0	0	0	0	0	0	0	0	0	0	1
0	3	B	40000	100000	0	0	0	0	0	0	0	0	0	0	1
0	4	G	40000	100000	0	0	0	0	0	0	0	0	0	0	2
0	4	A	40000	100000	0	0	0	0	0	0	0	0	0	0	1
0	4	B	40000	100000	0	0	0	0	0	0	0	0	0	0	1
0	5	G	40000	53027	46.973	25.9505	46973	30441	12	0	0	30127	83	219	30406
0	5	A	40000	60520	39.48	25.586	39480	13894	8	0	0	13633	35	218	13859
0	5	B	40000	57138	42.862	26.315	42862	16547	4	0	0	16494	48	1	16547
0	6	G	40000	2090	97.91	90.4055	97910	9615	309	6	0	7207	1750	343	9202
0	6	A	40000	4770	95.23	90.433	95230	4797	133	0	0	3313	1096	255	4541
0	6	B	40000	4804	95.196	90.378	95196	4818	176	6	0	3894	654	88	4661
0	6	cSpy was 16 spamed and the readout avoided!
0	7	G	40000	71020	28.98	8.9555	28980	22482	5	0	0	19198	3260	19	22472
0	7	A	40000	83343	16.657	3.358	16657	13299	0	0	0	11073	2210	16	13295
0	7	B	40000	76264	23.736	14.553	23736	9183	5	0	0	8125	1050	3	9177
0	7	cSpy was 1 spamed and the readout avoided!
1	0	G	40000	261	99.739	97.663	99739	2552	161	0	0	1375	523	493	2111
1	0	A	40000	934	99.066	97.756	99066	1310	118	0	0	647	106	439	927
1	0	B	40000	1188	98.812	97.57	98812	1242	43	0	0	728	417	54	1184
1	0	cSpy was 32 spamed and the readout avoided!
1	1	G	40000	69703	30.297	10.7	30297	22947	4	0	0	19668	3254	21	22929
1	1	A	40000	81648	18.352	4.089	18352	14263	0	0	0	11828	2416	19	14249
1	1	B	40000	74005	25.995	17.311	25995	8684	4	0	0	7840	838	2	8680
1	1	cSpy was 1 spamed and the readout avoided!
1	2	G	40000	100000	0	0	0	0	0	0	0	0	0	0	2
1	2	A	40000	100000	0	0	0	0	0	0	0	0	0	0	1
1	2	B	40000	100000	0	0	0	0	0	0	0	0	0	0	1
1	3	G	40000	98449	1.551	0.185	1551	2596	0	0	0	2592	3	1	2598
1	3	A	40000	98556	1.444	0.175	1444	1269	0	0	0	1265	3	1	1270
1	3	B	40000	98478	1.522	0.195	1522	1327	0	0	0	1327	0	0	1328
1	4	G	40000	490	99.51	97.1465	99510	3040	239	0	0	1246	1242	313	2655
1	4	A	40000	1554	98.446	96.765	98446	1681	70	0	0	597	905	109	1542
1	4	B	40000	1113	98.887	97.528	98887	1359	169	0	0	649	337	204	1113
1	4	cSpy was 12 spamed and the readout avoided!
1	5	G	40000	43687	56.313	15.7795	56313	41575	15	0	0	34957	6564	39	41555
1	5	A	40000	70967	29.033	5.621	29033	23412	0	0	0	19406	3970	36	23407
1	5	B	40000	55899	44.101	25.938	44101	18163	15	0	0	15551	2594	3	18148
1	6	G	40000	100000	0	0	0	0	0	0	0	0	0	0	2
1	6	A	40000	100000	0	0	0	0	0	0	0	0	0	0	1
1	6	B	40000	100000	0	0	0	0	0	0	0	0	0	0	1
1	7	G	40000	100000	0	0	0	0	0	0	0	0	0	0	2
1	7	A	40000	100000	0	0	0	0	0	0	0	0	0	0	1
1	7	B	40000	100000	0	0	0	0	0	0	0	0	0	0	1
2	0	G	40000	2438	97.562	48.2495	97562	4125	45	1	0	3921	98	60	4050
2	0	A	40000	2485	97.515	94.99	97515	2525	45	1	0	2321	98	60	2449
2	0	B	40000	96891	3.109	1.509	3109	1600	0	0	0	1600	0	0	1601
2	1	G	40000	99420	0.580001	0.1635	580	649	0	0	0	647	2	0	651
2	1	A	40000	99536	0.463998	0.149	464	315	0	0	0	313	2	0	316
2	1	B	40000	99488	0.511998	0.178	512	334	0	0	0	334	0	0	335
2	2	G	40000	24205	75.795	52.265	75795	28219	739	13	0	25207	1510	750	27510
2	2	A	40000	37285	62.715	49.703	62715	13012	375	6	0	10644	1493	494	12611
2	2	B	40000	29966	70.034	54.827	70034	15207	364	7	0	14563	17	256	14899
2	3	G	40000	4933	95.067	76.029	95067	23010	131	8	0	19036	3622	213	22807
2	3	A	40000	15159	84.841	70.738	84841	14103	26	0	0	11654	2296	127	14009
2	3	B	40000	9773	90.227	81.32	90227	8907	105	8	0	7382	1326	86	8798
2	3	cSpy was 30 spamed and the readout avoided!
2	4	G	40000	99748	0.252002	0.069	252	366	0	0	0	366	0	0	368
2	4	A	40000	99748	0.252002	0.069	252	183	0	0	0	183	0	0	184
2	4	B	40000	99748	0.252002	0.069	252	183	0	0	0	183	0	0	184
2	5	G	40000	100000	0	0	0	0	0	0	0	0	0	0	2
2	5	A	40000	100000	0	0	0	0	0	0	0	0	0	0	1
2	5	B	40000	100000	0	0	0	0	0	0	0	0	0	0	1
2	6	G	40000	46102	53.898	30.326	53898	27476	32	0	0	25988	1201	255	27425
2	6	A	40000	58735	41.265	28.092	41265	13173	20	0	0	11809	1095	249	13128
2	6	B	40000	53137	46.863	32.56	46863	14303	12	0	0	14179	106	6	14297
2	7	G	40000	0	100	100	100000	200000	200000	200000	200000	200000	200000	200000	200002
2	7	A	40000	0	100	100	100000	100000	100000	100000	100000	100000	100000	100000	100001
2	7	B	40000	0	100	100	100000	100000	100000	100000	100000	100000	100000	100000	100001
3	0	G	40000	1087	98.913	67.3105	98913	19004	244	1	0	17744	379	636	18462
3	0	A	40000	1588	98.412	96.311	98412	2101	212	0	0	1224	35	630	1575
3	0	B	40000	44787	55.213	38.31	55213	16903	32	1	0	16520	344	6	16887
3	0	cSpy was 11 spamed and the readout avoided!
3	1	G	40000	0	100	100	100000	200000	200000	200000	200000	200000	200000	200000	200002
3	1	A	40000	0	100	100	100000	100000	100000	100000	100000	100000	100000	100000	100001
3	1	B	40000	0	100	100	100000	100000	100000	100000	100000	100000	100000	100000	100001
3	2	G	40000	77294	22.706	21.3505	22706	2489	32	0	0	2255	87	115	2390
3	2	A	40000	77294	22.706	21.585	22706	1121	0	0	0	1086	3	32	1091
3	2	B	40000	77516	22.484	21.116	22484	1368	32	0	0	1169	84	83	1299
3	2	cSpy was 48 spamed and the readout avoided!
3	3	G	40000	100000	0	0	0	0	0	0	0	0	0	0	2
3	3	A	40000	100000	0	0	0	0	0	0	0	0	0	0	1
3	3	B	40000	100000	0	0	0	0	0	0	0	0	0	0	1
3	4	G	40000	92470	7.53	1.898	7530	9986	0	0	0	9973	12	1	9988
3	4	A	40000	93166	6.834	1.811	6834	5023	0	0	0	5014	8	1	5024
3	4	B	40000	93052	6.948	1.985	6948	4963	0	0	0	4959	4	0	4964
3	5	G	40000	0	100	100	100000	200000	200000	200000	200000	200000	200000	200000	200002
3	5	A	40000	0	100	100	100000	100000	100000	100000	100000	100000	100000	100000	100001
3	5	B	40000	0	100	100	100000	100000	100000	100000	100000	100000	100000	100000	100001
3	6	G	40000	42087	57.913	32.441	57913	35787	86	6	0	32504	3011	180	35609
3	6	A	40000	49147	50.853	32.796	50853	18057	4	0	0	15729	2223	101	17986
3	6	B	40000	50184	49.816	32.086	49816	17730	82	6	0	16775	788	79	17623
3	6	cSpy was 70 spamed and the readout avoided!
3	7	G	40000	100000	0	0	0	0	0	0	0	0	0	0	2
3	7	A	40000	100000	0	0	0	0	0	0	0	0	0	0	1
3	7	B	40000	100000	0	0	0	0	0	0	0	0	0	0	1
4	0	G	40000	811	99.189	75.788	99189	17926	170	1	0	15199	2310	246	17661
4	0	A	40000	1366	98.634	97.083	98634	1551	73	0	0	907	364	207	1364
4	0	B	40000	29132	70.868	54.493	70868	16375	97	1	0	14292	1946	39	16297
4	0	cSpy was 18 spamed and the readout avoided!
4	1	G	40000	100000	0	0	0	0	0	0	0	0	0	0	2
4	1	A	40000	100000	0	0	0	0	0	0	0	0	0	0	1
4	1	B	40000	100000	0	0	0	0	0	0	0	0	0	0	1
4	2	G	40000	100000	0	0	0	0	0	0	0	0	0	0	2
4	2	A	40000	100000	0	0	0	0	0	0	0	0	0	0	1
4	2	B	40000	100000	0	0	0	0	0	0	0	0	0	0	1
4	3	G	40000	25986	74.014	52.472	74014	34858	648	0	0	33581	130	499	33979
4	3	A	40000	29882	70.118	52.723	70118	17395	311	0	0	16729	3	352	16820
4	3	B	40000	30316	69.684	52.221	69684	17463	337	0	0	16852	127	147	17159
4	3	cSpy was 6 spamed and the readout avoided!
4	4	G	40000	3047	96.953	87.6625	96953	12419	347	28	0	10669	882	496	11929
4	4	A	40000	5837	94.163	88.126	94163	6037	187	17	0	5021	410	404	5696
4	4	B	40000	6419	93.581	87.199	93581	6382	160	11	0	5648	472	92	6233
4	4	cSpy was 47 spamed and the readout avoided!
4	5	G	40000	100000	0	0	0	0	0	0	0	0	0	0	2
4	5	A	40000	100000	0	0	0	0	0	0	0	0	0	0	1
4	5	B	40000	100000	0	0	0	0	0	0	0	0	0	0	1
4	6	G	40000	100000	0	0	0	0	0	0	0	0	0	0	2
4	6	A	40000	100000	0	0	0	0	0	0	0	0	0	0	1
4	6	B	40000	100000	0	0	0	0	0	0	0	0	0	0	1
4	7	G	40000	37898	62.102	40.361	62102	33879	194	0	0	33497	4	184	33672
4	7	A	40000	42680	57.32	40.448	57320	16872	92	0	0	16625	3	152	16722
4	7	B	40000	42719	57.281	40.274	57281	17007	102	0	0	16872	1	32	16950
4	7	cSpy was 3 spamed and the readout avoided!
5	0	G	40000	546	99.454	56.85	99454	14692	144	0	0	13629	102	817	14180
5	0	A	40000	637	99.363	98.213	99363	1150	144	0	0	95	95	816	637
5	0	B	40000	70971	29.029	15.487	29029	13542	0	0	0	13534	7	1	13543
5	0	cSpy was 54 spamed and the readout avoided!
5	1	G	40000	73293	26.707	10.887	26707	24782	12	1	0	24726	7	36	24775
5	1	A	40000	76669	23.331	11.106	23331	12225	6	1	0	12175	7	36	12218
5	1	B	40000	76775	23.225	10.668	23225	12557	6	0	0	12551	0	0	12557
5	1	cSpy was 2 spamed and the readout avoided!
5	2	G	40000	9	99.991	99.013	99991	1159	38	0	0	409	324	388	814
5	2	A	40000	22	99.978	99.719	99978	259	0	0	0	3	2	254	22
5	2	B	40000	793	99.207	98.307	99207	900	38	0	0	406	322	134	792
5	2	cSpy was 23 spamed and the readout avoided!
5	3	G	40000	95695	4.305	0.051	4305	8336	0	0	0	8185	151	0	8338
5	3	A	40000	95699	4.301	0.051	4301	4250	0	0	0	4103	147	0	4251
5	3	B	40000	95863	4.137	0.051	4137	4086	0	0	0	4082	4	0	4087
5	4	G	40000	100000	0	0	0	0	0	0	0	0	0	0	2
5	4	A	40000	100000	0	0	0	0	0	0	0	0	0	0	1
5	4	B	40000	100000	0	0	0	0	0	0	0	0	0	0	1
5	5	G	40000	97664	2.336	0.259	2336	3922	0	0	0	3921	0	1	3924
5	5	A	40000	97748	2.252	0.295	2252	1957	0	0	0	1956	0	1	1958
5	5	B	40000	97812	2.188	0.223	2188	1965	0	0	0	1965	0	0	1966
5	6	G	40000	45	99.955	98.134	99955	2018	151	1	0	862	672	332	1700
5	6	A	40000	116	99.884	99.62	99884	264	7	0	0	63	8	186	115
5	6	B	40000	1598	98.402	96.648	98402	1754	144	1	0	799	664	146	1585
5	6	cSpy was 60 spamed and the readout avoided!
5	7	G	40000	19761	80.239	29.342	80239	65654	0	0	0	57821	7636	197	65565
5	7	A	40000	35993	64.007	32.687	64007	31320	0	0	0	26727	4398	195	31231
5	7	B	40000	39669	60.331	25.997	60331	34334	0	0	0	31094	3238	2	34334
5	7	cSpy was 7 spamed and the readout avoided!
6	0	G	40000	419	99.581	97.05	99581	3231	363	2	0	1507	825	534	2657
6	0	A	40000	955	99.045	97.652	99045	1393	193	0	0	266	482	452	955
6	0	B	40000	1714	98.286	96.448	98286	1838	170	2	0	1241	343	82	1702
6	0	cSpy was 96 spamed and the readout avoided!
6	1	G	40000	0	100	100	100000	200000	200000	200000	200000	200000	200000	200000	200002
6	1	A	40000	0	100	100	100000	100000	100000	100000	100000	100000	100000	100000	100001
6	1	B	40000	0	100	100	100000	100000	100000	100000	100000	100000	100000	100000	100001
6	2	G	40000	100000	0	0	0	0	0	0	0	0	0	0	2
6	2	A	40000	100000	0	0	0	0	0	0	0	0	0	0	1
6	2	B	40000	100000	0	0	0	0	0	0	0	0	0	0	1
6	3	G	40000	99994	0.00600219	0	6	12	0	0	0	12	0	0	14
6	3	A	40000	99994	0.00600219	0	6	6	0	0	0	6	0	0	7
6	3	B	40000	99994	0.00600219	0	6	6	0	0	0	6	0	0	7
6	4	G	40000	27784	72.216	50.436	72216	34623	624	1	0	33410	112	476	33809
6	4	A	40000	32033	67.967	50.704	67967	17263	301	1	0	16616	2	343	16721
6	4	B	40000	32472	67.528	50.168	67528	17360	323	0	0	16794	110	133	17088
6	4	cSpy was 5 spamed and the readout avoided!
6	5	G	40000	752	99.248	95.8725	99248	4278	186	3	1	3313	214	561	3885
6	5	A	40000	1744	98.256	96.299	98256	1957	34	0	0	1399	85	439	1712
6	5	B	40000	2233	97.767	95.446	97767	2321	152	3	1	1914	129	122	2173
6	5	cSpy was 96 spamed and the readout avoided!
6	6	G	40000	100000	0	0	0	0	0	0	0	0	0	0	2
6	6	A	40000	100000	0	0	0	0	0	0	0	0	0	0	1
6	6	B	40000	100000	0	0	0	0	0	0	0	0	0	0	1
6	7	G	40000	100000	0	0	0	0	0	0	0	0	0	0	2
6	7	A	40000	100000	0	0	0	0	0	0	0	0	0	0	1
6	7	B	40000	100000	0	0	0	0	0	0	0	0	0	0	1
7	0	G	40000	1983	98.017	48.0335	98017	3570	221	0	0	2690	84	575	3068
7	0	A	40000	2004	97.996	95.504	97996	2492	221	0	0	1612	84	575	1989
7	0	B	40000	98359	1.641	0.563	1641	1078	0	0	0	1078	0	0	1079
7	0	cSpy was 2 spamed and the readout avoided!
7	1	G	40000	100000	0	0	0	0	0	0	0	0	0	0	2
7	1	A	40000	100000	0	0	0	0	0	0	0	0	0	0	1
7	1	B	40000	100000	0	0	0	0	0	0	0	0	0	0	1
7	2	G	40000	98999	1.001	0.071	1001	1807	0	0	0	1799	8	0	1809
7	2	A	40000	99013	0.986999	0.084	987	903	0	0	0	896	7	0	904
7	2	B	40000	99038	0.962001	0.058	962	904	0	0	0	903	1	0	905
7	3	G	40000	0	100	100	100000	200000	200000	200000	200000	200000	200000	200000	200002
7	3	A	40000	0	100	100	100000	100000	100000	100000	100000	100000	100000	100000	100001
7	3	B	40000	0	100	100	100000	100000	100000	100000	100000	100000	100000	100000	100001
7	4	G	40000	51050	48.95	26.91	48950	34096	44	2	0	30674	3239	137	34000
7	4	A	40000	54310	45.69	27.362	45690	18328	1	0	0	15688	2542	97	18287
7	4	B	40000	57774	42.226	26.458	42226	15768	43	2	0	14986	697	40	15713
7	4	cSpy was 9 spamed and the readout avoided!
7	5	G	40000	100000	0	0	0	0	0	0	0	0	0	0	2
7	5	A	40000	100000	0	0	0	0	0	0	0	0	0	0	1
7	5	B	40000	100000	0	0	0	0	0	0	0	0	0	0	1
7	6	G	40000	99999	0.00100136	0	1	2	0	0	0	2	0	0	4
7	6	A	40000	99999	0.00100136	0	1	1	0	0	0	1	0	0	2
7	6	B	40000	99999	0.00100136	0	1	1	0	0	0	1	0	0	2
7	7	G	40000	61440	38.56	14.305	38560	34630	53	86	0	33861	495	135	34541
7	7	A	40000	67468	32.532	14.895	32532	17637	53	86	0	17168	196	134	17547
7	7	B	40000	69292	30.708	13.715	30708	16993	0	0	0	16693	299	1	16994
7	7	cSpy was 7 spamed and the readout avoided!
