#the gain was set to: 2	the bias was set to: 30
#Sent triggers per delay setting: 100000	and with a frequency [Hz] of: 40000
#160MHz delay setting	400MHz delay setting	Frequency	correct transmitted H+T		error rate [%]	uncertainty [%]	bad or missed events	error count	missing headers	missing trailers	flipped H/T	event nr errors	tbm missed trigger	unknown errors	event nr resets
0	0	G	40000	429	99.571	72.7845	99571	18909	120	0	0	17901	274	614	18389
0	0	A	40000	642	99.358	98.213	99358	1145	94	0	0	206	243	602	642
0	0	B	40000	34880	65.12	47.356	65120	17764	26	0	0	17695	31	12	17747
0	0	cSpy was 32 spamed and the readout avoided!
0	1	G	40000	29467	70.533	51.3505	70533	25511	242	0	0	24338	402	529	25318
0	1	A	40000	38296	61.704	50.782	61704	10922	130	0	0	10338	5	449	10786
0	1	B	40000	33492	66.508	51.919	66508	14589	112	0	0	14000	397	80	14532
0	2	G	40000	2506	97.494	87.758	97494	12164	219	6	0	9662	1773	504	11712
0	2	A	40000	5859	94.141	88.386	94141	5755	80	1	0	4246	1115	313	5504
0	2	B	40000	6461	93.539	87.13	93539	6409	139	5	0	5416	658	191	6208
0	2	cSpy was 55 spamed and the readout avoided!
0	3	G	40000	100000	0	0	0	0	0	0	0	0	0	0	2
0	3	A	40000	100000	0	0	0	0	0	0	0	0	0	0	1
0	3	B	40000	100000	0	0	0	0	0	0	0	0	0	0	1
0	4	G	40000	99999	0.00100136	0	1	2	0	0	0	2	0	0	4
0	4	A	40000	99999	0.00100136	0	1	1	0	0	0	1	0	0	2
0	4	B	40000	99999	0.00100136	0	1	1	0	0	0	1	0	0	2
0	5	G	40000	59723	40.277	21.4985	40277	27554	9	0	0	27309	70	166	27527
0	5	A	40000	66142	33.858	21.177	33858	12681	7	0	0	12479	30	165	12656
0	5	B	40000	63307	36.693	21.82	36693	14873	2	0	0	14830	40	1	14871
0	6	G	40000	0	100	100	100000	200000	200000	200000	200000	200000	200000	200000	200002
0	6	A	40000	0	100	100	100000	100000	100000	100000	100000	100000	100000	100000	100001
0	6	B	40000	0	100	100	100000	100000	100000	100000	100000	100000	100000	100000	100001
0	7	G	40000	97261	2.739	0.285	2739	4442	0	0	0	4373	69	0	4444
0	7	A	40000	97563	2.437	0.223	2437	2214	0	0	0	2195	19	0	2215
0	7	B	40000	97425	2.575	0.347	2575	2228	0	0	0	2178	50	0	2229
1	0	G	40000	256	99.744	98.0315	99744	2201	169	0	0	1327	170	535	1732
1	0	A	40000	1023	98.977	97.559	98977	1418	139	0	0	702	120	457	1020
1	0	B	40000	713	99.287	98.504	99287	783	30	0	0	625	50	78	712
1	0	cSpy was 24 spamed and the readout avoided!
1	1	G	40000	96319	3.681	0.6045	3681	5287	0	0	0	5204	83	0	5289
1	1	A	40000	96878	3.122	0.496	3122	2626	0	0	0	2592	34	0	2627
1	1	B	40000	96626	3.374	0.713	3374	2661	0	0	0	2612	49	0	2662
1	2	G	40000	100000	0	0	0	0	0	0	0	0	0	0	2
1	2	A	40000	100000	0	0	0	0	0	0	0	0	0	0	1
1	2	B	40000	100000	0	0	0	0	0	0	0	0	0	0	1
1	3	G	40000	98172	1.828	0.245	1828	2916	0	0	0	2909	5	2	2918
1	3	A	40000	98347	1.653	0.215	1653	1438	0	0	0	1435	1	2	1439
1	3	B	40000	98247	1.753	0.275	1753	1478	0	0	0	1474	4	0	1479
1	4	G	40000	389	99.611	97.2515	99611	2905	202	0	0	1183	1235	285	2586
1	4	A	40000	1373	98.627	97.125	98627	1502	55	0	0	408	908	131	1367
1	4	B	40000	1219	98.781	97.378	98781	1403	147	0	0	775	327	154	1219
1	4	cSpy was 7 spamed and the readout avoided!
1	5	G	40000	31482	68.518	29.3935	68518	42293	45	2	0	36427	5784	35	42254
1	5	A	40000	56060	43.94	18.954	43940	24986	2	0	0	21035	3937	12	24981
1	5	B	40000	42860	57.14	39.833	57140	17307	43	2	0	15392	1847	23	17273
1	5	cSpy was 1 spamed and the readout avoided!
1	6	G	40000	100000	0	0	0	0	0	0	0	0	0	0	2
1	6	A	40000	100000	0	0	0	0	0	0	0	0	0	0	1
1	6	B	40000	100000	0	0	0	0	0	0	0	0	0	0	1
1	7	G	40000	99987	0.0129998	0	13	26	0	0	0	26	0	0	28
1	7	A	40000	99987	0.0129998	0	13	13	0	0	0	13	0	0	14
1	7	B	40000	99987	0.0129998	0	13	13	0	0	0	13	0	0	14
2	0	G	40000	2208	97.792	48.6085	97792	4138	34	0	0	3912	118	74	4064
2	0	A	40000	2248	97.752	95.467	97752	2285	34	0	0	2059	118	74	2210
2	0	B	40000	96397	3.603	1.75	3603	1853	0	0	0	1853	0	0	1854
2	1	G	40000	100000	0	0	0	0	0	0	0	0	0	0	2
2	1	A	40000	100000	0	0	0	0	0	0	0	0	0	0	1
2	1	B	40000	100000	0	0	0	0	0	0	0	0	0	0	1
2	2	G	40000	29138	70.862	49.612	70862	25661	637	0	0	23124	1252	648	25147
2	2	A	40000	40956	59.044	47.71	59044	11334	352	0	0	9793	729	460	10996
2	2	B	40000	34159	65.841	51.514	65841	14327	285	0	0	13331	523	188	14151
2	3	G	40000	6106	93.894	68.6	93894	30621	58	1	0	26997	3413	152	30504
2	3	A	40000	20562	79.438	59.658	79438	19780	6	0	0	17167	2484	123	19708
2	3	B	40000	11617	88.383	77.542	88383	10841	52	1	0	9830	929	29	10796
2	3	cSpy was 3 spamed and the readout avoided!
2	4	G	40000	100000	0	0	0	0	0	0	0	0	0	0	2
2	4	A	40000	100000	0	0	0	0	0	0	0	0	0	0	1
2	4	B	40000	100000	0	0	0	0	0	0	0	0	0	0	1
2	5	G	40000	99881	0.119001	0.0225	119	182	0	0	0	182	0	0	184
2	5	A	40000	99889	0.111002	0.021	111	90	0	0	0	90	0	0	91
2	5	B	40000	99884	0.116003	0.024	116	92	0	0	0	92	0	0	93
2	6	G	40000	39872	60.128	34.26	60128	30735	34	1	0	29693	721	286	30704
2	6	A	40000	53543	46.457	32.515	46457	13942	23	1	0	13023	616	279	13912
2	6	B	40000	47202	52.798	36.005	52798	16793	11	0	0	16670	105	7	16792
2	6	cSpy was 1 spamed and the readout avoided!
2	7	G	40000	0	100	100	100000	200000	200000	200000	200000	200000	200000	200000	200002
2	7	A	40000	0	100	100	100000	100000	100000	100000	100000	100000	100000	100000	100001
2	7	B	40000	0	100	100	100000	100000	100000	100000	100000	100000	100000	100000	100001
3	0	G	40000	1215	98.785	64.41	98785	17525	244	0	0	16328	311	642	16984
3	0	A	40000	1665	98.335	96.186	98335	2149	204	0	0	1309	37	599	1647
3	0	B	40000	51990	48.01	32.634	48010	15376	40	0	0	15019	274	43	15337
3	0	cSpy was 22 spamed and the readout avoided!
3	1	G	40000	0	100	100	100000	200000	200000	200000	200000	200000	200000	200000	200002
3	1	A	40000	0	100	100	100000	100000	100000	100000	100000	100000	100000	100000	100001
3	1	B	40000	0	100	100	100000	100000	100000	100000	100000	100000	100000	100000	100001
3	2	G	40000	98395	1.605	0.019	1605	3171	0	0	0	3171	0	0	3173
3	2	A	40000	98395	1.605	0.019	1605	1586	0	0	0	1586	0	0	1587
3	2	B	40000	98396	1.604	0.019	1604	1585	0	0	0	1585	0	0	1586
3	3	G	40000	100000	0	0	0	0	0	0	0	0	0	0	2
3	3	A	40000	100000	0	0	0	0	0	0	0	0	0	0	1
3	3	B	40000	100000	0	0	0	0	0	0	0	0	0	0	1
3	4	G	40000	86449	13.551	9.316	13551	6481	101	0	0	6278	20	82	6341
3	4	A	40000	87388	12.612	9.319	12612	3293	49	0	0	3189	1	54	3207
3	4	B	40000	87499	12.501	9.313	12501	3188	52	0	0	3089	19	28	3134
3	5	G	40000	0	100	100	100000	200000	200000	200000	200000	200000	200000	200000	200002
3	5	A	40000	0	100	100	100000	100000	100000	100000	100000	100000	100000	100000	100001
3	5	B	40000	0	100	100	100000	100000	100000	100000	100000	100000	100000	100000	100001
3	6	G	40000	40070	59.93	19.1125	59930	54715	13	5	0	49652	4954	91	54667
3	6	A	40000	53324	46.676	19.04	46676	27636	7	0	0	23888	3654	87	27595
3	6	B	40000	53736	46.264	19.185	46264	27079	6	5	0	25764	1300	4	27072
3	6	cSpy was 14 spamed and the readout avoided!
3	7	G	40000	100000	0	0	0	0	0	0	0	0	0	0	2
3	7	A	40000	100000	0	0	0	0	0	0	0	0	0	0	1
3	7	B	40000	100000	0	0	0	0	0	0	0	0	0	0	1
4	0	G	40000	845	99.155	75.25	99155	18277	166	2	0	15647	2211	251	18030
4	0	A	40000	1439	98.561	96.96	98561	1601	66	0	0	961	374	200	1436
4	0	B	40000	29784	70.216	53.54	70216	16676	100	2	0	14686	1837	51	16594
4	0	cSpy was 14 spamed and the readout avoided!
4	1	G	40000	100000	0	0	0	0	0	0	0	0	0	0	2
4	1	A	40000	100000	0	0	0	0	0	0	0	0	0	0	1
4	1	B	40000	100000	0	0	0	0	0	0	0	0	0	0	1
4	2	G	40000	100000	0	0	0	0	0	0	0	0	0	0	2
4	2	A	40000	100000	0	0	0	0	0	0	0	0	0	0	1
4	2	B	40000	100000	0	0	0	0	0	0	0	0	0	0	1
4	3	G	40000	29972	70.028	50.086	70028	32612	666	0	0	31316	134	496	31727
4	3	A	40000	33359	66.641	50.343	66641	16298	321	0	0	15625	0	352	15707
4	3	B	40000	33857	66.143	49.829	66143	16314	345	0	0	15691	134	144	16020
4	3	cSpy was 6 spamed and the readout avoided!
4	4	G	40000	3174	96.826	86.8335	96826	13223	336	25	0	11362	971	529	12700
4	4	A	40000	6253	93.747	87.283	93747	6464	173	17	0	5393	453	428	6090
4	4	B	40000	6857	93.143	86.384	93143	6759	163	8	0	5969	518	101	6610
4	4	cSpy was 53 spamed and the readout avoided!
4	5	G	40000	100000	0	0	0	0	0	0	0	0	0	0	2
4	5	A	40000	100000	0	0	0	0	0	0	0	0	0	0	1
4	5	B	40000	100000	0	0	0	0	0	0	0	0	0	0	1
4	6	G	40000	100000	0	0	0	0	0	0	0	0	0	0	2
4	6	A	40000	100000	0	0	0	0	0	0	0	0	0	0	1
4	6	B	40000	100000	0	0	0	0	0	0	0	0	0	0	1
4	7	G	40000	36759	63.241	41.188	63241	34496	189	1	0	34116	5	185	34291
4	7	A	40000	41529	58.471	41.288	58471	17183	92	1	0	16935	4	151	17032
4	7	B	40000	41599	58.401	41.088	58401	17313	97	0	0	17181	1	34	17259
4	7	cSpy was 7 spamed and the readout avoided!
5	0	G	40000	509	99.491	57.096	99491	15005	145	0	0	13921	100	839	14456
5	0	A	40000	609	99.391	98.232	99391	1159	145	0	0	82	93	839	609
5	0	B	40000	70194	29.806	15.96	29806	13846	0	0	0	13839	7	0	13847
5	0	cSpy was 49 spamed and the readout avoided!
5	1	G	40000	65922	34.078	14.989	34078	29428	21	0	0	29354	5	48	29407
5	1	A	40000	70284	29.716	15.212	29716	14504	11	0	0	14444	5	44	14486
5	1	B	40000	70310	29.69	14.766	29690	14924	10	0	0	14910	0	4	14921
5	1	cSpy was 1 spamed and the readout avoided!
5	2	G	40000	6	99.994	98.904	99994	1289	53	0	0	456	351	429	903
5	2	A	40000	23	99.977	99.661	99977	316	0	0	0	2	2	312	23
5	2	B	40000	880	99.12	98.147	99120	973	53	0	0	454	349	117	880
5	2	cSpy was 20 spamed and the readout avoided!
5	3	G	40000	95547	4.453	0.073	4453	8593	0	0	0	8448	144	1	8595
5	3	A	40000	95552	4.448	0.073	4448	4375	0	0	0	4235	139	1	4376
5	3	B	40000	95709	4.291	0.073	4291	4218	0	0	0	4213	5	0	4219
5	4	G	40000	100000	0	0	0	0	0	0	0	0	0	0	2
5	4	A	40000	100000	0	0	0	0	0	0	0	0	0	0	1
5	4	B	40000	100000	0	0	0	0	0	0	0	0	0	0	1
5	5	G	40000	96324	3.676	1	3676	4793	0	0	0	4791	1	1	4795
5	5	A	40000	96579	3.421	1.035	3421	2386	0	0	0	2384	1	1	2387
5	5	B	40000	96628	3.372	0.965	3372	2407	0	0	0	2407	0	0	2408
5	6	G	40000	0	100	100	100000	200000	200000	200000	200000	200000	200000	200000	200002
5	6	A	40000	0	100	100	100000	100000	100000	100000	100000	100000	100000	100000	100001
5	6	B	40000	0	100	100	100000	100000	100000	100000	100000	100000	100000	100000	100001
5	7	G	40000	20000	80	26.86	80000	68183	0	0	0	60033	7929	221	68087
5	7	A	40000	37159	62.841	30.401	62841	32440	0	0	0	27687	4534	219	32344
5	7	B	40000	40938	59.062	23.319	59062	35743	0	0	0	32346	3395	2	35743
5	7	cSpy was 4 spamed and the readout avoided!
6	0	G	40000	460	99.54	96.834	99540	3448	345	2	0	1623	905	573	2872
6	0	A	40000	1079	98.921	97.409	98921	1512	187	0	0	271	572	482	1079
6	0	B	40000	1805	98.195	96.259	98195	1936	158	2	0	1352	333	91	1793
6	0	cSpy was 88 spamed and the readout avoided!
6	1	G	40000	7538	92.462	69.649	92462	29869	32	3	0	26906	2412	516	29598
6	1	A	40000	14537	85.463	71.157	85463	14306	5	0	0	12686	1123	492	14069
6	1	B	40000	16296	83.704	68.141	83704	15563	27	3	0	14220	1289	24	15529
6	1	cSpy was 8 spamed and the readout avoided!
6	2	G	40000	100000	0	0	0	0	0	0	0	0	0	0	2
6	2	A	40000	100000	0	0	0	0	0	0	0	0	0	0	1
6	2	B	40000	100000	0	0	0	0	0	0	0	0	0	0	1
6	3	G	40000	100000	0	0	0	0	0	0	0	0	0	0	2
6	3	A	40000	100000	0	0	0	0	0	0	0	0	0	0	1
6	3	B	40000	100000	0	0	0	0	0	0	0	0	0	0	1
6	4	G	40000	20492	79.508	58.64	79508	34275	789	0	0	32727	173	586	33218
6	4	A	40000	23935	76.065	58.921	76065	17144	380	0	0	16353	0	411	16443
6	4	B	40000	24510	75.49	58.359	75490	17131	409	0	0	16374	173	175	16775
6	4	cSpy was 8 spamed and the readout avoided!
6	5	G	40000	0	100	100	100000	200000	200000	200000	200000	200000	200000	200000	200002
6	5	A	40000	0	100	100	100000	100000	100000	100000	100000	100000	100000	100000	100001
6	5	B	40000	0	100	100	100000	100000	100000	100000	100000	100000	100000	100000	100001
6	6	G	40000	89443	10.557	2.4465	10557	12519	0	0	0	11307	1188	24	12511
6	6	A	40000	90744	9.256	2.494	9256	6762	0	0	0	5788	950	24	6753
6	6	B	40000	91844	8.156	2.399	8156	5757	0	0	0	5519	238	0	5758
6	7	G	40000	100000	0	0	0	0	0	0	0	0	0	0	2
6	7	A	40000	100000	0	0	0	0	0	0	0	0	0	0	1
6	7	B	40000	100000	0	0	0	0	0	0	0	0	0	0	1
7	0	G	40000	1952	98.048	48.058	98048	3497	219	0	0	2639	73	566	3008
7	0	A	40000	1969	98.031	95.59	98031	2441	219	0	0	1583	73	566	1951
7	0	B	40000	98418	1.582	0.526	1582	1056	0	0	0	1056	0	0	1057
7	0	cSpy was 2 spamed and the readout avoided!
7	1	G	40000	100000	0	0	0	0	0	0	0	0	0	0	2
7	1	A	40000	100000	0	0	0	0	0	0	0	0	0	0	1
7	1	B	40000	100000	0	0	0	0	0	0	0	0	0	0	1
7	2	G	40000	98897	1.103	0.0615	1103	2035	0	0	0	2026	8	1	2037
7	2	A	40000	98911	1.089	0.072	1089	1017	0	0	0	1008	8	1	1018
7	2	B	40000	98931	1.069	0.051	1069	1018	0	0	0	1018	0	0	1019
7	3	G	40000	0	100	100	100000	200000	200000	200000	200000	200000	200000	200000	200002
7	3	A	40000	0	100	100	100000	100000	100000	100000	100000	100000	100000	100000	100001
7	3	B	40000	0	100	100	100000	100000	100000	100000	100000	100000	100000	100000	100001
7	4	G	40000	53266	46.734	26.0955	46734	32829	52	1	0	29475	3165	136	32724
7	4	A	40000	55751	44.249	26.559	44249	17690	0	0	0	15072	2518	100	17639
7	4	B	40000	59229	40.771	25.632	40771	15139	52	1	0	14403	647	36	15085
7	4	cSpy was 13 spamed and the readout avoided!
7	5	G	40000	100000	0	0	0	0	0	0	0	0	0	0	2
7	5	A	40000	100000	0	0	0	0	0	0	0	0	0	0	1
7	5	B	40000	100000	0	0	0	0	0	0	0	0	0	0	1
7	6	G	40000	99999	0.00100136	0	1	2	0	0	0	2	0	0	4
7	6	A	40000	99999	0.00100136	0	1	1	0	0	0	1	0	0	2
7	6	B	40000	99999	0.00100136	0	1	1	0	0	0	1	0	0	2
7	7	G	40000	59621	40.379	14.935	40379	36228	44	65	0	35428	501	190	36109
7	7	A	40000	66063	33.937	15.498	33937	18439	44	65	0	17942	198	190	18319
7	7	B	40000	67839	32.161	14.372	32161	17789	0	0	0	17486	303	0	17790
7	7	cSpy was 7 spamed and the readout avoided!
