#the gain was set to: 2	the bias was set to: 30
#Sent triggers per delay setting: 100000	and with a frequency [Hz] of: 40000
#160MHz delay setting	400MHz delay setting	Frequency	correct transmitted H+T		error rate [%]	uncertainty [%]	bad or missed events	error count	missing headers	missing trailers	flipped H/T	event nr errors	tbm missed trigger	unknown errors	event nr resets
0	0	G	40000	419	99.581	72.2835	99581	19045	115	0	0	18012	302	616	18522
0	0	A	40000	626	99.374	98.234	99374	1140	97	0	0	179	262	602	626
0	0	B	40000	35762	64.238	46.333	64238	17905	18	0	0	17833	40	14	17896
0	0	cSpy was 39 spamed and the readout avoided!
0	1	G	40000	34010	65.99	44.8655	65990	27457	146	1	0	26769	57	484	27300
0	1	A	40000	43681	56.319	44.203	56319	12116	76	0	0	11599	28	413	12009
0	1	B	40000	39131	60.869	45.528	60869	15341	70	1	0	15170	29	71	15291
0	2	G	40000	3772	96.228	80.6105	96228	19252	128	2	0	15997	2648	477	18922
0	2	A	40000	7362	92.638	85.321	92638	7317	88	0	0	5570	1199	460	7014
0	2	B	40000	12165	87.835	75.9	87835	11935	40	2	0	10427	1449	17	11908
0	2	cSpy was 4 spamed and the readout avoided!
0	3	G	40000	100000	0	0	0	0	0	0	0	0	0	0	2
0	3	A	40000	100000	0	0	0	0	0	0	0	0	0	0	1
0	3	B	40000	100000	0	0	0	0	0	0	0	0	0	0	1
0	4	G	40000	99999	0.00100136	0	1	2	0	0	0	2	0	0	4
0	4	A	40000	99999	0.00100136	0	1	1	0	0	0	1	0	0	2
0	4	B	40000	99999	0.00100136	0	1	1	0	0	0	1	0	0	2
0	5	G	40000	64898	35.102	18.4735	35102	23689	2	0	0	23453	69	165	23666
0	5	A	40000	70829	29.171	18.128	29171	11043	2	0	0	10844	34	163	11019
0	5	B	40000	68535	31.465	18.819	31465	12646	0	0	0	12609	35	2	12647
0	6	G	40000	0	100	100	100000	200000	200000	200000	200000	200000	200000	200000	200002
0	6	A	40000	0	100	100	100000	100000	100000	100000	100000	100000	100000	100000	100001
0	6	B	40000	0	100	100	100000	100000	100000	100000	100000	100000	100000	100000	100001
0	7	G	40000	96844	3.156	0.527	3156	4642	0	0	0	4581	61	0	4644
0	7	A	40000	97243	2.757	0.446	2757	2311	0	0	0	2291	20	0	2312
0	7	B	40000	97061	2.939	0.608	2939	2331	0	0	0	2290	41	0	2332
1	0	G	40000	256	99.744	98.105	99744	2109	167	0	0	1278	161	503	1677
1	0	A	40000	992	99.008	97.639	99008	1369	146	0	0	678	101	444	988
1	0	B	40000	689	99.311	98.571	99311	740	21	0	0	600	60	59	689
1	0	cSpy was 27 spamed and the readout avoided!
1	1	G	40000	96593	3.407	0.3545	3407	5246	0	0	0	5129	116	1	5248
1	1	A	40000	97140	2.86	0.243	2860	2617	0	0	0	2572	44	1	2618
1	1	B	40000	96905	3.095	0.466	3095	2629	0	0	0	2557	72	0	2630
1	2	G	40000	100000	0	0	0	0	0	0	0	0	0	0	2
1	2	A	40000	100000	0	0	0	0	0	0	0	0	0	0	1
1	2	B	40000	100000	0	0	0	0	0	0	0	0	0	0	1
1	3	G	40000	98889	1.111	0.1045	1111	1956	0	0	0	1955	1	0	1958
1	3	A	40000	98934	1.066	0.099	1066	967	0	0	0	966	1	0	968
1	3	B	40000	98901	1.099	0.11	1099	989	0	0	0	989	0	0	990
1	4	G	40000	452	99.548	97.1995	99548	3023	231	0	0	1326	1046	420	2574
1	4	A	40000	1389	98.611	97.051	98611	1560	68	0	0	575	752	165	1385
1	4	B	40000	1189	98.811	97.348	98811	1463	163	0	0	751	294	255	1189
1	4	cSpy was 32 spamed and the readout avoided!
1	5	G	40000	34433	65.567	18.844	65567	48273	14	0	0	40554	7663	42	48249
1	5	A	40000	65705	34.295	6.706	34295	27589	0	0	0	22794	4757	38	27580
1	5	B	40000	48334	51.666	30.982	51666	20684	14	0	0	17760	2906	4	20669
1	6	G	40000	100000	0	0	0	0	0	0	0	0	0	0	2
1	6	A	40000	100000	0	0	0	0	0	0	0	0	0	0	1
1	6	B	40000	100000	0	0	0	0	0	0	0	0	0	0	1
1	7	G	40000	96278	3.722	1.523	3722	2933	0	0	0	2897	29	7	2934
1	7	A	40000	97193	2.807	1.439	2807	1368	0	0	0	1334	27	7	1368
1	7	B	40000	96828	3.172	1.607	3172	1565	0	0	0	1563	2	0	1566
2	0	G	40000	2307	97.693	48.4835	97693	4119	33	0	0	3924	112	50	4062
2	0	A	40000	2343	97.657	95.294	97657	2363	33	0	0	2168	112	50	2305
2	0	B	40000	96571	3.429	1.673	3429	1756	0	0	0	1756	0	0	1757
2	1	G	40000	100000	0	0	0	0	0	0	0	0	0	0	2
2	1	A	40000	100000	0	0	0	0	0	0	0	0	0	0	1
2	1	B	40000	100000	0	0	0	0	0	0	0	0	0	0	1
2	2	G	40000	34300	65.7	45.271	65700	24954	566	1	0	22671	1148	568	24513
2	2	A	40000	45404	54.596	43.51	54596	11086	324	1	0	9669	683	409	10780
2	2	B	40000	39100	60.9	47.032	60900	13868	242	0	0	13002	465	159	13733
2	3	G	40000	6617	93.383	65.757	93383	33200	66	0	0	29370	3663	101	33112
2	3	A	40000	22566	77.434	55.833	77434	21601	6	0	0	18846	2681	68	21557
2	3	B	40000	12720	87.28	75.681	87280	11599	60	0	0	10524	982	33	11555
2	3	cSpy was 1 spamed and the readout avoided!
2	4	G	40000	100000	0	0	0	0	0	0	0	0	0	0	2
2	4	A	40000	100000	0	0	0	0	0	0	0	0	0	0	1
2	4	B	40000	100000	0	0	0	0	0	0	0	0	0	0	1
2	5	G	40000	100000	0	0	0	0	0	0	0	0	0	0	2
2	5	A	40000	100000	0	0	0	0	0	0	0	0	0	0	1
2	5	B	40000	100000	0	0	0	0	0	0	0	0	0	0	1
2	6	G	40000	40535	59.465	33.4715	59465	30964	36	0	0	29933	718	277	30921
2	6	A	40000	54109	45.891	31.764	45891	14127	26	0	0	13209	621	271	14087
2	6	B	40000	47984	52.016	35.179	52016	16837	10	0	0	16724	97	6	16834
2	6	cSpy was 1 spamed and the readout avoided!
2	7	G	40000	0	100	100	100000	200000	200000	200000	200000	200000	200000	200000	200002
2	7	A	40000	0	100	100	100000	100000	100000	100000	100000	100000	100000	100000	100001
2	7	B	40000	0	100	100	100000	100000	100000	100000	100000	100000	100000	100000	100001
3	0	G	40000	1055	98.945	68.795	98945	21172	242	1	0	19884	429	616	20627
3	0	A	40000	1633	98.367	96.223	98367	2144	206	0	0	1316	18	604	1621
3	0	B	40000	39605	60.395	41.367	60395	19028	36	1	0	18568	411	12	19006
3	0	cSpy was 47 spamed and the readout avoided!
3	1	G	40000	0	100	100	100000	200000	200000	200000	200000	200000	200000	200000	200002
3	1	A	40000	0	100	100	100000	100000	100000	100000	100000	100000	100000	100000	100001
3	1	B	40000	0	100	100	100000	100000	100000	100000	100000	100000	100000	100000	100001
3	2	G	40000	97991	2.009	0.051	2009	3905	0	0	0	3902	3	0	3907
3	2	A	40000	97991	2.009	0.051	2009	1958	0	0	0	1955	3	0	1959
3	2	B	40000	98002	1.998	0.051	1998	1947	0	0	0	1947	0	0	1948
3	3	G	40000	100000	0	0	0	0	0	0	0	0	0	0	2
3	3	A	40000	100000	0	0	0	0	0	0	0	0	0	0	1
3	3	B	40000	100000	0	0	0	0	0	0	0	0	0	0	1
3	4	G	40000	95929	4.071	0.459	4071	6974	0	0	0	6973	1	0	6976
3	4	A	40000	96079	3.921	0.427	3921	3494	0	0	0	3493	1	0	3495
3	4	B	40000	96029	3.971	0.491	3971	3480	0	0	0	3480	0	0	3481
3	5	G	40000	0	100	100	100000	200000	200000	200000	200000	200000	200000	200000	200002
3	5	A	40000	0	100	100	100000	100000	100000	100000	100000	100000	100000	100000	100001
3	5	B	40000	0	100	100	100000	100000	100000	100000	100000	100000	100000	100000	100001
3	6	G	40000	42103	57.897	33.6925	57897	34463	85	6	0	31292	2911	169	34304
3	6	A	40000	48511	51.489	34.131	51489	17358	5	0	0	15145	2127	81	17299
3	6	B	40000	49641	50.359	33.254	50359	17105	80	6	0	16147	784	88	17005
3	6	cSpy was 72 spamed and the readout avoided!
3	7	G	40000	100000	0	0	0	0	0	0	0	0	0	0	2
3	7	A	40000	100000	0	0	0	0	0	0	0	0	0	0	1
3	7	B	40000	100000	0	0	0	0	0	0	0	0	0	0	1
4	0	G	40000	792	99.208	75.369	99208	19421	195	5	0	15922	2951	348	19063
4	0	A	40000	1390	98.61	96.955	98610	1655	92	2	0	923	325	313	1379
4	0	B	40000	28451	71.549	53.783	71549	17766	103	3	0	14999	2626	35	17684
4	0	cSpy was 34 spamed and the readout avoided!
4	1	G	40000	100000	0	0	0	0	0	0	0	0	0	0	2
4	1	A	40000	100000	0	0	0	0	0	0	0	0	0	0	1
4	1	B	40000	100000	0	0	0	0	0	0	0	0	0	0	1
4	2	G	40000	97551	2.449	0.7785	2449	2495	0	0	0	2490	1	4	2496
4	2	A	40000	97959	2.041	0.816	2041	1225	0	0	0	1220	1	4	1225
4	2	B	40000	97989	2.011	0.741	2011	1270	0	0	0	1270	0	0	1271
4	3	G	40000	20318	79.682	58.484	79682	34401	756	0	0	32933	138	574	33376
4	3	A	40000	24044	75.956	58.734	75956	17222	367	0	0	16449	0	406	16538
4	3	B	40000	24587	75.413	58.234	75413	17179	389	0	0	16484	138	168	16838
4	3	cSpy was 8 spamed and the readout avoided!
4	4	G	40000	2566	97.434	89.7735	97434	10317	302	21	1	8782	726	485	9843
4	4	A	40000	4850	95.15	90.097	95150	5053	159	16	0	4157	344	377	4725
4	4	B	40000	5286	94.714	89.45	94714	5264	143	5	1	4625	382	108	5118
4	4	cSpy was 53 spamed and the readout avoided!
4	5	G	40000	100000	0	0	0	0	0	0	0	0	0	0	2
4	5	A	40000	100000	0	0	0	0	0	0	0	0	0	0	1
4	5	B	40000	100000	0	0	0	0	0	0	0	0	0	0	1
4	6	G	40000	100000	0	0	0	0	0	0	0	0	0	0	2
4	6	A	40000	100000	0	0	0	0	0	0	0	0	0	0	1
4	6	B	40000	100000	0	0	0	0	0	0	0	0	0	0	1
4	7	G	40000	37893	62.107	42.3595	62107	30856	257	1	0	30355	5	238	30537
4	7	A	40000	42125	57.875	42.472	57875	15403	123	1	0	15093	2	184	15174
4	7	B	40000	42300	57.7	42.247	57700	15453	134	0	0	15262	3	54	15363
4	7	cSpy was 5 spamed and the readout avoided!
5	0	G	40000	520	99.48	57.0455	99480	14954	146	0	0	13892	98	818	14426
5	0	A	40000	623	99.377	98.225	99377	1152	146	0	0	94	94	818	623
5	0	B	40000	70332	29.668	15.866	29668	13802	0	0	0	13798	4	0	13803
5	0	cSpy was 49 spamed and the readout avoided!
5	1	G	40000	80156	19.844	7.746	19844	19322	11	0	0	19283	3	25	19316
5	1	A	40000	82536	17.464	7.92	17464	9544	6	0	0	9510	3	25	9537
5	1	B	40000	82650	17.35	7.572	17350	9778	5	0	0	9773	0	0	9779
5	2	G	40000	12	99.988	99.0875	99988	1107	28	0	0	457	187	435	718
5	2	A	40000	35	99.965	99.619	99965	346	0	0	0	3	2	341	35
5	2	B	40000	683	99.317	98.556	99317	761	28	0	0	454	185	94	683
5	2	cSpy was 23 spamed and the readout avoided!
5	3	G	40000	96345	3.655	0.035	3655	7133	0	0	0	7038	94	1	7135
5	3	A	40000	96349	3.651	0.035	3651	3616	0	0	0	3525	90	1	3617
5	3	B	40000	96448	3.552	0.035	3552	3517	0	0	0	3513	4	0	3518
5	4	G	40000	100000	0	0	0	0	0	0	0	0	0	0	2
5	4	A	40000	100000	0	0	0	0	0	0	0	0	0	0	1
5	4	B	40000	100000	0	0	0	0	0	0	0	0	0	0	1
5	5	G	40000	97008	2.992	0.3575	2992	5015	0	0	0	5014	1	0	5017
5	5	A	40000	97106	2.894	0.397	2894	2497	0	0	0	2496	1	0	2498
5	5	B	40000	97164	2.836	0.318	2836	2518	0	0	0	2518	0	0	2519
5	6	G	40000	0	100	100	100000	200000	200000	200000	200000	200000	200000	200000	200002
5	6	A	40000	0	100	100	100000	100000	100000	100000	100000	100000	100000	100000	100001
5	6	B	40000	0	100	100	100000	100000	100000	100000	100000	100000	100000	100000	100001
5	7	G	40000	19508	80.492	32.889	80492	61283	0	0	0	53656	7455	172	61211
5	7	A	40000	34930	65.07	35.773	65070	29297	0	0	0	24883	4243	171	29226
5	7	B	40000	38009	61.991	30.005	61991	31986	0	0	0	28773	3212	1	31985
5	7	cSpy was 5 spamed and the readout avoided!
6	0	G	40000	471	99.529	96.507	99529	3767	316	1	0	1826	1010	614	3209
6	0	A	40000	1159	98.841	97.234	98841	1607	180	0	0	194	690	543	1159
6	0	B	40000	2060	97.94	95.78	97940	2160	136	1	0	1632	320	71	2050
6	0	cSpy was 51 spamed and the readout avoided!
6	1	G	40000	11171	88.829	55.78	88829	42964	15	0	0	38416	4149	384	42772
6	1	A	40000	21411	78.589	58.101	78589	20488	1	0	0	17962	2154	371	20310
6	1	B	40000	24065	75.935	53.459	75935	22476	14	0	0	20454	1995	13	22462
6	1	cSpy was 8 spamed and the readout avoided!
6	2	G	40000	100000	0	0	0	0	0	0	0	0	0	0	2
6	2	A	40000	100000	0	0	0	0	0	0	0	0	0	0	1
6	2	B	40000	100000	0	0	0	0	0	0	0	0	0	0	1
6	3	G	40000	100000	0	0	0	0	0	0	0	0	0	0	2
6	3	A	40000	100000	0	0	0	0	0	0	0	0	0	0	1
6	3	B	40000	100000	0	0	0	0	0	0	0	0	0	0	1
6	4	G	40000	20460	79.54	58.578	79540	34326	797	0	0	32776	159	594	33251
6	4	A	40000	23976	76.024	58.856	76024	17168	383	0	0	16366	0	419	16455
6	4	B	40000	24542	75.458	58.3	75458	17158	414	0	0	16410	159	175	16796
6	4	cSpy was 8 spamed and the readout avoided!
6	5	G	40000	3133	96.867	85.5645	96867	14495	216	8	0	12614	888	770	13966
6	5	A	40000	6715	93.285	86.376	93285	6909	26	3	0	5837	393	650	6555
6	5	B	40000	7661	92.339	84.753	92339	7586	190	5	0	6777	495	120	7411
6	5	cSpy was 74 spamed and the readout avoided!
6	6	G	40000	100000	0	0	0	0	0	0	0	0	0	0	2
6	6	A	40000	100000	0	0	0	0	0	0	0	0	0	0	1
6	6	B	40000	100000	0	0	0	0	0	0	0	0	0	0	1
6	7	G	40000	100000	0	0	0	0	0	0	0	0	0	0	2
6	7	A	40000	100000	0	0	0	0	0	0	0	0	0	0	1
6	7	B	40000	100000	0	0	0	0	0	0	0	0	0	0	1
7	0	G	40000	1917	98.083	48.086	98083	3541	212	0	0	2688	86	555	3035
7	0	A	40000	1939	98.061	95.633	98061	2428	212	0	0	1575	86	555	1921
7	0	B	40000	98348	1.652	0.539	1652	1113	0	0	0	1113	0	0	1114
7	1	G	40000	100000	0	0	0	0	0	0	0	0	0	0	2
7	1	A	40000	100000	0	0	0	0	0	0	0	0	0	0	1
7	1	B	40000	100000	0	0	0	0	0	0	0	0	0	0	1
7	2	G	40000	97237	2.763	0.8455	2763	2576	4	7	0	2532	26	7	2573
7	2	A	40000	97797	2.203	0.931	2203	1272	4	7	0	1252	2	7	1268
7	2	B	40000	97936	2.064	0.76	2064	1304	0	0	0	1280	24	0	1305
7	3	G	40000	0	100	100	100000	200000	200000	200000	200000	200000	200000	200000	200002
7	3	A	40000	0	100	100	100000	100000	100000	100000	100000	100000	100000	100000	100001
7	3	B	40000	0	100	100	100000	100000	100000	100000	100000	100000	100000	100000	100001
7	4	G	40000	52292	47.708	29.6285	47708	27784	47	0	0	24967	2681	89	27718
7	4	A	40000	55112	44.888	30.276	44888	14612	1	0	0	12602	1949	60	14581
7	4	B	40000	57847	42.153	28.981	42153	13172	46	0	0	12365	732	29	13137
7	4	cSpy was 10 spamed and the readout avoided!
7	5	G	40000	100000	0	0	0	0	0	0	0	0	0	0	2
7	5	A	40000	100000	0	0	0	0	0	0	0	0	0	0	1
7	5	B	40000	100000	0	0	0	0	0	0	0	0	0	0	1
7	6	G	40000	100000	0	0	0	0	0	0	0	0	0	0	2
7	6	A	40000	100000	0	0	0	0	0	0	0	0	0	0	1
7	6	B	40000	100000	0	0	0	0	0	0	0	0	0	0	1
7	7	G	40000	63479	36.521	13.3945	36521	32476	51	89	0	31813	407	116	32401
7	7	A	40000	69460	30.54	14.027	30540	16513	51	89	0	16112	145	116	16437
7	7	B	40000	71275	28.725	12.762	28725	15963	0	0	0	15701	262	0	15964
7	7	cSpy was 7 spamed and the readout avoided!
