#the gain was set to: 2	the bias was set to: 30
#Sent triggers per delay setting: 100000	and with a frequency [Hz] of: 40000
#160MHz delay setting	400MHz delay setting	Frequency	correct transmitted H+T		error rate [%]	uncertainty [%]	bad or missed events	error count	missing headers	missing trailers	flipped H/T	event nr errors	tbm missed trigger	unknown errors	event nr resets
0	0	G	40000	402	99.598	73.0725	99598	18725	124	0	0	17698	269	634	18193
0	0	A	40000	639	99.361	98.2	99361	1161	98	0	0	200	234	629	639
0	0	B	40000	34491	65.509	47.945	65509	17564	26	0	0	17498	35	5	17554
0	0	cSpy was 27 spamed and the readout avoided!
0	1	G	40000	27630	72.37	50.891	72370	27569	223	0	0	26726	47	573	27364
0	1	A	40000	37924	62.076	50.192	62076	11884	119	0	0	11273	21	471	11742
0	1	B	40000	32725	67.275	51.59	67275	15685	104	0	0	15453	26	102	15622
0	2	G	40000	2471	97.529	86.1725	97529	13758	151	4	0	11168	2019	416	13423
0	2	A	40000	5292	94.708	89.447	94708	5261	64	0	0	3988	870	339	5014
0	2	B	40000	8605	91.395	82.898	91395	8497	87	4	0	7180	1149	77	8409
0	2	cSpy was 13 spamed and the readout avoided!
0	3	G	40000	78100	21.9	7.503	21900	15799	2	0	0	13553	2238	6	15796
0	3	A	40000	87163	12.837	2.725	12837	10112	0	0	0	8280	1827	5	10111
0	3	B	40000	82032	17.968	12.281	17968	5687	2	0	0	5273	411	1	5685
0	4	G	40000	100000	0	0	0	0	0	0	0	0	0	0	2
0	4	A	40000	100000	0	0	0	0	0	0	0	0	0	0	1
0	4	B	40000	100000	0	0	0	0	0	0	0	0	0	0	1
0	5	G	40000	60905	39.095	19.3265	39095	28094	1	0	0	27853	66	174	28062
0	5	A	40000	67881	32.119	18.933	32119	13186	1	0	0	12980	32	173	13153
0	5	B	40000	65372	34.628	19.72	34628	14908	0	0	0	14873	34	1	14909
0	6	G	40000	2333	97.667	89.695	97667	10345	371	12	0	7868	1785	309	9911
0	6	A	40000	5338	94.662	89.34	94662	5322	136	0	0	3874	1072	240	5079
0	6	B	40000	4927	95.073	90.05	95073	5023	235	12	0	3994	713	69	4832
0	6	cSpy was 37 spamed and the readout avoided!
0	7	G	40000	97148	2.852	0.476	2852	4222	0	0	0	4175	47	0	4224
0	7	A	40000	97478	2.522	0.41	2522	2112	0	0	0	2097	15	0	2113
0	7	B	40000	97348	2.652	0.542	2652	2110	0	0	0	2078	32	0	2111
1	0	G	40000	250	99.75	98.216	99750	1971	130	0	0	1217	178	446	1593
1	0	A	40000	891	99.109	97.892	99109	1217	105	0	0	593	119	400	889
1	0	B	40000	706	99.294	98.54	99294	754	25	0	0	624	59	46	704
1	0	cSpy was 17 spamed and the readout avoided!
1	1	G	40000	95842	4.158	0.523	4158	5785	0	0	0	5581	204	0	5787
1	1	A	40000	96777	3.223	0.341	3223	2882	0	0	0	2803	79	0	2883
1	1	B	40000	96392	3.608	0.705	3608	2903	0	0	0	2778	125	0	2904
1	2	G	40000	100000	0	0	0	0	0	0	0	0	0	0	2
1	2	A	40000	100000	0	0	0	0	0	0	0	0	0	0	1
1	2	B	40000	100000	0	0	0	0	0	0	0	0	0	0	1
1	3	G	40000	98865	1.135	0.0955	1135	2002	0	0	0	2000	1	1	2003
1	3	A	40000	98930	1.07	0.091	1070	979	0	0	0	977	1	1	979
1	3	B	40000	98877	1.123	0.1	1123	1023	0	0	0	1023	0	0	1024
1	4	G	40000	578	99.422	96.7975	99422	3396	242	0	0	1390	1400	364	2997
1	4	A	40000	1704	98.296	96.472	98296	1824	56	0	0	686	958	124	1692
1	4	B	40000	1305	98.695	97.123	98695	1572	186	0	0	704	442	240	1305
1	4	cSpy was 9 spamed and the readout avoided!
1	5	G	40000	32126	67.874	19.985	67874	50039	18	0	0	42064	7910	47	50011
1	5	A	40000	63979	36.021	7.062	36021	28959	0	0	0	23916	5003	40	28948
1	5	B	40000	46012	53.988	32.908	53988	21080	18	0	0	18148	2907	7	21063
1	6	G	40000	100000	0	0	0	0	0	0	0	0	0	0	2
1	6	A	40000	100000	0	0	0	0	0	0	0	0	0	0	1
1	6	B	40000	100000	0	0	0	0	0	0	0	0	0	0	1
1	7	G	40000	96429	3.571	1.4065	3571	3020	1	0	0	2988	21	10	3020
1	7	A	40000	97262	2.738	1.336	2738	1402	1	0	0	1373	18	10	1401
1	7	B	40000	96905	3.095	1.477	3095	1618	0	0	0	1615	3	0	1619
2	0	G	40000	2293	97.707	48.489	97707	4220	53	1	0	3966	113	87	4111
2	0	A	40000	2341	97.659	95.249	97659	2410	53	1	0	2156	113	87	2300
2	0	B	40000	96461	3.539	1.729	3539	1810	0	0	0	1810	0	0	1811
2	1	G	40000	100000	0	0	0	0	0	0	0	0	0	0	2
2	1	A	40000	100000	0	0	0	0	0	0	0	0	0	0	1
2	1	B	40000	100000	0	0	0	0	0	0	0	0	0	0	1
2	2	G	40000	33764	66.236	44.3015	66236	26371	494	7	0	23964	1332	574	25919
2	2	A	40000	45789	54.211	41.974	54211	12237	256	3	0	10257	1315	406	11962
2	2	B	40000	39237	60.763	46.629	60763	14134	238	4	0	13707	17	168	13957
2	3	G	40000	5440	94.56	72.9925	94560	26158	75	1	0	22307	3646	129	26048
2	3	A	40000	17631	82.369	65.835	82369	16534	4	0	0	13777	2650	103	16478
2	3	B	40000	10226	89.774	80.15	89774	9624	71	1	0	8530	996	26	9570
2	3	cSpy was 10 spamed and the readout avoided!
2	4	G	40000	100000	0	0	0	0	0	0	0	0	0	0	2
2	4	A	40000	100000	0	0	0	0	0	0	0	0	0	0	1
2	4	B	40000	100000	0	0	0	0	0	0	0	0	0	0	1
2	5	G	40000	100000	0	0	0	0	0	0	0	0	0	0	2
2	5	A	40000	100000	0	0	0	0	0	0	0	0	0	0	1
2	5	B	40000	100000	0	0	0	0	0	0	0	0	0	0	1
2	6	G	40000	34064	65.936	38.0855	65936	32562	46	0	0	30727	1438	351	32493
2	6	A	40000	49069	50.931	35.392	50931	15539	24	0	0	13856	1328	331	15487
2	6	B	40000	42198	57.802	40.779	57802	17023	22	0	0	16871	110	20	17006
2	7	G	40000	0	100	100	100000	200000	200000	200000	200000	200000	200000	200000	200002
2	7	A	40000	0	100	100	100000	100000	100000	100000	100000	100000	100000	100000	100001
2	7	B	40000	0	100	100	100000	100000	100000	100000	100000	100000	100000	100000	100001
3	0	G	40000	1079	98.921	66.649	98921	21238	238	0	0	19934	423	643	20694
3	0	A	40000	1597	98.403	96.291	98403	2112	202	0	0	1260	20	630	1582
3	0	B	40000	43867	56.133	37.007	56133	19126	36	0	0	18674	403	13	19112
3	0	cSpy was 8 spamed and the readout avoided!
3	1	G	40000	0	100	100	100000	200000	200000	200000	200000	200000	200000	200000	200002
3	1	A	40000	0	100	100	100000	100000	100000	100000	100000	100000	100000	100000	100001
3	1	B	40000	0	100	100	100000	100000	100000	100000	100000	100000	100000	100000	100001
3	2	G	40000	97567	2.433	0.053	2433	4739	0	0	0	4734	5	0	4741
3	2	A	40000	97569	2.431	0.053	2431	2378	0	0	0	2373	5	0	2379
3	2	B	40000	97586	2.414	0.053	2414	2361	0	0	0	2361	0	0	2362
3	3	G	40000	100000	0	0	0	0	0	0	0	0	0	0	2
3	3	A	40000	100000	0	0	0	0	0	0	0	0	0	0	1
3	3	B	40000	100000	0	0	0	0	0	0	0	0	0	0	1
3	4	G	40000	88099	11.901	7.2185	11901	7607	64	0	0	7464	23	56	7535
3	4	A	40000	88928	11.072	7.282	11072	3790	33	0	0	3707	5	45	3734
3	4	B	40000	89028	10.972	7.155	10972	3817	31	0	0	3757	18	11	3801
3	5	G	40000	0	100	100	100000	200000	200000	200000	200000	200000	200000	200000	200002
3	5	A	40000	0	100	100	100000	100000	100000	100000	100000	100000	100000	100000	100001
3	5	B	40000	0	100	100	100000	100000	100000	100000	100000	100000	100000	100000	100001
3	6	G	40000	46704	53.296	13.108	53296	54770	10	4	0	50251	4464	41	54754
3	6	A	40000	59355	40.645	12.808	40645	27837	7	1	0	24148	3646	35	27829
3	6	B	40000	59659	40.341	13.408	40341	26933	3	3	0	26103	818	6	26925
3	6	cSpy was 8 spamed and the readout avoided!
3	7	G	40000	100000	0	0	0	0	0	0	0	0	0	0	2
3	7	A	40000	100000	0	0	0	0	0	0	0	0	0	0	1
3	7	B	40000	100000	0	0	0	0	0	0	0	0	0	0	1
4	0	G	40000	0	100	100	100000	200000	200000	200000	200000	200000	200000	200000	200002
4	0	A	40000	0	100	100	100000	100000	100000	100000	100000	100000	100000	100000	100001
4	0	B	40000	0	100	100	100000	100000	100000	100000	100000	100000	100000	100000	100001
4	1	G	40000	100000	0	0	0	0	0	0	0	0	0	0	2
4	1	A	40000	100000	0	0	0	0	0	0	0	0	0	0	1
4	1	B	40000	100000	0	0	0	0	0	0	0	0	0	0	1
4	2	G	40000	97511	2.489	0.8085	2489	2680	1	0	0	2679	0	0	2682
4	2	A	40000	97837	2.163	0.843	2163	1320	1	0	0	1319	0	0	1321
4	2	B	40000	97866	2.134	0.774	2134	1360	0	0	0	1360	0	0	1361
4	3	G	40000	20589	79.411	58.239	79411	34550	762	0	0	33067	140	581	33520
4	3	A	40000	24215	75.785	58.498	75785	17287	367	0	0	16509	0	411	16599
4	3	B	40000	24757	75.243	57.98	75243	17263	395	0	0	16558	140	170	16921
4	3	cSpy was 8 spamed and the readout avoided!
4	4	G	40000	2199	97.801	91.5205	97801	8630	372	21	2	7191	574	474	8110
4	4	A	40000	3931	96.069	91.86	96069	4209	197	15	1	3357	276	365	3844
4	4	B	40000	4398	95.602	91.181	95602	4421	175	6	1	3834	298	109	4266
4	4	cSpy was 52 spamed and the readout avoided!
4	5	G	40000	100000	0	0	0	0	0	0	0	0	0	0	2
4	5	A	40000	100000	0	0	0	0	0	0	0	0	0	0	1
4	5	B	40000	100000	0	0	0	0	0	0	0	0	0	0	1
4	6	G	40000	100000	0	0	0	0	0	0	0	0	0	0	2
4	6	A	40000	100000	0	0	0	0	0	0	0	0	0	0	1
4	6	B	40000	100000	0	0	0	0	0	0	0	0	0	0	1
4	7	G	40000	46098	53.902	34.389	53902	30235	138	0	0	29943	3	151	30094
4	7	A	40000	50487	49.513	34.476	49513	15037	66	0	0	14840	3	128	14921
4	7	B	40000	50500	49.5	34.302	49500	15198	72	0	0	15103	0	23	15173
4	7	cSpy was 4 spamed and the readout avoided!
5	0	G	40000	484	99.516	57.564	99516	15454	139	0	0	14372	95	848	14905
5	0	A	40000	601	99.399	98.248	99399	1151	139	0	0	79	86	847	601
5	0	B	40000	68817	31.183	16.88	31183	14303	0	0	0	14293	9	1	14304
5	0	cSpy was 50 spamed and the readout avoided!
5	1	G	40000	79696	20.304	7.6725	20304	20282	9	0	0	20252	1	20	20278
5	1	A	40000	82151	17.849	7.843	17849	10006	5	0	0	9980	1	20	10001
5	1	B	40000	82222	17.778	7.502	17778	10276	4	0	0	10272	0	0	10277
5	2	G	40000	21	99.979	99.0155	99979	1234	35	0	0	459	175	565	734
5	2	A	40000	59	99.941	99.464	99941	477	1	0	0	4	0	472	59
5	2	B	40000	676	99.324	98.567	99324	757	34	0	0	455	175	93	675
5	2	cSpy was 23 spamed and the readout avoided!
5	3	G	40000	95803	4.197	0.09	4197	8024	0	0	0	7866	158	0	8026
5	3	A	40000	95812	4.188	0.09	4188	4098	0	0	0	3949	149	0	4099
5	3	B	40000	95984	4.016	0.09	4016	3926	0	0	0	3917	9	0	3927
5	4	G	40000	100000	0	0	0	0	0	0	0	0	0	0	2
5	4	A	40000	100000	0	0	0	0	0	0	0	0	0	0	1
5	4	B	40000	100000	0	0	0	0	0	0	0	0	0	0	1
5	5	G	40000	98080	1.92	0.175	1920	3410	0	0	0	3409	0	1	3412
5	5	A	40000	98106	1.894	0.191	1894	1703	0	0	0	1702	0	1	1704
5	5	B	40000	98134	1.866	0.159	1866	1707	0	0	0	1707	0	0	1708
5	6	G	40000	3	99.997	97.6535	99997	2453	211	2	0	1036	1076	128	2235
5	6	A	40000	4	99.996	99.952	99996	44	0	0	0	1	0	43	4
5	6	B	40000	2236	97.764	95.355	97764	2409	211	2	0	1035	1076	85	2231
5	6	cSpy was 47 spamed and the readout avoided!
5	7	G	40000	17973	82.027	33.9765	82027	61901	0	1	0	54492	7199	209	61811
5	7	A	40000	33309	66.691	37.271	66691	29420	0	1	0	25058	4153	208	29330
5	7	B	40000	36837	63.163	30.682	63163	32481	0	0	0	29434	3046	1	32481
5	7	cSpy was 9 spamed and the readout avoided!
6	0	G	40000	350	99.65	97.32	99650	2980	352	2	0	1355	716	555	2369
6	0	A	40000	866	99.134	97.842	99134	1292	168	0	0	274	413	437	866
6	0	B	40000	1514	98.486	96.798	98486	1688	184	2	0	1081	303	118	1503
6	0	cSpy was 84 spamed and the readout avoided!
6	1	G	40000	0	100	100	100000	200000	200000	200000	200000	200000	200000	200000	200002
6	1	A	40000	0	100	100	100000	100000	100000	100000	100000	100000	100000	100000	100001
6	1	B	40000	0	100	100	100000	100000	100000	100000	100000	100000	100000	100000	100001
6	2	G	40000	100000	0	0	0	0	0	0	0	0	0	0	2
6	2	A	40000	100000	0	0	0	0	0	0	0	0	0	0	1
6	2	B	40000	100000	0	0	0	0	0	0	0	0	0	0	1
6	3	G	40000	99987	0.0129998	0.0005	13	24	0	0	0	24	0	0	26
6	3	A	40000	99987	0.0129998	0.001	13	12	0	0	0	12	0	0	13
6	3	B	40000	99988	0.0119984	0	12	12	0	0	0	12	0	0	13
6	4	G	40000	28860	71.14	49.5025	71140	34425	592	0	0	33259	119	455	33637
6	4	A	40000	33061	66.939	49.778	66939	17161	289	0	0	16540	2	330	16631
6	4	B	40000	33509	66.491	49.227	66491	17264	303	0	0	16719	117	125	17006
6	4	cSpy was 7 spamed and the readout avoided!
6	5	G	40000	1475	98.525	93.1435	98525	6984	165	6	0	5793	411	609	6557
6	5	A	40000	3073	96.927	93.649	96927	3278	26	2	0	2599	166	485	2997
6	5	B	40000	3656	96.344	92.638	96344	3706	139	4	0	3194	245	124	3560
6	5	cSpy was 64 spamed and the readout avoided!
6	6	G	40000	97984	2.016	0.069	2016	3747	0	0	0	3629	118	0	3749
6	6	A	40000	97993	2.007	0.069	2007	1938	0	0	0	1830	108	0	1939
6	6	B	40000	98122	1.878	0.069	1878	1809	0	0	0	1799	10	0	1810
6	7	G	40000	100000	0	0	0	0	0	0	0	0	0	0	2
6	7	A	40000	100000	0	0	0	0	0	0	0	0	0	0	1
6	7	B	40000	100000	0	0	0	0	0	0	0	0	0	0	1
7	0	G	40000	1941	98.059	48.0585	98059	3507	206	0	0	2663	63	575	2995
7	0	A	40000	1963	98.037	95.581	98037	2456	206	0	0	1612	63	575	1943
7	0	B	40000	98413	1.587	0.536	1587	1051	0	0	0	1051	0	0	1052
7	0	cSpy was 2 spamed and the readout avoided!
7	1	G	40000	100000	0	0	0	0	0	0	0	0	0	0	2
7	1	A	40000	100000	0	0	0	0	0	0	0	0	0	0	1
7	1	B	40000	100000	0	0	0	0	0	0	0	0	0	0	1
7	2	G	40000	99204	0.796002	0.043	796	1478	0	0	0	1475	3	0	1480
7	2	A	40000	99212	0.787997	0.049	788	739	0	0	0	736	3	0	740
7	2	B	40000	99224	0.775999	0.037	776	739	0	0	0	739	0	0	740
7	3	G	40000	0	100	100	100000	200000	200000	200000	200000	200000	200000	200000	200002
7	3	A	40000	0	100	100	100000	100000	100000	100000	100000	100000	100000	100000	100001
7	3	B	40000	0	100	100	100000	100000	100000	100000	100000	100000	100000	100000	100001
7	4	G	40000	54440	45.56	26.125	45560	30736	52	0	0	27634	2915	135	30635
7	4	A	40000	56925	43.075	26.577	43075	16498	0	0	0	14091	2303	104	16447
7	4	B	40000	60089	39.911	25.673	39911	14238	52	0	0	13543	612	31	14188
7	4	cSpy was 14 spamed and the readout avoided!
7	5	G	40000	100000	0	0	0	0	0	0	0	0	0	0	2
7	5	A	40000	100000	0	0	0	0	0	0	0	0	0	0	1
7	5	B	40000	100000	0	0	0	0	0	0	0	0	0	0	1
7	6	G	40000	99997	0.00299811	0	3	6	0	0	0	6	0	0	8
7	6	A	40000	99997	0.00299811	0	3	3	0	0	0	3	0	0	4
7	6	B	40000	99997	0.00299811	0	3	3	0	0	0	3	0	0	4
7	7	G	40000	61733	38.267	14.0285	38267	34214	55	72	0	33476	462	149	34108
7	7	A	40000	67980	32.02	14.646	32020	17374	54	72	0	16928	172	148	17270
7	7	B	40000	69749	30.251	13.411	30251	16840	1	0	0	16548	290	1	16838
7	7	cSpy was 7 spamed and the readout avoided!
