#the gain was set to: 2	the bias was set to: 30
#Sent triggers per delay setting: 100000	and with a frequency [Hz] of: 40000
#160MHz delay setting	400MHz delay setting	Frequency	correct transmitted H+T		error rate [%]	uncertainty [%]	bad or missed events	error count	missing headers	missing trailers	flipped H/T	event nr errors	tbm missed trigger	unknown errors	event nr resets
0	0	G	40000	411	99.589	72.0145	99589	19144	104	0	0	18085	315	640	18608
0	0	A	40000	640	99.36	98.192	99360	1168	90	0	0	189	259	630	640
0	0	B	40000	36187	63.813	45.837	63813	17976	14	0	0	17896	56	10	17968
0	0	cSpy was 28 spamed and the readout avoided!
0	1	G	40000	29888	70.112	47.539	70112	29170	96	0	0	28528	95	451	29036
0	1	A	40000	40246	59.754	46.836	59754	12918	52	0	0	12407	38	421	12810
0	1	B	40000	35506	64.494	48.242	64494	16252	44	0	0	16121	57	30	16226
0	2	G	40000	3691	96.309	82.603	96309	17103	114	0	0	14142	2506	341	16836
0	2	A	40000	8345	91.655	83.65	91655	8005	33	0	0	6309	1396	267	7825
0	2	B	40000	9346	90.654	81.556	90654	9098	81	0	0	7833	1110	74	9011
0	2	cSpy was 4 spamed and the readout avoided!
0	3	G	40000	79862	20.138	6.298	20138	14863	1	0	0	12874	1985	3	14861
0	3	A	40000	88727	11.273	2.036	11273	9237	0	0	0	7670	1564	3	9236
0	3	B	40000	83814	16.186	10.56	16186	5626	1	0	0	5204	421	0	5625
0	4	G	40000	100000	0	0	0	0	0	0	0	0	0	0	2
0	4	A	40000	100000	0	0	0	0	0	0	0	0	0	0	1
0	4	B	40000	100000	0	0	0	0	0	0	0	0	0	0	1
0	5	G	40000	48928	51.072	29.254	51072	29821	15	0	0	29408	117	281	29774
0	5	A	40000	57500	42.5	28.742	42500	13758	10	0	0	13413	54	281	13710
0	5	B	40000	54171	45.829	29.766	45829	16063	5	0	0	15995	63	0	16064
0	6	G	40000	2311	97.689	89.9245	97689	10118	367	11	0	7629	1761	350	9667
0	6	A	40000	5107	94.893	89.779	94893	5114	130	0	0	3650	1087	247	4859
0	6	B	40000	4926	95.074	90.07	95074	5004	237	11	0	3979	674	103	4808
0	6	cSpy was 35 spamed and the readout avoided!
0	7	G	40000	97922	2.078	0.389	2078	3215	0	0	0	3198	17	0	3217
0	7	A	40000	98026	1.974	0.367	1974	1607	0	0	0	1599	8	0	1608
0	7	B	40000	97981	2.019	0.411	2019	1608	0	0	0	1599	9	0	1609
1	0	G	40000	243	99.757	98.128	99757	2079	150	0	0	1286	171	472	1662
1	0	A	40000	945	99.055	97.747	99055	1308	123	0	0	653	112	420	942
1	0	B	40000	720	99.28	98.509	99280	771	27	0	0	633	59	52	720
1	0	cSpy was 30 spamed and the readout avoided!
1	1	G	40000	97630	2.37	0.4165	2370	3694	0	0	0	3670	24	0	3696
1	1	A	40000	97765	2.235	0.395	2235	1840	0	0	0	1831	9	0	1841
1	1	B	40000	97708	2.292	0.438	2292	1854	0	0	0	1839	15	0	1855
1	2	G	40000	100000	0	0	0	0	0	0	0	0	0	0	2
1	2	A	40000	100000	0	0	0	0	0	0	0	0	0	0	1
1	2	B	40000	100000	0	0	0	0	0	0	0	0	0	0	1
1	3	G	40000	97254	2.746	0.4105	2746	4135	0	0	0	4123	6	6	4136
1	3	A	40000	97612	2.388	0.349	2388	2039	0	0	0	2028	5	6	2039
1	3	B	40000	97432	2.568	0.472	2568	2096	0	0	0	2095	1	0	2097
1	4	G	40000	599	99.401	96.4545	99401	3683	207	0	0	1538	1664	274	3379
1	4	A	40000	2199	97.801	95.495	97801	2306	92	0	0	812	1302	100	2172
1	4	B	40000	1209	98.791	97.414	98791	1377	115	0	0	726	362	174	1207
1	4	cSpy was 24 spamed and the readout avoided!
1	5	G	40000	42434	57.566	14.1385	57566	44084	0	0	0	38666	5414	4	44084
1	5	A	40000	71228	28.772	4.07	28772	24702	0	0	0	21199	3500	3	24702
1	5	B	40000	56411	43.589	24.207	43589	19382	0	0	0	17467	1914	1	19382
1	6	G	40000	100000	0	0	0	0	0	0	0	0	0	0	2
1	6	A	40000	100000	0	0	0	0	0	0	0	0	0	0	1
1	6	B	40000	100000	0	0	0	0	0	0	0	0	0	0	1
1	7	G	40000	95356	4.644	1.871	4644	3399	2	0	0	3331	56	10	3399
1	7	A	40000	96654	3.346	1.711	3346	1635	1	0	0	1575	50	9	1635
1	7	B	40000	96205	3.795	2.031	3795	1764	1	0	0	1756	6	1	1764
2	0	G	40000	2338	97.662	48.428	97662	4136	49	0	0	3893	117	77	4054
2	0	A	40000	2376	97.624	95.204	97624	2420	49	0	0	2177	117	77	2337
2	0	B	40000	96632	3.368	1.652	3368	1716	0	0	0	1716	0	0	1717
2	1	G	40000	100000	0	0	0	0	0	0	0	0	0	0	2
2	1	A	40000	100000	0	0	0	0	0	0	0	0	0	0	1
2	1	B	40000	100000	0	0	0	0	0	0	0	0	0	0	1
2	2	G	40000	35914	64.086	43.8415	64086	24989	650	1	0	22623	1134	581	24459
2	2	A	40000	46720	53.28	42.159	53280	11121	359	1	0	9727	632	402	10781
2	2	B	40000	40608	59.392	45.524	59392	13868	291	0	0	12896	502	179	13678
2	3	G	40000	6977	93.023	64.1875	93023	34542	87	0	0	30508	3850	97	34445
2	3	A	40000	23507	76.493	54.076	76493	22417	6	0	0	19446	2914	51	22384
2	3	B	40000	13576	86.424	74.299	86424	12125	81	0	0	11062	936	46	12061
2	4	G	40000	100000	0	0	0	0	0	0	0	0	0	0	2
2	4	A	40000	100000	0	0	0	0	0	0	0	0	0	0	1
2	4	B	40000	100000	0	0	0	0	0	0	0	0	0	0	1
2	5	G	40000	100000	0	0	0	0	0	0	0	0	0	0	2
2	5	A	40000	100000	0	0	0	0	0	0	0	0	0	0	1
2	5	B	40000	100000	0	0	0	0	0	0	0	0	0	0	1
2	6	G	40000	34506	65.494	40.2395	65494	29430	46	0	0	28242	787	355	29369
2	6	A	40000	48482	51.518	38.276	51518	13242	39	0	0	12163	696	344	13187
2	6	B	40000	41609	58.391	42.203	58391	16188	7	0	0	16079	91	11	16182
2	7	G	40000	0	100	100	100000	200000	200000	200000	200000	200000	200000	200000	200002
2	7	A	40000	0	100	100	100000	100000	100000	100000	100000	100000	100000	100000	100001
2	7	B	40000	0	100	100	100000	100000	100000	100000	100000	100000	100000	100000	100001
3	0	G	40000	1000	99	71.2235	99000	20953	256	3	0	19628	426	640	20406
3	0	A	40000	1661	98.339	96.172	98339	2167	215	0	0	1305	21	626	1642
3	0	B	40000	34939	65.061	46.275	65061	18786	41	3	0	18323	405	14	18764
3	0	cSpy was 44 spamed and the readout avoided!
3	1	G	40000	0	100	100	100000	200000	200000	200000	200000	200000	200000	200000	200002
3	1	A	40000	0	100	100	100000	100000	100000	100000	100000	100000	100000	100000	100001
3	1	B	40000	0	100	100	100000	100000	100000	100000	100000	100000	100000	100000	100001
3	2	G	40000	98582	1.418	0.024	1418	2785	0	0	0	2784	1	0	2787
3	2	A	40000	98582	1.418	0.024	1418	1394	0	0	0	1393	1	0	1395
3	2	B	40000	98585	1.415	0.024	1415	1391	0	0	0	1391	0	0	1392
3	3	G	40000	100000	0	0	0	0	0	0	0	0	0	0	2
3	3	A	40000	100000	0	0	0	0	0	0	0	0	0	0	1
3	3	B	40000	100000	0	0	0	0	0	0	0	0	0	0	1
3	4	G	40000	91830	8.17	1.4545	8170	12378	0	0	0	12365	8	5	12380
3	4	A	40000	92417	7.583	1.36	7583	6223	0	0	0	6211	7	5	6224
3	4	B	40000	92296	7.704	1.549	7704	6155	0	0	0	6154	1	0	6156
3	5	G	40000	0	100	100	100000	200000	200000	200000	200000	200000	200000	200000	200002
3	5	A	40000	0	100	100	100000	100000	100000	100000	100000	100000	100000	100000	100001
3	5	B	40000	0	100	100	100000	100000	100000	100000	100000	100000	100000	100000	100001
3	6	G	40000	56863	43.137	10.8295	43137	45429	10	8	0	41985	3406	20	45420
3	6	A	40000	65935	34.065	10.604	34065	23461	7	0	0	20439	3000	15	23461
3	6	B	40000	66977	33.023	11.055	33023	21968	3	8	0	21546	406	5	21959
3	6	cSpy was 7 spamed and the readout avoided!
3	7	G	40000	100000	0	0	0	0	0	0	0	0	0	0	2
3	7	A	40000	100000	0	0	0	0	0	0	0	0	0	0	1
3	7	B	40000	100000	0	0	0	0	0	0	0	0	0	0	1
4	0	G	40000	1073	98.927	66.8785	98927	28924	127	0	0	26077	2585	135	28764
4	0	A	40000	1948	98.052	95.978	98052	2074	71	0	0	1316	568	119	1942
4	0	B	40000	35371	64.629	37.779	64629	26850	56	0	0	24761	2017	16	26822
4	0	cSpy was 6 spamed and the readout avoided!
4	1	G	40000	100000	0	0	0	0	0	0	0	0	0	0	2
4	1	A	40000	100000	0	0	0	0	0	0	0	0	0	0	1
4	1	B	40000	100000	0	0	0	0	0	0	0	0	0	0	1
4	2	G	40000	97608	2.392	0.9195	2392	2196	0	0	0	2195	0	1	2198
4	2	A	40000	97976	2.024	0.947	2024	1077	0	0	0	1076	0	1	1078
4	2	B	40000	97989	2.011	0.892	2011	1119	0	0	0	1119	0	0	1120
4	3	G	40000	19604	80.396	58.931	80396	34175	805	0	0	32652	123	595	33108
4	3	A	40000	23667	76.333	59.211	76333	17122	392	0	0	16305	1	424	16410
4	3	B	40000	24296	75.704	58.651	75704	17053	413	0	0	16347	122	171	16698
4	3	cSpy was 8 spamed and the readout avoided!
4	4	G	40000	6705	93.295	76.343	93295	22266	214	18	2	19458	2047	527	21829
4	4	A	40000	12173	87.827	77.045	87827	10782	74	12	2	9212	1098	384	10505
4	4	B	40000	12875	87.125	75.641	87125	11484	140	6	0	10246	949	143	11324
4	4	cSpy was 67 spamed and the readout avoided!
4	5	G	40000	100000	0	0	0	0	0	0	0	0	0	0	2
4	5	A	40000	100000	0	0	0	0	0	0	0	0	0	0	1
4	5	B	40000	100000	0	0	0	0	0	0	0	0	0	0	1
4	6	G	40000	100000	0	0	0	0	0	0	0	0	0	0	2
4	6	A	40000	100000	0	0	0	0	0	0	0	0	0	0	1
4	6	B	40000	100000	0	0	0	0	0	0	0	0	0	0	1
4	7	G	40000	25405	74.595	50.759	74595	37352	308	1	0	36754	3	286	36986
4	7	A	40000	30483	69.517	50.853	69517	18664	153	1	0	18292	1	217	18401
4	7	B	40000	30647	69.353	50.665	69353	18688	155	0	0	18462	2	69	18585
4	7	cSpy was 6 spamed and the readout avoided!
5	0	G	40000	501	99.499	56.765	99499	14636	141	0	0	13537	111	847	14090
5	0	A	40000	613	99.387	98.229	99387	1158	139	0	0	72	100	847	613
5	0	B	40000	71221	28.779	15.301	28779	13478	2	0	0	13465	11	0	13477
5	0	cSpy was 69 spamed and the readout avoided!
5	1	G	40000	61423	38.577	17.7145	38577	32633	12	0	0	32573	3	45	32619
5	1	A	40000	65949	34.051	17.949	34051	16102	6	0	0	16050	3	43	16091
5	1	B	40000	65989	34.011	17.48	34011	16531	6	0	0	16523	0	2	16528
5	2	G	40000	23	99.977	98.2365	99977	1957	135	2	0	1078	356	386	1561
5	2	A	40000	69	99.931	99.628	99931	303	1	0	0	27	6	269	69
5	2	B	40000	1501	98.499	96.845	98499	1654	134	2	0	1051	350	117	1492
5	2	cSpy was 55 spamed and the readout avoided!
5	3	G	40000	96236	3.764	0.032	3764	7368	0	0	0	7278	89	1	7368
5	3	A	40000	96240	3.76	0.032	3760	3728	0	0	0	3642	85	1	3728
5	3	B	40000	96328	3.672	0.032	3672	3640	0	0	0	3636	4	0	3640
5	4	G	40000	100000	0	0	0	0	0	0	0	0	0	0	2
5	4	A	40000	100000	0	0	0	0	0	0	0	0	0	0	1
5	4	B	40000	100000	0	0	0	0	0	0	0	0	0	0	1
5	5	G	40000	93315	6.685	2.8725	6685	6554	7	0	0	6537	1	9	6549
5	5	A	40000	93821	6.179	2.928	6179	3251	3	0	0	3239	1	8	3248
5	5	B	40000	93880	6.12	2.817	6120	3303	4	0	0	3298	0	1	3301
5	6	G	40000	0	100	100	100000	200000	200000	200000	200000	200000	200000	200000	200002
5	6	A	40000	0	100	100	100000	100000	100000	100000	100000	100000	100000	100000	100001
5	6	B	40000	0	100	100	100000	100000	100000	100000	100000	100000	100000	100000	100001
5	7	G	40000	20692	79.308	30.4415	79308	62719	0	0	0	55162	7398	159	62640
5	7	A	40000	36726	63.274	33.288	63274	29986	0	0	0	25564	4264	158	29908
5	7	B	40000	39672	60.328	27.595	60328	32733	0	0	0	29598	3134	1	32732
5	7	cSpy was 4 spamed and the readout avoided!
6	0	G	40000	466	99.534	96.8315	99534	3451	319	2	0	1692	866	572	2880
6	0	A	40000	1055	98.945	97.465	98945	1480	171	1	0	238	584	486	1055
6	0	B	40000	1831	98.169	96.198	98169	1971	148	1	0	1454	282	86	1825
6	0	cSpy was 73 spamed and the readout avoided!
6	1	G	40000	8746	91.254	64.2185	91254	35073	35	0	0	31224	3193	621	34719
6	1	A	40000	17223	82.777	65.931	82777	16846	20	0	0	14635	1587	604	16506
6	1	B	40000	19267	80.733	62.506	80733	18227	15	0	0	16589	1606	17	18213
6	1	cSpy was 75 spamed and the readout avoided!
6	2	G	40000	100000	0	0	0	0	0	0	0	0	0	0	2
6	2	A	40000	100000	0	0	0	0	0	0	0	0	0	0	1
6	2	B	40000	100000	0	0	0	0	0	0	0	0	0	0	1
6	3	G	40000	100000	0	0	0	0	0	0	0	0	0	0	2
6	3	A	40000	100000	0	0	0	0	0	0	0	0	0	0	1
6	3	B	40000	100000	0	0	0	0	0	0	0	0	0	0	1
6	4	G	40000	30744	69.256	48.8995	69256	33113	629	0	0	31880	130	474	32264
6	4	A	40000	34312	65.688	49.165	65688	16523	302	0	0	15889	0	332	15965
6	4	B	40000	34776	65.224	48.634	65224	16590	327	0	0	15991	130	142	16299
6	4	cSpy was 7 spamed and the readout avoided!
6	5	G	40000	864	99.136	95.3545	99136	4833	242	4	0	3738	218	631	4385
6	5	A	40000	2013	97.987	95.738	97987	2249	35	1	0	1632	93	488	1991
6	5	B	40000	2445	97.555	94.971	97555	2584	207	3	0	2106	125	143	2394
6	5	cSpy was 74 spamed and the readout avoided!
6	6	G	40000	98524	1.476	0.03	1476	2835	0	0	0	2788	47	0	2837
6	6	A	40000	98525	1.475	0.03	1475	1445	0	0	0	1399	46	0	1446
6	6	B	40000	98580	1.42	0.03	1420	1390	0	0	0	1389	1	0	1391
6	7	G	40000	100000	0	0	0	0	0	0	0	0	0	0	2
6	7	A	40000	100000	0	0	0	0	0	0	0	0	0	0	1
6	7	B	40000	100000	0	0	0	0	0	0	0	0	0	0	1
7	0	G	40000	2101	97.899	47.9065	97899	3542	218	0	0	2704	73	547	3053
7	0	A	40000	2120	97.88	95.291	97880	2589	218	0	0	1751	73	547	2099
7	0	B	40000	98525	1.475	0.522	1475	953	0	0	0	953	0	0	954
7	0	cSpy was 2 spamed and the readout avoided!
7	1	G	40000	100000	0	0	0	0	0	0	0	0	0	0	2
7	1	A	40000	100000	0	0	0	0	0	0	0	0	0	0	1
7	1	B	40000	100000	0	0	0	0	0	0	0	0	0	0	1
7	2	G	40000	98686	1.314	0.105	1314	2281	0	0	0	2272	9	0	2283
7	2	A	40000	98736	1.264	0.124	1264	1140	0	0	0	1132	8	0	1141
7	2	B	40000	98773	1.227	0.086	1227	1141	0	0	0	1140	1	0	1142
7	3	G	40000	0	100	100	100000	200000	200000	200000	200000	200000	200000	200000	200002
7	3	A	40000	0	100	100	100000	100000	100000	100000	100000	100000	100000	100000	100001
7	3	B	40000	0	100	100	100000	100000	100000	100000	100000	100000	100000	100000	100001
7	4	G	40000	59077	40.923	29.5985	40923	19300	21	0	0	17405	1773	101	19231
7	4	A	40000	59720	40.28	29.928	40280	10352	0	0	0	8908	1375	69	10311
7	4	B	40000	61783	38.217	29.269	38217	8948	21	0	0	8497	398	32	8920
7	4	cSpy was 10 spamed and the readout avoided!
7	5	G	40000	100000	0	0	0	0	0	0	0	0	0	0	2
7	5	A	40000	100000	0	0	0	0	0	0	0	0	0	0	1
7	5	B	40000	100000	0	0	0	0	0	0	0	0	0	0	1
7	6	G	40000	99953	0.0469983	0	47	94	0	0	0	94	0	0	96
7	6	A	40000	99953	0.0469983	0	47	47	0	0	0	47	0	0	48
7	6	B	40000	99953	0.0469983	0	47	47	0	0	0	47	0	0	48
7	7	G	40000	54897	45.103	18.7175	45103	39624	14	14	0	38556	870	170	39571
7	7	A	40000	60751	39.249	19.186	39249	20063	13	14	0	19497	369	170	20010
7	7	B	40000	62190	37.81	18.249	37810	19561	1	0	0	19059	501	0	19561
7	7	cSpy was 6 spamed and the readout avoided!
