#the gain was set to: 2	the bias was set to: 30
#Sent triggers per delay setting: 100000	and with a frequency [Hz] of: 40000
#160MHz delay setting	400MHz delay setting	Frequency	correct transmitted H+T		error rate [%]	uncertainty [%]	bad or missed events	error count	missing headers	missing trailers	flipped H/T	event nr errors	tbm missed trigger	unknown errors	event nr resets
0	0	G	40000	406	99.594	72.2095	99594	19040	99	0	0	18024	280	637	18500
0	0	A	40000	612	99.388	98.241	99388	1147	87	0	0	181	245	634	612
0	0	B	40000	35929	64.071	46.178	64071	17893	12	0	0	17843	35	3	17888
0	0	cSpy was 24 spamed and the readout avoided!
0	1	G	40000	42135	57.865	41.4975	57865	21661	157	0	0	20789	301	414	21529
0	1	A	40000	49668	50.332	41	50332	9332	87	0	0	8894	2	349	9235
0	1	B	40000	45676	54.324	41.995	54324	12329	70	0	0	11895	299	65	12294
0	2	G	40000	3781	96.219	82.602	96219	17160	74	2	0	14638	2087	359	16937
0	2	A	40000	7722	92.278	84.728	92278	7550	45	0	0	6005	1151	349	7347
0	2	B	40000	9914	90.086	80.476	90086	9610	29	2	0	8633	936	10	9590
0	2	cSpy was 5 spamed and the readout avoided!
0	3	G	40000	100000	0	0	0	0	0	0	0	0	0	0	2
0	3	A	40000	100000	0	0	0	0	0	0	0	0	0	0	1
0	3	B	40000	100000	0	0	0	0	0	0	0	0	0	0	1
0	4	G	40000	100000	0	0	0	0	0	0	0	0	0	0	2
0	4	A	40000	100000	0	0	0	0	0	0	0	0	0	0	1
0	4	B	40000	100000	0	0	0	0	0	0	0	0	0	0	1
0	5	G	40000	36879	63.121	42.266	63121	28639	19	0	0	28074	173	373	28596
0	5	A	40000	45531	54.469	41.778	54469	12691	13	0	0	12273	41	364	12652
0	5	B	40000	41298	58.702	42.754	58702	15948	6	0	0	15801	132	9	15944
0	6	G	40000	1696	98.304	92.3355	98304	7815	415	17	0	5248	1705	430	7256
0	6	A	40000	4224	95.776	91.462	95776	4314	162	0	0	2666	1257	229	4047
0	6	B	40000	3290	96.71	93.209	96710	3501	253	17	0	2582	448	201	3209
0	6	cSpy was 35 spamed and the readout avoided!
0	7	G	40000	98427	1.573	0.081	1573	2935	0	0	0	2924	11	0	2937
0	7	A	40000	98462	1.538	0.073	1538	1465	0	0	0	1461	4	0	1466
0	7	B	40000	98441	1.559	0.089	1559	1470	0	0	0	1463	7	0	1471
1	0	G	40000	323	99.677	97.946	99677	2309	177	1	0	1316	216	599	1792
1	0	A	40000	976	99.024	97.611	99024	1413	145	1	0	617	127	523	970
1	0	B	40000	823	99.177	98.281	99177	896	32	0	0	699	89	76	822
1	0	cSpy was 42 spamed and the readout avoided!
1	1	G	40000	98009	1.991	0.368	1991	3131	0	0	0	3116	15	0	3133
1	1	A	40000	98087	1.913	0.354	1913	1559	0	0	0	1550	9	0	1560
1	1	B	40000	98046	1.954	0.382	1954	1572	0	0	0	1566	6	0	1573
1	2	G	40000	100000	0	0	0	0	0	0	0	0	0	0	2
1	2	A	40000	100000	0	0	0	0	0	0	0	0	0	0	1
1	2	B	40000	100000	0	0	0	0	0	0	0	0	0	0	1
1	3	G	40000	91083	8.917	3.1845	8917	8738	3	0	0	8620	89	26	8735
1	3	A	40000	92866	7.134	2.891	7134	4243	2	0	0	4145	73	23	4240
1	3	B	40000	92027	7.973	3.478	7973	4495	1	0	0	4475	16	3	4495
1	4	G	40000	0	100	100	100000	200000	200000	200000	200000	200000	200000	200000	200002
1	4	A	40000	0	100	100	100000	100000	100000	100000	100000	100000	100000	100000	100001
1	4	B	40000	0	100	100	100000	100000	100000	100000	100000	100000	100000	100000	100001
1	5	G	40000	57371	42.629	9.858	42629	32700	0	0	0	28724	3973	3	32702
1	5	A	40000	79258	20.742	2.952	20742	17790	0	0	0	15388	2400	2	17791
1	5	B	40000	68326	31.674	16.764	31674	14910	0	0	0	13336	1573	1	14911
1	6	G	40000	100000	0	0	0	0	0	0	0	0	0	0	2
1	6	A	40000	100000	0	0	0	0	0	0	0	0	0	0	1
1	6	B	40000	100000	0	0	0	0	0	0	0	0	0	0	1
1	7	G	40000	100000	0	0	0	0	0	0	0	0	0	0	2
1	7	A	40000	100000	0	0	0	0	0	0	0	0	0	0	1
1	7	B	40000	100000	0	0	0	0	0	0	0	0	0	0	1
2	0	G	40000	2380	97.62	48.2895	97620	3983	38	0	0	3750	123	72	3909
2	0	A	40000	2424	97.576	95.116	97576	2460	38	0	0	2227	123	72	2385
2	0	B	40000	97014	2.986	1.463	2986	1523	0	0	0	1523	0	0	1524
2	1	G	40000	99933	0.0670016	0.018	67	85	0	0	0	85	0	0	87
2	1	A	40000	99943	0.0569999	0.017	57	40	0	0	0	40	0	0	41
2	1	B	40000	99936	0.0639975	0.019	64	45	0	0	0	45	0	0	46
2	2	G	40000	26885	73.115	51.7885	73115	26137	851	0	0	23148	1408	730	25404
2	2	A	40000	38469	61.531	49.905	61531	11626	471	0	0	10008	670	477	11176
2	2	B	40000	31817	68.183	53.672	68183	14511	380	0	0	13140	738	253	14228
2	3	G	40000	9744	90.256	70.525	90256	23044	180	0	0	20027	2555	282	22744
2	3	A	40000	21803	78.197	63.723	78197	14474	80	0	0	12323	1905	166	14308
2	3	B	40000	14103	85.897	77.327	85897	8570	100	0	0	7704	650	116	8436
2	3	cSpy was 28 spamed and the readout avoided!
2	4	G	40000	100000	0	0	0	0	0	0	0	0	0	0	2
2	4	A	40000	100000	0	0	0	0	0	0	0	0	0	0	1
2	4	B	40000	100000	0	0	0	0	0	0	0	0	0	0	1
2	5	G	40000	99999	0.00100136	0	1	2	0	0	0	2	0	0	4
2	5	A	40000	99999	0.00100136	0	1	1	0	0	0	1	0	0	2
2	5	B	40000	99999	0.00100136	0	1	1	0	0	0	1	0	0	2
2	6	G	40000	45499	54.501	36.4805	54501	20951	123	2	0	19753	721	352	20857
2	6	A	40000	55884	44.116	34.807	44116	9309	86	2	0	8307	586	328	9223
2	6	B	40000	50204	49.796	38.154	49796	11642	37	0	0	11446	135	24	11634
2	7	G	40000	0	100	100	100000	200000	200000	200000	200000	200000	200000	200000	200002
2	7	A	40000	0	100	100	100000	100000	100000	100000	100000	100000	100000	100000	100001
2	7	B	40000	0	100	100	100000	100000	100000	100000	100000	100000	100000	100000	100001
3	0	G	40000	1058	98.942	70.7965	98942	15775	241	0	0	14537	340	657	15224
3	0	A	40000	1548	98.452	96.404	98452	2048	194	0	0	1183	39	632	1524
3	0	B	40000	41084	58.916	45.189	58916	13727	47	0	0	13354	301	25	13700
3	0	cSpy was 9 spamed and the readout avoided!
3	1	G	40000	0	100	100	100000	200000	200000	200000	200000	200000	200000	200000	200002
3	1	A	40000	0	100	100	100000	100000	100000	100000	100000	100000	100000	100000	100001
3	1	B	40000	0	100	100	100000	100000	100000	100000	100000	100000	100000	100000	100001
3	2	G	40000	99686	0.313997	0	314	628	0	0	0	628	0	0	630
3	2	A	40000	99686	0.313997	0	314	314	0	0	0	314	0	0	315
3	2	B	40000	99686	0.313997	0	314	314	0	0	0	314	0	0	315
3	3	G	40000	100000	0	0	0	0	0	0	0	0	0	0	2
3	3	A	40000	100000	0	0	0	0	0	0	0	0	0	0	1
3	3	B	40000	100000	0	0	0	0	0	0	0	0	0	0	1
3	4	G	40000	93394	6.606	1.1205	6606	10317	0	0	0	10309	8	0	10319
3	4	A	40000	93769	6.231	1.051	6231	5180	0	0	0	5172	8	0	5181
3	4	B	40000	93673	6.327	1.19	6327	5137	0	0	0	5137	0	0	5138
3	5	G	40000	0	100	100	100000	200000	200000	200000	200000	200000	200000	200000	200002
3	5	A	40000	0	100	100	100000	100000	100000	100000	100000	100000	100000	100000	100001
3	5	B	40000	0	100	100	100000	100000	100000	100000	100000	100000	100000	100000	100001
3	6	G	40000	69973	30.027	7.9135	30027	34858	9	11	0	32468	2338	32	34841
3	6	A	40000	73774	26.226	7.803	26226	18423	3	0	0	16210	2197	13	18423
3	6	B	40000	75541	24.459	8.024	24459	16435	6	11	0	16258	141	19	16418
3	6	cSpy was 5 spamed and the readout avoided!
3	7	G	40000	100000	0	0	0	0	0	0	0	0	0	0	2
3	7	A	40000	100000	0	0	0	0	0	0	0	0	0	0	1
3	7	B	40000	100000	0	0	0	0	0	0	0	0	0	0	1
4	0	G	40000	1109	98.891	59.609	98891	29512	116	0	0	26992	2204	200	29290
4	0	A	40000	1660	98.34	96.466	98340	1874	111	0	0	1051	518	194	1656
4	0	B	40000	49610	50.39	22.752	50390	27638	5	0	0	25941	1686	6	27634
4	0	cSpy was 5 spamed and the readout avoided!
4	1	G	40000	100000	0	0	0	0	0	0	0	0	0	0	2
4	1	A	40000	100000	0	0	0	0	0	0	0	0	0	0	1
4	1	B	40000	100000	0	0	0	0	0	0	0	0	0	0	1
4	2	G	40000	96780	3.22	1.644	3220	2259	2	0	0	2252	0	5	2260
4	2	A	40000	97231	2.769	1.659	2769	1110	1	0	0	1104	0	5	1110
4	2	B	40000	97222	2.778	1.629	2778	1149	1	0	0	1148	0	0	1150
4	2	cSpy was 2 spamed and the readout avoided!
4	3	G	40000	20201	79.799	58.749	79799	34253	816	0	0	32702	139	596	33175
4	3	A	40000	23831	76.169	58.994	76169	17175	395	0	0	16354	0	426	16451
4	3	B	40000	24418	75.582	58.504	75582	17078	421	0	0	16348	139	170	16724
4	3	cSpy was 8 spamed and the readout avoided!
4	4	G	40000	7559	92.441	72.3635	92441	26859	130	14	0	23829	2357	529	26466
4	4	A	40000	13903	86.097	72.889	86097	13208	37	9	0	11585	1170	407	12945
4	4	B	40000	14511	85.489	71.838	85489	13651	93	5	0	12244	1187	122	13521
4	4	cSpy was 68 spamed and the readout avoided!
4	5	G	40000	100000	0	0	0	0	0	0	0	0	0	0	2
4	5	A	40000	100000	0	0	0	0	0	0	0	0	0	0	1
4	5	B	40000	100000	0	0	0	0	0	0	0	0	0	0	1
4	6	G	40000	99799	0.200999	0.0155	201	363	0	0	0	363	0	0	365
4	6	A	40000	99801	0.199002	0.018	199	181	0	0	0	181	0	0	182
4	6	B	40000	99805	0.195003	0.013	195	182	0	0	0	182	0	0	183
4	7	G	40000	45961	54.039	33.8065	54039	32146	136	0	0	31854	4	152	31988
4	7	A	40000	50079	49.921	33.934	49921	15987	65	0	0	15788	4	130	15866
4	7	B	40000	50162	49.838	33.679	49838	16159	71	0	0	16066	0	22	16122
4	7	cSpy was 4 spamed and the readout avoided!
5	0	G	40000	521	99.479	56.335	99479	14306	151	0	0	13224	90	841	13772
5	0	A	40000	628	99.372	98.211	99372	1161	151	0	0	84	87	839	628
5	0	B	40000	72396	27.604	14.459	27604	13145	0	0	0	13140	3	2	13144
5	0	cSpy was 50 spamed and the readout avoided!
5	1	G	40000	57455	42.545	24.682	42545	27771	73	0	0	27606	4	88	27691
5	1	A	40000	61460	38.54	24.799	38540	13741	35	0	0	13625	4	77	13677
5	1	B	40000	61405	38.595	24.565	38595	14030	38	0	0	13981	0	11	14014
5	2	G	40000	0	100	100	100000	200000	200000	200000	200000	200000	200000	200000	200002
5	2	A	40000	0	100	100	100000	100000	100000	100000	100000	100000	100000	100000	100001
5	2	B	40000	0	100	100	100000	100000	100000	100000	100000	100000	100000	100000	100001
5	3	G	40000	98434	1.566	0	1566	3127	0	0	0	3124	3	0	3129
5	3	A	40000	98434	1.566	0	1566	1566	0	0	0	1563	3	0	1567
5	3	B	40000	98439	1.561	0	1561	1561	0	0	0	1561	0	0	1562
5	4	G	40000	100000	0	0	0	0	0	0	0	0	0	0	2
5	4	A	40000	100000	0	0	0	0	0	0	0	0	0	0	1
5	4	B	40000	100000	0	0	0	0	0	0	0	0	0	0	1
5	5	G	40000	87199	12.801	3.358	12801	15751	2	0	0	15736	2	11	15749
5	5	A	40000	88669	11.331	3.542	11331	7789	1	0	0	7775	2	11	7788
5	5	B	40000	88864	11.136	3.174	11136	7962	1	0	0	7961	0	0	7961
5	6	G	40000	4	99.996	97.562	99996	2542	222	1	0	923	1261	135	2329
5	6	A	40000	9	99.991	99.942	99991	49	0	0	0	1	1	47	9
5	6	B	40000	2325	97.675	95.182	97675	2493	222	1	0	922	1260	88	2320
5	6	cSpy was 34 spamed and the readout avoided!
5	7	G	40000	28826	71.174	18.3545	71174	67573	7	17	0	59683	7715	151	67499
5	7	A	40000	46520	53.48	20.562	53480	32918	7	17	0	28236	4507	151	32843
5	7	B	40000	49198	50.802	16.147	50802	34655	0	0	0	31447	3208	0	34656
5	7	cSpy was 2 spamed and the readout avoided!
6	0	G	40000	449	99.551	96.808	99551	3479	355	1	0	1693	862	568	2895
6	0	A	40000	1034	98.966	97.506	98966	1460	176	0	0	266	553	465	1034
6	0	B	40000	1871	98.129	96.11	98129	2019	179	1	0	1427	309	103	1861
6	0	cSpy was 82 spamed and the readout avoided!
6	1	G	40000	14130	85.87	45.7685	85870	51749	3	0	0	46028	5482	236	51632
6	1	A	40000	26895	73.105	48.43	73105	24675	1	0	0	21404	3040	230	24561
6	1	B	40000	29819	70.181	43.107	70181	27074	2	0	0	24624	2442	6	27071
6	1	cSpy was 8 spamed and the readout avoided!
6	2	G	40000	100000	0	0	0	0	0	0	0	0	0	0	2
6	2	A	40000	100000	0	0	0	0	0	0	0	0	0	0	1
6	2	B	40000	100000	0	0	0	0	0	0	0	0	0	0	1
6	3	G	40000	100000	0	0	0	0	0	0	0	0	0	0	2
6	3	A	40000	100000	0	0	0	0	0	0	0	0	0	0	1
6	3	B	40000	100000	0	0	0	0	0	0	0	0	0	0	1
6	4	G	40000	20553	79.447	58.575	79447	34313	800	0	0	32770	155	588	33261
6	4	A	40000	23975	76.025	58.858	76025	17167	385	0	0	16361	0	421	16455
6	4	B	40000	24562	75.438	58.292	75438	17146	415	0	0	16409	155	167	16806
6	4	cSpy was 8 spamed and the readout avoided!
6	5	G	40000	0	100	100	100000	200000	200000	200000	200000	200000	200000	200000	200002
6	5	A	40000	0	100	100	100000	100000	100000	100000	100000	100000	100000	100000	100001
6	5	B	40000	0	100	100	100000	100000	100000	100000	100000	100000	100000	100000	100001
6	6	G	40000	100000	0	0	0	0	0	0	0	0	0	0	2
6	6	A	40000	100000	0	0	0	0	0	0	0	0	0	0	1
6	6	B	40000	100000	0	0	0	0	0	0	0	0	0	0	1
6	7	G	40000	100000	0	0	0	0	0	0	0	0	0	0	2
6	7	A	40000	100000	0	0	0	0	0	0	0	0	0	0	1
6	7	B	40000	100000	0	0	0	0	0	0	0	0	0	0	1
7	0	G	40000	2148	97.852	48.074	97852	8805	215	0	0	7904	152	534	8328
7	0	A	40000	2280	97.72	94.992	97720	2728	215	0	0	1907	72	534	2250
7	0	B	40000	92767	7.233	1.156	7233	6077	0	0	0	5997	80	0	6078
7	0	cSpy was 4 spamed and the readout avoided!
7	1	G	40000	100000	0	0	0	0	0	0	0	0	0	0	2
7	1	A	40000	100000	0	0	0	0	0	0	0	0	0	0	1
7	1	B	40000	100000	0	0	0	0	0	0	0	0	0	0	1
7	2	G	40000	97939	2.061	0.215	2061	3410	0	0	0	3396	12	2	3412
7	2	A	40000	98047	1.953	0.24	1953	1713	0	0	0	1700	11	2	1714
7	2	B	40000	98113	1.887	0.19	1887	1697	0	0	0	1696	1	0	1698
7	3	G	40000	0	100	100	100000	200000	200000	200000	200000	200000	200000	200000	200002
7	3	A	40000	0	100	100	100000	100000	100000	100000	100000	100000	100000	100000	100001
7	3	B	40000	0	100	100	100000	100000	100000	100000	100000	100000	100000	100000	100001
7	4	G	40000	81213	18.787	3.7255	18787	26451	0	0	0	24177	2235	39	26447
7	4	A	40000	81830	18.17	3.733	18170	14437	0	0	0	12517	1881	39	14432
7	4	B	40000	84268	15.732	3.718	15732	12014	0	0	0	11660	354	0	12015
7	5	G	40000	100000	0	0	0	0	0	0	0	0	0	0	2
7	5	A	40000	100000	0	0	0	0	0	0	0	0	0	0	1
7	5	B	40000	100000	0	0	0	0	0	0	0	0	0	0	1
7	6	G	40000	96745	3.255	0.829	3255	3144	4	2	0	3111	20	7	3144
7	6	A	40000	97508	2.492	0.932	2492	1560	4	2	0	1539	8	7	1559
7	6	B	40000	97690	2.31	0.726	2310	1584	0	0	0	1572	12	0	1585
7	7	G	40000	52444	47.556	21.0555	47556	39773	8	39	0	38641	939	146	39713
7	7	A	40000	58330	41.67	21.549	41670	20121	6	39	0	19536	394	146	20062
7	7	B	40000	59786	40.214	20.562	40214	19652	2	0	0	19105	545	0	19651
7	7	cSpy was 8 spamed and the readout avoided!
