#the gain was set to: 2	the bias was set to: 30
#Sent triggers per delay setting: 100000	and with a frequency [Hz] of: 40000
#160MHz delay setting	400MHz delay setting	Frequency	correct transmitted H+T		error rate [%]	uncertainty [%]	bad or missed events	error count	missing headers	missing trailers	flipped H/T	event nr errors	tbm missed trigger	unknown errors	event nr resets
0	0	G	40000	436	99.564	71.599	99564	19248	115	0	0	18170	311	652	18703
0	0	A	40000	623	99.377	98.225	99377	1152	89	0	0	183	246	634	623
0	0	B	40000	36931	63.069	44.973	63069	18096	26	0	0	17987	65	18	18080
0	0	cSpy was 25 spamed and the readout avoided!
0	1	G	40000	39823	60.177	41.613	60177	24831	238	1	0	24108	11	473	24622
0	1	A	40000	48229	51.771	41.084	51771	10687	124	0	0	10175	4	384	10550
0	1	B	40000	43714	56.286	42.142	56286	14144	114	1	0	13933	7	89	14072
0	2	G	40000	5291	94.709	76.281	94709	23047	28	0	0	19632	3236	151	22956
0	2	A	40000	13794	86.206	73.319	86206	12887	8	0	0	10652	2088	139	12812
0	2	B	40000	10597	89.403	79.243	89403	10160	20	0	0	8980	1148	12	10144
0	3	G	40000	100000	0	0	0	0	0	0	0	0	0	0	2
0	3	A	40000	100000	0	0	0	0	0	0	0	0	0	0	1
0	3	B	40000	100000	0	0	0	0	0	0	0	0	0	0	1
0	4	G	40000	100000	0	0	0	0	0	0	0	0	0	0	2
0	4	A	40000	100000	0	0	0	0	0	0	0	0	0	0	1
0	4	B	40000	100000	0	0	0	0	0	0	0	0	0	0	1
0	5	G	40000	28660	71.34	48.8725	71340	28653	78	0	0	27999	77	499	28544
0	5	A	40000	39313	60.687	48.155	60687	12532	44	0	0	11986	33	469	12442
0	5	B	40000	34289	65.711	49.59	65711	16121	34	0	0	16013	44	30	16102
0	6	G	40000	3614	96.386	81.46	96386	18421	146	2	0	15177	2616	480	18050
0	6	A	40000	6979	93.021	86.066	93021	6955	98	1	0	5209	1189	458	6619
0	6	B	40000	11680	88.32	76.854	88320	11466	48	1	0	9968	1427	22	11431
0	6	cSpy was 10 spamed and the readout avoided!
0	7	G	40000	99593	0.406998	0.128	407	558	0	0	0	558	0	0	560
0	7	A	40000	99593	0.406998	0.128	407	279	0	0	0	279	0	0	280
0	7	B	40000	99593	0.406998	0.128	407	279	0	0	0	279	0	0	280
1	0	G	40000	409	99.591	95.924	99591	4036	237	3	0	2904	378	514	3557
1	0	A	40000	2122	97.878	95.418	97878	2460	186	2	0	1594	251	427	2062
1	0	B	40000	1994	98.006	96.43	98006	1576	51	1	0	1310	127	87	1495
1	0	cSpy was 27 spamed and the readout avoided!
1	1	G	40000	99799	0.200999	0	201	402	0	0	0	402	0	0	404
1	1	A	40000	99799	0.200999	0	201	201	0	0	0	201	0	0	202
1	1	B	40000	99799	0.200999	0	201	201	0	0	0	201	0	0	202
1	2	G	40000	100000	0	0	0	0	0	0	0	0	0	0	2
1	2	A	40000	100000	0	0	0	0	0	0	0	0	0	0	1
1	2	B	40000	100000	0	0	0	0	0	0	0	0	0	0	1
1	3	G	40000	87908	12.092	4.252	12092	11663	2	0	0	11587	50	24	11664
1	3	A	40000	90532	9.468	4.013	9468	5455	1	0	0	5388	43	23	5455
1	3	B	40000	89301	10.699	4.491	10699	6208	1	0	0	6199	7	1	6209
1	4	G	40000	0	100	100	100000	200000	200000	200000	200000	200000	200000	200000	200002
1	4	A	40000	0	100	100	100000	100000	100000	100000	100000	100000	100000	100000	100001
1	4	B	40000	0	100	100	100000	100000	100000	100000	100000	100000	100000	100000	100001
1	5	G	40000	86556	13.444	2.473	13444	12440	0	0	0	11418	1018	4	12442
1	5	A	40000	92456	7.544	1.372	7544	6172	0	0	0	5736	432	4	6173
1	5	B	40000	90158	9.842	3.574	9842	6268	0	0	0	5682	586	0	6269
1	6	G	40000	100000	0	0	0	0	0	0	0	0	0	0	2
1	6	A	40000	100000	0	0	0	0	0	0	0	0	0	0	1
1	6	B	40000	100000	0	0	0	0	0	0	0	0	0	0	1
1	7	G	40000	99900	0.0999987	0.001	100	196	0	0	0	196	0	0	198
1	7	A	40000	99901	0.0989974	0.001	99	98	0	0	0	98	0	0	99
1	7	B	40000	99901	0.0989974	0.001	99	98	0	0	0	98	0	0	99
2	0	G	40000	2451	97.549	48.1975	97549	4018	43	0	0	3797	112	66	3941
2	0	A	40000	2495	97.505	94.983	97505	2522	43	0	0	2301	112	66	2444
2	0	B	40000	97092	2.908	1.412	2908	1496	0	0	0	1496	0	0	1497
2	1	G	40000	96892	3.108	1.3445	3108	2254	0	0	0	2233	15	6	2255
2	1	A	40000	97666	2.334	1.282	2334	1052	0	0	0	1032	14	6	1052
2	1	B	40000	97391	2.609	1.407	2609	1202	0	0	0	1201	1	0	1203
2	2	G	40000	25257	74.743	53.359	74743	26801	877	0	0	23781	1386	757	26023
2	2	A	40000	36334	63.666	51.519	63666	12147	490	0	0	10705	469	483	11674
2	2	B	40000	30147	69.853	55.199	69853	14654	387	0	0	13076	917	274	14349
2	2	cSpy was 1 spamed and the readout avoided!
2	3	G	40000	7628	92.372	65.2855	92372	31970	121	15	1	28060	3577	197	31780
2	3	A	40000	22752	77.248	57.168	77248	20080	12	0	0	17412	2563	93	20007
2	3	B	40000	14707	85.293	73.403	85293	11890	109	15	1	10648	1014	104	11773
2	3	cSpy was 38 spamed and the readout avoided!
2	4	G	40000	100000	0	0	0	0	0	0	0	0	0	0	2
2	4	A	40000	100000	0	0	0	0	0	0	0	0	0	0	1
2	4	B	40000	100000	0	0	0	0	0	0	0	0	0	0	1
2	5	G	40000	100000	0	0	0	0	0	0	0	0	0	0	2
2	5	A	40000	100000	0	0	0	0	0	0	0	0	0	0	1
2	5	B	40000	100000	0	0	0	0	0	0	0	0	0	0	1
2	6	G	40000	42925	57.075	38.5605	57075	22122	190	0	0	20718	808	406	21967
2	6	A	40000	53315	46.685	36.883	46685	9802	117	0	0	8725	608	352	9682
2	6	B	40000	47442	52.558	40.238	52558	12320	73	0	0	11993	200	54	12285
2	7	G	40000	0	100	100	100000	200000	200000	200000	200000	200000	200000	200000	200002
2	7	A	40000	0	100	100	100000	100000	100000	100000	100000	100000	100000	100000	100001
2	7	B	40000	0	100	100	100000	100000	100000	100000	100000	100000	100000	100000	100001
3	0	G	40000	857	99.143	79.52	99143	17921	286	0	0	16569	411	655	17333
3	0	A	40000	1478	98.522	96.531	98522	1991	204	0	0	1129	29	629	1456
3	0	B	40000	21561	78.439	62.509	78439	15930	82	0	0	15440	382	26	15877
3	0	cSpy was 18 spamed and the readout avoided!
3	1	G	40000	0	100	100	100000	200000	200000	200000	200000	200000	200000	200000	200002
3	1	A	40000	0	100	100	100000	100000	100000	100000	100000	100000	100000	100000	100001
3	1	B	40000	0	100	100	100000	100000	100000	100000	100000	100000	100000	100000	100001
3	2	G	40000	91884	8.116	2.0135	8116	10493	7	6	0	9912	556	12	10488
3	2	A	40000	92474	7.526	1.999	7526	5527	2	0	0	4998	523	4	5527
3	2	B	40000	93006	6.994	2.028	6994	4966	5	6	0	4914	33	8	4961
3	2	cSpy was 2 spamed and the readout avoided!
3	3	G	40000	100000	0	0	0	0	0	0	0	0	0	0	2
3	3	A	40000	100000	0	0	0	0	0	0	0	0	0	0	1
3	3	B	40000	100000	0	0	0	0	0	0	0	0	0	0	1
3	4	G	40000	75735	24.265	10.4935	24265	21785	3	0	0	21665	93	24	21779
3	4	A	40000	78750	21.25	10.255	21250	10995	1	0	0	10942	28	24	10988
3	4	B	40000	78478	21.522	10.732	21522	10790	2	0	0	10723	65	0	10791
3	5	G	40000	0	100	100	100000	200000	200000	200000	200000	200000	200000	200000	200002
3	5	A	40000	0	100	100	100000	100000	100000	100000	100000	100000	100000	100000	100001
3	5	B	40000	0	100	100	100000	100000	100000	100000	100000	100000	100000	100000	100001
3	6	G	40000	0	100	100	100000	200000	200000	200000	200000	200000	200000	200000	200002
3	6	A	40000	0	100	100	100000	100000	100000	100000	100000	100000	100000	100000	100001
3	6	B	40000	0	100	100	100000	100000	100000	100000	100000	100000	100000	100000	100001
3	7	G	40000	100000	0	0	0	0	0	0	0	0	0	0	2
3	7	A	40000	100000	0	0	0	0	0	0	0	0	0	0	1
3	7	B	40000	100000	0	0	0	0	0	0	0	0	0	0	1
4	0	G	40000	841	99.159	64.7405	99159	16445	205	3	0	14961	876	400	16065
4	0	A	40000	1217	98.783	97.242	98783	1541	139	0	0	687	344	371	1212
4	0	B	40000	52857	47.143	32.239	47143	14904	66	3	0	14274	532	29	14853
4	0	cSpy was 19 spamed and the readout avoided!
4	1	G	40000	100000	0	0	0	0	0	0	0	0	0	0	2
4	1	A	40000	100000	0	0	0	0	0	0	0	0	0	0	1
4	1	B	40000	100000	0	0	0	0	0	0	0	0	0	0	1
4	2	G	40000	100000	0	0	0	0	0	0	0	0	0	0	2
4	2	A	40000	100000	0	0	0	0	0	0	0	0	0	0	1
4	2	B	40000	100000	0	0	0	0	0	0	0	0	0	0	1
4	3	G	40000	18403	81.597	58.954	81597	33765	683	3	0	32357	113	609	32866
4	3	A	40000	23820	76.18	59.313	76180	16867	347	3	0	16060	14	443	16257
4	3	B	40000	24507	75.493	58.595	75493	16898	336	0	0	16297	99	166	16609
4	3	cSpy was 9 spamed and the readout avoided!
4	4	G	40000	9535	90.465	64.8115	90465	33870	86	13	0	30411	2960	400	33620
4	4	A	40000	18024	81.976	65.174	81976	16802	40	10	0	14803	1580	369	16591
4	4	B	40000	18483	81.517	64.449	81517	17068	46	3	0	15608	1380	31	17029
4	4	cSpy was 21 spamed and the readout avoided!
4	5	G	40000	100000	0	0	0	0	0	0	0	0	0	0	2
4	5	A	40000	100000	0	0	0	0	0	0	0	0	0	0	1
4	5	B	40000	100000	0	0	0	0	0	0	0	0	0	0	1
4	6	G	40000	100000	0	0	0	0	0	0	0	0	0	0	2
4	6	A	40000	100000	0	0	0	0	0	0	0	0	0	0	1
4	6	B	40000	100000	0	0	0	0	0	0	0	0	0	0	1
4	7	G	40000	21832	78.168	56.554	78168	34626	625	0	0	33392	94	515	33765
4	7	A	40000	25912	74.088	56.762	74088	17326	301	0	0	16667	1	357	16751
4	7	B	40000	26354	73.646	56.346	73646	17300	324	0	0	16725	93	158	17014
4	7	cSpy was 6 spamed and the readout avoided!
5	0	G	40000	483	99.517	56.473	99517	14498	141	0	0	13390	104	863	13933
5	0	A	40000	603	99.397	98.229	99397	1168	141	0	0	70	95	862	603
5	0	B	40000	71953	28.047	14.717	28047	13330	0	0	0	13320	9	1	13330
5	0	cSpy was 50 spamed and the readout avoided!
5	1	G	40000	36083	63.917	39.6775	63917	37663	142	1	0	37356	6	158	37529
5	1	A	40000	41498	58.502	39.804	58502	18698	70	0	0	18485	6	137	18592
5	1	B	40000	41484	58.516	39.551	58516	18965	72	1	0	18871	0	21	18937
5	1	cSpy was 3 spamed and the readout avoided!
5	2	G	40000	34	99.966	98.4975	99966	1928	51	0	0	823	76	978	1072
5	2	A	40000	109	99.891	99.044	99891	847	2	0	0	7	0	838	109
5	2	B	40000	968	99.032	97.951	99032	1081	49	0	0	816	76	140	963
5	2	cSpy was 43 spamed and the readout avoided!
5	3	G	40000	99564	0.436002	0	436	872	0	0	0	872	0	0	874
5	3	A	40000	99564	0.436002	0	436	436	0	0	0	436	0	0	437
5	3	B	40000	99564	0.436002	0	436	436	0	0	0	436	0	0	437
5	4	G	40000	100000	0	0	0	0	0	0	0	0	0	0	2
5	4	A	40000	100000	0	0	0	0	0	0	0	0	0	0	1
5	4	B	40000	100000	0	0	0	0	0	0	0	0	0	0	1
5	5	G	40000	86744	13.256	3.6735	13256	16198	2	0	0	16184	0	12	16197
5	5	A	40000	88130	11.87	3.863	11870	8007	1	0	0	7995	0	11	8006
5	5	B	40000	88325	11.675	3.484	11675	8191	1	0	0	8189	0	1	8191
5	6	G	40000	54	99.946	98.2365	99946	1923	144	0	0	767	660	352	1596
5	6	A	40000	161	99.839	99.473	99839	366	13	0	0	92	13	248	158
5	6	B	40000	1443	98.557	97	98557	1557	131	0	0	675	647	104	1438
5	6	cSpy was 76 spamed and the readout avoided!
5	7	G	40000	45659	54.341	11.666	54341	56696	7	10	0	50977	5591	111	56657
5	7	A	40000	58320	41.68	12.472	41680	29208	7	10	0	25255	3825	111	29168
5	7	B	40000	61652	38.348	10.86	38348	27488	0	0	0	25722	1766	0	27489
5	7	cSpy was 1 spamed and the readout avoided!
6	0	G	40000	658	99.342	95.375	99342	4918	286	5	0	2558	1346	723	4319
6	0	A	40000	1434	98.566	96.628	98566	1938	160	3	0	178	918	679	1434
6	0	B	40000	2898	97.102	94.122	97102	2980	126	2	0	2380	428	44	2885
6	0	cSpy was 56 spamed and the readout avoided!
6	1	G	40000	15708	84.292	40.8075	84292	56477	7	0	0	50219	5934	317	56327
6	1	A	40000	29332	70.668	43.789	70668	26879	0	0	0	23314	3254	311	26733
6	1	B	40000	32576	67.424	37.826	67424	29598	7	0	0	26905	2680	6	29594
6	1	cSpy was 7 spamed and the readout avoided!
6	2	G	40000	100000	0	0	0	0	0	0	0	0	0	0	2
6	2	A	40000	100000	0	0	0	0	0	0	0	0	0	0	1
6	2	B	40000	100000	0	0	0	0	0	0	0	0	0	0	1
6	3	G	40000	100000	0	0	0	0	0	0	0	0	0	0	2
6	3	A	40000	100000	0	0	0	0	0	0	0	0	0	0	1
6	3	B	40000	100000	0	0	0	0	0	0	0	0	0	0	1
6	4	G	40000	19736	80.264	58.938	80264	34073	803	0	0	32551	119	600	32997
6	4	A	40000	23717	76.283	59.23	76283	17053	393	0	0	16235	3	422	16343
6	4	B	40000	24334	75.666	58.646	75666	17020	410	0	0	16316	116	178	16654
6	4	cSpy was 10 spamed and the readout avoided!
6	5	G	40000	6645	93.355	85.155	93355	10808	127	1	0	9115	622	943	10105
6	5	A	40000	8884	91.116	86.018	91116	5098	8	0	0	4024	263	803	4533
6	5	B	40000	9998	90.002	84.292	90002	5710	119	1	0	5091	359	140	5572
6	5	cSpy was 44 spamed and the readout avoided!
6	6	G	40000	100000	0	0	0	0	0	0	0	0	0	0	2
6	6	A	40000	100000	0	0	0	0	0	0	0	0	0	0	1
6	6	B	40000	100000	0	0	0	0	0	0	0	0	0	0	1
6	7	G	40000	100000	0	0	0	0	0	0	0	0	0	0	2
6	7	A	40000	100000	0	0	0	0	0	0	0	0	0	0	1
6	7	B	40000	100000	0	0	0	0	0	0	0	0	0	0	1
7	0	G	40000	2169	97.831	47.81	97831	4394	214	0	0	3567	66	547	3908
7	0	A	40000	2211	97.789	95.125	97789	2664	214	0	0	1845	58	547	2177
7	0	B	40000	97775	2.225	0.495	2225	1730	0	0	0	1722	8	0	1731
7	0	cSpy was 3 spamed and the readout avoided!
7	1	G	40000	100000	0	0	0	0	0	0	0	0	0	0	2
7	1	A	40000	100000	0	0	0	0	0	0	0	0	0	0	1
7	1	B	40000	100000	0	0	0	0	0	0	0	0	0	0	1
7	2	G	40000	92761	7.239	1.3615	7239	9314	3	1	0	9252	42	16	9311
7	2	A	40000	93811	6.189	1.527	6189	4662	3	1	0	4606	36	16	4658
7	2	B	40000	94152	5.848	1.196	5848	4652	0	0	0	4646	6	0	4653
7	2	cSpy was 2 spamed and the readout avoided!
7	3	G	40000	0	100	100	100000	200000	200000	200000	200000	200000	200000	200000	200002
7	3	A	40000	0	100	100	100000	100000	100000	100000	100000	100000	100000	100000	100001
7	3	B	40000	0	100	100	100000	100000	100000	100000	100000	100000	100000	100000	100001
7	4	G	40000	91548	8.452	0.77	8452	14504	0	0	0	13824	676	4	14506
7	4	A	40000	91621	8.379	0.77	8379	7609	0	0	0	7004	601	4	7610
7	4	B	40000	92335	7.665	0.77	7665	6895	0	0	0	6820	75	0	6896
7	5	G	40000	100000	0	0	0	0	0	0	0	0	0	0	2
7	5	A	40000	100000	0	0	0	0	0	0	0	0	0	0	1
7	5	B	40000	100000	0	0	0	0	0	0	0	0	0	0	1
7	6	G	40000	97154	2.846	0.756	2846	2729	3	3	0	2705	15	3	2730
7	6	A	40000	97806	2.194	0.84	2194	1354	3	3	0	1339	6	3	1354
7	6	B	40000	97953	2.047	0.672	2047	1375	0	0	0	1366	9	0	1376
7	6	cSpy was 1 spamed and the readout avoided!
7	7	G	40000	45686	54.314	25.7145	54314	43991	5	0	0	42469	1357	160	43933
7	7	A	40000	51682	48.318	26.087	48318	22231	2	0	0	21470	599	160	22173
7	7	B	40000	52898	47.102	25.342	47102	21760	3	0	0	20999	758	0	21760
7	7	cSpy was 6 spamed and the readout avoided!
