#the gain was set to: 2	the bias was set to: 30
#Sent triggers per delay setting: 100000	and with a frequency [Hz] of: 40000
#160MHz delay setting	400MHz delay setting	Frequency	correct transmitted H+T		error rate [%]	uncertainty [%]	bad or missed events	error count	missing headers	missing trailers	flipped H/T	event nr errors	tbm missed trigger	unknown errors	event nr resets
0	0	G	40000	447	99.553	71.652	99553	19233	99	0	0	18196	330	608	18708
0	0	A	40000	651	99.349	98.186	99349	1163	87	0	0	212	268	596	651
0	0	B	40000	36812	63.188	45.118	63188	18070	12	0	0	17984	62	12	18057
0	0	cSpy was 30 spamed and the readout avoided!
0	1	G	40000	26326	73.674	54.027	73674	26202	563	0	0	24894	5	740	25680
0	1	A	40000	35548	64.452	53.567	64452	10885	274	0	0	10114	1	496	10607
0	1	B	40000	30196	69.804	54.487	69804	15317	289	0	0	14780	4	244	15073
0	2	G	40000	4677	95.323	78.772	95323	20963	75	1	0	17700	2805	382	20710
0	2	A	40000	9174	90.826	81.906	90826	8920	56	0	0	7006	1485	373	8687
0	2	B	40000	12319	87.681	75.638	87681	12043	19	1	0	10694	1320	9	12023
0	2	cSpy was 1 spamed and the readout avoided!
0	3	G	40000	100000	0	0	0	0	0	0	0	0	0	0	2
0	3	A	40000	100000	0	0	0	0	0	0	0	0	0	0	1
0	3	B	40000	100000	0	0	0	0	0	0	0	0	0	0	1
0	4	G	40000	99999	0.00100136	0	1	2	0	0	0	2	0	0	4
0	4	A	40000	99999	0.00100136	0	1	1	0	0	0	1	0	0	2
0	4	B	40000	99999	0.00100136	0	1	1	0	0	0	1	0	0	2
0	5	G	40000	47703	52.297	34.812	52297	23119	57	0	0	22647	67	348	23036
0	5	A	40000	55419	44.581	34.282	44581	10299	31	0	0	9912	28	328	10230
0	5	B	40000	51838	48.162	35.342	48162	12820	26	0	0	12735	39	20	12806
0	6	G	40000	2585	97.415	89.3115	97415	10674	281	14	0	8325	1743	311	10313
0	6	A	40000	5005	94.995	90.01	94995	4985	122	0	0	3671	939	253	4743
0	6	B	40000	5698	94.302	88.613	94302	5689	159	14	0	4654	804	58	5570
0	6	cSpy was 24 spamed and the readout avoided!
0	7	G	40000	78797	21.203	17.499	21203	4930	13	1	0	4188	652	76	4882
0	7	A	40000	79743	20.257	18.091	20257	2166	9	0	0	1716	365	76	2121
0	7	B	40000	80329	19.671	16.907	19671	2764	4	1	0	2472	287	0	2761
1	0	G	40000	303	99.697	96.7475	99697	3365	209	4	0	2586	264	302	3055
1	0	A	40000	2446	97.554	94.927	97554	2627	186	4	0	1997	189	251	2363
1	0	B	40000	694	99.306	98.568	99306	738	23	0	0	589	75	51	692
1	0	cSpy was 24 spamed and the readout avoided!
1	1	G	40000	99803	0.196999	0.001	197	392	0	0	0	392	0	0	394
1	1	A	40000	99803	0.196999	0.001	197	196	0	0	0	196	0	0	197
1	1	B	40000	99803	0.196999	0.001	197	196	0	0	0	196	0	0	197
1	2	G	40000	100000	0	0	0	0	0	0	0	0	0	0	2
1	2	A	40000	100000	0	0	0	0	0	0	0	0	0	0	1
1	2	B	40000	100000	0	0	0	0	0	0	0	0	0	0	1
1	3	G	40000	88984	11.016	3.213	11016	12571	0	0	0	12521	29	21	12571
1	3	A	40000	91055	8.945	3.025	8945	5920	0	0	0	5875	24	21	5920
1	3	B	40000	89948	10.052	3.401	10052	6651	0	0	0	6646	5	0	6651
1	4	G	40000	981	99.019	94.5985	99019	5605	452	6	0	3623	1148	376	5049
1	4	A	40000	3263	96.737	93.409	96737	3328	128	0	0	2098	958	144	3139
1	4	B	40000	1935	98.065	95.788	98065	2277	324	6	0	1525	190	232	1910
1	4	cSpy was 49 spamed and the readout avoided!
1	5	G	40000	85897	14.103	2.6085	14103	12694	0	0	0	11535	1150	9	12696
1	5	A	40000	92336	7.664	1.374	7664	6290	0	0	0	5782	499	9	6291
1	5	B	40000	89753	10.247	3.843	10247	6404	0	0	0	5753	651	0	6405
1	6	G	40000	100000	0	0	0	0	0	0	0	0	0	0	2
1	6	A	40000	100000	0	0	0	0	0	0	0	0	0	0	1
1	6	B	40000	100000	0	0	0	0	0	0	0	0	0	0	1
1	7	G	40000	99917	0.0829995	0	83	166	0	0	0	166	0	0	168
1	7	A	40000	99917	0.0829995	0	83	83	0	0	0	83	0	0	84
1	7	B	40000	99917	0.0829995	0	83	83	0	0	0	83	0	0	84
2	0	G	40000	2437	97.563	48.22	97563	3993	42	2	0	3769	108	72	3918
2	0	A	40000	2470	97.53	95.021	97530	2509	42	2	0	2285	108	72	2433
2	0	B	40000	97097	2.903	1.419	2903	1484	0	0	0	1484	0	0	1485
2	1	G	40000	97912	2.088	0.8535	2088	1647	2	0	0	1633	4	8	1646
2	1	A	40000	98427	1.573	0.814	1573	759	2	0	0	746	3	8	757
2	1	B	40000	98219	1.781	0.893	1781	888	0	0	0	887	1	0	889
2	2	G	40000	25709	74.291	52.9355	74291	26563	873	1	0	23483	1448	758	25761
2	2	A	40000	36925	63.075	51.077	63075	11998	481	1	0	10477	555	484	11522
2	2	B	40000	30641	69.359	54.794	69359	14565	392	0	0	13006	893	274	14239
2	2	cSpy was 1 spamed and the readout avoided!
2	3	G	40000	9301	90.699	64.517	90699	30454	138	0	1	26949	3142	224	30245
2	3	A	40000	24568	75.432	56.467	75432	18965	6	0	0	16564	2313	82	18911
2	3	B	40000	15944	84.056	72.567	84056	11489	132	0	1	10385	829	142	11334
2	3	cSpy was 34 spamed and the readout avoided!
2	4	G	40000	100000	0	0	0	0	0	0	0	0	0	0	2
2	4	A	40000	100000	0	0	0	0	0	0	0	0	0	0	1
2	4	B	40000	100000	0	0	0	0	0	0	0	0	0	0	1
2	5	G	40000	100000	0	0	0	0	0	0	0	0	0	0	2
2	5	A	40000	100000	0	0	0	0	0	0	0	0	0	0	1
2	5	B	40000	100000	0	0	0	0	0	0	0	0	0	0	1
2	6	G	40000	42373	57.627	38.8095	57627	22322	139	0	0	21017	772	394	22216
2	6	A	40000	52999	47.001	37.086	47001	9915	92	0	0	8847	614	362	9820
2	6	B	40000	47060	52.94	40.533	52940	12407	47	0	0	12170	158	32	12396
2	7	G	40000	0	100	100	100000	200000	200000	200000	200000	200000	200000	200000	200002
2	7	A	40000	0	100	100	100000	100000	100000	100000	100000	100000	100000	100000	100001
2	7	B	40000	0	100	100	100000	100000	100000	100000	100000	100000	100000	100000	100001
3	0	G	40000	1060	98.94	72.377	98940	15473	275	2	0	14270	278	648	14900
3	0	A	40000	1580	98.42	96.332	98420	2088	211	0	0	1245	22	610	1571
3	0	B	40000	38193	61.807	48.422	61807	13385	64	2	0	13025	256	38	13329
3	0	cSpy was 10 spamed and the readout avoided!
3	1	G	40000	0	100	100	100000	200000	200000	200000	200000	200000	200000	200000	200002
3	1	A	40000	0	100	100	100000	100000	100000	100000	100000	100000	100000	100000	100001
3	1	B	40000	0	100	100	100000	100000	100000	100000	100000	100000	100000	100000	100001
3	2	G	40000	99966	0.0339985	0	34	68	0	0	0	68	0	0	70
3	2	A	40000	99966	0.0339985	0	34	34	0	0	0	34	0	0	35
3	2	B	40000	99966	0.0339985	0	34	34	0	0	0	34	0	0	35
3	3	G	40000	100000	0	0	0	0	0	0	0	0	0	0	2
3	3	A	40000	100000	0	0	0	0	0	0	0	0	0	0	1
3	3	B	40000	100000	0	0	0	0	0	0	0	0	0	0	1
3	4	G	40000	94671	5.329	0.6185	5329	9015	0	0	0	9012	3	0	9017
3	4	A	40000	94903	5.097	0.578	5097	4519	0	0	0	4516	3	0	4520
3	4	B	40000	94845	5.155	0.659	5155	4496	0	0	0	4496	0	0	4497
3	5	G	40000	0	100	100	100000	200000	200000	200000	200000	200000	200000	200000	200002
3	5	A	40000	0	100	100	100000	100000	100000	100000	100000	100000	100000	100000	100001
3	5	B	40000	0	100	100	100000	100000	100000	100000	100000	100000	100000	100000	100001
3	6	G	40000	83540	16.46	3.7995	16460	22998	10	8	0	22050	922	8	22994
3	6	A	40000	84167	15.833	3.784	15833	12049	0	0	0	11174	871	4	12050
3	6	B	40000	85236	14.764	3.815	14764	10949	10	8	0	10876	51	4	10944
3	7	G	40000	100000	0	0	0	0	0	0	0	0	0	0	2
3	7	A	40000	100000	0	0	0	0	0	0	0	0	0	0	1
3	7	B	40000	100000	0	0	0	0	0	0	0	0	0	0	1
4	0	G	40000	1088	98.912	53.968	98912	24410	159	3	0	22791	1093	364	24049
4	0	A	40000	1452	98.548	96.745	98548	1803	153	0	0	872	414	364	1446
4	0	B	40000	66202	33.798	11.191	33798	22607	6	3	0	21919	679	0	22603
4	0	cSpy was 8 spamed and the readout avoided!
4	1	G	40000	100000	0	0	0	0	0	0	0	0	0	0	2
4	1	A	40000	100000	0	0	0	0	0	0	0	0	0	0	1
4	1	B	40000	100000	0	0	0	0	0	0	0	0	0	0	1
4	2	G	40000	97962	2.038	1.124	2038	1433	0	0	0	1428	1	4	1433
4	2	A	40000	98158	1.842	1.133	1842	709	0	0	0	704	1	4	708
4	2	B	40000	98161	1.839	1.115	1839	724	0	0	0	724	0	0	725
4	3	G	40000	16168	83.832	61.3275	83832	32554	711	1	1	30989	138	714	31523
4	3	A	40000	21942	78.058	61.816	78058	16242	368	1	0	15332	13	528	15545
4	3	B	40000	22849	77.151	60.839	77151	16312	343	0	1	15657	125	186	15978
4	3	cSpy was 11 spamed and the readout avoided!
4	4	G	40000	0	100	100	100000	200000	200000	200000	200000	200000	200000	200000	200002
4	4	A	40000	0	100	100	100000	100000	100000	100000	100000	100000	100000	100000	100001
4	4	B	40000	0	100	100	100000	100000	100000	100000	100000	100000	100000	100000	100001
4	5	G	40000	100000	0	0	0	0	0	0	0	0	0	0	2
4	5	A	40000	100000	0	0	0	0	0	0	0	0	0	0	1
4	5	B	40000	100000	0	0	0	0	0	0	0	0	0	0	1
4	6	G	40000	99777	0.222999	0.02	223	378	0	0	0	378	0	0	380
4	6	A	40000	99787	0.212997	0.024	213	189	0	0	0	189	0	0	190
4	6	B	40000	99795	0.204998	0.016	205	189	0	0	0	189	0	0	190
4	7	G	40000	22886	77.114	54.692	77114	35806	497	0	0	34819	90	400	35155
4	7	A	40000	27247	72.753	54.87	72753	17883	239	0	0	17350	2	292	17442
4	7	B	40000	27563	72.437	54.514	72437	17923	258	0	0	17469	88	108	17713
4	7	cSpy was 4 spamed and the readout avoided!
5	0	G	40000	513	99.487	56.471	99487	14665	130	0	0	13572	121	842	14107
5	0	A	40000	608	99.392	98.225	99392	1167	130	0	0	87	109	841	608
5	0	B	40000	71785	28.215	14.717	28215	13498	0	0	0	13485	12	1	13499
5	0	cSpy was 47 spamed and the readout avoided!
5	1	G	40000	46320	53.68	30.4765	53680	35915	71	0	0	35743	8	93	35849
5	1	A	40000	51574	48.426	30.624	48426	17802	35	0	0	17671	7	89	17748
5	1	B	40000	51558	48.442	30.329	48442	18113	36	0	0	18072	1	4	18101
5	1	cSpy was 3 spamed and the readout avoided!
5	2	G	40000	72	99.928	98.4785	99928	1936	95	0	0	743	136	962	1094
5	2	A	40000	297	99.703	98.667	99703	1036	53	0	0	68	70	845	290
5	2	B	40000	810	99.19	98.29	99190	900	42	0	0	675	66	117	804
5	2	cSpy was 83 spamed and the readout avoided!
5	3	G	40000	99552	0.448	0	448	895	0	0	0	894	1	0	897
5	3	A	40000	99552	0.448	0	448	448	0	0	0	447	1	0	449
5	3	B	40000	99553	0.446999	0	447	447	0	0	0	447	0	0	448
5	4	G	40000	100000	0	0	0	0	0	0	0	0	0	0	2
5	4	A	40000	100000	0	0	0	0	0	0	0	0	0	0	1
5	4	B	40000	100000	0	0	0	0	0	0	0	0	0	0	1
5	5	G	40000	84422	15.578	6.9165	15578	14098	18	0	0	14054	1	25	14081
5	5	A	40000	85977	14.023	7.045	14023	6978	9	0	0	6945	1	23	6964
5	5	B	40000	86092	13.908	6.788	13908	7120	9	0	0	7109	0	2	7117
5	5	cSpy was 2 spamed and the readout avoided!
5	6	G	40000	0	100	100	100000	200000	200000	200000	200000	200000	200000	200000	200002
5	6	A	40000	0	100	100	100000	100000	100000	100000	100000	100000	100000	100000	100001
5	6	B	40000	0	100	100	100000	100000	100000	100000	100000	100000	100000	100000	100001
5	7	G	40000	52938	47.062	10.132	47062	50017	5	4	0	44984	4931	93	49976
5	7	A	40000	63346	36.654	10.738	36654	25916	5	4	0	22323	3491	93	25874
5	7	B	40000	66373	33.627	9.526	33627	24101	0	0	0	22661	1440	0	24102
6	0	G	40000	591	99.409	95.865	99409	4410	256	5	0	2264	1208	677	3848
6	0	A	40000	1282	98.718	96.97	98718	1748	140	1	0	168	811	628	1282
6	0	B	40000	2578	97.422	94.76	97422	2662	116	4	0	2096	397	49	2566
6	0	cSpy was 44 spamed and the readout avoided!
6	1	G	40000	14943	85.057	43.152	85057	54109	2	0	0	48071	5768	268	53978
6	1	A	40000	28215	71.785	46.034	71785	25751	0	0	0	22247	3240	264	25624
6	1	B	40000	31372	68.628	40.27	68628	28358	2	0	0	25824	2528	4	28354
6	1	cSpy was 4 spamed and the readout avoided!
6	2	G	40000	100000	0	0	0	0	0	0	0	0	0	0	2
6	2	A	40000	100000	0	0	0	0	0	0	0	0	0	0	1
6	2	B	40000	100000	0	0	0	0	0	0	0	0	0	0	1
6	3	G	40000	100000	0	0	0	0	0	0	0	0	0	0	2
6	3	A	40000	100000	0	0	0	0	0	0	0	0	0	0	1
6	3	B	40000	100000	0	0	0	0	0	0	0	0	0	0	1
6	4	G	40000	19824	80.176	58.836	80176	34129	810	0	0	32579	141	599	33053
6	4	A	40000	23797	76.203	59.124	76203	17079	394	0	0	16259	0	426	16359
6	4	B	40000	24402	75.598	58.548	75598	17050	416	0	0	16320	141	173	16694
6	4	cSpy was 8 spamed and the readout avoided!
6	5	G	40000	4796	95.204	81.2445	95204	18146	207	9	1	15922	1165	843	17593
6	5	A	40000	9158	90.842	82.124	90842	8718	28	1	0	7438	526	726	8332
6	5	B	40000	10207	89.793	80.365	89793	9428	179	8	1	8484	639	117	9261
6	5	cSpy was 34 spamed and the readout avoided!
6	6	G	40000	100000	0	0	0	0	0	0	0	0	0	0	2
6	6	A	40000	100000	0	0	0	0	0	0	0	0	0	0	1
6	6	B	40000	100000	0	0	0	0	0	0	0	0	0	0	1
6	7	G	40000	100000	0	0	0	0	0	0	0	0	0	0	2
6	7	A	40000	100000	0	0	0	0	0	0	0	0	0	0	1
6	7	B	40000	100000	0	0	0	0	0	0	0	0	0	0	1
7	0	G	40000	2149	97.851	47.8435	97851	3612	205	0	0	2778	67	562	3116
7	0	A	40000	2170	97.83	95.2	97830	2630	205	0	0	1796	67	562	2133
7	0	B	40000	98531	1.469	0.487	1469	982	0	0	0	982	0	0	983
7	0	cSpy was 1 spamed and the readout avoided!
7	1	G	40000	100000	0	0	0	0	0	0	0	0	0	0	2
7	1	A	40000	100000	0	0	0	0	0	0	0	0	0	0	1
7	1	B	40000	100000	0	0	0	0	0	0	0	0	0	0	1
7	2	G	40000	92165	7.835	1.861	7835	8877	6	5	0	8771	81	14	8874
7	2	A	40000	93527	6.473	2.069	6473	4404	6	5	0	4333	46	14	4400
7	2	B	40000	93874	6.126	1.653	6126	4473	0	0	0	4438	35	0	4474
7	3	G	40000	0	100	100	100000	200000	200000	200000	200000	200000	200000	200000	200002
7	3	A	40000	0	100	100	100000	100000	100000	100000	100000	100000	100000	100000	100001
7	3	B	40000	0	100	100	100000	100000	100000	100000	100000	100000	100000	100000	100001
7	4	G	40000	91541	8.459	0.7845	8459	14516	0	0	0	13880	633	3	14518
7	4	A	40000	91631	8.369	0.785	8369	7584	0	0	0	7041	540	3	7585
7	4	B	40000	92284	7.716	0.784	7716	6932	0	0	0	6839	93	0	6933
7	5	G	40000	100000	0	0	0	0	0	0	0	0	0	0	2
7	5	A	40000	100000	0	0	0	0	0	0	0	0	0	0	1
7	5	B	40000	100000	0	0	0	0	0	0	0	0	0	0	1
7	6	G	40000	99238	0.761998	0.1755	762	769	1	0	0	765	3	0	771
7	6	A	40000	99424	0.576001	0.199	576	377	1	0	0	375	1	0	378
7	6	B	40000	99456	0.544	0.152	544	392	0	0	0	390	2	0	393
7	7	G	40000	46427	53.573	25.1915	53573	43147	8	1	0	41733	1250	155	43092
7	7	A	40000	52569	47.431	25.635	47431	21796	3	1	0	21086	552	154	21742
7	7	B	40000	53901	46.099	24.748	46099	21351	5	0	0	20647	698	1	21350
7	7	cSpy was 9 spamed and the readout avoided!
