#the gain was set to: 2	the bias was set to: 30
#Sent triggers per delay setting: 100000	and with a frequency [Hz] of: 40000
#160MHz delay setting	400MHz delay setting	Frequency	correct transmitted H+T		error rate [%]	uncertainty [%]	bad or missed events	error count	missing headers	missing trailers	flipped H/T	event nr errors	tbm missed trigger	unknown errors	event nr resets
0	0	G	40000	447	99.553	71.734	99553	19173	111	0	0	18131	300	631	18637
0	0	A	40000	641	99.359	98.187	99359	1172	99	0	0	185	268	620	641
0	0	B	40000	36718	63.282	45.281	63282	18001	12	0	0	17946	32	11	17996
0	0	cSpy was 28 spamed and the readout avoided!
0	1	G	40000	31945	68.055	46.812	68055	27610	185	0	0	26895	57	473	27430
0	1	A	40000	41790	58.21	46.17	58210	12040	95	0	0	11533	25	387	11914
0	1	B	40000	36976	63.024	47.454	63024	15570	90	0	0	15362	32	86	15516
0	2	G	40000	3125	96.875	83.7625	96875	16184	195	6	0	13068	2451	464	15797
0	2	A	40000	6141	93.859	87.658	93859	6201	113	2	0	4556	1097	433	5879
0	2	B	40000	10150	89.85	79.867	89850	9983	82	4	0	8512	1354	31	9918
0	2	cSpy was 23 spamed and the readout avoided!
0	3	G	40000	100000	0	0	0	0	0	0	0	0	0	0	2
0	3	A	40000	100000	0	0	0	0	0	0	0	0	0	0	1
0	3	B	40000	100000	0	0	0	0	0	0	0	0	0	0	1
0	4	G	40000	100000	0	0	0	0	0	0	0	0	0	0	2
0	4	A	40000	100000	0	0	0	0	0	0	0	0	0	0	1
0	4	B	40000	100000	0	0	0	0	0	0	0	0	0	0	1
0	5	G	40000	42221	57.779	32.9785	57779	33723	16	0	0	33287	127	293	33668
0	5	A	40000	52043	47.957	32.409	47957	15548	8	0	0	15195	60	285	15496
0	5	B	40000	48277	51.723	33.548	51723	18175	8	0	0	18092	67	8	18172
0	6	G	40000	1445	98.555	92.4345	98555	7689	380	11	0	5493	1450	355	7235
0	6	A	40000	3700	96.3	92.528	96300	3772	89	0	0	2521	936	226	3549
0	6	B	40000	3742	96.258	92.341	96258	3917	291	11	0	2972	514	129	3686
0	6	cSpy was 36 spamed and the readout avoided!
0	7	G	40000	97628	2.372	0.428	2372	3706	0	0	0	3681	25	0	3708
0	7	A	40000	97749	2.251	0.404	2251	1847	0	0	0	1836	11	0	1848
0	7	B	40000	97689	2.311	0.452	2311	1859	0	0	0	1845	14	0	1860
1	0	G	40000	427	99.573	96.777	99573	3479	234	0	0	1974	686	585	2927
1	0	A	40000	1572	98.428	96.442	98428	1986	166	0	0	1143	159	518	1532
1	0	B	40000	1395	98.605	97.112	98605	1493	68	0	0	831	527	67	1395
1	0	cSpy was 39 spamed and the readout avoided!
1	1	G	40000	97494	2.506	0.435	2506	3850	0	0	0	3812	38	0	3852
1	1	A	40000	97686	2.314	0.399	2314	1915	0	0	0	1897	18	0	1916
1	1	B	40000	97594	2.406	0.471	2406	1935	0	0	0	1915	20	0	1936
1	2	G	40000	100000	0	0	0	0	0	0	0	0	0	0	2
1	2	A	40000	100000	0	0	0	0	0	0	0	0	0	0	1
1	2	B	40000	100000	0	0	0	0	0	0	0	0	0	0	1
1	3	G	40000	88937	11.063	5.4565	11063	7294	9	0	0	7041	198	46	7282
1	3	A	40000	91454	8.546	5.038	8546	3508	4	0	0	3286	175	43	3499
1	3	B	40000	90339	9.661	5.875	9661	3786	5	0	0	3755	23	3	3783
1	4	G	40000	0	100	100	100000	200000	200000	200000	200000	200000	200000	200000	200002
1	4	A	40000	0	100	100	100000	100000	100000	100000	100000	100000	100000	100000	100001
1	4	B	40000	0	100	100	100000	100000	100000	100000	100000	100000	100000	100000	100001
1	5	G	40000	49478	50.522	12.21	50522	38683	0	0	0	33954	4727	2	38684
1	5	A	40000	74972	25.028	3.506	25028	21522	0	0	0	18492	3029	1	21523
1	5	B	40000	61925	38.075	20.914	38075	17161	0	0	0	15462	1698	1	17161
1	6	G	40000	100000	0	0	0	0	0	0	0	0	0	0	2
1	6	A	40000	100000	0	0	0	0	0	0	0	0	0	0	1
1	6	B	40000	100000	0	0	0	0	0	0	0	0	0	0	1
1	7	G	40000	99999	0.00100136	0	1	2	0	0	0	2	0	0	4
1	7	A	40000	99999	0.00100136	0	1	1	0	0	0	1	0	0	2
1	7	B	40000	99999	0.00100136	0	1	1	0	0	0	1	0	0	2
2	0	G	40000	2427	97.573	48.2465	97573	4045	48	0	0	3796	117	84	3956
2	0	A	40000	2466	97.534	95.028	97534	2506	48	0	0	2257	117	84	2416
2	0	B	40000	96996	3.004	1.465	3004	1539	0	0	0	1539	0	0	1540
2	1	G	40000	99783	0.217003	0.028	217	371	0	0	0	370	0	1	373
2	1	A	40000	99789	0.211	0.027	211	184	0	0	0	183	0	1	185
2	1	B	40000	99784	0.216001	0.029	216	187	0	0	0	187	0	0	188
2	2	G	40000	37723	62.277	40.321	62277	26726	545	3	0	24373	1252	553	26218
2	2	A	40000	49400	50.6	38.127	50600	12473	275	2	0	10619	1210	367	12183
2	2	B	40000	43232	56.768	42.515	56768	14253	270	1	0	13754	42	186	14035
2	3	G	40000	4554	95.446	76.4055	95446	22928	45	4	0	19419	3359	101	22847
2	3	A	40000	15480	84.52	69.95	84520	14570	4	0	0	12095	2389	82	14528
2	3	B	40000	8781	91.219	82.861	91219	8358	41	4	0	7324	970	19	8319
2	3	cSpy was 8 spamed and the readout avoided!
2	4	G	40000	100000	0	0	0	0	0	0	0	0	0	0	2
2	4	A	40000	100000	0	0	0	0	0	0	0	0	0	0	1
2	4	B	40000	100000	0	0	0	0	0	0	0	0	0	0	1
2	5	G	40000	100000	0	0	0	0	0	0	0	0	0	0	2
2	5	A	40000	100000	0	0	0	0	0	0	0	0	0	0	1
2	5	B	40000	100000	0	0	0	0	0	0	0	0	0	0	1
2	6	G	40000	32732	67.268	38.9265	67268	32910	37	0	0	31076	1474	323	32853
2	6	A	40000	48148	51.852	36.156	51852	15696	22	0	0	13998	1359	317	15646
2	6	B	40000	41089	58.911	41.697	58911	17214	15	0	0	17078	115	6	17207
2	7	G	40000	0	100	100	100000	200000	200000	200000	200000	200000	200000	200000	200002
2	7	A	40000	0	100	100	100000	100000	100000	100000	100000	100000	100000	100000	100001
2	7	B	40000	0	100	100	100000	100000	100000	100000	100000	100000	100000	100000	100001
3	0	G	40000	973	99.027	72.4315	99027	20697	259	1	0	19393	400	644	20131
3	0	A	40000	1583	98.417	96.327	98417	2090	203	0	0	1254	18	615	1567
3	0	B	40000	32857	67.143	48.536	67143	18607	56	1	0	18139	382	29	18564
3	0	cSpy was 14 spamed and the readout avoided!
3	1	G	40000	0	100	100	100000	200000	200000	200000	200000	200000	200000	200000	200002
3	1	A	40000	0	100	100	100000	100000	100000	100000	100000	100000	100000	100000	100001
3	1	B	40000	0	100	100	100000	100000	100000	100000	100000	100000	100000	100000	100001
3	2	G	40000	98821	1.179	0.013	1179	2330	0	0	0	2330	0	0	2332
3	2	A	40000	98821	1.179	0.013	1179	1166	0	0	0	1166	0	0	1167
3	2	B	40000	98823	1.177	0.013	1177	1164	0	0	0	1164	0	0	1165
3	3	G	40000	100000	0	0	0	0	0	0	0	0	0	0	2
3	3	A	40000	100000	0	0	0	0	0	0	0	0	0	0	1
3	3	B	40000	100000	0	0	0	0	0	0	0	0	0	0	1
3	4	G	40000	96110	3.89	0.5395	3890	6324	0	0	0	6319	5	0	6326
3	4	A	40000	96329	3.671	0.502	3671	3169	0	0	0	3164	5	0	3170
3	4	B	40000	96268	3.732	0.577	3732	3155	0	0	0	3155	0	0	3156
3	5	G	40000	0	100	100	100000	200000	200000	200000	200000	200000	200000	200000	200002
3	5	A	40000	0	100	100	100000	100000	100000	100000	100000	100000	100000	100000	100001
3	5	B	40000	0	100	100	100000	100000	100000	100000	100000	100000	100000	100000	100001
3	6	G	40000	54460	45.54	11.4175	45540	48867	11	4	0	45132	3692	28	48857
3	6	A	40000	63509	36.491	11.212	36491	25279	8	0	0	22047	3201	23	25273
3	6	B	40000	64789	35.211	11.623	35211	23588	3	4	0	23085	491	5	23584
3	6	cSpy was 8 spamed and the readout avoided!
3	7	G	40000	100000	0	0	0	0	0	0	0	0	0	0	2
3	7	A	40000	100000	0	0	0	0	0	0	0	0	0	0	1
3	7	B	40000	100000	0	0	0	0	0	0	0	0	0	0	1
4	0	G	40000	1326	98.674	69.413	98674	26848	174	5	0	24178	2294	197	26599
4	0	A	40000	2179	97.821	95.44	97821	2381	104	4	0	1471	623	179	2176
4	0	B	40000	32147	67.853	43.386	67853	24467	70	1	0	22707	1671	18	24423
4	0	cSpy was 6 spamed and the readout avoided!
4	1	G	40000	100000	0	0	0	0	0	0	0	0	0	0	2
4	1	A	40000	100000	0	0	0	0	0	0	0	0	0	0	1
4	1	B	40000	100000	0	0	0	0	0	0	0	0	0	0	1
4	2	G	40000	98805	1.195	0.205	1195	1677	0	0	0	1674	3	0	1679
4	2	A	40000	98944	1.056	0.224	1056	832	0	0	0	829	3	0	833
4	2	B	40000	98969	1.031	0.186	1031	845	0	0	0	845	0	0	846
4	3	G	40000	26809	73.191	51.4225	73191	35132	630	0	0	33908	121	473	34292
4	3	A	40000	30810	69.19	51.66	69190	17530	303	0	0	16890	0	337	16974
4	3	B	40000	31213	68.787	51.185	68787	17602	327	0	0	17018	121	136	17318
4	3	cSpy was 7 spamed and the readout avoided!
4	4	G	40000	4024	95.976	84.1315	95976	15765	218	22	0	13924	1179	422	15386
4	4	A	40000	7691	92.309	84.569	92309	7740	117	12	0	6656	582	373	7448
4	4	B	40000	8281	91.719	83.694	91719	8025	101	10	0	7268	597	49	7938
4	4	cSpy was 43 spamed and the readout avoided!
4	5	G	40000	100000	0	0	0	0	0	0	0	0	0	0	2
4	5	A	40000	100000	0	0	0	0	0	0	0	0	0	0	1
4	5	B	40000	100000	0	0	0	0	0	0	0	0	0	0	1
4	6	G	40000	100000	0	0	0	0	0	0	0	0	0	0	2
4	6	A	40000	100000	0	0	0	0	0	0	0	0	0	0	1
4	6	B	40000	100000	0	0	0	0	0	0	0	0	0	0	1
4	7	G	40000	37472	62.528	41.205	62528	33082	209	0	0	32669	5	199	32847
4	7	A	40000	42224	57.776	41.28	57776	16496	101	0	0	16232	5	158	16324
4	7	B	40000	42284	57.716	41.13	57716	16586	108	0	0	16437	0	41	16523
4	7	cSpy was 4 spamed and the readout avoided!
5	0	G	40000	503	99.497	56.669	99497	14571	128	0	0	13490	122	831	14017
5	0	A	40000	604	99.396	98.238	99396	1158	128	0	0	89	110	831	604
5	0	B	40000	71487	28.513	15.1	28513	13413	0	0	0	13401	12	0	13413
5	0	cSpy was 50 spamed and the readout avoided!
5	1	G	40000	82225	17.775	6.544	17775	18498	0	0	0	18475	4	19	18495
5	1	A	40000	84152	15.848	6.701	15848	9147	0	0	0	9124	4	19	9143
5	1	B	40000	84262	15.738	6.387	15738	9351	0	0	0	9351	0	0	9352
5	2	G	40000	14	99.986	98.9825	99986	1238	28	0	0	437	280	493	796
5	2	A	40000	27	99.973	99.634	99973	339	0	0	0	2	1	336	27
5	2	B	40000	770	99.23	98.331	99230	899	28	0	0	435	279	157	769
5	2	cSpy was 18 spamed and the readout avoided!
5	3	G	40000	95938	4.062	0.049	4062	7909	0	0	0	7804	105	0	7911
5	3	A	40000	95946	4.054	0.049	4054	4005	0	0	0	3908	97	0	4006
5	3	B	40000	96047	3.953	0.049	3953	3904	0	0	0	3896	8	0	3905
5	4	G	40000	100000	0	0	0	0	0	0	0	0	0	0	2
5	4	A	40000	100000	0	0	0	0	0	0	0	0	0	0	1
5	4	B	40000	100000	0	0	0	0	0	0	0	0	0	0	1
5	5	G	40000	97055	2.945	0.502	2945	4505	0	0	0	4502	1	2	4505
5	5	A	40000	97209	2.791	0.545	2791	2246	0	0	0	2243	1	2	2246
5	5	B	40000	97282	2.718	0.459	2718	2259	0	0	0	2259	0	0	2259
5	6	G	40000	0	100	100	100000	200000	200000	200000	200000	200000	200000	200000	200002
5	6	A	40000	0	100	100	100000	100000	100000	100000	100000	100000	100000	100000	100001
5	6	B	40000	0	100	100	100000	100000	100000	100000	100000	100000	100000	100000	100001
5	7	G	40000	21352	78.648	25.363	78648	68463	1	1	0	60207	8063	191	68375
5	7	A	40000	38669	61.331	28.66	61331	32671	1	1	0	27840	4640	189	32585
5	7	B	40000	42142	57.858	22.066	57858	35792	0	0	0	32367	3423	2	35790
5	7	cSpy was 6 spamed and the readout avoided!
6	0	G	40000	501	99.499	96.625	99499	3682	367	2	0	1736	983	594	3057
6	0	A	40000	1167	98.833	97.201	98833	1632	188	0	0	276	663	505	1166
6	0	B	40000	1901	98.099	96.049	98099	2050	179	2	0	1460	320	89	1891
6	0	cSpy was 76 spamed and the readout avoided!
6	1	G	40000	8971	91.029	63.2515	91029	35972	13	0	0	32379	3105	475	35752
6	1	A	40000	17618	82.382	65.235	82382	17147	0	0	0	15149	1535	463	16938
6	1	B	40000	19907	80.093	61.268	80093	18825	13	0	0	17230	1570	12	18814
6	1	cSpy was 4 spamed and the readout avoided!
6	2	G	40000	100000	0	0	0	0	0	0	0	0	0	0	2
6	2	A	40000	100000	0	0	0	0	0	0	0	0	0	0	1
6	2	B	40000	100000	0	0	0	0	0	0	0	0	0	0	1
6	3	G	40000	100000	0	0	0	0	0	0	0	0	0	0	2
6	3	A	40000	100000	0	0	0	0	0	0	0	0	0	0	1
6	3	B	40000	100000	0	0	0	0	0	0	0	0	0	0	1
6	4	G	40000	20481	79.519	58.605	79519	34299	807	0	0	32736	161	595	33226
6	4	A	40000	23962	76.038	58.887	76038	17151	388	0	0	16342	0	421	16439
6	4	B	40000	24529	75.471	58.323	75471	17148	419	0	0	16394	161	174	16787
6	4	cSpy was 7 spamed and the readout avoided!
6	5	G	40000	1914	98.086	90.5515	98086	9616	247	9	1	8050	512	797	9062
6	5	A	40000	4232	95.768	91.268	95768	4500	39	3	0	3587	214	657	4147
6	5	B	40000	5049	94.951	89.835	94951	5116	208	6	1	4463	298	140	4915
6	5	cSpy was 87 spamed and the readout avoided!
6	6	G	40000	100000	0	0	0	0	0	0	0	0	0	0	2
6	6	A	40000	100000	0	0	0	0	0	0	0	0	0	0	1
6	6	B	40000	100000	0	0	0	0	0	0	0	0	0	0	1
6	7	G	40000	100000	0	0	0	0	0	0	0	0	0	0	2
6	7	A	40000	100000	0	0	0	0	0	0	0	0	0	0	1
6	7	B	40000	100000	0	0	0	0	0	0	0	0	0	0	1
7	0	G	40000	2127	97.873	47.8475	97873	3525	205	0	0	2705	67	548	3040
7	0	A	40000	2153	97.847	95.242	97847	2605	205	0	0	1785	67	548	2119
7	0	B	40000	98627	1.373	0.453	1373	920	0	0	0	920	0	0	921
7	0	cSpy was 2 spamed and the readout avoided!
7	1	G	40000	100000	0	0	0	0	0	0	0	0	0	0	2
7	1	A	40000	100000	0	0	0	0	0	0	0	0	0	0	1
7	1	B	40000	100000	0	0	0	0	0	0	0	0	0	0	1
7	2	G	40000	97951	2.049	0.4935	2049	2476	2	2	0	2446	22	4	2477
7	2	A	40000	98227	1.773	0.539	1773	1234	2	2	0	1217	10	3	1234
7	2	B	40000	98310	1.69	0.448	1690	1242	0	0	0	1229	12	1	1243
7	3	G	40000	0	100	100	100000	200000	200000	200000	200000	200000	200000	200000	200002
7	3	A	40000	0	100	100	100000	100000	100000	100000	100000	100000	100000	100000	100001
7	3	B	40000	0	100	100	100000	100000	100000	100000	100000	100000	100000	100000	100001
7	4	G	40000	66642	33.358	7.7365	33358	40989	0	1	0	37089	3822	77	40966
7	4	A	40000	69787	30.213	7.843	30213	22370	0	1	0	19182	3110	77	22347
7	4	B	40000	73751	26.249	7.63	26249	18619	0	0	0	17907	712	0	18619
7	5	G	40000	100000	0	0	0	0	0	0	0	0	0	0	2
7	5	A	40000	100000	0	0	0	0	0	0	0	0	0	0	1
7	5	B	40000	100000	0	0	0	0	0	0	0	0	0	0	1
7	6	G	40000	97790	2.21	0.5955	2210	2187	1	2	0	2169	11	4	2188
7	6	A	40000	98250	1.75	0.658	1750	1092	1	2	0	1079	6	4	1092
7	6	B	40000	98372	1.628	0.533	1628	1095	0	0	0	1090	5	0	1096
7	7	G	40000	62280	37.72	14.4525	37720	32321	38	126	0	31525	502	130	32234
7	7	A	40000	68386	31.614	15.18	31614	16434	37	126	0	15961	182	128	16348
7	7	B	40000	70388	29.612	13.725	29612	15887	1	0	0	15564	320	2	15886
7	7	cSpy was 6 spamed and the readout avoided!
