#the gain was set to: 2	the bias was set to: 30
#Sent triggers per delay setting: 100000	and with a frequency [Hz] of: 40000
#160MHz delay setting	400MHz delay setting	Frequency	correct transmitted H+T		error rate [%]	uncertainty [%]	bad or missed events	error count	missing headers	missing trailers	flipped H/T	event nr errors	tbm missed trigger	unknown errors	event nr resets
0	0	G	40000	402	99.598	72.0765	99598	19054	114	0	0	17994	303	643	18508
0	0	A	40000	630	99.37	98.198	99370	1172	101	0	0	178	255	638	630
0	0	B	40000	36163	63.837	45.955	63837	17882	13	0	0	17816	48	5	17878
0	0	cSpy was 31 spamed and the readout avoided!
0	1	G	40000	29989	70.011	50.3245	70011	25320	333	0	0	24357	7	623	25035
0	1	A	40000	39639	60.361	49.72	60361	10641	170	0	0	10004	2	465	10466
0	1	B	40000	34392	65.608	50.929	65608	14679	163	0	0	14353	5	158	14569
0	2	G	40000	4426	95.574	79.7725	95574	20028	85	1	0	16868	2670	404	19783
0	2	A	40000	8285	91.715	83.591	91715	8124	55	0	0	6307	1371	391	7897
0	2	B	40000	12142	87.858	75.954	87858	11904	30	1	0	10561	1299	13	11886
0	2	cSpy was 6 spamed and the readout avoided!
0	3	G	40000	100000	0	0	0	0	0	0	0	0	0	0	2
0	3	A	40000	100000	0	0	0	0	0	0	0	0	0	0	1
0	3	B	40000	100000	0	0	0	0	0	0	0	0	0	0	1
0	4	G	40000	99759	0.240999	0.0845	241	240	0	0	0	237	2	1	242
0	4	A	40000	99808	0.191998	0.082	192	110	0	0	0	108	1	1	111
0	4	B	40000	99783	0.217003	0.087	217	130	0	0	0	129	1	0	131
0	5	G	40000	30590	69.41	46.2365	69410	29832	44	0	0	29260	90	438	29746
0	5	A	40000	41215	58.785	45.528	58785	13257	23	0	0	12780	39	415	13189
0	5	B	40000	36480	63.52	46.945	63520	16575	21	0	0	16480	51	23	16557
0	6	G	40000	2005	97.995	90.6605	97995	9405	318	9	0	6889	1804	385	8957
0	6	A	40000	4396	95.604	91.182	95604	4422	95	0	0	3193	866	268	4177
0	6	B	40000	4878	95.122	90.139	95122	4983	223	9	0	3696	938	117	4780
0	6	cSpy was 33 spamed and the readout avoided!
0	7	G	40000	98838	1.162	0.264	1162	1787	0	0	0	1787	0	0	1789
0	7	A	40000	98845	1.155	0.263	1155	892	0	0	0	892	0	0	893
0	7	B	40000	98840	1.16	0.265	1160	895	0	0	0	895	0	0	896
1	0	G	40000	452	99.548	96.8575	99548	3393	212	3	0	1919	687	572	2853
1	0	A	40000	1596	98.404	96.388	98404	2016	167	1	0	1137	227	484	1567
1	0	B	40000	1296	98.704	97.327	98704	1377	45	2	0	782	460	88	1286
1	0	cSpy was 57 spamed and the readout avoided!
1	1	G	40000	98704	1.296	0.272	1296	2043	0	0	0	2043	0	0	2045
1	1	A	40000	98708	1.292	0.272	1292	1020	0	0	0	1020	0	0	1021
1	1	B	40000	98705	1.295	0.272	1295	1023	0	0	0	1023	0	0	1024
1	2	G	40000	100000	0	0	0	0	0	0	0	0	0	0	2
1	2	A	40000	100000	0	0	0	0	0	0	0	0	0	0	1
1	2	B	40000	100000	0	0	0	0	0	0	0	0	0	0	1
1	3	G	40000	94565	5.435	1.8065	5435	5243	2	0	0	5150	71	20	5241
1	3	A	40000	95809	4.191	1.627	4191	2564	2	0	0	2489	54	19	2561
1	3	B	40000	95335	4.665	1.986	4665	2679	0	0	0	2661	17	1	2680
1	4	G	40000	0	100	100	100000	200000	200000	200000	200000	200000	200000	200000	200002
1	4	A	40000	0	100	100	100000	100000	100000	100000	100000	100000	100000	100000	100001
1	4	B	40000	0	100	100	100000	100000	100000	100000	100000	100000	100000	100000	100001
1	5	G	40000	70195	29.805	5.966	29805	23393	0	0	0	20804	2589	0	23395
1	5	A	40000	85891	14.109	2.084	14109	12025	0	0	0	10708	1317	0	12026
1	5	B	40000	78784	21.216	9.848	21216	11368	0	0	0	10096	1272	0	11369
1	6	G	40000	100000	0	0	0	0	0	0	0	0	0	0	2
1	6	A	40000	100000	0	0	0	0	0	0	0	0	0	0	1
1	6	B	40000	100000	0	0	0	0	0	0	0	0	0	0	1
1	7	G	40000	99995	0.00500083	0	5	10	0	0	0	10	0	0	12
1	7	A	40000	99995	0.00500083	0	5	5	0	0	0	5	0	0	6
1	7	B	40000	99995	0.00500083	0	5	5	0	0	0	5	0	0	6
2	0	G	40000	2265	97.735	48.5105	97735	4166	43	0	0	3911	114	98	4058
2	0	A	40000	2307	97.693	95.312	97693	2381	43	0	0	2126	114	98	2272
2	0	B	40000	96506	3.494	1.709	3494	1785	0	0	0	1785	0	0	1786
2	1	G	40000	99785	0.215	0.0615	215	226	0	0	0	223	3	0	228
2	1	A	40000	99835	0.164998	0.056	165	109	0	0	0	106	3	0	110
2	1	B	40000	99816	0.184	0.067	184	117	0	0	0	117	0	0	118
2	2	G	40000	27077	72.923	51.4665	72923	26032	746	0	0	23231	1360	695	25405
2	2	A	40000	38929	61.071	49.545	61071	11526	413	0	0	9914	725	474	11126
2	2	B	40000	32106	67.894	53.388	67894	14506	333	0	0	13317	635	221	14279
2	3	G	40000	11873	88.127	66.069	88127	25938	312	1	0	22697	2620	308	25524
2	3	A	40000	24864	75.136	58.969	75136	16167	93	0	0	13874	2018	182	15982
2	3	B	40000	17060	82.94	73.169	82940	9771	219	1	0	8823	602	126	9542
2	3	cSpy was 67 spamed and the readout avoided!
2	4	G	40000	100000	0	0	0	0	0	0	0	0	0	0	2
2	4	A	40000	100000	0	0	0	0	0	0	0	0	0	0	1
2	4	B	40000	100000	0	0	0	0	0	0	0	0	0	0	1
2	5	G	40000	100000	0	0	0	0	0	0	0	0	0	0	2
2	5	A	40000	100000	0	0	0	0	0	0	0	0	0	0	1
2	5	B	40000	100000	0	0	0	0	0	0	0	0	0	0	1
2	6	G	40000	28597	71.403	48.6595	71403	26599	224	0	0	24885	986	504	26429
2	6	A	40000	41695	58.305	46.562	58305	11743	143	0	0	10386	772	442	11604
2	6	B	40000	34387	65.613	50.757	65613	14856	81	0	0	14499	214	62	14825
2	7	G	40000	0	100	100	100000	200000	200000	200000	200000	200000	200000	200000	200002
2	7	A	40000	0	100	100	100000	100000	100000	100000	100000	100000	100000	100000	100001
2	7	B	40000	0	100	100	100000	100000	100000	100000	100000	100000	100000	100000	100001
3	0	G	40000	920	99.08	76.2935	99080	19231	261	3	0	17876	426	665	18643
3	0	A	40000	1518	98.482	96.445	98482	2037	206	0	0	1178	30	623	1503
3	0	B	40000	26664	73.336	56.142	73336	17194	55	3	0	16698	396	42	17140
3	0	cSpy was 59 spamed and the readout avoided!
3	1	G	40000	0	100	100	100000	200000	200000	200000	200000	200000	200000	200000	200002
3	1	A	40000	0	100	100	100000	100000	100000	100000	100000	100000	100000	100000	100001
3	1	B	40000	0	100	100	100000	100000	100000	100000	100000	100000	100000	100000	100001
3	2	G	40000	99717	0.283003	0	283	566	0	0	0	566	0	0	568
3	2	A	40000	99717	0.283003	0	283	283	0	0	0	283	0	0	284
3	2	B	40000	99717	0.283003	0	283	283	0	0	0	283	0	0	284
3	3	G	40000	100000	0	0	0	0	0	0	0	0	0	0	2
3	3	A	40000	100000	0	0	0	0	0	0	0	0	0	0	1
3	3	B	40000	100000	0	0	0	0	0	0	0	0	0	0	1
3	4	G	40000	92730	7.27	1.282	7270	11074	0	0	0	11059	13	2	11076
3	4	A	40000	93241	6.759	1.203	6759	5556	0	0	0	5542	12	2	5557
3	4	B	40000	93121	6.879	1.361	6879	5518	0	0	0	5517	1	0	5519
3	5	G	40000	0	100	100	100000	200000	200000	200000	200000	200000	200000	200000	200002
3	5	A	40000	0	100	100	100000	100000	100000	100000	100000	100000	100000	100000	100001
3	5	B	40000	0	100	100	100000	100000	100000	100000	100000	100000	100000	100000	100001
3	6	G	40000	71772	28.228	7.429	28228	34360	14	8	0	32183	2116	39	34339
3	6	A	40000	74486	25.514	7.366	25514	18148	4	0	0	16126	2006	12	18146
3	6	B	40000	76296	23.704	7.492	23704	16212	10	8	0	16057	110	27	16193
3	6	cSpy was 3 spamed and the readout avoided!
3	7	G	40000	100000	0	0	0	0	0	0	0	0	0	0	2
3	7	A	40000	100000	0	0	0	0	0	0	0	0	0	0	1
3	7	B	40000	100000	0	0	0	0	0	0	0	0	0	0	1
4	0	G	40000	1303	98.697	68.049	98697	22418	219	5	0	20093	1776	325	22059
4	0	A	40000	2193	97.807	95.308	97807	2499	164	3	0	1280	752	300	2186
4	0	B	40000	39291	60.709	40.79	60709	19919	55	2	0	18813	1024	25	19873
4	0	cSpy was 12 spamed and the readout avoided!
4	1	G	40000	100000	0	0	0	0	0	0	0	0	0	0	2
4	1	A	40000	100000	0	0	0	0	0	0	0	0	0	0	1
4	1	B	40000	100000	0	0	0	0	0	0	0	0	0	0	1
4	2	G	40000	96708	3.292	1.147	3292	3197	0	0	0	3192	2	3	3199
4	2	A	40000	97240	2.76	1.195	2760	1565	0	0	0	1560	2	3	1566
4	2	B	40000	97269	2.731	1.099	2731	1632	0	0	0	1632	0	0	1633
4	3	G	40000	20115	79.885	58.658	79885	34311	791	0	0	32800	119	601	33246
4	3	A	40000	23908	76.092	58.908	76092	17184	384	0	0	16378	2	420	16482
4	3	B	40000	24465	75.535	58.408	75535	17127	407	0	0	16422	117	181	16764
4	3	cSpy was 6 spamed and the readout avoided!
4	4	G	40000	5867	94.133	78.53	94133	20926	158	21	0	18619	1743	387	20625
4	4	A	40000	10715	89.285	78.96	89285	10325	87	12	0	8958	917	352	10083
4	4	B	40000	11299	88.701	78.1	88701	10601	71	9	0	9661	826	35	10542
4	4	cSpy was 33 spamed and the readout avoided!
4	5	G	40000	100000	0	0	0	0	0	0	0	0	0	0	2
4	5	A	40000	100000	0	0	0	0	0	0	0	0	0	0	1
4	5	B	40000	100000	0	0	0	0	0	0	0	0	0	0	1
4	6	G	40000	100000	0	0	0	0	0	0	0	0	0	0	2
4	6	A	40000	100000	0	0	0	0	0	0	0	0	0	0	1
4	6	B	40000	100000	0	0	0	0	0	0	0	0	0	0	1
4	7	G	40000	36322	63.678	42.416	63678	33032	214	0	0	32605	3	210	32788
4	7	A	40000	41027	58.973	42.498	58973	16475	104	0	0	16193	2	176	16292
4	7	B	40000	41109	58.891	42.334	58891	16557	110	0	0	16412	1	34	16496
4	7	cSpy was 4 spamed and the readout avoided!
5	0	G	40000	488	99.512	56.89	99512	14810	149	0	0	13700	106	855	14249
5	0	A	40000	608	99.392	98.222	99392	1170	149	0	0	68	99	854	608
5	0	B	40000	70802	29.198	15.558	29198	13640	0	0	0	13632	7	1	13641
5	0	cSpy was 62 spamed and the readout avoided!
5	1	G	40000	54724	45.276	25.5665	45276	30246	76	1	0	30069	4	96	30169
5	1	A	40000	59347	40.653	25.708	40653	14945	37	0	0	14821	3	84	14881
5	1	B	40000	59274	40.726	25.425	40726	15301	39	1	0	15248	1	12	15288
5	1	cSpy was 1 spamed and the readout avoided!
5	2	G	40000	56	99.944	98.553	99944	1815	68	0	0	820	67	860	1073
5	2	A	40000	131	99.869	99.127	99869	742	4	0	0	14	0	724	131
5	2	B	40000	948	99.052	97.979	99052	1073	64	0	0	806	67	136	942
5	2	cSpy was 38 spamed and the readout avoided!
5	3	G	40000	98459	1.541	0	1541	3078	0	0	0	3075	3	0	3080
5	3	A	40000	98459	1.541	0	1541	1541	0	0	0	1538	3	0	1542
5	3	B	40000	98463	1.537	0	1537	1537	0	0	0	1537	0	0	1538
5	4	G	40000	100000	0	0	0	0	0	0	0	0	0	0	2
5	4	A	40000	100000	0	0	0	0	0	0	0	0	0	0	1
5	4	B	40000	100000	0	0	0	0	0	0	0	0	0	0	1
5	5	G	40000	92322	7.678	1.833	7678	10100	0	0	0	10094	1	5	10102
5	5	A	40000	93053	6.947	1.936	6947	5011	0	0	0	5005	1	5	5012
5	5	B	40000	93181	6.819	1.73	6819	5089	0	0	0	5089	0	0	5090
5	6	G	40000	6	99.994	97.5445	99994	2563	231	0	0	880	1318	134	2341
5	6	A	40000	9	99.991	99.938	99991	53	0	0	0	0	2	51	9
5	6	B	40000	2339	97.661	95.151	97661	2510	231	0	0	880	1316	83	2332
5	6	cSpy was 27 spamed and the readout avoided!
5	7	G	40000	29794	70.206	16.3355	70206	68836	8	20	0	60723	7921	164	68749
5	7	A	40000	47881	52.119	18.501	52119	33618	8	20	0	28727	4701	162	33531
5	7	B	40000	50612	49.388	14.17	49388	35218	0	0	0	31996	3220	2	35218
5	7	cSpy was 4 spamed and the readout avoided!
6	0	G	40000	425	99.575	96.8395	99575	3471	360	5	0	1677	843	586	2845
6	0	A	40000	993	99.007	97.548	99007	1459	185	1	0	229	542	502	993
6	0	B	40000	1857	98.143	96.131	98143	2012	175	4	0	1448	301	84	1852
6	0	cSpy was 86 spamed and the readout avoided!
6	1	G	40000	14162	85.838	46.9695	85838	50530	3	1	0	44979	5282	265	50403
6	1	A	40000	26336	73.664	49.587	73664	24077	0	1	0	20857	2959	260	23952
6	1	B	40000	29195	70.805	44.352	70805	26453	3	0	0	24122	2323	5	26451
6	1	cSpy was 9 spamed and the readout avoided!
6	2	G	40000	100000	0	0	0	0	0	0	0	0	0	0	2
6	2	A	40000	100000	0	0	0	0	0	0	0	0	0	0	1
6	2	B	40000	100000	0	0	0	0	0	0	0	0	0	0	1
6	3	G	40000	100000	0	0	0	0	0	0	0	0	0	0	2
6	3	A	40000	100000	0	0	0	0	0	0	0	0	0	0	1
6	3	B	40000	100000	0	0	0	0	0	0	0	0	0	0	1
6	4	G	40000	20042	79.958	58.77	79958	34197	798	0	0	32668	142	589	33135
6	4	A	40000	23837	76.163	59.065	76163	17098	386	0	0	16295	0	417	16395
6	4	B	40000	24426	75.574	58.475	75574	17099	412	0	0	16373	142	172	16740
6	4	cSpy was 8 spamed and the readout avoided!
6	5	G	40000	3461	96.539	84.4605	96539	15560	172	7	3	13643	944	793	15079
6	5	A	40000	7255	92.745	85.319	92745	7426	17	1	0	6269	447	692	7077
6	5	B	40000	8264	91.736	83.602	91736	8134	155	6	3	7374	497	101	8002
6	5	cSpy was 39 spamed and the readout avoided!
6	6	G	40000	100000	0	0	0	0	0	0	0	0	0	0	2
6	6	A	40000	100000	0	0	0	0	0	0	0	0	0	0	1
6	6	B	40000	100000	0	0	0	0	0	0	0	0	0	0	1
6	7	G	40000	100000	0	0	0	0	0	0	0	0	0	0	2
6	7	A	40000	100000	0	0	0	0	0	0	0	0	0	0	1
6	7	B	40000	100000	0	0	0	0	0	0	0	0	0	0	1
7	0	G	40000	2061	97.939	47.951	97939	3459	195	0	0	2656	73	535	2990
7	0	A	40000	2085	97.915	95.393	97915	2522	195	0	0	1719	73	535	2052
7	0	B	40000	98554	1.446	0.509	1446	937	0	0	0	937	0	0	938
7	0	cSpy was 1 spamed and the readout avoided!
7	1	G	40000	100000	0	0	0	0	0	0	0	0	0	0	2
7	1	A	40000	100000	0	0	0	0	0	0	0	0	0	0	1
7	1	B	40000	100000	0	0	0	0	0	0	0	0	0	0	1
7	2	G	40000	94068	5.932	1.4005	5932	6955	5	8	0	6881	51	10	6956
7	2	A	40000	94986	5.014	1.548	5014	3466	5	8	0	3420	23	10	3466
7	2	B	40000	95258	4.742	1.253	4742	3489	0	0	0	3461	28	0	3490
7	2	cSpy was 1 spamed and the readout avoided!
7	3	G	40000	0	100	100	100000	200000	200000	200000	200000	200000	200000	200000	200002
7	3	A	40000	0	100	100	100000	100000	100000	100000	100000	100000	100000	100000	100001
7	3	B	40000	0	100	100	100000	100000	100000	100000	100000	100000	100000	100000	100001
7	4	G	40000	82403	17.597	3.2715	17597	25449	0	0	0	23304	2109	36	25442
7	4	A	40000	82849	17.151	3.273	17151	13878	0	0	0	12044	1798	36	13870
7	4	B	40000	85159	14.841	3.27	14841	11571	0	0	0	11260	311	0	11572
7	5	G	40000	100000	0	0	0	0	0	0	0	0	0	0	2
7	5	A	40000	100000	0	0	0	0	0	0	0	0	0	0	1
7	5	B	40000	100000	0	0	0	0	0	0	0	0	0	0	1
7	6	G	40000	97249	2.751	0.932	2751	2251	5	6	0	2203	31	6	2249
7	6	A	40000	97871	2.129	1.019	2129	1110	5	6	0	1089	4	6	1107
7	6	B	40000	98014	1.986	0.845	1986	1141	0	0	0	1114	27	0	1142
7	7	G	40000	48697	51.303	23.457	51303	43278	4	0	0	41985	1136	153	43222
7	7	A	40000	54289	45.711	23.821	45711	21890	2	0	0	21249	486	153	21833
7	7	B	40000	55519	44.481	23.093	44481	21388	2	0	0	20736	650	0	21389
7	7	cSpy was 8 spamed and the readout avoided!
