#the gain was set to: 2	the bias was set to: 30
#Sent triggers per delay setting: 100000	and with a frequency [Hz] of: 40000
#160MHz delay setting	400MHz delay setting	Frequency	correct transmitted H+T		error rate [%]	uncertainty [%]	bad or missed events	error count	missing headers	missing trailers	flipped H/T	event nr errors	tbm missed trigger	unknown errors	event nr resets
0	0	G	40000	432	99.568	71.418	99568	19140	95	0	0	18119	310	616	18617
0	0	A	40000	618	99.382	98.248	99382	1134	84	0	0	183	263	604	618
0	0	B	40000	37406	62.594	44.588	62594	18006	11	0	0	17936	47	12	17999
0	0	cSpy was 26 spamed and the readout avoided!
0	1	G	40000	29629	70.371	51.2475	70371	25128	530	0	0	23918	0	680	24670
0	1	A	40000	38787	61.213	50.754	61213	10459	266	0	0	9719	0	474	10197
0	1	B	40000	33590	66.41	51.741	66410	14669	264	0	0	14199	0	206	14473
0	2	G	40000	5040	94.96	77.942	94960	21739	66	2	0	18482	2860	329	21528
0	2	A	40000	10073	89.927	80.185	89927	9742	44	1	0	7824	1551	322	9549
0	2	B	40000	12304	87.696	75.699	87696	11997	22	1	0	10658	1309	7	11979
0	2	cSpy was 2 spamed and the readout avoided!
0	3	G	40000	100000	0	0	0	0	0	0	0	0	0	0	2
0	3	A	40000	100000	0	0	0	0	0	0	0	0	0	0	1
0	3	B	40000	100000	0	0	0	0	0	0	0	0	0	0	1
0	4	G	40000	99671	0.329	0.0785	329	412	0	0	0	412	0	0	414
0	4	A	40000	99736	0.264001	0.076	264	188	0	0	0	188	0	0	189
0	4	B	40000	99695	0.305003	0.081	305	224	0	0	0	224	0	0	225
0	5	G	40000	35103	64.897	41.647	64897	30830	44	0	0	30290	102	394	30741
0	5	A	40000	45184	54.816	41	54816	13816	24	0	0	13368	46	378	13742
0	5	B	40000	40692	59.308	42.294	59308	17014	20	0	0	16922	56	16	16999
0	6	G	40000	2416	97.584	88.4255	97584	11577	253	6	0	9040	1954	324	11228
0	6	A	40000	4769	95.231	90.44	95231	4791	115	0	0	3472	935	269	4552
0	6	B	40000	6803	93.197	86.411	93197	6786	138	6	0	5568	1019	55	6676
0	6	cSpy was 16 spamed and the readout avoided!
0	7	G	40000	72328	27.672	11.6595	27672	18763	12	0	0	15802	2925	24	18746
0	7	A	40000	81652	18.348	6.29	18348	12058	0	0	0	9682	2367	9	12052
0	7	B	40000	76266	23.734	17.029	23734	6705	12	0	0	6120	558	15	6694
0	7	cSpy was 1 spamed and the readout avoided!
1	0	G	40000	228	99.772	98.2205	99772	1933	126	0	0	1339	121	347	1619
1	0	A	40000	1095	98.905	97.552	98905	1353	109	0	0	874	84	286	1089
1	0	B	40000	531	99.469	98.889	99469	580	17	0	0	465	37	61	530
1	0	cSpy was 19 spamed and the readout avoided!
1	1	G	40000	78421	21.579	18.763	21579	3886	143	6	0	3159	462	116	3729
1	1	A	40000	79486	20.514	18.395	20514	2119	44	0	0	1661	331	83	2041
1	1	B	40000	79102	20.898	19.131	20898	1767	99	6	0	1498	131	33	1688
1	1	cSpy was 21 spamed and the readout avoided!
1	2	G	40000	100000	0	0	0	0	0	0	0	0	0	0	2
1	2	A	40000	100000	0	0	0	0	0	0	0	0	0	0	1
1	2	B	40000	100000	0	0	0	0	0	0	0	0	0	0	1
1	3	G	40000	97907	2.093	0.311	2093	3362	0	0	0	3357	3	2	3364
1	3	A	40000	98069	1.931	0.295	1931	1636	0	0	0	1631	3	2	1637
1	3	B	40000	97947	2.053	0.327	2053	1726	0	0	0	1726	0	0	1727
1	4	G	40000	553	99.447	96.847	99447	3318	255	1	0	1659	1095	308	2943
1	4	A	40000	1782	98.218	96.356	98218	1862	74	0	0	858	834	96	1739
1	4	B	40000	1206	98.794	97.338	98794	1456	181	1	0	801	261	212	1204
1	4	cSpy was 18 spamed and the readout avoided!
1	5	G	40000	69560	30.44	6.818	30440	23389	1	0	0	20215	3158	15	23389
1	5	A	40000	85246	14.754	2.916	14754	11838	0	0	0	10291	1532	15	11838
1	5	B	40000	77729	22.271	10.72	22271	11551	1	0	0	9924	1626	0	11551
1	6	G	40000	100000	0	0	0	0	0	0	0	0	0	0	2
1	6	A	40000	100000	0	0	0	0	0	0	0	0	0	0	1
1	6	B	40000	100000	0	0	0	0	0	0	0	0	0	0	1
1	7	G	40000	99997	0.00299811	0	3	6	0	0	0	6	0	0	8
1	7	A	40000	99997	0.00299811	0	3	3	0	0	0	3	0	0	4
1	7	B	40000	99997	0.00299811	0	3	3	0	0	0	3	0	0	4
2	0	G	40000	2376	97.624	48.338	97624	4082	44	2	0	3884	88	64	4007
2	0	A	40000	2420	97.58	95.131	97580	2449	44	2	0	2251	88	64	2373
2	0	B	40000	96822	3.178	1.545	3178	1633	0	0	0	1633	0	0	1634
2	0	cSpy was 1 spamed and the readout avoided!
2	1	G	40000	100000	0	0	0	0	0	0	0	0	0	0	2
2	1	A	40000	100000	0	0	0	0	0	0	0	0	0	0	1
2	1	B	40000	100000	0	0	0	0	0	0	0	0	0	0	1
2	2	G	40000	26724	73.276	51.9395	73276	25894	785	12	0	23003	1345	749	25184
2	2	A	40000	38516	61.484	50.017	61484	11467	434	1	0	9841	715	476	11048
2	2	B	40000	31711	68.289	53.862	68289	14427	351	11	0	13162	630	273	14136
2	2	cSpy was 8 spamed and the readout avoided!
2	3	G	40000	7525	92.475	77.343	92475	18513	201	3	0	15936	2106	267	18239
2	3	A	40000	16116	83.884	71.999	83884	11885	17	0	0	10189	1495	184	11770
2	3	B	40000	10685	89.315	82.687	89315	6628	184	3	0	5747	611	83	6469
2	3	cSpy was 84 spamed and the readout avoided!
2	4	G	40000	100000	0	0	0	0	0	0	0	0	0	0	2
2	4	A	40000	100000	0	0	0	0	0	0	0	0	0	0	1
2	4	B	40000	100000	0	0	0	0	0	0	0	0	0	0	1
2	5	G	40000	100000	0	0	0	0	0	0	0	0	0	0	2
2	5	A	40000	100000	0	0	0	0	0	0	0	0	0	0	1
2	5	B	40000	100000	0	0	0	0	0	0	0	0	0	0	1
2	6	G	40000	28510	71.49	48.6825	71490	26679	214	0	0	24965	980	520	26509
2	6	A	40000	41647	58.353	46.57	58353	11783	132	0	0	10438	766	447	11647
2	6	B	40000	34309	65.691	50.795	65691	14896	82	0	0	14527	214	73	14862
2	7	G	40000	0	100	100	100000	200000	200000	200000	200000	200000	200000	200000	200002
2	7	A	40000	0	100	100	100000	100000	100000	100000	100000	100000	100000	100000	100001
2	7	B	40000	0	100	100	100000	100000	100000	100000	100000	100000	100000	100000	100001
3	0	G	40000	929	99.071	76.793	99071	16791	262	2	0	15546	342	639	16248
3	0	A	40000	1530	98.47	96.457	98470	2013	196	1	0	1184	28	604	1510
3	0	B	40000	28093	71.907	57.129	71907	14778	66	1	0	14362	314	35	14738
3	0	cSpy was 12 spamed and the readout avoided!
3	1	G	40000	0	100	100	100000	200000	200000	200000	200000	200000	200000	200000	200002
3	1	A	40000	0	100	100	100000	100000	100000	100000	100000	100000	100000	100000	100001
3	1	B	40000	0	100	100	100000	100000	100000	100000	100000	100000	100000	100000	100001
3	2	G	40000	99802	0.198001	0	198	396	0	0	0	396	0	0	398
3	2	A	40000	99802	0.198001	0	198	198	0	0	0	198	0	0	199
3	2	B	40000	99802	0.198001	0	198	198	0	0	0	198	0	0	199
3	3	G	40000	100000	0	0	0	0	0	0	0	0	0	0	2
3	3	A	40000	100000	0	0	0	0	0	0	0	0	0	0	1
3	3	B	40000	100000	0	0	0	0	0	0	0	0	0	0	1
3	4	G	40000	91691	8.309	1.612	8309	12293	0	0	0	12278	11	4	12294
3	4	A	40000	92318	7.682	1.511	7682	6171	0	0	0	6157	10	4	6171
3	4	B	40000	92165	7.835	1.713	7835	6122	0	0	0	6121	1	0	6123
3	5	G	40000	0	100	100	100000	200000	200000	200000	200000	200000	200000	200000	200002
3	5	A	40000	0	100	100	100000	100000	100000	100000	100000	100000	100000	100000	100001
3	5	B	40000	0	100	100	100000	100000	100000	100000	100000	100000	100000	100000	100001
3	6	G	40000	70932	29.068	7.612	29068	34824	9	7	0	32572	2189	47	34801
3	6	A	40000	74036	25.964	7.536	25964	18428	6	0	0	16331	2078	13	18427
3	6	B	40000	75916	24.084	7.688	24084	16396	3	7	0	16241	111	34	16374
3	6	cSpy was 6 spamed and the readout avoided!
3	7	G	40000	100000	0	0	0	0	0	0	0	0	0	0	2
3	7	A	40000	100000	0	0	0	0	0	0	0	0	0	0	1
3	7	B	40000	100000	0	0	0	0	0	0	0	0	0	0	1
4	0	G	40000	1296	98.704	68.1805	98704	22693	210	3	0	20337	1836	307	22358
4	0	A	40000	2312	97.688	95.064	97688	2624	165	2	0	1338	819	300	2310
4	0	B	40000	38634	61.366	41.297	61366	20069	45	1	0	18999	1017	7	20048
4	0	cSpy was 21 spamed and the readout avoided!
4	1	G	40000	100000	0	0	0	0	0	0	0	0	0	0	2
4	1	A	40000	100000	0	0	0	0	0	0	0	0	0	0	1
4	1	B	40000	100000	0	0	0	0	0	0	0	0	0	0	1
4	2	G	40000	94237	5.763	3.372	5763	3638	8	0	0	3622	0	8	3632
4	2	A	40000	94813	5.187	3.394	5187	1793	4	0	0	1781	0	8	1788
4	2	B	40000	94805	5.195	3.35	5195	1845	4	0	0	1841	0	0	1844
4	2	cSpy was 1 spamed and the readout avoided!
4	3	G	40000	19512	80.488	59.001	80488	34074	799	0	0	32574	116	585	33030
4	3	A	40000	23642	76.358	59.286	76358	17072	391	0	0	16253	4	424	16365
4	3	B	40000	24282	75.718	58.716	75718	17002	408	0	0	16321	112	161	16665
4	3	cSpy was 8 spamed and the readout avoided!
4	4	G	40000	4335	95.665	82.0785	95665	17821	261	17	0	15352	1596	597	17306
4	4	A	40000	8555	91.445	82.86	91445	8585	117	9	0	7374	633	453	8235
4	4	B	40000	9467	90.533	81.297	90533	9236	144	8	0	7978	963	144	9071
4	4	cSpy was 36 spamed and the readout avoided!
4	5	G	40000	100000	0	0	0	0	0	0	0	0	0	0	2
4	5	A	40000	100000	0	0	0	0	0	0	0	0	0	0	1
4	5	B	40000	100000	0	0	0	0	0	0	0	0	0	0	1
4	6	G	40000	99993	0.00699759	0	7	14	0	0	0	14	0	0	16
4	6	A	40000	99993	0.00699759	0	7	7	0	0	0	7	0	0	8
4	6	B	40000	99993	0.00699759	0	7	7	0	0	0	7	0	0	8
4	7	G	40000	45773	54.227	36.543	54227	28025	217	1	0	27607	6	194	27765
4	7	A	40000	49381	50.619	36.636	50619	13983	105	1	0	13723	3	151	13796
4	7	B	40000	49508	50.492	36.45	50492	14042	112	0	0	13884	3	43	13969
4	7	cSpy was 5 spamed and the readout avoided!
5	0	G	40000	501	99.499	56.768	99499	14656	137	0	0	13569	94	856	14107
5	0	A	40000	604	99.396	98.242	99396	1154	137	0	0	73	88	856	604
5	0	B	40000	71204	28.796	15.294	28796	13502	0	0	0	13496	6	0	13503
5	0	cSpy was 50 spamed and the readout avoided!
5	1	G	40000	73251	26.749	11.9325	26749	23111	8	1	0	23063	5	34	23103
5	1	A	40000	76516	23.484	12.083	23484	11401	4	1	0	11357	5	34	11394
5	1	B	40000	76508	23.492	11.782	23492	11710	4	0	0	11706	0	0	11709
5	1	cSpy was 2 spamed and the readout avoided!
5	2	G	40000	0	100	100	100000	200000	200000	200000	200000	200000	200000	200000	200002
5	2	A	40000	0	100	100	100000	100000	100000	100000	100000	100000	100000	100000	100001
5	2	B	40000	0	100	100	100000	100000	100000	100000	100000	100000	100000	100000	100001
5	3	G	40000	98224	1.776	0.001	1776	3544	0	0	0	3538	6	0	3546
5	3	A	40000	98224	1.776	0.001	1776	1775	0	0	0	1769	6	0	1776
5	3	B	40000	98230	1.77	0.001	1770	1769	0	0	0	1769	0	0	1770
5	4	G	40000	100000	0	0	0	0	0	0	0	0	0	0	2
5	4	A	40000	100000	0	0	0	0	0	0	0	0	0	0	1
5	4	B	40000	100000	0	0	0	0	0	0	0	0	0	0	1
5	5	G	40000	86999	13.001	3.5765	13001	15811	0	2	0	15808	0	1	15813
5	5	A	40000	88426	11.574	3.754	11574	7820	0	1	0	7818	0	1	7821
5	5	B	40000	88610	11.39	3.399	11390	7991	0	1	0	7990	0	0	7992
5	6	G	40000	3	99.997	97.6085	99997	2510	191	1	0	895	1265	158	2271
5	6	A	40000	7	99.993	99.936	99993	57	0	0	0	0	0	57	7
5	6	B	40000	2266	97.734	95.281	97734	2453	191	1	0	895	1265	101	2264
5	6	cSpy was 37 spamed and the readout avoided!
5	7	G	40000	29547	70.453	16.174	70453	69308	15	14	0	61233	7881	165	69223
5	7	A	40000	47746	52.254	18.446	52254	33808	15	14	0	28977	4638	164	33723
5	7	B	40000	50598	49.402	13.902	49402	35500	0	0	0	32256	3243	1	35500
5	7	cSpy was 4 spamed and the readout avoided!
6	0	G	40000	538	99.462	96.451	99462	3854	365	3	0	1845	1012	629	3239
6	0	A	40000	1198	98.802	97.148	98802	1654	185	3	0	254	685	527	1198
6	0	B	40000	2046	97.954	95.754	97954	2200	180	0	0	1591	327	102	2041
6	0	cSpy was 83 spamed and the readout avoided!
6	1	G	40000	13623	86.377	48.056	86377	49755	11	0	0	44409	4977	358	49579
6	1	A	40000	25618	74.382	50.688	74382	23694	1	0	0	20607	2745	341	23527
6	1	B	40000	28515	71.485	45.424	71485	26061	10	0	0	23802	2232	17	26052
6	1	cSpy was 3 spamed and the readout avoided!
6	2	G	40000	100000	0	0	0	0	0	0	0	0	0	0	2
6	2	A	40000	100000	0	0	0	0	0	0	0	0	0	0	1
6	2	B	40000	100000	0	0	0	0	0	0	0	0	0	0	1
6	3	G	40000	100000	0	0	0	0	0	0	0	0	0	0	2
6	3	A	40000	100000	0	0	0	0	0	0	0	0	0	0	1
6	3	B	40000	100000	0	0	0	0	0	0	0	0	0	0	1
6	4	G	40000	20422	79.578	58.6415	79578	34282	804	0	0	32724	161	593	33206
6	4	A	40000	23932	76.068	58.919	76068	17149	386	0	0	16346	0	417	16437
6	4	B	40000	24503	75.497	58.364	75497	17133	418	0	0	16378	161	176	16769
6	4	cSpy was 10 spamed and the readout avoided!
6	5	G	40000	7909	92.091	84.0355	92091	10864	106	3	0	9372	697	686	10338
6	5	A	40000	10050	89.95	84.664	89950	5286	13	1	0	4336	336	600	4853
6	5	B	40000	11015	88.985	83.407	88985	5578	93	2	0	5036	361	86	5485
6	5	cSpy was 35 spamed and the readout avoided!
6	6	G	40000	100000	0	0	0	0	0	0	0	0	0	0	2
6	6	A	40000	100000	0	0	0	0	0	0	0	0	0	0	1
6	6	B	40000	100000	0	0	0	0	0	0	0	0	0	0	1
6	7	G	40000	100000	0	0	0	0	0	0	0	0	0	0	2
6	7	A	40000	100000	0	0	0	0	0	0	0	0	0	0	1
6	7	B	40000	100000	0	0	0	0	0	0	0	0	0	0	1
7	0	G	40000	2043	97.957	50.043	97957	11303	199	0	0	10266	345	493	10848
7	0	A	40000	2314	97.686	94.948	97686	2738	199	0	0	1969	77	493	2282
7	0	B	40000	86297	13.703	5.138	13703	8565	0	0	0	8297	268	0	8566
7	0	cSpy was 5 spamed and the readout avoided!
7	1	G	40000	100000	0	0	0	0	0	0	0	0	0	0	2
7	1	A	40000	100000	0	0	0	0	0	0	0	0	0	0	1
7	1	B	40000	100000	0	0	0	0	0	0	0	0	0	0	1
7	2	G	40000	97578	2.422	0.2875	2422	3838	1	0	0	3812	22	3	3840
7	2	A	40000	97755	2.245	0.326	2245	1919	1	0	0	1898	17	3	1920
7	2	B	40000	97832	2.168	0.249	2168	1919	0	0	0	1914	5	0	1920
7	3	G	40000	0	100	100	100000	200000	200000	200000	200000	200000	200000	200000	200002
7	3	A	40000	0	100	100	100000	100000	100000	100000	100000	100000	100000	100000	100001
7	3	B	40000	0	100	100	100000	100000	100000	100000	100000	100000	100000	100000	100001
7	4	G	40000	73384	26.616	5.558	26616	32831	2	0	0	29855	2920	54	32821
7	4	A	40000	76768	23.232	5.717	23232	17515	2	0	0	15172	2287	54	17504
7	4	B	40000	79285	20.715	5.399	20715	15316	0	0	0	14683	633	0	15317
7	5	G	40000	100000	0	0	0	0	0	0	0	0	0	0	2
7	5	A	40000	100000	0	0	0	0	0	0	0	0	0	0	1
7	5	B	40000	100000	0	0	0	0	0	0	0	0	0	0	1
7	6	G	40000	98666	1.334	0.157	1334	2080	0	0	0	2074	4	2	2081
7	6	A	40000	98780	1.22	0.178	1220	1042	0	0	0	1036	4	2	1042
7	6	B	40000	98826	1.174	0.136	1174	1038	0	0	0	1038	0	0	1039
7	7	G	40000	48155	51.845	24.8515	51845	40279	18	4	0	38861	1245	151	40214
7	7	A	40000	54420	45.58	25.344	45580	20236	12	4	0	19505	566	149	20175
7	7	B	40000	55598	44.402	24.359	44402	20043	6	0	0	19356	679	2	20039
7	7	cSpy was 6 spamed and the readout avoided!
