#the gain was set to: 2	the bias was set to: 30
#Sent triggers per delay setting: 100000	and with a frequency [Hz] of: 40000
#160MHz delay setting	400MHz delay setting	Frequency	correct transmitted H+T		error rate [%]	uncertainty [%]	bad or missed events	error count	missing headers	missing trailers	flipped H/T	event nr errors	tbm missed trigger	unknown errors	event nr resets
0	0	G	40000	460	99.54	70.245	99540	19317	104	0	0	18302	319	592	18809
0	0	A	40000	659	99.341	98.182	99341	1159	91	0	0	214	270	584	659
0	0	B	40000	39534	60.466	42.308	60466	18158	13	0	0	18088	49	8	18150
0	0	cSpy was 28 spamed and the readout avoided!
0	1	G	40000	40809	59.191	42.6955	59191	22037	411	0	0	21042	1	583	21675
0	1	A	40000	48493	51.507	42.253	51507	9254	202	0	0	8649	0	403	9045
0	1	B	40000	44079	55.921	43.138	55921	12783	209	0	0	12393	1	180	12630
0	2	G	40000	4725	95.275	80.4705	95275	19213	65	0	0	16277	2602	269	19036
0	2	A	40000	9352	90.648	81.635	90648	9013	43	0	0	7216	1493	261	8851
0	2	B	40000	10494	89.506	79.306	89506	10200	22	0	0	9061	1109	8	10185
0	2	cSpy was 3 spamed and the readout avoided!
0	3	G	40000	100000	0	0	0	0	0	0	0	0	0	0	2
0	3	A	40000	100000	0	0	0	0	0	0	0	0	0	0	1
0	3	B	40000	100000	0	0	0	0	0	0	0	0	0	0	1
0	4	G	40000	100000	0	0	0	0	0	0	0	0	0	0	2
0	4	A	40000	100000	0	0	0	0	0	0	0	0	0	0	1
0	4	B	40000	100000	0	0	0	0	0	0	0	0	0	0	1
0	5	G	40000	35769	64.231	40.457	64231	31209	44	0	0	30669	104	392	31123
0	5	A	40000	46082	53.918	39.783	53918	14135	25	0	0	13686	46	378	14060
0	5	B	40000	41795	58.205	41.131	58205	17074	19	0	0	16983	58	14	17063
0	6	G	40000	3341	96.659	84.9725	96659	15010	367	11	0	11872	2309	451	14528
0	6	A	40000	6802	93.198	86.387	93198	6811	164	0	0	5054	1216	377	6482
0	6	B	40000	8243	91.757	83.558	91757	8199	203	11	0	6818	1093	74	8046
0	6	cSpy was 40 spamed and the readout avoided!
0	7	G	40000	99083	0.917	0.2365	917	1359	0	0	0	1359	0	0	1361
0	7	A	40000	99084	0.915998	0.236	916	680	0	0	0	680	0	0	681
0	7	B	40000	99084	0.915998	0.237	916	679	0	0	0	679	0	0	680
1	0	G	40000	365	99.635	97.1905	99635	3020	211	0	0	2163	180	466	2574
1	0	A	40000	1778	98.222	96.065	98222	2157	191	0	0	1431	122	413	1756
1	0	B	40000	821	99.179	98.316	99179	863	20	0	0	732	58	53	818
1	0	cSpy was 18 spamed and the readout avoided!
1	1	G	40000	99294	0.705999	0.008	706	1393	0	0	0	1392	1	0	1395
1	1	A	40000	99296	0.704002	0.007	704	697	0	0	0	696	1	0	698
1	1	B	40000	99295	0.704998	0.009	705	696	0	0	0	696	0	0	697
1	2	G	40000	100000	0	0	0	0	0	0	0	0	0	0	2
1	2	A	40000	100000	0	0	0	0	0	0	0	0	0	0	1
1	2	B	40000	100000	0	0	0	0	0	0	0	0	0	0	1
1	3	G	40000	94709	5.291	1.765	5291	6075	2	0	0	6035	28	10	6074
1	3	A	40000	95400	4.6	1.689	4600	2911	2	0	0	2875	24	10	2909
1	3	B	40000	94995	5.005	1.841	5005	3164	0	0	0	3160	4	0	3165
1	4	G	40000	0	100	100	100000	200000	200000	200000	200000	200000	200000	200000	200002
1	4	A	40000	0	100	100	100000	100000	100000	100000	100000	100000	100000	100000	100001
1	4	B	40000	0	100	100	100000	100000	100000	100000	100000	100000	100000	100000	100001
1	5	G	40000	75714	24.286	5.175	24286	19158	2	0	0	16790	2354	12	19158
1	5	A	40000	88053	11.947	2.356	11947	9591	0	0	0	8482	1097	12	9592
1	5	B	40000	82439	17.561	7.994	17561	9567	2	0	0	8308	1257	0	9566
1	6	G	40000	100000	0	0	0	0	0	0	0	0	0	0	2
1	6	A	40000	100000	0	0	0	0	0	0	0	0	0	0	1
1	6	B	40000	100000	0	0	0	0	0	0	0	0	0	0	1
1	7	G	40000	99989	0.0109971	0	11	22	0	0	0	22	0	0	24
1	7	A	40000	99989	0.0109971	0	11	11	0	0	0	11	0	0	12
1	7	B	40000	99989	0.0109971	0	11	11	0	0	0	11	0	0	12
2	0	G	40000	2572	97.428	48.0065	97428	4007	54	0	0	3786	96	71	3917
2	0	A	40000	2616	97.384	94.739	97384	2645	54	0	0	2425	95	71	2554
2	0	B	40000	97364	2.636	1.274	2636	1362	0	0	0	1361	1	0	1363
2	0	cSpy was 1 spamed and the readout avoided!
2	1	G	40000	99715	0.285	0.0865	285	294	0	0	0	293	1	0	296
2	1	A	40000	99778	0.221997	0.077	222	145	0	0	0	144	1	0	146
2	1	B	40000	99755	0.244999	0.096	245	149	0	0	0	149	0	0	150
2	2	G	40000	22873	77.127	53.7615	77127	28299	835	9	0	25252	1424	779	27490
2	2	A	40000	35420	64.58	51.348	64580	13232	424	6	0	11067	1230	505	12772
2	2	B	40000	28758	71.242	56.175	71242	15067	411	3	0	14185	194	274	14718
2	2	cSpy was 1 spamed and the readout avoided!
2	3	G	40000	11600	88.4	67.271	88400	25010	251	2	0	21772	2721	264	24671
2	3	A	40000	23778	76.222	60.68	76222	15542	65	0	0	13308	2053	116	15433
2	3	B	40000	16670	83.33	73.862	83330	9468	186	2	0	8464	668	148	9238
2	3	cSpy was 80 spamed and the readout avoided!
2	4	G	40000	100000	0	0	0	0	0	0	0	0	0	0	2
2	4	A	40000	100000	0	0	0	0	0	0	0	0	0	0	1
2	4	B	40000	100000	0	0	0	0	0	0	0	0	0	0	1
2	5	G	40000	100000	0	0	0	0	0	0	0	0	0	0	2
2	5	A	40000	100000	0	0	0	0	0	0	0	0	0	0	1
2	5	B	40000	100000	0	0	0	0	0	0	0	0	0	0	1
2	6	G	40000	25060	74.94	50.3515	74940	28560	266	1	0	26182	1550	561	28315
2	6	A	40000	39226	60.774	47.535	60774	13239	141	0	0	11097	1545	456	13075
2	6	B	40000	31511	68.489	53.168	68489	15321	125	1	0	15085	5	105	15240
2	7	G	40000	0	100	100	100000	200000	200000	200000	200000	200000	200000	200000	200002
2	7	A	40000	0	100	100	100000	100000	100000	100000	100000	100000	100000	100000	100001
2	7	B	40000	0	100	100	100000	100000	100000	100000	100000	100000	100000	100000	100001
3	0	G	40000	816	99.184	80.3035	99184	17490	299	3	0	16154	353	681	16855
3	0	A	40000	1436	98.564	96.593	98564	1971	202	0	0	1099	20	650	1413
3	0	B	40000	20467	79.533	64.014	79533	15519	97	3	0	15055	333	31	15442
3	0	cSpy was 14 spamed and the readout avoided!
3	1	G	40000	0	100	100	100000	200000	200000	200000	200000	200000	200000	200000	200002
3	1	A	40000	0	100	100	100000	100000	100000	100000	100000	100000	100000	100000	100001
3	1	B	40000	0	100	100	100000	100000	100000	100000	100000	100000	100000	100000	100001
3	2	G	40000	99866	0.133997	0	134	268	0	0	0	268	0	0	270
3	2	A	40000	99866	0.133997	0	134	134	0	0	0	134	0	0	135
3	2	B	40000	99866	0.133997	0	134	134	0	0	0	134	0	0	135
3	3	G	40000	100000	0	0	0	0	0	0	0	0	0	0	2
3	3	A	40000	100000	0	0	0	0	0	0	0	0	0	0	1
3	3	B	40000	100000	0	0	0	0	0	0	0	0	0	0	1
3	4	G	40000	79927	20.073	11.1605	20073	14581	74	0	0	14405	34	68	14484
3	4	A	40000	81546	18.454	11.074	18454	7380	35	0	0	7281	15	49	7312
3	4	B	40000	81552	18.448	11.247	18448	7201	39	0	0	7124	19	19	7172
3	5	G	40000	0	100	100	100000	200000	200000	200000	200000	200000	200000	200000	200002
3	5	A	40000	0	100	100	100000	100000	100000	100000	100000	100000	100000	100000	100001
3	5	B	40000	0	100	100	100000	100000	100000	100000	100000	100000	100000	100000	100001
3	6	G	40000	53600	46.4	32.4205	46400	22439	284	20	1	20509	1271	354	22030
3	6	A	40000	55781	44.219	32.493	44219	11726	151	8	1	10218	1102	246	11469
3	6	B	40000	56939	43.061	32.348	43061	10713	133	12	0	10291	169	108	10561
3	6	cSpy was 41 spamed and the readout avoided!
3	7	G	40000	100000	0	0	0	0	0	0	0	0	0	0	2
3	7	A	40000	100000	0	0	0	0	0	0	0	0	0	0	1
3	7	B	40000	100000	0	0	0	0	0	0	0	0	0	0	1
4	0	G	40000	1194	98.806	59.9845	98806	28698	120	3	0	26329	2045	201	28468
4	0	A	40000	1749	98.251	96.289	98251	1962	108	1	0	1163	501	189	1742
4	0	B	40000	49584	50.416	23.68	50416	26736	12	2	0	25166	1544	12	26726
4	0	cSpy was 7 spamed and the readout avoided!
4	1	G	40000	100000	0	0	0	0	0	0	0	0	0	0	2
4	1	A	40000	100000	0	0	0	0	0	0	0	0	0	0	1
4	1	B	40000	100000	0	0	0	0	0	0	0	0	0	0	1
4	2	G	40000	96462	3.538	1.325	3538	3358	2	0	0	3349	1	6	3359
4	2	A	40000	96983	3.017	1.367	3017	1650	1	0	0	1642	1	6	1650
4	2	B	40000	97009	2.991	1.283	2991	1708	1	0	0	1707	0	0	1709
4	3	G	40000	19805	80.195	58.828	80195	34195	788	0	0	32708	119	580	33167
4	3	A	40000	23773	76.227	59.092	76227	17135	384	0	0	16333	0	418	16432
4	3	B	40000	24376	75.624	58.564	75624	17060	404	0	0	16375	119	162	16735
4	3	cSpy was 6 spamed and the readout avoided!
4	4	G	40000	4462	95.538	82.336	95538	17503	215	29	2	15407	1400	451	17106
4	4	A	40000	8595	91.405	82.816	91405	8589	120	16	0	7406	663	384	8284
4	4	B	40000	9230	90.77	81.856	90770	8914	95	13	2	8001	737	67	8822
4	4	cSpy was 31 spamed and the readout avoided!
4	5	G	40000	100000	0	0	0	0	0	0	0	0	0	0	2
4	5	A	40000	100000	0	0	0	0	0	0	0	0	0	0	1
4	5	B	40000	100000	0	0	0	0	0	0	0	0	0	0	1
4	6	G	40000	100000	0	0	0	0	0	0	0	0	0	0	2
4	6	A	40000	100000	0	0	0	0	0	0	0	0	0	0	1
4	6	B	40000	100000	0	0	0	0	0	0	0	0	0	0	1
4	7	G	40000	35417	64.583	43.829	64583	31891	254	0	0	31398	10	229	31576
4	7	A	40000	40158	59.842	43.92	59842	15922	121	0	0	15624	0	177	15696
4	7	B	40000	40293	59.707	43.738	59707	15969	133	0	0	15774	10	52	15880
4	7	cSpy was 6 spamed and the readout avoided!
5	0	G	40000	543	99.457	55.815	99457	13673	148	0	0	12606	113	806	13152
5	0	A	40000	642	99.358	98.194	99358	1164	148	0	0	104	107	805	642
5	0	B	40000	74055	25.945	13.436	25945	12509	0	0	0	12502	6	1	12510
5	0	cSpy was 46 spamed and the readout avoided!
5	1	G	40000	59484	40.516	20.1655	40516	30713	20	0	0	30629	3	61	30694
5	1	A	40000	64491	35.509	20.357	35509	15152	10	0	0	15082	3	57	15134
5	1	B	40000	64465	35.535	19.974	35535	15561	10	0	0	15547	0	4	15560
5	1	cSpy was 2 spamed and the readout avoided!
5	2	G	40000	61	99.939	98.3775	99939	1972	67	1	0	1002	60	842	1269
5	2	A	40000	155	99.845	99.114	99845	731	1	0	0	17	0	713	154
5	2	B	40000	1118	98.882	97.641	98882	1241	66	1	0	985	60	129	1115
5	2	cSpy was 52 spamed and the readout avoided!
5	3	G	40000	98817	1.183	0	1183	2366	0	0	0	2366	0	0	2368
5	3	A	40000	98817	1.183	0	1183	1183	0	0	0	1183	0	0	1184
5	3	B	40000	98817	1.183	0	1183	1183	0	0	0	1183	0	0	1184
5	4	G	40000	100000	0	0	0	0	0	0	0	0	0	0	2
5	4	A	40000	100000	0	0	0	0	0	0	0	0	0	0	1
5	4	B	40000	100000	0	0	0	0	0	0	0	0	0	0	1
5	5	G	40000	95558	4.442	0.729	4442	6819	0	0	0	6818	0	1	6821
5	5	A	40000	95807	4.193	0.799	4193	3394	0	0	0	3393	0	1	3395
5	5	B	40000	95916	4.084	0.659	4084	3425	0	0	0	3425	0	0	3426
5	6	G	40000	6	99.994	97.851	99994	2257	210	1	0	659	1238	149	2039
5	6	A	40000	14	99.986	99.915	99986	71	0	0	0	0	2	69	14
5	6	B	40000	2027	97.973	95.787	97973	2186	210	1	0	659	1236	80	2025
5	6	cSpy was 42 spamed and the readout avoided!
5	7	G	40000	38734	61.266	13.462	61266	60980	13	24	0	54074	6733	136	60914
5	7	A	40000	54800	45.2	15.099	45200	30101	13	24	0	25872	4056	136	30034
5	7	B	40000	57296	42.704	11.825	42704	30879	0	0	0	28202	2677	0	30880
5	7	cSpy was 5 spamed and the readout avoided!
6	0	G	40000	450	99.55	96.728	99550	3569	374	0	0	1694	915	586	2966
6	0	A	40000	1068	98.932	97.407	98932	1525	204	0	0	223	604	494	1068
6	0	B	40000	1907	98.093	96.049	98093	2044	170	0	0	1471	311	92	1898
6	0	cSpy was 70 spamed and the readout avoided!
6	1	G	40000	14412	85.588	47.176	85588	50221	2	0	0	44716	5265	238	50121
6	1	A	40000	26315	73.685	49.743	73685	23942	0	0	0	20774	2933	235	23845
6	1	B	40000	29112	70.888	44.609	70888	26279	2	0	0	23942	2332	3	26276
6	1	cSpy was 7 spamed and the readout avoided!
6	2	G	40000	100000	0	0	0	0	0	0	0	0	0	0	2
6	2	A	40000	100000	0	0	0	0	0	0	0	0	0	0	1
6	2	B	40000	100000	0	0	0	0	0	0	0	0	0	0	1
6	3	G	40000	100000	0	0	0	0	0	0	0	0	0	0	2
6	3	A	40000	100000	0	0	0	0	0	0	0	0	0	0	1
6	3	B	40000	100000	0	0	0	0	0	0	0	0	0	0	1
6	4	G	40000	20814	79.186	58.2925	79186	34311	797	0	0	32763	158	593	33239
6	4	A	40000	24266	75.734	58.569	75734	17165	385	0	0	16362	0	418	16454
6	4	B	40000	24838	75.162	58.016	75162	17146	412	0	0	16401	158	175	16785
6	4	cSpy was 7 spamed and the readout avoided!
6	5	G	40000	4078	95.922	82.807	95922	17159	143	13	2	15194	1055	753	16695
6	5	A	40000	8078	91.922	83.682	91922	8240	22	2	0	7086	460	671	7878
6	5	B	40000	9149	90.851	81.932	90851	8919	121	11	2	8108	595	82	8817
6	5	cSpy was 49 spamed and the readout avoided!
6	6	G	40000	100000	0	0	0	0	0	0	0	0	0	0	2
6	6	A	40000	100000	0	0	0	0	0	0	0	0	0	0	1
6	6	B	40000	100000	0	0	0	0	0	0	0	0	0	0	1
6	7	G	40000	100000	0	0	0	0	0	0	0	0	0	0	2
6	7	A	40000	100000	0	0	0	0	0	0	0	0	0	0	1
6	7	B	40000	100000	0	0	0	0	0	0	0	0	0	0	1
7	0	G	40000	2250	97.75	47.704	97750	3498	218	0	0	2667	70	543	3007
7	0	A	40000	2261	97.739	95.01	97739	2729	218	0	0	1898	70	543	2237
7	0	B	40000	98833	1.167	0.398	1167	769	0	0	0	769	0	0	770
7	1	G	40000	100000	0	0	0	0	0	0	0	0	0	0	2
7	1	A	40000	100000	0	0	0	0	0	0	0	0	0	0	1
7	1	B	40000	100000	0	0	0	0	0	0	0	0	0	0	1
7	2	G	40000	97184	2.816	0.517	2816	3637	2	2	0	3613	15	5	3636
7	2	A	40000	97605	2.395	0.586	2395	1809	2	2	0	1788	12	5	1807
7	2	B	40000	97724	2.276	0.448	2276	1828	0	0	0	1825	3	0	1829
7	2	cSpy was 1 spamed and the readout avoided!
7	3	G	40000	0	100	100	100000	200000	200000	200000	200000	200000	200000	200000	200002
7	3	A	40000	0	100	100	100000	100000	100000	100000	100000	100000	100000	100000	100001
7	3	B	40000	0	100	100	100000	100000	100000	100000	100000	100000	100000	100000	100001
7	4	G	40000	84774	15.226	2.535	15226	22693	0	0	0	20892	1781	20	22692
7	4	A	40000	85136	14.864	2.539	14864	12325	0	0	0	10769	1536	20	12323
7	4	B	40000	87101	12.899	2.531	12899	10368	0	0	0	10123	245	0	10369
7	5	G	40000	100000	0	0	0	0	0	0	0	0	0	0	2
7	5	A	40000	100000	0	0	0	0	0	0	0	0	0	0	1
7	5	B	40000	100000	0	0	0	0	0	0	0	0	0	0	1
7	6	G	40000	97372	2.628	0.785	2628	2325	2	4	0	2305	9	5	2325
7	6	A	40000	97984	2.016	0.867	2016	1149	2	4	0	1137	1	5	1148
7	6	B	40000	98121	1.879	0.703	1879	1176	0	0	0	1168	8	0	1177
7	7	G	40000	56063	43.937	17.329	43937	39912	26	27	0	38875	742	242	39787
7	7	A	40000	61881	38.119	17.758	38119	20361	26	27	0	19756	310	242	20235
7	7	B	40000	63549	36.451	16.9	36451	19551	0	0	0	19119	432	0	19552
7	7	cSpy was 7 spamed and the readout avoided!
