#the gain was set to: 2	the bias was set to: 30
#Sent triggers per delay setting: 100000	and with a frequency [Hz] of: 40000
#160MHz delay setting	400MHz delay setting	Frequency	correct transmitted H+T		error rate [%]	uncertainty [%]	bad or missed events	error count	missing headers	missing trailers	flipped H/T	event nr errors	tbm missed trigger	unknown errors	event nr resets
0	0	G	40000	456	99.544	71.2695	99544	19266	119	0	0	18203	324	620	18726
0	0	A	40000	645	99.355	98.178	99355	1177	105	0	0	188	274	610	645
0	0	B	40000	37550	62.45	44.361	62450	18089	14	0	0	18015	50	10	18081
0	0	cSpy was 20 spamed and the readout avoided!
0	1	G	40000	28703	71.297	52.352	71297	25135	412	0	0	23569	532	622	24812
0	1	A	40000	37515	62.485	51.794	62485	10691	219	0	0	10006	0	466	10480
0	1	B	40000	32646	67.354	52.91	67354	14444	193	0	0	13563	532	156	14332
0	2	G	40000	4678	95.322	78.8265	95322	20884	53	0	0	18046	2443	342	20681
0	2	A	40000	9759	90.241	80.719	90241	9522	29	0	0	7701	1462	330	9339
0	2	B	40000	11704	88.296	76.934	88296	11362	24	0	0	10345	981	12	11342
0	2	cSpy was 2 spamed and the readout avoided!
0	3	G	40000	100000	0	0	0	0	0	0	0	0	0	0	2
0	3	A	40000	100000	0	0	0	0	0	0	0	0	0	0	1
0	3	B	40000	100000	0	0	0	0	0	0	0	0	0	0	1
0	4	G	40000	100000	0	0	0	0	0	0	0	0	0	0	2
0	4	A	40000	100000	0	0	0	0	0	0	0	0	0	0	1
0	4	B	40000	100000	0	0	0	0	0	0	0	0	0	0	1
0	5	G	40000	50920	49.08	33.6755	49080	21078	50	0	0	20516	203	309	21032
0	5	A	40000	57514	42.486	33.28	42486	9206	28	0	0	8880	8	290	9163
0	5	B	40000	54057	45.943	34.071	45943	11872	22	0	0	11636	195	19	11869
0	6	G	40000	0	100	100	100000	200000	200000	200000	200000	200000	200000	200000	200002
0	6	A	40000	0	100	100	100000	100000	100000	100000	100000	100000	100000	100000	100001
0	6	B	40000	0	100	100	100000	100000	100000	100000	100000	100000	100000	100000	100001
0	7	G	40000	99426	0.573999	0.0095	574	1127	0	0	0	1126	1	0	1129
0	7	A	40000	99428	0.572002	0.009	572	563	0	0	0	563	0	0	564
0	7	B	40000	99426	0.573999	0.01	574	564	0	0	0	563	1	0	565
1	0	G	40000	287	99.713	97.732	99713	2457	186	0	0	1700	163	408	2063
1	0	A	40000	1416	98.584	96.842	98584	1742	161	0	0	1115	109	357	1401
1	0	B	40000	663	99.337	98.622	99337	715	25	0	0	585	54	51	662
1	0	cSpy was 25 spamed and the readout avoided!
1	1	G	40000	99092	0.907999	0.209	908	1397	0	0	0	1397	0	0	1399
1	1	A	40000	99093	0.906998	0.209	907	698	0	0	0	698	0	0	699
1	1	B	40000	99092	0.907999	0.209	908	699	0	0	0	699	0	0	700
1	2	G	40000	100000	0	0	0	0	0	0	0	0	0	0	2
1	2	A	40000	100000	0	0	0	0	0	0	0	0	0	0	1
1	2	B	40000	100000	0	0	0	0	0	0	0	0	0	0	1
1	3	G	40000	96927	3.073	0.496	3073	4574	0	0	0	4566	6	2	4575
1	3	A	40000	97321	2.679	0.44	2679	2239	0	0	0	2235	2	2	2239
1	3	B	40000	97113	2.887	0.552	2887	2335	0	0	0	2331	4	0	2336
1	4	G	40000	540	99.46	96.536	99460	3633	217	0	0	1686	1424	306	3259
1	4	A	40000	2129	97.871	95.623	97871	2248	98	0	0	937	1105	108	2097
1	4	B	40000	1166	98.834	97.449	98834	1385	119	0	0	749	319	198	1162
1	4	cSpy was 35 spamed and the readout avoided!
1	5	G	40000	69040	30.96	6.178	30960	24436	0	0	0	21798	2638	0	24438
1	5	A	40000	85253	14.747	2.242	14747	12505	0	0	0	11182	1323	0	12506
1	5	B	40000	77955	22.045	10.114	22045	11931	0	0	0	10616	1315	0	11932
1	6	G	40000	100000	0	0	0	0	0	0	0	0	0	0	2
1	6	A	40000	100000	0	0	0	0	0	0	0	0	0	0	1
1	6	B	40000	100000	0	0	0	0	0	0	0	0	0	0	1
1	7	G	40000	99989	0.0109971	0	11	22	0	0	0	22	0	0	24
1	7	A	40000	99989	0.0109971	0	11	11	0	0	0	11	0	0	12
1	7	B	40000	99989	0.0109971	0	11	11	0	0	0	11	0	0	12
2	0	G	40000	2531	97.469	48.1085	97469	4048	40	0	0	3807	128	73	3967
2	0	A	40000	2566	97.434	94.84	97434	2594	40	0	0	2353	128	73	2512
2	0	B	40000	97169	2.831	1.377	2831	1454	0	0	0	1454	0	0	1455
2	0	cSpy was 1 spamed and the readout avoided!
2	1	G	40000	99540	0.459999	0.1305	460	526	0	0	0	524	0	2	528
2	1	A	40000	99626	0.374001	0.119	374	255	0	0	0	253	0	2	256
2	1	B	40000	99587	0.413001	0.142	413	271	0	0	0	271	0	0	272
2	2	G	40000	21603	78.397	55.139	78397	28448	917	9	0	25451	1296	775	27579
2	2	A	40000	33638	66.362	52.863	66362	13499	468	4	0	11546	972	509	12991
2	2	B	40000	27636	72.364	57.415	72364	14949	449	5	0	13905	324	266	14588
2	2	cSpy was 2 spamed and the readout avoided!
2	3	G	40000	10848	89.152	71.0745	89152	21087	277	0	0	17818	2718	274	20730
2	3	A	40000	21572	78.428	65.431	78428	12997	75	0	0	10766	1998	158	12851
2	3	B	40000	15192	84.808	76.718	84808	8090	202	0	0	7052	720	116	7879
2	3	cSpy was 87 spamed and the readout avoided!
2	4	G	40000	100000	0	0	0	0	0	0	0	0	0	0	2
2	4	A	40000	100000	0	0	0	0	0	0	0	0	0	0	1
2	4	B	40000	100000	0	0	0	0	0	0	0	0	0	0	1
2	5	G	40000	100000	0	0	0	0	0	0	0	0	0	0	2
2	5	A	40000	100000	0	0	0	0	0	0	0	0	0	0	1
2	5	B	40000	100000	0	0	0	0	0	0	0	0	0	0	1
2	6	G	40000	24798	75.202	50.699	75202	28451	279	2	0	26044	1549	577	28186
2	6	A	40000	38943	61.057	47.894	61057	13163	152	0	0	11013	1542	456	12985
2	6	B	40000	31208	68.792	53.504	68792	15288	127	2	0	15031	7	121	15201
2	7	G	40000	0	100	100	100000	200000	200000	200000	200000	200000	200000	200000	200002
2	7	A	40000	0	100	100	100000	100000	100000	100000	100000	100000	100000	100000	100001
2	7	B	40000	0	100	100	100000	100000	100000	100000	100000	100000	100000	100000	100001
3	0	G	40000	1146	98.854	71.407	98854	14756	258	4	0	13552	274	668	14186
3	0	A	40000	1635	98.365	96.231	98365	2134	189	0	0	1292	23	630	1617
3	0	B	40000	40795	59.205	46.583	59205	12622	69	4	0	12260	251	38	12569
3	0	cSpy was 10 spamed and the readout avoided!
3	1	G	40000	0	100	100	100000	200000	200000	200000	200000	200000	200000	200000	200002
3	1	A	40000	0	100	100	100000	100000	100000	100000	100000	100000	100000	100000	100001
3	1	B	40000	0	100	100	100000	100000	100000	100000	100000	100000	100000	100000	100001
3	2	G	40000	99861	0.138998	0	139	278	0	0	0	278	0	0	280
3	2	A	40000	99861	0.138998	0	139	139	0	0	0	139	0	0	140
3	2	B	40000	99861	0.138998	0	139	139	0	0	0	139	0	0	140
3	3	G	40000	100000	0	0	0	0	0	0	0	0	0	0	2
3	3	A	40000	100000	0	0	0	0	0	0	0	0	0	0	1
3	3	B	40000	100000	0	0	0	0	0	0	0	0	0	0	1
3	4	G	40000	90639	9.361	1.8545	9361	13658	0	0	0	13643	14	1	13660
3	4	A	40000	91386	8.614	1.748	8614	6866	0	0	0	6852	13	1	6867
3	4	B	40000	91247	8.753	1.961	8753	6792	0	0	0	6791	1	0	6793
3	5	G	40000	0	100	100	100000	200000	200000	200000	200000	200000	200000	200000	200002
3	5	A	40000	0	100	100	100000	100000	100000	100000	100000	100000	100000	100000	100001
3	5	B	40000	0	100	100	100000	100000	100000	100000	100000	100000	100000	100000	100001
3	6	G	40000	77405	22.595	5.8	22595	27913	8	7	0	26186	1661	51	27889
3	6	A	40000	79475	20.525	5.743	20525	14782	3	0	0	13169	1597	13	14782
3	6	B	40000	81012	18.988	5.857	18988	13131	5	7	0	13017	64	38	13107
3	6	cSpy was 5 spamed and the readout avoided!
3	7	G	40000	100000	0	0	0	0	0	0	0	0	0	0	2
3	7	A	40000	100000	0	0	0	0	0	0	0	0	0	0	1
3	7	B	40000	100000	0	0	0	0	0	0	0	0	0	0	1
4	0	G	40000	1153	98.847	57.2735	98847	26865	116	1	0	24724	1766	258	26613
4	0	A	40000	1663	98.337	96.431	98337	1906	112	0	0	1040	505	249	1658
4	0	B	40000	56925	43.075	18.116	43075	24959	4	1	0	23684	1261	9	24955
4	0	cSpy was 5 spamed and the readout avoided!
4	1	G	40000	100000	0	0	0	0	0	0	0	0	0	0	2
4	1	A	40000	100000	0	0	0	0	0	0	0	0	0	0	1
4	1	B	40000	100000	0	0	0	0	0	0	0	0	0	0	1
4	2	G	40000	100000	0	0	0	0	0	0	0	0	0	0	2
4	2	A	40000	100000	0	0	0	0	0	0	0	0	0	0	1
4	2	B	40000	100000	0	0	0	0	0	0	0	0	0	0	1
4	3	G	40000	19350	80.65	58.999	80650	34047	810	0	0	32525	121	591	32995
4	3	A	40000	23664	76.336	59.289	76336	17047	394	0	0	16224	1	428	16335
4	3	B	40000	24291	75.709	58.709	75709	17000	416	0	0	16301	120	163	16660
4	3	cSpy was 8 spamed and the readout avoided!
4	4	G	40000	4804	95.196	83.7095	95196	15302	438	28	0	13041	1134	662	14623
4	4	A	40000	8376	91.624	84.089	91624	7535	223	13	0	6251	521	528	7077
4	4	B	40000	8903	91.097	83.33	91097	7767	215	15	0	6790	613	134	7546
4	4	cSpy was 74 spamed and the readout avoided!
4	5	G	40000	100000	0	0	0	0	0	0	0	0	0	0	2
4	5	A	40000	100000	0	0	0	0	0	0	0	0	0	0	1
4	5	B	40000	100000	0	0	0	0	0	0	0	0	0	0	1
4	6	G	40000	100000	0	0	0	0	0	0	0	0	0	0	2
4	6	A	40000	100000	0	0	0	0	0	0	0	0	0	0	1
4	6	B	40000	100000	0	0	0	0	0	0	0	0	0	0	1
4	7	G	40000	30761	69.239	45.952	69239	36155	254	1	0	35648	8	244	35866
4	7	A	40000	35929	64.071	46.036	64071	18035	122	1	0	17715	2	195	17828
4	7	B	40000	36012	63.988	45.868	63988	18120	132	0	0	17933	6	49	18038
4	7	cSpy was 3 spamed and the readout avoided!
5	0	G	40000	526	99.474	56.505	99474	14423	143	0	0	13353	93	834	13895
5	0	A	40000	623	99.377	98.225	99377	1152	143	0	0	90	87	832	623
5	0	B	40000	71944	28.056	14.785	28056	13271	0	0	0	13263	6	2	13272
5	0	cSpy was 51 spamed and the readout avoided!
5	1	G	40000	63797	36.203	16.4635	36203	30571	17	0	0	30507	4	43	30556
5	1	A	40000	68247	31.753	16.672	31753	15081	8	0	0	15026	4	43	15066
5	1	B	40000	68255	31.745	16.255	31745	15490	9	0	0	15481	0	0	15490
5	2	G	40000	37	99.963	98.511	99963	1817	67	0	0	868	127	755	1153
5	2	A	40000	104	99.896	99.249	99896	647	1	0	0	11	2	633	104
5	2	B	40000	1057	98.943	97.773	98943	1170	66	0	0	857	125	122	1049
5	2	cSpy was 39 spamed and the readout avoided!
5	3	G	40000	98820	1.18	0	1180	2355	0	0	0	2350	5	0	2357
5	3	A	40000	98820	1.18	0	1180	1180	0	0	0	1175	5	0	1181
5	3	B	40000	98825	1.175	0	1175	1175	0	0	0	1175	0	0	1176
5	4	G	40000	100000	0	0	0	0	0	0	0	0	0	0	2
5	4	A	40000	100000	0	0	0	0	0	0	0	0	0	0	1
5	4	B	40000	100000	0	0	0	0	0	0	0	0	0	0	1
5	5	G	40000	88106	11.894	3.2495	11894	14448	0	0	0	14439	1	8	14449
5	5	A	40000	89460	10.54	3.396	10540	7144	0	0	0	7135	1	8	7144
5	5	B	40000	89593	10.407	3.103	10407	7304	0	0	0	7304	0	0	7305
5	6	G	40000	8	99.992	97.518	99992	2593	203	0	0	1012	1218	160	2368
5	6	A	40000	11	99.989	99.921	99989	68	0	0	0	1	0	67	11
5	6	B	40000	2360	97.64	95.115	97640	2525	203	0	0	1011	1218	93	2357
5	6	cSpy was 38 spamed and the readout avoided!
5	7	G	40000	31792	68.208	18.691	68208	63737	23	20	0	56608	6956	130	63672
5	7	A	40000	48154	51.846	20.384	51846	31462	23	20	0	27015	4275	129	31397
5	7	B	40000	50727	49.273	16.998	49273	32275	0	0	0	29593	2681	1	32275
5	7	cSpy was 6 spamed and the readout avoided!
6	0	G	40000	510	99.49	96.219	99490	4082	365	5	0	2022	1064	626	3472
6	0	A	40000	1265	98.735	97.02	98735	1715	179	2	0	230	753	551	1265
6	0	B	40000	2215	97.785	95.418	97785	2367	186	3	0	1792	311	75	2207
6	0	cSpy was 59 spamed and the readout avoided!
6	1	G	40000	12757	87.243	51.9545	87243	46158	5	0	0	41192	4612	349	45969
6	1	A	40000	23631	76.369	54.375	76369	21994	1	0	0	19183	2464	346	21808
6	1	B	40000	26302	73.698	49.534	73698	24164	4	0	0	22009	2148	3	24161
6	1	cSpy was 4 spamed and the readout avoided!
6	2	G	40000	100000	0	0	0	0	0	0	0	0	0	0	2
6	2	A	40000	100000	0	0	0	0	0	0	0	0	0	0	1
6	2	B	40000	100000	0	0	0	0	0	0	0	0	0	0	1
6	3	G	40000	100000	0	0	0	0	0	0	0	0	0	0	2
6	3	A	40000	100000	0	0	0	0	0	0	0	0	0	0	1
6	3	B	40000	100000	0	0	0	0	0	0	0	0	0	0	1
6	4	G	40000	19230	80.77	58.896	80770	33706	800	1	0	32186	107	612	32619
6	4	A	40000	23921	76.079	59.227	76079	16852	399	1	0	16017	0	435	16128
6	4	B	40000	24581	75.419	58.565	75419	16854	401	0	0	16169	107	177	16491
6	4	cSpy was 8 spamed and the readout avoided!
6	5	G	40000	6629	93.371	73.8025	93371	25998	82	5	0	23291	1903	717	25564
6	5	A	40000	12438	87.562	75.098	87562	12464	4	1	0	10987	828	644	12114
6	5	B	40000	13959	86.041	72.507	86041	13534	78	4	0	12304	1075	73	13450
6	5	cSpy was 26 spamed and the readout avoided!
6	6	G	40000	100000	0	0	0	0	0	0	0	0	0	0	2
6	6	A	40000	100000	0	0	0	0	0	0	0	0	0	0	1
6	6	B	40000	100000	0	0	0	0	0	0	0	0	0	0	1
6	7	G	40000	100000	0	0	0	0	0	0	0	0	0	0	2
6	7	A	40000	100000	0	0	0	0	0	0	0	0	0	0	1
6	7	B	40000	100000	0	0	0	0	0	0	0	0	0	0	1
7	0	G	40000	2231	97.769	47.758	97769	3481	202	0	0	2680	64	535	3041
7	0	A	40000	2255	97.745	95.086	97745	2659	202	0	0	1858	64	535	2218
7	0	B	40000	98748	1.252	0.43	1252	822	0	0	0	822	0	0	823
7	1	G	40000	100000	0	0	0	0	0	0	0	0	0	0	2
7	1	A	40000	100000	0	0	0	0	0	0	0	0	0	0	1
7	1	B	40000	100000	0	0	0	0	0	0	0	0	0	0	1
7	2	G	40000	96354	3.646	0.9335	3646	4204	4	6	0	4151	37	6	4204
7	2	A	40000	96876	3.124	1.027	3124	2097	4	6	0	2067	14	6	2096
7	2	B	40000	97053	2.947	0.84	2947	2107	0	0	0	2084	23	0	2108
7	2	cSpy was 1 spamed and the readout avoided!
7	3	G	40000	1896	98.104	91.013	98104	8801	127	3	0	7616	640	415	8447
7	3	A	40000	3502	96.498	93.072	96498	3426	54	2	0	3045	68	257	3215
7	3	B	40000	5671	94.329	88.954	94329	5375	73	1	0	4571	572	158	5232
7	3	cSpy was 86 spamed and the readout avoided!
7	4	G	40000	87397	12.603	1.8465	12603	19606	0	0	0	18228	1356	22	19606
7	4	A	40000	87613	12.387	1.847	12387	10540	0	0	0	9348	1170	22	10539
7	4	B	40000	89088	10.912	1.846	10912	9066	0	0	0	8880	186	0	9067
7	5	G	40000	100000	0	0	0	0	0	0	0	0	0	0	2
7	5	A	40000	100000	0	0	0	0	0	0	0	0	0	0	1
7	5	B	40000	100000	0	0	0	0	0	0	0	0	0	0	1
7	6	G	40000	99982	0.0180006	0	18	36	0	0	0	36	0	0	38
7	6	A	40000	99982	0.0180006	0	18	18	0	0	0	18	0	0	19
7	6	B	40000	99982	0.0180006	0	18	18	0	0	0	18	0	0	19
7	7	G	40000	52467	47.533	20.898	47533	39961	20	11	0	38850	868	212	39849
7	7	A	40000	58335	41.665	21.405	41665	20260	10	11	0	19686	344	209	20156
7	7	B	40000	59908	40.092	20.391	40092	19701	10	0	0	19164	524	3	19693
7	7	cSpy was 9 spamed and the readout avoided!
