#the gain was set to: 2	the bias was set to: 30
#Sent triggers per delay setting: 100000	and with a frequency [Hz] of: 40000
#160MHz delay setting	400MHz delay setting	Frequency	correct transmitted H+T		error rate [%]	uncertainty [%]	bad or missed events	error count	missing headers	missing trailers	flipped H/T	event nr errors	tbm missed trigger	unknown errors	event nr resets
0	0	G	40000	439	99.561	71.336	99561	19263	96	0	0	18251	302	614	18743
0	0	A	40000	645	99.355	98.2	99355	1155	82	0	0	216	254	603	645
0	0	B	40000	37420	62.58	44.472	62580	18108	14	0	0	18035	48	11	18098
0	0	cSpy was 33 spamed and the readout avoided!
0	1	G	40000	41076	58.924	42.632	58924	22313	484	0	0	20769	500	560	21901
0	1	A	40000	48234	51.766	42.21	51766	9556	250	0	0	8926	2	378	9307
0	1	B	40000	44189	55.811	43.054	55811	12757	234	0	0	11843	498	182	12594
0	2	G	40000	4808	95.192	79.721	95192	19975	41	0	0	17233	2456	245	19815
0	2	A	40000	10647	89.353	79.034	89353	10319	21	0	0	8481	1578	239	10175
0	2	B	40000	9936	90.064	80.408	90064	9656	20	0	0	8752	878	6	9640
0	2	cSpy was 4 spamed and the readout avoided!
0	3	G	40000	100000	0	0	0	0	0	0	0	0	0	0	2
0	3	A	40000	100000	0	0	0	0	0	0	0	0	0	0	1
0	3	B	40000	100000	0	0	0	0	0	0	0	0	0	0	1
0	4	G	40000	100000	0	0	0	0	0	0	0	0	0	0	2
0	4	A	40000	100000	0	0	0	0	0	0	0	0	0	0	1
0	4	B	40000	100000	0	0	0	0	0	0	0	0	0	0	1
0	5	G	40000	38112	61.888	40.7395	61888	28846	20	0	0	28356	139	331	28805
0	5	A	40000	46957	53.043	40.219	53043	12824	14	0	0	12454	35	321	12785
0	5	B	40000	42718	57.282	41.26	57282	16022	6	0	0	15902	104	10	16020
0	6	G	40000	3340	96.66	84.551	96660	15335	256	9	0	12583	2032	455	14899
0	6	A	40000	6244	93.756	87.501	93756	6255	138	0	0	4604	1113	400	5918
0	6	B	40000	9319	90.681	81.601	90681	9080	118	9	0	7979	919	55	8981
0	6	cSpy was 15 spamed and the readout avoided!
0	7	G	40000	99618	0.382	0.005	382	754	0	0	0	754	0	0	756
0	7	A	40000	99618	0.382	0.005	382	377	0	0	0	377	0	0	378
0	7	B	40000	99618	0.382	0.005	382	377	0	0	0	377	0	0	378
1	0	G	40000	352	99.648	96.5555	99648	3611	219	2	0	2709	278	403	3217
1	0	A	40000	2487	97.513	94.751	97513	2762	197	2	0	2014	217	332	2426
1	0	B	40000	791	99.209	98.36	99209	849	22	0	0	695	61	71	791
1	0	cSpy was 17 spamed and the readout avoided!
1	1	G	40000	99209	0.791001	0.1855	791	1209	0	0	0	1209	0	0	1211
1	1	A	40000	99211	0.788999	0.185	789	604	0	0	0	604	0	0	605
1	1	B	40000	99209	0.791001	0.186	791	605	0	0	0	605	0	0	606
1	2	G	40000	100000	0	0	0	0	0	0	0	0	0	0	2
1	2	A	40000	100000	0	0	0	0	0	0	0	0	0	0	1
1	2	B	40000	100000	0	0	0	0	0	0	0	0	0	0	1
1	3	G	40000	92214	7.786	2.403	7786	8429	3	0	0	8346	59	21	8425
1	3	A	40000	93718	6.282	2.178	6282	4104	2	0	0	4038	49	15	4100
1	3	B	40000	93047	6.953	2.628	6953	4325	1	0	0	4308	10	6	4325
1	4	G	40000	527	99.473	96.3535	99473	3848	327	2	0	1911	1272	336	3415
1	4	A	40000	1897	98.103	96.058	98103	2045	75	0	0	842	962	166	1872
1	4	B	40000	1548	98.452	96.649	98452	1803	252	2	0	1069	310	170	1543
1	4	cSpy was 27 spamed and the readout avoided!
1	5	G	40000	75507	24.493	4.5895	24493	20100	0	0	0	18170	1930	0	20102
1	5	A	40000	87931	12.069	1.903	12069	10166	0	0	0	9254	912	0	10167
1	5	B	40000	82790	17.21	7.276	17210	9934	0	0	0	8916	1018	0	9935
1	6	G	40000	100000	0	0	0	0	0	0	0	0	0	0	2
1	6	A	40000	100000	0	0	0	0	0	0	0	0	0	0	1
1	6	B	40000	100000	0	0	0	0	0	0	0	0	0	0	1
1	7	G	40000	94987	5.013	2.4145	5013	3090	1	0	0	2977	89	23	3086
1	7	A	40000	96281	3.719	2.227	3719	1492	0	0	0	1396	74	22	1488
1	7	B	40000	95800	4.2	2.602	4200	1598	1	0	0	1581	15	1	1598
2	0	G	40000	2566	97.434	48.037	97434	4051	41	0	0	3855	86	69	3975
2	0	A	40000	2614	97.386	94.749	97386	2637	41	0	0	2441	86	69	2560
2	0	B	40000	97261	2.739	1.325	2739	1414	0	0	0	1414	0	0	1415
2	0	cSpy was 1 spamed and the readout avoided!
2	1	G	40000	100000	0	0	0	0	0	0	0	0	0	0	2
2	1	A	40000	100000	0	0	0	0	0	0	0	0	0	0	1
2	1	B	40000	100000	0	0	0	0	0	0	0	0	0	0	1
2	2	G	40000	31249	68.751	47.2485	68751	26532	731	0	0	23861	1303	637	25907
2	2	A	40000	42639	57.361	45.483	57361	11878	405	0	0	10421	625	427	11490
2	2	B	40000	36332	63.668	49.014	63668	14654	326	0	0	13440	678	210	14417
2	3	G	40000	6437	93.563	66.3275	93563	32746	69	0	0	28856	3713	108	32647
2	3	A	40000	22142	77.858	56.581	77858	21277	3	0	0	18482	2721	71	21232
2	3	B	40000	12457	87.543	76.074	87543	11469	66	0	0	10374	992	37	11415
2	3	cSpy was 2 spamed and the readout avoided!
2	4	G	40000	100000	0	0	0	0	0	0	0	0	0	0	2
2	4	A	40000	100000	0	0	0	0	0	0	0	0	0	0	1
2	4	B	40000	100000	0	0	0	0	0	0	0	0	0	0	1
2	5	G	40000	100000	0	0	0	0	0	0	0	0	0	0	2
2	5	A	40000	100000	0	0	0	0	0	0	0	0	0	0	1
2	5	B	40000	100000	0	0	0	0	0	0	0	0	0	0	1
2	6	G	40000	30100	69.9	46.6145	69900	27235	201	1	0	25584	968	481	27073
2	6	A	40000	43389	56.611	44.519	56611	12092	126	1	0	10788	763	414	11967
2	6	B	40000	36147	63.853	48.71	63853	15143	75	0	0	14796	205	67	15106
2	7	G	40000	942	99.058	93.1985	99058	7120	397	101	2	3181	2723	718	6365
2	7	A	40000	4343	95.657	91.092	95657	4565	127	0	0	1861	2186	391	4239
2	7	B	40000	2140	97.86	95.305	97860	2555	270	101	2	1320	537	327	2126
2	7	cSpy was 90 spamed and the readout avoided!
3	0	G	40000	843	99.157	78.92	99157	17369	312	1	0	16002	380	674	16741
3	0	A	40000	1417	98.583	96.612	98583	1971	224	0	0	1074	25	648	1404
3	0	B	40000	23374	76.626	61.228	76626	15398	88	1	0	14928	355	26	15337
3	0	cSpy was 12 spamed and the readout avoided!
3	1	G	40000	0	100	100	100000	200000	200000	200000	200000	200000	200000	200000	200002
3	1	A	40000	0	100	100	100000	100000	100000	100000	100000	100000	100000	100000	100001
3	1	B	40000	0	100	100	100000	100000	100000	100000	100000	100000	100000	100000	100001
3	2	G	40000	99848	0.151998	0	152	304	0	0	0	304	0	0	306
3	2	A	40000	99848	0.151998	0	152	152	0	0	0	152	0	0	153
3	2	B	40000	99848	0.151998	0	152	152	0	0	0	152	0	0	153
3	3	G	40000	100000	0	0	0	0	0	0	0	0	0	0	2
3	3	A	40000	100000	0	0	0	0	0	0	0	0	0	0	1
3	3	B	40000	100000	0	0	0	0	0	0	0	0	0	0	1
3	4	G	40000	90262	9.738	2.2875	9738	13324	0	0	0	13304	17	3	13326
3	4	A	40000	91127	8.873	2.171	8873	6702	0	0	0	6687	12	3	6703
3	4	B	40000	90974	9.026	2.404	9026	6622	0	0	0	6617	5	0	6623
3	5	G	40000	0	100	100	100000	200000	200000	200000	200000	200000	200000	200000	200002
3	5	A	40000	0	100	100	100000	100000	100000	100000	100000	100000	100000	100000	100001
3	5	B	40000	0	100	100	100000	100000	100000	100000	100000	100000	100000	100000	100001
3	6	G	40000	60887	39.113	24.5185	39113	25003	61	4	0	23359	1430	149	24870
3	6	A	40000	62220	37.78	24.743	37780	13037	3	0	0	11690	1281	63	12994
3	6	B	40000	63740	36.26	24.294	36260	11966	58	4	0	11669	149	86	11876
3	6	cSpy was 29 spamed and the readout avoided!
3	7	G	40000	100000	0	0	0	0	0	0	0	0	0	0	2
3	7	A	40000	100000	0	0	0	0	0	0	0	0	0	0	1
3	7	B	40000	100000	0	0	0	0	0	0	0	0	0	0	1
4	0	G	40000	1030	98.97	55.9395	98970	24366	121	0	0	22417	1511	317	24088
4	0	A	40000	1442	98.558	96.845	98558	1713	119	0	0	828	454	312	1436
4	0	B	40000	62313	37.687	15.034	37687	22653	2	0	0	21589	1057	5	22652
4	0	cSpy was 12 spamed and the readout avoided!
4	1	G	40000	100000	0	0	0	0	0	0	0	0	0	0	2
4	1	A	40000	100000	0	0	0	0	0	0	0	0	0	0	1
4	1	B	40000	100000	0	0	0	0	0	0	0	0	0	0	1
4	2	G	40000	100000	0	0	0	0	0	0	0	0	0	0	2
4	2	A	40000	100000	0	0	0	0	0	0	0	0	0	0	1
4	2	B	40000	100000	0	0	0	0	0	0	0	0	0	0	1
4	3	G	40000	19489	80.511	58.5845	80511	34172	783	0	0	32680	125	584	33140
4	3	A	40000	24010	75.99	58.881	75990	17109	386	0	0	16296	6	421	16409
4	3	B	40000	24649	75.351	58.288	75351	17063	397	0	0	16384	119	163	16731
4	3	cSpy was 8 spamed and the readout avoided!
4	4	G	40000	8318	91.682	68.57	91682	30735	167	24	0	27445	2585	514	30360
4	4	A	40000	15780	84.22	68.972	84220	15248	74	14	0	13383	1316	461	14951
4	4	B	40000	16345	83.655	68.168	83655	15487	93	10	0	14062	1269	53	15409
4	4	cSpy was 30 spamed and the readout avoided!
4	5	G	40000	100000	0	0	0	0	0	0	0	0	0	0	2
4	5	A	40000	100000	0	0	0	0	0	0	0	0	0	0	1
4	5	B	40000	100000	0	0	0	0	0	0	0	0	0	0	1
4	6	G	40000	100000	0	0	0	0	0	0	0	0	0	0	2
4	6	A	40000	100000	0	0	0	0	0	0	0	0	0	0	1
4	6	B	40000	100000	0	0	0	0	0	0	0	0	0	0	1
4	7	G	40000	22421	77.579	54.951	77579	36022	442	0	0	35155	29	396	35447
4	7	A	40000	26874	73.126	55.094	73126	18032	215	0	0	17521	3	293	17623
4	7	B	40000	27202	72.798	54.808	72798	17990	227	0	0	17634	26	103	17824
4	7	cSpy was 6 spamed and the readout avoided!
5	0	G	40000	515	99.485	56.3725	99485	14302	151	0	0	13191	106	854	13740
5	0	A	40000	621	99.379	98.196	99379	1183	151	0	0	80	99	853	621
5	0	B	40000	72332	27.668	14.549	27668	13119	0	0	0	13111	7	1	13119
5	0	cSpy was 51 spamed and the readout avoided!
5	1	G	40000	41669	58.331	33.1535	58331	38649	84	0	0	38440	3	122	38568
5	1	A	40000	47571	52.429	33.31	52429	19119	43	0	0	18966	3	107	19052
5	1	B	40000	47473	52.527	32.997	52527	19530	41	0	0	19474	0	15	19516
5	1	cSpy was 5 spamed and the readout avoided!
5	2	G	40000	36	99.964	98.6005	99964	1817	44	0	0	748	91	934	979
5	2	A	40000	98	99.902	99.072	99902	830	1	0	0	9	0	820	98
5	2	B	40000	884	99.116	98.129	99116	987	43	0	0	739	91	114	881
5	2	cSpy was 35 spamed and the readout avoided!
5	3	G	40000	99231	0.769001	0	769	1537	0	0	0	1536	1	0	1539
5	3	A	40000	99231	0.769001	0	769	769	0	0	0	768	1	0	770
5	3	B	40000	99232	0.768	0	768	768	0	0	0	768	0	0	769
5	4	G	40000	100000	0	0	0	0	0	0	0	0	0	0	2
5	4	A	40000	100000	0	0	0	0	0	0	0	0	0	0	1
5	4	B	40000	100000	0	0	0	0	0	0	0	0	0	0	1
5	5	G	40000	91088	8.912	3.3195	8912	9415	2	0	0	9408	0	5	9416
5	5	A	40000	91937	8.063	3.402	8063	4661	1	0	0	4656	0	4	4661
5	5	B	40000	92009	7.991	3.237	7991	4754	1	0	0	4752	0	1	4755
5	6	G	40000	0	100	100	100000	200000	200000	200000	200000	200000	200000	200000	200002
5	6	A	40000	0	100	100	100000	100000	100000	100000	100000	100000	100000	100000	100001
5	6	B	40000	0	100	100	100000	100000	100000	100000	100000	100000	100000	100000	100001
5	7	G	40000	33214	66.786	25.2455	66786	53941	10	17	0	48003	5810	101	53892
5	7	A	40000	46541	53.459	26.291	53459	27168	10	17	0	23364	3676	101	27119
5	7	B	40000	49027	50.973	24.2	50973	26773	0	0	0	24639	2134	0	26773
5	7	cSpy was 2 spamed and the readout avoided!
6	0	G	40000	515	99.485	96.2355	99485	4037	286	1	0	1990	1136	624	3484
6	0	A	40000	1278	98.722	97.016	98722	1706	143	0	0	176	833	554	1278
6	0	B	40000	2214	97.786	95.455	97786	2331	143	1	0	1814	303	70	2206
6	0	cSpy was 56 spamed and the readout avoided!
6	1	G	40000	17889	82.111	38.881	82111	56417	0	0	0	49951	6288	178	56323
6	1	A	40000	31648	68.352	41.338	68352	27014	0	0	0	23230	3607	177	26921
6	1	B	40000	34173	65.827	36.424	65827	29403	0	0	0	26721	2681	1	29402
6	1	cSpy was 5 spamed and the readout avoided!
6	2	G	40000	100000	0	0	0	0	0	0	0	0	0	0	2
6	2	A	40000	100000	0	0	0	0	0	0	0	0	0	0	1
6	2	B	40000	100000	0	0	0	0	0	0	0	0	0	0	1
6	3	G	40000	100000	0	0	0	0	0	0	0	0	0	0	2
6	3	A	40000	100000	0	0	0	0	0	0	0	0	0	0	1
6	3	B	40000	100000	0	0	0	0	0	0	0	0	0	0	1
6	4	G	40000	20378	79.622	58.7065	79622	34233	815	0	0	32664	152	602	33143
6	4	A	40000	23883	76.117	58.979	76117	17138	394	0	0	16317	0	427	16410
6	4	B	40000	24471	75.529	58.434	75529	17095	421	0	0	16347	152	175	16733
6	4	cSpy was 8 spamed and the readout avoided!
6	5	G	40000	4816	95.184	78.5895	95184	21313	178	11	1	18754	1534	835	20788
6	5	A	40000	10170	89.83	79.613	89830	10217	21	3	0	8791	699	703	9864
6	5	B	40000	11338	88.662	77.566	88662	11096	157	8	1	9963	835	132	10924
6	5	cSpy was 43 spamed and the readout avoided!
6	6	G	40000	100000	0	0	0	0	0	0	0	0	0	0	2
6	6	A	40000	100000	0	0	0	0	0	0	0	0	0	0	1
6	6	B	40000	100000	0	0	0	0	0	0	0	0	0	0	1
6	7	G	40000	100000	0	0	0	0	0	0	0	0	0	0	2
6	7	A	40000	100000	0	0	0	0	0	0	0	0	0	0	1
6	7	B	40000	100000	0	0	0	0	0	0	0	0	0	0	1
7	0	G	40000	2059	97.941	47.9105	97941	3445	206	0	0	2620	70	549	2946
7	0	A	40000	2078	97.922	95.371	97922	2551	206	0	0	1726	70	549	2051
7	0	B	40000	98656	1.344	0.45	1344	894	0	0	0	894	0	0	895
7	0	cSpy was 2 spamed and the readout avoided!
7	1	G	40000	100000	0	0	0	0	0	0	0	0	0	0	2
7	1	A	40000	100000	0	0	0	0	0	0	0	0	0	0	1
7	1	B	40000	100000	0	0	0	0	0	0	0	0	0	0	1
7	2	G	40000	94986	5.014	1.289	5014	5528	8	5	0	5447	54	14	5525
7	2	A	40000	95833	4.167	1.421	4167	2746	8	5	0	2696	23	14	2742
7	2	B	40000	96061	3.939	1.157	3939	2782	0	0	0	2751	31	0	2783
7	3	G	40000	0	100	100	100000	200000	200000	200000	200000	200000	200000	200000	200002
7	3	A	40000	0	100	100	100000	100000	100000	100000	100000	100000	100000	100000	100001
7	3	B	40000	0	100	100	100000	100000	100000	100000	100000	100000	100000	100000	100001
7	4	G	40000	87924	12.076	1.628	12076	19165	0	0	0	17882	1267	16	19165
7	4	A	40000	88098	11.902	1.628	11902	10274	0	0	0	9138	1120	16	10273
7	4	B	40000	89481	10.519	1.628	10519	8891	0	0	0	8744	147	0	8892
7	5	G	40000	100000	0	0	0	0	0	0	0	0	0	0	2
7	5	A	40000	100000	0	0	0	0	0	0	0	0	0	0	1
7	5	B	40000	100000	0	0	0	0	0	0	0	0	0	0	1
7	6	G	40000	99534	0.466001	0.061	466	673	0	0	0	671	2	0	675
7	6	A	40000	99594	0.405997	0.069	406	337	0	0	0	335	2	0	338
7	6	B	40000	99611	0.388998	0.053	389	336	0	0	0	336	0	0	337
7	7	G	40000	42225	57.775	30.52	57775	41396	23	3	0	39799	1358	213	41299
7	7	A	40000	48040	51.96	31.192	51960	20768	12	3	0	19961	586	206	20681
7	7	B	40000	49524	50.476	29.848	50476	20628	11	0	0	19838	772	7	20618
7	7	cSpy was 6 spamed and the readout avoided!
