#the gain was set to: 2	the bias was set to: 30
#Sent triggers per delay setting: 100000	and with a frequency [Hz] of: 40000
#160MHz delay setting	400MHz delay setting	Frequency	correct transmitted H+T		error rate [%]	uncertainty [%]	bad or missed events	error count	missing headers	missing trailers	flipped H/T	event nr errors	tbm missed trigger	unknown errors	event nr resets
0	0	G	40000	423	99.577	72.2105	99577	19199	106	0	0	18157	312	624	18674
0	0	A	40000	624	99.376	98.236	99376	1140	88	0	0	185	252	615	624
0	0	B	40000	35756	64.244	46.185	64244	18059	18	0	0	17972	60	9	18050
0	0	cSpy was 34 spamed and the readout avoided!
0	1	G	40000	29045	70.955	52.704	70955	25028	725	0	0	22929	672	702	24405
0	1	A	40000	37082	62.918	52.294	62918	10624	367	0	0	9791	0	466	10260
0	1	B	40000	32482	67.518	53.114	67518	14404	358	0	0	13138	672	236	14145
0	2	G	40000	4683	95.317	79.1505	95317	20546	48	1	0	17800	2357	340	20353
0	2	A	40000	9424	90.576	81.41	90576	9166	23	0	0	7462	1353	328	8988
0	2	B	40000	11729	88.271	76.891	88271	11380	25	1	0	10338	1004	12	11365
0	2	cSpy was 2 spamed and the readout avoided!
0	3	G	40000	100000	0	0	0	0	0	0	0	0	0	0	2
0	3	A	40000	100000	0	0	0	0	0	0	0	0	0	0	1
0	3	B	40000	100000	0	0	0	0	0	0	0	0	0	0	1
0	4	G	40000	99980	0.0199974	0	20	38	0	0	0	38	0	0	40
0	4	A	40000	99982	0.0180006	0	18	18	0	0	0	18	0	0	19
0	4	B	40000	99980	0.0199974	0	20	20	0	0	0	20	0	0	21
0	5	G	40000	43958	56.042	37.2835	56042	26217	55	0	0	25648	176	338	26154
0	5	A	40000	51534	48.466	36.844	48466	11622	34	0	0	11257	14	317	11570
0	5	B	40000	47682	52.318	37.723	52318	14595	21	0	0	14391	162	21	14584
0	6	G	40000	0	100	100	100000	200000	200000	200000	200000	200000	200000	200000	200002
0	6	A	40000	0	100	100	100000	100000	100000	100000	100000	100000	100000	100000	100001
0	6	B	40000	0	100	100	100000	100000	100000	100000	100000	100000	100000	100000	100001
0	7	G	40000	76434	23.566	19.795	23566	4799	19	0	0	4119	574	87	4753
0	7	A	40000	77525	22.475	20.338	22475	2137	8	0	0	1690	356	83	2097
0	7	B	40000	78086	21.914	19.252	21914	2662	11	0	0	2429	218	4	2656
0	7	cSpy was 2 spamed and the readout avoided!
1	0	G	40000	297	99.703	97.1285	99703	2973	165	4	0	2267	256	281	2692
1	0	A	40000	2134	97.866	95.557	97866	2309	152	4	0	1705	199	249	2058
1	0	B	40000	636	99.364	98.7	99364	664	13	0	0	562	57	32	634
1	0	cSpy was 20 spamed and the readout avoided!
1	1	G	40000	99718	0.282001	0.074	282	415	0	0	0	415	0	0	417
1	1	A	40000	99719	0.281	0.074	281	207	0	0	0	207	0	0	208
1	1	B	40000	99718	0.282001	0.074	282	208	0	0	0	208	0	0	209
1	2	G	40000	100000	0	0	0	0	0	0	0	0	0	0	2
1	2	A	40000	100000	0	0	0	0	0	0	0	0	0	0	1
1	2	B	40000	100000	0	0	0	0	0	0	0	0	0	0	1
1	3	G	40000	82732	17.268	5.284	17268	16647	0	0	0	16467	145	35	16647
1	3	A	40000	87097	12.903	4.743	12903	8160	0	0	0	8034	93	33	8159
1	3	B	40000	85688	14.312	5.825	14312	8487	0	0	0	8433	52	2	8488
1	4	G	40000	894	99.106	94.6155	99106	5560	424	6	0	3672	1086	372	5029
1	4	A	40000	3501	96.499	92.997	96499	3502	118	0	0	2333	925	126	3341
1	4	B	40000	1708	98.292	96.234	98292	2058	306	6	0	1339	161	246	1688
1	4	cSpy was 76 spamed and the readout avoided!
1	5	G	40000	69236	30.764	21.642	30764	10526	17	0	0	9648	789	72	10463
1	5	A	40000	73943	26.057	20.807	26057	5250	7	0	0	4855	360	28	5221
1	5	B	40000	72247	27.753	22.477	27753	5276	10	0	0	4793	429	44	5242
1	5	cSpy was 1 spamed and the readout avoided!
1	6	G	40000	100000	0	0	0	0	0	0	0	0	0	0	2
1	6	A	40000	100000	0	0	0	0	0	0	0	0	0	0	1
1	6	B	40000	100000	0	0	0	0	0	0	0	0	0	0	1
1	7	G	40000	99896	0.103998	0.005	104	195	0	0	0	195	0	0	197
1	7	A	40000	99898	0.102001	0.005	102	97	0	0	0	97	0	0	98
1	7	B	40000	99897	0.103003	0.005	103	98	0	0	0	98	0	0	99
2	0	G	40000	2407	97.593	48.21	97593	3898	36	1	0	3690	104	67	3821
2	0	A	40000	2437	97.563	95.083	97563	2480	36	1	0	2272	104	67	2402
2	0	B	40000	97245	2.755	1.337	2755	1418	0	0	0	1418	0	0	1419
2	1	G	40000	100000	0	0	0	0	0	0	0	0	0	0	2
2	1	A	40000	100000	0	0	0	0	0	0	0	0	0	0	1
2	1	B	40000	100000	0	0	0	0	0	0	0	0	0	0	1
2	2	G	40000	25581	74.419	53.0095	74419	26570	880	0	0	23477	1446	767	25782
2	2	A	40000	36861	63.139	51.134	63139	12005	490	0	0	10471	560	484	11532
2	2	B	40000	30550	69.45	54.885	69450	14565	390	0	0	13006	886	283	14250
2	2	cSpy was 7 spamed and the readout avoided!
2	3	G	40000	8374	91.626	62.4545	91626	35162	71	0	0	30976	3989	126	35061
2	3	A	40000	24893	75.107	52.501	75107	22606	5	0	0	19562	2956	83	22565
2	3	B	40000	15036	84.964	72.408	84964	12556	66	0	0	11414	1033	43	12496
2	3	cSpy was 1 spamed and the readout avoided!
2	4	G	40000	100000	0	0	0	0	0	0	0	0	0	0	2
2	4	A	40000	100000	0	0	0	0	0	0	0	0	0	0	1
2	4	B	40000	100000	0	0	0	0	0	0	0	0	0	0	1
2	5	G	40000	99998	0.00200272	0	2	4	0	0	0	4	0	0	6
2	5	A	40000	99998	0.00200272	0	2	2	0	0	0	2	0	0	3
2	5	B	40000	99998	0.00200272	0	2	2	0	0	0	2	0	0	3
2	6	G	40000	44193	55.807	37.9365	55807	21580	204	2	0	20221	758	395	21418
2	6	A	40000	54114	45.886	36.303	45886	9583	127	2	0	8526	592	336	9458
2	6	B	40000	48433	51.567	39.57	51567	11997	77	0	0	11695	166	59	11960
2	7	G	40000	0	100	100	100000	200000	200000	200000	200000	200000	200000	200000	200002
2	7	A	40000	0	100	100	100000	100000	100000	100000	100000	100000	100000	100000	100001
2	7	B	40000	0	100	100	100000	100000	100000	100000	100000	100000	100000	100000	100001
3	0	G	40000	1045	98.955	71.315	98955	16574	251	1	0	15394	311	617	16020
3	0	A	40000	1578	98.422	96.345	98422	2077	197	0	0	1245	34	601	1563
3	0	B	40000	39218	60.782	46.285	60782	14497	54	1	0	14149	277	16	14457
3	0	cSpy was 16 spamed and the readout avoided!
3	1	G	40000	0	100	100	100000	200000	200000	200000	200000	200000	200000	200000	200002
3	1	A	40000	0	100	100	100000	100000	100000	100000	100000	100000	100000	100000	100001
3	1	B	40000	0	100	100	100000	100000	100000	100000	100000	100000	100000	100000	100001
3	2	G	40000	99985	0.0150025	0	15	30	0	0	0	30	0	0	32
3	2	A	40000	99985	0.0150025	0	15	15	0	0	0	15	0	0	16
3	2	B	40000	99985	0.0150025	0	15	15	0	0	0	15	0	0	16
3	3	G	40000	100000	0	0	0	0	0	0	0	0	0	0	2
3	3	A	40000	100000	0	0	0	0	0	0	0	0	0	0	1
3	3	B	40000	100000	0	0	0	0	0	0	0	0	0	0	1
3	4	G	40000	75145	24.855	9.3015	24855	25172	2	0	0	25080	68	22	25172
3	4	A	40000	78241	21.759	9.032	21759	12727	1	0	0	12675	29	22	12726
3	4	B	40000	77984	22.016	9.571	22016	12445	1	0	0	12405	39	0	12446
3	5	G	40000	0	100	100	100000	200000	200000	200000	200000	200000	200000	200000	200002
3	5	A	40000	0	100	100	100000	100000	100000	100000	100000	100000	100000	100000	100001
3	5	B	40000	0	100	100	100000	100000	100000	100000	100000	100000	100000	100000	100001
3	6	G	40000	85250	14.75	3.2165	14750	21359	8	5	0	20600	741	5	21360
3	6	A	40000	85689	14.311	3.207	14311	11104	0	0	0	10387	712	5	11105
3	6	B	40000	86519	13.481	3.226	13481	10255	8	5	0	10213	29	0	10255
3	7	G	40000	100000	0	0	0	0	0	0	0	0	0	0	2
3	7	A	40000	100000	0	0	0	0	0	0	0	0	0	0	1
3	7	B	40000	100000	0	0	0	0	0	0	0	0	0	0	1
4	0	G	40000	1063	98.937	53.3385	98937	23501	199	3	0	21857	1033	409	23065
4	0	A	40000	1373	98.627	96.823	98627	1804	194	0	0	815	391	404	1373
4	0	B	40000	68449	31.551	9.854	31551	21697	5	3	0	21042	642	5	21692
4	0	cSpy was 5 spamed and the readout avoided!
4	1	G	40000	100000	0	0	0	0	0	0	0	0	0	0	2
4	1	A	40000	100000	0	0	0	0	0	0	0	0	0	0	1
4	1	B	40000	100000	0	0	0	0	0	0	0	0	0	0	1
4	2	G	40000	94731	5.269	3.086	5269	3235	2	0	0	3217	0	16	3230
4	2	A	40000	95302	4.698	3.1	4698	1598	1	0	0	1583	0	14	1594
4	2	B	40000	95291	4.709	3.072	4709	1637	1	0	0	1634	0	2	1636
4	3	G	40000	15302	84.698	62.3015	84698	32029	727	5	0	30348	146	803	30966
4	3	A	40000	21244	78.756	62.728	78756	16028	382	0	0	15012	25	609	15290
4	3	B	40000	22124	77.876	61.875	77876	16001	345	5	0	15336	121	194	15676
4	3	cSpy was 24 spamed and the readout avoided!
4	4	G	40000	16501	83.499	60.356	83499	31191	134	8	0	27517	3153	379	30887
4	4	A	40000	23509	76.491	61.194	76491	15297	19	3	0	13282	1737	256	15143
4	4	B	40000	24588	75.412	59.518	75412	15894	115	5	0	14235	1416	123	15744
4	4	cSpy was 93 spamed and the readout avoided!
4	5	G	40000	100000	0	0	0	0	0	0	0	0	0	0	2
4	5	A	40000	100000	0	0	0	0	0	0	0	0	0	0	1
4	5	B	40000	100000	0	0	0	0	0	0	0	0	0	0	1
4	6	G	40000	100000	0	0	0	0	0	0	0	0	0	0	2
4	6	A	40000	100000	0	0	0	0	0	0	0	0	0	0	1
4	6	B	40000	100000	0	0	0	0	0	0	0	0	0	0	1
4	7	G	40000	22007	77.993	55.717	77993	35616	557	0	0	34534	72	453	34886
4	7	A	40000	26279	73.721	55.906	73721	17815	269	0	0	17219	2	325	17322
4	7	B	40000	26671	73.329	55.528	73329	17801	288	0	0	17315	70	128	17564
4	7	cSpy was 8 spamed and the readout avoided!
5	0	G	40000	498	99.502	56.8865	99502	14896	143	0	0	13817	99	837	14327
5	0	A	40000	590	99.41	98.252	99410	1158	141	0	0	92	90	835	590
5	0	B	40000	70741	29.259	15.521	29259	13738	2	0	0	13725	9	2	13737
5	0	cSpy was 46 spamed and the readout avoided!
5	1	G	40000	28228	71.772	47.297	71772	38130	220	0	0	37685	1	224	37894
5	1	A	40000	33599	66.401	47.396	66401	19005	107	0	0	18712	0	186	18821
5	1	B	40000	33677	66.323	47.198	66323	19125	113	0	0	18973	1	38	19073
5	1	cSpy was 7 spamed and the readout avoided!
5	2	G	40000	37	99.963	98.1715	99963	2134	113	0	0	890	438	693	1517
5	2	A	40000	122	99.878	99.304	99878	574	6	0	0	33	2	533	122
5	2	B	40000	1401	98.599	97.039	98599	1560	107	0	0	857	436	160	1395
5	2	cSpy was 36 spamed and the readout avoided!
5	3	G	40000	99674	0.326002	0	326	652	0	0	0	652	0	0	654
5	3	A	40000	99674	0.326002	0	326	326	0	0	0	326	0	0	327
5	3	B	40000	99674	0.326002	0	326	326	0	0	0	326	0	0	327
5	4	G	40000	100000	0	0	0	0	0	0	0	0	0	0	2
5	4	A	40000	100000	0	0	0	0	0	0	0	0	0	0	1
5	4	B	40000	100000	0	0	0	0	0	0	0	0	0	0	1
5	5	G	40000	82756	17.244	7.1235	17244	16733	14	2	0	16688	2	27	16718
5	5	A	40000	84430	15.57	7.275	15570	8295	7	1	0	8263	2	22	8282
5	5	B	40000	84590	15.41	6.972	15410	8438	7	1	0	8425	0	5	8436
5	5	cSpy was 1 spamed and the readout avoided!
5	6	G	40000	0	100	100	100000	200000	200000	200000	200000	200000	200000	200000	200002
5	6	A	40000	0	100	100	100000	100000	100000	100000	100000	100000	100000	100000	100001
5	6	B	40000	0	100	100	100000	100000	100000	100000	100000	100000	100000	100000	100001
5	7	G	40000	44701	55.299	23.0515	55299	45051	2	4	0	40583	4384	78	45021
5	7	A	40000	52818	47.182	23.468	47182	23714	2	4	0	20417	3213	78	23683
5	7	B	40000	56028	43.972	22.635	43972	21337	0	0	0	20166	1171	0	21338
6	0	G	40000	537	99.463	95.9155	99463	4348	234	5	0	2210	1237	662	3804
6	0	A	40000	1216	98.784	97.108	98784	1676	135	1	0	128	793	619	1216
6	0	B	40000	2605	97.395	94.723	97395	2672	99	4	0	2082	444	43	2588
6	0	cSpy was 54 spamed and the readout avoided!
6	1	G	40000	15153	84.847	43.4375	84847	53533	1	0	0	47542	5759	231	53414
6	1	A	40000	28256	71.744	46.257	71744	25487	0	0	0	22031	3226	230	25368
6	1	B	40000	31336	68.664	40.618	68664	28046	1	0	0	25511	2533	1	28046
6	1	cSpy was 7 spamed and the readout avoided!
6	2	G	40000	100000	0	0	0	0	0	0	0	0	0	0	2
6	2	A	40000	100000	0	0	0	0	0	0	0	0	0	0	1
6	2	B	40000	100000	0	0	0	0	0	0	0	0	0	0	1
6	3	G	40000	100000	0	0	0	0	0	0	0	0	0	0	2
6	3	A	40000	100000	0	0	0	0	0	0	0	0	0	0	1
6	3	B	40000	100000	0	0	0	0	0	0	0	0	0	0	1
6	4	G	40000	20123	79.877	58.759	79877	34191	818	0	0	32634	134	605	33101
6	4	A	40000	23851	76.149	59.035	76149	17114	395	0	0	16290	0	429	16390
6	4	B	40000	24440	75.56	58.483	75560	17077	423	0	0	16344	134	176	16711
6	4	cSpy was 8 spamed and the readout avoided!
6	5	G	40000	3422	96.578	84.919	96578	15164	181	8	5	13270	864	836	14630
6	5	A	40000	7023	92.977	85.729	92977	7248	27	0	2	6155	366	698	6878
6	5	B	40000	7975	92.025	84.109	92025	7916	154	8	3	7115	498	138	7752
6	5	cSpy was 42 spamed and the readout avoided!
6	6	G	40000	100000	0	0	0	0	0	0	0	0	0	0	2
6	6	A	40000	100000	0	0	0	0	0	0	0	0	0	0	1
6	6	B	40000	100000	0	0	0	0	0	0	0	0	0	0	1
6	7	G	40000	100000	0	0	0	0	0	0	0	0	0	0	2
6	7	A	40000	100000	0	0	0	0	0	0	0	0	0	0	1
6	7	B	40000	100000	0	0	0	0	0	0	0	0	0	0	1
7	0	G	40000	2109	97.891	47.822	97891	3419	222	0	0	2562	66	569	2897
7	0	A	40000	2127	97.873	95.254	97873	2619	222	0	0	1762	66	569	2096
7	0	B	40000	98810	1.19	0.39	1190	800	0	0	0	800	0	0	801
7	0	cSpy was 1 spamed and the readout avoided!
7	1	G	40000	100000	0	0	0	0	0	0	0	0	0	0	2
7	1	A	40000	100000	0	0	0	0	0	0	0	0	0	0	1
7	1	B	40000	100000	0	0	0	0	0	0	0	0	0	0	1
7	2	G	40000	94231	5.769	1.4555	5769	6560	3	10	0	6475	61	11	6558
7	2	A	40000	95125	4.875	1.613	4875	3262	3	10	0	3212	26	11	3259
7	2	B	40000	95404	4.596	1.298	4596	3298	0	0	0	3263	35	0	3299
7	2	cSpy was 1 spamed and the readout avoided!
7	3	G	40000	0	100	100	100000	200000	200000	200000	200000	200000	200000	200000	200002
7	3	A	40000	0	100	100	100000	100000	100000	100000	100000	100000	100000	100000	100001
7	3	B	40000	0	100	100	100000	100000	100000	100000	100000	100000	100000	100000	100001
7	4	G	40000	89657	10.343	1.32	10343	16799	0	0	0	15842	948	9	16800
7	4	A	40000	89782	10.218	1.32	10218	8898	0	0	0	8057	832	9	8898
7	4	B	40000	90779	9.221	1.32	9221	7901	0	0	0	7785	116	0	7902
7	5	G	40000	100000	0	0	0	0	0	0	0	0	0	0	2
7	5	A	40000	100000	0	0	0	0	0	0	0	0	0	0	1
7	5	B	40000	100000	0	0	0	0	0	0	0	0	0	0	1
7	6	G	40000	99558	0.441998	0.096	442	481	0	0	0	478	2	1	482
7	6	A	40000	99652	0.348002	0.108	348	240	0	0	0	239	0	1	240
7	6	B	40000	99675	0.325	0.084	325	241	0	0	0	239	2	0	242
7	7	G	40000	45750	54.25	26.979	54250	41880	27	0	0	40445	1239	169	41791
7	7	A	40000	51398	48.602	27.544	48602	21058	9	0	0	20386	500	163	20982
7	7	B	40000	52764	47.236	26.414	47236	20822	18	0	0	20059	739	6	20809
7	7	cSpy was 12 spamed and the readout avoided!
