#the gain was set to: 2	the bias was set to: 30
#Sent triggers per delay setting: 100000	and with a frequency [Hz] of: 40000
#160MHz delay setting	400MHz delay setting	Frequency	correct transmitted H+T		error rate [%]	uncertainty [%]	bad or missed events	error count	missing headers	missing trailers	flipped H/T	event nr errors	tbm missed trigger	unknown errors	event nr resets
0	0	G	40000	402	99.598	73.213	99598	18944	109	0	0	17918	285	632	18407
0	0	A	40000	608	99.392	98.255	99392	1137	90	0	0	173	256	618	608
0	0	B	40000	34022	65.978	48.171	65978	17807	19	0	0	17745	29	14	17799
0	0	cSpy was 22 spamed and the readout avoided!
0	1	G	40000	44563	55.437	34.154	55437	28253	25	0	0	27791	128	309	28195
0	1	A	40000	53567	46.433	33.593	46433	12840	14	0	0	12467	61	298	12788
0	1	B	40000	49872	50.128	34.715	50128	15413	11	0	0	15324	67	11	15407
0	2	G	40000	1643	98.357	91.9805	98357	8105	449	15	0	5991	1351	299	7639
0	2	A	40000	4553	95.447	90.891	95447	4556	135	1	0	3336	874	210	4335
0	2	B	40000	3381	96.619	93.07	96619	3549	314	14	0	2655	477	89	3304
0	2	cSpy was 69 spamed and the readout avoided!
0	3	G	40000	76750	23.25	11.7725	23250	13504	9	0	0	11161	2320	14	13495
0	3	A	40000	83388	16.612	7.996	16612	8616	0	0	0	6776	1833	7	8614
0	3	B	40000	79563	20.437	15.549	20437	4888	9	0	0	4385	487	7	4881
0	4	G	40000	100000	0	0	0	0	0	0	0	0	0	0	2
0	4	A	40000	100000	0	0	0	0	0	0	0	0	0	0	1
0	4	B	40000	100000	0	0	0	0	0	0	0	0	0	0	1
0	5	G	40000	84041	15.959	5.7705	15959	16429	0	0	0	16370	8	51	16425
0	5	A	40000	86588	13.412	5.632	13412	7780	0	0	0	7725	4	51	7775
0	5	B	40000	85442	14.558	5.909	14558	8649	0	0	0	8645	4	0	8650
0	6	G	40000	1015	98.985	94.446	98985	5679	417	7	0	3927	1042	286	5235
0	6	A	40000	3476	96.524	93.042	96524	3482	104	1	0	2399	833	145	3319
0	6	B	40000	1953	98.047	95.85	98047	2197	313	6	0	1528	209	141	1916
0	6	cSpy was 51 spamed and the readout avoided!
0	7	G	40000	60077	39.923	26.472	39923	14277	118	1	0	12519	1529	110	14134
0	7	A	40000	68143	31.857	24.436	31857	7421	40	0	0	6436	905	40	7367
0	7	B	40000	64636	35.364	28.508	35364	6856	78	1	0	6083	624	70	6767
0	7	cSpy was 20 spamed and the readout avoided!
1	0	G	40000	0	100	100	100000	200000	200000	200000	200000	200000	200000	200000	200002
1	0	A	40000	0	100	100	100000	100000	100000	100000	100000	100000	100000	100000	100001
1	0	B	40000	0	100	100	100000	100000	100000	100000	100000	100000	100000	100000	100001
1	1	G	40000	72561	27.439	5.908	27439	21226	1	0	0	18320	2894	11	21227
1	1	A	40000	86940	13.06	2.392	13060	10668	0	0	0	9289	1368	11	10669
1	1	B	40000	80018	19.982	9.424	19982	10558	1	0	0	9031	1526	0	10558
1	2	G	40000	100000	0	0	0	0	0	0	0	0	0	0	2
1	2	A	40000	100000	0	0	0	0	0	0	0	0	0	0	1
1	2	B	40000	100000	0	0	0	0	0	0	0	0	0	0	1
1	3	G	40000	99650	0.349998	0.0135	350	668	0	0	0	668	0	0	670
1	3	A	40000	99655	0.344998	0.013	345	332	0	0	0	332	0	0	333
1	3	B	40000	99650	0.349998	0.014	350	336	0	0	0	336	0	0	337
1	4	G	40000	2134	97.866	94.79	97866	3995	229	0	0	2514	822	430	3588
1	4	A	40000	3409	96.591	94.755	96591	1836	47	0	0	1194	466	129	1717
1	4	B	40000	3016	96.984	94.825	96984	2159	182	0	0	1320	356	301	1871
1	4	cSpy was 23 spamed and the readout avoided!
1	5	G	40000	15044	84.956	34.813	84956	56693	17	0	0	47557	9049	70	56638
1	5	A	40000	46926	53.074	16.932	53074	36142	0	0	0	29219	6864	59	36103
1	5	B	40000	26755	73.245	52.694	73245	20551	17	0	0	18338	2185	11	20535
1	5	cSpy was 4 spamed and the readout avoided!
1	6	G	40000	100000	0	0	0	0	0	0	0	0	0	0	2
1	6	A	40000	100000	0	0	0	0	0	0	0	0	0	0	1
1	6	B	40000	100000	0	0	0	0	0	0	0	0	0	0	1
1	7	G	40000	100000	0	0	0	0	0	0	0	0	0	0	2
1	7	A	40000	100000	0	0	0	0	0	0	0	0	0	0	1
1	7	B	40000	100000	0	0	0	0	0	0	0	0	0	0	1
2	0	G	40000	2047	97.953	48.8535	97953	4213	43	0	0	3937	156	77	4128
2	0	A	40000	2097	97.903	95.747	97903	2156	43	0	0	1880	156	77	2070
2	0	B	40000	95983	4.017	1.96	4017	2057	0	0	0	2057	0	0	2058
2	1	G	40000	99866	0.133997	0.0085	134	245	0	0	0	245	0	0	247
2	1	A	40000	99871	0.129002	0.008	129	121	0	0	0	121	0	0	122
2	1	B	40000	99867	0.133002	0.009	133	124	0	0	0	124	0	0	125
2	2	G	40000	33868	66.132	40.7335	66132	29935	207	3	0	27895	1382	448	29723
2	2	A	40000	47751	52.249	38.187	52249	14062	116	1	0	12253	1341	351	13919
2	2	B	40000	40847	59.153	43.28	59153	15873	91	2	0	15642	41	97	15804
2	3	G	40000	1654	98.346	91.251	98346	8682	214	10	0	7035	1155	269	8403
2	3	A	40000	5517	94.483	89.172	94483	5311	19	0	0	4347	765	180	5212
2	3	B	40000	3299	96.701	93.33	96701	3371	195	10	0	2688	390	89	3191
2	3	cSpy was 39 spamed and the readout avoided!
2	4	G	40000	99481	0.519001	0.109	519	810	0	0	0	809	1	0	812
2	4	A	40000	99490	0.510001	0.107	510	403	0	0	0	403	0	0	404
2	4	B	40000	99482	0.518	0.111	518	407	0	0	0	406	1	0	408
2	5	G	40000	100000	0	0	0	0	0	0	0	0	0	0	2
2	5	A	40000	100000	0	0	0	0	0	0	0	0	0	0	1
2	5	B	40000	100000	0	0	0	0	0	0	0	0	0	0	1
2	6	G	40000	68882	31.118	11.6435	31118	23804	3	0	0	23141	583	77	23798
2	6	A	40000	78079	21.921	10.387	21921	11534	2	0	0	10976	480	76	11527
2	6	B	40000	74830	25.17	12.9	25170	12270	1	0	0	12165	103	1	12271
2	7	G	40000	0	100	100	100000	200000	200000	200000	200000	200000	200000	200000	200002
2	7	A	40000	0	100	100	100000	100000	100000	100000	100000	100000	100000	100000	100001
2	7	B	40000	0	100	100	100000	100000	100000	100000	100000	100000	100000	100000	100001
3	0	G	40000	1291	98.709	58.1005	98709	14537	236	1	0	13452	246	602	14021
3	0	A	40000	1564	98.436	96.381	98436	2055	222	0	0	1202	40	591	1550
3	0	B	40000	67698	32.302	19.82	32302	12482	14	1	0	12250	206	11	12471
3	0	cSpy was 23 spamed and the readout avoided!
3	1	G	40000	0	100	100	100000	200000	200000	200000	200000	200000	200000	200000	200002
3	1	A	40000	0	100	100	100000	100000	100000	100000	100000	100000	100000	100000	100001
3	1	B	40000	0	100	100	100000	100000	100000	100000	100000	100000	100000	100000	100001
3	2	G	40000	63895	36.105	26.3865	36105	15902	197	18	0	14746	697	244	15628
3	2	A	40000	65333	34.667	26.641	34667	8026	118	14	0	7231	459	204	7822
3	2	B	40000	65992	34.008	26.132	34008	7876	79	4	0	7515	238	40	7806
3	2	cSpy was 24 spamed and the readout avoided!
3	3	G	40000	100000	0	0	0	0	0	0	0	0	0	0	2
3	3	A	40000	100000	0	0	0	0	0	0	0	0	0	0	1
3	3	B	40000	100000	0	0	0	0	0	0	0	0	0	0	1
3	4	G	40000	90543	9.457	6.3165	9457	4724	83	0	0	4559	12	70	4613
3	4	A	40000	91279	8.721	6.344	8721	2377	43	0	0	2284	0	50	2302
3	4	B	40000	91364	8.636	6.289	8636	2347	40	0	0	2275	12	20	2311
3	5	G	40000	0	100	100	100000	200000	200000	200000	200000	200000	200000	200000	200002
3	5	A	40000	0	100	100	100000	100000	100000	100000	100000	100000	100000	100000	100001
3	5	B	40000	0	100	100	100000	100000	100000	100000	100000	100000	100000	100000	100001
3	6	G	40000	23945	76.055	26.595	76055	64347	20	6	0	57445	6738	138	64269
3	6	A	40000	41347	58.653	26.73	58653	31923	12	2	0	27221	4550	138	31853
3	6	B	40000	41116	58.884	26.46	58884	32424	8	4	0	30224	2188	0	32416
3	6	cSpy was 11 spamed and the readout avoided!
3	7	G	40000	100000	0	0	0	0	0	0	0	0	0	0	2
3	7	A	40000	100000	0	0	0	0	0	0	0	0	0	0	1
3	7	B	40000	100000	0	0	0	0	0	0	0	0	0	0	1
4	0	G	40000	0	100	100	100000	200000	200000	200000	200000	200000	200000	200000	200002
4	0	A	40000	0	100	100	100000	100000	100000	100000	100000	100000	100000	100000	100001
4	0	B	40000	0	100	100	100000	100000	100000	100000	100000	100000	100000	100000	100001
4	1	G	40000	100000	0	0	0	0	0	0	0	0	0	0	2
4	1	A	40000	100000	0	0	0	0	0	0	0	0	0	0	1
4	1	B	40000	100000	0	0	0	0	0	0	0	0	0	0	1
4	2	G	40000	100000	0	0	0	0	0	0	0	0	0	0	2
4	2	A	40000	100000	0	0	0	0	0	0	0	0	0	0	1
4	2	B	40000	100000	0	0	0	0	0	0	0	0	0	0	1
4	3	G	40000	30677	69.323	49.076	69323	32852	520	0	0	31820	89	423	32135
4	3	A	40000	34301	65.699	49.299	65699	16400	252	0	0	15853	0	295	15925
4	3	B	40000	34695	65.305	48.853	65305	16452	268	0	0	15967	89	128	16210
4	3	cSpy was 5 spamed and the readout avoided!
4	4	G	40000	0	100	100	100000	200000	200000	200000	200000	200000	200000	200000	200002
4	4	A	40000	0	100	100	100000	100000	100000	100000	100000	100000	100000	100000	100001
4	4	B	40000	0	100	100	100000	100000	100000	100000	100000	100000	100000	100000	100001
4	5	G	40000	100000	0	0	0	0	0	0	0	0	0	0	2
4	5	A	40000	100000	0	0	0	0	0	0	0	0	0	0	1
4	5	B	40000	100000	0	0	0	0	0	0	0	0	0	0	1
4	6	G	40000	100000	0	0	0	0	0	0	0	0	0	0	2
4	6	A	40000	100000	0	0	0	0	0	0	0	0	0	0	1
4	6	B	40000	100000	0	0	0	0	0	0	0	0	0	0	1
4	7	G	40000	61365	38.635	18.48	38635	31160	26	0	0	31068	7	59	31135
4	7	A	40000	65929	34.071	18.693	34071	15378	13	0	0	15303	7	55	15360
4	7	B	40000	65951	34.049	18.267	34049	15782	13	0	0	15765	0	4	15775
4	7	cSpy was 1 spamed and the readout avoided!
5	0	G	40000	489	99.511	56.918	99511	14899	135	0	0	13823	100	841	14362
5	0	A	40000	602	99.398	98.258	99398	1140	135	0	0	74	91	840	602
5	0	B	40000	70663	29.337	15.578	29337	13759	0	0	0	13749	9	1	13760
5	0	cSpy was 51 spamed and the readout avoided!
5	1	G	40000	89321	10.679	3.2975	10679	12388	4	0	0	12373	1	10	12387
5	1	A	40000	90444	9.556	3.424	9556	6132	2	0	0	6119	1	10	6130
5	1	B	40000	90573	9.427	3.171	9427	6256	2	0	0	6254	0	0	6257
5	2	G	40000	0	100	100	100000	200000	200000	200000	200000	200000	200000	200000	200002
5	2	A	40000	0	100	100	100000	100000	100000	100000	100000	100000	100000	100000	100001
5	2	B	40000	0	100	100	100000	100000	100000	100000	100000	100000	100000	100000	100001
5	3	G	40000	86512	13.488	1.944	13488	20329	0	0	0	18353	1954	22	20329
5	3	A	40000	86806	13.194	1.948	13194	11246	0	0	0	9465	1759	22	11245
5	3	B	40000	88977	11.023	1.94	11023	9083	0	0	0	8888	195	0	9084
5	4	G	40000	100000	0	0	0	0	0	0	0	0	0	0	2
5	4	A	40000	100000	0	0	0	0	0	0	0	0	0	0	1
5	4	B	40000	100000	0	0	0	0	0	0	0	0	0	0	1
5	5	G	40000	99480	0.520003	0.02	520	987	0	0	0	987	0	0	989
5	5	A	40000	99482	0.518	0.025	518	493	0	0	0	493	0	0	494
5	5	B	40000	99491	0.509	0.015	509	494	0	0	0	494	0	0	495
5	6	G	40000	5793	94.207	86.7025	94207	11374	322	0	0	10374	274	404	10879
5	6	A	40000	6891	93.109	88.086	93109	5023	84	0	0	4679	9	251	4758
5	6	B	40000	8330	91.67	85.319	91670	6351	238	0	0	5695	265	153	6121
5	6	cSpy was 82 spamed and the readout avoided!
5	7	G	40000	11342	88.658	53.8405	88658	44549	28	0	0	39498	4541	482	44258
5	7	A	40000	22471	77.529	56.28	77529	21249	24	0	0	18331	2423	471	20967
5	7	B	40000	25299	74.701	51.401	74701	23300	4	0	0	21167	2118	11	23291
5	7	cSpy was 42 spamed and the readout avoided!
6	0	G	40000	0	100	100	100000	200000	200000	200000	200000	200000	200000	200000	200002
6	0	A	40000	0	100	100	100000	100000	100000	100000	100000	100000	100000	100000	100001
6	0	B	40000	0	100	100	100000	100000	100000	100000	100000	100000	100000	100000	100001
6	1	G	40000	6454	93.546	79.2695	93546	18289	173	8	0	15983	1579	546	17887
6	1	A	40000	10662	89.338	80.943	89338	8395	18	3	0	7205	738	431	8156
6	1	B	40000	12510	87.49	77.596	87490	9894	155	5	0	8778	841	115	9731
6	1	cSpy was 42 spamed and the readout avoided!
6	2	G	40000	100000	0	0	0	0	0	0	0	0	0	0	2
6	2	A	40000	100000	0	0	0	0	0	0	0	0	0	0	1
6	2	B	40000	100000	0	0	0	0	0	0	0	0	0	0	1
6	3	G	40000	99939	0.0609994	0.002	61	118	0	0	0	118	0	0	120
6	3	A	40000	99939	0.0609994	0.002	61	59	0	0	0	59	0	0	60
6	3	B	40000	99939	0.0609994	0.002	61	59	0	0	0	59	0	0	60
6	4	G	40000	23365	76.635	55.1005	76635	34950	663	0	0	33670	106	511	34060
6	4	A	40000	27198	72.802	55.342	72802	17460	318	0	0	16783	0	359	16871
6	4	B	40000	27651	72.349	54.859	72349	17490	345	0	0	16887	106	152	17189
6	4	cSpy was 7 spamed and the readout avoided!
6	5	G	40000	0	100	100	100000	200000	200000	200000	200000	200000	200000	200000	200002
6	5	A	40000	0	100	100	100000	100000	100000	100000	100000	100000	100000	100000	100001
6	5	B	40000	0	100	100	100000	100000	100000	100000	100000	100000	100000	100000	100001
6	6	G	40000	100000	0	0	0	0	0	0	0	0	0	0	2
6	6	A	40000	100000	0	0	0	0	0	0	0	0	0	0	1
6	6	B	40000	100000	0	0	0	0	0	0	0	0	0	0	1
6	7	G	40000	100000	0	0	0	0	0	0	0	0	0	0	2
6	7	A	40000	100000	0	0	0	0	0	0	0	0	0	0	1
6	7	B	40000	100000	0	0	0	0	0	0	0	0	0	0	1
7	0	G	40000	1757	98.243	48.274	98243	6199	223	0	0	5319	95	562	5704
7	0	A	40000	1830	98.17	95.861	98170	2309	223	0	0	1434	90	562	1813
7	0	B	40000	95423	4.577	0.687	4577	3890	0	0	0	3885	5	0	3891
7	0	cSpy was 4 spamed and the readout avoided!
7	1	G	40000	100000	0	0	0	0	0	0	0	0	0	0	2
7	1	A	40000	100000	0	0	0	0	0	0	0	0	0	0	1
7	1	B	40000	100000	0	0	0	0	0	0	0	0	0	0	1
7	2	G	40000	98805	1.195	0.328	1195	1168	2	3	0	1152	9	2	1169
7	2	A	40000	99062	0.937998	0.366	938	572	2	3	0	564	1	2	572
7	2	B	40000	99114	0.885999	0.29	886	596	0	0	0	588	8	0	597
7	3	G	40000	16253	83.747	65.436	83747	25336	143	3	0	23513	1283	394	25014
7	3	A	40000	21054	78.946	66.761	78946	12185	16	2	0	11480	399	288	11999
7	3	B	40000	22738	77.262	64.111	77262	13151	127	1	0	12033	884	106	13015
7	3	cSpy was 59 spamed and the readout avoided!
7	4	G	40000	30821	69.179	16.0755	69179	68604	10	17	0	60814	7599	164	68523
7	4	A	40000	48335	51.665	18.112	51665	33553	10	17	0	28853	4509	164	33472
7	4	B	40000	50910	49.09	14.039	49090	35051	0	0	0	31961	3090	0	35051
7	4	cSpy was 5 spamed and the readout avoided!
7	5	G	40000	100000	0	0	0	0	0	0	0	0	0	0	2
7	5	A	40000	100000	0	0	0	0	0	0	0	0	0	0	1
7	5	B	40000	100000	0	0	0	0	0	0	0	0	0	0	1
7	6	G	40000	98850	1.15	0.319	1150	1107	3	1	0	1097	5	1	1108
7	6	A	40000	99097	0.902998	0.354	903	549	3	1	0	542	2	1	549
7	6	B	40000	99158	0.841999	0.284	842	558	0	0	0	555	3	0	559
7	7	G	40000	65277	34.723	13.6485	34723	27410	18	154	0	26849	287	102	27353
7	7	A	40000	71592	28.408	14.597	28408	13811	18	154	0	13468	69	102	13753
7	7	B	40000	73701	26.299	12.7	26299	13599	0	0	0	13381	218	0	13600
7	7	cSpy was 8 spamed and the readout avoided!
