#the gain was set to: 2	the bias was set to: 30
#Sent triggers per delay setting: 100000	and with a frequency [Hz] of: 40000
#160MHz delay setting	400MHz delay setting	Frequency	correct transmitted H+T		error rate [%]	uncertainty [%]	bad or missed events	error count	missing headers	missing trailers	flipped H/T	event nr errors	tbm missed trigger	unknown errors	event nr resets
0	0	G	40000	466	99.534	71.0505	99534	19220	105	0	0	18205	320	590	18728
0	0	A	40000	670	99.33	98.176	99330	1154	91	0	0	210	270	583	670
0	0	B	40000	38009	61.991	43.925	61991	18066	14	0	0	17995	50	7	18058
0	0	cSpy was 23 spamed and the readout avoided!
0	1	G	40000	26018	73.982	54.3965	73982	25974	614	2	0	24598	0	760	25418
0	1	A	40000	35319	64.681	53.952	64681	10729	297	0	0	9936	0	496	10433
0	1	B	40000	29914	70.086	54.841	70086	15245	317	2	0	14662	0	264	14985
0	2	G	40000	5897	94.103	75.1875	94103	24324	56	1	0	20700	3273	294	24135
0	2	A	40000	12613	87.387	75.364	87387	12023	32	1	0	9813	1896	281	11851
0	2	B	40000	12688	87.312	75.011	87312	12301	24	0	0	10887	1377	13	12284
0	3	G	40000	100000	0	0	0	0	0	0	0	0	0	0	2
0	3	A	40000	100000	0	0	0	0	0	0	0	0	0	0	1
0	3	B	40000	100000	0	0	0	0	0	0	0	0	0	0	1
0	4	G	40000	99974	0.0259995	0.002	26	46	0	0	0	46	0	0	48
0	4	A	40000	99976	0.0240028	0.002	24	22	0	0	0	22	0	0	23
0	4	B	40000	99974	0.0259995	0.002	26	24	0	0	0	24	0	0	25
0	5	G	40000	35214	64.786	40.4715	64786	31836	32	0	0	31324	109	371	31754
0	5	A	40000	45652	54.348	39.796	54348	14552	21	0	0	14126	46	359	14476
0	5	B	40000	41569	58.431	41.147	58431	17284	11	0	0	17198	63	12	17278
0	6	G	40000	2401	97.599	87.306	97599	12669	207	11	0	9947	2155	349	12318
0	6	A	40000	4906	95.094	90.162	95094	4932	108	0	0	3556	956	312	4661
0	6	B	40000	7813	92.187	84.45	92187	7737	99	11	0	6391	1199	37	7657
0	6	cSpy was 15 spamed and the readout avoided!
0	7	G	40000	75026	24.974	17.905	24974	8834	22	0	0	7514	1259	39	8797
0	7	A	40000	78537	21.463	16.294	21463	5169	4	0	0	4285	849	31	5147
0	7	B	40000	76819	23.181	19.516	23181	3665	18	0	0	3229	410	8	3650
0	7	cSpy was 1 spamed and the readout avoided!
1	0	G	40000	241	99.759	97.666	99759	2485	196	3	0	1788	172	326	2151
1	0	A	40000	1604	98.396	96.535	98396	1861	174	3	0	1282	126	276	1575
1	0	B	40000	579	99.421	98.797	99421	624	22	0	0	506	46	50	576
1	0	cSpy was 20 spamed and the readout avoided!
1	1	G	40000	99609	0.391001	0	391	782	0	0	0	782	0	0	784
1	1	A	40000	99609	0.391001	0	391	391	0	0	0	391	0	0	392
1	1	B	40000	99609	0.391001	0	391	391	0	0	0	391	0	0	392
1	2	G	40000	100000	0	0	0	0	0	0	0	0	0	0	2
1	2	A	40000	100000	0	0	0	0	0	0	0	0	0	0	1
1	2	B	40000	100000	0	0	0	0	0	0	0	0	0	0	1
1	3	G	40000	95262	4.738	1.049	4738	6578	0	0	0	6560	9	9	6580
1	3	A	40000	95836	4.164	0.997	4164	3167	0	0	0	3149	9	9	3168
1	3	B	40000	95488	4.512	1.101	4512	3411	0	0	0	3411	0	0	3412
1	4	G	40000	1092	98.908	94.3955	98908	5774	448	7	0	3712	1271	336	5262
1	4	A	40000	3416	96.584	93.111	96584	3473	120	0	0	2188	1009	156	3279
1	4	B	40000	2019	97.981	95.68	97981	2301	328	7	0	1524	262	180	1983
1	4	cSpy was 48 spamed and the readout avoided!
1	5	G	40000	76513	23.487	4.987	23487	18631	0	0	0	16433	2185	13	18633
1	5	A	40000	88363	11.637	2.323	11637	9314	0	0	0	8295	1006	13	9315
1	5	B	40000	83032	16.968	7.651	16968	9317	0	0	0	8138	1179	0	9318
1	6	G	40000	100000	0	0	0	0	0	0	0	0	0	0	2
1	6	A	40000	100000	0	0	0	0	0	0	0	0	0	0	1
1	6	B	40000	100000	0	0	0	0	0	0	0	0	0	0	1
1	7	G	40000	99988	0.0119984	0	12	24	0	0	0	24	0	0	26
1	7	A	40000	99988	0.0119984	0	12	12	0	0	0	12	0	0	13
1	7	B	40000	99988	0.0119984	0	12	12	0	0	0	12	0	0	13
2	0	G	40000	2371	97.629	48.312	97629	4019	46	0	0	3800	106	67	3938
2	0	A	40000	2412	97.588	95.137	97588	2451	46	0	0	2233	106	66	2369
2	0	B	40000	96945	3.055	1.487	3055	1568	0	0	0	1567	0	1	1569
2	1	G	40000	99263	0.737	0.257	737	663	0	0	0	657	4	2	665
2	1	A	40000	99434	0.566	0.235	566	331	0	0	0	327	2	2	332
2	1	B	40000	99389	0.611001	0.279	611	332	0	0	0	330	2	0	333
2	2	G	40000	23843	76.157	52.6995	76157	28288	872	7	0	25196	1437	776	27447
2	2	A	40000	36692	63.308	50.233	63308	13075	439	4	0	10739	1393	500	12604
2	2	B	40000	29621	70.379	55.166	70379	15213	433	3	0	14457	44	276	14843
2	3	G	40000	9909	90.091	64.752	90091	29297	98	0	0	25939	3105	155	29143
2	3	A	40000	24866	75.134	56.824	75134	18310	36	0	0	15888	2312	74	18236
2	3	B	40000	16333	83.667	72.68	83667	10987	62	0	0	10051	793	81	10907
2	3	cSpy was 4 spamed and the readout avoided!
2	4	G	40000	100000	0	0	0	0	0	0	0	0	0	0	2
2	4	A	40000	100000	0	0	0	0	0	0	0	0	0	0	1
2	4	B	40000	100000	0	0	0	0	0	0	0	0	0	0	1
2	5	G	40000	100000	0	0	0	0	0	0	0	0	0	0	2
2	5	A	40000	100000	0	0	0	0	0	0	0	0	0	0	1
2	5	B	40000	100000	0	0	0	0	0	0	0	0	0	0	1
2	6	G	40000	36837	63.163	39.9585	63163	27084	100	1	0	25267	1328	388	26971
2	6	A	40000	49789	50.211	37.464	50211	12747	57	1	0	11053	1286	350	12660
2	6	B	40000	43210	56.79	42.453	56790	14337	43	0	0	14214	42	38	14311
2	7	G	40000	0	100	100	100000	200000	200000	200000	200000	200000	200000	200000	200002
2	7	A	40000	0	100	100	100000	100000	100000	100000	100000	100000	100000	100000	100001
2	7	B	40000	0	100	100	100000	100000	100000	100000	100000	100000	100000	100000	100001
3	0	G	40000	789	99.211	79.998	99211	17693	299	3	0	16343	378	670	17106
3	0	A	40000	1438	98.562	96.614	98562	1948	202	0	0	1096	29	621	1427
3	0	B	40000	20873	79.127	63.382	79127	15745	97	3	0	15247	349	49	15679
3	0	cSpy was 66 spamed and the readout avoided!
3	1	G	40000	0	100	100	100000	200000	200000	200000	200000	200000	200000	200000	200002
3	1	A	40000	0	100	100	100000	100000	100000	100000	100000	100000	100000	100000	100001
3	1	B	40000	0	100	100	100000	100000	100000	100000	100000	100000	100000	100000	100001
3	2	G	40000	99775	0.225002	0	225	450	0	0	0	450	0	0	452
3	2	A	40000	99775	0.225002	0	225	225	0	0	0	225	0	0	226
3	2	B	40000	99775	0.225002	0	225	225	0	0	0	225	0	0	226
3	3	G	40000	100000	0	0	0	0	0	0	0	0	0	0	2
3	3	A	40000	100000	0	0	0	0	0	0	0	0	0	0	1
3	3	B	40000	100000	0	0	0	0	0	0	0	0	0	0	1
3	4	G	40000	91900	8.1	1.706	8100	11616	0	0	0	11601	12	3	11618
3	4	A	40000	92559	7.441	1.607	7441	5834	0	0	0	5821	10	3	5835
3	4	B	40000	92413	7.587	1.805	7587	5782	0	0	0	5780	2	0	5783
3	5	G	40000	0	100	100	100000	200000	200000	200000	200000	200000	200000	200000	200002
3	5	A	40000	0	100	100	100000	100000	100000	100000	100000	100000	100000	100000	100001
3	5	B	40000	0	100	100	100000	100000	100000	100000	100000	100000	100000	100000	100001
3	6	G	40000	70810	29.19	7.593	29190	35056	13	9	0	32787	2212	35	35038
3	6	A	40000	73963	26.037	7.509	26037	18528	5	0	0	16409	2103	11	18527
3	6	B	40000	75795	24.205	7.677	24205	16528	8	9	0	16378	109	24	16511
3	6	cSpy was 4 spamed and the readout avoided!
3	7	G	40000	100000	0	0	0	0	0	0	0	0	0	0	2
3	7	A	40000	100000	0	0	0	0	0	0	0	0	0	0	1
3	7	B	40000	100000	0	0	0	0	0	0	0	0	0	0	1
4	0	G	40000	0	100	100	100000	200000	200000	200000	200000	200000	200000	200000	200002
4	0	A	40000	0	100	100	100000	100000	100000	100000	100000	100000	100000	100000	100001
4	0	B	40000	0	100	100	100000	100000	100000	100000	100000	100000	100000	100000	100001
4	1	G	40000	100000	0	0	0	0	0	0	0	0	0	0	2
4	1	A	40000	100000	0	0	0	0	0	0	0	0	0	0	1
4	1	B	40000	100000	0	0	0	0	0	0	0	0	0	0	1
4	2	G	40000	98422	1.578	0.3415	1578	2019	0	0	0	2018	0	1	2021
4	2	A	40000	98635	1.365	0.369	1365	996	0	0	0	995	0	1	997
4	2	B	40000	98663	1.337	0.314	1337	1023	0	0	0	1023	0	0	1024
4	3	G	40000	19805	80.195	58.8755	80195	34165	822	0	0	32605	128	610	33074
4	3	A	40000	23750	76.25	59.13	76250	17120	398	0	0	16289	2	431	16389
4	3	B	40000	24334	75.666	58.621	75666	17045	424	0	0	16316	126	179	16685
4	3	cSpy was 8 spamed and the readout avoided!
4	4	G	40000	4590	95.41	81.0235	95410	18883	302	25	1	15893	2075	587	18342
4	4	A	40000	9547	90.453	80.831	90453	9622	182	11	1	7724	1257	447	9236
4	4	B	40000	9523	90.477	81.216	90477	9261	120	14	0	8169	818	140	9106
4	4	cSpy was 43 spamed and the readout avoided!
4	5	G	40000	100000	0	0	0	0	0	0	0	0	0	0	2
4	5	A	40000	100000	0	0	0	0	0	0	0	0	0	0	1
4	5	B	40000	100000	0	0	0	0	0	0	0	0	0	0	1
4	6	G	40000	100000	0	0	0	0	0	0	0	0	0	0	2
4	6	A	40000	100000	0	0	0	0	0	0	0	0	0	0	1
4	6	B	40000	100000	0	0	0	0	0	0	0	0	0	0	1
4	7	G	40000	40963	59.037	40.594	59037	29468	245	0	0	28993	9	221	29182
4	7	A	40000	44583	55.417	40.685	55417	14732	120	0	0	14430	2	180	14510
4	7	B	40000	44761	55.239	40.503	55239	14736	125	0	0	14563	7	41	14672
4	7	cSpy was 4 spamed and the readout avoided!
5	0	G	40000	494	99.506	56.4615	99506	14507	146	0	0	13395	116	850	13925
5	0	A	40000	612	99.388	98.193	99388	1195	146	0	0	88	111	850	612
5	0	B	40000	71958	28.042	14.73	28042	13312	0	0	0	13307	5	0	13313
5	0	cSpy was 61 spamed and the readout avoided!
5	1	G	40000	67317	32.683	15.803	32683	25918	8	0	0	25855	6	49	25909
5	1	A	40000	71243	28.757	15.969	28757	12788	4	0	0	12731	6	47	12778
5	1	B	40000	71233	28.767	15.637	28767	13130	4	0	0	13124	0	2	13131
5	2	G	40000	0	100	100	100000	200000	200000	200000	200000	200000	200000	200000	200002
5	2	A	40000	0	100	100	100000	100000	100000	100000	100000	100000	100000	100000	100001
5	2	B	40000	0	100	100	100000	100000	100000	100000	100000	100000	100000	100000	100001
5	3	G	40000	98693	1.307	0	1307	2611	0	0	0	2608	3	0	2613
5	3	A	40000	98693	1.307	0	1307	1307	0	0	0	1304	3	0	1308
5	3	B	40000	98696	1.304	0	1304	1304	0	0	0	1304	0	0	1305
5	4	G	40000	100000	0	0	0	0	0	0	0	0	0	0	2
5	4	A	40000	100000	0	0	0	0	0	0	0	0	0	0	1
5	4	B	40000	100000	0	0	0	0	0	0	0	0	0	0	1
5	5	G	40000	93852	6.148	1.201	6148	8739	0	0	0	8738	0	1	8741
5	5	A	40000	94351	5.649	1.307	5649	4342	0	0	0	4341	0	1	4343
5	5	B	40000	94508	5.492	1.095	5492	4397	0	0	0	4397	0	0	4398
5	6	G	40000	0	100	97.5005	100000	2595	213	0	0	1366	907	109	2398
5	6	A	40000	7	99.993	99.966	99993	27	0	0	0	2	1	24	7
5	6	B	40000	2397	97.603	95.035	97603	2568	213	0	0	1364	906	85	2391
5	6	cSpy was 37 spamed and the readout avoided!
5	7	G	40000	36138	63.862	13.8085	63862	64543	20	28	0	57432	6934	129	64474
5	7	A	40000	52461	47.539	15.298	47539	32241	20	28	0	27704	4360	129	32172
5	7	B	40000	55379	44.621	12.319	44621	32302	0	0	0	29728	2574	0	32302
5	7	cSpy was 3 spamed and the readout avoided!
6	0	G	40000	562	99.438	95.929	99438	4397	354	3	0	2164	1187	689	3732
6	0	A	40000	1329	98.671	96.824	98671	1847	193	0	0	210	829	615	1329
6	0	B	40000	2416	97.584	95.034	97584	2550	161	3	0	1954	358	74	2403
6	0	cSpy was 59 spamed and the readout avoided!
6	1	G	40000	14986	85.014	44.1745	85014	52980	8	0	0	47167	5486	319	52818
6	1	A	40000	27893	72.107	46.837	72107	25270	2	0	0	21910	3047	311	25114
6	1	B	40000	30778	69.222	41.512	69222	27710	6	0	0	25257	2439	8	27704
6	1	cSpy was 4 spamed and the readout avoided!
6	2	G	40000	100000	0	0	0	0	0	0	0	0	0	0	2
6	2	A	40000	100000	0	0	0	0	0	0	0	0	0	0	1
6	2	B	40000	100000	0	0	0	0	0	0	0	0	0	0	1
6	3	G	40000	100000	0	0	0	0	0	0	0	0	0	0	2
6	3	A	40000	100000	0	0	0	0	0	0	0	0	0	0	1
6	3	B	40000	100000	0	0	0	0	0	0	0	0	0	0	1
6	4	G	40000	20424	79.576	58.6765	79576	34225	818	0	0	32651	160	596	33146
6	4	A	40000	23920	76.08	58.954	76080	17126	394	0	0	16306	0	426	16400
6	4	B	40000	24502	75.498	58.399	75498	17099	424	0	0	16345	160	170	16746
6	4	cSpy was 8 spamed and the readout avoided!
6	5	G	40000	0	100	100	100000	200000	200000	200000	200000	200000	200000	200000	200002
6	5	A	40000	0	100	100	100000	100000	100000	100000	100000	100000	100000	100000	100001
6	5	B	40000	0	100	100	100000	100000	100000	100000	100000	100000	100000	100000	100001
6	6	G	40000	99397	0.603002	0.001	603	1199	0	0	0	1195	4	0	1201
6	6	A	40000	99397	0.603002	0.001	603	602	0	0	0	598	4	0	603
6	6	B	40000	99402	0.598001	0.001	598	597	0	0	0	597	0	0	598
6	7	G	40000	100000	0	0	0	0	0	0	0	0	0	0	2
6	7	A	40000	100000	0	0	0	0	0	0	0	0	0	0	1
6	7	B	40000	100000	0	0	0	0	0	0	0	0	0	0	1
7	0	G	40000	2066	97.934	47.9035	97934	3428	198	0	0	2619	76	535	2947
7	0	A	40000	2084	97.916	95.369	97916	2547	198	0	0	1738	76	535	2065
7	0	B	40000	98681	1.319	0.438	1319	881	0	0	0	881	0	0	882
7	0	cSpy was 2 spamed and the readout avoided!
7	1	G	40000	100000	0	0	0	0	0	0	0	0	0	0	2
7	1	A	40000	100000	0	0	0	0	0	0	0	0	0	0	1
7	1	B	40000	100000	0	0	0	0	0	0	0	0	0	0	1
7	2	G	40000	98467	1.533	0.1155	1533	2717	0	0	0	2694	22	1	2718
7	2	A	40000	98510	1.49	0.133	1490	1357	0	0	0	1340	16	1	1357
7	2	B	40000	98542	1.458	0.098	1458	1360	0	0	0	1354	6	0	1361
7	3	G	40000	0	100	100	100000	200000	200000	200000	200000	200000	200000	200000	200002
7	3	A	40000	0	100	100	100000	100000	100000	100000	100000	100000	100000	100000	100001
7	3	B	40000	0	100	100	100000	100000	100000	100000	100000	100000	100000	100000	100001
7	4	G	40000	69507	30.493	21.652	30493	15780	40	0	0	14525	1170	45	15743
7	4	A	40000	69689	30.311	22.116	30311	8195	0	0	0	7311	858	26	8188
7	4	B	40000	71227	28.773	21.188	28773	7585	40	0	0	7214	312	19	7555
7	4	cSpy was 4 spamed and the readout avoided!
7	5	G	40000	100000	0	0	0	0	0	0	0	0	0	0	2
7	5	A	40000	100000	0	0	0	0	0	0	0	0	0	0	1
7	5	B	40000	100000	0	0	0	0	0	0	0	0	0	0	1
7	6	G	40000	99991	0.0090003	0	9	18	0	0	0	18	0	0	20
7	6	A	40000	99991	0.0090003	0	9	9	0	0	0	9	0	0	10
7	6	B	40000	99991	0.0090003	0	9	9	0	0	0	9	0	0	10
7	7	G	40000	56952	43.048	17.078	43048	38856	18	37	0	37906	663	232	38743
7	7	A	40000	62663	37.337	17.555	37337	19782	17	37	0	19219	277	232	19669
7	7	B	40000	64325	35.675	16.601	35675	19074	1	0	0	18687	386	0	19074
7	7	cSpy was 8 spamed and the readout avoided!
