#the gain was set to: 2	the bias was set to: 30
#Sent triggers per delay setting: 100000	and with a frequency [Hz] of: 40000
#160MHz delay setting	400MHz delay setting	Frequency	correct transmitted H+T		error rate [%]	uncertainty [%]	bad or missed events	error count	missing headers	missing trailers	flipped H/T	event nr errors	tbm missed trigger	unknown errors	event nr resets
0	0	G	40000	439	99.561	72.137	99561	19079	112	0	0	18011	328	628	18532
0	0	A	40000	658	99.342	98.157	99342	1185	91	0	0	220	266	608	658
0	0	B	40000	35989	64.011	46.117	64011	17894	21	0	0	17791	62	20	17874
0	0	cSpy was 25 spamed and the readout avoided!
0	1	G	40000	29765	70.235	51.059	70235	25623	383	0	0	24206	441	593	25318
0	1	A	40000	38514	61.486	50.504	61486	10982	199	0	0	10318	8	457	10779
0	1	B	40000	33745	66.255	51.614	66255	14641	184	0	0	13888	433	136	14539
0	2	G	40000	3544	96.456	83.7695	96456	16033	77	1	0	13506	2153	296	15819
0	2	A	40000	7404	92.596	85.346	92596	7250	42	0	0	5667	1261	280	7055
0	2	B	40000	9024	90.976	82.193	90976	8783	35	1	0	7839	892	16	8764
0	2	cSpy was 3 spamed and the readout avoided!
0	3	G	40000	100000	0	0	0	0	0	0	0	0	0	0	2
0	3	A	40000	100000	0	0	0	0	0	0	0	0	0	0	1
0	3	B	40000	100000	0	0	0	0	0	0	0	0	0	0	1
0	4	G	40000	100000	0	0	0	0	0	0	0	0	0	0	2
0	4	A	40000	100000	0	0	0	0	0	0	0	0	0	0	1
0	4	B	40000	100000	0	0	0	0	0	0	0	0	0	0	1
0	5	G	40000	43121	56.879	37.605	56879	26628	36	0	0	26094	168	330	26585
0	5	A	40000	50967	49.033	37.15	49033	11883	22	0	0	11507	37	317	11846
0	5	B	40000	47195	52.805	38.06	52805	14745	14	0	0	14587	131	13	14739
0	6	G	40000	2893	97.107	87.0935	97107	12880	298	15	0	10414	1756	397	12419
0	6	A	40000	5895	94.105	88.17	94105	5935	137	0	0	4384	1082	332	5618
0	6	B	40000	7038	92.962	86.017	92962	6945	161	15	0	6030	674	65	6801
0	6	cSpy was 28 spamed and the readout avoided!
0	7	G	40000	99219	0.781	0.015	781	1525	0	0	0	1523	2	0	1527
0	7	A	40000	99224	0.775999	0.014	776	762	0	0	0	762	0	0	763
0	7	B	40000	99221	0.779003	0.016	779	763	0	0	0	761	2	0	764
1	0	G	40000	286	99.714	97.629	99714	2549	165	2	0	1769	180	433	2170
1	0	A	40000	1487	98.513	96.717	98513	1796	150	2	0	1135	134	375	1464
1	0	B	40000	706	99.294	98.541	99294	753	15	0	0	634	46	58	706
1	0	cSpy was 28 spamed and the readout avoided!
1	1	G	40000	99236	0.764	0.0045	764	1516	0	0	0	1516	0	0	1518
1	1	A	40000	99238	0.761998	0.004	762	758	0	0	0	758	0	0	759
1	1	B	40000	99237	0.762999	0.005	763	758	0	0	0	758	0	0	759
1	2	G	40000	100000	0	0	0	0	0	0	0	0	0	0	2
1	2	A	40000	100000	0	0	0	0	0	0	0	0	0	0	1
1	2	B	40000	100000	0	0	0	0	0	0	0	0	0	0	1
1	3	G	40000	96671	3.329	0.648	3329	4993	0	0	0	4989	3	1	4995
1	3	A	40000	96963	3.037	0.617	3037	2420	0	0	0	2416	3	1	2421
1	3	B	40000	96748	3.252	0.679	3252	2573	0	0	0	2573	0	0	2574
1	4	G	40000	513	99.487	96.943	99487	3279	223	0	0	1469	1128	459	2823
1	4	A	40000	1669	98.331	96.548	98331	1783	58	0	0	707	885	133	1657
1	4	B	40000	1166	98.834	97.338	98834	1496	165	0	0	762	243	326	1166
1	4	cSpy was 47 spamed and the readout avoided!
1	5	G	40000	65300	34.7	7.831	34700	26593	3	0	0	22955	3615	20	26591
1	5	A	40000	83212	16.788	3.335	16788	13453	0	0	0	11681	1754	18	13454
1	5	B	40000	74533	25.467	12.327	25467	13140	3	0	0	11274	1861	2	13137
1	6	G	40000	100000	0	0	0	0	0	0	0	0	0	0	2
1	6	A	40000	100000	0	0	0	0	0	0	0	0	0	0	1
1	6	B	40000	100000	0	0	0	0	0	0	0	0	0	0	1
1	7	G	40000	96419	3.581	1.815	3581	2238	2	0	0	2191	26	19	2237
1	7	A	40000	97225	2.775	1.742	2775	1033	1	0	0	992	24	16	1032
1	7	B	40000	96907	3.093	1.888	3093	1205	1	0	0	1199	2	3	1205
2	0	G	40000	2520	97.48	48.13	97480	4023	44	0	0	3822	92	65	3951
2	0	A	40000	2550	97.45	94.874	97450	2576	44	0	0	2375	92	65	2503
2	0	B	40000	97167	2.833	1.386	2833	1447	0	0	0	1447	0	0	1448
2	1	G	40000	99999	0.00100136	0	1	2	0	0	0	2	0	0	4
2	1	A	40000	99999	0.00100136	0	1	1	0	0	0	1	0	0	2
2	1	B	40000	99999	0.00100136	0	1	1	0	0	0	1	0	0	2
2	2	G	40000	29518	70.482	48.072	70482	27491	692	2	0	24892	1265	640	26875
2	2	A	40000	41352	58.648	46.253	58648	12395	383	2	0	11007	578	425	12022
2	2	B	40000	35013	64.987	49.891	64987	15096	309	0	0	13885	687	215	14853
2	3	G	40000	6433	93.567	67.0875	93567	31758	76	0	0	28097	3493	92	31673
2	3	A	40000	21465	78.535	58.041	78535	20494	4	0	0	17778	2651	61	20457
2	3	B	40000	12602	87.398	76.134	87398	11264	72	0	0	10319	842	31	11216
2	3	cSpy was 1 spamed and the readout avoided!
2	4	G	40000	100000	0	0	0	0	0	0	0	0	0	0	2
2	4	A	40000	100000	0	0	0	0	0	0	0	0	0	0	1
2	4	B	40000	100000	0	0	0	0	0	0	0	0	0	0	1
2	5	G	40000	100000	0	0	0	0	0	0	0	0	0	0	2
2	5	A	40000	100000	0	0	0	0	0	0	0	0	0	0	1
2	5	B	40000	100000	0	0	0	0	0	0	0	0	0	0	1
2	6	G	40000	30245	69.755	46.3815	69755	27288	203	0	0	25695	942	448	27134
2	6	A	40000	43537	56.463	44.325	56463	12138	129	0	0	10869	745	395	12007
2	6	B	40000	36412	63.588	48.438	63588	15150	74	0	0	14826	197	53	15127
2	7	G	40000	0	100	100	100000	200000	200000	200000	200000	200000	200000	200000	200002
2	7	A	40000	0	100	100	100000	100000	100000	100000	100000	100000	100000	100000	100001
2	7	B	40000	0	100	100	100000	100000	100000	100000	100000	100000	100000	100000	100001
3	0	G	40000	960	99.04	75.845	99040	17990	309	3	0	16658	370	650	17386
3	0	A	40000	1568	98.432	96.341	98432	2091	221	0	0	1232	28	610	1548
3	0	B	40000	28752	71.248	55.349	71248	15899	88	3	0	15426	342	40	15838
3	0	cSpy was 11 spamed and the readout avoided!
3	1	G	40000	0	100	100	100000	200000	200000	200000	200000	200000	200000	200000	200002
3	1	A	40000	0	100	100	100000	100000	100000	100000	100000	100000	100000	100000	100001
3	1	B	40000	0	100	100	100000	100000	100000	100000	100000	100000	100000	100000	100001
3	2	G	40000	99865	0.134999	0	135	270	0	0	0	270	0	0	272
3	2	A	40000	99865	0.134999	0	135	135	0	0	0	135	0	0	136
3	2	B	40000	99865	0.134999	0	135	135	0	0	0	135	0	0	136
3	3	G	40000	100000	0	0	0	0	0	0	0	0	0	0	2
3	3	A	40000	100000	0	0	0	0	0	0	0	0	0	0	1
3	3	B	40000	100000	0	0	0	0	0	0	0	0	0	0	1
3	4	G	40000	83323	16.677	9.1065	16677	12502	98	0	0	12299	26	79	12374
3	4	A	40000	84640	15.36	9.084	15360	6276	48	0	0	6168	6	54	6195
3	4	B	40000	84645	15.355	9.129	15355	6226	50	0	0	6131	20	25	6179
3	5	G	40000	0	100	100	100000	200000	200000	200000	200000	200000	200000	200000	200002
3	5	A	40000	0	100	100	100000	100000	100000	100000	100000	100000	100000	100000	100001
3	5	B	40000	0	100	100	100000	100000	100000	100000	100000	100000	100000	100000	100001
3	6	G	40000	59378	40.622	29.4825	40622	18477	215	11	0	16890	1002	359	18124
3	6	A	40000	60763	39.237	29.547	39237	9690	111	1	0	8411	920	247	9458
3	6	B	40000	61795	38.205	29.418	38205	8787	104	10	0	8479	82	112	8666
3	6	cSpy was 96 spamed and the readout avoided!
3	7	G	40000	100000	0	0	0	0	0	0	0	0	0	0	2
3	7	A	40000	100000	0	0	0	0	0	0	0	0	0	0	1
3	7	B	40000	100000	0	0	0	0	0	0	0	0	0	0	1
4	0	G	40000	1184	98.816	57	98816	27938	129	1	0	25810	1747	251	27670
4	0	A	40000	1667	98.333	96.416	98333	1917	128	0	0	1014	537	238	1657
4	0	B	40000	56395	43.605	17.584	43605	26021	1	1	0	24796	1210	13	26013
4	0	cSpy was 3 spamed and the readout avoided!
4	1	G	40000	100000	0	0	0	0	0	0	0	0	0	0	2
4	1	A	40000	100000	0	0	0	0	0	0	0	0	0	0	1
4	1	B	40000	100000	0	0	0	0	0	0	0	0	0	0	1
4	2	G	40000	98806	1.194	0.5175	1194	1029	0	0	0	1026	0	3	1030
4	2	A	40000	98968	1.032	0.528	1032	504	0	0	0	501	0	3	504
4	2	B	40000	98968	1.032	0.507	1032	525	0	0	0	525	0	0	526
4	3	G	40000	19115	80.885	59.1925	80885	34043	808	0	0	32514	113	608	32970
4	3	A	40000	23468	76.532	59.471	76532	17061	391	0	0	16241	1	428	16345
4	3	B	40000	24104	75.896	58.914	75896	16982	417	0	0	16273	112	180	16625
4	3	cSpy was 7 spamed and the readout avoided!
4	4	G	40000	12044	87.956	59.405	87956	37293	110	4	0	33235	3567	377	36980
4	4	A	40000	21769	78.231	59.967	78231	18264	14	2	0	15793	2192	263	18092
4	4	B	40000	22128	77.872	58.843	77872	19029	96	2	0	17442	1375	114	18888
4	4	cSpy was 69 spamed and the readout avoided!
4	5	G	40000	100000	0	0	0	0	0	0	0	0	0	0	2
4	5	A	40000	100000	0	0	0	0	0	0	0	0	0	0	1
4	5	B	40000	100000	0	0	0	0	0	0	0	0	0	0	1
4	6	G	40000	99941	0.0590026	0.0015	59	112	0	0	0	112	0	0	114
4	6	A	40000	99942	0.0580013	0.002	58	56	0	0	0	56	0	0	57
4	6	B	40000	99943	0.0569999	0.001	57	56	0	0	0	56	0	0	57
4	7	G	40000	29902	70.098	46.1895	70098	37382	271	1	0	36822	16	272	37030
4	7	A	40000	35052	64.948	46.331	64948	18617	132	1	0	18267	5	212	18362
4	7	B	40000	35187	64.813	46.048	64813	18765	139	0	0	18555	11	60	18668
4	7	cSpy was 5 spamed and the readout avoided!
5	0	G	40000	510	99.49	56.2925	99490	14413	151	0	0	13308	131	823	13864
5	0	A	40000	636	99.364	98.18	99364	1184	150	0	0	95	119	820	636
5	0	B	40000	72366	27.634	14.405	27634	13229	1	0	0	13213	12	3	13228
5	0	cSpy was 66 spamed and the readout avoided!
5	1	G	40000	57404	42.596	20.469	42596	34403	20	0	0	34319	5	59	34380
5	1	A	40000	62351	37.649	20.677	37649	16972	10	0	0	16901	5	56	16951
5	1	B	40000	62308	37.692	20.261	37692	17431	10	0	0	17418	0	3	17429
5	1	cSpy was 2 spamed and the readout avoided!
5	2	G	40000	66	99.934	98.7715	99934	1491	41	0	0	542	266	642	956
5	2	A	40000	162	99.838	99.234	99838	604	15	0	0	27	15	547	155
5	2	B	40000	804	99.196	98.309	99196	887	26	0	0	515	251	95	801
5	2	cSpy was 81 spamed and the readout avoided!
5	3	G	40000	98517	1.483	0	1483	2961	0	0	0	2957	4	0	2963
5	3	A	40000	98517	1.483	0	1483	1483	0	0	0	1479	4	0	1484
5	3	B	40000	98522	1.478	0	1478	1478	0	0	0	1478	0	0	1479
5	4	G	40000	100000	0	0	0	0	0	0	0	0	0	0	2
5	4	A	40000	100000	0	0	0	0	0	0	0	0	0	0	1
5	4	B	40000	100000	0	0	0	0	0	0	0	0	0	0	1
5	5	G	40000	88411	11.589	6.318	11589	8717	30	0	0	8659	1	27	8688
5	5	A	40000	89296	10.704	6.368	10704	4336	15	0	0	4297	1	23	4313
5	5	B	40000	89351	10.649	6.268	10649	4381	15	0	0	4362	0	4	4375
5	5	cSpy was 1 spamed and the readout avoided!
5	6	G	40000	0	100	100	100000	200000	200000	200000	200000	200000	200000	200000	200002
5	6	A	40000	0	100	100	100000	100000	100000	100000	100000	100000	100000	100000	100001
5	6	B	40000	0	100	100	100000	100000	100000	100000	100000	100000	100000	100000	100001
5	7	G	40000	28428	71.572	23.9275	71572	60671	10	12	0	53808	6710	131	60611
5	7	A	40000	44570	55.43	25.605	55430	29825	10	12	0	25645	4027	131	29764
5	7	B	40000	46904	53.096	22.25	53096	30846	0	0	0	28163	2683	0	30847
5	7	cSpy was 2 spamed and the readout avoided!
6	0	G	40000	505	99.495	96.6095	99495	3669	341	3	0	1792	947	586	3102
6	0	A	40000	1108	98.892	97.354	98892	1538	182	1	0	230	617	508	1107
6	0	B	40000	2004	97.996	95.865	97996	2131	159	2	0	1562	330	78	1995
6	0	cSpy was 63 spamed and the readout avoided!
6	1	G	40000	15428	84.572	42.921	84572	53843	0	1	0	47809	5814	219	53722
6	1	A	40000	28722	71.278	45.595	71278	25683	0	1	0	22196	3272	214	25564
6	1	B	40000	31593	68.407	40.247	68407	28160	0	0	0	25613	2542	5	28158
6	1	cSpy was 5 spamed and the readout avoided!
6	2	G	40000	100000	0	0	0	0	0	0	0	0	0	0	2
6	2	A	40000	100000	0	0	0	0	0	0	0	0	0	0	1
6	2	B	40000	100000	0	0	0	0	0	0	0	0	0	0	1
6	3	G	40000	100000	0	0	0	0	0	0	0	0	0	0	2
6	3	A	40000	100000	0	0	0	0	0	0	0	0	0	0	1
6	3	B	40000	100000	0	0	0	0	0	0	0	0	0	0	1
6	4	G	40000	19922	80.078	58.861	80078	34118	802	0	0	32569	149	598	33041
6	4	A	40000	23782	76.218	59.153	76218	17065	386	0	0	16259	0	420	16352
6	4	B	40000	24378	75.622	58.569	75622	17053	416	0	0	16310	149	178	16689
6	4	cSpy was 8 spamed and the readout avoided!
6	5	G	40000	4592	95.408	80.985	95408	18970	155	6	2	16717	1254	838	18480
6	5	A	40000	8919	91.081	82.043	91081	9038	17	2	0	7724	573	722	8678
6	5	B	40000	10141	89.859	79.927	89859	9932	138	4	2	8993	681	116	9802
6	5	cSpy was 39 spamed and the readout avoided!
6	6	G	40000	100000	0	0	0	0	0	0	0	0	0	0	2
6	6	A	40000	100000	0	0	0	0	0	0	0	0	0	0	1
6	6	B	40000	100000	0	0	0	0	0	0	0	0	0	0	1
6	7	G	40000	100000	0	0	0	0	0	0	0	0	0	0	2
6	7	A	40000	100000	0	0	0	0	0	0	0	0	0	0	1
6	7	B	40000	100000	0	0	0	0	0	0	0	0	0	0	1
7	0	G	40000	2145	97.855	47.86	97855	3467	201	0	0	2686	68	512	3006
7	0	A	40000	2165	97.835	95.243	97835	2592	201	0	0	1811	68	512	2130
7	0	B	40000	98648	1.352	0.477	1352	875	0	0	0	875	0	0	876
7	0	cSpy was 4 spamed and the readout avoided!
7	1	G	40000	100000	0	0	0	0	0	0	0	0	0	0	2
7	1	A	40000	100000	0	0	0	0	0	0	0	0	0	0	1
7	1	B	40000	100000	0	0	0	0	0	0	0	0	0	0	1
7	2	G	40000	93198	6.802	1.529	6802	8066	6	4	0	7981	58	17	8065
7	2	A	40000	94269	5.731	1.708	5731	4023	6	4	0	3962	34	17	4021
7	2	B	40000	94607	5.393	1.35	5393	4043	0	0	0	4019	24	0	4044
7	3	G	40000	0	100	100	100000	200000	200000	200000	200000	200000	200000	200000	200002
7	3	A	40000	0	100	100	100000	100000	100000	100000	100000	100000	100000	100000	100001
7	3	B	40000	0	100	100	100000	100000	100000	100000	100000	100000	100000	100000	100001
7	4	G	40000	84099	15.901	2.8175	15901	23555	0	0	0	21745	1776	34	23554
7	4	A	40000	84436	15.564	2.819	15564	12745	0	0	0	11192	1519	34	12743
7	4	B	40000	86374	13.626	2.816	13626	10810	0	0	0	10553	257	0	10811
7	5	G	40000	100000	0	0	0	0	0	0	0	0	0	0	2
7	5	A	40000	100000	0	0	0	0	0	0	0	0	0	0	1
7	5	B	40000	100000	0	0	0	0	0	0	0	0	0	0	1
7	6	G	40000	98901	1.099	0.328	1099	1057	3	2	0	1040	10	2	1058
7	6	A	40000	99120	0.880003	0.358	880	522	3	2	0	513	2	2	522
7	6	B	40000	99167	0.832999	0.298	833	535	0	0	0	527	8	0	536
7	7	G	40000	48809	51.191	23.3735	51191	42467	19	15	0	41085	1161	187	42386
7	7	A	40000	54714	45.286	23.785	45286	21501	17	15	0	20786	496	187	21421
7	7	B	40000	56072	43.928	22.962	43928	20966	2	0	0	20299	665	0	20965
7	7	cSpy was 9 spamed and the readout avoided!
