#the gain was set to: 2	the bias was set to: 30
#Sent triggers per delay setting: 100000	and with a frequency [Hz] of: 40000
#160MHz delay setting	400MHz delay setting	Frequency	correct transmitted H+T		error rate [%]	uncertainty [%]	bad or missed events	error count	missing headers	missing trailers	flipped H/T	event nr errors	tbm missed trigger	unknown errors	event nr resets
0	0	G	40000	405	99.595	74.7585	99595	18574	100	0	0	17522	282	670	18027
0	0	A	40000	603	99.397	98.258	99397	1139	78	0	0	168	231	662	603
0	0	B	40000	31306	68.694	51.259	68694	17435	22	0	0	17354	51	8	17424
0	0	cSpy was 33 spamed and the readout avoided!
0	1	G	40000	26127	73.873	54.4545	73873	25997	659	0	0	24541	12	785	25382
0	1	A	40000	35225	64.775	54.031	64775	10744	326	0	0	9911	0	507	10420
0	1	B	40000	29869	70.131	54.878	70131	15253	333	0	0	14630	12	278	14962
0	2	G	40000	7059	92.941	78.2465	92941	18014	100	0	0	14871	2784	259	17807
0	2	A	40000	13761	86.239	76.665	86239	9574	53	0	0	7540	1792	189	9433
0	2	B	40000	11732	88.268	79.828	88268	8440	47	0	0	7331	992	70	8374
0	2	cSpy was 8 spamed and the readout avoided!
0	3	G	40000	100000	0	0	0	0	0	0	0	0	0	0	2
0	3	A	40000	100000	0	0	0	0	0	0	0	0	0	0	1
0	3	B	40000	100000	0	0	0	0	0	0	0	0	0	0	1
0	4	G	40000	100000	0	0	0	0	0	0	0	0	0	0	2
0	4	A	40000	100000	0	0	0	0	0	0	0	0	0	0	1
0	4	B	40000	100000	0	0	0	0	0	0	0	0	0	0	1
0	5	G	40000	38658	61.342	43.8915	61342	22473	244	0	0	21689	5	535	22251
0	5	A	40000	47223	52.777	43.308	52777	9469	125	0	0	8925	2	417	9335
0	5	B	40000	42521	57.479	44.475	57479	13004	119	0	0	12764	3	118	12916
0	6	G	40000	2952	97.048	84.7885	97048	15126	162	3	0	12310	2240	411	14780
0	6	A	40000	5642	94.358	88.694	94358	5664	109	0	0	4170	996	389	5363
0	6	B	40000	9655	90.345	80.883	90345	9462	53	3	0	8140	1244	22	9417
0	6	cSpy was 9 spamed and the readout avoided!
0	7	G	40000	99936	0.0639975	0.026	64	76	0	0	0	76	0	0	78
0	7	A	40000	99936	0.0639975	0.026	64	38	0	0	0	38	0	0	39
0	7	B	40000	99936	0.0639975	0.026	64	38	0	0	0	38	0	0	39
1	0	G	40000	379	99.621	96.6135	99621	3522	229	1	0	2700	248	344	3164
1	0	A	40000	2506	97.494	94.756	97494	2738	203	1	0	2035	200	299	2420
1	0	B	40000	745	99.255	98.471	99255	784	26	0	0	665	48	45	744
1	0	cSpy was 28 spamed and the readout avoided!
1	1	G	40000	99980	0.0199974	0	20	40	0	0	0	40	0	0	42
1	1	A	40000	99980	0.0199974	0	20	20	0	0	0	20	0	0	21
1	1	B	40000	99980	0.0199974	0	20	20	0	0	0	20	0	0	21
1	2	G	40000	100000	0	0	0	0	0	0	0	0	0	0	2
1	2	A	40000	100000	0	0	0	0	0	0	0	0	0	0	1
1	2	B	40000	100000	0	0	0	0	0	0	0	0	0	0	1
1	3	G	40000	88910	11.09	3.485	11090	12182	0	0	0	12130	34	18	12183
1	3	A	40000	90992	9.008	3.291	9008	5717	0	0	0	5672	29	16	5717
1	3	B	40000	89856	10.144	3.679	10144	6465	0	0	0	6458	5	2	6466
1	4	G	40000	878	99.122	94.8945	99122	5283	357	5	0	3319	1215	387	4788
1	4	A	40000	2921	97.079	94.067	97079	3012	110	0	0	1870	853	179	2808
1	4	B	40000	2007	97.993	95.722	97993	2271	247	5	0	1449	362	208	1980
1	4	cSpy was 39 spamed and the readout avoided!
1	5	G	40000	96318	3.682	0.444	3682	5618	0	0	0	5498	119	1	5620
1	5	A	40000	96871	3.129	0.329	3129	2800	0	0	0	2757	42	1	2801
1	5	B	40000	96623	3.377	0.559	3377	2818	0	0	0	2741	77	0	2819
1	6	G	40000	100000	0	0	0	0	0	0	0	0	0	0	2
1	6	A	40000	100000	0	0	0	0	0	0	0	0	0	0	1
1	6	B	40000	100000	0	0	0	0	0	0	0	0	0	0	1
1	7	G	40000	94246	5.754	2.3915	5754	4342	2	0	0	4290	31	19	4342
1	7	A	40000	95735	4.265	2.271	4265	1994	1	0	0	1951	24	18	1994
1	7	B	40000	95140	4.86	2.512	4860	2348	1	0	0	2339	7	1	2348
2	0	G	40000	2005	97.995	48.9305	97995	4296	52	1	0	4038	122	83	4193
2	0	A	40000	2055	97.945	95.805	97945	2140	52	1	0	1883	121	83	2036
2	0	B	40000	95788	4.212	2.056	4212	2156	0	0	0	2155	1	0	2157
2	1	G	40000	99999	0.00100136	0	1	2	0	0	0	2	0	0	4
2	1	A	40000	99999	0.00100136	0	1	1	0	0	0	1	0	0	2
2	1	B	40000	99999	0.00100136	0	1	1	0	0	0	1	0	0	2
2	2	G	40000	20077	79.923	56.5195	79923	28883	783	4	0	26071	1236	789	28071
2	2	A	40000	31584	68.416	54.327	68416	14089	404	3	0	12429	722	531	13603
2	2	B	40000	26494	73.506	58.712	73506	14794	379	1	0	13642	514	258	14468
2	2	cSpy was 5 spamed and the readout avoided!
2	3	G	40000	10101	89.899	54.915	89899	41912	130	0	0	37350	4337	95	41797
2	3	A	40000	29278	70.722	44.212	70722	26510	3	0	0	23049	3431	27	26491
2	3	B	40000	18980	81.02	65.618	81020	15402	127	0	0	14301	906	68	15306
2	3	cSpy was 2 spamed and the readout avoided!
2	4	G	40000	100000	0	0	0	0	0	0	0	0	0	0	2
2	4	A	40000	100000	0	0	0	0	0	0	0	0	0	0	1
2	4	B	40000	100000	0	0	0	0	0	0	0	0	0	0	1
2	5	G	40000	100000	0	0	0	0	0	0	0	0	0	0	2
2	5	A	40000	100000	0	0	0	0	0	0	0	0	0	0	1
2	5	B	40000	100000	0	0	0	0	0	0	0	0	0	0	1
2	6	G	40000	24580	75.42	51.643	75420	28175	443	7	0	25521	1551	653	27764
2	6	A	40000	38027	61.973	48.957	61973	13016	232	3	0	10758	1547	476	12759
2	6	B	40000	30512	69.488	54.329	69488	15159	211	4	0	14763	4	177	15005
2	7	G	40000	1522	98.478	91.2505	98478	8702	368	5	0	6651	1287	391	8238
2	7	A	40000	5274	94.726	89.547	94726	5179	56	0	0	4083	819	221	5003
2	7	B	40000	3523	96.477	92.954	96477	3523	312	5	0	2568	468	170	3235
2	7	cSpy was 81 spamed and the readout avoided!
3	0	G	40000	782	99.218	77.484	99218	16484	287	1	0	15167	353	676	15877
3	0	A	40000	1306	98.694	96.847	98694	1847	203	0	0	961	39	644	1290
3	0	B	40000	27242	72.758	58.121	72758	14637	84	1	0	14206	314	32	14587
3	0	cSpy was 18 spamed and the readout avoided!
3	1	G	40000	0	100	100	100000	200000	200000	200000	200000	200000	200000	200000	200002
3	1	A	40000	0	100	100	100000	100000	100000	100000	100000	100000	100000	100000	100001
3	1	B	40000	0	100	100	100000	100000	100000	100000	100000	100000	100000	100000	100001
3	2	G	40000	99989	0.0109971	0	11	22	0	0	0	22	0	0	24
3	2	A	40000	99989	0.0109971	0	11	11	0	0	0	11	0	0	12
3	2	B	40000	99989	0.0109971	0	11	11	0	0	0	11	0	0	12
3	3	G	40000	100000	0	0	0	0	0	0	0	0	0	0	2
3	3	A	40000	100000	0	0	0	0	0	0	0	0	0	0	1
3	3	B	40000	100000	0	0	0	0	0	0	0	0	0	0	1
3	4	G	40000	65392	34.608	14.828	34608	30774	16	0	0	30591	130	37	30760
3	4	A	40000	69984	30.016	14.477	30016	15539	8	0	0	15465	31	35	15525
3	4	B	40000	69586	30.414	15.179	30414	15235	8	0	0	15126	99	2	15235
3	5	G	40000	0	100	100	100000	200000	200000	200000	200000	200000	200000	200000	200002
3	5	A	40000	0	100	100	100000	100000	100000	100000	100000	100000	100000	100000	100001
3	5	B	40000	0	100	100	100000	100000	100000	100000	100000	100000	100000	100000	100001
3	6	G	40000	86043	13.957	3.013	13957	20546	4	4	0	19962	572	4	20548
3	6	A	40000	86345	13.655	3.007	13655	10648	0	0	0	10100	544	4	10649
3	6	B	40000	87083	12.917	3.019	12917	9898	4	4	0	9862	28	0	9899
3	6	cSpy was 1 spamed and the readout avoided!
3	7	G	40000	100000	0	0	0	0	0	0	0	0	0	0	2
3	7	A	40000	100000	0	0	0	0	0	0	0	0	0	0	1
3	7	B	40000	100000	0	0	0	0	0	0	0	0	0	0	1
4	0	G	40000	1019	98.981	66.0725	98981	16701	338	4	0	14338	1412	609	16072
4	0	A	40000	1569	98.431	96.297	98431	2134	258	3	0	752	548	573	1565
4	0	B	40000	49585	50.415	35.848	50415	14567	80	1	0	13586	864	36	14507
4	0	cSpy was 37 spamed and the readout avoided!
4	1	G	40000	100000	0	0	0	0	0	0	0	0	0	0	2
4	1	A	40000	100000	0	0	0	0	0	0	0	0	0	0	1
4	1	B	40000	100000	0	0	0	0	0	0	0	0	0	0	1
4	2	G	40000	94181	5.819	3.676	5819	3293	14	0	0	3264	1	14	3280
4	2	A	40000	94672	5.328	3.689	5328	1639	7	0	0	1619	1	12	1627
4	2	B	40000	94683	5.317	3.663	5317	1654	7	0	0	1645	0	2	1653
4	3	G	40000	0	100	100	100000	200000	200000	200000	200000	200000	200000	200000	200002
4	3	A	40000	0	100	100	100000	100000	100000	100000	100000	100000	100000	100000	100001
4	3	B	40000	0	100	100	100000	100000	100000	100000	100000	100000	100000	100000	100001
4	4	G	40000	17680	82.32	40.2275	82320	55398	44	13	0	49789	5253	299	55218
4	4	A	40000	31937	68.063	40.539	68063	27524	25	7	0	23896	3308	288	27362
4	4	B	40000	32210	67.79	39.916	67790	27874	19	6	0	25893	1945	11	27856
4	4	cSpy was 17 spamed and the readout avoided!
4	5	G	40000	100000	0	0	0	0	0	0	0	0	0	0	2
4	5	A	40000	100000	0	0	0	0	0	0	0	0	0	0	1
4	5	B	40000	100000	0	0	0	0	0	0	0	0	0	0	1
4	6	G	40000	99918	0.0819981	0.016	82	106	0	0	0	106	0	0	108
4	6	A	40000	99930	0.0699997	0.018	70	52	0	0	0	52	0	0	53
4	6	B	40000	99932	0.0680029	0.014	68	54	0	0	0	54	0	0	55
4	7	G	40000	20572	79.428	58.5585	79428	34339	794	0	0	32793	164	588	33283
4	7	A	40000	23988	76.012	58.831	76012	17181	383	0	0	16382	0	416	16473
4	7	B	40000	24556	75.444	58.286	75444	17158	411	0	0	16411	164	172	16810
4	7	cSpy was 7 spamed and the readout avoided!
5	0	G	40000	469	99.531	58.401	99531	16208	149	1	0	15092	133	833	15661
5	0	A	40000	604	99.396	98.248	99396	1148	145	0	0	70	101	832	604
5	0	B	40000	66386	33.614	18.554	33614	15060	4	1	0	15022	32	1	15057
5	0	cSpy was 75 spamed and the readout avoided!
5	1	G	40000	23062	76.938	53.835	76938	36419	415	0	0	35599	16	389	35859
5	1	A	40000	27835	72.165	53.969	72165	18196	200	0	0	17718	1	277	17817
5	1	B	40000	28076	71.924	53.701	71924	18223	215	0	0	17881	15	112	18042
5	1	cSpy was 9 spamed and the readout avoided!
5	2	G	40000	38	99.962	98.05	99962	2233	136	1	0	837	663	596	1657
5	2	A	40000	93	99.907	99.415	99907	492	5	0	0	40	2	445	93
5	2	B	40000	1574	98.426	96.685	98426	1741	131	1	0	797	661	151	1564
5	2	cSpy was 30 spamed and the readout avoided!
5	3	G	40000	99842	0.158	0	158	316	0	0	0	316	0	0	318
5	3	A	40000	99842	0.158	0	158	158	0	0	0	158	0	0	159
5	3	B	40000	99842	0.158	0	158	158	0	0	0	158	0	0	159
5	4	G	40000	100000	0	0	0	0	0	0	0	0	0	0	2
5	4	A	40000	100000	0	0	0	0	0	0	0	0	0	0	1
5	4	B	40000	100000	0	0	0	0	0	0	0	0	0	0	1
5	5	G	40000	87175	12.825	5.6245	12825	11629	5	0	0	11611	0	13	11626
5	5	A	40000	88533	11.467	5.715	11467	5752	2	0	0	5738	0	12	5748
5	5	B	40000	88589	11.411	5.534	11411	5877	3	0	0	5873	0	1	5878
5	6	G	40000	0	100	100	100000	200000	200000	200000	200000	200000	200000	200000	200002
5	6	A	40000	0	100	100	100000	100000	100000	100000	100000	100000	100000	100000	100001
5	6	B	40000	0	100	100	100000	100000	100000	100000	100000	100000	100000	100000	100001
5	7	G	40000	62874	37.126	8.121	37126	41701	2	1	0	37552	4073	73	41680
5	7	A	40000	69278	30.722	8.417	30722	22305	2	1	0	19094	3135	73	22283
5	7	B	40000	72779	27.221	7.825	27221	19396	0	0	0	18458	938	0	19397
6	0	G	40000	592	99.408	95.67	99408	4596	234	3	0	2405	1266	688	4049
6	0	A	40000	1264	98.736	97.007	98736	1729	123	2	0	159	792	653	1264
6	0	B	40000	2800	97.2	94.333	97200	2867	111	1	0	2246	474	35	2785
6	0	cSpy was 42 spamed and the readout avoided!
6	1	G	40000	17908	82.092	36.8645	82092	58685	0	0	0	52098	6401	186	58610
6	1	A	40000	32342	67.658	39.666	67658	27992	0	0	0	24173	3636	183	27919
6	1	B	40000	35244	64.756	34.063	64756	30693	0	0	0	27925	2765	3	30691
6	1	cSpy was 5 spamed and the readout avoided!
6	2	G	40000	100000	0	0	0	0	0	0	0	0	0	0	2
6	2	A	40000	100000	0	0	0	0	0	0	0	0	0	0	1
6	2	B	40000	100000	0	0	0	0	0	0	0	0	0	0	1
6	3	G	40000	100000	0	0	0	0	0	0	0	0	0	0	2
6	3	A	40000	100000	0	0	0	0	0	0	0	0	0	0	1
6	3	B	40000	100000	0	0	0	0	0	0	0	0	0	0	1
6	4	G	40000	16827	83.173	60.873	83173	32693	748	2	0	31169	119	655	31672
6	4	A	40000	22344	77.656	61.33	77656	16326	383	2	0	15445	10	486	15623
6	4	B	40000	23217	76.783	60.416	76783	16367	365	0	0	15724	109	169	16049
6	4	cSpy was 6 spamed and the readout avoided!
6	5	G	40000	8064	91.936	73.0335	91936	24638	160	4	0	21711	2046	717	24147
6	5	A	40000	13814	86.186	74.488	86186	11698	24	0	0	10105	964	605	11354
6	5	B	40000	15481	84.519	71.579	84519	12940	136	4	0	11606	1082	112	12793
6	5	cSpy was 70 spamed and the readout avoided!
6	6	G	40000	100000	0	0	0	0	0	0	0	0	0	0	2
6	6	A	40000	100000	0	0	0	0	0	0	0	0	0	0	1
6	6	B	40000	100000	0	0	0	0	0	0	0	0	0	0	1
6	7	G	40000	100000	0	0	0	0	0	0	0	0	0	0	2
6	7	A	40000	100000	0	0	0	0	0	0	0	0	0	0	1
6	7	B	40000	100000	0	0	0	0	0	0	0	0	0	0	1
7	0	G	40000	1705	98.295	48.3965	98295	3508	200	0	0	2631	85	592	3029
7	0	A	40000	1729	98.271	96.083	98271	2188	200	0	0	1311	85	592	1708
7	0	B	40000	97970	2.03	0.71	2030	1320	0	0	0	1320	0	0	1321
7	0	cSpy was 2 spamed and the readout avoided!
7	1	G	40000	100000	0	0	0	0	0	0	0	0	0	0	2
7	1	A	40000	100000	0	0	0	0	0	0	0	0	0	0	1
7	1	B	40000	100000	0	0	0	0	0	0	0	0	0	0	1
7	2	G	40000	88011	11.989	2.9335	11989	12594	7	8	0	12493	62	24	12585
7	2	A	40000	90459	9.541	3.268	9541	6273	7	8	0	6202	32	24	6263
7	2	B	40000	91080	8.92	2.599	8920	6321	0	0	0	6291	30	0	6322
7	2	cSpy was 2 spamed and the readout avoided!
7	3	G	40000	0	100	100	100000	200000	200000	200000	200000	200000	200000	200000	200002
7	3	A	40000	0	100	100	100000	100000	100000	100000	100000	100000	100000	100000	100001
7	3	B	40000	0	100	100	100000	100000	100000	100000	100000	100000	100000	100000	100001
7	4	G	40000	96128	3.872	0.081	3872	7496	0	0	0	7419	75	2	7498
7	4	A	40000	96135	3.865	0.081	3865	3784	0	0	0	3714	68	2	3785
7	4	B	40000	96207	3.793	0.081	3793	3712	0	0	0	3705	7	0	3713
7	5	G	40000	100000	0	0	0	0	0	0	0	0	0	0	2
7	5	A	40000	100000	0	0	0	0	0	0	0	0	0	0	1
7	5	B	40000	100000	0	0	0	0	0	0	0	0	0	0	1
7	6	G	40000	96614	3.386	0.8795	3386	3492	4	1	0	3472	10	5	3492
7	6	A	40000	97291	2.709	0.972	2709	1737	4	1	0	1723	5	4	1736
7	6	B	40000	97458	2.542	0.787	2542	1755	0	0	0	1749	5	1	1756
7	6	cSpy was 1 spamed and the readout avoided!
7	7	G	40000	29652	70.348	41.228	70348	41581	21	0	0	39713	1610	237	41463
7	7	A	40000	37198	62.802	42.126	62802	20676	6	0	0	19696	740	234	20568
7	7	B	40000	38765	61.235	40.33	61235	20905	15	0	0	20017	870	3	20895
7	7	cSpy was 7 spamed and the readout avoided!
