#the gain was set to: 2	the bias was set to: 30
#Sent triggers per delay setting: 100000	and with a frequency [Hz] of: 40000
#160MHz delay setting	400MHz delay setting	Frequency	correct transmitted H+T		error rate [%]	uncertainty [%]	bad or missed events	error count	missing headers	missing trailers	flipped H/T	event nr errors	tbm missed trigger	unknown errors	event nr resets
0	0	G	40000	394	99.606	73.753	99606	18769	106	0	0	17730	283	650	18231
0	0	A	40000	608	99.392	98.259	99392	1133	88	0	0	155	253	637	608
0	0	B	40000	33117	66.883	49.247	66883	17636	18	0	0	17575	30	13	17623
0	0	cSpy was 23 spamed and the readout avoided!
0	1	G	40000	47754	52.246	30.493	52246	29623	31	0	0	29237	86	269	29555
0	1	A	40000	56370	43.63	29.971	43630	13659	17	0	0	13346	42	254	13601
0	1	B	40000	53021	46.979	31.015	46979	15964	14	0	0	15891	44	15	15954
0	2	G	40000	2690	97.31	86.478	97310	13513	269	10	0	10766	2076	392	13104
0	2	A	40000	5740	94.26	88.503	94260	5757	107	0	0	4186	1118	346	5489
0	2	B	40000	7791	92.209	84.453	92209	7756	162	10	0	6580	958	46	7615
0	2	cSpy was 36 spamed and the readout avoided!
0	3	G	40000	99990	0.0100017	0.004	10	12	0	0	0	12	0	0	14
0	3	A	40000	99990	0.0100017	0.004	10	6	0	0	0	6	0	0	7
0	3	B	40000	99990	0.0100017	0.004	10	6	0	0	0	6	0	0	7
0	4	G	40000	100000	0	0	0	0	0	0	0	0	0	0	2
0	4	A	40000	100000	0	0	0	0	0	0	0	0	0	0	1
0	4	B	40000	100000	0	0	0	0	0	0	0	0	0	0	1
0	5	G	40000	70889	29.111	12.135	29111	26156	1	0	0	26010	24	121	26138
0	5	A	40000	75761	24.239	11.878	24239	12361	1	0	0	12228	12	120	12342
0	5	B	40000	73813	26.187	12.392	26187	13795	0	0	0	13782	12	1	13796
0	6	G	40000	1232	98.768	93.798	98768	6331	438	5	0	4310	1258	320	5852
0	6	A	40000	3792	96.208	92.398	96208	3810	136	0	0	2538	973	163	3608
0	6	B	40000	2281	97.719	95.198	97719	2521	302	5	0	1772	285	157	2244
0	6	cSpy was 63 spamed and the readout avoided!
0	7	G	40000	81622	18.378	3.324	18378	15384	0	0	0	13951	1433	0	15386
0	7	A	40000	90823	9.177	1.419	9177	7758	0	0	0	7070	688	0	7759
0	7	B	40000	87145	12.855	5.229	12855	7626	0	0	0	6881	745	0	7627
1	0	G	40000	248	99.752	98.337	99752	1880	136	0	0	1092	139	513	1442
1	0	A	40000	780	99.22	98.069	99220	1151	105	0	0	505	92	449	776
1	0	B	40000	666	99.334	98.605	99334	729	31	0	0	587	47	64	666
1	0	cSpy was 37 spamed and the readout avoided!
1	1	G	40000	80296	19.704	3.876	19704	16046	0	0	0	14138	1902	6	16048
1	1	A	40000	90312	9.688	1.708	9688	7980	0	0	0	7113	861	6	7981
1	1	B	40000	85890	14.11	6.044	14110	8066	0	0	0	7025	1041	0	8067
1	2	G	40000	100000	0	0	0	0	0	0	0	0	0	0	2
1	2	A	40000	100000	0	0	0	0	0	0	0	0	0	0	1
1	2	B	40000	100000	0	0	0	0	0	0	0	0	0	0	1
1	3	G	40000	99303	0.696999	0.0395	697	1294	0	0	0	1293	0	1	1296
1	3	A	40000	99321	0.678998	0.037	679	642	0	0	0	641	0	1	643
1	3	B	40000	99306	0.694001	0.042	694	652	0	0	0	652	0	0	653
1	4	G	40000	512	99.488	97.0705	99488	3122	228	0	0	1323	1224	347	2732
1	4	A	40000	1494	98.506	96.898	98506	1608	45	0	0	667	786	110	1489
1	4	B	40000	1243	98.757	97.243	98757	1514	183	0	0	656	438	237	1243
1	4	cSpy was 13 spamed and the readout avoided!
1	5	G	40000	18745	81.255	28.8515	81255	58196	14	1	0	49006	9112	63	58154
1	5	A	40000	52536	47.464	11.058	47464	36406	0	0	0	29654	6698	54	36379
1	5	B	40000	31565	68.435	46.645	68435	21790	14	1	0	19352	2414	9	21775
1	5	cSpy was 5 spamed and the readout avoided!
1	6	G	40000	100000	0	0	0	0	0	0	0	0	0	0	2
1	6	A	40000	100000	0	0	0	0	0	0	0	0	0	0	1
1	6	B	40000	100000	0	0	0	0	0	0	0	0	0	0	1
1	7	G	40000	99859	0.141001	0.0285	141	196	0	0	0	195	1	0	198
1	7	A	40000	99880	0.120002	0.027	120	93	0	0	0	92	1	0	94
1	7	B	40000	99867	0.133002	0.03	133	103	0	0	0	103	0	0	104
2	0	G	40000	2046	97.954	48.8345	97954	4138	47	0	0	3897	112	82	4049
2	0	A	40000	2081	97.919	95.77	97919	2149	47	0	0	1908	112	82	2059
2	0	B	40000	96112	3.888	1.899	3888	1989	0	0	0	1989	0	0	1990
2	1	G	40000	99981	0.019002	0.001	19	36	0	0	0	36	0	0	38
2	1	A	40000	99981	0.019002	0.001	19	18	0	0	0	18	0	0	19
2	1	B	40000	99981	0.019002	0.001	19	18	0	0	0	18	0	0	19
2	2	G	40000	37499	62.501	40.5885	62501	26832	405	0	0	24918	1016	493	26501
2	2	A	40000	49131	50.869	38.886	50869	11983	229	0	0	10717	671	366	11762
2	2	B	40000	42860	57.14	42.291	57140	14849	176	0	0	14201	345	127	14739
2	3	G	40000	3548	96.452	81.7965	96452	17870	46	2	0	15766	1890	166	17748
2	3	A	40000	11858	88.142	76.728	88142	11414	4	0	0	9975	1295	140	11335
2	3	B	40000	6679	93.321	86.865	93321	6456	42	2	0	5791	595	26	6413
2	3	cSpy was 5 spamed and the readout avoided!
2	4	G	40000	100000	0	0	0	0	0	0	0	0	0	0	2
2	4	A	40000	100000	0	0	0	0	0	0	0	0	0	0	1
2	4	B	40000	100000	0	0	0	0	0	0	0	0	0	0	1
2	5	G	40000	100000	0	0	0	0	0	0	0	0	0	0	2
2	5	A	40000	100000	0	0	0	0	0	0	0	0	0	0	1
2	5	B	40000	100000	0	0	0	0	0	0	0	0	0	0	1
2	6	G	40000	46861	53.139	28.325	53139	29983	22	0	0	29072	667	222	29956
2	6	A	40000	59506	40.494	26.82	40494	13674	14	0	0	12876	567	217	13651
2	6	B	40000	53861	46.139	29.83	46139	16309	8	0	0	16196	100	5	16305
2	7	G	40000	0	100	100	100000	200000	200000	200000	200000	200000	200000	200000	200002
2	7	A	40000	0	100	100	100000	100000	100000	100000	100000	100000	100000	100000	100001
2	7	B	40000	0	100	100	100000	100000	100000	100000	100000	100000	100000	100000	100001
3	0	G	40000	1021	98.979	64.4615	98979	21007	232	2	0	19741	369	663	20460
3	0	A	40000	1490	98.51	96.497	98510	2013	209	0	0	1128	16	660	1479
3	0	B	40000	48580	51.42	32.426	51420	18994	23	2	0	18613	353	3	18981
3	0	cSpy was 8 spamed and the readout avoided!
3	1	G	40000	0	100	100	100000	200000	200000	200000	200000	200000	200000	200000	200002
3	1	A	40000	0	100	100	100000	100000	100000	100000	100000	100000	100000	100000	100001
3	1	B	40000	0	100	100	100000	100000	100000	100000	100000	100000	100000	100000	100001
3	2	G	40000	94534	5.466	0.474	5466	9828	0	0	0	9744	83	1	9830
3	2	A	40000	94548	5.452	0.474	5452	4978	0	0	0	4895	82	1	4979
3	2	B	40000	94676	5.324	0.474	5324	4850	0	0	0	4849	1	0	4851
3	3	G	40000	100000	0	0	0	0	0	0	0	0	0	0	2
3	3	A	40000	100000	0	0	0	0	0	0	0	0	0	0	1
3	3	B	40000	100000	0	0	0	0	0	0	0	0	0	0	1
3	4	G	40000	99509	0.490999	0.01	491	956	0	0	0	956	0	0	958
3	4	A	40000	99514	0.485998	0.008	486	478	0	0	0	478	0	0	479
3	4	B	40000	99510	0.489998	0.012	490	478	0	0	0	478	0	0	479
3	5	G	40000	0	100	100	100000	200000	200000	200000	200000	200000	200000	200000	200002
3	5	A	40000	0	100	100	100000	100000	100000	100000	100000	100000	100000	100000	100001
3	5	B	40000	0	100	100	100000	100000	100000	100000	100000	100000	100000	100000	100001
3	6	G	40000	43280	56.72	15.334	56720	53620	7	5	0	48269	5283	56	53597
3	6	A	40000	58129	41.871	15.152	41871	26719	5	1	0	22889	3769	55	26700
3	6	B	40000	57583	42.417	15.516	42417	26901	2	4	0	25380	1514	1	26897
3	6	cSpy was 6 spamed and the readout avoided!
3	7	G	40000	100000	0	0	0	0	0	0	0	0	0	0	2
3	7	A	40000	100000	0	0	0	0	0	0	0	0	0	0	1
3	7	B	40000	100000	0	0	0	0	0	0	0	0	0	0	1
4	0	G	40000	1625	98.375	82.352	98375	17339	296	4	0	14927	1800	312	16950
4	0	A	40000	2949	97.051	93.804	97051	3247	171	4	0	1679	1120	273	2947
4	0	B	40000	15008	84.992	70.9	84992	14092	125	0	0	13248	680	39	14003
4	0	cSpy was 7 spamed and the readout avoided!
4	1	G	40000	100000	0	0	0	0	0	0	0	0	0	0	2
4	1	A	40000	100000	0	0	0	0	0	0	0	0	0	0	1
4	1	B	40000	100000	0	0	0	0	0	0	0	0	0	0	1
4	2	G	40000	100000	0	0	0	0	0	0	0	0	0	0	2
4	2	A	40000	100000	0	0	0	0	0	0	0	0	0	0	1
4	2	B	40000	100000	0	0	0	0	0	0	0	0	0	0	1
4	3	G	40000	20301	79.699	58.6005	79699	34344	801	0	0	32812	140	591	33276
4	3	A	40000	23943	76.057	58.865	76057	17192	389	0	0	16381	0	422	16473
4	3	B	40000	24512	75.488	58.336	75488	17152	412	0	0	16431	140	169	16803
4	3	cSpy was 7 spamed and the readout avoided!
4	4	G	40000	0	100	100	100000	200000	200000	200000	200000	200000	200000	200000	200002
4	4	A	40000	0	100	100	100000	100000	100000	100000	100000	100000	100000	100000	100001
4	4	B	40000	0	100	100	100000	100000	100000	100000	100000	100000	100000	100000	100001
4	5	G	40000	100000	0	0	0	0	0	0	0	0	0	0	2
4	5	A	40000	100000	0	0	0	0	0	0	0	0	0	0	1
4	5	B	40000	100000	0	0	0	0	0	0	0	0	0	0	1
4	6	G	40000	100000	0	0	0	0	0	0	0	0	0	0	2
4	6	A	40000	100000	0	0	0	0	0	0	0	0	0	0	1
4	6	B	40000	100000	0	0	0	0	0	0	0	0	0	0	1
4	7	G	40000	47881	52.119	29.5615	52119	34684	74	0	0	34511	4	95	34605
4	7	A	40000	53118	46.882	29.71	46882	17172	36	0	0	17049	3	84	17107
4	7	B	40000	53075	46.925	29.413	46925	17512	38	0	0	17462	1	11	17498
4	7	cSpy was 2 spamed and the readout avoided!
5	0	G	40000	477	99.523	57.4665	99523	15392	137	0	0	14304	107	844	14840
5	0	A	40000	601	99.399	98.245	99399	1154	137	0	0	74	100	843	601
5	0	B	40000	69074	30.926	16.688	30926	14238	0	0	0	14230	7	1	14239
5	0	cSpy was 73 spamed and the readout avoided!
5	1	G	40000	94609	5.391	1.0185	5391	7836	0	0	0	7832	0	4	7838
5	1	A	40000	95005	4.995	1.101	4995	3894	0	0	0	3890	0	4	3895
5	1	B	40000	95122	4.878	0.936	4878	3942	0	0	0	3942	0	0	3943
5	2	G	40000	5	99.995	98.9745	99995	1178	41	0	0	422	381	334	872
5	2	A	40000	15	99.985	99.766	99985	219	0	0	0	1	1	217	15
5	2	B	40000	858	99.142	98.183	99142	959	41	0	0	421	380	117	857
5	2	cSpy was 12 spamed and the readout avoided!
5	3	G	40000	89862	10.138	0.9225	10138	16806	0	0	0	15487	1312	7	16808
5	3	A	40000	89975	10.025	0.923	10025	9102	0	0	0	7883	1212	7	9103
5	3	B	40000	91374	8.626	0.922	8626	7704	0	0	0	7604	100	0	7705
5	4	G	40000	100000	0	0	0	0	0	0	0	0	0	0	2
5	4	A	40000	100000	0	0	0	0	0	0	0	0	0	0	1
5	4	B	40000	100000	0	0	0	0	0	0	0	0	0	0	1
5	5	G	40000	98334	1.666	0.1275	1666	2936	0	0	0	2936	0	0	2938
5	5	A	40000	98381	1.619	0.152	1619	1467	0	0	0	1467	0	0	1468
5	5	B	40000	98428	1.572	0.103	1572	1469	0	0	0	1469	0	0	1470
5	6	G	40000	0	100	100	100000	200000	200000	200000	200000	200000	200000	200000	200002
5	6	A	40000	0	100	100	100000	100000	100000	100000	100000	100000	100000	100000	100001
5	6	B	40000	0	100	100	100000	100000	100000	100000	100000	100000	100000	100000	100001
5	7	G	40000	18478	81.522	32.9805	81522	62500	1	0	0	54988	7311	200	62411
5	7	A	40000	34061	65.939	36.096	65939	29843	0	0	0	25476	4170	197	29755
5	7	B	40000	37478	62.522	29.865	62522	32657	1	0	0	29512	3141	3	32656
5	7	cSpy was 7 spamed and the readout avoided!
6	0	G	40000	0	100	100	100000	200000	200000	200000	200000	200000	200000	200000	200002
6	0	A	40000	0	100	100	100000	100000	100000	100000	100000	100000	100000	100000	100001
6	0	B	40000	0	100	100	100000	100000	100000	100000	100000	100000	100000	100000	100001
6	1	G	40000	11658	88.342	70.8335	88342	23540	108	2	0	20934	2107	389	23281
6	1	A	40000	16146	83.854	72.762	83854	11092	3	0	0	9726	1012	351	10916
6	1	B	40000	18647	81.353	68.905	81353	12448	105	2	0	11208	1095	38	12365
6	1	cSpy was 19 spamed and the readout avoided!
6	2	G	40000	100000	0	0	0	0	0	0	0	0	0	0	2
6	2	A	40000	100000	0	0	0	0	0	0	0	0	0	0	1
6	2	B	40000	100000	0	0	0	0	0	0	0	0	0	0	1
6	3	G	40000	100000	0	0	0	0	0	0	0	0	0	0	2
6	3	A	40000	100000	0	0	0	0	0	0	0	0	0	0	1
6	3	B	40000	100000	0	0	0	0	0	0	0	0	0	0	1
6	4	G	40000	36808	63.192	44.819	63192	29718	586	0	0	28591	105	436	28956
6	4	A	40000	40054	59.946	45.107	59946	14839	286	0	0	14236	0	317	14322
6	4	B	40000	40590	59.41	44.531	59410	14879	300	0	0	14355	105	119	14634
6	4	cSpy was 5 spamed and the readout avoided!
6	5	G	40000	0	100	100	100000	200000	200000	200000	200000	200000	200000	200000	200002
6	5	A	40000	0	100	100	100000	100000	100000	100000	100000	100000	100000	100000	100001
6	5	B	40000	0	100	100	100000	100000	100000	100000	100000	100000	100000	100000	100001
6	6	G	40000	100000	0	0	0	0	0	0	0	0	0	0	2
6	6	A	40000	100000	0	0	0	0	0	0	0	0	0	0	1
6	6	B	40000	100000	0	0	0	0	0	0	0	0	0	0	1
6	7	G	40000	100000	0	0	0	0	0	0	0	0	0	0	2
6	7	A	40000	100000	0	0	0	0	0	0	0	0	0	0	1
6	7	B	40000	100000	0	0	0	0	0	0	0	0	0	0	1
7	0	G	40000	1489	98.511	60.6545	98511	4471	261	0	0	3449	89	672	3904
7	0	A	40000	1653	98.347	96.199	98347	2148	187	0	0	1266	63	632	1636
7	0	B	40000	72567	27.433	25.11	27433	2323	74	0	0	2183	26	40	2268
7	0	cSpy was 24 spamed and the readout avoided!
7	1	G	40000	100000	0	0	0	0	0	0	0	0	0	0	2
7	1	A	40000	100000	0	0	0	0	0	0	0	0	0	0	1
7	1	B	40000	100000	0	0	0	0	0	0	0	0	0	0	1
7	2	G	40000	99804	0.195998	0.006	196	372	0	0	0	371	1	0	374
7	2	A	40000	99807	0.193	0.007	193	186	0	0	0	185	1	0	187
7	2	B	40000	99809	0.190997	0.005	191	186	0	0	0	186	0	0	187
7	3	G	40000	29526	70.474	60.4245	70474	12457	94	62	0	11366	544	391	12144
7	3	A	40000	32578	67.422	61.517	67422	5905	15	62	0	5561	24	243	5725
7	3	B	40000	34116	65.884	59.332	65884	6552	79	0	0	5805	520	148	6419
7	3	cSpy was 97 spamed and the readout avoided!
7	4	G	40000	29343	70.657	30.7155	70657	52379	21	15	0	46728	5309	306	52234
7	4	A	40000	41852	58.148	32.387	58148	25761	11	15	0	22313	3118	304	25619
7	4	B	40000	44338	55.662	29.044	55662	26618	10	0	0	24415	2191	2	26615
7	4	cSpy was 7 spamed and the readout avoided!
7	5	G	40000	100000	0	0	0	0	0	0	0	0	0	0	2
7	5	A	40000	100000	0	0	0	0	0	0	0	0	0	0	1
7	5	B	40000	100000	0	0	0	0	0	0	0	0	0	0	1
7	6	G	40000	98219	1.781	0.365	1781	2119	0	0	0	2105	9	5	2120
7	6	A	40000	98532	1.468	0.407	1468	1061	0	0	0	1047	9	5	1061
7	6	B	40000	98619	1.381	0.323	1381	1058	0	0	0	1058	0	0	1059
7	7	G	40000	67151	32.849	12.0545	32849	27852	32	111	0	27261	352	96	27794
7	7	A	40000	73092	26.908	12.834	26908	14074	32	111	0	13708	127	96	14015
7	7	B	40000	74947	25.053	11.275	25053	13778	0	0	0	13553	225	0	13779
7	7	cSpy was 6 spamed and the readout avoided!
