#the gain was set to: 2	the bias was set to: 30
#Sent triggers per delay setting: 100000	and with a frequency [Hz] of: 40000
#160MHz delay setting	400MHz delay setting	Frequency	correct transmitted H+T		error rate [%]	uncertainty [%]	bad or missed events	error count	missing headers	missing trailers	flipped H/T	event nr errors	tbm missed trigger	unknown errors	event nr resets
0	0	G	40000	403	99.597	74.1685	99597	18668	108	0	0	17634	295	631	18147
0	0	A	40000	611	99.389	98.272	99389	1117	74	0	0	181	251	611	611
0	0	B	40000	32384	67.616	50.065	67616	17551	34	0	0	17453	44	20	17536
0	0	cSpy was 29 spamed and the readout avoided!
0	1	G	40000	33163	66.837	49.071	66837	24078	523	0	0	22408	560	587	23663
0	1	A	40000	41125	58.875	48.613	58875	10262	271	0	0	9566	0	425	9998
0	1	B	40000	36655	63.345	49.529	63345	13816	252	0	0	12842	560	162	13665
0	2	G	40000	4269	95.731	79.623	95731	20067	78	2	0	17102	2521	364	19828
0	2	A	40000	9759	90.241	80.731	90241	9510	38	0	0	7599	1522	351	9293
0	2	B	40000	10928	89.072	78.515	89072	10557	40	2	0	9503	999	13	10535
0	2	cSpy was 4 spamed and the readout avoided!
0	3	G	40000	100000	0	0	0	0	0	0	0	0	0	0	2
0	3	A	40000	100000	0	0	0	0	0	0	0	0	0	0	1
0	3	B	40000	100000	0	0	0	0	0	0	0	0	0	0	1
0	4	G	40000	100000	0	0	0	0	0	0	0	0	0	0	2
0	4	A	40000	100000	0	0	0	0	0	0	0	0	0	0	1
0	4	B	40000	100000	0	0	0	0	0	0	0	0	0	0	1
0	5	G	40000	36157	63.843	43.3055	63843	28350	31	0	0	27765	175	379	28302
0	5	A	40000	44662	55.338	42.795	55338	12543	16	0	0	12123	36	368	12497
0	5	B	40000	40377	59.623	43.816	59623	15807	15	0	0	15642	139	11	15805
0	6	G	40000	2480	97.52	88.0235	97520	11993	178	2	0	9685	1616	512	11552
0	6	A	40000	4870	95.13	90.167	95130	4963	86	0	0	3561	931	385	4659
0	6	B	40000	7090	92.91	85.88	92910	7030	92	2	0	6124	685	127	6893
0	6	cSpy was 23 spamed and the readout avoided!
0	7	G	40000	74213	25.787	8.4805	25787	18665	8	0	0	15678	2963	16	18653
0	7	A	40000	85498	14.502	3.226	14502	11276	0	0	0	9211	2050	15	11271
0	7	B	40000	78876	21.124	13.735	21124	7389	8	0	0	6467	913	1	7382
1	0	G	40000	431	99.569	96.674	99569	3486	209	3	0	2449	488	337	3125
1	0	A	40000	1934	98.066	95.855	98066	2211	164	3	0	1565	178	301	1896
1	0	B	40000	1232	98.768	97.493	98768	1275	45	0	0	884	310	36	1229
1	0	cSpy was 26 spamed and the readout avoided!
1	1	G	40000	73968	26.032	9.7855	26032	18377	6	1	0	15412	2932	26	18361
1	1	A	40000	84366	15.634	3.917	15634	11717	0	0	0	9493	2206	18	11706
1	1	B	40000	77686	22.314	15.654	22314	6660	6	1	0	5919	726	8	6655
1	1	cSpy was 1 spamed and the readout avoided!
1	2	G	40000	100000	0	0	0	0	0	0	0	0	0	0	2
1	2	A	40000	100000	0	0	0	0	0	0	0	0	0	0	1
1	2	B	40000	100000	0	0	0	0	0	0	0	0	0	0	1
1	3	G	40000	93067	6.933	1.9485	6933	8435	0	0	0	8400	23	12	8437
1	3	A	40000	94129	5.871	1.842	5871	4029	0	0	0	3995	22	12	4030
1	3	B	40000	93539	6.461	2.055	6461	4406	0	0	0	4405	1	0	4407
1	4	G	40000	771	99.229	95.957	99229	4221	342	3	0	2533	1026	317	3787
1	4	A	40000	2376	97.624	95.166	97624	2458	98	1	0	1400	839	120	2308
1	4	B	40000	1489	98.511	96.748	98511	1763	244	2	0	1133	187	197	1479
1	4	cSpy was 39 spamed and the readout avoided!
1	5	G	40000	85264	14.736	2.775	14736	12891	1	0	0	11714	1172	4	12892
1	5	A	40000	92130	7.87	1.433	7870	6437	0	0	0	5934	499	4	6438
1	5	B	40000	89429	10.571	4.117	10571	6454	1	0	0	5780	673	0	6454
1	6	G	40000	100000	0	0	0	0	0	0	0	0	0	0	2
1	6	A	40000	100000	0	0	0	0	0	0	0	0	0	0	1
1	6	B	40000	100000	0	0	0	0	0	0	0	0	0	0	1
1	7	G	40000	99966	0.0339985	0.001	34	66	0	0	0	66	0	0	68
1	7	A	40000	99966	0.0339985	0.001	34	33	0	0	0	33	0	0	34
1	7	B	40000	99966	0.0339985	0.001	34	33	0	0	0	33	0	0	34
2	0	G	40000	2084	97.916	48.8935	97916	4364	37	0	0	4154	116	57	4302
2	0	A	40000	2137	97.863	95.69	97863	2173	37	0	0	1964	115	57	2110
2	0	B	40000	95712	4.288	2.097	4288	2191	0	0	0	2190	1	0	2192
2	0	cSpy was 1 spamed and the readout avoided!
2	1	G	40000	100000	0	0	0	0	0	0	0	0	0	0	2
2	1	A	40000	100000	0	0	0	0	0	0	0	0	0	0	1
2	1	B	40000	100000	0	0	0	0	0	0	0	0	0	0	1
2	2	G	40000	23075	76.925	53.713	76925	28134	884	9	0	25041	1409	791	27274
2	2	A	40000	35647	64.353	51.255	64353	13098	448	5	0	10829	1319	497	12619
2	2	B	40000	28793	71.207	56.171	71207	15036	436	4	0	14212	90	294	14655
2	2	cSpy was 1 spamed and the readout avoided!
2	3	G	40000	13161	86.839	64.8585	86839	26306	294	1	0	23073	2695	243	25956
2	3	A	40000	25478	74.522	58.065	74522	16457	67	0	0	14154	2111	125	16338
2	3	B	40000	18499	81.501	71.652	81501	9849	227	1	0	8919	584	118	9618
2	3	cSpy was 78 spamed and the readout avoided!
2	4	G	40000	100000	0	0	0	0	0	0	0	0	0	0	2
2	4	A	40000	100000	0	0	0	0	0	0	0	0	0	0	1
2	4	B	40000	100000	0	0	0	0	0	0	0	0	0	0	1
2	5	G	40000	100000	0	0	0	0	0	0	0	0	0	0	2
2	5	A	40000	100000	0	0	0	0	0	0	0	0	0	0	1
2	5	B	40000	100000	0	0	0	0	0	0	0	0	0	0	1
2	6	G	40000	27749	72.251	46.0305	72251	30235	101	0	0	28159	1548	427	30114
2	6	A	40000	42691	57.309	43.132	57309	14177	58	0	0	12240	1492	387	14086
2	6	B	40000	35013	64.987	48.929	64987	16058	43	0	0	15919	56	40	16028
2	7	G	40000	0	100	100	100000	200000	200000	200000	200000	200000	200000	200000	200002
2	7	A	40000	0	100	100	100000	100000	100000	100000	100000	100000	100000	100000	100001
2	7	B	40000	0	100	100	100000	100000	100000	100000	100000	100000	100000	100000	100001
3	0	G	40000	778	99.222	75.7735	99222	19552	259	1	1	18208	411	672	18989
3	0	A	40000	1360	98.64	96.761	98640	1879	185	0	0	1034	19	641	1355
3	0	B	40000	27541	72.459	54.786	72459	17673	74	1	1	17174	392	31	17634
3	0	cSpy was 14 spamed and the readout avoided!
3	1	G	40000	0	100	100	100000	200000	200000	200000	200000	200000	200000	200000	200002
3	1	A	40000	0	100	100	100000	100000	100000	100000	100000	100000	100000	100000	100001
3	1	B	40000	0	100	100	100000	100000	100000	100000	100000	100000	100000	100000	100001
3	2	G	40000	99873	0.127	0	127	254	0	0	0	254	0	0	256
3	2	A	40000	99873	0.127	0	127	127	0	0	0	127	0	0	128
3	2	B	40000	99873	0.127	0	127	127	0	0	0	127	0	0	128
3	3	G	40000	100000	0	0	0	0	0	0	0	0	0	0	2
3	3	A	40000	100000	0	0	0	0	0	0	0	0	0	0	1
3	3	B	40000	100000	0	0	0	0	0	0	0	0	0	0	1
3	4	G	40000	83375	16.625	8.986	16625	12126	51	1	0	11966	41	67	12057
3	4	A	40000	84866	15.134	9.138	15134	5996	24	1	0	5904	20	47	5952
3	4	B	40000	85036	14.964	8.834	14964	6130	27	0	0	6062	21	20	6105
3	5	G	40000	0	100	100	100000	200000	200000	200000	200000	200000	200000	200000	200002
3	5	A	40000	0	100	100	100000	100000	100000	100000	100000	100000	100000	100000	100001
3	5	B	40000	0	100	100	100000	100000	100000	100000	100000	100000	100000	100000	100001
3	6	G	40000	77347	22.653	5.6375	22653	29556	17	18	0	27923	1576	22	29544
3	6	A	40000	78770	21.23	5.597	21230	15633	1	0	0	14115	1507	10	15634
3	6	B	40000	80399	19.601	5.678	19601	13923	16	18	0	13808	69	12	13910
3	6	cSpy was 2 spamed and the readout avoided!
3	7	G	40000	100000	0	0	0	0	0	0	0	0	0	0	2
3	7	A	40000	100000	0	0	0	0	0	0	0	0	0	0	1
3	7	B	40000	100000	0	0	0	0	0	0	0	0	0	0	1
4	0	G	40000	0	100	100	100000	200000	200000	200000	200000	200000	200000	200000	200002
4	0	A	40000	0	100	100	100000	100000	100000	100000	100000	100000	100000	100000	100001
4	0	B	40000	0	100	100	100000	100000	100000	100000	100000	100000	100000	100000	100001
4	1	G	40000	100000	0	0	0	0	0	0	0	0	0	0	2
4	1	A	40000	100000	0	0	0	0	0	0	0	0	0	0	1
4	1	B	40000	100000	0	0	0	0	0	0	0	0	0	0	1
4	2	G	40000	100000	0	0	0	0	0	0	0	0	0	0	2
4	2	A	40000	100000	0	0	0	0	0	0	0	0	0	0	1
4	2	B	40000	100000	0	0	0	0	0	0	0	0	0	0	1
4	3	G	40000	20153	79.847	57.8665	79847	34372	749	0	0	32931	117	575	33362
4	3	A	40000	24660	75.34	58.147	75340	17193	366	0	0	16411	6	410	16522
4	3	B	40000	25235	74.765	57.586	74765	17179	383	0	0	16520	111	165	16840
4	3	cSpy was 8 spamed and the readout avoided!
4	4	G	40000	8182	91.818	69.7315	91818	29552	167	23	0	26439	2430	494	29210
4	4	A	40000	15217	84.783	70.129	84783	14654	70	13	0	12913	1229	430	14392
4	4	B	40000	15768	84.232	69.334	84232	14898	97	10	0	13526	1201	64	14818
4	4	cSpy was 30 spamed and the readout avoided!
4	5	G	40000	100000	0	0	0	0	0	0	0	0	0	0	2
4	5	A	40000	100000	0	0	0	0	0	0	0	0	0	0	1
4	5	B	40000	100000	0	0	0	0	0	0	0	0	0	0	1
4	6	G	40000	100000	0	0	0	0	0	0	0	0	0	0	2
4	6	A	40000	100000	0	0	0	0	0	0	0	0	0	0	1
4	6	B	40000	100000	0	0	0	0	0	0	0	0	0	0	1
4	7	G	40000	23114	76.886	53.6135	76886	36497	406	0	0	35703	14	374	35959
4	7	A	40000	28006	71.994	53.735	71994	18259	198	0	0	17786	3	272	17887
4	7	B	40000	28270	71.73	53.492	71730	18238	208	0	0	17917	11	102	18072
4	7	cSpy was 8 spamed and the readout avoided!
5	0	G	40000	486	99.514	58.1555	99514	16056	143	0	0	14962	98	853	15489
5	0	A	40000	588	99.412	98.258	99412	1154	143	0	0	74	85	852	588
5	0	B	40000	67045	32.955	18.053	32955	14902	0	0	0	14888	13	1	14901
5	0	cSpy was 60 spamed and the readout avoided!
5	1	G	40000	51840	48.16	24.2395	48160	36224	53	0	0	36083	5	83	36177
5	1	A	40000	57668	42.332	24.463	42332	17869	27	0	0	17759	5	78	17832
5	1	B	40000	57629	42.371	24.016	42371	18355	26	0	0	18324	0	5	18345
5	1	cSpy was 2 spamed and the readout avoided!
5	2	G	40000	18	99.982	98.883	99982	1408	28	0	0	540	179	661	824
5	2	A	40000	56	99.944	99.4	99944	544	0	0	0	5	0	539	56
5	2	B	40000	770	99.23	98.366	99230	864	28	0	0	535	179	122	768
5	2	cSpy was 24 spamed and the readout avoided!
5	3	G	40000	98810	1.19	0	1190	2379	0	0	0	2378	1	0	2381
5	3	A	40000	98810	1.19	0	1190	1190	0	0	0	1189	1	0	1191
5	3	B	40000	98811	1.189	0	1189	1189	0	0	0	1189	0	0	1190
5	4	G	40000	100000	0	0	0	0	0	0	0	0	0	0	2
5	4	A	40000	100000	0	0	0	0	0	0	0	0	0	0	1
5	4	B	40000	100000	0	0	0	0	0	0	0	0	0	0	1
5	5	G	40000	83246	16.754	6.543	16754	16108	5	2	0	16087	0	14	16106
5	5	A	40000	85357	14.643	6.707	14643	7936	3	0	0	7919	0	14	7934
5	5	B	40000	85449	14.551	6.379	14551	8172	2	2	0	8168	0	0	8172
5	5	cSpy was 1 spamed and the readout avoided!
5	6	G	40000	0	100	100	100000	200000	200000	200000	200000	200000	200000	200000	200002
5	6	A	40000	0	100	100	100000	100000	100000	100000	100000	100000	100000	100000	100001
5	6	B	40000	0	100	100	100000	100000	100000	100000	100000	100000	100000	100000	100001
5	7	G	40000	29614	70.386	24.1525	70386	59091	17	19	0	52535	6397	123	59029
5	7	A	40000	45121	54.879	25.617	54879	29262	17	19	0	25256	3847	123	29200
5	7	B	40000	47483	52.517	22.688	52517	29829	0	0	0	27279	2550	0	29829
5	7	cSpy was 2 spamed and the readout avoided!
6	0	G	40000	563	99.437	95.997	99437	4263	278	6	0	2137	1202	640	3734
6	0	A	40000	1290	98.71	96.997	98710	1713	148	3	0	170	800	592	1290
6	0	B	40000	2453	97.547	94.997	97547	2550	130	3	0	1967	402	48	2444
6	0	cSpy was 60 spamed and the readout avoided!
6	1	G	40000	16493	83.507	40.061	83507	56418	0	0	0	50105	6085	228	56316
6	1	A	40000	30246	69.754	42.802	69754	26952	0	0	0	23309	3419	224	26852
6	1	B	40000	33214	66.786	37.32	66786	29466	0	0	0	26796	2666	4	29464
6	1	cSpy was 4 spamed and the readout avoided!
6	2	G	40000	100000	0	0	0	0	0	0	0	0	0	0	2
6	2	A	40000	100000	0	0	0	0	0	0	0	0	0	0	1
6	2	B	40000	100000	0	0	0	0	0	0	0	0	0	0	1
6	3	G	40000	100000	0	0	0	0	0	0	0	0	0	0	2
6	3	A	40000	100000	0	0	0	0	0	0	0	0	0	0	1
6	3	B	40000	100000	0	0	0	0	0	0	0	0	0	0	1
6	4	G	40000	20392	79.608	58.675	79608	34234	807	0	0	32667	157	603	33147
6	4	A	40000	23921	76.079	58.961	76079	17118	389	0	0	16307	0	422	16401
6	4	B	40000	24495	75.505	58.389	75505	17116	418	0	0	16360	157	181	16746
6	4	cSpy was 8 spamed and the readout avoided!
6	5	G	40000	7207	92.793	83.263	92793	12491	128	4	2	10630	805	922	11818
6	5	A	40000	9881	90.119	84.237	90119	5882	12	1	0	4752	322	795	5358
6	5	B	40000	11102	88.898	82.289	88898	6609	116	3	2	5878	483	127	6460
6	5	cSpy was 50 spamed and the readout avoided!
6	6	G	40000	100000	0	0	0	0	0	0	0	0	0	0	2
6	6	A	40000	100000	0	0	0	0	0	0	0	0	0	0	1
6	6	B	40000	100000	0	0	0	0	0	0	0	0	0	0	1
6	7	G	40000	99999	0.00100136	0	1	2	0	0	0	2	0	0	4
6	7	A	40000	99999	0.00100136	0	1	1	0	0	0	1	0	0	2
6	7	B	40000	99999	0.00100136	0	1	1	0	0	0	1	0	0	2
7	0	G	40000	1768	98.232	48.277	98232	7498	221	0	0	6560	123	594	6984
7	0	A	40000	1856	98.144	95.794	98144	2350	221	0	0	1434	101	594	1835
7	0	B	40000	94092	5.908	0.76	5908	5148	0	0	0	5126	22	0	5149
7	0	cSpy was 4 spamed and the readout avoided!
7	1	G	40000	100000	0	0	0	0	0	0	0	0	0	0	2
7	1	A	40000	100000	0	0	0	0	0	0	0	0	0	0	1
7	1	B	40000	100000	0	0	0	0	0	0	0	0	0	0	1
7	2	G	40000	97951	2.049	0.2245	2049	3335	0	0	0	3316	16	3	3336
7	2	A	40000	98077	1.923	0.257	1923	1666	0	0	0	1649	14	3	1666
7	2	B	40000	98139	1.861	0.192	1861	1669	0	0	0	1667	2	0	1670
7	3	G	40000	0	100	100	100000	200000	200000	200000	200000	200000	200000	200000	200002
7	3	A	40000	0	100	100	100000	100000	100000	100000	100000	100000	100000	100000	100001
7	3	B	40000	0	100	100	100000	100000	100000	100000	100000	100000	100000	100000	100001
7	4	G	40000	61736	38.264	29.299	38264	15130	121	3	0	13477	1176	353	14868
7	4	A	40000	62351	37.649	29.603	37649	8046	9	0	0	6763	986	288	7889
7	4	B	40000	63921	36.079	28.995	36079	7084	112	3	0	6714	190	65	6979
7	4	cSpy was 52 spamed and the readout avoided!
7	5	G	40000	100000	0	0	0	0	0	0	0	0	0	0	2
7	5	A	40000	100000	0	0	0	0	0	0	0	0	0	0	1
7	5	B	40000	100000	0	0	0	0	0	0	0	0	0	0	1
7	6	G	40000	97715	2.285	0.618	2285	2206	3	1	0	2184	9	9	2208
7	6	A	40000	98229	1.771	0.688	1771	1083	3	1	0	1065	6	8	1084
7	6	B	40000	98329	1.671	0.548	1671	1123	0	0	0	1119	3	1	1124
7	7	G	40000	50360	49.64	22.003	49640	41797	14	25	0	40571	1022	165	41740
7	7	A	40000	56413	43.587	22.425	43587	21162	12	25	0	20521	439	165	21105
7	7	B	40000	57784	42.216	21.581	42216	20635	2	0	0	20050	583	0	20635
7	7	cSpy was 8 spamed and the readout avoided!
