#the gain was set to: 2	the bias was set to: 30
#Sent triggers per delay setting: 100000	and with a frequency [Hz] of: 40000
#160MHz delay setting	400MHz delay setting	Frequency	correct transmitted H+T		error rate [%]	uncertainty [%]	bad or missed events	error count	missing headers	missing trailers	flipped H/T	event nr errors	tbm missed trigger	unknown errors	event nr resets
0	0	G	40000	382	99.618	73.718	99618	18721	120	0	0	17656	268	677	18162
0	0	A	40000	589	99.411	98.273	99411	1138	100	0	0	149	233	656	589
0	0	B	40000	33254	66.746	49.163	66746	17583	20	0	0	17507	35	21	17573
0	0	cSpy was 26 spamed and the readout avoided!
0	1	G	40000	26656	73.344	52.472	73344	26750	250	1	0	25870	15	614	26529
0	1	A	40000	36866	63.134	51.793	63134	11341	125	0	0	10730	5	481	11200
0	1	B	40000	31440	68.56	53.151	68560	15409	125	1	0	15140	10	133	15329
0	2	G	40000	4086	95.914	80.3565	95914	19455	125	3	0	16180	2726	421	19153
0	2	A	40000	7907	92.093	84.33	92093	7763	79	0	0	5944	1338	402	7494
0	2	B	40000	11925	88.075	76.383	88075	11692	46	3	0	10236	1388	19	11659
0	2	cSpy was 9 spamed and the readout avoided!
0	3	G	40000	100000	0	0	0	0	0	0	0	0	0	0	2
0	3	A	40000	100000	0	0	0	0	0	0	0	0	0	0	1
0	3	B	40000	100000	0	0	0	0	0	0	0	0	0	0	1
0	4	G	40000	99999	0.00100136	0	1	2	0	0	0	2	0	0	4
0	4	A	40000	99999	0.00100136	0	1	1	0	0	0	1	0	0	2
0	4	B	40000	99999	0.00100136	0	1	1	0	0	0	1	0	0	2
0	5	G	40000	53062	46.938	29.837	46938	22527	19	0	0	22118	100	290	22469
0	5	A	40000	60436	39.564	29.361	39564	10203	12	0	0	9860	48	283	10149
0	5	B	40000	57363	42.637	30.313	42637	12324	7	0	0	12258	52	7	12320
0	6	G	40000	0	100	100	100000	200000	200000	200000	200000	200000	200000	200000	200002
0	6	A	40000	0	100	100	100000	100000	100000	100000	100000	100000	100000	100000	100001
0	6	B	40000	0	100	100	100000	100000	100000	100000	100000	100000	100000	100000	100001
0	7	G	40000	98437	1.563	0.3185	1563	2456	0	0	0	2453	3	0	2458
0	7	A	40000	98456	1.544	0.315	1544	1229	0	0	0	1228	1	0	1230
0	7	B	40000	98451	1.549	0.322	1549	1227	0	0	0	1225	2	0	1228
1	0	G	40000	302	99.698	97.634	99698	2576	186	2	0	1695	187	506	2133
1	0	A	40000	1415	98.585	96.804	98585	1781	164	2	0	1061	111	443	1393
1	0	B	40000	741	99.259	98.464	99259	795	22	0	0	634	76	63	740
1	0	cSpy was 23 spamed and the readout avoided!
1	1	G	40000	98287	1.713	0.3225	1713	2739	0	0	0	2732	7	0	2741
1	1	A	40000	98319	1.681	0.317	1681	1364	0	0	0	1362	2	0	1365
1	1	B	40000	98297	1.703	0.328	1703	1375	0	0	0	1370	5	0	1376
1	2	G	40000	100000	0	0	0	0	0	0	0	0	0	0	2
1	2	A	40000	100000	0	0	0	0	0	0	0	0	0	0	1
1	2	B	40000	100000	0	0	0	0	0	0	0	0	0	0	1
1	3	G	40000	94225	5.775	1.456	5775	6792	0	0	0	6756	30	6	6792
1	3	A	40000	95394	4.606	1.282	4606	3324	0	0	0	3298	20	6	3323
1	3	B	40000	94902	5.098	1.63	5098	3468	0	0	0	3458	10	0	3469
1	4	G	40000	404	99.596	97.3485	99596	2818	197	0	0	1133	1163	325	2471
1	4	A	40000	1373	98.627	97.127	98627	1500	51	0	0	496	818	135	1359
1	4	B	40000	1112	98.888	97.57	98888	1318	146	0	0	637	345	190	1112
1	4	cSpy was 25 spamed and the readout avoided!
1	5	G	40000	44873	55.127	20.468	55127	36972	11	0	0	31515	5424	22	36958
1	5	A	40000	66755	33.245	11.636	33245	21609	2	0	0	17830	3765	12	21603
1	5	B	40000	55337	44.663	29.3	44663	15363	9	0	0	13685	1659	10	15355
1	6	G	40000	100000	0	0	0	0	0	0	0	0	0	0	2
1	6	A	40000	100000	0	0	0	0	0	0	0	0	0	0	1
1	6	B	40000	100000	0	0	0	0	0	0	0	0	0	0	1
1	7	G	40000	99993	0.00699759	0	7	14	0	0	0	14	0	0	16
1	7	A	40000	99993	0.00699759	0	7	7	0	0	0	7	0	0	8
1	7	B	40000	99993	0.00699759	0	7	7	0	0	0	7	0	0	8
2	0	G	40000	2072	97.928	48.8215	97928	4250	55	1	0	3979	125	90	4138
2	0	A	40000	2119	97.881	95.677	97881	2204	55	1	0	1933	125	90	2091
2	0	B	40000	95988	4.012	1.966	4012	2046	0	0	0	2046	0	0	2047
2	1	G	40000	100000	0	0	0	0	0	0	0	0	0	0	2
2	1	A	40000	100000	0	0	0	0	0	0	0	0	0	0	1
2	1	B	40000	100000	0	0	0	0	0	0	0	0	0	0	1
2	2	G	40000	25430	74.57	50.931	74570	28450	748	7	0	25528	1453	714	27741
2	2	A	40000	38357	61.643	48.443	61643	13200	379	4	0	10934	1406	477	12795
2	2	B	40000	31331	68.669	53.419	68669	15250	369	3	0	14594	47	237	14946
2	3	G	40000	6628	93.372	65.4035	93372	33401	60	0	0	28804	4440	97	33329
2	3	A	40000	22869	77.131	55.753	77131	21378	2	0	0	18052	3253	71	21347
2	3	B	40000	12923	87.077	75.054	87077	12023	58	0	0	10752	1187	26	11982
2	3	cSpy was 6 spamed and the readout avoided!
2	4	G	40000	100000	0	0	0	0	0	0	0	0	0	0	2
2	4	A	40000	100000	0	0	0	0	0	0	0	0	0	0	1
2	4	B	40000	100000	0	0	0	0	0	0	0	0	0	0	1
2	5	G	40000	99991	0.0090003	0.001	9	14	0	0	0	14	0	0	16
2	5	A	40000	99992	0.00799894	0.001	8	7	0	0	0	7	0	0	8
2	5	B	40000	99992	0.00799894	0.001	8	7	0	0	0	7	0	0	8
2	6	G	40000	27282	72.718	46.7975	72718	29870	96	0	0	27810	1537	427	29763
2	6	A	40000	42114	57.886	43.93	57886	13956	56	0	0	12013	1497	390	13875
2	6	B	40000	34421	65.579	49.665	65579	15914	40	0	0	15797	40	37	15888
2	7	G	40000	0	100	100	100000	200000	200000	200000	200000	200000	200000	200000	200002
2	7	A	40000	0	100	100	100000	100000	100000	100000	100000	100000	100000	100000	100001
2	7	B	40000	0	100	100	100000	100000	100000	100000	100000	100000	100000	100000	100001
3	0	G	40000	693	99.307	78.524	99307	18236	271	1	0	16828	421	715	17610
3	0	A	40000	1271	98.729	96.888	98729	1841	200	0	0	929	28	684	1260
3	0	B	40000	23445	76.555	60.16	76555	16395	71	1	0	15899	393	31	16350
3	0	cSpy was 24 spamed and the readout avoided!
3	1	G	40000	0	100	100	100000	200000	200000	200000	200000	200000	200000	200000	200002
3	1	A	40000	0	100	100	100000	100000	100000	100000	100000	100000	100000	100000	100001
3	1	B	40000	0	100	100	100000	100000	100000	100000	100000	100000	100000	100000	100001
3	2	G	40000	99630	0.370002	0	370	740	0	0	0	740	0	0	742
3	2	A	40000	99630	0.370002	0	370	370	0	0	0	370	0	0	371
3	2	B	40000	99630	0.370002	0	370	370	0	0	0	370	0	0	371
3	3	G	40000	100000	0	0	0	0	0	0	0	0	0	0	2
3	3	A	40000	100000	0	0	0	0	0	0	0	0	0	0	1
3	3	B	40000	100000	0	0	0	0	0	0	0	0	0	0	1
3	4	G	40000	94004	5.996	1.0215	5996	9305	0	0	0	9293	10	2	9307
3	4	A	40000	94374	5.626	0.958	5626	4668	0	0	0	4657	10	1	4669
3	4	B	40000	94278	5.722	1.085	5722	4637	0	0	0	4636	0	1	4638
3	5	G	40000	0	100	100	100000	200000	200000	200000	200000	200000	200000	200000	200002
3	5	A	40000	0	100	100	100000	100000	100000	100000	100000	100000	100000	100000	100001
3	5	B	40000	0	100	100	100000	100000	100000	100000	100000	100000	100000	100000	100001
3	6	G	40000	69090	30.91	7.992	30910	36719	7	11	0	34222	2434	45	36695
3	6	A	40000	72673	27.327	7.903	27327	19424	3	0	0	17121	2289	11	19425
3	6	B	40000	74624	25.376	8.081	25376	17295	4	11	0	17101	145	34	17270
3	6	cSpy was 4 spamed and the readout avoided!
3	7	G	40000	100000	0	0	0	0	0	0	0	0	0	0	2
3	7	A	40000	100000	0	0	0	0	0	0	0	0	0	0	1
3	7	B	40000	100000	0	0	0	0	0	0	0	0	0	0	1
4	0	G	40000	890	99.11	67.583	99110	19752	244	0	0	16973	2049	486	19288
4	0	A	40000	1427	98.573	96.747	98573	1826	159	0	0	810	407	450	1425
4	0	B	40000	43655	56.345	38.419	56345	17926	85	0	0	16163	1642	36	17863
4	0	cSpy was 96 spamed and the readout avoided!
4	1	G	40000	100000	0	0	0	0	0	0	0	0	0	0	2
4	1	A	40000	100000	0	0	0	0	0	0	0	0	0	0	1
4	1	B	40000	100000	0	0	0	0	0	0	0	0	0	0	1
4	2	G	40000	100000	0	0	0	0	0	0	0	0	0	0	2
4	2	A	40000	100000	0	0	0	0	0	0	0	0	0	0	1
4	2	B	40000	100000	0	0	0	0	0	0	0	0	0	0	1
4	3	G	40000	20257	79.743	58.6985	79743	34291	811	0	0	32719	155	606	33203
4	3	A	40000	23863	76.137	58.959	76137	17178	392	0	0	16359	1	426	16455
4	3	B	40000	24449	75.551	58.438	75551	17113	419	0	0	16360	154	180	16748
4	3	cSpy was 8 spamed and the readout avoided!
4	4	G	40000	0	100	100	100000	200000	200000	200000	200000	200000	200000	200000	200002
4	4	A	40000	0	100	100	100000	100000	100000	100000	100000	100000	100000	100000	100001
4	4	B	40000	0	100	100	100000	100000	100000	100000	100000	100000	100000	100000	100001
4	5	G	40000	100000	0	0	0	0	0	0	0	0	0	0	2
4	5	A	40000	100000	0	0	0	0	0	0	0	0	0	0	1
4	5	B	40000	100000	0	0	0	0	0	0	0	0	0	0	1
4	6	G	40000	100000	0	0	0	0	0	0	0	0	0	0	2
4	6	A	40000	100000	0	0	0	0	0	0	0	0	0	0	1
4	6	B	40000	100000	0	0	0	0	0	0	0	0	0	0	1
4	7	G	40000	28937	71.063	50.821	71063	32378	430	0	0	31533	49	366	31802
4	7	A	40000	32813	67.187	50.991	67187	16196	208	0	0	15721	0	267	15800
4	7	B	40000	33167	66.833	50.651	66833	16182	222	0	0	15812	49	99	16002
4	7	cSpy was 8 spamed and the readout avoided!
5	0	G	40000	470	99.53	58.387	99530	16314	153	0	0	15210	131	820	15749
5	0	A	40000	594	99.406	98.247	99406	1159	153	0	0	64	124	818	594
5	0	B	40000	66318	33.682	18.527	33682	15155	0	0	0	15146	7	2	15155
5	0	cSpy was 71 spamed and the readout avoided!
5	1	G	40000	70997	29.003	12.378	29003	26144	7	0	0	26099	1	37	26133
5	1	A	40000	74525	25.475	12.59	25475	12885	4	0	0	12845	1	35	12874
5	1	B	40000	74575	25.425	12.166	25425	13259	3	0	0	13254	0	2	13259
5	1	cSpy was 1 spamed and the readout avoided!
5	2	G	40000	42	99.958	98.6235	99958	1781	50	0	0	739	79	913	967
5	2	A	40000	99	99.901	99.11	99901	791	3	0	0	8	1	779	98
5	2	B	40000	873	99.127	98.137	99127	990	47	0	0	731	78	134	869
5	2	cSpy was 31 spamed and the readout avoided!
5	3	G	40000	98276	1.724	0	1724	3440	0	0	0	3434	6	0	3442
5	3	A	40000	98276	1.724	0	1724	1724	0	0	0	1718	6	0	1725
5	3	B	40000	98284	1.716	0	1716	1716	0	0	0	1716	0	0	1717
5	4	G	40000	100000	0	0	0	0	0	0	0	0	0	0	2
5	4	A	40000	100000	0	0	0	0	0	0	0	0	0	0	1
5	4	B	40000	100000	0	0	0	0	0	0	0	0	0	0	1
5	5	G	40000	86602	13.398	3.752	13398	16183	0	0	0	16178	0	5	16185
5	5	A	40000	88061	11.939	3.932	11939	8007	0	0	0	8002	0	5	8008
5	5	B	40000	88252	11.748	3.572	11748	8176	0	0	0	8176	0	0	8177
5	6	G	40000	25	99.975	97.749	99975	2388	227	2	0	1052	864	243	2099
5	6	A	40000	58	99.942	99.8	99942	142	0	0	0	19	6	117	58
5	6	B	40000	2056	97.944	95.698	97944	2246	227	2	0	1033	858	126	2041
5	6	cSpy was 57 spamed and the readout avoided!
5	7	G	40000	32474	67.526	16.284	67526	65946	11	18	0	58268	7499	150	65868
5	7	A	40000	49407	50.593	18.025	50593	32568	11	18	0	27882	4509	148	32491
5	7	B	40000	52079	47.921	14.543	47921	33378	0	0	0	30386	2990	2	33377
5	7	cSpy was 2 spamed and the readout avoided!
6	0	G	40000	506	99.494	96.613	99494	3699	351	2	0	1741	973	632	3066
6	0	A	40000	1138	98.862	97.261	98862	1601	186	0	0	260	632	523	1138
6	0	B	40000	1937	98.063	95.965	98063	2098	165	2	0	1481	341	109	1928
6	0	cSpy was 77 spamed and the readout avoided!
6	1	G	40000	15327	84.673	42.549	84673	54476	4	0	0	48300	5909	263	54340
6	1	A	40000	28720	71.28	45.295	71280	25985	0	0	0	22429	3295	261	25853
6	1	B	40000	31706	68.294	39.803	68294	28491	4	0	0	25871	2614	2	28487
6	1	cSpy was 2 spamed and the readout avoided!
6	2	G	40000	100000	0	0	0	0	0	0	0	0	0	0	2
6	2	A	40000	100000	0	0	0	0	0	0	0	0	0	0	1
6	2	B	40000	100000	0	0	0	0	0	0	0	0	0	0	1
6	3	G	40000	100000	0	0	0	0	0	0	0	0	0	0	2
6	3	A	40000	100000	0	0	0	0	0	0	0	0	0	0	1
6	3	B	40000	100000	0	0	0	0	0	0	0	0	0	0	1
6	4	G	40000	20436	79.564	58.6325	79564	34272	806	0	0	32709	164	593	33203
6	4	A	40000	23942	76.058	58.914	76058	17144	388	0	0	16336	0	420	16431
6	4	B	40000	24521	75.479	58.351	75479	17128	418	0	0	16373	164	173	16772
6	4	cSpy was 8 spamed and the readout avoided!
6	5	G	40000	4561	95.439	86.8205	95439	11269	212	8	0	9560	677	813	10709
6	5	A	40000	6974	93.026	87.834	93026	5192	15	0	0	4192	299	687	4819
6	5	B	40000	8116	91.884	85.807	91884	6077	197	8	0	5368	378	126	5890
6	5	cSpy was 88 spamed and the readout avoided!
6	6	G	40000	100000	0	0	0	0	0	0	0	0	0	0	2
6	6	A	40000	100000	0	0	0	0	0	0	0	0	0	0	1
6	6	B	40000	100000	0	0	0	0	0	0	0	0	0	0	1
6	7	G	40000	100000	0	0	0	0	0	0	0	0	0	0	2
6	7	A	40000	100000	0	0	0	0	0	0	0	0	0	0	1
6	7	B	40000	100000	0	0	0	0	0	0	0	0	0	0	1
7	0	G	40000	1809	98.191	48.26	98191	3468	193	0	0	2645	85	545	3002
7	0	A	40000	1824	98.176	95.899	98176	2277	193	0	0	1454	85	545	1810
7	0	B	40000	98188	1.812	0.621	1812	1191	0	0	0	1191	0	0	1192
7	0	cSpy was 2 spamed and the readout avoided!
7	1	G	40000	100000	0	0	0	0	0	0	0	0	0	0	2
7	1	A	40000	100000	0	0	0	0	0	0	0	0	0	0	1
7	1	B	40000	100000	0	0	0	0	0	0	0	0	0	0	1
7	2	G	40000	98004	1.996	0.3305	1996	2721	0	0	0	2704	15	2	2723
7	2	A	40000	98271	1.729	0.371	1729	1358	0	0	0	1346	10	2	1359
7	2	B	40000	98347	1.653	0.29	1653	1363	0	0	0	1358	5	0	1364
7	3	G	40000	0	100	100	100000	200000	200000	200000	200000	200000	200000	200000	200002
7	3	A	40000	0	100	100	100000	100000	100000	100000	100000	100000	100000	100000	100001
7	3	B	40000	0	100	100	100000	100000	100000	100000	100000	100000	100000	100000	100001
7	4	G	40000	83603	16.397	2.986	16397	23808	0	0	0	21831	1952	25	23810
7	4	A	40000	84011	15.989	2.99	15989	12999	0	0	0	11279	1695	25	13000
7	4	B	40000	86209	13.791	2.982	13791	10809	0	0	0	10552	257	0	10810
7	5	G	40000	100000	0	0	0	0	0	0	0	0	0	0	2
7	5	A	40000	100000	0	0	0	0	0	0	0	0	0	0	1
7	5	B	40000	100000	0	0	0	0	0	0	0	0	0	0	1
7	6	G	40000	99893	0.107002	0	107	214	0	0	0	214	0	0	216
7	6	A	40000	99893	0.107002	0	107	107	0	0	0	107	0	0	108
7	6	B	40000	99893	0.107002	0	107	107	0	0	0	107	0	0	108
7	7	G	40000	44076	55.924	27.9315	55924	42890	19	0	0	41372	1323	176	42808
7	7	A	40000	49987	50.013	28.407	50013	21606	4	0	0	20848	585	169	21536
7	7	B	40000	51260	48.74	27.456	48740	21284	15	0	0	20524	738	7	21272
7	7	cSpy was 11 spamed and the readout avoided!
