#the gain was set to: 2	the bias was set to: 30
#Sent triggers per delay setting: 100000	and with a frequency [Hz] of: 40000
#160MHz delay setting	400MHz delay setting	Frequency	correct transmitted H+T		error rate [%]	uncertainty [%]	bad or missed events	error count	missing headers	missing trailers	flipped H/T	event nr errors	tbm missed trigger	unknown errors	event nr resets
0	0	G	40000	392	99.608	73.993	99608	18731	113	0	0	17671	295	652	18201
0	0	A	40000	610	99.39	98.267	99390	1123	90	0	0	159	242	632	610
0	0	B	40000	32673	67.327	49.719	67327	17608	23	0	0	17512	53	20	17591
0	0	cSpy was 27 spamed and the readout avoided!
0	1	G	40000	35889	64.111	46.6235	64111	23305	235	0	0	22201	399	470	23131
0	1	A	40000	43930	56.07	46.097	56070	9973	126	0	0	9455	0	392	9845
0	1	B	40000	39518	60.482	47.15	60482	13332	109	0	0	12746	399	78	13286
0	2	G	40000	3681	96.319	81.98	96319	17822	74	4	0	15143	2197	404	17536
0	2	A	40000	7570	92.43	84.925	92430	7505	39	0	0	5830	1245	391	7241
0	2	B	40000	10648	89.352	79.035	89352	10317	35	4	0	9313	952	13	10295
0	2	cSpy was 3 spamed and the readout avoided!
0	3	G	40000	100000	0	0	0	0	0	0	0	0	0	0	2
0	3	A	40000	100000	0	0	0	0	0	0	0	0	0	0	1
0	3	B	40000	100000	0	0	0	0	0	0	0	0	0	0	1
0	4	G	40000	100000	0	0	0	0	0	0	0	0	0	0	2
0	4	A	40000	100000	0	0	0	0	0	0	0	0	0	0	1
0	4	B	40000	100000	0	0	0	0	0	0	0	0	0	0	1
0	5	G	40000	40618	59.382	38.6345	59382	28974	27	0	0	28476	154	317	28929
0	5	A	40000	48910	51.09	38.176	51090	12914	16	0	0	12552	33	313	12870
0	5	B	40000	44847	55.153	39.093	55153	16060	11	0	0	15924	121	4	16059
0	6	G	40000	2338	97.662	89.9255	97662	10126	345	16	0	7614	1759	392	9649
0	6	A	40000	4866	95.134	90.202	95134	4932	151	0	0	3398	1110	273	4645
0	6	B	40000	5157	94.843	89.649	94843	5194	194	16	0	4216	649	119	5004
0	6	cSpy was 28 spamed and the readout avoided!
0	7	G	40000	80331	19.669	5.018	19669	15079	4	0	0	12845	2219	11	15076
0	7	A	40000	89941	10.059	1.906	10059	8153	0	0	0	6873	1269	11	8154
0	7	B	40000	84944	15.056	8.13	15056	6926	4	0	0	5972	950	0	6922
1	0	G	40000	292	99.708	97.621	99708	2600	138	0	0	1417	538	507	2140
1	0	A	40000	997	99.003	97.614	99003	1389	112	0	0	689	137	451	984
1	0	B	40000	1161	98.839	97.628	98839	1211	26	0	0	728	401	56	1156
1	0	cSpy was 33 spamed and the readout avoided!
1	1	G	40000	70979	29.021	10.988	29021	20830	5	2	0	17615	3180	28	20813
1	1	A	40000	82250	17.75	4.558	17750	13192	0	0	0	10784	2387	21	13184
1	1	B	40000	74944	25.056	17.418	25056	7638	5	2	0	6831	793	7	7629
1	1	cSpy was 2 spamed and the readout avoided!
1	2	G	40000	100000	0	0	0	0	0	0	0	0	0	0	2
1	2	A	40000	100000	0	0	0	0	0	0	0	0	0	0	1
1	2	B	40000	100000	0	0	0	0	0	0	0	0	0	0	1
1	3	G	40000	96924	3.076	0.6385	3076	4394	0	0	0	4388	4	2	4396
1	3	A	40000	97277	2.723	0.605	2723	2118	0	0	0	2112	4	2	2119
1	3	B	40000	97052	2.948	0.672	2948	2276	0	0	0	2276	0	0	2277
1	4	G	40000	652	99.348	96.536	99348	3624	291	1	0	1972	1052	308	3254
1	4	A	40000	1992	98.008	95.912	98008	2096	95	0	0	1033	846	122	1945
1	4	B	40000	1312	98.688	97.16	98688	1528	196	1	0	939	206	186	1309
1	4	cSpy was 28 spamed and the readout avoided!
1	5	G	40000	60916	39.084	9.626	39084	29130	6	0	0	24781	4326	17	29126
1	5	A	40000	81011	18.989	3.756	18989	15233	0	0	0	12956	2260	17	15234
1	5	B	40000	70607	29.393	15.496	29393	13897	6	0	0	11825	2066	0	13892
1	6	G	40000	100000	0	0	0	0	0	0	0	0	0	0	2
1	6	A	40000	100000	0	0	0	0	0	0	0	0	0	0	1
1	6	B	40000	100000	0	0	0	0	0	0	0	0	0	0	1
1	7	G	40000	99999	0.00100136	0	1	2	0	0	0	2	0	0	4
1	7	A	40000	99999	0.00100136	0	1	1	0	0	0	1	0	0	2
1	7	B	40000	99999	0.00100136	0	1	1	0	0	0	1	0	0	2
2	0	G	40000	2004	97.996	48.95	97996	4293	46	0	0	4053	123	71	4203
2	0	A	40000	2059	97.941	95.809	97941	2132	46	0	0	1892	123	71	2041
2	0	B	40000	95748	4.252	2.091	4252	2161	0	0	0	2161	0	0	2162
2	1	G	40000	99938	0.0620008	0.009	62	74	0	0	0	73	1	0	76
2	1	A	40000	99960	0.0400007	0.005	40	35	0	0	0	34	1	0	36
2	1	B	40000	99948	0.0519991	0.013	52	39	0	0	0	39	0	0	40
2	2	G	40000	23677	76.323	52.9455	76323	28287	915	9	0	25150	1449	764	27434
2	2	A	40000	36378	63.622	50.492	63622	13130	462	4	0	10800	1363	501	12642
2	2	B	40000	29444	70.556	55.399	70556	15157	453	5	0	14350	86	263	14792
2	3	G	40000	8949	91.051	69.571	91051	24610	102	0	0	21293	3051	164	24439
2	3	A	40000	22148	77.852	62.401	77852	15451	54	0	0	13043	2250	104	15341
2	3	B	40000	14100	85.9	76.741	85900	9159	48	0	0	8250	801	60	9098
2	3	cSpy was 6 spamed and the readout avoided!
2	4	G	40000	99821	0.178999	0.051	179	256	0	0	0	256	0	0	258
2	4	A	40000	99821	0.178999	0.051	179	128	0	0	0	128	0	0	129
2	4	B	40000	99821	0.178999	0.051	179	128	0	0	0	128	0	0	129
2	5	G	40000	100000	0	0	0	0	0	0	0	0	0	0	2
2	5	A	40000	100000	0	0	0	0	0	0	0	0	0	0	1
2	5	B	40000	100000	0	0	0	0	0	0	0	0	0	0	1
2	6	G	40000	36550	63.45	41.5665	63450	25436	123	2	0	23593	1319	399	25312
2	6	A	40000	49039	50.961	39.107	50961	11854	71	0	0	10119	1301	363	11760
2	6	B	40000	42392	57.608	44.026	57608	13582	52	2	0	13474	18	36	13552
2	7	G	40000	0	100	100	100000	200000	200000	200000	200000	200000	200000	200000	200002
2	7	A	40000	0	100	100	100000	100000	100000	100000	100000	100000	100000	100000	100001
2	7	B	40000	0	100	100	100000	100000	100000	100000	100000	100000	100000	100000	100001
3	0	G	40000	933	99.067	71.5825	99067	15287	259	2	0	14045	308	673	14692
3	0	A	40000	1374	98.626	96.721	98626	1905	195	0	0	1036	31	643	1361
3	0	B	40000	40174	59.826	46.444	59826	13382	64	2	0	13009	277	30	13331
3	0	cSpy was 10 spamed and the readout avoided!
3	1	G	40000	0	100	100	100000	200000	200000	200000	200000	200000	200000	200000	200002
3	1	A	40000	0	100	100	100000	100000	100000	100000	100000	100000	100000	100000	100001
3	1	B	40000	0	100	100	100000	100000	100000	100000	100000	100000	100000	100000	100001
3	2	G	40000	99738	0.261998	0	262	523	0	0	0	523	0	0	525
3	2	A	40000	99738	0.261998	0	262	262	0	0	0	262	0	0	263
3	2	B	40000	99739	0.261003	0	261	261	0	0	0	261	0	0	262
3	3	G	40000	100000	0	0	0	0	0	0	0	0	0	0	2
3	3	A	40000	100000	0	0	0	0	0	0	0	0	0	0	1
3	3	B	40000	100000	0	0	0	0	0	0	0	0	0	0	1
3	4	G	40000	94868	5.132	0.7225	5132	8353	0	0	0	8347	5	1	8355
3	4	A	40000	95146	4.854	0.668	4854	4186	0	0	0	4181	4	1	4187
3	4	B	40000	95056	4.944	0.777	4944	4167	0	0	0	4166	1	0	4168
3	5	G	40000	0	100	100	100000	200000	200000	200000	200000	200000	200000	200000	200002
3	5	A	40000	0	100	100	100000	100000	100000	100000	100000	100000	100000	100000	100001
3	5	B	40000	0	100	100	100000	100000	100000	100000	100000	100000	100000	100000	100001
3	6	G	40000	69305	30.695	7.996	30695	36469	12	3	0	34015	2397	42	36446
3	6	A	40000	72771	27.229	7.909	27229	19320	4	0	0	17042	2260	14	19320
3	6	B	40000	74768	25.232	8.083	25232	17149	8	3	0	16973	137	28	17126
3	6	cSpy was 3 spamed and the readout avoided!
3	7	G	40000	100000	0	0	0	0	0	0	0	0	0	0	2
3	7	A	40000	100000	0	0	0	0	0	0	0	0	0	0	1
3	7	B	40000	100000	0	0	0	0	0	0	0	0	0	0	1
4	0	G	40000	1077	98.923	60.5805	98923	29412	97	0	0	26719	2453	143	29249
4	0	A	40000	1674	98.326	96.506	98326	1820	81	0	0	1012	585	142	1663
4	0	B	40000	47753	52.247	24.655	52247	27592	16	0	0	25707	1868	1	27586
4	0	cSpy was 2 spamed and the readout avoided!
4	1	G	40000	100000	0	0	0	0	0	0	0	0	0	0	2
4	1	A	40000	100000	0	0	0	0	0	0	0	0	0	0	1
4	1	B	40000	100000	0	0	0	0	0	0	0	0	0	0	1
4	2	G	40000	97476	2.524	0.7565	2524	2820	0	0	0	2815	4	1	2822
4	2	A	40000	97820	2.18	0.79	2180	1390	0	0	0	1385	4	1	1391
4	2	B	40000	97847	2.153	0.723	2153	1430	0	0	0	1430	0	0	1431
4	3	G	40000	21866	78.134	56.254	78134	35081	677	0	0	33806	94	504	34200
4	3	A	40000	25967	74.033	56.48	74033	17553	329	0	0	16858	1	365	16959
4	3	B	40000	26444	73.556	56.028	73556	17528	348	0	0	16948	93	139	17241
4	3	cSpy was 9 spamed and the readout avoided!
4	4	G	40000	2927	97.073	88.222	97073	11847	306	19	1	10259	779	484	11357
4	4	A	40000	5535	94.465	88.722	94465	5743	161	11	1	4782	403	386	5386
4	4	B	40000	6174	93.826	87.722	93826	6104	145	8	0	5477	376	98	5971
4	4	cSpy was 54 spamed and the readout avoided!
4	5	G	40000	99812	0.187999	0	188	376	0	0	0	376	0	0	378
4	5	A	40000	99812	0.187999	0	188	188	0	0	0	188	0	0	189
4	5	B	40000	99812	0.187999	0	188	188	0	0	0	188	0	0	189
4	6	G	40000	100000	0	0	0	0	0	0	0	0	0	0	2
4	6	A	40000	100000	0	0	0	0	0	0	0	0	0	0	1
4	6	B	40000	100000	0	0	0	0	0	0	0	0	0	0	1
4	7	G	40000	40479	59.521	39.5625	59521	31235	265	0	0	30723	16	231	30916
4	7	A	40000	44755	55.245	39.664	55245	15581	129	0	0	15276	2	174	15362
4	7	B	40000	44885	55.115	39.461	55115	15654	136	0	0	15447	14	57	15554
4	7	cSpy was 7 spamed and the readout avoided!
5	0	G	40000	454	99.546	58.424	99546	16375	137	0	0	15284	110	844	15811
5	0	A	40000	587	99.413	98.262	99413	1151	137	0	0	75	98	841	587
5	0	B	40000	66190	33.81	18.586	33810	15224	0	0	0	15209	12	3	15224
5	0	cSpy was 73 spamed and the readout avoided!
5	1	G	40000	76263	23.737	9.459	23737	22273	2	2	0	22229	4	36	22267
5	1	A	40000	79357	20.643	9.658	20643	10985	1	1	0	10947	4	32	10982
5	1	B	40000	79452	20.548	9.26	20548	11288	1	1	0	11282	0	4	11285
5	1	cSpy was 2 spamed and the readout avoided!
5	2	G	40000	42	99.958	98.8015	99958	1531	37	0	0	661	61	772	861
5	2	A	40000	103	99.897	99.213	99897	684	2	0	0	11	0	671	103
5	2	B	40000	763	99.237	98.39	99237	847	35	0	0	650	61	101	758
5	2	cSpy was 17 spamed and the readout avoided!
5	3	G	40000	98201	1.799	0.001	1799	3586	0	0	0	3576	10	0	3588
5	3	A	40000	98201	1.799	0.001	1799	1798	0	0	0	1788	10	0	1799
5	3	B	40000	98211	1.789	0.001	1789	1788	0	0	0	1788	0	0	1789
5	4	G	40000	100000	0	0	0	0	0	0	0	0	0	0	2
5	4	A	40000	100000	0	0	0	0	0	0	0	0	0	0	1
5	4	B	40000	100000	0	0	0	0	0	0	0	0	0	0	1
5	5	G	40000	86616	13.384	3.6975	13384	16105	2	0	0	16093	0	10	16106
5	5	A	40000	88140	11.86	3.892	11860	7968	1	0	0	7957	0	10	7968
5	5	B	40000	88360	11.64	3.503	11640	8137	1	0	0	8136	0	0	8138
5	5	cSpy was 1 spamed and the readout avoided!
5	6	G	40000	6	99.994	97.7365	99994	2369	190	0	0	844	1197	138	2157
5	6	A	40000	13	99.987	99.937	99987	50	0	0	0	0	2	48	13
5	6	B	40000	2145	97.855	95.536	97855	2319	190	0	0	844	1195	90	2144
5	6	cSpy was 42 spamed and the readout avoided!
5	7	G	40000	30563	69.437	17.724	69437	66242	16	23	0	58434	7618	151	66165
5	7	A	40000	47895	52.105	19.609	52105	32496	16	23	0	27776	4530	151	32418
5	7	B	40000	50415	49.585	15.839	49585	33746	0	0	0	30658	3088	0	33747
5	7	cSpy was 2 spamed and the readout avoided!
6	0	G	40000	482	99.518	96.7705	99518	3528	382	2	0	1621	933	590	2918
6	0	A	40000	1107	98.893	97.349	98893	1544	199	0	0	265	596	484	1107
6	0	B	40000	1824	98.176	96.192	98176	1984	183	2	0	1356	337	106	1811
6	0	cSpy was 81 spamed and the readout avoided!
6	1	G	40000	14134	85.866	45.6355	85866	51941	5	0	0	46466	5188	282	51806
6	1	A	40000	26880	73.12	48.379	73120	24741	0	0	0	21610	2853	278	24609
6	1	B	40000	29908	70.092	42.892	70092	27200	5	0	0	24856	2335	4	27197
6	1	cSpy was 2 spamed and the readout avoided!
6	2	G	40000	100000	0	0	0	0	0	0	0	0	0	0	2
6	2	A	40000	100000	0	0	0	0	0	0	0	0	0	0	1
6	2	B	40000	100000	0	0	0	0	0	0	0	0	0	0	1
6	3	G	40000	100000	0	0	0	0	0	0	0	0	0	0	2
6	3	A	40000	100000	0	0	0	0	0	0	0	0	0	0	1
6	3	B	40000	100000	0	0	0	0	0	0	0	0	0	0	1
6	4	G	40000	19637	80.363	58.9525	80363	33998	812	0	0	32453	138	595	32915
6	4	A	40000	23741	76.259	59.248	76259	17011	397	0	0	16190	0	424	16281
6	4	B	40000	24356	75.644	58.657	75644	16987	415	0	0	16263	138	171	16634
6	4	cSpy was 7 spamed and the readout avoided!
6	5	G	40000	4744	95.256	86.8	95256	11125	173	4	0	9439	649	860	10559
6	5	A	40000	7056	92.944	87.839	92944	5105	12	1	0	4121	278	693	4738
6	5	B	40000	8219	91.781	85.761	91781	6020	161	3	0	5318	371	167	5821
6	5	cSpy was 89 spamed and the readout avoided!
6	6	G	40000	100000	0	0	0	0	0	0	0	0	0	0	2
6	6	A	40000	100000	0	0	0	0	0	0	0	0	0	0	1
6	6	B	40000	100000	0	0	0	0	0	0	0	0	0	0	1
6	7	G	40000	100000	0	0	0	0	0	0	0	0	0	0	2
6	7	A	40000	100000	0	0	0	0	0	0	0	0	0	0	1
6	7	B	40000	100000	0	0	0	0	0	0	0	0	0	0	1
7	0	G	40000	1718	98.282	48.362	98282	3531	214	0	0	2648	91	578	3029
7	0	A	40000	1735	98.265	96.035	98265	2230	214	0	0	1347	91	578	1727
7	0	B	40000	98010	1.99	0.689	1990	1301	0	0	0	1301	0	0	1302
7	1	G	40000	100000	0	0	0	0	0	0	0	0	0	0	2
7	1	A	40000	100000	0	0	0	0	0	0	0	0	0	0	1
7	1	B	40000	100000	0	0	0	0	0	0	0	0	0	0	1
7	2	G	40000	97061	2.939	0.7145	2939	3308	1	7	0	3274	23	3	3310
7	2	A	40000	97570	2.43	0.786	2430	1644	1	7	0	1623	10	3	1645
7	2	B	40000	97693	2.307	0.643	2307	1664	0	0	0	1651	13	0	1665
7	2	cSpy was 1 spamed and the readout avoided!
7	3	G	40000	0	100	100	100000	200000	200000	200000	200000	200000	200000	200000	200002
7	3	A	40000	0	100	100	100000	100000	100000	100000	100000	100000	100000	100000	100001
7	3	B	40000	0	100	100	100000	100000	100000	100000	100000	100000	100000	100000	100001
7	4	G	40000	86108	13.892	2.3705	13892	20599	0	0	0	18887	1690	22	20601
7	4	A	40000	86400	13.6	2.373	13600	11227	0	0	0	9730	1475	22	11228
7	4	B	40000	88260	11.74	2.368	11740	9372	0	0	0	9157	215	0	9373
7	5	G	40000	100000	0	0	0	0	0	0	0	0	0	0	2
7	5	A	40000	100000	0	0	0	0	0	0	0	0	0	0	1
7	5	B	40000	100000	0	0	0	0	0	0	0	0	0	0	1
7	6	G	40000	99952	0.0479996	0.002	48	92	0	0	0	92	0	0	94
7	6	A	40000	99952	0.0479996	0.002	48	46	0	0	0	46	0	0	47
7	6	B	40000	99952	0.0479996	0.002	48	46	0	0	0	46	0	0	47
7	7	G	40000	48532	51.468	23.2915	51468	41764	12	18	0	40397	1121	216	41665
7	7	A	40000	55091	44.909	23.775	44909	21134	9	18	0	20398	493	216	21034
7	7	B	40000	56562	43.438	22.808	43438	20630	3	0	0	19999	628	0	20631
7	7	cSpy was 8 spamed and the readout avoided!
