#the gain was set to: 2	the bias was set to: 30
#Sent triggers per delay setting: 100000	and with a frequency [Hz] of: 40000
#160MHz delay setting	400MHz delay setting	Frequency	correct transmitted H+T		error rate [%]	uncertainty [%]	bad or missed events	error count	missing headers	missing trailers	flipped H/T	event nr errors	tbm missed trigger	unknown errors	event nr resets
0	0	G	40000	385	99.615	74.039	99615	18643	90	0	0	17616	308	629	18103
0	0	A	40000	587	99.413	98.294	99413	1119	78	0	0	171	252	618	587
0	0	B	40000	32692	67.308	49.784	67308	17524	12	0	0	17445	56	11	17516
0	0	cSpy was 30 spamed and the readout avoided!
0	1	G	40000	28717	71.283	52.4695	71283	25088	456	0	0	23467	557	608	24736
0	1	A	40000	37413	62.587	51.92	62587	10667	235	0	0	9981	0	451	10436
0	1	B	40000	32560	67.44	53.019	67440	14421	221	0	0	13486	557	157	14300
0	2	G	40000	4214	95.786	80.4835	95786	19276	108	4	0	16349	2410	405	18973
0	2	A	40000	8843	91.157	82.428	91157	8729	63	0	0	6820	1463	383	8464
0	2	B	40000	10914	89.086	78.539	89086	10547	45	4	0	9529	947	22	10509
0	2	cSpy was 9 spamed and the readout avoided!
0	3	G	40000	100000	0	0	0	0	0	0	0	0	0	0	2
0	3	A	40000	100000	0	0	0	0	0	0	0	0	0	0	1
0	3	B	40000	100000	0	0	0	0	0	0	0	0	0	0	1
0	4	G	40000	100000	0	0	0	0	0	0	0	0	0	0	2
0	4	A	40000	100000	0	0	0	0	0	0	0	0	0	0	1
0	4	B	40000	100000	0	0	0	0	0	0	0	0	0	0	1
0	5	G	40000	55443	44.557	27.3755	44557	24622	11	0	0	24259	114	238	24590
0	5	A	40000	61835	38.165	27.015	38165	11150	8	0	0	10868	38	236	11117
0	5	B	40000	58792	41.208	27.736	41208	13472	3	0	0	13391	76	2	13473
0	6	G	40000	2401	97.599	88.917	97599	11006	194	8	0	8982	1484	338	10686
0	6	A	40000	4755	95.245	90.509	95245	4736	96	0	0	3454	897	289	4498
0	6	B	40000	6405	93.595	87.325	93595	6270	98	8	0	5528	587	49	6188
0	6	cSpy was 12 spamed and the readout avoided!
0	7	G	40000	99696	0.304002	0.001	304	606	0	0	0	606	0	0	608
0	7	A	40000	99696	0.304002	0.001	304	303	0	0	0	303	0	0	304
0	7	B	40000	99696	0.304002	0.001	304	303	0	0	0	303	0	0	304
1	0	G	40000	244	99.756	97.76	99756	2401	183	0	0	1716	159	343	2049
1	0	A	40000	1483	98.517	96.737	98517	1780	163	0	0	1206	106	305	1457
1	0	B	40000	596	99.404	98.783	99404	621	20	0	0	510	53	38	592
1	0	cSpy was 27 spamed and the readout avoided!
1	1	G	40000	99521	0.479001	0.0015	479	954	0	0	0	954	0	0	956
1	1	A	40000	99522	0.477999	0.001	478	477	0	0	0	477	0	0	478
1	1	B	40000	99521	0.479001	0.002	479	477	0	0	0	477	0	0	478
1	2	G	40000	100000	0	0	0	0	0	0	0	0	0	0	2
1	2	A	40000	100000	0	0	0	0	0	0	0	0	0	0	1
1	2	B	40000	100000	0	0	0	0	0	0	0	0	0	0	1
1	3	G	40000	95186	4.814	1.0125	4814	6841	0	0	0	6833	5	3	6842
1	3	A	40000	95772	4.228	0.959	4228	3269	0	0	0	3261	5	3	3269
1	3	B	40000	95362	4.638	1.066	4638	3572	0	0	0	3572	0	0	3573
1	4	G	40000	744	99.256	95.682	99256	4525	348	1	0	2550	1233	393	4036
1	4	A	40000	2496	97.504	94.917	97504	2587	92	0	0	1380	978	137	2427
1	4	B	40000	1615	98.385	96.447	98385	1938	256	1	0	1170	255	256	1609
1	4	cSpy was 32 spamed and the readout avoided!
1	5	G	40000	76771	23.229	4.714	23229	18846	1	0	0	16660	2173	12	18847
1	5	A	40000	88370	11.63	2.217	11630	9413	0	0	0	8417	984	12	9414
1	5	B	40000	83356	16.644	7.211	16644	9433	1	0	0	8243	1189	0	9433
1	6	G	40000	100000	0	0	0	0	0	0	0	0	0	0	2
1	6	A	40000	100000	0	0	0	0	0	0	0	0	0	0	1
1	6	B	40000	100000	0	0	0	0	0	0	0	0	0	0	1
1	7	G	40000	99978	0.0220001	0	22	44	0	0	0	44	0	0	46
1	7	A	40000	99978	0.0220001	0	22	22	0	0	0	22	0	0	23
1	7	B	40000	99978	0.0220001	0	22	22	0	0	0	22	0	0	23
2	0	G	40000	2121	97.879	48.7865	97879	4241	51	0	0	4002	121	67	4158
2	0	A	40000	2155	97.845	95.633	97845	2212	51	0	0	1973	121	67	2128
2	0	B	40000	96031	3.969	1.94	3969	2029	0	0	0	2029	0	0	2030
2	0	cSpy was 1 spamed and the readout avoided!
2	1	G	40000	98793	1.207	0.4055	1207	1276	0	0	0	1274	0	2	1278
2	1	A	40000	99009	0.990999	0.388	991	603	0	0	0	601	0	2	604
2	1	B	40000	98904	1.096	0.423	1096	673	0	0	0	673	0	0	674
2	2	G	40000	27028	72.972	51.6585	72972	26007	823	0	0	23083	1396	705	25322
2	2	A	40000	38700	61.3	49.761	61300	11539	456	0	0	9921	685	477	11106
2	2	B	40000	31976	68.024	53.556	68024	14468	367	0	0	13162	711	228	14216
2	3	G	40000	8841	91.159	63.6515	91159	32474	153	1	0	28885	3224	211	32265
2	3	A	40000	24382	75.618	55.218	75618	20400	18	0	0	17757	2528	97	20324
2	3	B	40000	15841	84.159	72.085	84159	12074	135	1	0	11128	696	114	11941
2	3	cSpy was 36 spamed and the readout avoided!
2	4	G	40000	100000	0	0	0	0	0	0	0	0	0	0	2
2	4	A	40000	100000	0	0	0	0	0	0	0	0	0	0	1
2	4	B	40000	100000	0	0	0	0	0	0	0	0	0	0	1
2	5	G	40000	100000	0	0	0	0	0	0	0	0	0	0	2
2	5	A	40000	100000	0	0	0	0	0	0	0	0	0	0	1
2	5	B	40000	100000	0	0	0	0	0	0	0	0	0	0	1
2	6	G	40000	40328	59.672	40.8385	59672	22873	300	0	0	21210	903	460	22645
2	6	A	40000	50677	49.323	39.189	49323	10134	179	0	0	8945	632	378	9964
2	6	B	40000	44773	55.227	42.488	55227	12739	121	0	0	12265	271	82	12681
2	7	G	40000	0	100	100	100000	200000	200000	200000	200000	200000	200000	200000	200002
2	7	A	40000	0	100	100	100000	100000	100000	100000	100000	100000	100000	100000	100001
2	7	B	40000	0	100	100	100000	100000	100000	100000	100000	100000	100000	100000	100001
3	0	G	40000	817	99.183	76.2485	99183	19440	273	3	0	18080	428	656	18848
3	0	A	40000	1408	98.592	96.654	98592	1938	210	0	0	1075	27	626	1397
3	0	B	40000	26655	73.345	55.843	73345	17502	63	3	0	17005	401	30	17451
3	0	cSpy was 59 spamed and the readout avoided!
3	1	G	40000	0	100	100	100000	200000	200000	200000	200000	200000	200000	200000	200002
3	1	A	40000	0	100	100	100000	100000	100000	100000	100000	100000	100000	100000	100001
3	1	B	40000	0	100	100	100000	100000	100000	100000	100000	100000	100000	100000	100001
3	2	G	40000	99923	0.0769973	0	77	154	0	0	0	154	0	0	156
3	2	A	40000	99923	0.0769973	0	77	77	0	0	0	77	0	0	78
3	2	B	40000	99923	0.0769973	0	77	77	0	0	0	77	0	0	78
3	3	G	40000	100000	0	0	0	0	0	0	0	0	0	0	2
3	3	A	40000	100000	0	0	0	0	0	0	0	0	0	0	1
3	3	B	40000	100000	0	0	0	0	0	0	0	0	0	0	1
3	4	G	40000	90612	9.388	2.2675	9388	12365	0	0	0	12338	23	4	12367
3	4	A	40000	91620	8.38	2.157	8380	6223	0	0	0	6202	17	4	6224
3	4	B	40000	91480	8.52	2.378	8520	6142	0	0	0	6136	6	0	6143
3	5	G	40000	0	100	100	100000	200000	200000	200000	200000	200000	200000	200000	200002
3	5	A	40000	0	100	100	100000	100000	100000	100000	100000	100000	100000	100000	100001
3	5	B	40000	0	100	100	100000	100000	100000	100000	100000	100000	100000	100000	100001
3	6	G	40000	61658	38.342	10.265	38342	40418	15	12	0	37112	3240	39	40399
3	6	A	40000	69217	30.783	10.191	30783	20592	3	0	0	18103	2451	35	20582
3	6	B	40000	69835	30.165	10.339	30165	19826	12	12	0	19009	789	4	19817
3	6	cSpy was 5 spamed and the readout avoided!
3	7	G	40000	100000	0	0	0	0	0	0	0	0	0	0	2
3	7	A	40000	100000	0	0	0	0	0	0	0	0	0	0	1
3	7	B	40000	100000	0	0	0	0	0	0	0	0	0	0	1
4	0	G	40000	775	99.225	67.342	99225	18297	174	2	0	16565	1254	302	17989
4	0	A	40000	1161	98.839	97.438	98839	1401	96	1	0	678	362	264	1157
4	0	B	40000	45858	54.142	37.246	54142	16896	78	1	0	15887	892	38	16832
4	0	cSpy was 26 spamed and the readout avoided!
4	1	G	40000	100000	0	0	0	0	0	0	0	0	0	0	2
4	1	A	40000	100000	0	0	0	0	0	0	0	0	0	0	1
4	1	B	40000	100000	0	0	0	0	0	0	0	0	0	0	1
4	2	G	40000	99980	0.0199974	0	20	40	0	0	0	40	0	0	42
4	2	A	40000	99980	0.0199974	0	20	20	0	0	0	20	0	0	21
4	2	B	40000	99980	0.0199974	0	20	20	0	0	0	20	0	0	21
4	3	G	40000	21314	78.686	56.227	78686	34813	693	0	0	33488	101	531	33905
4	3	A	40000	26111	73.889	56.489	73889	17400	339	0	0	16674	2	385	16788
4	3	B	40000	26622	73.378	55.965	73378	17413	354	0	0	16814	99	146	17117
4	3	cSpy was 5 spamed and the readout avoided!
4	4	G	40000	8379	91.621	68.938	91621	30163	107	13	0	27056	2573	414	29890
4	4	A	40000	15679	84.321	69.404	84321	14917	48	7	0	13132	1352	378	14689
4	4	B	40000	16282	83.718	68.472	83718	15246	59	6	0	13924	1221	36	15201
4	4	cSpy was 17 spamed and the readout avoided!
4	5	G	40000	100000	0	0	0	0	0	0	0	0	0	0	2
4	5	A	40000	100000	0	0	0	0	0	0	0	0	0	0	1
4	5	B	40000	100000	0	0	0	0	0	0	0	0	0	0	1
4	6	G	40000	100000	0	0	0	0	0	0	0	0	0	0	2
4	6	A	40000	100000	0	0	0	0	0	0	0	0	0	0	1
4	6	B	40000	100000	0	0	0	0	0	0	0	0	0	0	1
4	7	G	40000	24774	75.226	53.8205	75226	34380	469	0	0	33446	48	417	33750
4	7	A	40000	28821	71.179	53.985	71179	17194	226	0	0	16677	2	289	16775
4	7	B	40000	29158	70.842	53.656	70842	17186	243	0	0	16769	46	128	16975
4	7	cSpy was 7 spamed and the readout avoided!
5	0	G	40000	491	99.509	57.872	99509	15824	132	0	0	14732	122	838	15293
5	0	A	40000	603	99.397	98.262	99397	1135	132	0	0	64	103	836	603
5	0	B	40000	67829	32.171	17.482	32171	14689	0	0	0	14668	19	2	14690
5	0	cSpy was 67 spamed and the readout avoided!
5	1	G	40000	48830	51.17	28.204	51170	34512	69	0	0	34343	6	94	34455
5	1	A	40000	54573	45.427	28.371	45427	17056	35	0	0	16930	6	85	17003
5	1	B	40000	54507	45.493	28.037	45493	17456	34	0	0	17413	0	9	17452
5	1	cSpy was 3 spamed and the readout avoided!
5	2	G	40000	25	99.975	98.8695	99975	1463	36	0	0	583	101	743	795
5	2	A	40000	66	99.934	99.297	99934	637	0	0	0	9	1	627	66
5	2	B	40000	732	99.268	98.442	99268	826	36	0	0	574	100	116	729
5	2	cSpy was 32 spamed and the readout avoided!
5	3	G	40000	99219	0.781	0	781	1561	0	0	0	1560	1	0	1563
5	3	A	40000	99219	0.781	0	781	781	0	0	0	780	1	0	782
5	3	B	40000	99220	0.779998	0	780	780	0	0	0	780	0	0	781
5	4	G	40000	100000	0	0	0	0	0	0	0	0	0	0	2
5	4	A	40000	100000	0	0	0	0	0	0	0	0	0	0	1
5	4	B	40000	100000	0	0	0	0	0	0	0	0	0	0	1
5	5	G	40000	91542	8.458	1.84	8458	11457	0	0	0	11452	2	3	11459
5	5	A	40000	92339	7.661	1.976	7661	5685	0	0	0	5680	2	3	5686
5	5	B	40000	92524	7.476	1.704	7476	5772	0	0	0	5772	0	0	5773
5	6	G	40000	9	99.991	97.8945	99991	2239	188	0	0	968	852	231	1965
5	6	A	40000	23	99.977	99.865	99977	112	0	0	0	7	3	102	23
5	6	B	40000	1949	98.051	95.924	98051	2127	188	0	0	961	849	129	1942
5	6	cSpy was 58 spamed and the readout avoided!
5	7	G	40000	44597	55.403	11.705	55403	57937	8	11	0	51903	5910	105	57894
5	7	A	40000	57875	42.125	12.605	42125	29520	8	11	0	25530	3866	105	29476
5	7	B	40000	60778	39.222	10.805	39222	28417	0	0	0	26373	2044	0	28418
5	7	cSpy was 2 spamed and the readout avoided!
6	0	G	40000	600	99.4	95.867	99400	4432	316	3	0	2151	1269	693	3822
6	0	A	40000	1362	98.638	96.794	98638	1844	164	0	0	170	879	631	1362
6	0	B	40000	2472	97.528	94.94	97528	2588	152	3	0	1981	390	62	2460
6	0	cSpy was 57 spamed and the readout avoided!
6	1	G	40000	13444	86.556	47.521	86556	50511	6	0	0	45149	4999	357	50327
6	1	A	40000	25682	74.318	50.265	74318	24053	0	0	0	20987	2711	355	23873
6	1	B	40000	28765	71.235	44.777	71235	26458	6	0	0	24162	2288	2	26454
6	1	cSpy was 6 spamed and the readout avoided!
6	2	G	40000	100000	0	0	0	0	0	0	0	0	0	0	2
6	2	A	40000	100000	0	0	0	0	0	0	0	0	0	0	1
6	2	B	40000	100000	0	0	0	0	0	0	0	0	0	0	1
6	3	G	40000	100000	0	0	0	0	0	0	0	0	0	0	2
6	3	A	40000	100000	0	0	0	0	0	0	0	0	0	0	1
6	3	B	40000	100000	0	0	0	0	0	0	0	0	0	0	1
6	4	G	40000	20151	79.849	58.7665	79849	34160	814	0	0	32602	145	599	33077
6	4	A	40000	23863	76.137	59.052	76137	17085	393	0	0	16268	0	424	16368
6	4	B	40000	24444	75.556	58.481	75556	17075	421	0	0	16334	145	175	16709
6	4	cSpy was 8 spamed and the readout avoided!
6	5	G	40000	2475	97.525	88.3225	97525	11830	240	4	1	10042	686	858	11249
6	5	A	40000	5314	94.686	89.086	94686	5600	32	0	1	4557	301	709	5217
6	5	B	40000	6211	93.789	87.559	93789	6230	208	4	0	5485	385	149	6032
6	5	cSpy was 58 spamed and the readout avoided!
6	6	G	40000	100000	0	0	0	0	0	0	0	0	0	0	2
6	6	A	40000	100000	0	0	0	0	0	0	0	0	0	0	1
6	6	B	40000	100000	0	0	0	0	0	0	0	0	0	0	1
6	7	G	40000	100000	0	0	0	0	0	0	0	0	0	0	2
6	7	A	40000	100000	0	0	0	0	0	0	0	0	0	0	1
6	7	B	40000	100000	0	0	0	0	0	0	0	0	0	0	1
7	0	G	40000	1836	98.164	48.1855	98164	3468	220	0	0	2567	80	601	2949
7	0	A	40000	1864	98.136	95.768	98136	2368	220	0	0	1467	80	601	1848
7	0	B	40000	98297	1.703	0.603	1703	1100	0	0	0	1100	0	0	1101
7	0	cSpy was 1 spamed and the readout avoided!
7	1	G	40000	100000	0	0	0	0	0	0	0	0	0	0	2
7	1	A	40000	100000	0	0	0	0	0	0	0	0	0	0	1
7	1	B	40000	100000	0	0	0	0	0	0	0	0	0	0	1
7	2	G	40000	95374	4.626	0.7835	4626	6616	2	1	0	6568	40	5	6616
7	2	A	40000	95822	4.178	0.875	4178	3303	2	1	0	3265	31	4	3303
7	2	B	40000	95995	4.005	0.692	4005	3313	0	0	0	3303	9	1	3313
7	2	cSpy was 1 spamed and the readout avoided!
7	3	G	40000	0	100	100	100000	200000	200000	200000	200000	200000	200000	200000	200002
7	3	A	40000	0	100	100	100000	100000	100000	100000	100000	100000	100000	100000	100001
7	3	B	40000	0	100	100	100000	100000	100000	100000	100000	100000	100000	100000	100001
7	4	G	40000	71639	28.361	23.0925	28361	9760	12	0	0	9123	534	91	9681
7	4	A	40000	71688	28.312	23.26	28312	5052	0	0	0	4577	415	60	4999
7	4	B	40000	72367	27.633	22.925	27633	4708	12	0	0	4546	119	31	4682
7	4	cSpy was 6 spamed and the readout avoided!
7	5	G	40000	100000	0	0	0	0	0	0	0	0	0	0	2
7	5	A	40000	100000	0	0	0	0	0	0	0	0	0	0	1
7	5	B	40000	100000	0	0	0	0	0	0	0	0	0	0	1
7	6	G	40000	99965	0.0349998	0	35	70	0	0	0	70	0	0	72
7	6	A	40000	99965	0.0349998	0	35	35	0	0	0	35	0	0	36
7	6	B	40000	99965	0.0349998	0	35	35	0	0	0	35	0	0	36
7	7	G	40000	39308	60.692	32.0175	60692	41062	15	6	0	39629	1240	172	40985
7	7	A	40000	46740	53.26	32.769	53260	20491	7	6	0	19749	558	171	20417
7	7	B	40000	48163	51.837	31.266	51837	20571	8	0	0	19880	682	1	20568
7	7	cSpy was 6 spamed and the readout avoided!
