#the gain was set to: 2	the bias was set to: 30
#Sent triggers per delay setting: 100000	and with a frequency [Hz] of: 40000
#160MHz delay setting	400MHz delay setting	Frequency	correct transmitted H+T		error rate [%]	uncertainty [%]	bad or missed events	error count	missing headers	missing trailers	flipped H/T	event nr errors	tbm missed trigger	unknown errors	event nr resets
0	0	G	40000	388	99.612	74.7035	99612	18600	115	0	0	17515	261	709	18023
0	0	A	40000	579	99.421	98.272	99421	1149	94	0	0	159	205	691	579
0	0	B	40000	31414	68.586	51.135	68586	17451	21	0	0	17356	56	18	17444
0	0	cSpy was 28 spamed and the readout avoided!
0	1	G	40000	27715	72.285	52.15	72285	26512	416	1	0	25443	13	639	26129
0	1	A	40000	37210	62.79	51.601	62790	11189	206	0	0	10506	3	474	10968
0	1	B	40000	31978	68.022	52.699	68022	15323	210	1	0	14937	10	165	15161
0	2	G	40000	5276	94.724	77.016	94724	22581	96	1	0	19103	3051	330	22342
0	2	A	40000	11251	88.749	77.966	88749	10783	52	0	0	8711	1711	309	10571
0	2	B	40000	12136	87.864	76.066	87864	11798	44	1	0	10392	1340	21	11771
0	2	cSpy was 4 spamed and the readout avoided!
0	3	G	40000	100000	0	0	0	0	0	0	0	0	0	0	2
0	3	A	40000	100000	0	0	0	0	0	0	0	0	0	0	1
0	3	B	40000	100000	0	0	0	0	0	0	0	0	0	0	1
0	4	G	40000	99401	0.599003	0.2225	599	623	0	0	0	622	0	1	625
0	4	A	40000	99496	0.503999	0.217	504	287	0	0	0	286	0	1	288
0	4	B	40000	99436	0.563997	0.228	564	336	0	0	0	336	0	0	337
0	5	G	40000	31763	68.237	44.7895	68237	30440	55	0	0	29837	108	440	30330
0	5	A	40000	42232	57.768	44.08	57768	13688	29	0	0	13197	45	417	13597
0	5	B	40000	37749	62.251	45.499	62251	16752	26	0	0	16640	63	23	16733
0	6	G	40000	2218	97.782	90.1625	97782	9866	306	10	0	7251	1968	331	9468
0	6	A	40000	4675	95.325	90.664	95325	4661	103	0	0	3335	989	234	4437
0	6	B	40000	5134	94.866	89.661	94866	5205	203	10	0	3916	979	97	5031
0	6	cSpy was 33 spamed and the readout avoided!
0	7	G	40000	99601	0.398999	0.123	399	552	0	0	0	552	0	0	554
0	7	A	40000	99601	0.398999	0.123	399	276	0	0	0	276	0	0	277
0	7	B	40000	99601	0.398999	0.123	399	276	0	0	0	276	0	0	277
1	0	G	40000	539	99.461	96.074	99461	4136	254	7	0	2539	825	511	3632
1	0	A	40000	2297	97.703	95.06	97703	2643	195	4	0	1739	258	447	2215
1	0	B	40000	1419	98.581	97.088	98581	1493	59	3	0	800	567	64	1417
1	0	cSpy was 38 spamed and the readout avoided!
1	1	G	40000	99706	0.294	0.003	294	582	0	0	0	582	0	0	584
1	1	A	40000	99706	0.294	0.003	294	291	0	0	0	291	0	0	292
1	1	B	40000	99706	0.294	0.003	294	291	0	0	0	291	0	0	292
1	2	G	40000	100000	0	0	0	0	0	0	0	0	0	0	2
1	2	A	40000	100000	0	0	0	0	0	0	0	0	0	0	1
1	2	B	40000	100000	0	0	0	0	0	0	0	0	0	0	1
1	3	G	40000	90104	9.896	4.011	9896	8512	1	0	0	8417	67	27	8512
1	3	A	40000	92235	7.765	3.784	7765	3981	1	0	0	3892	61	27	3980
1	3	B	40000	91231	8.769	4.238	8769	4531	0	0	0	4525	6	0	4532
1	4	G	40000	0	100	100	100000	200000	200000	200000	200000	200000	200000	200000	200002
1	4	A	40000	0	100	100	100000	100000	100000	100000	100000	100000	100000	100000	100001
1	4	B	40000	0	100	100	100000	100000	100000	100000	100000	100000	100000	100000	100001
1	5	G	40000	85473	14.527	2.7065	14527	12951	1	0	0	11791	1155	4	12952
1	5	A	40000	92162	7.838	1.405	7838	6433	0	0	0	5924	505	4	6434
1	5	B	40000	89474	10.526	4.008	10526	6518	1	0	0	5867	650	0	6518
1	6	G	40000	100000	0	0	0	0	0	0	0	0	0	0	2
1	6	A	40000	100000	0	0	0	0	0	0	0	0	0	0	1
1	6	B	40000	100000	0	0	0	0	0	0	0	0	0	0	1
1	7	G	40000	99959	0.041002	0	41	82	0	0	0	82	0	0	84
1	7	A	40000	99959	0.041002	0	41	41	0	0	0	41	0	0	42
1	7	B	40000	99959	0.041002	0	41	41	0	0	0	41	0	0	42
2	0	G	40000	1928	98.072	49.0625	98072	4278	43	1	0	4020	139	75	4200
2	0	A	40000	1985	98.015	95.968	98015	2047	43	1	0	1789	139	75	1968
2	0	B	40000	95612	4.388	2.157	4388	2231	0	0	0	2231	0	0	2232
2	0	cSpy was 1 spamed and the readout avoided!
2	1	G	40000	99669	0.331002	0.0865	331	409	0	0	0	406	2	1	411
2	1	A	40000	99719	0.281	0.08	281	201	0	0	0	200	0	1	202
2	1	B	40000	99699	0.300997	0.093	301	208	0	0	0	206	2	0	209
2	2	G	40000	23125	76.875	53.446	76875	28352	931	11	0	25210	1414	786	27455
2	2	A	40000	35751	64.249	51.026	64249	13223	470	4	0	10956	1285	508	12715
2	2	B	40000	29005	70.995	55.866	70995	15129	461	7	0	14254	129	278	14740
2	2	cSpy was 1 spamed and the readout avoided!
2	3	G	40000	12782	87.218	65.99	87218	24536	96	0	0	21404	2900	136	24385
2	3	A	40000	25503	74.497	59.243	74497	15254	52	0	0	12955	2155	92	15152
2	3	B	40000	17981	82.019	72.737	82019	9282	44	0	0	8449	745	44	9233
2	3	cSpy was 4 spamed and the readout avoided!
2	4	G	40000	100000	0	0	0	0	0	0	0	0	0	0	2
2	4	A	40000	100000	0	0	0	0	0	0	0	0	0	0	1
2	4	B	40000	100000	0	0	0	0	0	0	0	0	0	0	1
2	5	G	40000	100000	0	0	0	0	0	0	0	0	0	0	2
2	5	A	40000	100000	0	0	0	0	0	0	0	0	0	0	1
2	5	B	40000	100000	0	0	0	0	0	0	0	0	0	0	1
2	6	G	40000	38253	61.747	40.546	61747	24686	151	1	0	22830	1292	412	24542
2	6	A	40000	50349	49.651	38.149	49651	11502	85	1	0	9790	1272	354	11395
2	6	B	40000	43873	56.127	42.943	56127	13184	66	0	0	13040	20	58	13147
2	7	G	40000	0	100	100	100000	200000	200000	200000	200000	200000	200000	200000	200002
2	7	A	40000	0	100	100	100000	100000	100000	100000	100000	100000	100000	100000	100001
2	7	B	40000	0	100	100	100000	100000	100000	100000	100000	100000	100000	100000	100001
3	0	G	40000	844	99.156	70.8905	99156	18005	264	4	0	16724	322	691	17393
3	0	A	40000	1335	98.665	96.781	98665	1884	209	0	0	987	39	649	1329
3	0	B	40000	38879	61.121	45	61121	16121	55	4	0	15737	283	42	16064
3	0	cSpy was 28 spamed and the readout avoided!
3	1	G	40000	0	100	100	100000	200000	200000	200000	200000	200000	200000	200000	200002
3	1	A	40000	0	100	100	100000	100000	100000	100000	100000	100000	100000	100000	100001
3	1	B	40000	0	100	100	100000	100000	100000	100000	100000	100000	100000	100000	100001
3	2	G	40000	78770	21.23	6.03	21230	19547	4	0	0	17371	2147	25	19533
3	2	A	40000	84245	15.755	6.048	15755	9707	2	0	0	8200	1482	23	9695
3	2	B	40000	84148	15.852	6.012	15852	9840	2	0	0	9171	665	2	9838
3	2	cSpy was 3 spamed and the readout avoided!
3	3	G	40000	100000	0	0	0	0	0	0	0	0	0	0	2
3	3	A	40000	100000	0	0	0	0	0	0	0	0	0	0	1
3	3	B	40000	100000	0	0	0	0	0	0	0	0	0	0	1
3	4	G	40000	83625	16.375	5.376	16375	18064	0	0	0	18015	36	13	18066
3	4	A	40000	85706	14.294	5.157	14294	9137	0	0	0	9105	19	13	9138
3	4	B	40000	85478	14.522	5.595	14522	8927	0	0	0	8910	17	0	8928
3	5	G	40000	0	100	100	100000	200000	200000	200000	200000	200000	200000	200000	200002
3	5	A	40000	0	100	100	100000	100000	100000	100000	100000	100000	100000	100000	100001
3	5	B	40000	0	100	100	100000	100000	100000	100000	100000	100000	100000	100000	100001
3	6	G	40000	65083	34.917	25.7915	34917	16193	67	8	0	14981	1012	125	16061
3	6	A	40000	65476	34.524	26.34	34524	8184	1	0	0	7530	603	50	8141
3	6	B	40000	66748	33.252	25.243	33252	8009	66	8	0	7451	409	75	7920
3	6	cSpy was 81 spamed and the readout avoided!
3	7	G	40000	100000	0	0	0	0	0	0	0	0	0	0	2
3	7	A	40000	100000	0	0	0	0	0	0	0	0	0	0	1
3	7	B	40000	100000	0	0	0	0	0	0	0	0	0	0	1
4	0	G	40000	0	100	100	100000	200000	200000	200000	200000	200000	200000	200000	200002
4	0	A	40000	0	100	100	100000	100000	100000	100000	100000	100000	100000	100000	100001
4	0	B	40000	0	100	100	100000	100000	100000	100000	100000	100000	100000	100000	100001
4	1	G	40000	100000	0	0	0	0	0	0	0	0	0	0	2
4	1	A	40000	100000	0	0	0	0	0	0	0	0	0	0	1
4	1	B	40000	100000	0	0	0	0	0	0	0	0	0	0	1
4	2	G	40000	100000	0	0	0	0	0	0	0	0	0	0	2
4	2	A	40000	100000	0	0	0	0	0	0	0	0	0	0	1
4	2	B	40000	100000	0	0	0	0	0	0	0	0	0	0	1
4	3	G	40000	20973	79.027	57.403	79027	34762	740	0	0	33360	106	556	33791
4	3	A	40000	24946	75.054	57.653	75054	17401	359	0	0	16643	0	399	16745
4	3	B	40000	25486	74.514	57.153	74514	17361	381	0	0	16717	106	157	17046
4	3	cSpy was 7 spamed and the readout avoided!
4	4	G	40000	9452	90.548	64.999	90548	33744	79	13	0	30385	2874	393	33510
4	4	A	40000	17870	82.13	65.413	82130	16717	31	9	0	14700	1617	360	16520
4	4	B	40000	18388	81.612	64.585	81612	17027	48	4	0	15685	1257	33	16990
4	4	cSpy was 21 spamed and the readout avoided!
4	5	G	40000	100000	0	0	0	0	0	0	0	0	0	0	2
4	5	A	40000	100000	0	0	0	0	0	0	0	0	0	0	1
4	5	B	40000	100000	0	0	0	0	0	0	0	0	0	0	1
4	6	G	40000	100000	0	0	0	0	0	0	0	0	0	0	2
4	6	A	40000	100000	0	0	0	0	0	0	0	0	0	0	1
4	6	B	40000	100000	0	0	0	0	0	0	0	0	0	0	1
4	7	G	40000	22841	77.159	55.3605	77159	34828	496	0	0	33832	62	438	34142
4	7	A	40000	27041	72.959	55.531	72959	17428	239	0	0	16884	1	304	16974
4	7	B	40000	27410	72.59	55.19	72590	17400	257	0	0	16948	61	134	17168
4	7	cSpy was 7 spamed and the readout avoided!
5	0	G	40000	479	99.521	58.5625	99521	16516	131	0	0	15411	124	850	15958
5	0	A	40000	594	99.406	98.255	99406	1151	131	0	0	61	110	849	594
5	0	B	40000	65765	34.235	18.87	34235	15365	0	0	0	15350	14	1	15364
5	0	cSpy was 72 spamed and the readout avoided!
5	1	G	40000	41563	58.437	34.956	58437	35917	126	0	0	35637	4	150	35794
5	1	A	40000	47128	52.872	35.055	52872	17817	62	0	0	17618	4	133	17721
5	1	B	40000	47043	52.957	34.857	52957	18100	64	0	0	18019	0	17	18073
5	1	cSpy was 5 spamed and the readout avoided!
5	2	G	40000	42	99.958	98.6825	99958	1714	45	1	0	683	82	903	915
5	2	A	40000	93	99.907	99.128	99907	779	1	0	0	7	1	770	93
5	2	B	40000	828	99.172	98.237	99172	935	44	1	0	676	81	133	822
5	2	cSpy was 31 spamed and the readout avoided!
5	3	G	40000	99493	0.506997	0	507	1014	0	0	0	1014	0	0	1016
5	3	A	40000	99493	0.506997	0	507	507	0	0	0	507	0	0	508
5	3	B	40000	99493	0.506997	0	507	507	0	0	0	507	0	0	508
5	4	G	40000	100000	0	0	0	0	0	0	0	0	0	0	2
5	4	A	40000	100000	0	0	0	0	0	0	0	0	0	0	1
5	4	B	40000	100000	0	0	0	0	0	0	0	0	0	0	1
5	5	G	40000	90845	9.155	2.175	9155	11926	0	0	0	11918	2	6	11928
5	5	A	40000	91763	8.237	2.323	8237	5914	0	0	0	5906	2	6	5915
5	5	B	40000	91961	8.039	2.027	8039	6012	0	0	0	6012	0	0	6013
5	6	G	40000	7	99.993	97.681	99993	2431	191	0	0	1269	798	173	2192
5	6	A	40000	24	99.976	99.892	99976	84	0	0	0	10	2	72	24
5	6	B	40000	2183	97.817	95.47	97817	2347	191	0	0	1259	796	101	2168
5	6	cSpy was 49 spamed and the readout avoided!
5	7	G	40000	44162	55.838	11.777	55838	58686	7	6	0	52510	6055	108	58651
5	7	A	40000	57285	42.715	12.643	42715	30072	7	6	0	25999	3952	108	30036
5	7	B	40000	60475	39.525	10.911	39525	28614	0	0	0	26511	2103	0	28615
5	7	cSpy was 1 spamed and the readout avoided!
6	0	G	40000	653	99.347	95.457	99347	4877	303	3	0	2397	1411	763	4195
6	0	A	40000	1487	98.513	96.476	98513	2037	167	1	0	193	976	700	1487
6	0	B	40000	2722	97.278	94.438	97278	2840	136	2	0	2204	435	63	2708
6	0	cSpy was 49 spamed and the readout avoided!
6	1	G	40000	14351	85.649	46.061	85649	51944	2	0	0	46438	5120	384	51767
6	1	A	40000	26456	73.544	48.795	73544	24749	0	0	0	21637	2736	376	24575
6	1	B	40000	29478	70.522	43.327	70522	27195	2	0	0	24801	2384	8	27192
6	1	cSpy was 6 spamed and the readout avoided!
6	2	G	40000	100000	0	0	0	0	0	0	0	0	0	0	2
6	2	A	40000	100000	0	0	0	0	0	0	0	0	0	0	1
6	2	B	40000	100000	0	0	0	0	0	0	0	0	0	0	1
6	3	G	40000	100000	0	0	0	0	0	0	0	0	0	0	2
6	3	A	40000	100000	0	0	0	0	0	0	0	0	0	0	1
6	3	B	40000	100000	0	0	0	0	0	0	0	0	0	0	1
6	4	G	40000	20449	79.551	58.7195	79551	34203	821	1	0	32634	148	599	33117
6	4	A	40000	23884	76.116	59.002	76116	17114	396	1	0	16288	0	429	16385
6	4	B	40000	24474	75.526	58.437	75526	17089	425	0	0	16346	148	170	16732
6	4	cSpy was 9 spamed and the readout avoided!
6	5	G	40000	6883	93.117	87.5715	93117	7581	147	3	1	6077	385	969	6810
6	5	A	40000	8226	91.774	88.108	91774	3666	12	1	0	2678	174	801	3069
6	5	B	40000	9050	90.95	87.035	90950	3915	135	2	1	3399	211	168	3741
6	5	cSpy was 38 spamed and the readout avoided!
6	6	G	40000	100000	0	0	0	0	0	0	0	0	0	0	2
6	6	A	40000	100000	0	0	0	0	0	0	0	0	0	0	1
6	6	B	40000	100000	0	0	0	0	0	0	0	0	0	0	1
6	7	G	40000	100000	0	0	0	0	0	0	0	0	0	0	2
6	7	A	40000	100000	0	0	0	0	0	0	0	0	0	0	1
6	7	B	40000	100000	0	0	0	0	0	0	0	0	0	0	1
7	0	G	40000	1650	98.35	48.6925	98350	8869	238	1	0	7894	141	595	8334
7	0	A	40000	1794	98.206	95.891	98206	2315	238	1	0	1391	90	595	1779
7	0	B	40000	91952	8.048	1.494	8048	6554	0	0	0	6503	51	0	6555
7	0	cSpy was 9 spamed and the readout avoided!
7	1	G	40000	100000	0	0	0	0	0	0	0	0	0	0	2
7	1	A	40000	100000	0	0	0	0	0	0	0	0	0	0	1
7	1	B	40000	100000	0	0	0	0	0	0	0	0	0	0	1
7	2	G	40000	93052	6.948	1.6475	6948	7708	2	8	0	7621	61	16	7706
7	2	A	40000	94338	5.662	1.837	5662	3825	2	8	0	3766	34	15	3823
7	2	B	40000	94659	5.341	1.458	5341	3883	0	0	0	3855	27	1	3883
7	3	G	40000	0	100	100	100000	200000	200000	200000	200000	200000	200000	200000	200002
7	3	A	40000	0	100	100	100000	100000	100000	100000	100000	100000	100000	100000	100001
7	3	B	40000	0	100	100	100000	100000	100000	100000	100000	100000	100000	100000	100001
7	4	G	40000	65677	34.323	16.6085	34323	25873	4	1	0	23588	2111	169	25785
7	4	A	40000	69652	30.348	17.508	30348	12840	1	1	0	11345	1325	168	12753
7	4	B	40000	71258	28.742	15.709	28742	13033	3	0	0	12243	786	1	13032
7	4	cSpy was 3 spamed and the readout avoided!
7	5	G	40000	100000	0	0	0	0	0	0	0	0	0	0	2
7	5	A	40000	100000	0	0	0	0	0	0	0	0	0	0	1
7	5	B	40000	100000	0	0	0	0	0	0	0	0	0	0	1
7	6	G	40000	99975	0.0249982	0.0005	25	48	0	0	0	48	0	0	50
7	6	A	40000	99975	0.0249982	0.001	25	24	0	0	0	24	0	0	25
7	6	B	40000	99976	0.0240028	0	24	24	0	0	0	24	0	0	25
7	7	G	40000	54372	45.628	19.31	45628	39479	13	12	0	38406	878	170	39413
7	7	A	40000	60266	39.734	19.779	39734	19955	12	12	0	19397	365	169	19889
7	7	B	40000	61635	38.365	18.841	38365	19524	1	0	0	19009	513	1	19524
7	7	cSpy was 8 spamed and the readout avoided!
