#Sent triggers per frequency: 10000
#Frequency [Hz]	correct transmitted H+T		error rate [%]	uncertainty [%]	bad or missed events	error count	missing headers	missing trailers	flipped H/T	event nr errors	tbm missed trigger	unknown errors	event nr resets
1000	10000	0	0	0	0	0	0	0	0	0	0	1
11001.1	10000	0	0	0	0	0	0	0	0	0	0	1
21008.4	10000	0	0	0	0	0	0	0	0	0	0	1
31007.8	10000	0	0	0	0	0	0	0	0	0	0	1
41025.6	10000	0	0	0	0	0	0	0	0	0	0	1
51020.4	10000	0	0	0	0	0	0	0	0	0	0	1
61068.7	10000	0	0	0	0	0	0	0	0	0	0	1
71048	10000	0	0	0	0	0	0	0	0	0	0	1
81135.9	10000	0	0	0	0	0	0	0	0	0	0	1
91116.2	10000	0	0	0	0	0	0	0	0	0	0	1
101010	10000	0	0	0	0	0	0	0	0	0	0	1
111111	10000	0	0	0	0	0	0	0	0	0	0	1
121212	10000	0	0	0	0	0	0	0	0	0	0	1
131148	10000	0	0	0	0	0	0	0	0	0	0	1
141343	10000	0	0	0	0	0	0	0	0	0	0	1
151515	10000	0	0	0	0	0	0	0	0	0	0	1
161290	10000	0	0	0	0	0	0	0	0	0	0	1
171674	10000	0	0	0	0	0	0	0	0	0	0	1
181818	10000	0	0	0	0	0	0	0	0	0	0	1
191388	10000	0	0	0	0	0	0	0	0	0	0	1
201005	10000	0	0	0	0	0	0	0	0	0	0	1
211640	10000	0	0	0	0	0	0	0	0	0	0	1
222222	10000	0	0	0	0	0	0	0	0	0	0	1
231214	10000	0	0	0	0	0	0	0	0	0	0	1
242424	10000	0	0	0	0	0	0	0	0	0	0	1
251572	10000	0	0	0	0	0	0	0	0	0	0	1
261438	10000	0	0	0	0	0	0	0	0	0	0	1
272109	10000	0	0	0	0	0	0	0	0	0	0	1
281690	10000	0	0	0	0	0	0	0	0	0	0	1
291971	10000	0	0	0	0	0	0	0	0	0	0	1
303030	10000	0	0	0	0	0	0	0	0	0	0	1
312500	10000	0	0	0	0	0	0	0	0	0	0	1
322581	10000	0	0	0	0	0	0	0	0	0	0	1
333333	10000	0	0	0	0	0	0	0	0	0	0	1
341880	10000	0	0	0	0	0	0	0	0	0	0	1
353982	10000	0	0	0	0	0	0	0	0	0	0	1
363636	10000	0	0	0	0	0	0	0	0	0	0	1
373832	10000	0	0	0	0	0	0	0	0	0	0	1
384615	10000	0	0	0	0	0	0	0	0	0	0	1
392157	10000	0	0	0	0	0	0	0	0	0	0	1
404040	10000	0	0	0	0	0	0	0	0	0	0	1
412371	10000	0	0	0	0	0	0	0	0	0	0	1
421053	10000	0	0	0	0	0	0	0	0	0	0	1
434783	10000	0	0	0	0	0	0	0	0	0	0	1
444444	10000	0	0	0	0	0	0	0	0	0	0	1
454545	10000	0	0	0	0	0	0	0	0	0	0	1
465116	9997	0.030009	0	3	3	0	0	0	3	0	0	4
476190	9997	0.030009	0	3	3	0	0	0	3	0	0	4
481928	10000	0	0	0	0	0	0	0	0	0	0	1
493827	10000	0	0	0	0	0	0	0	0	0	0	1
506329	10000	0	0	0	0	0	0	0	0	0	0	1
512821	10000	0	0	0	0	0	0	0	0	0	0	1
526316	10000	0	0	0	0	0	0	0	0	0	0	1
533333	10000	0	0	0	0	0	0	0	0	0	0	1
547945	9999	0.010001	0	1	1	0	0	0	1	0	0	2
555556	10000	0	0	0	0	0	0	0	0	0	0	1
563380	10000	0	0	0	0	0	0	0	0	0	0	1
571429	9997	0.030009	0	3	3	0	0	0	3	0	0	4
588235	9987	0.130169	0	13	13	0	0	0	13	0	0	14
597015	9966	0.34116	0.0100341	34	33	0	0	0	33	0	0	34
606061	9947	0.532824	0	53	53	0	0	0	53	0	0	54
615385	9942	0.583384	0.0402334	58	54	0	0	0	54	0	0	55
625000	9991	0.0900811	0	9	9	0	0	0	9	0	0	10
634921	10000	0	0	0	0	0	0	0	0	0	0	1
645161	9998	0.020004	0	2	2	0	0	0	2	0	0	3
655738	9998	0.020004	0	2	2	0	0	0	2	0	0	3
666667	9997	0.030009	0	3	3	0	0	0	3	0	0	4
677966	10000	0	0	0	0	0	0	0	0	0	0	1
689655	10000	0	0	0	0	0	0	0	0	0	0	1
701754	10000	0	0	0	0	0	0	0	0	0	0	1
701754	10000	0	0	0	0	0	0	0	0	0	0	1
714286	10000	0	0	0	0	0	0	0	0	0	0	1
727273	10000	0	0	0	0	0	0	0	0	0	0	1
740741	10000	0	0	0	0	0	0	0	0	0	0	1
754717	10000	0	0	0	0	0	0	0	0	0	0	1
754717	9999	0.010001	0	1	1	0	0	0	1	0	0	2
769231	9996	0.040016	0	4	4	0	0	0	4	0	0	5
event number: 58, expected: 25
784314	9792	2.12418	0.541258	208	155	0	2	0	152	1	0	155
784314	9784	2.20769	0.572363	216	160	0	0	0	160	0	0	161
800000	9686	3.24179	1.11501	314	206	0	1	0	205	0	0	207
event number: 154, expected: 25
event number: 90, expected: 25
event number: 218, expected: 25
event number: 186, expected: 25
816326	9441	5.92098	2.44677	559	328	0	5	0	319	4	0	329
event number: 90, expected: 25
event number: 218, expected: 25
816326	9489	5.38518	2.2447	511	298	0	4	0	292	2	0	298
event number: 154, expected: 25
event number: 26, expected: 25
event number: 154, expected: 25
event number: 154, expected: 25
event number: 90, expected: 25
833333	9119	9.66115	4.48514	881	472	0	5	0	462	5	0	470
event number: 154, expected: 25
event number: 90, expected: 25
event number: 218, expected: 25
event number: 26, expected: 25
event number: 58, expected: 25
833333	9142	9.38525	4.32072	858	463	0	9	0	449	5	0	462
851064	9943	0.573268	0.0804586	57	49	0	0	0	49	0	0	50
851064	9999	0.010001	0	1	1	0	0	0	1	0	0	2
869565	9992	0.0800641	0	8	8	0	0	0	8	0	0	9
888889	9997	0.030009	0	3	3	0	0	0	3	0	0	4
888889	9984	0.160256	0.010016	16	15	0	0	0	15	0	0	16
909091	9981	0.190362	0	19	19	0	0	0	19	0	0	20
909091	9968	0.321027	0	32	32	0	0	0	32	0	0	33
930233	9960	0.401606	0.0301205	40	37	0	0	0	37	0	0	38
930233	9948	0.522718	0.0100523	52	51	0	0	0	51	0	0	52
952381	9909	0.918357	0.100918	91	81	0	2	0	79	0	0	81
952381	9873	1.28634	0.243087	127	103	0	0	0	103	0	0	104
952381	9887	1.14292	0.151714	113	98	0	0	0	98	0	0	99
975610	9838	1.64668	0.345599	162	128	0	0	0	128	0	0	129
975610	9844	1.58472	0.33523	156	123	0	0	0	122	0	1	124
1e+06	9716	2.92301	1.04981	284	182	0	1	0	180	0	1	183
1e+06	9939	0.613744	0.191166	61	42	0	1	0	41	0	0	42
1.02564e+06	10000	0	0	0	0	0	0	0	0	0	0	1
