#the gain was set to: 2	the bias was set to: 30	the tbmplldelay was set to: 0
#Sent triggers per delay setting: 1500000	and with a frequency [Hz] of: 40000
#Delay token Ins by 6.25ns	delay Head/Trail by 6.25ns	delay port 1	delay port 0	Frequency	good words	tot error	error in %	bad or missed events (tbm header/trailer not correct)
0	0	0	0	G	40000	3000000	0	0	0	
0	0	0	0	A	40000	1500000	0	0	0	
0	0	0	0	B	40000	1500000	0	0	0	
0	0	0	1	G	40000	1500000	1500000	50	1500000	
0	0	0	1	A	40000	0	1500000	100	1500000	
0	0	0	1	B	40000	1500000	0	0	0	
0	0	0	2	G	40000	1500000	1500000	50	1500000	
0	0	0	2	A	40000	0	1500000	100	1500000	
0	0	0	2	B	40000	1500000	0	0	0	
0	0	0	3	G	40000	1500000	1500000	50	1500000	
0	0	0	3	A	40000	0	1500000	100	1500000	
0	0	0	3	B	40000	1500000	0	0	0	
0	0	0	4	G	40000	1500000	1500000	50	1500000	
0	0	0	4	A	40000	0	1500000	100	1500000	
0	0	0	4	B	40000	1500000	0	0	0	
0	0	0	5	G	40000	1500000	1500000	50	1500000	
0	0	0	5	A	40000	0	1500000	100	1500000	
0	0	0	5	B	40000	1500000	0	0	0	
0	0	0	6	G	40000	1500000	1500000	50	1500000	
0	0	0	6	A	40000	0	1500000	100	1500000	
0	0	0	6	B	40000	1500000	0	0	0	
0	0	0	7	G	40000	1500000	440367	50	1500000	
0	0	0	7	A	40000	0	440367	100	1500000	
0	0	0	7	B	40000	1500000	0	0	0	
0	0	1	0	G	40000	1500000	1500000	50	1500000	
0	0	1	0	A	40000	0	1500000	100	1500000	
0	0	1	0	B	40000	1500000	0	0	0	
0	0	1	1	G	40000	1500000	1500000	50	1500000	
0	0	1	1	A	40000	0	1500000	100	1500000	
0	0	1	1	B	40000	1500000	0	0	0	
0	0	1	2	G	40000	1500000	1500000	50	1500000	
0	0	1	2	A	40000	0	1500000	100	1500000	
0	0	1	2	B	40000	1500000	0	0	0	
0	0	1	3	G	40000	1500000	1500000	50	1500000	
0	0	1	3	A	40000	0	1500000	100	1500000	
0	0	1	3	B	40000	1500000	0	0	0	
0	0	1	4	G	40000	1500000	1500000	50	1500000	
0	0	1	4	A	40000	0	1500000	100	1500000	
0	0	1	4	B	40000	1500000	0	0	0	
0	0	1	5	G	40000	1500000	1500000	50	1500000	
0	0	1	5	A	40000	0	1500000	100	1500000	
0	0	1	5	B	40000	1500000	0	0	0	
0	0	1	6	G	40000	1500000	1500000	50	1500000	
0	0	1	6	A	40000	0	1500000	100	1500000	
0	0	1	6	B	40000	1500000	0	0	0	
0	0	1	7	G	40000	1500000	1500000	50	1500000	
0	0	1	7	A	40000	0	1500000	100	1500000	
0	0	1	7	B	40000	1500000	0	0	0	
0	0	2	0	G	40000	1500000	1500000	50	1500000	
0	0	2	0	A	40000	0	1500000	100	1500000	
0	0	2	0	B	40000	1500000	0	0	0	
0	0	2	1	G	40000	1500000	1500000	50	1500000	
0	0	2	1	A	40000	0	1500000	100	1500000	
0	0	2	1	B	40000	1500000	0	0	0	
0	0	2	2	G	40000	1500000	1500000	50	1500000	
0	0	2	2	A	40000	0	1500000	100	1500000	
0	0	2	2	B	40000	1500000	0	0	0	
0	0	2	3	G	40000	1500000	1500000	50	1500000	
0	0	2	3	A	40000	0	1500000	100	1500000	
0	0	2	3	B	40000	1500000	0	0	0	
0	0	2	4	G	40000	1500000	1500000	50	1500000	
0	0	2	4	A	40000	0	1500000	100	1500000	
0	0	2	4	B	40000	1500000	0	0	0	
0	0	2	5	G	40000	1500000	1500000	50	1500000	
0	0	2	5	A	40000	0	1500000	100	1500000	
0	0	2	5	B	40000	1500000	0	0	0	
0	0	2	6	G	40000	1500000	1500000	50	1500000	
0	0	2	6	A	40000	0	1500000	100	1500000	
0	0	2	6	B	40000	1500000	0	0	0	
0	0	2	7	G	40000	1500000	1500000	50	1500000	
0	0	2	7	A	40000	0	1500000	100	1500000	
0	0	2	7	B	40000	1500000	0	0	0	
0	0	3	0	G	40000	1500000	1500000	50	1500000	
0	0	3	0	A	40000	0	1500000	100	1500000	
0	0	3	0	B	40000	1500000	0	0	0	
0	0	3	1	G	40000	1500000	1500000	50	1500000	
0	0	3	1	A	40000	0	1500000	100	1500000	
0	0	3	1	B	40000	1500000	0	0	0	
0	0	3	2	G	40000	1500000	1500000	50	1500000	
0	0	3	2	A	40000	0	1500000	100	1500000	
0	0	3	2	B	40000	1500000	0	0	0	
0	0	3	3	G	40000	1500000	1500000	50	1500000	
0	0	3	3	A	40000	0	1500000	100	1500000	
0	0	3	3	B	40000	1500000	0	0	0	
0	0	3	4	G	40000	1500000	1500000	50	1500000	
0	0	3	4	A	40000	0	1500000	100	1500000	
0	0	3	4	B	40000	1500000	0	0	0	
0	0	3	5	G	40000	1500000	1500000	50	1500000	
0	0	3	5	A	40000	0	1500000	100	1500000	
0	0	3	5	B	40000	1500000	0	0	0	
0	0	3	6	G	40000	1500000	1500000	50	1500000	
0	0	3	6	A	40000	0	1500000	100	1500000	
0	0	3	6	B	40000	1500000	0	0	0	
0	0	3	7	G	40000	1500000	1500000	50	1500000	
0	0	3	7	A	40000	0	1500000	100	1500000	
0	0	3	7	B	40000	1500000	0	0	0	
0	0	4	0	G	40000	1500000	1500000	50	1500000	
0	0	4	0	A	40000	0	1500000	100	1500000	
0	0	4	0	B	40000	1500000	0	0	0	
0	0	4	1	G	40000	1500000	1500000	50	1500000	
0	0	4	1	A	40000	0	1500000	100	1500000	
0	0	4	1	B	40000	1500000	0	0	0	
0	0	4	2	G	40000	1500000	1500000	50	1500000	
0	0	4	2	A	40000	0	1500000	100	1500000	
0	0	4	2	B	40000	1500000	0	0	0	
0	0	4	3	G	40000	1500000	1500000	50	1500000	
0	0	4	3	A	40000	0	1500000	100	1500000	
0	0	4	3	B	40000	1500000	0	0	0	
0	0	4	4	G	40000	1500000	1500000	50	1500000	
0	0	4	4	A	40000	0	1500000	100	1500000	
0	0	4	4	B	40000	1500000	0	0	0	
0	0	4	5	G	40000	1500000	1500000	50	1500000	
0	0	4	5	A	40000	0	1500000	100	1500000	
0	0	4	5	B	40000	1500000	0	0	0	
0	0	4	6	G	40000	1500000	1500000	50	1500000	
0	0	4	6	A	40000	0	1500000	100	1500000	
0	0	4	6	B	40000	1500000	0	0	0	
0	0	4	7	G	40000	1500000	1500000	50	1500000	
0	0	4	7	A	40000	0	1500000	100	1500000	
0	0	4	7	B	40000	1500000	0	0	0	
0	0	5	0	G	40000	1500000	1500000	50	1500000	
0	0	5	0	A	40000	0	1500000	100	1500000	
0	0	5	0	B	40000	1500000	0	0	0	
0	0	5	1	G	40000	1500000	1500000	50	1500000	
0	0	5	1	A	40000	0	1500000	100	1500000	
0	0	5	1	B	40000	1500000	0	0	0	
0	0	5	2	G	40000	1500000	1500000	50	1500000	
0	0	5	2	A	40000	0	1500000	100	1500000	
0	0	5	2	B	40000	1500000	0	0	0	
0	0	5	3	G	40000	1500000	1500000	50	1500000	
0	0	5	3	A	40000	0	1500000	100	1500000	
0	0	5	3	B	40000	1500000	0	0	0	
0	0	5	4	G	40000	1500000	1500000	50	1500000	
0	0	5	4	A	40000	0	1500000	100	1500000	
0	0	5	4	B	40000	1500000	0	0	0	
0	0	5	5	G	40000	1500000	1500000	50	1500000	
0	0	5	5	A	40000	0	1500000	100	1500000	
0	0	5	5	B	40000	1500000	0	0	0	
0	0	5	6	G	40000	1500000	1500000	50	1500000	
0	0	5	6	A	40000	0	1500000	100	1500000	
0	0	5	6	B	40000	1500000	0	0	0	
0	0	5	7	G	40000	1500000	1500000	50	1500000	
0	0	5	7	A	40000	0	1500000	100	1500000	
0	0	5	7	B	40000	1500000	0	0	0	
0	0	6	0	G	40000	1500000	1500000	50	1500000	
0	0	6	0	A	40000	0	1500000	100	1500000	
0	0	6	0	B	40000	1500000	0	0	0	
0	0	6	1	G	40000	1500000	1500000	50	1500000	
0	0	6	1	A	40000	0	1500000	100	1500000	
0	0	6	1	B	40000	1500000	0	0	0	
0	0	6	2	G	40000	1500000	1500000	50	1500000	
0	0	6	2	A	40000	0	1500000	100	1500000	
0	0	6	2	B	40000	1500000	0	0	0	
0	0	6	3	G	40000	1500000	1500000	50	1500000	
0	0	6	3	A	40000	0	1500000	100	1500000	
0	0	6	3	B	40000	1500000	0	0	0	
0	0	6	4	G	40000	1500000	1500000	50	1500000	
0	0	6	4	A	40000	0	1500000	100	1500000	
0	0	6	4	B	40000	1500000	0	0	0	
0	0	6	5	G	40000	1500000	1500000	50	1500000	
0	0	6	5	A	40000	0	1500000	100	1500000	
0	0	6	5	B	40000	1500000	0	0	0	
0	0	6	6	G	40000	1500000	1500000	50	1500000	
0	0	6	6	A	40000	0	1500000	100	1500000	
0	0	6	6	B	40000	1500000	0	0	0	
0	0	6	7	G	40000	1500000	1500000	50	1500000	
0	0	6	7	A	40000	0	1500000	100	1500000	
0	0	6	7	B	40000	1500000	0	0	0	
0	0	7	0	G	40000	1500000	1500000	50	1500000	
0	0	7	0	A	40000	0	1500000	100	1500000	
0	0	7	0	B	40000	1500000	0	0	0	
0	0	7	1	G	40000	1500000	1494293	50	1500000	
0	0	7	1	A	40000	0	1494293	100	1500000	
0	0	7	1	B	40000	1500000	0	0	0	
0	0	7	2	G	40000	1500000	1494058	50	1500000	
0	0	7	2	A	40000	0	1494058	100	1500000	
0	0	7	2	B	40000	1500000	0	0	0	
0	0	7	3	G	40000	1500000	1494125	50	1500000	
0	0	7	3	A	40000	0	1494125	100	1500000	
0	0	7	3	B	40000	1500000	0	0	0	
0	0	7	4	G	40000	1500000	1493810	50	1500000	
0	0	7	4	A	40000	0	1493810	100	1500000	
0	0	7	4	B	40000	1500000	0	0	0	
0	0	7	5	G	40000	1500000	1494638	50	1500000	
0	0	7	5	A	40000	0	1494638	100	1500000	
0	0	7	5	B	40000	1500000	0	0	0	
0	0	7	6	G	40000	1500000	1494451	50	1500000	
0	0	7	6	A	40000	0	1494451	100	1500000	
0	0	7	6	B	40000	1500000	0	0	0	
0	0	7	7	G	40000	1500000	1495971	50	1500000	
0	0	7	7	A	40000	0	1495971	100	1500000	
0	0	7	7	B	40000	1500000	0	0	0	
0	1	0	0	G	40000	1500000	1500000	50	1500000	
0	1	0	0	A	40000	0	1500000	100	1500000	
0	1	0	0	B	40000	1500000	0	0	0	
0	1	0	1	G	40000	1500000	1500000	50	1500000	
0	1	0	1	A	40000	0	1500000	100	1500000	
0	1	0	1	B	40000	1500000	0	0	0	
0	1	0	2	G	40000	1500000	1500000	50	1500000	
0	1	0	2	A	40000	0	1500000	100	1500000	
0	1	0	2	B	40000	1500000	0	0	0	
0	1	0	3	G	40000	1500000	1500000	50	1500000	
0	1	0	3	A	40000	0	1500000	100	1500000	
0	1	0	3	B	40000	1500000	0	0	0	
0	1	0	4	G	40000	1500000	1500000	50	1500000	
0	1	0	4	A	40000	0	1500000	100	1500000	
0	1	0	4	B	40000	1500000	0	0	0	
0	1	0	5	G	40000	1500000	1500000	50	1500000	
0	1	0	5	A	40000	0	1500000	100	1500000	
0	1	0	5	B	40000	1500000	0	0	0	
0	1	0	6	G	40000	1500000	1500000	50	1500000	
0	1	0	6	A	40000	0	1500000	100	1500000	
0	1	0	6	B	40000	1500000	0	0	0	
0	1	0	7	G	40000	1500000	1500000	50	1500000	
0	1	0	7	A	40000	0	1500000	100	1500000	
0	1	0	7	B	40000	1500000	0	0	0	
0	1	1	0	G	40000	1500000	1500000	50	1500000	
0	1	1	0	A	40000	0	1500000	100	1500000	
0	1	1	0	B	40000	1500000	0	0	0	
0	1	1	1	G	40000	3000000	0	0	0	
0	1	1	1	A	40000	1500000	0	0	0	
0	1	1	1	B	40000	1500000	0	0	0	
0	1	1	2	G	40000	3000000	0	0	0	
0	1	1	2	A	40000	1500000	0	0	0	
0	1	1	2	B	40000	1500000	0	0	0	
0	1	1	3	G	40000	3000000	0	0	0	
0	1	1	3	A	40000	1500000	0	0	0	
0	1	1	3	B	40000	1500000	0	0	0	
0	1	1	4	G	40000	3000000	0	0	0	
0	1	1	4	A	40000	1500000	0	0	0	
0	1	1	4	B	40000	1500000	0	0	0	
0	1	1	5	G	40000	3000000	0	0	0	
0	1	1	5	A	40000	1500000	0	0	0	
0	1	1	5	B	40000	1500000	0	0	0	
0	1	1	6	G	40000	3000000	0	0	0	
0	1	1	6	A	40000	1500000	0	0	0	
0	1	1	6	B	40000	1500000	0	0	0	
0	1	1	7	G	40000	1585967	1317880	47.1344	1414033	
0	1	1	7	A	40000	85967	1317880	94.2689	1414033	
0	1	1	7	B	40000	1500000	0	0	0	
0	1	2	0	G	40000	1500000	1500000	50	1500000	
0	1	2	0	A	40000	0	1500000	100	1500000	
0	1	2	0	B	40000	1500000	0	0	0	
0	1	2	1	G	40000	3000000	0	0	0	
0	1	2	1	A	40000	1500000	0	0	0	
0	1	2	1	B	40000	1500000	0	0	0	
0	1	2	2	G	40000	3000000	0	0	0	
0	1	2	2	A	40000	1500000	0	0	0	
0	1	2	2	B	40000	1500000	0	0	0	
0	1	2	3	G	40000	3000000	0	0	0	
0	1	2	3	A	40000	1500000	0	0	0	
0	1	2	3	B	40000	1500000	0	0	0	
0	1	2	4	G	40000	3000000	0	0	0	
0	1	2	4	A	40000	1500000	0	0	0	
0	1	2	4	B	40000	1500000	0	0	0	
0	1	2	5	G	40000	3000000	0	0	0	
0	1	2	5	A	40000	1500000	0	0	0	
0	1	2	5	B	40000	1500000	0	0	0	
0	1	2	6	G	40000	3000000	0	0	0	
0	1	2	6	A	40000	1500000	0	0	0	
0	1	2	6	B	40000	1500000	0	0	0	
0	1	2	7	G	40000	1583144	1363753	47.2285	1416856	
0	1	2	7	A	40000	83144	1363753	94.4571	1416856	
0	1	2	7	B	40000	1500000	0	0	0	
0	1	3	0	G	40000	1500000	1500000	50	1500000	
0	1	3	0	A	40000	0	1500000	100	1500000	
0	1	3	0	B	40000	1500000	0	0	0	
0	1	3	1	G	40000	3000000	0	0	0	
0	1	3	1	A	40000	1500000	0	0	0	
0	1	3	1	B	40000	1500000	0	0	0	
0	1	3	2	G	40000	3000000	0	0	0	
0	1	3	2	A	40000	1500000	0	0	0	
0	1	3	2	B	40000	1500000	0	0	0	
0	1	3	3	G	40000	3000000	0	0	0	
0	1	3	3	A	40000	1500000	0	0	0	
0	1	3	3	B	40000	1500000	0	0	0	
0	1	3	4	G	40000	3000000	0	0	0	
0	1	3	4	A	40000	1500000	0	0	0	
0	1	3	4	B	40000	1500000	0	0	0	
0	1	3	5	G	40000	3000000	0	0	0	
0	1	3	5	A	40000	1500000	0	0	0	
0	1	3	5	B	40000	1500000	0	0	0	
0	1	3	6	G	40000	3000000	0	0	0	
0	1	3	6	A	40000	1500000	0	0	0	
0	1	3	6	B	40000	1500000	0	0	0	
0	1	3	7	G	40000	1571848	1428152	47.6051	1428152	
0	1	3	7	A	40000	71848	1428152	95.2101	1428152	
0	1	3	7	B	40000	1500000	0	0	0	
0	1	4	0	G	40000	1500000	1500000	50	1500000	
0	1	4	0	A	40000	0	1500000	100	1500000	
0	1	4	0	B	40000	1500000	0	0	0	
0	1	4	1	G	40000	3000000	0	0	0	
0	1	4	1	A	40000	1500000	0	0	0	
0	1	4	1	B	40000	1500000	0	0	0	
0	1	4	2	G	40000	3000000	0	0	0	
0	1	4	2	A	40000	1500000	0	0	0	
0	1	4	2	B	40000	1500000	0	0	0	
0	1	4	3	G	40000	3000000	0	0	0	
0	1	4	3	A	40000	1500000	0	0	0	
0	1	4	3	B	40000	1500000	0	0	0	
0	1	4	4	G	40000	3000000	0	0	0	
0	1	4	4	A	40000	1500000	0	0	0	
0	1	4	4	B	40000	1500000	0	0	0	
0	1	4	5	G	40000	3000000	0	0	0	
0	1	4	5	A	40000	1500000	0	0	0	
0	1	4	5	B	40000	1500000	0	0	0	
0	1	4	6	G	40000	3000000	0	0	0	
0	1	4	6	A	40000	1500000	0	0	0	
0	1	4	6	B	40000	1500000	0	0	0	
0	1	4	7	G	40000	1585263	1414737	47.1579	1414737	
0	1	4	7	A	40000	85263	1414737	94.3158	1414737	
0	1	4	7	B	40000	1500000	0	0	0	
0	1	5	0	G	40000	1500000	1500000	50	1500000	
0	1	5	0	A	40000	0	1500000	100	1500000	
0	1	5	0	B	40000	1500000	0	0	0	
0	1	5	1	G	40000	3000000	0	0	0	
0	1	5	1	A	40000	1500000	0	0	0	
0	1	5	1	B	40000	1500000	0	0	0	
0	1	5	2	G	40000	3000000	0	0	0	
0	1	5	2	A	40000	1500000	0	0	0	
0	1	5	2	B	40000	1500000	0	0	0	
0	1	5	3	G	40000	3000000	0	0	0	
0	1	5	3	A	40000	1500000	0	0	0	
0	1	5	3	B	40000	1500000	0	0	0	
0	1	5	4	G	40000	3000000	0	0	0	
0	1	5	4	A	40000	1500000	0	0	0	
0	1	5	4	B	40000	1500000	0	0	0	
0	1	5	5	G	40000	3000000	0	0	0	
0	1	5	5	A	40000	1500000	0	0	0	
0	1	5	5	B	40000	1500000	0	0	0	
0	1	5	6	G	40000	3000000	0	0	0	
0	1	5	6	A	40000	1500000	0	0	0	
0	1	5	6	B	40000	1500000	0	0	0	
0	1	5	7	G	40000	1587512	1412488	47.0829	1412488	
0	1	5	7	A	40000	87512	1412488	94.1659	1412488	
0	1	5	7	B	40000	1500000	0	0	0	
0	1	6	0	G	40000	1500000	1500000	50	1500000	
0	1	6	0	A	40000	0	1500000	100	1500000	
0	1	6	0	B	40000	1500000	0	0	0	
0	1	6	1	G	40000	3000000	0	0	0	
0	1	6	1	A	40000	1500000	0	0	0	
0	1	6	1	B	40000	1500000	0	0	0	
0	1	6	2	G	40000	3000000	0	0	0	
0	1	6	2	A	40000	1500000	0	0	0	
0	1	6	2	B	40000	1500000	0	0	0	
0	1	6	3	G	40000	3000000	0	0	0	
0	1	6	3	A	40000	1500000	0	0	0	
0	1	6	3	B	40000	1500000	0	0	0	
0	1	6	4	G	40000	3000000	0	0	0	
0	1	6	4	A	40000	1500000	0	0	0	
0	1	6	4	B	40000	1500000	0	0	0	
0	1	6	5	G	40000	3000000	0	0	0	
0	1	6	5	A	40000	1500000	0	0	0	
0	1	6	5	B	40000	1500000	0	0	0	
0	1	6	6	G	40000	3000000	0	0	0	
0	1	6	6	A	40000	1500000	0	0	0	
0	1	6	6	B	40000	1500000	0	0	0	
0	1	6	7	G	40000	1595807	1404193	46.8064	1404193	
0	1	6	7	A	40000	95807	1404193	93.6129	1404193	
0	1	6	7	B	40000	1500000	0	0	0	
0	1	7	0	G	40000	1500000	1193788	50	1500000	
0	1	7	0	A	40000	0	1193788	100	1500000	
0	1	7	0	B	40000	1500000	0	0	0	
0	1	7	1	G	40000	1500000	1500000	50	1500000	
0	1	7	1	A	40000	0	1500000	100	1500000	
0	1	7	1	B	40000	1500000	0	0	0	
0	1	7	2	G	40000	1500000	1500000	50	1500000	
0	1	7	2	A	40000	0	1500000	100	1500000	
0	1	7	2	B	40000	1500000	0	0	0	
0	1	7	3	G	40000	1500000	1500000	50	1500000	
0	1	7	3	A	40000	0	1500000	100	1500000	
0	1	7	3	B	40000	1500000	0	0	0	
0	1	7	4	G	40000	1500000	1500000	50	1500000	
0	1	7	4	A	40000	0	1500000	100	1500000	
0	1	7	4	B	40000	1500000	0	0	0	
0	1	7	5	G	40000	1500000	1500000	50	1500000	
0	1	7	5	A	40000	0	1500000	100	1500000	
0	1	7	5	B	40000	1500000	0	0	0	
0	1	7	6	G	40000	1500000	1500000	50	1500000	
0	1	7	6	A	40000	0	1500000	100	1500000	
0	1	7	6	B	40000	1500000	0	0	0	
0	1	7	7	G	40000	1500000	1500000	50	1500000	
0	1	7	7	A	40000	0	1500000	100	1500000	
0	1	7	7	B	40000	1500000	0	0	0	
1	0	0	0	G	40000	1500000	1500000	50	1500000	
1	0	0	0	A	40000	0	1500000	100	1500000	
1	0	0	0	B	40000	1500000	0	0	0	
1	0	0	0	Channel A had 4080000 times no trailer -> readout avoided!
1	0	0	1	spyfifo has been spamed more than a hundred times, burst canceled
1	0	0	2	spyfifo has been spamed more than a hundred times, burst canceled
1	0	0	3	spyfifo has been spamed more than a hundred times, burst canceled
1	0	0	4	G	40000	1649	170	99.945	2998351	
1	0	0	4	A	40000	0	170	100	1500000	
1	0	0	4	B	40000	1649	0	99.8901	1498351	
1	0	0	4	cSpy was 51 spamed and the readout avoided!
1	0	0	4	Channel A had 1734 times no trailer -> readout avoided!
1	0	0	4	Channel B had 1734 times no trailer -> readout avoided!
1	0	0	5	G	40000	0	0	100	3000000	
1	0	0	5	A	40000	0	0	100	1500000	
1	0	0	5	B	40000	0	0	100	1500000	
1	0	0	6	G	40000	0	0	100	3000000	
1	0	0	6	A	40000	0	0	100	1500000	
1	0	0	6	B	40000	0	0	100	1500000	
1	0	0	7	G	40000	0	0	100	3000000	
1	0	0	7	A	40000	0	0	100	1500000	
1	0	0	7	B	40000	0	0	100	1500000	
1	0	1	0	G	40000	1409869	475837	53.0044	1590131	
1	0	1	0	A	40000	0	475837	100	1500000	
1	0	1	0	B	40000	1409869	0	6.00873	90131	
1	0	1	0	Channel A had 2396830 times no trailer -> readout avoided!
1	0	1	1	G	40000	1500000	1500000	50	1500000	
1	0	1	1	A	40000	0	1500000	100	1500000	
1	0	1	1	B	40000	1500000	0	0	0	
1	0	1	2	G	40000	1500000	1500000	50	1500000	
1	0	1	2	A	40000	0	1500000	100	1500000	
1	0	1	2	B	40000	1500000	0	0	0	
1	0	1	3	G	40000	1500000	1500000	50	1500000	
1	0	1	3	A	40000	0	1500000	100	1500000	
1	0	1	3	B	40000	1500000	0	0	0	
1	0	1	4	G	40000	1500000	1500000	50	1500000	
1	0	1	4	A	40000	0	1500000	100	1500000	
1	0	1	4	B	40000	1500000	0	0	0	
1	0	1	5	G	40000	1500000	1500000	50	1500000	
1	0	1	5	A	40000	0	1500000	100	1500000	
1	0	1	5	B	40000	1500000	0	0	0	
1	0	1	6	G	40000	1500000	1500000	50	1500000	
1	0	1	6	A	40000	0	1500000	100	1500000	
1	0	1	6	B	40000	1500000	0	0	0	
1	0	1	7	G	40000	1500000	1500000	50	1500000	
1	0	1	7	A	40000	0	1500000	100	1500000	
1	0	1	7	B	40000	1500000	0	0	0	
1	0	2	0	G	40000	1500000	506250	50	1500000	
1	0	2	0	A	40000	0	506250	100	1500000	
1	0	2	0	B	40000	1500000	0	0	0	
1	0	2	0	Channel A had 2550000 times no trailer -> readout avoided!
1	0	2	1	G	40000	1500000	1500000	50	1500000	
1	0	2	1	A	40000	0	1500000	100	1500000	
1	0	2	1	B	40000	1500000	0	0	0	
1	0	2	2	G	40000	1500000	1500000	50	1500000	
1	0	2	2	A	40000	0	1500000	100	1500000	
1	0	2	2	B	40000	1500000	0	0	0	
1	0	2	3	G	40000	1500000	1500000	50	1500000	
1	0	2	3	A	40000	0	1500000	100	1500000	
1	0	2	3	B	40000	1500000	0	0	0	
1	0	2	4	G	40000	1500000	1500000	50	1500000	
1	0	2	4	A	40000	0	1500000	100	1500000	
1	0	2	4	B	40000	1500000	0	0	0	
1	0	2	5	G	40000	1500000	1500000	50	1500000	
1	0	2	5	A	40000	0	1500000	100	1500000	
1	0	2	5	B	40000	1500000	0	0	0	
1	0	2	6	G	40000	1500000	1500000	50	1500000	
1	0	2	6	A	40000	0	1500000	100	1500000	
1	0	2	6	B	40000	1500000	0	0	0	
1	0	2	7	G	40000	1500000	1500000	50	1500000	
1	0	2	7	A	40000	0	1500000	100	1500000	
1	0	2	7	B	40000	1500000	0	0	0	
1	0	3	0	G	40000	1500000	506250	50	1500000	
1	0	3	0	A	40000	0	506250	100	1500000	
1	0	3	0	B	40000	1500000	0	0	0	
1	0	3	0	Channel A had 2550000 times no trailer -> readout avoided!
1	0	3	1	G	40000	1500000	1500000	50	1500000	
1	0	3	1	A	40000	0	1500000	100	1500000	
1	0	3	1	B	40000	1500000	0	0	0	
1	0	3	2	G	40000	1500000	1500000	50	1500000	
1	0	3	2	A	40000	0	1500000	100	1500000	
1	0	3	2	B	40000	1500000	0	0	0	
1	0	3	3	G	40000	1500000	1500000	50	1500000	
1	0	3	3	A	40000	0	1500000	100	1500000	
1	0	3	3	B	40000	1500000	0	0	0	
1	0	3	4	G	40000	1500000	1500000	50	1500000	
1	0	3	4	A	40000	0	1500000	100	1500000	
1	0	3	4	B	40000	1500000	0	0	0	
1	0	3	5	G	40000	1500000	1500000	50	1500000	
1	0	3	5	A	40000	0	1500000	100	1500000	
1	0	3	5	B	40000	1500000	0	0	0	
1	0	3	6	G	40000	1500000	1500000	50	1500000	
1	0	3	6	A	40000	0	1500000	100	1500000	
1	0	3	6	B	40000	1500000	0	0	0	
1	0	3	7	G	40000	1500000	1500000	50	1500000	
1	0	3	7	A	40000	0	1500000	100	1500000	
1	0	3	7	B	40000	1500000	0	0	0	
1	0	4	0	G	40000	1500000	506250	50	1500000	
1	0	4	0	A	40000	0	506250	100	1500000	
1	0	4	0	B	40000	1500000	0	0	0	
1	0	4	0	Channel A had 2550000 times no trailer -> readout avoided!
1	0	4	1	G	40000	1500000	1500000	50	1500000	
1	0	4	1	A	40000	0	1500000	100	1500000	
1	0	4	1	B	40000	1500000	0	0	0	
1	0	4	2	G	40000	1500000	1500000	50	1500000	
1	0	4	2	A	40000	0	1500000	100	1500000	
1	0	4	2	B	40000	1500000	0	0	0	
1	0	4	3	G	40000	1500000	1500000	50	1500000	
1	0	4	3	A	40000	0	1500000	100	1500000	
1	0	4	3	B	40000	1500000	0	0	0	
1	0	4	4	G	40000	1500000	1500000	50	1500000	
1	0	4	4	A	40000	0	1500000	100	1500000	
1	0	4	4	B	40000	1500000	0	0	0	
1	0	4	5	G	40000	1500000	1500000	50	1500000	
1	0	4	5	A	40000	0	1500000	100	1500000	
1	0	4	5	B	40000	1500000	0	0	0	
1	0	4	6	G	40000	1500000	1500000	50	1500000	
1	0	4	6	A	40000	0	1500000	100	1500000	
1	0	4	6	B	40000	1500000	0	0	0	
1	0	4	7	G	40000	1500000	1500000	50	1500000	
1	0	4	7	A	40000	0	1500000	100	1500000	
1	0	4	7	B	40000	1500000	0	0	0	
1	0	5	0	G	40000	1500000	506250	50	1500000	
1	0	5	0	A	40000	0	506250	100	1500000	
1	0	5	0	B	40000	1500000	0	0	0	
1	0	5	0	Channel A had 2550000 times no trailer -> readout avoided!
1	0	5	1	G	40000	1500000	1500000	50	1500000	
1	0	5	1	A	40000	0	1500000	100	1500000	
1	0	5	1	B	40000	1500000	0	0	0	
1	0	5	2	G	40000	1500000	1500000	50	1500000	
1	0	5	2	A	40000	0	1500000	100	1500000	
1	0	5	2	B	40000	1500000	0	0	0	
1	0	5	3	G	40000	1500000	1500000	50	1500000	
1	0	5	3	A	40000	0	1500000	100	1500000	
1	0	5	3	B	40000	1500000	0	0	0	
1	0	5	4	G	40000	1500000	1500000	50	1500000	
1	0	5	4	A	40000	0	1500000	100	1500000	
1	0	5	4	B	40000	1500000	0	0	0	
1	0	5	5	G	40000	1500000	1500000	50	1500000	
1	0	5	5	A	40000	0	1500000	100	1500000	
1	0	5	5	B	40000	1500000	0	0	0	
1	0	5	6	G	40000	1500000	1500000	50	1500000	
1	0	5	6	A	40000	0	1500000	100	1500000	
1	0	5	6	B	40000	1500000	0	0	0	
1	0	5	7	G	40000	1500000	1500000	50	1500000	
1	0	5	7	A	40000	0	1500000	100	1500000	
1	0	5	7	B	40000	1500000	0	0	0	
1	0	6	0	G	40000	1500000	506250	50	1500000	
1	0	6	0	A	40000	0	506250	100	1500000	
1	0	6	0	B	40000	1500000	0	0	0	
1	0	6	0	Channel A had 2550000 times no trailer -> readout avoided!
1	0	6	1	G	40000	1500000	1500000	50	1500000	
1	0	6	1	A	40000	0	1500000	100	1500000	
1	0	6	1	B	40000	1500000	0	0	0	
1	0	6	2	G	40000	1500000	1500000	50	1500000	
1	0	6	2	A	40000	0	1500000	100	1500000	
1	0	6	2	B	40000	1500000	0	0	0	
1	0	6	3	G	40000	1500000	1500000	50	1500000	
1	0	6	3	A	40000	0	1500000	100	1500000	
1	0	6	3	B	40000	1500000	0	0	0	
1	0	6	4	G	40000	1500000	1500000	50	1500000	
1	0	6	4	A	40000	0	1500000	100	1500000	
1	0	6	4	B	40000	1500000	0	0	0	
1	0	6	5	G	40000	1500000	1500000	50	1500000	
1	0	6	5	A	40000	0	1500000	100	1500000	
1	0	6	5	B	40000	1500000	0	0	0	
1	0	6	6	G	40000	1500000	1500000	50	1500000	
1	0	6	6	A	40000	0	1500000	100	1500000	
1	0	6	6	B	40000	1500000	0	0	0	
1	0	6	7	G	40000	1500000	1500000	50	1500000	
1	0	6	7	A	40000	0	1500000	100	1500000	
1	0	6	7	B	40000	1500000	0	0	0	
1	0	7	0	G	40000	1500000	1500000	50	1500000	
1	0	7	0	A	40000	0	1500000	100	1500000	
1	0	7	0	B	40000	1500000	0	0	0	
1	0	7	0	Channel A had 652494 times no trailer -> readout avoided!
1	0	7	1	G	40000	1500000	1494986	50	1500000	
1	0	7	1	A	40000	0	1494986	100	1500000	
1	0	7	1	B	40000	1500000	0	0	0	
1	0	7	2	G	40000	1500000	1495101	50	1500000	
1	0	7	2	A	40000	0	1495101	100	1500000	
1	0	7	2	B	40000	1500000	0	0	0	
1	0	7	3	G	40000	1500000	1495237	50	1500000	
1	0	7	3	A	40000	0	1495237	100	1500000	
1	0	7	3	B	40000	1500000	0	0	0	
1	0	7	4	G	40000	1500000	1494927	50	1500000	
1	0	7	4	A	40000	0	1494927	100	1500000	
1	0	7	4	B	40000	1500000	0	0	0	
1	0	7	5	G	40000	1500000	1495441	50	1500000	
1	0	7	5	A	40000	0	1495441	100	1500000	
1	0	7	5	B	40000	1500000	0	0	0	
1	0	7	6	G	40000	1500000	1495235	50	1500000	
1	0	7	6	A	40000	0	1495235	100	1500000	
1	0	7	6	B	40000	1500000	0	0	0	
1	0	7	7	G	40000	1500000	1496705	50	1500000	
1	0	7	7	A	40000	0	1496705	100	1500000	
1	0	7	7	B	40000	1500000	0	0	0	
1	1	0	0	G	40000	1500000	1500000	50	1500000	
1	1	0	0	A	40000	0	1500000	100	1500000	
1	1	0	0	B	40000	1500000	0	0	0	
1	1	0	1	G	40000	1500000	1020000	50	1500000	
1	1	0	1	A	40000	0	1020000	100	1500000	
1	1	0	1	B	40000	1500000	0	0	0	
1	1	0	2	G	40000	1500000	1020000	50	1500000	
1	1	0	2	A	40000	0	1020000	100	1500000	
1	1	0	2	B	40000	1500000	0	0	0	
1	1	0	3	G	40000	1500000	1020000	50	1500000	
1	1	0	3	A	40000	0	1020000	100	1500000	
1	1	0	3	B	40000	1500000	0	0	0	
1	1	0	4	G	40000	1500000	1020000	50	1500000	
1	1	0	4	A	40000	0	1020000	100	1500000	
1	1	0	4	B	40000	1500000	0	0	0	
1	1	0	5	G	40000	1500000	1020000	50	1500000	
1	1	0	5	A	40000	0	1020000	100	1500000	
1	1	0	5	B	40000	1500000	0	0	0	
1	1	0	6	G	40000	1500000	1020000	50	1500000	
1	1	0	6	A	40000	0	1020000	100	1500000	
1	1	0	6	B	40000	1500000	0	0	0	
1	1	0	7	G	40000	1500000	1500000	50	1500000	
1	1	0	7	A	40000	0	1500000	100	1500000	
1	1	0	7	B	40000	1500000	0	0	0	
1	1	1	0	G	40000	1500000	1500000	50	1500000	
1	1	1	0	A	40000	0	1500000	100	1500000	
1	1	1	0	B	40000	1500000	0	0	0	
1	1	1	1	G	40000	3000000	0	0	0	
1	1	1	1	A	40000	1500000	0	0	0	
1	1	1	1	B	40000	1500000	0	0	0	
1	1	1	2	G	40000	3000000	0	0	0	
1	1	1	2	A	40000	1500000	0	0	0	
1	1	1	2	B	40000	1500000	0	0	0	
1	1	1	3	G	40000	3000000	0	0	0	
1	1	1	3	A	40000	1500000	0	0	0	
1	1	1	3	B	40000	1500000	0	0	0	
1	1	1	4	G	40000	3000000	0	0	0	
1	1	1	4	A	40000	1500000	0	0	0	
1	1	1	4	B	40000	1500000	0	0	0	
1	1	1	5	G	40000	3000000	0	0	0	
1	1	1	5	A	40000	1500000	0	0	0	
1	1	1	5	B	40000	1500000	0	0	0	
1	1	1	6	G	40000	3000000	0	0	0	
1	1	1	6	A	40000	1500000	0	0	0	
1	1	1	6	B	40000	1500000	0	0	0	
1	1	1	7	G	40000	1601442	1371139	46.6186	1398558	
1	1	1	7	A	40000	101442	1371139	93.2372	1398558	
1	1	1	7	B	40000	1500000	0	0	0	
1	1	2	0	G	40000	1500000	1500000	50	1500000	
1	1	2	0	A	40000	0	1500000	100	1500000	
1	1	2	0	B	40000	1500000	0	0	0	
1	1	2	1	G	40000	3000000	0	0	0	
1	1	2	1	A	40000	1500000	0	0	0	
1	1	2	1	B	40000	1500000	0	0	0	
1	1	2	2	G	40000	3000000	0	0	0	
1	1	2	2	A	40000	1500000	0	0	0	
1	1	2	2	B	40000	1500000	0	0	0	
1	1	2	3	G	40000	3000000	0	0	0	
1	1	2	3	A	40000	1500000	0	0	0	
1	1	2	3	B	40000	1500000	0	0	0	
1	1	2	4	G	40000	3000000	0	0	0	
1	1	2	4	A	40000	1500000	0	0	0	
1	1	2	4	B	40000	1500000	0	0	0	
1	1	2	5	G	40000	3000000	0	0	0	
1	1	2	5	A	40000	1500000	0	0	0	
1	1	2	5	B	40000	1500000	0	0	0	
1	1	2	6	G	40000	3000000	0	0	0	
1	1	2	6	A	40000	1500000	0	0	0	
1	1	2	6	B	40000	1500000	0	0	0	
1	1	2	7	G	40000	1596016	1364528	46.7995	1403984	
1	1	2	7	A	40000	96016	1364528	93.5989	1403984	
1	1	2	7	B	40000	1500000	0	0	0	
1	1	3	0	G	40000	1500000	1500000	50	1500000	
1	1	3	0	A	40000	0	1500000	100	1500000	
1	1	3	0	B	40000	1500000	0	0	0	
1	1	3	1	G	40000	3000000	0	0	0	
1	1	3	1	A	40000	1500000	0	0	0	
1	1	3	1	B	40000	1500000	0	0	0	
1	1	3	2	G	40000	3000000	0	0	0	
1	1	3	2	A	40000	1500000	0	0	0	
1	1	3	2	B	40000	1500000	0	0	0	
1	1	3	3	G	40000	3000000	0	0	0	
1	1	3	3	A	40000	1500000	0	0	0	
1	1	3	3	B	40000	1500000	0	0	0	
1	1	3	4	G	40000	3000000	0	0	0	
1	1	3	4	A	40000	1500000	0	0	0	
1	1	3	4	B	40000	1500000	0	0	0	
1	1	3	5	G	40000	3000000	0	0	0	
1	1	3	5	A	40000	1500000	0	0	0	
1	1	3	5	B	40000	1500000	0	0	0	
1	1	3	6	G	40000	3000000	0	0	0	
1	1	3	6	A	40000	1500000	0	0	0	
1	1	3	6	B	40000	1500000	0	0	0	
1	1	3	7	G	40000	1594553	1366698	46.8482	1405447	
1	1	3	7	A	40000	94553	1366698	93.6965	1405447	
1	1	3	7	B	40000	1500000	0	0	0	
1	1	4	0	G	40000	1500000	1500000	50	1500000	
1	1	4	0	A	40000	0	1500000	100	1500000	
1	1	4	0	B	40000	1500000	0	0	0	
1	1	4	1	G	40000	3000000	0	0	0	
1	1	4	1	A	40000	1500000	0	0	0	
1	1	4	1	B	40000	1500000	0	0	0	
1	1	4	2	G	40000	3000000	0	0	0	
1	1	4	2	A	40000	1500000	0	0	0	
1	1	4	2	B	40000	1500000	0	0	0	
1	1	4	3	G	40000	3000000	0	0	0	
1	1	4	3	A	40000	1500000	0	0	0	
1	1	4	3	B	40000	1500000	0	0	0	
1	1	4	4	G	40000	3000000	0	0	0	
1	1	4	4	A	40000	1500000	0	0	0	
1	1	4	4	B	40000	1500000	0	0	0	
1	1	4	5	G	40000	3000000	0	0	0	
1	1	4	5	A	40000	1500000	0	0	0	
1	1	4	5	B	40000	1500000	0	0	0	
1	1	4	6	G	40000	3000000	0	0	0	
1	1	4	6	A	40000	1500000	0	0	0	
1	1	4	6	B	40000	1500000	0	0	0	
1	1	4	7	G	40000	1591947	1376723	46.9351	1408053	
1	1	4	7	A	40000	91947	1376723	93.8702	1408053	
1	1	4	7	B	40000	1500000	0	0	0	
1	1	5	0	G	40000	1500000	1500000	50	1500000	
1	1	5	0	A	40000	0	1500000	100	1500000	
1	1	5	0	B	40000	1500000	0	0	0	
1	1	5	1	G	40000	3000000	0	0	0	
1	1	5	1	A	40000	1500000	0	0	0	
1	1	5	1	B	40000	1500000	0	0	0	
1	1	5	2	G	40000	3000000	0	0	0	
1	1	5	2	A	40000	1500000	0	0	0	
1	1	5	2	B	40000	1500000	0	0	0	
1	1	5	3	G	40000	3000000	0	0	0	
1	1	5	3	A	40000	1500000	0	0	0	
1	1	5	3	B	40000	1500000	0	0	0	
1	1	5	4	G	40000	3000000	0	0	0	
1	1	5	4	A	40000	1500000	0	0	0	
1	1	5	4	B	40000	1500000	0	0	0	
1	1	5	5	G	40000	3000000	0	0	0	
1	1	5	5	A	40000	1500000	0	0	0	
1	1	5	5	B	40000	1500000	0	0	0	
1	1	5	6	G	40000	3000000	0	0	0	
1	1	5	6	A	40000	1500000	0	0	0	
1	1	5	6	B	40000	1500000	0	0	0	
1	1	5	7	G	40000	1613863	1362770	46.2046	1386137	
1	1	5	7	A	40000	113863	1362770	92.4091	1386137	
1	1	5	7	B	40000	1500000	0	0	0	
1	1	6	0	G	40000	1500000	1500000	50	1500000	
1	1	6	0	A	40000	0	1500000	100	1500000	
1	1	6	0	B	40000	1500000	0	0	0	
1	1	6	1	G	40000	3000000	0	0	0	
1	1	6	1	A	40000	1500000	0	0	0	
1	1	6	1	B	40000	1500000	0	0	0	
1	1	6	2	G	40000	3000000	0	0	0	
1	1	6	2	A	40000	1500000	0	0	0	
1	1	6	2	B	40000	1500000	0	0	0	
1	1	6	3	G	40000	3000000	0	0	0	
1	1	6	3	A	40000	1500000	0	0	0	
1	1	6	3	B	40000	1500000	0	0	0	
1	1	6	4	G	40000	3000000	0	0	0	
1	1	6	4	A	40000	1500000	0	0	0	
1	1	6	4	B	40000	1500000	0	0	0	
1	1	6	5	G	40000	3000000	0	0	0	
1	1	6	5	A	40000	1500000	0	0	0	
1	1	6	5	B	40000	1500000	0	0	0	
1	1	6	6	G	40000	3000000	0	0	0	
1	1	6	6	A	40000	1500000	0	0	0	
1	1	6	6	B	40000	1500000	0	0	0	
1	1	6	7	G	40000	1596442	1366071	46.7853	1403558	
1	1	6	7	A	40000	96442	1366071	93.5705	1403558	
1	1	6	7	B	40000	1500000	0	0	0	
1	1	7	0	G	40000	1500000	1169420	50	1500000	
1	1	7	0	A	40000	0	1169420	100	1500000	
1	1	7	0	B	40000	1500000	0	0	0	
1	1	7	1	G	40000	1500000	1499970	50	1500000	
1	1	7	1	A	40000	0	1499970	100	1500000	
1	1	7	1	B	40000	1500000	0	0	0	
1	1	7	2	G	40000	1500000	1499909	50	1500000	
1	1	7	2	A	40000	0	1499909	100	1500000	
1	1	7	2	B	40000	1500000	0	0	0	
1	1	7	3	G	40000	1500000	1500000	50	1500000	
1	1	7	3	A	40000	0	1500000	100	1500000	
1	1	7	3	B	40000	1500000	0	0	0	
1	1	7	4	G	40000	1500000	1499984	50	1500000	
1	1	7	4	A	40000	0	1499984	100	1500000	
1	1	7	4	B	40000	1500000	0	0	0	
1	1	7	5	G	40000	1500000	1499996	50	1500000	
1	1	7	5	A	40000	0	1499996	100	1500000	
1	1	7	5	B	40000	1500000	0	0	0	
1	1	7	6	G	40000	1500000	1499998	50	1500000	
1	1	7	6	A	40000	0	1499998	100	1500000	
1	1	7	6	B	40000	1500000	0	0	0	
