#the gain was set to: 2	the bias was set to: 30
#Sent triggers per delay setting: 10000	and with a frequency [Hz] of: 40000
#Delay token Ins by 6.25ns	delay Head/Trail by 6.25ns	delay port 1	delay port 0	Frequency	good words	tot error	error in %	bad or missed events (tbm header/trailer not correct)
0	0	0	0	G	40000	20000	0	0	0	
0	0	0	0	A	40000	10000	0	0	0	
0	0	0	0	B	40000	10000	0	0	0	
0	0	0	1	G	40000	10000	10000	50	10000	
0	0	0	1	A	40000	0	10000	100	10000	
0	0	0	1	B	40000	10000	0	0	0	
0	0	0	2	G	40000	10000	10000	50	10000	
0	0	0	2	A	40000	0	10000	100	10000	
0	0	0	2	B	40000	10000	0	0	0	
0	0	0	3	G	40000	10000	10000	50	10000	
0	0	0	3	A	40000	0	10000	100	10000	
0	0	0	3	B	40000	10000	0	0	0	
0	0	0	4	G	40000	10000	10000	50	10000	
0	0	0	4	A	40000	0	10000	100	10000	
0	0	0	4	B	40000	10000	0	0	0	
0	0	0	5	G	40000	10000	10000	50	10000	
0	0	0	5	A	40000	0	10000	100	10000	
0	0	0	5	B	40000	10000	0	0	0	
0	0	0	6	G	40000	10000	10000	50	10000	
0	0	0	6	A	40000	0	10000	100	10000	
0	0	0	6	B	40000	10000	0	0	0	
0	0	0	7	G	40000	10000	3133	50	10000	
0	0	0	7	A	40000	0	3133	100	10000	
0	0	0	7	B	40000	10000	0	0	0	
0	0	1	0	G	40000	10000	10000	50	10000	
0	0	1	0	A	40000	0	10000	100	10000	
0	0	1	0	B	40000	10000	0	0	0	
0	0	1	1	G	40000	10000	10000	50	10000	
0	0	1	1	A	40000	0	10000	100	10000	
0	0	1	1	B	40000	10000	0	0	0	
0	0	1	2	G	40000	10000	10000	50	10000	
0	0	1	2	A	40000	0	10000	100	10000	
0	0	1	2	B	40000	10000	0	0	0	
0	0	1	3	G	40000	10000	10000	50	10000	
0	0	1	3	A	40000	0	10000	100	10000	
0	0	1	3	B	40000	10000	0	0	0	
0	0	1	4	G	40000	10000	10000	50	10000	
0	0	1	4	A	40000	0	10000	100	10000	
0	0	1	4	B	40000	10000	0	0	0	
0	0	1	5	G	40000	10000	10000	50	10000	
0	0	1	5	A	40000	0	10000	100	10000	
0	0	1	5	B	40000	10000	0	0	0	
0	0	1	6	G	40000	10000	10000	50	10000	
0	0	1	6	A	40000	0	10000	100	10000	
0	0	1	6	B	40000	10000	0	0	0	
0	0	1	7	G	40000	10000	10000	50	10000	
0	0	1	7	A	40000	0	10000	100	10000	
0	0	1	7	B	40000	10000	0	0	0	
0	0	2	0	G	40000	10000	10000	50	10000	
0	0	2	0	A	40000	0	10000	100	10000	
0	0	2	0	B	40000	10000	0	0	0	
0	0	2	1	G	40000	10000	10000	50	10000	
0	0	2	1	A	40000	0	10000	100	10000	
0	0	2	1	B	40000	10000	0	0	0	
0	0	2	2	G	40000	10000	10000	50	10000	
0	0	2	2	A	40000	0	10000	100	10000	
0	0	2	2	B	40000	10000	0	0	0	
0	0	2	3	G	40000	10000	10000	50	10000	
0	0	2	3	A	40000	0	10000	100	10000	
0	0	2	3	B	40000	10000	0	0	0	
0	0	2	4	G	40000	10000	10000	50	10000	
0	0	2	4	A	40000	0	10000	100	10000	
0	0	2	4	B	40000	10000	0	0	0	
0	0	2	5	G	40000	10000	10000	50	10000	
0	0	2	5	A	40000	0	10000	100	10000	
0	0	2	5	B	40000	10000	0	0	0	
0	0	2	6	G	40000	10000	10000	50	10000	
0	0	2	6	A	40000	0	10000	100	10000	
0	0	2	6	B	40000	10000	0	0	0	
0	0	2	7	G	40000	10000	10000	50	10000	
0	0	2	7	A	40000	0	10000	100	10000	
0	0	2	7	B	40000	10000	0	0	0	
0	0	3	0	G	40000	10000	10000	50	10000	
0	0	3	0	A	40000	0	10000	100	10000	
0	0	3	0	B	40000	10000	0	0	0	
0	0	3	1	G	40000	10000	10000	50	10000	
0	0	3	1	A	40000	0	10000	100	10000	
0	0	3	1	B	40000	10000	0	0	0	
0	0	3	2	G	40000	10000	10000	50	10000	
0	0	3	2	A	40000	0	10000	100	10000	
0	0	3	2	B	40000	10000	0	0	0	
0	0	3	3	G	40000	10000	10000	50	10000	
0	0	3	3	A	40000	0	10000	100	10000	
0	0	3	3	B	40000	10000	0	0	0	
0	0	3	4	G	40000	10000	10000	50	10000	
0	0	3	4	A	40000	0	10000	100	10000	
0	0	3	4	B	40000	10000	0	0	0	
0	0	3	5	G	40000	10000	10000	50	10000	
0	0	3	5	A	40000	0	10000	100	10000	
0	0	3	5	B	40000	10000	0	0	0	
0	0	3	6	G	40000	10000	10000	50	10000	
0	0	3	6	A	40000	0	10000	100	10000	
0	0	3	6	B	40000	10000	0	0	0	
0	0	3	7	G	40000	10000	10000	50	10000	
0	0	3	7	A	40000	0	10000	100	10000	
0	0	3	7	B	40000	10000	0	0	0	
0	0	4	0	G	40000	10000	10000	50	10000	
0	0	4	0	A	40000	0	10000	100	10000	
0	0	4	0	B	40000	10000	0	0	0	
0	0	4	1	G	40000	10000	10000	50	10000	
0	0	4	1	A	40000	0	10000	100	10000	
0	0	4	1	B	40000	10000	0	0	0	
0	0	4	2	G	40000	10000	10000	50	10000	
0	0	4	2	A	40000	0	10000	100	10000	
0	0	4	2	B	40000	10000	0	0	0	
0	0	4	3	G	40000	10000	10000	50	10000	
0	0	4	3	A	40000	0	10000	100	10000	
0	0	4	3	B	40000	10000	0	0	0	
0	0	4	4	G	40000	10000	10000	50	10000	
0	0	4	4	A	40000	0	10000	100	10000	
0	0	4	4	B	40000	10000	0	0	0	
0	0	4	5	G	40000	10000	10000	50	10000	
0	0	4	5	A	40000	0	10000	100	10000	
0	0	4	5	B	40000	10000	0	0	0	
0	0	4	6	G	40000	10000	10000	50	10000	
0	0	4	6	A	40000	0	10000	100	10000	
0	0	4	6	B	40000	10000	0	0	0	
0	0	4	7	G	40000	10000	10000	50	10000	
0	0	4	7	A	40000	0	10000	100	10000	
0	0	4	7	B	40000	10000	0	0	0	
0	0	5	0	G	40000	10000	10000	50	10000	
0	0	5	0	A	40000	0	10000	100	10000	
0	0	5	0	B	40000	10000	0	0	0	
0	0	5	1	G	40000	10000	10000	50	10000	
0	0	5	1	A	40000	0	10000	100	10000	
0	0	5	1	B	40000	10000	0	0	0	
0	0	5	2	G	40000	10000	10000	50	10000	
0	0	5	2	A	40000	0	10000	100	10000	
0	0	5	2	B	40000	10000	0	0	0	
0	0	5	3	G	40000	10000	10000	50	10000	
0	0	5	3	A	40000	0	10000	100	10000	
0	0	5	3	B	40000	10000	0	0	0	
0	0	5	4	G	40000	10000	10000	50	10000	
0	0	5	4	A	40000	0	10000	100	10000	
0	0	5	4	B	40000	10000	0	0	0	
0	0	5	5	G	40000	10000	10000	50	10000	
0	0	5	5	A	40000	0	10000	100	10000	
0	0	5	5	B	40000	10000	0	0	0	
0	0	5	6	G	40000	10000	10000	50	10000	
0	0	5	6	A	40000	0	10000	100	10000	
0	0	5	6	B	40000	10000	0	0	0	
0	0	5	7	G	40000	10000	10000	50	10000	
0	0	5	7	A	40000	0	10000	100	10000	
0	0	5	7	B	40000	10000	0	0	0	
0	0	6	0	G	40000	10000	10000	50	10000	
0	0	6	0	A	40000	0	10000	100	10000	
0	0	6	0	B	40000	10000	0	0	0	
0	0	6	1	G	40000	10000	10000	50	10000	
0	0	6	1	A	40000	0	10000	100	10000	
0	0	6	1	B	40000	10000	0	0	0	
0	0	6	2	G	40000	10000	10000	50	10000	
0	0	6	2	A	40000	0	10000	100	10000	
0	0	6	2	B	40000	10000	0	0	0	
0	0	6	3	G	40000	10000	10000	50	10000	
0	0	6	3	A	40000	0	10000	100	10000	
0	0	6	3	B	40000	10000	0	0	0	
0	0	6	4	G	40000	10000	10000	50	10000	
0	0	6	4	A	40000	0	10000	100	10000	
0	0	6	4	B	40000	10000	0	0	0	
0	0	6	5	G	40000	10000	10000	50	10000	
0	0	6	5	A	40000	0	10000	100	10000	
0	0	6	5	B	40000	10000	0	0	0	
0	0	6	6	G	40000	10000	10000	50	10000	
0	0	6	6	A	40000	0	10000	100	10000	
0	0	6	6	B	40000	10000	0	0	0	
0	0	6	7	G	40000	10000	10000	50	10000	
0	0	6	7	A	40000	0	10000	100	10000	
0	0	6	7	B	40000	10000	0	0	0	
0	0	7	0	G	40000	10000	10000	50	10000	
0	0	7	0	A	40000	0	10000	100	10000	
0	0	7	0	B	40000	10000	0	0	0	
0	0	7	1	G	40000	10000	9961	50	10000	
0	0	7	1	A	40000	0	9961	100	10000	
0	0	7	1	B	40000	10000	0	0	0	
0	0	7	2	G	40000	10000	9959	50	10000	
0	0	7	2	A	40000	0	9959	100	10000	
0	0	7	2	B	40000	10000	0	0	0	
0	0	7	3	G	40000	10000	9962	50	10000	
0	0	7	3	A	40000	0	9962	100	10000	
0	0	7	3	B	40000	10000	0	0	0	
0	0	7	4	G	40000	10000	9970	50	10000	
0	0	7	4	A	40000	0	9970	100	10000	
0	0	7	4	B	40000	10000	0	0	0	
0	0	7	5	G	40000	10000	9960	50	10000	
0	0	7	5	A	40000	0	9960	100	10000	
0	0	7	5	B	40000	10000	0	0	0	
0	0	7	6	G	40000	10000	9959	50	10000	
0	0	7	6	A	40000	0	9959	100	10000	
0	0	7	6	B	40000	10000	0	0	0	
0	0	7	7	G	40000	10000	9971	50	10000	
0	0	7	7	A	40000	0	9971	100	10000	
0	0	7	7	B	40000	10000	0	0	0	
0	1	0	0	G	40000	10000	10000	50	10000	
0	1	0	0	A	40000	0	10000	100	10000	
0	1	0	0	B	40000	10000	0	0	0	
0	1	0	1	G	40000	10000	10000	50	10000	
0	1	0	1	A	40000	0	10000	100	10000	
0	1	0	1	B	40000	10000	0	0	0	
0	1	0	2	G	40000	10000	10000	50	10000	
0	1	0	2	A	40000	0	10000	100	10000	
0	1	0	2	B	40000	10000	0	0	0	
0	1	0	3	G	40000	10000	10000	50	10000	
0	1	0	3	A	40000	0	10000	100	10000	
0	1	0	3	B	40000	10000	0	0	0	
0	1	0	4	G	40000	10000	10000	50	10000	
0	1	0	4	A	40000	0	10000	100	10000	
0	1	0	4	B	40000	10000	0	0	0	
0	1	0	5	G	40000	10000	10000	50	10000	
0	1	0	5	A	40000	0	10000	100	10000	
0	1	0	5	B	40000	10000	0	0	0	
0	1	0	6	G	40000	10000	10000	50	10000	
0	1	0	6	A	40000	0	10000	100	10000	
0	1	0	6	B	40000	10000	0	0	0	
0	1	0	7	G	40000	10000	10000	50	10000	
0	1	0	7	A	40000	0	10000	100	10000	
0	1	0	7	B	40000	10000	0	0	0	
0	1	1	0	G	40000	10000	10000	50	10000	
0	1	1	0	A	40000	0	10000	100	10000	
0	1	1	0	B	40000	10000	0	0	0	
0	1	1	1	G	40000	20000	0	0	0	
0	1	1	1	A	40000	10000	0	0	0	
0	1	1	1	B	40000	10000	0	0	0	
0	1	1	2	G	40000	20000	0	0	0	
0	1	1	2	A	40000	10000	0	0	0	
0	1	1	2	B	40000	10000	0	0	0	
0	1	1	3	G	40000	20000	0	0	0	
0	1	1	3	A	40000	10000	0	0	0	
0	1	1	3	B	40000	10000	0	0	0	
0	1	1	4	G	40000	20000	0	0	0	
0	1	1	4	A	40000	10000	0	0	0	
0	1	1	4	B	40000	10000	0	0	0	
0	1	1	5	G	40000	20000	0	0	0	
0	1	1	5	A	40000	10000	0	0	0	
0	1	1	5	B	40000	10000	0	0	0	
0	1	1	6	G	40000	20000	0	0	0	
0	1	1	6	A	40000	10000	0	0	0	
0	1	1	6	B	40000	10000	0	0	0	
0	1	1	7	G	40000	10357	8916	48.215	9643	
0	1	1	7	A	40000	357	8916	96.43	9643	
0	1	1	7	B	40000	10000	0	0	0	
0	1	2	0	G	40000	10000	10000	50	10000	
0	1	2	0	A	40000	0	10000	100	10000	
0	1	2	0	B	40000	10000	0	0	0	
0	1	2	1	G	40000	20000	0	0	0	
0	1	2	1	A	40000	10000	0	0	0	
0	1	2	1	B	40000	10000	0	0	0	
0	1	2	2	G	40000	20000	0	0	0	
0	1	2	2	A	40000	10000	0	0	0	
0	1	2	2	B	40000	10000	0	0	0	
0	1	2	3	G	40000	20000	0	0	0	
0	1	2	3	A	40000	10000	0	0	0	
0	1	2	3	B	40000	10000	0	0	0	
0	1	2	4	G	40000	20000	0	0	0	
0	1	2	4	A	40000	10000	0	0	0	
0	1	2	4	B	40000	10000	0	0	0	
0	1	2	5	G	40000	20000	0	0	0	
0	1	2	5	A	40000	10000	0	0	0	
0	1	2	5	B	40000	10000	0	0	0	
0	1	2	6	G	40000	20000	0	0	0	
0	1	2	6	A	40000	10000	0	0	0	
0	1	2	6	B	40000	10000	0	0	0	
0	1	2	7	G	40000	10378	9161	48.11	9622	
0	1	2	7	A	40000	378	9161	96.22	9622	
0	1	2	7	B	40000	10000	0	0	0	
0	1	3	0	G	40000	10000	10000	50	10000	
0	1	3	0	A	40000	0	10000	100	10000	
0	1	3	0	B	40000	10000	0	0	0	
0	1	3	1	G	40000	20000	0	0	0	
0	1	3	1	A	40000	10000	0	0	0	
0	1	3	1	B	40000	10000	0	0	0	
0	1	3	2	G	40000	20000	0	0	0	
0	1	3	2	A	40000	10000	0	0	0	
0	1	3	2	B	40000	10000	0	0	0	
0	1	3	3	G	40000	20000	0	0	0	
0	1	3	3	A	40000	10000	0	0	0	
0	1	3	3	B	40000	10000	0	0	0	
0	1	3	4	G	40000	20000	0	0	0	
0	1	3	4	A	40000	10000	0	0	0	
0	1	3	4	B	40000	10000	0	0	0	
0	1	3	5	G	40000	20000	0	0	0	
0	1	3	5	A	40000	10000	0	0	0	
0	1	3	5	B	40000	10000	0	0	0	
0	1	3	6	G	40000	20000	0	0	0	
0	1	3	6	A	40000	10000	0	0	0	
0	1	3	6	B	40000	10000	0	0	0	
0	1	3	7	G	40000	10404	9596	47.98	9596	
0	1	3	7	A	40000	404	9596	95.96	9596	
0	1	3	7	B	40000	10000	0	0	0	
0	1	4	0	G	40000	10000	10000	50	10000	
0	1	4	0	A	40000	0	10000	100	10000	
0	1	4	0	B	40000	10000	0	0	0	
0	1	4	1	G	40000	20000	0	0	0	
0	1	4	1	A	40000	10000	0	0	0	
0	1	4	1	B	40000	10000	0	0	0	
0	1	4	2	G	40000	20000	0	0	0	
0	1	4	2	A	40000	10000	0	0	0	
0	1	4	2	B	40000	10000	0	0	0	
0	1	4	3	G	40000	20000	0	0	0	
0	1	4	3	A	40000	10000	0	0	0	
0	1	4	3	B	40000	10000	0	0	0	
0	1	4	4	G	40000	20000	0	0	0	
0	1	4	4	A	40000	10000	0	0	0	
0	1	4	4	B	40000	10000	0	0	0	
0	1	4	5	G	40000	20000	0	0	0	
0	1	4	5	A	40000	10000	0	0	0	
0	1	4	5	B	40000	10000	0	0	0	
0	1	4	6	G	40000	20000	0	0	0	
0	1	4	6	A	40000	10000	0	0	0	
0	1	4	6	B	40000	10000	0	0	0	
0	1	4	7	G	40000	10372	9628	48.14	9628	
0	1	4	7	A	40000	372	9628	96.28	9628	
0	1	4	7	B	40000	10000	0	0	0	
0	1	5	0	G	40000	10000	10000	50	10000	
0	1	5	0	A	40000	0	10000	100	10000	
0	1	5	0	B	40000	10000	0	0	0	
0	1	5	1	G	40000	20000	0	0	0	
0	1	5	1	A	40000	10000	0	0	0	
0	1	5	1	B	40000	10000	0	0	0	
0	1	5	2	G	40000	20000	0	0	0	
0	1	5	2	A	40000	10000	0	0	0	
0	1	5	2	B	40000	10000	0	0	0	
0	1	5	3	G	40000	20000	0	0	0	
0	1	5	3	A	40000	10000	0	0	0	
0	1	5	3	B	40000	10000	0	0	0	
0	1	5	4	G	40000	20000	0	0	0	
0	1	5	4	A	40000	10000	0	0	0	
0	1	5	4	B	40000	10000	0	0	0	
0	1	5	5	G	40000	20000	0	0	0	
0	1	5	5	A	40000	10000	0	0	0	
0	1	5	5	B	40000	10000	0	0	0	
0	1	5	6	G	40000	20000	0	0	0	
0	1	5	6	A	40000	10000	0	0	0	
0	1	5	6	B	40000	10000	0	0	0	
0	1	5	7	G	40000	10385	9615	48.075	9615	
0	1	5	7	A	40000	385	9615	96.15	9615	
0	1	5	7	B	40000	10000	0	0	0	
0	1	6	0	G	40000	10000	10000	50	10000	
0	1	6	0	A	40000	0	10000	100	10000	
0	1	6	0	B	40000	10000	0	0	0	
0	1	6	1	G	40000	20000	0	0	0	
0	1	6	1	A	40000	10000	0	0	0	
0	1	6	1	B	40000	10000	0	0	0	
0	1	6	2	G	40000	20000	0	0	0	
0	1	6	2	A	40000	10000	0	0	0	
0	1	6	2	B	40000	10000	0	0	0	
0	1	6	3	G	40000	20000	0	0	0	
0	1	6	3	A	40000	10000	0	0	0	
0	1	6	3	B	40000	10000	0	0	0	
0	1	6	4	G	40000	20000	0	0	0	
0	1	6	4	A	40000	10000	0	0	0	
0	1	6	4	B	40000	10000	0	0	0	
0	1	6	5	G	40000	20000	0	0	0	
0	1	6	5	A	40000	10000	0	0	0	
0	1	6	5	B	40000	10000	0	0	0	
0	1	6	6	G	40000	20000	0	0	0	
0	1	6	6	A	40000	10000	0	0	0	
0	1	6	6	B	40000	10000	0	0	0	
0	1	6	7	G	40000	10333	9667	48.335	9667	
0	1	6	7	A	40000	333	9667	96.67	9667	
0	1	6	7	B	40000	10000	0	0	0	
0	1	7	0	G	40000	10000	8954	50	10000	
0	1	7	0	A	40000	0	8954	100	10000	
0	1	7	0	B	40000	10000	0	0	0	
0	1	7	1	G	40000	10000	10000	50	10000	
0	1	7	1	A	40000	0	10000	100	10000	
0	1	7	1	B	40000	10000	0	0	0	
0	1	7	2	G	40000	10000	10000	50	10000	
0	1	7	2	A	40000	0	10000	100	10000	
0	1	7	2	B	40000	10000	0	0	0	
0	1	7	3	G	40000	10000	10000	50	10000	
0	1	7	3	A	40000	0	10000	100	10000	
0	1	7	3	B	40000	10000	0	0	0	
0	1	7	4	G	40000	10000	10000	50	10000	
0	1	7	4	A	40000	0	10000	100	10000	
0	1	7	4	B	40000	10000	0	0	0	
0	1	7	5	G	40000	10000	10000	50	10000	
0	1	7	5	A	40000	0	10000	100	10000	
0	1	7	5	B	40000	10000	0	0	0	
0	1	7	6	G	40000	10000	10000	50	10000	
0	1	7	6	A	40000	0	10000	100	10000	
0	1	7	6	B	40000	10000	0	0	0	
0	1	7	7	G	40000	10000	10000	50	10000	
0	1	7	7	A	40000	0	10000	100	10000	
0	1	7	7	B	40000	10000	0	0	0	
1	0	0	0	G	40000	10000	10000	50	10000	
1	0	0	0	A	40000	0	10000	100	10000	
1	0	0	0	B	40000	10000	0	0	0	
1	0	0	0	Channel A had 27200 times no trailer -> readout avoided!
1	0	0	1	spyfifo has been spamed more than a hundred times, burst canceled
1	0	0	2	spyfifo has been spamed more than a hundred times, burst canceled
1	0	0	3	G	40000	2693	285	86.535	17307	
1	0	0	3	A	40000	0	285	100	10000	
1	0	0	3	B	40000	2693	0	73.07	7307	
1	0	0	3	cSpy was 81 spamed and the readout avoided!
1	0	0	3	Channel A had 2876 times no trailer -> readout avoided!
1	0	0	3	Channel B had 2822 times no trailer -> readout avoided!
1	0	0	4	G	40000	0	0	100	20000	
1	0	0	4	A	40000	0	0	100	10000	
1	0	0	4	B	40000	0	0	100	10000	
1	0	0	5	G	40000	0	0	100	20000	
1	0	0	5	A	40000	0	0	100	10000	
1	0	0	5	B	40000	0	0	100	10000	
1	0	0	6	G	40000	0	0	100	20000	
1	0	0	6	A	40000	0	0	100	10000	
1	0	0	6	B	40000	0	0	100	10000	
1	0	0	7	G	40000	0	0	100	20000	
1	0	0	7	A	40000	0	0	100	10000	
1	0	0	7	B	40000	0	0	100	10000	
1	0	1	0	G	40000	0	0	100	20000	
1	0	1	0	A	40000	0	0	100	10000	
1	0	1	0	B	40000	0	0	100	10000	
1	0	1	1	G	40000	0	0	100	20000	
1	0	1	1	A	40000	0	0	100	10000	
1	0	1	1	B	40000	0	0	100	10000	
1	0	1	2	G	40000	0	0	100	20000	
1	0	1	2	A	40000	0	0	100	10000	
1	0	1	2	B	40000	0	0	100	10000	
1	0	1	3	G	40000	0	0	100	20000	
1	0	1	3	A	40000	0	0	100	10000	
1	0	1	3	B	40000	0	0	100	10000	
1	0	1	4	G	40000	0	0	100	20000	
1	0	1	4	A	40000	0	0	100	10000	
1	0	1	4	B	40000	0	0	100	10000	
1	0	1	5	G	40000	0	0	100	20000	
1	0	1	5	A	40000	0	0	100	10000	
1	0	1	5	B	40000	0	0	100	10000	
1	0	1	6	G	40000	0	0	100	20000	
1	0	1	6	A	40000	0	0	100	10000	
1	0	1	6	B	40000	0	0	100	10000	
1	0	1	7	G	40000	6842	6842	65.79	13158	
1	0	1	7	A	40000	0	6842	100	10000	
1	0	1	7	B	40000	6842	0	31.58	3158	
1	0	2	0	G	40000	10000	3375	50	10000	
1	0	2	0	A	40000	0	3375	100	10000	
1	0	2	0	B	40000	10000	0	0	0	
1	0	2	0	Channel A had 17000 times no trailer -> readout avoided!
1	0	2	1	G	40000	10000	10000	50	10000	
1	0	2	1	A	40000	0	10000	100	10000	
1	0	2	1	B	40000	10000	0	0	0	
1	0	2	2	G	40000	10000	10000	50	10000	
1	0	2	2	A	40000	0	10000	100	10000	
1	0	2	2	B	40000	10000	0	0	0	
1	0	2	3	G	40000	10000	10000	50	10000	
1	0	2	3	A	40000	0	10000	100	10000	
1	0	2	3	B	40000	10000	0	0	0	
1	0	2	4	G	40000	10000	10000	50	10000	
1	0	2	4	A	40000	0	10000	100	10000	
1	0	2	4	B	40000	10000	0	0	0	
1	0	2	5	G	40000	10000	10000	50	10000	
1	0	2	5	A	40000	0	10000	100	10000	
1	0	2	5	B	40000	10000	0	0	0	
1	0	2	6	G	40000	10000	10000	50	10000	
1	0	2	6	A	40000	0	10000	100	10000	
1	0	2	6	B	40000	10000	0	0	0	
1	0	2	7	G	40000	10000	10000	50	10000	
1	0	2	7	A	40000	0	10000	100	10000	
1	0	2	7	B	40000	10000	0	0	0	
1	0	3	0	G	40000	10000	3375	50	10000	
1	0	3	0	A	40000	0	3375	100	10000	
1	0	3	0	B	40000	10000	0	0	0	
1	0	3	0	Channel A had 17000 times no trailer -> readout avoided!
1	0	3	1	G	40000	10000	10000	50	10000	
1	0	3	1	A	40000	0	10000	100	10000	
1	0	3	1	B	40000	10000	0	0	0	
1	0	3	2	G	40000	10000	10000	50	10000	
1	0	3	2	A	40000	0	10000	100	10000	
1	0	3	2	B	40000	10000	0	0	0	
1	0	3	3	G	40000	10000	10000	50	10000	
1	0	3	3	A	40000	0	10000	100	10000	
1	0	3	3	B	40000	10000	0	0	0	
1	0	3	4	G	40000	10000	10000	50	10000	
1	0	3	4	A	40000	0	10000	100	10000	
1	0	3	4	B	40000	10000	0	0	0	
1	0	3	5	G	40000	10000	10000	50	10000	
1	0	3	5	A	40000	0	10000	100	10000	
1	0	3	5	B	40000	10000	0	0	0	
1	0	3	6	G	40000	10000	10000	50	10000	
1	0	3	6	A	40000	0	10000	100	10000	
1	0	3	6	B	40000	10000	0	0	0	
1	0	3	7	G	40000	10000	10000	50	10000	
1	0	3	7	A	40000	0	10000	100	10000	
1	0	3	7	B	40000	10000	0	0	0	
1	0	4	0	G	40000	10000	3375	50	10000	
1	0	4	0	A	40000	0	3375	100	10000	
1	0	4	0	B	40000	10000	0	0	0	
1	0	4	0	Channel A had 17000 times no trailer -> readout avoided!
1	0	4	1	G	40000	10000	10000	50	10000	
1	0	4	1	A	40000	0	10000	100	10000	
1	0	4	1	B	40000	10000	0	0	0	
1	0	4	2	G	40000	10000	10000	50	10000	
1	0	4	2	A	40000	0	10000	100	10000	
1	0	4	2	B	40000	10000	0	0	0	
1	0	4	3	G	40000	10000	10000	50	10000	
1	0	4	3	A	40000	0	10000	100	10000	
1	0	4	3	B	40000	10000	0	0	0	
1	0	4	4	G	40000	10000	10000	50	10000	
1	0	4	4	A	40000	0	10000	100	10000	
1	0	4	4	B	40000	10000	0	0	0	
1	0	4	5	G	40000	10000	10000	50	10000	
1	0	4	5	A	40000	0	10000	100	10000	
1	0	4	5	B	40000	10000	0	0	0	
1	0	4	6	G	40000	10000	10000	50	10000	
1	0	4	6	A	40000	0	10000	100	10000	
1	0	4	6	B	40000	10000	0	0	0	
1	0	4	7	G	40000	10000	10000	50	10000	
1	0	4	7	A	40000	0	10000	100	10000	
1	0	4	7	B	40000	10000	0	0	0	
1	0	5	0	G	40000	10000	3375	50	10000	
1	0	5	0	A	40000	0	3375	100	10000	
1	0	5	0	B	40000	10000	0	0	0	
1	0	5	0	Channel A had 17000 times no trailer -> readout avoided!
1	0	5	1	G	40000	10000	10000	50	10000	
1	0	5	1	A	40000	0	10000	100	10000	
1	0	5	1	B	40000	10000	0	0	0	
1	0	5	2	G	40000	10000	10000	50	10000	
1	0	5	2	A	40000	0	10000	100	10000	
1	0	5	2	B	40000	10000	0	0	0	
1	0	5	3	G	40000	10000	10000	50	10000	
1	0	5	3	A	40000	0	10000	100	10000	
1	0	5	3	B	40000	10000	0	0	0	
1	0	5	4	G	40000	10000	10000	50	10000	
1	0	5	4	A	40000	0	10000	100	10000	
1	0	5	4	B	40000	10000	0	0	0	
1	0	5	5	G	40000	10000	10000	50	10000	
1	0	5	5	A	40000	0	10000	100	10000	
1	0	5	5	B	40000	10000	0	0	0	
1	0	5	6	G	40000	10000	10000	50	10000	
1	0	5	6	A	40000	0	10000	100	10000	
1	0	5	6	B	40000	10000	0	0	0	
1	0	5	7	G	40000	10000	10000	50	10000	
1	0	5	7	A	40000	0	10000	100	10000	
1	0	5	7	B	40000	10000	0	0	0	
1	0	6	0	G	40000	10000	3375	50	10000	
1	0	6	0	A	40000	0	3375	100	10000	
1	0	6	0	B	40000	10000	0	0	0	
1	0	6	0	Channel A had 17000 times no trailer -> readout avoided!
1	0	6	1	G	40000	10000	10000	50	10000	
1	0	6	1	A	40000	0	10000	100	10000	
1	0	6	1	B	40000	10000	0	0	0	
1	0	6	2	G	40000	10000	10000	50	10000	
1	0	6	2	A	40000	0	10000	100	10000	
1	0	6	2	B	40000	10000	0	0	0	
1	0	6	3	G	40000	10000	10000	50	10000	
1	0	6	3	A	40000	0	10000	100	10000	
1	0	6	3	B	40000	10000	0	0	0	
1	0	6	4	G	40000	10000	10000	50	10000	
1	0	6	4	A	40000	0	10000	100	10000	
1	0	6	4	B	40000	10000	0	0	0	
1	0	6	5	G	40000	10000	10000	50	10000	
1	0	6	5	A	40000	0	10000	100	10000	
1	0	6	5	B	40000	10000	0	0	0	
1	0	6	6	G	40000	10000	10000	50	10000	
1	0	6	6	A	40000	0	10000	100	10000	
1	0	6	6	B	40000	10000	0	0	0	
1	0	6	7	G	40000	10000	10000	50	10000	
1	0	6	7	A	40000	0	10000	100	10000	
1	0	6	7	B	40000	10000	0	0	0	
1	0	7	0	G	40000	10000	10000	50	10000	
1	0	7	0	A	40000	0	10000	100	10000	
1	0	7	0	B	40000	10000	0	0	0	
1	0	7	0	Channel A had 4216 times no trailer -> readout avoided!
1	0	7	1	G	40000	10000	9958	50	10000	
1	0	7	1	A	40000	0	9958	100	10000	
1	0	7	1	B	40000	10000	0	0	0	
1	0	7	2	G	40000	10000	9966	50	10000	
1	0	7	2	A	40000	0	9966	100	10000	
1	0	7	2	B	40000	10000	0	0	0	
1	0	7	3	G	40000	10000	9953	50	10000	
1	0	7	3	A	40000	0	9953	100	10000	
1	0	7	3	B	40000	10000	0	0	0	
1	0	7	4	G	40000	10000	9960	50	10000	
1	0	7	4	A	40000	0	9960	100	10000	
1	0	7	4	B	40000	10000	0	0	0	
1	0	7	5	G	40000	10000	9956	50	10000	
1	0	7	5	A	40000	0	9956	100	10000	
1	0	7	5	B	40000	10000	0	0	0	
1	0	7	6	G	40000	10000	9969	50	10000	
1	0	7	6	A	40000	0	9969	100	10000	
1	0	7	6	B	40000	10000	0	0	0	
1	0	7	7	G	40000	10000	9976	50	10000	
1	0	7	7	A	40000	0	9976	100	10000	
1	0	7	7	B	40000	10000	0	0	0	
1	1	0	0	G	40000	10000	10000	50	10000	
1	1	0	0	A	40000	0	10000	100	10000	
1	1	0	0	B	40000	10000	0	0	0	
1	1	0	1	G	40000	10000	6800	50	10000	
1	1	0	1	A	40000	0	6800	100	10000	
1	1	0	1	B	40000	10000	0	0	0	
1	1	0	2	G	40000	10000	6800	50	10000	
1	1	0	2	A	40000	0	6800	100	10000	
1	1	0	2	B	40000	10000	0	0	0	
1	1	0	3	G	40000	10000	6800	50	10000	
1	1	0	3	A	40000	0	6800	100	10000	
1	1	0	3	B	40000	10000	0	0	0	
1	1	0	4	G	40000	10000	6800	50	10000	
1	1	0	4	A	40000	0	6800	100	10000	
1	1	0	4	B	40000	10000	0	0	0	
1	1	0	5	G	40000	10000	6800	50	10000	
1	1	0	5	A	40000	0	6800	100	10000	
1	1	0	5	B	40000	10000	0	0	0	
1	1	0	6	G	40000	10000	6800	50	10000	
1	1	0	6	A	40000	0	6800	100	10000	
1	1	0	6	B	40000	10000	0	0	0	
1	1	0	7	G	40000	10000	10000	50	10000	
1	1	0	7	A	40000	0	10000	100	10000	
1	1	0	7	B	40000	10000	0	0	0	
1	1	1	0	G	40000	10000	10000	50	10000	
1	1	1	0	A	40000	0	10000	100	10000	
1	1	1	0	B	40000	10000	0	0	0	
1	1	1	1	G	40000	20000	0	0	0	
1	1	1	1	A	40000	10000	0	0	0	
1	1	1	1	B	40000	10000	0	0	0	
1	1	1	2	G	40000	20000	0	0	0	
1	1	1	2	A	40000	10000	0	0	0	
1	1	1	2	B	40000	10000	0	0	0	
1	1	1	3	G	40000	20000	0	0	0	
1	1	1	3	A	40000	10000	0	0	0	
1	1	1	3	B	40000	10000	0	0	0	
1	1	1	4	G	40000	20000	0	0	0	
1	1	1	4	A	40000	10000	0	0	0	
1	1	1	4	B	40000	10000	0	0	0	
1	1	1	5	G	40000	20000	0	0	0	
1	1	1	5	A	40000	10000	0	0	0	
1	1	1	5	B	40000	10000	0	0	0	
1	1	1	6	G	40000	20000	0	0	0	
1	1	1	6	A	40000	10000	0	0	0	
1	1	1	6	B	40000	10000	0	0	0	
1	1	1	7	G	40000	10416	9254	47.92	9584	
1	1	1	7	A	40000	416	9254	95.84	9584	
1	1	1	7	B	40000	10000	0	0	0	
1	1	2	0	G	40000	10000	10000	50	10000	
1	1	2	0	A	40000	0	10000	100	10000	
1	1	2	0	B	40000	10000	0	0	0	
1	1	2	1	G	40000	20000	0	0	0	
1	1	2	1	A	40000	10000	0	0	0	
1	1	2	1	B	40000	10000	0	0	0	
1	1	2	2	G	40000	20000	0	0	0	
1	1	2	2	A	40000	10000	0	0	0	
1	1	2	2	B	40000	10000	0	0	0	
1	1	2	3	G	40000	20000	0	0	0	
1	1	2	3	A	40000	10000	0	0	0	
1	1	2	3	B	40000	10000	0	0	0	
1	1	2	4	G	40000	20000	0	0	0	
1	1	2	4	A	40000	10000	0	0	0	
1	1	2	4	B	40000	10000	0	0	0	
1	1	2	5	G	40000	20000	0	0	0	
1	1	2	5	A	40000	10000	0	0	0	
1	1	2	5	B	40000	10000	0	0	0	
1	1	2	6	G	40000	20000	0	0	0	
1	1	2	6	A	40000	10000	0	0	0	
1	1	2	6	B	40000	10000	0	0	0	
1	1	2	7	G	40000	10357	9330	48.215	9643	
1	1	2	7	A	40000	357	9330	96.43	9643	
1	1	2	7	B	40000	10000	0	0	0	
1	1	3	0	G	40000	10000	10000	50	10000	
1	1	3	0	A	40000	0	10000	100	10000	
1	1	3	0	B	40000	10000	0	0	0	
1	1	3	1	G	40000	20000	0	0	0	
1	1	3	1	A	40000	10000	0	0	0	
1	1	3	1	B	40000	10000	0	0	0	
1	1	3	2	G	40000	20000	0	0	0	
1	1	3	2	A	40000	10000	0	0	0	
1	1	3	2	B	40000	10000	0	0	0	
1	1	3	3	G	40000	20000	0	0	0	
1	1	3	3	A	40000	10000	0	0	0	
1	1	3	3	B	40000	10000	0	0	0	
1	1	3	4	G	40000	20000	0	0	0	
1	1	3	4	A	40000	10000	0	0	0	
1	1	3	4	B	40000	10000	0	0	0	
1	1	3	5	G	40000	20000	0	0	0	
1	1	3	5	A	40000	10000	0	0	0	
1	1	3	5	B	40000	10000	0	0	0	
1	1	3	6	G	40000	20000	0	0	0	
1	1	3	6	A	40000	10000	0	0	0	
1	1	3	6	B	40000	10000	0	0	0	
1	1	3	7	G	40000	10322	9299	48.39	9678	
1	1	3	7	A	40000	322	9299	96.78	9678	
1	1	3	7	B	40000	10000	0	0	0	
1	1	4	0	G	40000	10000	10000	50	10000	
1	1	4	0	A	40000	0	10000	100	10000	
1	1	4	0	B	40000	10000	0	0	0	
1	1	4	1	G	40000	20000	0	0	0	
1	1	4	1	A	40000	10000	0	0	0	
1	1	4	1	B	40000	10000	0	0	0	
1	1	4	2	G	40000	20000	0	0	0	
1	1	4	2	A	40000	10000	0	0	0	
1	1	4	2	B	40000	10000	0	0	0	
1	1	4	3	G	40000	20000	0	0	0	
1	1	4	3	A	40000	10000	0	0	0	
1	1	4	3	B	40000	10000	0	0	0	
1	1	4	4	G	40000	20000	0	0	0	
1	1	4	4	A	40000	10000	0	0	0	
1	1	4	4	B	40000	10000	0	0	0	
1	1	4	5	G	40000	20000	0	0	0	
1	1	4	5	A	40000	10000	0	0	0	
1	1	4	5	B	40000	10000	0	0	0	
1	1	4	6	G	40000	20000	0	0	0	
1	1	4	6	A	40000	10000	0	0	0	
1	1	4	6	B	40000	10000	0	0	0	
1	1	4	7	G	40000	10357	9264	48.215	9643	
1	1	4	7	A	40000	357	9264	96.43	9643	
1	1	4	7	B	40000	10000	0	0	0	
1	1	5	0	G	40000	10000	10000	50	10000	
1	1	5	0	A	40000	0	10000	100	10000	
1	1	5	0	B	40000	10000	0	0	0	
1	1	5	1	G	40000	20000	0	0	0	
1	1	5	1	A	40000	10000	0	0	0	
1	1	5	1	B	40000	10000	0	0	0	
1	1	5	2	G	40000	20000	0	0	0	
1	1	5	2	A	40000	10000	0	0	0	
1	1	5	2	B	40000	10000	0	0	0	
1	1	5	3	G	40000	20000	0	0	0	
1	1	5	3	A	40000	10000	0	0	0	
1	1	5	3	B	40000	10000	0	0	0	
1	1	5	4	G	40000	20000	0	0	0	
1	1	5	4	A	40000	10000	0	0	0	
1	1	5	4	B	40000	10000	0	0	0	
1	1	5	5	G	40000	20000	0	0	0	
1	1	5	5	A	40000	10000	0	0	0	
1	1	5	5	B	40000	10000	0	0	0	
1	1	5	6	G	40000	20000	0	0	0	
1	1	5	6	A	40000	10000	0	0	0	
1	1	5	6	B	40000	10000	0	0	0	
1	1	5	7	G	40000	10309	9255	48.455	9691	
1	1	5	7	A	40000	309	9255	96.91	9691	
1	1	5	7	B	40000	10000	0	0	0	
1	1	6	0	G	40000	10000	10000	50	10000	
1	1	6	0	A	40000	0	10000	100	10000	
1	1	6	0	B	40000	10000	0	0	0	
1	1	6	1	G	40000	20000	0	0	0	
1	1	6	1	A	40000	10000	0	0	0	
1	1	6	1	B	40000	10000	0	0	0	
1	1	6	2	G	40000	20000	0	0	0	
1	1	6	2	A	40000	10000	0	0	0	
1	1	6	2	B	40000	10000	0	0	0	
1	1	6	3	G	40000	20000	0	0	0	
1	1	6	3	A	40000	10000	0	0	0	
1	1	6	3	B	40000	10000	0	0	0	
1	1	6	4	G	40000	20000	0	0	0	
1	1	6	4	A	40000	10000	0	0	0	
1	1	6	4	B	40000	10000	0	0	0	
1	1	6	5	G	40000	20000	0	0	0	
1	1	6	5	A	40000	10000	0	0	0	
1	1	6	5	B	40000	10000	0	0	0	
1	1	6	6	G	40000	20000	0	0	0	
1	1	6	6	A	40000	10000	0	0	0	
1	1	6	6	B	40000	10000	0	0	0	
1	1	6	7	G	40000	10378	9315	48.11	9622	
1	1	6	7	A	40000	378	9315	96.22	9622	
1	1	6	7	B	40000	10000	0	0	0	
1	1	7	0	G	40000	10000	8290	50	10000	
1	1	7	0	A	40000	0	8290	100	10000	
1	1	7	0	B	40000	10000	0	0	0	
1	1	7	1	G	40000	10000	10000	50	10000	
1	1	7	1	A	40000	0	10000	100	10000	
1	1	7	1	B	40000	10000	0	0	0	
1	1	7	2	G	40000	10000	10000	50	10000	
1	1	7	2	A	40000	0	10000	100	10000	
1	1	7	2	B	40000	10000	0	0	0	
1	1	7	3	G	40000	10000	10000	50	10000	
1	1	7	3	A	40000	0	10000	100	10000	
1	1	7	3	B	40000	10000	0	0	0	
1	1	7	4	G	40000	10000	10000	50	10000	
1	1	7	4	A	40000	0	10000	100	10000	
1	1	7	4	B	40000	10000	0	0	0	
1	1	7	5	G	40000	10000	10000	50	10000	
1	1	7	5	A	40000	0	10000	100	10000	
1	1	7	5	B	40000	10000	0	0	0	
1	1	7	6	G	40000	10000	10000	50	10000	
1	1	7	6	A	40000	0	10000	100	10000	
1	1	7	6	B	40000	10000	0	0	0	
