#Sent triggers per gain and bias: 50000	and with a frequency [Hz] of: 100000
#Gain	bias	Frequency	correct transmitted H+T		error rate [%]	uncertainty [%]	bad or missed events	error count	missing headers	missing trailers	flipped H/T	event nr errors	tbm missed trigger	unknown errors	event nr resets
3	40	G	100000	50000	0	0	0	0	0	0	0	0	0	0	2
A	100000	50000	0	0	0	0	0	0	0	0	0	0	1
B	100000	50000	0	0	0	0	0	0	0	0	0	0	1
3	39	G	100000	49999	0.00200272	0	1	2	0	0	0	2	0	0	4
A	100000	49999	0.00200272	0	1	1	0	0	0	1	0	0	2
B	100000	49999	0.00200272	0	1	1	0	0	0	1	0	0	2
3	38	G	100000	49998	0.00399947	0	2	4	0	0	0	4	0	0	6
A	100000	49998	0.00399947	0	2	2	0	0	0	2	0	0	3
B	100000	49998	0.00399947	0	2	2	0	0	0	2	0	0	3
3	37	G	100000	49998	0.00399947	0	2	4	0	0	0	4	0	0	6
A	100000	49998	0.00399947	0	2	2	0	0	0	2	0	0	3
B	100000	49998	0.00399947	0	2	2	0	0	0	2	0	0	3
3	36	G	100000	50000	0	0	0	0	0	0	0	0	0	0	2
A	100000	50000	0	0	0	0	0	0	0	0	0	0	1
B	100000	50000	0	0	0	0	0	0	0	0	0	0	1
3	35	G	100000	50000	0	0	0	0	0	0	0	0	0	0	2
A	100000	50000	0	0	0	0	0	0	0	0	0	0	1
B	100000	50000	0	0	0	0	0	0	0	0	0	0	1
3	34	G	100000	50000	0	0	0	0	0	0	0	0	0	0	2
A	100000	50000	0	0	0	0	0	0	0	0	0	0	1
B	100000	50000	0	0	0	0	0	0	0	0	0	0	1
3	33	G	100000	50000	0	0	0	0	0	0	0	0	0	0	2
A	100000	50000	0	0	0	0	0	0	0	0	0	0	1
B	100000	50000	0	0	0	0	0	0	0	0	0	0	1
3	32	G	100000	50000	0	0	0	0	0	0	0	0	0	0	2
A	100000	50000	0	0	0	0	0	0	0	0	0	0	1
B	100000	50000	0	0	0	0	0	0	0	0	0	0	1
3	31	G	100000	50000	0	0	0	0	0	0	0	0	0	0	2
A	100000	50000	0	0	0	0	0	0	0	0	0	0	1
B	100000	50000	0	0	0	0	0	0	0	0	0	0	1
3	30	G	100000	50000	0	0	0	0	0	0	0	0	0	0	2
A	100000	50000	0	0	0	0	0	0	0	0	0	0	1
B	100000	50000	0	0	0	0	0	0	0	0	0	0	1
3	29	G	100000	50000	0	0	0	0	0	0	0	0	0	0	2
A	100000	50000	0	0	0	0	0	0	0	0	0	0	1
B	100000	50000	0	0	0	0	0	0	0	0	0	0	1
3	28	G	100000	50000	0	0	0	0	0	0	0	0	0	0	2
A	100000	50000	0	0	0	0	0	0	0	0	0	0	1
B	100000	50000	0	0	0	0	0	0	0	0	0	0	1
3	27	G	100000	50000	0	0	0	0	0	0	0	0	0	0	2
A	100000	50000	0	0	0	0	0	0	0	0	0	0	1
B	100000	50000	0	0	0	0	0	0	0	0	0	0	1
3	26	G	100000	50000	0	0	0	0	0	0	0	0	0	0	2
A	100000	50000	0	0	0	0	0	0	0	0	0	0	1
B	100000	50000	0	0	0	0	0	0	0	0	0	0	1
3	25	G	100000	50000	0	0	0	0	0	0	0	0	0	0	2
A	100000	50000	0	0	0	0	0	0	0	0	0	0	1
B	100000	50000	0	0	0	0	0	0	0	0	0	0	1
3	24	G	100000	50000	0	0	0	0	0	0	0	0	0	0	2
A	100000	50000	0	0	0	0	0	0	0	0	0	0	1
B	100000	50000	0	0	0	0	0	0	0	0	0	0	1
3	23	G	100000	50000	0	0	0	0	0	0	0	0	0	0	2
A	100000	50000	0	0	0	0	0	0	0	0	0	0	1
B	100000	50000	0	0	0	0	0	0	0	0	0	0	1
3	22	G	100000	50000	0	0	0	0	0	0	0	0	0	0	2
A	100000	50000	0	0	0	0	0	0	0	0	0	0	1
B	100000	50000	0	0	0	0	0	0	0	0	0	0	1
3	21	G	100000	50000	0	0	0	0	0	0	0	0	0	0	2
A	100000	50000	0	0	0	0	0	0	0	0	0	0	1
B	100000	50000	0	0	0	0	0	0	0	0	0	0	1
3	20	G	100000	50000	0	0	0	0	0	0	0	0	0	0	2
A	100000	50000	0	0	0	0	0	0	0	0	0	0	1
B	100000	50000	0	0	0	0	0	0	0	0	0	0	1
3	19	G	100000	50000	0	0	0	0	0	0	0	0	0	0	2
A	100000	50000	0	0	0	0	0	0	0	0	0	0	1
B	100000	50000	0	0	0	0	0	0	0	0	0	0	1
3	18	G	100000	50000	0	0	0	0	0	0	0	0	0	0	2
A	100000	50000	0	0	0	0	0	0	0	0	0	0	1
B	100000	50000	0	0	0	0	0	0	0	0	0	0	1
3	17	G	100000	50000	0	0	0	0	0	0	0	0	0	0	2
A	100000	50000	0	0	0	0	0	0	0	0	0	0	1
B	100000	50000	0	0	0	0	0	0	0	0	0	0	1
3	16	G	100000	50000	0	0	0	0	0	0	0	0	0	0	2
A	100000	50000	0	0	0	0	0	0	0	0	0	0	1
B	100000	50000	0	0	0	0	0	0	0	0	0	0	1
3	15	G	100000	50000	0	0	0	0	0	0	0	0	0	0	2
A	100000	50000	0	0	0	0	0	0	0	0	0	0	1
B	100000	50000	0	0	0	0	0	0	0	0	0	0	1
3	14	G	100000	49977	0.0460029	0.018	23	22	0	0	0	22	0	0	24
A	100000	49982	0.0360012	0.014	18	11	0	0	0	11	0	0	12
B	100000	49978	0.0440001	0.022	22	11	0	0	0	11	0	0	12
3	13	G	100000	855	98.29	95.471	49145	2249	86	0	0	1897	4	262	2039
A	100000	1173	97.654	95.354	48827	1150	45	0	0	967	2	136	1044
B	100000	1107	97.786	95.588	48893	1099	41	0	0	930	2	126	995
cSpy was 15 spamed and the readout avoided!
3	12	G	100000	0	100	100	50000	100000	100000	100000	100000	100000	100000	100000	100002
A	100000	0	100	100	50000	50000	50000	50000	50000	50000	50000	50000	50001
B	100000	0	100	100	50000	50000	50000	50000	50000	50000	50000	50000	50001
3	11	G	100000	0	100	99.797	50000	203	0	0	0	0	0	203	0
A	100000	0	100	100	50000	0	0	0	0	0	0	0	0
B	100000	0	100	99.594	50000	203	0	0	0	0	0	203	0
2	40	G	100000	50000	0	0	0	0	0	0	0	0	0	0	2
A	100000	50000	0	0	0	0	0	0	0	0	0	0	1
B	100000	50000	0	0	0	0	0	0	0	0	0	0	1
2	39	G	100000	50000	0	0	0	0	0	0	0	0	0	0	2
A	100000	50000	0	0	0	0	0	0	0	0	0	0	1
B	100000	50000	0	0	0	0	0	0	0	0	0	0	1
2	38	G	100000	50000	0	0	0	0	0	0	0	0	0	0	2
A	100000	50000	0	0	0	0	0	0	0	0	0	0	1
B	100000	50000	0	0	0	0	0	0	0	0	0	0	1
2	37	G	100000	50000	0	0	0	0	0	0	0	0	0	0	2
A	100000	50000	0	0	0	0	0	0	0	0	0	0	1
B	100000	50000	0	0	0	0	0	0	0	0	0	0	1
2	36	G	100000	50000	0	0	0	0	0	0	0	0	0	0	2
A	100000	50000	0	0	0	0	0	0	0	0	0	0	1
B	100000	50000	0	0	0	0	0	0	0	0	0	0	1
2	35	G	100000	50000	0	0	0	0	0	0	0	0	0	0	2
A	100000	50000	0	0	0	0	0	0	0	0	0	0	1
B	100000	50000	0	0	0	0	0	0	0	0	0	0	1
2	34	G	100000	50000	0	0	0	0	0	0	0	0	0	0	2
A	100000	50000	0	0	0	0	0	0	0	0	0	0	1
B	100000	50000	0	0	0	0	0	0	0	0	0	0	1
2	33	G	100000	50000	0	0	0	0	0	0	0	0	0	0	2
A	100000	50000	0	0	0	0	0	0	0	0	0	0	1
B	100000	50000	0	0	0	0	0	0	0	0	0	0	1
2	32	G	100000	50000	0	0	0	0	0	0	0	0	0	0	2
A	100000	50000	0	0	0	0	0	0	0	0	0	0	1
B	100000	50000	0	0	0	0	0	0	0	0	0	0	1
2	31	G	100000	50000	0	0	0	0	0	0	0	0	0	0	2
A	100000	50000	0	0	0	0	0	0	0	0	0	0	1
B	100000	50000	0	0	0	0	0	0	0	0	0	0	1
2	30	G	100000	50000	0	0	0	0	0	0	0	0	0	0	2
A	100000	50000	0	0	0	0	0	0	0	0	0	0	1
B	100000	50000	0	0	0	0	0	0	0	0	0	0	1
2	29	G	100000	50000	0	0	0	0	0	0	0	0	0	0	2
A	100000	50000	0	0	0	0	0	0	0	0	0	0	1
B	100000	50000	0	0	0	0	0	0	0	0	0	0	1
2	28	G	100000	50000	0	0	0	0	0	0	0	0	0	0	2
A	100000	50000	0	0	0	0	0	0	0	0	0	0	1
B	100000	50000	0	0	0	0	0	0	0	0	0	0	1
2	27	G	100000	50000	0	0	0	0	0	0	0	0	0	0	2
A	100000	50000	0	0	0	0	0	0	0	0	0	0	1
B	100000	50000	0	0	0	0	0	0	0	0	0	0	1
2	26	G	100000	50000	0	0	0	0	0	0	0	0	0	0	2
A	100000	50000	0	0	0	0	0	0	0	0	0	0	1
B	100000	50000	0	0	0	0	0	0	0	0	0	0	1
2	25	G	100000	50000	0	0	0	0	0	0	0	0	0	0	2
A	100000	50000	0	0	0	0	0	0	0	0	0	0	1
B	100000	50000	0	0	0	0	0	0	0	0	0	0	1
2	24	G	100000	50000	0	0	0	0	0	0	0	0	0	0	2
A	100000	50000	0	0	0	0	0	0	0	0	0	0	1
B	100000	50000	0	0	0	0	0	0	0	0	0	0	1
2	23	G	100000	50000	0	0	0	0	0	0	0	0	0	0	2
A	100000	50000	0	0	0	0	0	0	0	0	0	0	1
B	100000	50000	0	0	0	0	0	0	0	0	0	0	1
2	22	G	100000	50000	0	0	0	0	0	0	0	0	0	0	2
A	100000	50000	0	0	0	0	0	0	0	0	0	0	1
B	100000	50000	0	0	0	0	0	0	0	0	0	0	1
2	21	G	100000	50000	0	0	0	0	0	0	0	0	0	0	2
A	100000	50000	0	0	0	0	0	0	0	0	0	0	1
B	100000	50000	0	0	0	0	0	0	0	0	0	0	1
2	20	G	100000	50000	0	0	0	0	0	0	0	0	0	0	2
A	100000	50000	0	0	0	0	0	0	0	0	0	0	1
B	100000	50000	0	0	0	0	0	0	0	0	0	0	1
2	19	G	100000	50000	0	0	0	0	0	0	0	0	0	0	2
A	100000	50000	0	0	0	0	0	0	0	0	0	0	1
B	100000	50000	0	0	0	0	0	0	0	0	0	0	1
2	18	G	100000	50000	0	0	0	0	0	0	0	0	0	0	2
A	100000	50000	0	0	0	0	0	0	0	0	0	0	1
B	100000	50000	0	0	0	0	0	0	0	0	0	0	1
2	17	G	100000	50000	0	0	0	0	0	0	0	0	0	0	2
A	100000	50000	0	0	0	0	0	0	0	0	0	0	1
B	100000	50000	0	0	0	0	0	0	0	0	0	0	1
2	16	G	100000	50000	0	0	0	0	0	0	0	0	0	0	2
A	100000	50000	0	0	0	0	0	0	0	0	0	0	1
B	100000	50000	0	0	0	0	0	0	0	0	0	0	1
2	15	G	100000	50000	0	0	0	0	0	0	0	0	0	0	2
A	100000	50000	0	0	0	0	0	0	0	0	0	0	1
B	100000	50000	0	0	0	0	0	0	0	0	0	0	1
2	14	G	100000	50000	0	0	0	0	0	0	0	0	0	0	2
A	100000	50000	0	0	0	0	0	0	0	0	0	0	1
B	100000	50000	0	0	0	0	0	0	0	0	0	0	1
2	13	G	100000	37147	25.706	14.283	12853	7818	0	0	0	7812	4	2	7820
A	100000	39236	21.528	13.626	10764	3951	0	0	0	3947	2	2	3952
B	100000	38663	22.674	14.94	11337	3867	0	0	0	3865	2	0	3868
2	12	G	100000	1	99.998	99.998	49999	0	0	0	0	0	0	0	2
A	100000	1	99.998	99.998	49999	0	0	0	0	0	0	0	1
B	100000	1	99.998	99.998	49999	0	0	0	0	0	0	0	1
2	11	G	100000	0	100	99.788	50000	211	0	0	0	0	0	211	1
A	100000	0	100	99.998	50000	1	0	0	0	0	0	1	0
B	100000	1	99.998	99.578	49999	210	0	0	0	0	0	210	1
cSpy was 1 spamed and the readout avoided!
1	40	G	100000	50000	0	0	0	0	0	0	0	0	0	0	2
A	100000	50000	0	0	0	0	0	0	0	0	0	0	1
B	100000	50000	0	0	0	0	0	0	0	0	0	0	1
1	39	G	100000	50000	0	0	0	0	0	0	0	0	0	0	2
A	100000	50000	0	0	0	0	0	0	0	0	0	0	1
B	100000	50000	0	0	0	0	0	0	0	0	0	0	1
1	38	G	100000	50000	0	0	0	0	0	0	0	0	0	0	2
A	100000	50000	0	0	0	0	0	0	0	0	0	0	1
B	100000	50000	0	0	0	0	0	0	0	0	0	0	1
1	37	G	100000	50000	0	0	0	0	0	0	0	0	0	0	2
A	100000	50000	0	0	0	0	0	0	0	0	0	0	1
B	100000	50000	0	0	0	0	0	0	0	0	0	0	1
1	36	G	100000	50000	0	0	0	0	0	0	0	0	0	0	2
A	100000	50000	0	0	0	0	0	0	0	0	0	0	1
B	100000	50000	0	0	0	0	0	0	0	0	0	0	1
1	35	G	100000	50000	0	0	0	0	0	0	0	0	0	0	2
A	100000	50000	0	0	0	0	0	0	0	0	0	0	1
B	100000	50000	0	0	0	0	0	0	0	0	0	0	1
1	34	G	100000	50000	0	0	0	0	0	0	0	0	0	0	2
A	100000	50000	0	0	0	0	0	0	0	0	0	0	1
B	100000	50000	0	0	0	0	0	0	0	0	0	0	1
1	33	G	100000	50000	0	0	0	0	0	0	0	0	0	0	2
A	100000	50000	0	0	0	0	0	0	0	0	0	0	1
B	100000	50000	0	0	0	0	0	0	0	0	0	0	1
1	32	G	100000	50000	0	0	0	0	0	0	0	0	0	0	2
A	100000	50000	0	0	0	0	0	0	0	0	0	0	1
B	100000	50000	0	0	0	0	0	0	0	0	0	0	1
1	31	G	100000	50000	0	0	0	0	0	0	0	0	0	0	2
A	100000	50000	0	0	0	0	0	0	0	0	0	0	1
B	100000	50000	0	0	0	0	0	0	0	0	0	0	1
1	30	G	100000	50000	0	0	0	0	0	0	0	0	0	0	2
A	100000	50000	0	0	0	0	0	0	0	0	0	0	1
B	100000	50000	0	0	0	0	0	0	0	0	0	0	1
1	29	G	100000	50000	0	0	0	0	0	0	0	0	0	0	2
A	100000	50000	0	0	0	0	0	0	0	0	0	0	1
B	100000	50000	0	0	0	0	0	0	0	0	0	0	1
1	28	G	100000	50000	0	0	0	0	0	0	0	0	0	0	2
A	100000	50000	0	0	0	0	0	0	0	0	0	0	1
B	100000	50000	0	0	0	0	0	0	0	0	0	0	1
1	27	G	100000	50000	0	0	0	0	0	0	0	0	0	0	2
A	100000	50000	0	0	0	0	0	0	0	0	0	0	1
B	100000	50000	0	0	0	0	0	0	0	0	0	0	1
1	26	G	100000	50000	0	0	0	0	0	0	0	0	0	0	2
A	100000	50000	0	0	0	0	0	0	0	0	0	0	1
B	100000	50000	0	0	0	0	0	0	0	0	0	0	1
1	25	G	100000	50000	0	0	0	0	0	0	0	0	0	0	2
A	100000	50000	0	0	0	0	0	0	0	0	0	0	1
B	100000	50000	0	0	0	0	0	0	0	0	0	0	1
1	24	G	100000	50000	0	0	0	0	0	0	0	0	0	0	2
A	100000	50000	0	0	0	0	0	0	0	0	0	0	1
B	100000	50000	0	0	0	0	0	0	0	0	0	0	1
1	23	G	100000	50000	0	0	0	0	0	0	0	0	0	0	2
A	100000	50000	0	0	0	0	0	0	0	0	0	0	1
B	100000	50000	0	0	0	0	0	0	0	0	0	0	1
1	22	G	100000	50000	0	0	0	0	0	0	0	0	0	0	2
A	100000	50000	0	0	0	0	0	0	0	0	0	0	1
B	100000	50000	0	0	0	0	0	0	0	0	0	0	1
1	21	G	100000	50000	0	0	0	0	0	0	0	0	0	0	2
A	100000	50000	0	0	0	0	0	0	0	0	0	0	1
B	100000	50000	0	0	0	0	0	0	0	0	0	0	1
1	20	G	100000	50000	0	0	0	0	0	0	0	0	0	0	2
A	100000	50000	0	0	0	0	0	0	0	0	0	0	1
B	100000	50000	0	0	0	0	0	0	0	0	0	0	1
1	19	G	100000	50000	0	0	0	0	0	0	0	0	0	0	2
A	100000	50000	0	0	0	0	0	0	0	0	0	0	1
B	100000	50000	0	0	0	0	0	0	0	0	0	0	1
1	18	G	100000	50000	0	0	0	0	0	0	0	0	0	0	2
A	100000	50000	0	0	0	0	0	0	0	0	0	0	1
B	100000	50000	0	0	0	0	0	0	0	0	0	0	1
1	17	G	100000	50000	0	0	0	0	0	0	0	0	0	0	2
A	100000	50000	0	0	0	0	0	0	0	0	0	0	1
B	100000	50000	0	0	0	0	0	0	0	0	0	0	1
1	16	G	100000	50000	0	0	0	0	0	0	0	0	0	0	2
A	100000	50000	0	0	0	0	0	0	0	0	0	0	1
B	100000	50000	0	0	0	0	0	0	0	0	0	0	1
1	15	G	100000	50000	0	0	0	0	0	0	0	0	0	0	2
A	100000	50000	0	0	0	0	0	0	0	0	0	0	1
B	100000	50000	0	0	0	0	0	0	0	0	0	0	1
1	14	G	100000	49979	0.0419974	0.014	21	22	0	0	0	22	0	0	24
A	100000	49985	0.029999	0.008	15	11	0	0	0	11	0	0	12
B	100000	49979	0.0419974	0.02	21	11	0	0	0	11	0	0	12
1	13	G	100000	35985	28.03	14.026	14015	9413	0	0	0	9409	2	2	9415
A	100000	38631	22.738	13.238	11369	4750	0	0	0	4748	1	1	4751
B	100000	37930	24.14	14.814	12070	4663	0	0	0	4661	1	1	4664
1	12	G	100000	20	99.96	99.582	49980	311	3	0	0	34	29	244	107
A	100000	57	99.886	99.536	49943	175	0	0	0	17	10	147	57
B	100000	50	99.9	99.628	49950	136	3	0	0	17	19	97	50
cSpy was 42 spamed and the readout avoided!
1	11	G	100000	27	99.946	98.54	49973	787	77	0	0	341	235	134	673
A	100000	39	99.922	99.816	49961	53	0	0	0	8	15	30	39
B	100000	634	98.732	97.264	49366	734	77	0	0	333	220	104	634
cSpy was 92 spamed and the readout avoided!
0	40	G	100000	50000	0	0	0	0	0	0	0	0	0	0	2
A	100000	50000	0	0	0	0	0	0	0	0	0	0	1
B	100000	50000	0	0	0	0	0	0	0	0	0	0	1
0	39	G	100000	50000	0	0	0	0	0	0	0	0	0	0	2
A	100000	50000	0	0	0	0	0	0	0	0	0	0	1
B	100000	50000	0	0	0	0	0	0	0	0	0	0	1
0	38	G	100000	50000	0	0	0	0	0	0	0	0	0	0	2
A	100000	50000	0	0	0	0	0	0	0	0	0	0	1
B	100000	50000	0	0	0	0	0	0	0	0	0	0	1
0	37	G	100000	50000	0	0	0	0	0	0	0	0	0	0	2
A	100000	50000	0	0	0	0	0	0	0	0	0	0	1
B	100000	50000	0	0	0	0	0	0	0	0	0	0	1
0	36	G	100000	50000	0	0	0	0	0	0	0	0	0	0	2
A	100000	50000	0	0	0	0	0	0	0	0	0	0	1
B	100000	50000	0	0	0	0	0	0	0	0	0	0	1
0	35	G	100000	50000	0	0	0	0	0	0	0	0	0	0	2
A	100000	50000	0	0	0	0	0	0	0	0	0	0	1
B	100000	50000	0	0	0	0	0	0	0	0	0	0	1
0	34	G	100000	50000	0	0	0	0	0	0	0	0	0	0	2
A	100000	50000	0	0	0	0	0	0	0	0	0	0	1
B	100000	50000	0	0	0	0	0	0	0	0	0	0	1
0	33	G	100000	50000	0	0	0	0	0	0	0	0	0	0	2
A	100000	50000	0	0	0	0	0	0	0	0	0	0	1
B	100000	50000	0	0	0	0	0	0	0	0	0	0	1
0	32	G	100000	50000	0	0	0	0	0	0	0	0	0	0	2
A	100000	50000	0	0	0	0	0	0	0	0	0	0	1
B	100000	50000	0	0	0	0	0	0	0	0	0	0	1
0	31	G	100000	50000	0	0	0	0	0	0	0	0	0	0	2
A	100000	50000	0	0	0	0	0	0	0	0	0	0	1
B	100000	50000	0	0	0	0	0	0	0	0	0	0	1
0	30	G	100000	50000	0	0	0	0	0	0	0	0	0	0	2
A	100000	50000	0	0	0	0	0	0	0	0	0	0	1
B	100000	50000	0	0	0	0	0	0	0	0	0	0	1
0	29	G	100000	50000	0	0	0	0	0	0	0	0	0	0	2
A	100000	50000	0	0	0	0	0	0	0	0	0	0	1
B	100000	50000	0	0	0	0	0	0	0	0	0	0	1
0	28	G	100000	50000	0	0	0	0	0	0	0	0	0	0	2
A	100000	50000	0	0	0	0	0	0	0	0	0	0	1
B	100000	50000	0	0	0	0	0	0	0	0	0	0	1
0	27	G	100000	50000	0	0	0	0	0	0	0	0	0	0	2
A	100000	50000	0	0	0	0	0	0	0	0	0	0	1
B	100000	50000	0	0	0	0	0	0	0	0	0	0	1
0	26	G	100000	50000	0	0	0	0	0	0	0	0	0	0	2
A	100000	50000	0	0	0	0	0	0	0	0	0	0	1
B	100000	50000	0	0	0	0	0	0	0	0	0	0	1
0	25	G	100000	50000	0	0	0	0	0	0	0	0	0	0	2
A	100000	50000	0	0	0	0	0	0	0	0	0	0	1
B	100000	50000	0	0	0	0	0	0	0	0	0	0	1
0	24	G	100000	50000	0	0	0	0	0	0	0	0	0	0	2
A	100000	50000	0	0	0	0	0	0	0	0	0	0	1
B	100000	50000	0	0	0	0	0	0	0	0	0	0	1
0	23	G	100000	50000	0	0	0	0	0	0	0	0	0	0	2
A	100000	50000	0	0	0	0	0	0	0	0	0	0	1
B	100000	50000	0	0	0	0	0	0	0	0	0	0	1
0	22	G	100000	50000	0	0	0	0	0	0	0	0	0	0	2
A	100000	50000	0	0	0	0	0	0	0	0	0	0	1
B	100000	50000	0	0	0	0	0	0	0	0	0	0	1
0	21	G	100000	50000	0	0	0	0	0	0	0	0	0	0	2
A	100000	50000	0	0	0	0	0	0	0	0	0	0	1
B	100000	50000	0	0	0	0	0	0	0	0	0	0	1
0	20	G	100000	50000	0	0	0	0	0	0	0	0	0	0	2
A	100000	50000	0	0	0	0	0	0	0	0	0	0	1
B	100000	50000	0	0	0	0	0	0	0	0	0	0	1
0	19	G	100000	50000	0	0	0	0	0	0	0	0	0	0	2
A	100000	50000	0	0	0	0	0	0	0	0	0	0	1
B	100000	50000	0	0	0	0	0	0	0	0	0	0	1
0	18	G	100000	50000	0	0	0	0	0	0	0	0	0	0	2
A	100000	50000	0	0	0	0	0	0	0	0	0	0	1
B	100000	50000	0	0	0	0	0	0	0	0	0	0	1
0	17	G	100000	50000	0	0	0	0	0	0	0	0	0	0	2
A	100000	50000	0	0	0	0	0	0	0	0	0	0	1
B	100000	50000	0	0	0	0	0	0	0	0	0	0	1
0	16	G	100000	50000	0	0	0	0	0	0	0	0	0	0	2
A	100000	50000	0	0	0	0	0	0	0	0	0	0	1
B	100000	50000	0	0	0	0	0	0	0	0	0	0	1
0	15	G	100000	50000	0	0	0	0	0	0	0	0	0	0	2
A	100000	50000	0	0	0	0	0	0	0	0	0	0	1
B	100000	50000	0	0	0	0	0	0	0	0	0	0	1
0	14	G	100000	49950	0.0999987	0.035	50	48	0	0	0	48	0	0	50
A	100000	49964	0.0720024	0.024	36	24	0	0	0	24	0	0	25
B	100000	49953	0.0940025	0.046	47	24	0	0	0	24	0	0	25
0	13	G	100000	140	99.72	98.999	49860	619	29	0	0	275	0	315	375
A	100000	197	99.606	98.994	49803	306	14	0	0	146	0	146	193
B	100000	185	99.63	99.004	49815	313	15	0	0	129	0	169	182
cSpy was 17 spamed and the readout avoided!
0	12	G	100000	0	100	100	50000	100000	100000	100000	100000	100000	100000	100000	100002
A	100000	0	100	100	50000	50000	50000	50000	50000	50000	50000	50000	50001
B	100000	0	100	100	50000	50000	50000	50000	50000	50000	50000	50000	50001
0	11	G	100000	0	100	99.999	50000	1	0	0	0	0	0	1	0
A	100000	0	100	99.998	50000	1	0	0	0	0	0	1	0
B	100000	0	100	100	50000	0	0	0	0	0	0	0	0
