#Sent triggers per gain and bias: 50000	and with a frequency [Hz] of: 100000
#Gain	bias	Frequency	correct transmitted H+T		error rate [%]	uncertainty [%]	bad or missed events	error count	missing headers	missing trailers	flipped H/T	event nr errors	tbm missed trigger	unknown errors	event nr resets
3	40	G	100000	50000	0	0	0	0	0	0	0	0	0	0	2
A	100000	50000	0	0	0	0	0	0	0	0	0	0	1
B	100000	50000	0	0	0	0	0	0	0	0	0	0	1
3	39	G	100000	36	99.928	99.769	49964	134	0	0	0	51	0	83	97
A	100000	52	99.896	99.748	49948	74	0	0	0	22	0	52	52
B	100000	45	99.91	99.79	49955	60	0	0	0	29	0	31	45
cSpy was 1 spamed and the readout avoided!
3	38	G	100000	40806	18.388	18.366	9194	19	0	0	0	9	0	10	17
A	100000	40807	18.386	18.366	9193	10	0	0	0	4	0	6	8
B	100000	40808	18.384	18.366	9192	9	0	0	0	5	0	4	9
3	37	G	100000	50000	0	0	0	0	0	0	0	0	0	0	2
A	100000	50000	0	0	0	0	0	0	0	0	0	0	1
B	100000	50000	0	0	0	0	0	0	0	0	0	0	1
3	36	G	100000	50000	0	0	0	0	0	0	0	0	0	0	2
A	100000	50000	0	0	0	0	0	0	0	0	0	0	1
B	100000	50000	0	0	0	0	0	0	0	0	0	0	1
3	35	G	100000	50000	0	0	0	0	0	0	0	0	0	0	2
A	100000	50000	0	0	0	0	0	0	0	0	0	0	1
B	100000	50000	0	0	0	0	0	0	0	0	0	0	1
3	34	G	100000	50000	0	0	0	0	0	0	0	0	0	0	2
A	100000	50000	0	0	0	0	0	0	0	0	0	0	1
B	100000	50000	0	0	0	0	0	0	0	0	0	0	1
3	33	G	100000	50000	0	0	0	0	0	0	0	0	0	0	2
A	100000	50000	0	0	0	0	0	0	0	0	0	0	1
B	100000	50000	0	0	0	0	0	0	0	0	0	0	1
3	32	G	100000	50000	0	0	0	0	0	0	0	0	0	0	2
A	100000	50000	0	0	0	0	0	0	0	0	0	0	1
B	100000	50000	0	0	0	0	0	0	0	0	0	0	1
3	31	G	100000	50000	0	0	0	0	0	0	0	0	0	0	2
A	100000	50000	0	0	0	0	0	0	0	0	0	0	1
B	100000	50000	0	0	0	0	0	0	0	0	0	0	1
3	30	G	100000	50000	0	0	0	0	0	0	0	0	0	0	2
A	100000	50000	0	0	0	0	0	0	0	0	0	0	1
B	100000	50000	0	0	0	0	0	0	0	0	0	0	1
3	29	G	100000	50000	0	0	0	0	0	0	0	0	0	0	2
A	100000	50000	0	0	0	0	0	0	0	0	0	0	1
B	100000	50000	0	0	0	0	0	0	0	0	0	0	1
3	28	G	100000	50000	0	0	0	0	0	0	0	0	0	0	2
A	100000	50000	0	0	0	0	0	0	0	0	0	0	1
B	100000	50000	0	0	0	0	0	0	0	0	0	0	1
3	27	G	100000	50000	0	0	0	0	0	0	0	0	0	0	2
A	100000	50000	0	0	0	0	0	0	0	0	0	0	1
B	100000	50000	0	0	0	0	0	0	0	0	0	0	1
3	26	G	100000	50000	0	0	0	0	0	0	0	0	0	0	2
A	100000	50000	0	0	0	0	0	0	0	0	0	0	1
B	100000	50000	0	0	0	0	0	0	0	0	0	0	1
3	25	G	100000	50000	0	0	0	0	0	0	0	0	0	0	2
A	100000	50000	0	0	0	0	0	0	0	0	0	0	1
B	100000	50000	0	0	0	0	0	0	0	0	0	0	1
3	24	G	100000	50000	0	0	0	0	0	0	0	0	0	0	2
A	100000	50000	0	0	0	0	0	0	0	0	0	0	1
B	100000	50000	0	0	0	0	0	0	0	0	0	0	1
3	23	G	100000	50000	0	0	0	0	0	0	0	0	0	0	2
A	100000	50000	0	0	0	0	0	0	0	0	0	0	1
B	100000	50000	0	0	0	0	0	0	0	0	0	0	1
3	22	G	100000	50000	0	0	0	0	0	0	0	0	0	0	2
A	100000	50000	0	0	0	0	0	0	0	0	0	0	1
B	100000	50000	0	0	0	0	0	0	0	0	0	0	1
3	21	G	100000	50000	0	0	0	0	0	0	0	0	0	0	2
A	100000	50000	0	0	0	0	0	0	0	0	0	0	1
B	100000	50000	0	0	0	0	0	0	0	0	0	0	1
3	20	G	100000	50000	0	0	0	0	0	0	0	0	0	0	2
A	100000	50000	0	0	0	0	0	0	0	0	0	0	1
B	100000	50000	0	0	0	0	0	0	0	0	0	0	1
3	19	G	100000	50000	0	0	0	0	0	0	0	0	0	0	2
A	100000	50000	0	0	0	0	0	0	0	0	0	0	1
B	100000	50000	0	0	0	0	0	0	0	0	0	0	1
3	18	G	100000	50000	0	0	0	0	0	0	0	0	0	0	2
A	100000	50000	0	0	0	0	0	0	0	0	0	0	1
B	100000	50000	0	0	0	0	0	0	0	0	0	0	1
3	17	G	100000	50000	0	0	0	0	0	0	0	0	0	0	2
A	100000	50000	0	0	0	0	0	0	0	0	0	0	1
B	100000	50000	0	0	0	0	0	0	0	0	0	0	1
3	16	G	100000	50000	0	0	0	0	0	0	0	0	0	0	2
A	100000	50000	0	0	0	0	0	0	0	0	0	0	1
B	100000	50000	0	0	0	0	0	0	0	0	0	0	1
3	15	G	100000	50000	0	0	0	0	0	0	0	0	0	0	2
A	100000	50000	0	0	0	0	0	0	0	0	0	0	1
B	100000	50000	0	0	0	0	0	0	0	0	0	0	1
3	14	G	100000	50000	0	0	0	0	0	0	0	0	0	0	2
A	100000	50000	0	0	0	0	0	0	0	0	0	0	1
B	100000	50000	0	0	0	0	0	0	0	0	0	0	1
3	13	G	100000	967	98.066	94.557	49033	2644	85	0	0	2446	4	109	2549
A	100000	1463	97.074	94.32	48537	1377	45	0	0	1275	2	55	1328
B	100000	1336	97.328	94.794	48664	1267	40	0	0	1171	2	54	1221
cSpy was 6 spamed and the readout avoided!
3	12	G	100000	1739	96.522	94.058	48261	1281	132	22	3	797	100	244	1043
A	100000	2052	95.896	93.996	47948	950	88	17	2	587	100	163	780
B	100000	2609	94.782	94.12	47391	331	44	5	1	210	0	81	263
cSpy was 118218 spamed and the readout avoided!
3	11	G	100000	23	99.954	99.141	49977	494	8	0	0	106	213	167	364
A	100000	129	99.742	99.306	49871	218	2	0	0	47	49	120	128
B	100000	236	99.528	98.976	49764	276	6	0	0	59	164	47	236
cSpy was 8 spamed and the readout avoided!
2	40	G	100000	17760	64.48	46.239	32240	12697	897	103	15	11511	168	194	12249
A	100000	20708	58.584	45.678	29292	6453	535	60	6	5850	94	13	6238
B	100000	20356	59.288	46.8	29644	6244	362	43	9	5661	74	181	6011
cSpy was 1 spamed and the readout avoided!
2	39	G	100000	48208	3.584	0.587	1792	1392	1610	0	1	24	0	70	1037
A	100000	48920	2.16	0.662	1080	749	909	0	0	17	0	0	556
B	100000	49101	1.798	0.512	899	643	701	0	1	7	0	70	481
2	38	G	100000	48252	3.496	0.568	1748	1364	1557	1	0	35	0	77	1036
A	100000	48945	2.11	0.622	1055	744	871	1	0	24	0	2	573
B	100000	49123	1.754	0.514	877	620	686	0	0	11	0	75	463
2	37	G	100000	48228	3.544	0.593	1772	1377	1543	3	0	43	0	106	1037
A	100000	48910	2.18	0.676	1090	752	911	3	0	26	0	0	578
B	100000	49120	1.76	0.51	880	625	632	0	0	17	0	106	459
2	36	G	100000	48116	3.768	0.617	1884	1478	1666	3	0	38	0	94	1116
A	100000	48874	2.252	0.686	1126	783	931	1	0	34	0	0	604
B	100000	49031	1.938	0.548	969	695	735	2	0	4	0	94	512
2	35	G	100000	48175	3.65	0.589	1825	1446	1607	1	0	28	0	112	1073
A	100000	48921	2.158	0.634	1079	762	887	1	0	24	0	0	576
B	100000	49044	1.912	0.544	956	684	720	0	0	4	0	112	497
2	34	G	100000	48172	3.656	0.616	1828	1420	1649	1	1	29	0	83	1071
A	100000	48893	2.214	0.684	1107	765	932	0	0	16	0	0	568
B	100000	49071	1.858	0.548	929	655	717	1	1	13	0	83	503
2	33	2	32	2	31	2	30	2	29	2	28	2	27	2	26	2	25	2	24	2	23	2	22	2	21	2	20	2	19	2	18	2	17	2	16	2	15	2	14	2	13	2	12	2	11	1	40	1	39	1	38	1	37	1	36	1	35	1	34	1	33	1	32	1	31	1	30	1	29	1	28	1	27	1	26	1	25	1	24	1	23	1	22	1	21	1	20	1	19	1	18	1	17	1	16	1	15	1	14	1	13	1	12	1	11	0	40	0	39	0	38	0	37	0	36	0	35	0	34	0	33	0	32	0	31	0	30	0	29	0	28	0	27	0	26	0	25	0	24	0	23	0	22	0	21	0	20	0	19	0	18	0	17	0	16	0	15	0	14	0	13	0	12	0	11	