#the gain was set to: 2	the bias was set to: 30	the tbmplldelay was set to: 0	the tbmadelay was set to: 0
#Sent triggers: 100	and with a frequency [Hz] of: 40000
#RocNr	ColAddr	RowAddr	PixelHight
16	43	30	9
16	43	30	7
16	43	30	6
not good
not good
14	50	0	9
16	43	30	7
14	47	0	20
16	48	43	12
16	48	43	12
not good
not good
6	48	0	28
16	43	30	5
16	48	43	11
16	48	43	12
16	43	30	7
16	43	30	9
16	43	30	6
10	47	1	17
6	48	0	28
not good
not good
16	43	30	9
16	48	43	13
14	49	0	23
not good
not good
16	43	30	6
16	43	30	8
16	43	30	6
16	43	30	5
16	43	30	5
not good
not good
16	48	43	14
16	43	30	8
6	49	2	22
not good
not good
16	43	30	8
16	43	30	6
16	43	30	5
16	48	43	13
not good
not good
11	6	0	12
14	49	0	21
not good
not good
16	43	30	7
16	48	43	11
16	48	43	13
not good
not good
16	43	30	9
14	45	0	10
16	48	43	12
16	48	43	12
not good
not good
16	43	30	6
16	43	30	6
not good
not good
16	48	43	13
16	48	43	12
not good
not good
16	48	43	12
16	43	30	6
16	48	43	8
16	43	30	5
16	43	30	5
not good
not good
16	43	30	8
16	48	43	12
10	50	0	25
16	48	43	13
not good
not good
16	48	43	12
16	43	30	5
16	43	30	5
16	43	30	5
14	45	0	13
16	43	30	9
16	43	30	7
16	48	43	10
14	50	0	10
not good
not good
16	48	43	9
16	43	30	7
10	50	0	28
16	48	43	12
16	43	30	4
14	49	0	21
not good
not good
16	43	30	7
16	43	30	6
16	48	43	9
16	43	30	5
16	48	43	12
16	43	30	5
16	43	30	6
16	43	30	8
not good
not good
16	43	30	8
16	43	30	7
16	43	30	7
16	43	30	6
14	49	0	20
16	48	43	12
16	43	30	7
not good
not good
16	43	30	5
6	49	2	23
16	43	30	8
16	43	30	5
not good
not good
10	47	1	17
16	43	30	7
16	43	30	6
not good
not good
16	43	30	8
16	43	30	8
10	47	1	15
14	49	0	21
16	43	30	5
16	43	30	6
14	45	0	13
10	50	0	28
7	3	0	15
16	48	43	9
not good
not good
16	43	30	7
16	43	30	2
16	43	30	5
16	43	30	7
16	48	43	12
16	43	30	5
14	45	0	13
16	48	43	12
16	48	43	9
not good
not good
16	48	43	13
16	48	43	12
not good
not good
16	43	30	5
16	43	30	5
14	45	0	12
16	43	30	6
16	43	30	5
not good
not good
16	43	30	4
16	43	30	7
16	43	30	5
6	49	2	26
16	43	30	6
not good
not good
16	51	49	5
16	43	30	5
16	43	30	6
16	45	45	3
10	34	0	12
16	43	30	5
not good
not good
16	43	30	5
16	48	43	13
16	48	43	12
16	43	30	8
16	43	30	5
16	48	43	12
16	48	43	12
16	48	43	12
not good
not good
16	43	30	4
16	48	43	12
16	43	30	6
14	49	0	20
16	43	30	5
16	43	30	6
14	45	0	12
16	43	30	7
not good
not good
16	43	30	8
16	48	43	12
16	48	43	9
16	43	30	5
16	48	43	10
10	49	1	21
not good
not good
10	50	0	29
16	48	43	13
16	48	43	9
16	48	43	12
not good
not good
16	43	30	7
10	49	1	21
16	48	43	11
not good
not good
16	43	30	7
16	43	30	5
16	48	43	11
16	43	30	8
not good
not good
16	43	30	6
16	43	30	8
16	48	43	12
16	43	30	5
13	31	28	5
16	43	30	6
not good
not good
6	49	2	21
6	49	2	22
16	43	30	9
16	43	30	5
16	48	43	12
16	43	30	5
16	43	30	5
16	43	30	5
16	43	30	8
16	48	43	12
16	48	43	12
not good
not good
not good
not good
16	48	43	14
16	48	43	10
16	43	30	8
16	48	43	10
not good
not good
10	50	0	28
16	43	30	7
not good
not good
16	43	30	6
11	1	0	19
16	43	30	8
16	43	30	7
16	43	30	6
14	47	0	21
16	48	43	12
9	49	52	0
7	1	2	12
not good
not good
16	48	43	12
16	43	30	5
16	43	30	5
not good
not good
16	43	30	6
16	43	30	7
16	43	30	6
14	45	0	10
16	48	43	12
16	48	43	11
14	45	0	12
16	43	30	7
not good
not good
16	43	30	6
6	48	0	26
16	48	43	12
16	48	43	12
16	43	30	5
not good
not good
10	50	0	24
not good
not good
16	43	30	11
16	43	30	5
16	48	43	12
16	43	30	6
16	43	30	6
16	43	30	5
16	48	43	13
not good
not good
10	50	0	28
16	43	30	6
16	43	30	5
not good
not good
14	45	0	12
16	43	30	5
16	43	30	6
16	43	30	5
not good
not good
16	43	30	8
16	43	30	6
10	50	0	29
6	49	2	21
16	43	30	6
not good
not good
16	43	30	6
16	48	43	12
11	2	1	15
16	48	43	13
16	43	30	5
16	43	30	8
6	49	2	21
16	43	30	5
16	43	30	7
16	43	30	4
not good
not good
16	43	30	7
10	47	1	15
16	43	30	6
1	1	1	12
16	43	30	5
not good
not good
16	43	30	5
16	43	30	8
16	43	30	5
16	43	30	7
16	48	43	9
10	50	0	28
16	43	30	7
6	49	2	21
16	43	30	6
16	48	43	9
not good
not good
16	43	30	7
16	43	30	6
16	43	30	5
16	48	43	9
not good
not good
not good
not good
6	49	2	23
16	43	30	5
16	48	43	10
16	43	30	5
16	48	43	12
not good
not good
14	50	0	12
16	43	30	8
16	43	30	5
not 