#the gain was set to: 2	the bias was set to: 30
#Sent triggers per delay setting: 10000	and with a frequency [Hz] of: 40000
#160MHz delay setting	400MHz delay setting	Frequency	correct transmitted H+T		error rate [%]	uncertainty [%]	bad or missed events	error count	missing headers	missing trailers	flipped H/T	event nr errors	tbm missed trigger	unknown errors	event nr resets
0	0	cSpyA was 18 spamed and the readout avoided!
40000	10	99.9	99.17	9990	73	1	0	0	0	2	52	10
0	1	40000	10000	0	0	0	0	0	0	0	0	0	0	1
0	2	40000	10000	0	0	0	0	0	0	0	0	0	0	1
0	3	40000	10000	0	0	0	0	0	0	0	0	0	0	1
0	4	40000	10000	0	0	0	0	0	0	0	0	0	0	1
0	5	40000	10000	0	0	0	0	0	0	0	0	0	0	1
0	6	40000	10000	0	0	0	0	0	0	0	0	0	0	1
0	7	40000	10000	0	0	0	0	0	0	0	0	0	0	1
1	0	40000	108	98.92	97.73	9892	119	4	0	0	81	23	10	108
1	1	40000	10000	0	0	0	0	0	0	0	0	0	0	1
1	2	40000	10000	0	0	0	0	0	0	0	0	0	0	1
1	3	40000	10000	0	0	0	0	0	0	0	0	0	0	1
1	4	40000	10000	0	0	0	0	0	0	0	0	0	0	1
1	5	40000	10000	0	0	0	0	0	0	0	0	0	0	1
1	6	40000	10000	0	0	0	0	0	0	0	0	0	0	1
1	7	40000	10000	0	0	0	0	0	0	0	0	0	0	1
2	0	40000	156	98.44	96.85	9844	159	0	0	0	136	16	6	155
2	1	40000	10000	0	0	0	0	0	0	0	0	0	0	1
2	2	40000	10000	0	0	0	0	0	0	0	0	0	0	1
2	3	40000	10000	0	0	0	0	0	0	0	0	0	0	1
2	4	40000	10000	0	0	0	0	0	0	0	0	0	0	1
2	5	40000	10000	0	0	0	0	0	0	0	0	0	0	1
2	6	40000	10000	0	0	0	0	0	0	0	0	0	0	1
2	7	40000	10000	0	0	0	0	0	0	0	0	0	0	1
3	0	cSpyA was 1 spamed and the readout avoided!
40000	121	98.79	97.21	9879	158	13	0	0	80	5	56	121
3	1	40000	10000	0	0	0	0	0	0	0	0	0	0	1
3	2	40000	10000	0	0	0	0	0	0	0	0	0	0	1
3	3	40000	10000	0	0	0	0	0	0	0	0	0	0	1
3	4	40000	10000	0	0	0	0	0	0	0	0	0	0	1
3	5	40000	10000	0	0	0	0	0	0	0	0	0	0	1
3	6	40000	10000	0	0	0	0	0	0	0	0	0	0	1
3	7	40000	10000	0	0	0	0	0	0	0	0	0	0	1
4	0	cSpyA was 17 spamed and the readout avoided!
40000	19	99.81	99.07	9981	74	0	0	0	3	3	59	19
4	1	40000	10000	0	0	0	0	0	0	0	0	0	0	1
4	2	40000	10000	0	0	0	0	0	0	0	0	0	0	1
4	3	40000	10000	0	0	0	0	0	0	0	0	0	0	1
4	4	40000	10000	0	0	0	0	0	0	0	0	0	0	1
4	5	40000	10000	0	0	0	0	0	0	0	0	0	0	1
4	6	40000	10000	0	0	0	0	0	0	0	0	0	0	1
4	7	40000	10000	0	0	0	0	0	0	0	0	0	0	1
5	0	cSpyA was 25 spamed and the readout avoided!
40000	30	99.7	98.94	9970	76	6	0	0	8	5	45	30
5	1	40000	10000	0	0	0	0	0	0	0	0	0	0	1
5	2	40000	10000	0	0	0	0	0	0	0	0	0	0	1
5	3	40000	10000	0	0	0	0	0	0	0	0	0	0	1
5	4	40000	10000	0	0	0	0	0	0	0	0	0	0	1
5	5	40000	10000	0	0	0	0	0	0	0	0	0	0	1
5	6	40000	10000	0	0	0	0	0	0	0	0	0	0	1
5	7	40000	10000	0	0	0	0	0	0	0	0	0	0	1
6	0	cSpyA was 12 spamed and the readout avoided!
40000	44	99.56	98.65	9956	91	6	0	0	20	1	57	44
6	1	40000	10000	0	0	0	0	0	0	0	0	0	0	1
6	2	40000	10000	0	0	0	0	0	0	0	0	0	0	1
6	3	40000	10000	0	0	0	0	0	0	0	0	0	0	1
6	4	40000	10000	0	0	0	0	0	0	0	0	0	0	1
6	5	40000	10000	0	0	0	0	0	0	0	0	0	0	1
6	6	40000	10000	0	0	0	0	0	0	0	0	0	0	1
6	7	40000	10000	0	0	0	0	0	0	0	0	0	0	1
7	0	cSpyA was 1 spamed and the readout avoided!
40000	157	98.43	96.46	9843	197	10	0	0	133	5	47	156
7	1	40000	10000	0	0	0	0	0	0	0	0	0	0	1
7	2	40000	10000	0	0	0	0	0	0	0	0	0	0	1
7	3	40000	10000	0	0	0	0	0	0	0	0	0	0	1
7	4	40000	10000	0	0	0	0	0	0	0	0	0	0	1
7	5	40000	10000	0	0	0	0	0	0	0	0	0	0	1
7	6	40000	10000	0	0	0	0	0	0	0	0	0	0	1
7	7	40000	10000	0	0	0	0	0	0	0	0	0	0	1
