#the gain was set to: 2	the bias was set to: 30
#Sent triggers per delay setting: 1000	and with a frequency [Hz] of: 40000
#160MHz delay setting	400MHz delay setting	Frequency	correct transmitted H+T		error rate [%]	uncertainty [%]	bad or missed events	error count	missing headers	missing trailers	flipped H/T	event nr errors	tbm missed trigger	unknown errors	event nr resets
0	0	40000	4	99.6	99.1	996	5	0	0	0	1	1	3	4
0	1	40000	1000	0	0	0	0	0	0	0	0	0	0	1
0	2	40000	226	77.4	63.3	774	141	0	0	0	135	2	4	141
0	3	40000	556	44.4	25	444	194	0	0	0	189	5	0	195
0	4	40000	1000	0	0	0	0	0	0	0	0	0	0	1
0	5	40000	36	96.4	92.3	964	41	1	0	0	19	15	6	36
0	6	40000	223	77.7	63.7	777	140	2	0	0	135	2	1	139
0	7	cSpyA was 1 spamed and the readout avoided!
40000	98	90.2	82.5	902	77	1	0	0	70	5	1	76
1	0	40000	14	98.6	97.1	986	15	0	0	0	9	4	2	14
1	1	40000	1000	0	0	0	0	0	0	0	0	0	0	1
1	2	40000	1000	0	0	0	0	0	0	0	0	0	0	1
1	3	40000	12	98.8	97.6	988	12	0	0	0	9	3	0	12
1	4	40000	113	88.7	78.8	887	99	1	0	0	83	12	3	98
1	5	40000	577	42.3	20.6	423	217	0	0	0	203	13	1	217
1	6	40000	1000	0	0	0	0	0	0	0	0	0	0	1
1	7	40000	239	76.1	57	761	191	0	0	0	170	21	0	191
2	0	40000	18	98.2	96.1	982	21	2	0	0	13	4	2	18
2	1	40000	1000	0	0	0	0	0	0	0	0	0	0	1
2	2	40000	17	98.3	96.8	983	15	0	0	0	10	5	0	15
2	3	cSpyA was 3 spamed and the readout avoided!
40000	5	99.5	98.4	995	11	2	0	0	4	0	2	5
2	4	40000	1000	0	0	0	0	0	0	0	0	0	0	1
2	5	cSpyA was 1 spamed and the readout avoided!
40000	8	99.2	97.3	992	19	3	0	0	6	0	9	8
2	6	40000	21	97.9	95.4	979	25	1	0	0	0	14	10	21
2	7	cSpyA was 1 spamed and the readout avoided!
40000	7	99.3	98.1	993	12	2	0	0	0	2	6	7
3	0	40000	67	93.3	86.6	933	67	1	0	0	6	60	0	67
3	1	40000	1000	0	0	0	0	0	0	0	0	0	0	1
3	2	40000	0	100	100	1000	0	0	0	0	0	0	0	0
3	3	40000	263	73.7	52	737	217	0	0	0	206	7	4	215
3	4	40000	1000	0	0	0	0	0	0	0	0	0	0	1
3	5	cSpyA was 1 spamed and the readout avoided!
40000	5	99.5	98.6	995	9	0	0	0	0	0	6	5
3	6	40000	1000	0	0	0	0	0	0	0	0	0	0	1
3	7	cSpyA was 8 spamed and the readout avoided!
40000	1	99.9	99.6	999	3	0	0	0	0	0	2	1
4	0	40000	98	90.2	80.3	902	99	1	0	0	6	92	0	98
4	1	40000	1000	0	0	0	0	0	0	0	0	0	0	1
4	2	cSpyA was 8 spamed and the readout avoided!
40000	346	65.4	43	654	224	3	33	0	178	7	3	191
4	3	cSpyA was 1 spamed and the readout avoided!
40000	3	99.7	98.8	997	9	0	1	0	0	2	5	3
4	4	40000	1000	0	0	0	0	0	0	0	0	0	0	1
4	5	40000	7	99.3	98.1	993	12	1	0	0	5	0	5	7
4	6	40000	1000	0	0	0	0	0	0	0	0	0	0	1
4	7	40000	1000	0	0	0	0	0	0	0	0	0	0	1
5	0	cSpyA was 5 spamed and the readout avoided!
40000	3	99.7	98.8	997	9	1	0	0	1	1	3	3
5	1	40000	998	0.199997	0	2	2	2	0	0	0	0	0	2
5	2	40000	0	100	100	1000	0	0	0	0	0	0	0	0
5	3	40000	5	99.5	98.6	995	9	0	0	0	0	3	5	5
5	4	40000	1000	0	0	0	0	0	0	0	0	0	0	1
5	5	40000	1000	0	0	0	0	0	0	0	0	0	0	1
5	6	40000	1000	0	0	0	0	0	0	0	0	0	0	1
5	7	40000	7	99.3	98.6	993	7	0	0	0	1	2	3	7
6	0	cSpyA was 10 spamed and the readout avoided!
40000	17	98.3	93.6	983	47	2	28	0	10	3	2	17
6	1	40000	613	38.7	32.4	387	63	5	0	0	56	0	1	62
6	2	40000	7	99.3	98.2	993	11	2	0	0	3	1	5	7
6	3	40000	996	0.400001	0.2	4	2	0	0	0	2	0	0	3
6	4	40000	1000	0	0	0	0	0	0	0	0	0	0	1
6	5	cSpyA was 1 spamed and the readout avoided!
40000	4	99.6	98.6	996	10	0	0	0	0	1	9	4
6	6	40000	1000	0	0	0	0	0	0	0	0	0	0	1
6	7	40000	1000	0	0	0	0	0	0	0	0	0	0	1
7	0	40000	14	98.6	96.8	986	18	1	0	0	10	3	4	14
7	1	40000	1000	0	0	0	0	0	0	0	0	0	0	1
7	2	40000	953	4.7	0.7	47	40	0	0	0	40	0	0	41
7	3	40000	23	97.7	94.8	977	29	2	0	0	16	6	5	23
7	4	40000	1000	0	0	0	0	0	0	0	0	0	0	1
7	5	40000	640	36	17.7	360	183	0	0	0	181	1	1	184
7	6	40000	1000	0	0	0	0	0	0	0	0	0	0	1
7	7	40000	97	90.3	81.7	903	86	0	0	0	79	3	4	85
