#the gain was set to: 2	the bias was set to: 30
#Sent triggers per delay setting: 1000	and with a frequency [Hz] of: 40000
#160MHz delay setting	400MHz delay setting	Frequency	correct transmitted H+T		error rate [%]	uncertainty [%]	bad or missed events	error count	missing headers	missing trailers	flipped H/T	event nr errors	tbm missed trigger	unknown errors	event nr resets
0	0	cSpyA was 1 spamed and the readout avoided!
40000	5	99.5	98.8	995	7	0	0	0	1	2	4	5
0	1	40000	1000	0	0	0	0	0	0	0	0	0	0	1
0	2	40000	677	32.3	17.3	323	150	0	0	0	146	0	4	151
0	3	40000	7	99.3	98.1	993	12	1	0	0	3	3	4	7
0	4	cSpyA was 1 spamed and the readout avoided!
40000	3	99.7	98.9	997	8	0	0	0	0	0	6	3
0	5	40000	1000	0	0	0	0	0	0	0	0	0	0	1
0	6	cSpyA was 10 spamed and the readout avoided!
40000	4	99.6	97.9	996	17	3	8	0	1	1	3	4
0	7	40000	0	100	99.3	1000	7	0	1	0	0	0	6	0
1	0	40000	11	98.9	97.8	989	11	0	0	0	6	5	0	11
1	1	40000	1000	0	0	0	0	0	0	0	0	0	0	1
1	2	40000	5	99.5	99	995	5	0	0	0	0	5	0	5
1	3	40000	0	100	100	1000	0	0	0	0	0	0	0	0
1	4	40000	0	100	99.4	1000	6	0	0	0	0	0	6	0
1	5	40000	3	99.7	98.5	997	12	1	0	0	2	1	6	3
1	6	40000	3	99.7	99	997	7	0	0	0	0	1	5	3
1	7	40000	6	99.4	99	994	4	0	0	0	2	2	0	5
2	0	40000	18	98.2	96.3	982	19	0	0	0	17	1	1	18
2	1	40000	1000	0	0	0	0	0	0	0	0	0	0	1
2	2	40000	19	98.1	95.6	981	25	3	0	0	0	12	10	19
2	3	cSpyA was 4 spamed and the readout avoided!
40000	7	99.3	98.3	993	10	1	0	0	1	3	4	7
2	4	40000	3	99.7	99.4	997	3	0	0	0	1	2	0	3
2	5	40000	3	99.7	99.2	997	5	0	0	0	2	0	3	3
2	6	40000	12	98.8	96.9	988	19	3	0	0	1	9	6	12
2	7	40000	37	96.3	92.4	963	39	1	1	0	2	31	4	37
3	0	40000	9	99.1	97.6	991	15	2	0	0	6	0	6	9
3	1	40000	1000	0	0	0	0	0	0	0	0	0	0	1
3	2	40000	53	94.7	89.7	947	50	1	0	0	49	0	0	50
3	3	40000	0	100	100	1000	0	0	0	0	0	0	0	0
3	4	40000	21	97.9	95.5	979	24	1	0	0	0	17	6	21
3	5	40000	210	79	63.6	790	154	0	0	0	143	11	0	154
3	6	40000	1	99.9	99.6	999	3	0	0	0	1	0	2	1
3	7	40000	1	99.9	99.7	999	2	0	0	0	0	0	2	1
4	0	40000	1	99.9	99	999	9	0	0	0	0	0	9	1
4	1	40000	1000	0	0	0	0	0	0	0	0	0	0	1
4	2	40000	609	39.1	33	391	61	1	0	0	59	0	1	60
4	3	cSpyA was 1 spamed and the readout avoided!
40000	528	47.2	36.2	472	110	3	2	0	97	2	6	108
4	4	40000	8	99.2	98.2	992	10	1	0	0	5	1	3	8
4	5	40000	9	99.1	97.9	991	12	0	0	0	2	6	3	9
4	6	40000	0	100	99.9	1000	1	0	0	0	0	0	1	0
4	7	40000	915	8.5	3.3	85	52	0	0	0	52	0	0	53
5	0	cSpyA was 4 spamed and the readout avoided!
40000	3	99.7	98.9	997	8	1	0	0	1	2	3	3
5	1	40000	1000	0	0	0	0	0	0	0	0	0	0	1
5	2	40000	7	99.3	98.1	993	12	0	0	0	0	5	6	7
5	3	40000	7	99.3	98.2	993	11	0	0	0	1	5	4	7
5	4	cSpyA was 1 spamed and the readout avoided!
40000	5	99.5	98.3	995	12	0	0	0	3	1	6	5
5	5	40000	577	42.3	41.6	423	7	0	0	0	7	0	0	8
5	6	40000	6	99.4	98.1	994	13	1	0	0	1	3	8	6
5	7	40000	12	98.8	96.9	988	19	2	0	0	5	5	5	12
6	0	cSpyA was 1 spamed and the readout avoided!
40000	4	99.6	99	996	6	0	0	0	3	0	3	4
6	1	40000	1000	0	0	0	0	0	0	0	0	0	0	1
6	2	cSpyA was 10 spamed and the readout avoided!
40000	3	99.7	93.5	997	62	2	58	0	1	0	1	3
6	3	40000	640	36	15.6	360	204	0	0	0	200	3	1	205
6	4	cSpyA was 9 spamed and the readout avoided!
40000	0	100	95.1	1000	49	0	44	0	0	0	5	0
6	5	40000	6	99.4	98.5	994	9	0	0	0	1	3	4	6
6	6	cSpyA was 3 spamed and the readout avoided!
40000	8	99.2	98	992	12	1	0	0	0	4	7	8
6	7	40000	8	99.2	98.2	992	10	0	0	0	2	4	2	8
7	0	40000	10	99	97.2	990	18	3	0	0	7	0	8	10
7	1	40000	781	21.9	9.8	219	121	0	0	0	120	0	1	122
7	2	40000	22	97.8	94.9	978	29	2	0	0	4	16	7	22
7	3	40000	25	97.5	94.9	975	26	0	0	0	19	5	2	25
7	4	40000	5	99.5	98.6	995	9	0	0	0	0	2	6	5
7	5	40000	6	99.4	98.4	994	10	0	0	0	0	4	4	6
7	6	40000	683	31.7	12.7	317	190	0	0	0	188	0	2	191
7	7	40000	28	97.2	94.1	972	31	3	0	0	16	8	4	28
