#the gain was set to: 2	the bias was set to: 30
#Sent triggers per delay setting: 10000	and with a frequency [Hz] of: 40000
#120MHz delay setting	400MHz delay setting	Frequency	correct transmitted H+T		error rate [%]	uncertainty [%]	bad or missed events	error count	missing headers	missing trailers	flipped H/T	event nr errors	tbm missed trigger	unknown errors	event nr resets
0b0	0b0	cSpyA was 25 spamed and the readout avoided!
40000	17	99.83	99.29	9983	54	1	0	0	5	0	44	17
0b0	0b1	40000	10000	0	0	0	0	0	0	0	0	0	0	1
0b0	0b10	40000	9875	1.25	0	125	125	0	0	0	114	11	0	126
0b0	0b11	40000	525	94.75	89.19	9475	556	19	0	0	121	393	23	525
0b0	0b100	40000	5245	47.55	23.12	4755	2443	0	0	0	2378	65	0	2444
0b0	0b101	40000	10000	0	0	0	0	0	0	0	0	0	0	1
0b0	0b110	40000	10000	0	0	0	0	0	0	0	0	0	0	1
0b0	0b111	40000	17	99.83	99.63	9983	20	1	0	0	14	0	5	17
0b1	000	40000	74	99.26	98.36	9926	90	1	0	0	43	22	22	74
0b1	001	40000	2419	75.81	55.57	7581	2024	35	8	0	1793	111	77	1961
0b1	010	cSpyA was 1 spamed and the readout avoided!
40000	7	99.93	99.76	9993	17	0	0	0	5	1	11	7
0b1	011	40000	9998	0.0199974	0.01	2	1	0	0	0	1	0	0	2
0b1	100	40000	10000	0	0	0	0	0	0	0	0	0	0	1
0b1	101	40000	8390	16.1	1.3	1610	1480	0	0	0	918	562	0	1481
0b1	110	40000	220	97.8	95.43	9780	237	12	0	0	208	2	14	218
0b1	111	cSpyA was 1 spamed and the readout avoided!
40000	382	96.18	91.9	9618	428	19	2	0	45	298	63	382
0b10	000	40000	341	96.59	92.92	9659	367	18	0	0	285	34	29	339
0b10	001	cSpyA was 4 spamed and the readout avoided!
40000	91	99.09	97.59	9909	150	15	0	0	14	41	78	90
0b10	010	40000	10000	0	0	0	0	0	0	0	0	0	0	1
0b10	011	40000	9811	1.89	0	189	189	0	0	0	189	0	0	190
0b10	100	40000	557	94.43	88.62	9443	581	13	0	0	110	436	22	557
0b10	101	40000	5198	48.02	24.51	4802	2351	0	0	0	2216	133	2	2351
0b10	110	40000	10000	0	0	0	0	0	0	0	0	0	0	1
0b10	111	40000	8534	14.66	14.65	1466	1	0	0	0	1	0	0	2
0b11	000	cSpyA was 2 spamed and the readout avoided!
40000	74	99.26	98.12	9926	114	5	0	0	42	0	56	74
0b11	001	cSpyA was 9 spamed and the readout avoided!
40000	19	99.81	99.17	9981	64	0	0	0	10	2	46	19
0b11	010	cSpyA was 3 spamed and the readout avoided!
40000	67	99.33	98.34	9933	99	7	0	0	34	15	38	67
0b11	011	40000	10000	0	0	0	0	0	0	0	0	0	0	1
0b11	100	40000	10000	0	0	0	0	0	0	0	0	0	0	1
0b11	101	40000	9566	4.34	0	434	434	0	0	0	434	0	0	435
0b11	110	cSpyA was 1 spamed and the readout avoided!
40000	26	99.74	99.47	9974	27	0	0	0	21	3	3	26
0b11	111	40000	1096	89.04	78.23	8904	1081	0	0	0	948	54	79	1044
0b100	000	cSpyA was 2 spamed and the readout avoided!
40000	46	99.54	98.73	9954	81	4	0	0	26	7	37	46
0b100	001	40000	840	91.6	82.48	9160	912	41	0	0	792	4	74	840
0b100	010	40000	176	98.24	96.05	9824	219	24	0	0	69	82	41	176
0b100	011	40000	10000	0	0	0	0	0	0	0	0	0	0	1
0b100	100	40000	10000	0	0	0	0	0	0	0	0	0	0	1
0b100	101	40000	7850	21.5	6.32	2150	1518	1	0	0	1511	5	1	1518
0b100	110	40000	59	99.41	98.28	9941	113	0	0	0	31	1	79	58
0b100	111	cSpyA was 1 spamed and the readout avoided!
40000	146	98.54	96.69	9854	185	16	0	0	16	105	47	146
0b101	000	40000	63	99.37	98.55	9937	82	5	0	0	45	8	21	63
0b101	001	cSpyA was 4 spamed and the readout avoided!
40000	59	99.41	98.39	9941	102	7	0	0	22	9	54	59
0b101	010	40000	9851	1.49	0.39	149	110	0	0	0	109	1	0	111
0b101	011	40000	9355	6.45	0	645	645	0	0	0	645	0	0	646
0b101	100	40000	43	99.57	99.08	9957	49	0	0	0	35	4	8	41
0b101	101	40000	4408	55.92	31.91	5592	2401	0	0	0	2281	119	1	2401
0b101	110	40000	10000	0	0	0	0	0	0	0	0	0	0	1
0b101	111	40000	10000	0	0	0	0	0	0	0	0	0	0	1
0b110	000	cSpyA was 26 spamed and the readout avoided!
40000	17	99.83	99.22	9983	61	1	0	0	6	0	49	17
0b110	001	cSpyA was 3 spamed and the readout avoided!
40000	15	99.85	99.22	9985	63	1	0	0	3	0	52	15
0b110	010	cSpyA was 16 spamed and the readout avoided!
40000	58	99.42	98.24	9942	118	13	0	0	15	18	65	58
0b110	011	40000	10000	0	0	0	0	0	0	0	0	0	0	1
0b110	100	40000	10000	0	0	0	0	0	0	0	0	0	0	1
0b110	101	40000	8708	12.92	0.6	1292	1232	0	0	0	1232	0	0	1233
0b110	110	40000	25	99.75	99.44	9975	31	0	0	0	17	1	13	24
0b110	111	40000	2829	71.71	49.1	7171	2261	0	0	0	2092	86	83	2220
0b111	000	cSpyA was 1 spamed and the readout avoided!
40000	52	99.48	98.76	9948	72	3	0	0	32	8	25	52
0b111	001	cSpyA was 1 spamed and the readout avoided!
40000	3546	64.54	63.79	6454	75	1	0	0	24	0	42	46
0b111	010	40000	10000	0	0	0	0	0	0	0	0	0	0	1
0b111	011	40000	2496	75.04	56	7504	1904	1	0	0	1821	37	45	1885
0b111	100	cSpyA was 2 spamed and the readout avoided!
40000	175	98.25	95.87	9825	238	18	0	0	4	138	78	175
0b111	101	40000	10000	0	0	0	0	0	0	0	0	0	0	1
0b111	110	cSpyA was 1 spamed and the readout avoided!
40000	4884	51.16	51.05	5116	11	0	0	0	1	0	9	3
0b111	111	cSpyA was 6 spamed and the readout avoided!
40000	178	98.22	96.06	9822	216	5	0	0	41	88	82	178
