#the gain was set to: 2	the bias was set to: 30
#Sent triggers per delay setting: 100000	and with a frequency [Hz] of: 40000
#160MHz delay setting	400MHz delay setting	Frequency	correct transmitted H+T		error rate [%]	uncertainty [%]	bad or missed events	error count	missing headers	missing trailers	flipped H/T	event nr errors	tbm missed trigger	unknown errors	event nr resets
0	0	G	40000	410	99.59	63.6845	99590	20266	159	0	0	17329	1940	838	19696
0	0	A	40000	594	99.406	98.241	99406	1165	159	0	0	40	128	838	594
0	0	B	40000	51771	48.229	29.128	48229	19101	0	0	0	17289	1812	0	19102
0	0	cSpy was 87 spamed and the readout avoided!
0	1	G	40000	26849	73.151	62.085	73151	15249	130	0	0	14751	162	206	15036
0	1	A	40000	30725	69.275	61.269	69275	8006	58	0	0	7652	121	175	7853
0	1	B	40000	29856	70.144	62.901	70144	7243	72	0	0	7099	41	31	7183
0	2	G	40000	0	100	100	100000	200000	200000	200000	200000	200000	200000	200000	200002
0	2	A	40000	0	100	100	100000	100000	100000	100000	100000	100000	100000	100000	100001
0	2	B	40000	0	100	100	100000	100000	100000	100000	100000	100000	100000	100000	100001
0	3	G	40000	100000	0	0	0	0	0	0	0	0	0	0	2
0	3	A	40000	100000	0	0	0	0	0	0	0	0	0	0	1
0	3	B	40000	100000	0	0	0	0	0	0	0	0	0	0	1
0	4	G	40000	100000	0	0	0	0	0	0	0	0	0	0	2
0	4	A	40000	100000	0	0	0	0	0	0	0	0	0	0	1
0	4	B	40000	100000	0	0	0	0	0	0	0	0	0	0	1
0	5	G	40000	54240	45.76	21.4645	45760	29742	24	0	0	29383	266	69	29707
0	5	A	40000	64850	35.15	19.739	35150	15411	11	0	0	15133	198	69	15381
0	5	B	40000	62479	37.521	23.19	37521	14331	13	0	0	14250	68	0	14326
0	6	G	40000	0	100	100	100000	200000	200000	200000	200000	200000	200000	200000	200002
0	6	A	40000	0	100	100	100000	100000	100000	100000	100000	100000	100000	100000	100001
0	6	B	40000	0	100	100	100000	100000	100000	100000	100000	100000	100000	100000	100001
0	7	G	40000	96983	3.017	1.817	3017	2400	0	0	0	2390	10	0	2402
0	7	A	40000	96983	3.017	1.817	3017	1200	0	0	0	1195	5	0	1201
0	7	B	40000	96983	3.017	1.817	3017	1200	0	0	0	1195	5	0	1201
1	0	G	40000	59	99.941	97.707	99941	2369	167	3	0	1908	165	126	2203
1	0	A	40000	140	99.86	99.71	99860	150	0	0	0	98	36	16	140
1	0	B	40000	2077	97.923	95.704	97923	2219	167	3	0	1810	129	110	2063
1	0	cSpy was 18 spamed and the readout avoided!
1	1	G	40000	96420	3.58	2.143	3580	2874	0	0	0	2866	8	0	2876
1	1	A	40000	96420	3.58	2.143	3580	1437	0	0	0	1433	4	0	1438
1	1	B	40000	96420	3.58	2.143	3580	1437	0	0	0	1433	4	0	1438
1	2	G	40000	100000	0	0	0	0	0	0	0	0	0	0	2
1	2	A	40000	100000	0	0	0	0	0	0	0	0	0	0	1
1	2	B	40000	100000	0	0	0	0	0	0	0	0	0	0	1
1	3	G	40000	99824	0.176001	0.0575	176	188	0	0	0	188	0	0	190
1	3	A	40000	99870	0.129998	0.036	130	94	0	0	0	94	0	0	95
1	3	B	40000	99827	0.173002	0.079	173	94	0	0	0	94	0	0	95
1	4	G	40000	0	100	100	100000	200000	200000	200000	200000	200000	200000	200000	200002
1	4	A	40000	0	100	100	100000	100000	100000	100000	100000	100000	100000	100000	100001
1	4	B	40000	0	100	100	100000	100000	100000	100000	100000	100000	100000	100000	100001
1	5	G	40000	70895	29.105	10.373	29105	32547	7	0	0	29026	3461	53	32538
1	5	A	40000	73288	26.712	10.448	26712	16264	7	0	0	14482	1722	53	16254
1	5	B	40000	73419	26.581	10.298	26581	16283	0	0	0	14544	1739	0	16284
1	6	G	40000	100000	0	0	0	0	0	0	0	0	0	0	2
1	6	A	40000	100000	0	0	0	0	0	0	0	0	0	0	1
1	6	B	40000	100000	0	0	0	0	0	0	0	0	0	0	1
1	7	G	40000	100000	0	0	0	0	0	0	0	0	0	0	2
1	7	A	40000	100000	0	0	0	0	0	0	0	0	0	0	1
1	7	B	40000	100000	0	0	0	0	0	0	0	0	0	0	1
2	0	G	40000	4185	95.815	45.816	95815	5104	163	0	0	4168	317	456	4710
2	0	A	40000	4215	95.785	91.322	95785	4463	163	0	0	3783	61	456	4068
2	0	B	40000	99049	0.950998	0.31	951	641	0	0	0	385	256	0	642
2	1	G	40000	100000	0	0	0	0	0	0	0	0	0	0	2
2	1	A	40000	100000	0	0	0	0	0	0	0	0	0	0	1
2	1	B	40000	100000	0	0	0	0	0	0	0	0	0	0	1
2	2	G	40000	77051	22.949	15.462	22949	9422	345	35	0	8520	503	21	9366
2	2	A	40000	80229	19.771	15.341	19771	4430	125	8	0	4277	0	21	4413
2	2	B	40000	79425	20.575	15.583	20575	4992	220	27	0	4243	503	0	4953
2	2	cSpy was 24 spamed and the readout avoided!
2	3	G	40000	0	100	100	100000	200000	200000	200000	200000	200000	200000	200000	200002
2	3	A	40000	0	100	100	100000	100000	100000	100000	100000	100000	100000	100000	100001
2	3	B	40000	0	100	100	100000	100000	100000	100000	100000	100000	100000	100000	100001
2	4	G	40000	100000	0	0	0	0	0	0	0	0	0	0	2
2	4	A	40000	100000	0	0	0	0	0	0	0	0	0	0	1
2	4	B	40000	100000	0	0	0	0	0	0	0	0	0	0	1
2	5	G	40000	100000	0	0	0	0	0	0	0	0	0	0	2
2	5	A	40000	100000	0	0	0	0	0	0	0	0	0	0	1
2	5	B	40000	100000	0	0	0	0	0	0	0	0	0	0	1
2	6	G	40000	89554	10.446	4.907	10446	10332	3	1	0	10315	6	7	10330
2	6	A	40000	89933	10.067	4.954	10067	5113	0	0	0	5112	0	1	5114
2	6	B	40000	89921	10.079	4.86	10079	5219	3	1	0	5203	6	6	5216
2	6	cSpy was 1 spamed and the readout avoided!
2	7	G	40000	0	100	100	100000	200000	200000	200000	200000	200000	200000	200000	200002
2	7	A	40000	0	100	100	100000	100000	100000	100000	100000	100000	100000	100000	100001
2	7	B	40000	0	100	100	100000	100000	100000	100000	100000	100000	100000	100000	100001
3	0	G	40000	826	99.174	72.4725	99174	15980	238	0	0	15056	281	405	15534
3	0	A	40000	1231	98.769	97.111	98769	1658	195	0	0	897	167	399	1227
3	0	B	40000	37844	62.156	47.834	62156	14322	43	0	0	14159	114	6	14307
3	0	cSpy was 63 spamed and the readout avoided!
3	1	G	40000	0	100	100	100000	200000	200000	200000	200000	200000	200000	200000	200002
3	1	A	40000	0	100	100	100000	100000	100000	100000	100000	100000	100000	100000	100001
3	1	B	40000	0	100	100	100000	100000	100000	100000	100000	100000	100000	100000	100001
3	2	G	40000	69287	30.713	27.113	30713	6975	12	0	0	6394	293	276	6782
3	2	A	40000	69383	30.617	27.099	30617	3518	6	0	0	3118	187	207	3383
3	2	B	40000	69416	30.584	27.127	30584	3457	6	0	0	3276	106	69	3399
3	2	cSpy was 46 spamed and the readout avoided!
3	3	G	40000	100000	0	0	0	0	0	0	0	0	0	0	2
3	3	A	40000	100000	0	0	0	0	0	0	0	0	0	0	1
3	3	B	40000	100000	0	0	0	0	0	0	0	0	0	0	1
3	4	G	40000	99059	0.941002	0.4095	941	1034	0	0	0	1024	0	10	1036
3	4	A	40000	99075	0.924999	0.404	925	521	0	0	0	511	0	10	522
3	4	B	40000	99072	0.928003	0.415	928	513	0	0	0	513	0	0	514
3	5	G	40000	0	100	100	100000	200000	200000	200000	200000	200000	200000	200000	200002
3	5	A	40000	0	100	100	100000	100000	100000	100000	100000	100000	100000	100000	100001
3	5	B	40000	0	100	100	100000	100000	100000	100000	100000	100000	100000	100000	100001
3	6	G	40000	20133	79.867	59.696	79867	30015	164	0	0	28255	949	647	29548
3	6	A	40000	25107	74.893	59.856	74893	15037	71	0	0	13956	470	540	14692
3	6	B	40000	25486	74.514	59.536	74514	14978	93	0	0	14299	479	107	14856
3	7	G	40000	100000	0	0	0	0	0	0	0	0	0	0	2
3	7	A	40000	100000	0	0	0	0	0	0	0	0	0	0	1
3	7	B	40000	100000	0	0	0	0	0	0	0	0	0	0	1
4	0	G	40000	271	99.729	95.6755	99729	4526	201	5	0	3632	138	550	4015
4	0	A	40000	590	99.41	98.392	99410	1018	85	0	0	367	47	519	587
4	0	B	40000	3533	96.467	92.959	96467	3508	116	5	0	3265	91	31	3428
4	0	cSpy was 71 spamed and the readout avoided!
4	1	G	40000	100000	0	0	0	0	0	0	0	0	0	0	2
4	1	A	40000	100000	0	0	0	0	0	0	0	0	0	0	1
4	1	B	40000	100000	0	0	0	0	0	0	0	0	0	0	1
4	2	G	40000	100000	0	0	0	0	0	0	0	0	0	0	2
4	2	A	40000	100000	0	0	0	0	0	0	0	0	0	0	1
4	2	B	40000	100000	0	0	0	0	0	0	0	0	0	0	1
4	3	G	40000	70442	29.558	17.439	29558	23880	0	0	0	23728	31	121	23873
4	3	A	40000	70679	29.321	17.439	29321	11882	0	0	0	11738	27	117	11874
4	3	B	40000	70563	29.437	17.439	29437	11998	0	0	0	11990	4	4	11999
4	4	G	40000	1043	98.957	95.4525	98957	4723	245	2	0	2985	841	650	4227
4	4	A	40000	2211	97.789	95.367	97789	2422	78	0	0	1407	440	497	2115
4	4	B	40000	2161	97.839	95.538	97839	2301	167	2	0	1578	401	153	2112
4	4	cSpy was 43 spamed and the readout avoided!
4	5	G	40000	100000	0	0	0	0	0	0	0	0	0	0	2
4	5	A	40000	100000	0	0	0	0	0	0	0	0	0	0	1
4	5	B	40000	100000	0	0	0	0	0	0	0	0	0	0	1
4	6	G	40000	100000	0	0	0	0	0	0	0	0	0	0	2
4	6	A	40000	100000	0	0	0	0	0	0	0	0	0	0	1
4	6	B	40000	100000	0	0	0	0	0	0	0	0	0	0	1
4	7	G	40000	89991	10.009	4.227	10009	11126	0	0	0	10902	195	29	11119
4	7	A	40000	90221	9.779	4.227	9779	5552	0	0	0	5408	115	29	5544
4	7	B	40000	90199	9.801	4.227	9801	5574	0	0	0	5494	80	0	5575
5	0	G	40000	626	99.374	55.3265	99374	14401	128	0	0	13183	381	709	13841
5	0	A	40000	733	99.267	97.974	99267	1293	126	0	0	165	294	708	733
5	0	B	40000	74213	25.787	12.679	25787	13108	2	0	0	13018	87	1	13108
5	0	cSpy was 22 spamed and the readout avoided!
5	1	G	40000	98085	1.915	0.686	1915	1937	0	0	0	1933	0	4	1939
5	1	A	40000	98221	1.779	0.755	1779	1024	0	0	0	1020	0	4	1025
5	1	B	40000	98470	1.53	0.617	1530	913	0	0	0	913	0	0	914
5	2	G	40000	220	99.78	98.204	99780	2028	139	3	0	268	1066	552	1557
5	2	A	40000	961	99.039	97.936	99039	1103	49	0	0	71	847	136	954
5	2	B	40000	603	99.397	98.472	99397	925	90	3	0	197	219	416	603
5	2	cSpy was 7 spamed and the readout avoided!
5	3	G	40000	90432	9.568	2.438	9568	13964	0	0	0	13849	60	55	13966
5	3	A	40000	90593	9.407	2.413	9407	6994	0	0	0	6880	60	54	6995
5	3	B	40000	90567	9.433	2.463	9433	6970	0	0	0	6969	0	1	6971
5	4	G	40000	100000	0	0	0	0	0	0	0	0	0	0	2
5	4	A	40000	100000	0	0	0	0	0	0	0	0	0	0	1
5	4	B	40000	100000	0	0	0	0	0	0	0	0	0	0	1
5	5	G	40000	99720	0.279999	0.0925	280	269	0	0	0	269	0	0	271
5	5	A	40000	99762	0.238001	0.101	238	137	0	0	0	137	0	0	138
5	5	B	40000	99784	0.216001	0.084	216	132	0	0	0	132	0	0	133
5	6	G	40000	21891	78.109	38.383	78109	46421	9	1	0	45992	305	114	46399
5	6	A	40000	33576	66.424	44.381	66424	22043	4	0	0	21719	209	111	22026
5	6	B	40000	43237	56.763	32.385	56763	24378	5	1	0	24273	96	3	24373
5	7	G	40000	29759	70.241	46.5205	70241	33037	20	0	0	28646	4250	121	32971
5	7	A	40000	37213	62.787	46.068	62787	16719	12	0	0	13943	2692	72	16692
5	7	B	40000	36709	63.291	46.973	63291	16318	8	0	0	14703	1558	49	16279
5	7	cSpy was 28 spamed and the readout avoided!
6	0	G	40000	367	99.633	67.5695	99633	20112	75	0	0	18701	894	442	19736
6	0	A	40000	603	99.397	98.438	99397	959	72	0	0	316	151	420	603
6	0	B	40000	44146	55.854	36.701	55854	19153	3	0	0	18385	743	22	19133
6	0	cSpy was 16 spamed and the readout avoided!
6	1	G	40000	9693	90.307	76.4965	90307	18641	81	6	0	15306	2915	333	18425
6	1	A	40000	14476	85.524	75.929	85524	9595	48	5	0	7598	1693	251	9438
6	1	B	40000	13890	86.11	77.064	86110	9046	33	1	0	7708	1222	82	8987
6	1	cSpy was 35 spamed and the readout avoided!
6	2	G	40000	100000	0	0	0	0	0	0	0	0	0	0	2
6	2	A	40000	100000	0	0	0	0	0	0	0	0	0	0	1
6	2	B	40000	100000	0	0	0	0	0	0	0	0	0	0	1
6	3	G	40000	100000	0	0	0	0	0	0	0	0	0	0	2
6	3	A	40000	100000	0	0	0	0	0	0	0	0	0	0	1
6	3	B	40000	100000	0	0	0	0	0	0	0	0	0	0	1
6	4	G	40000	47124	52.876	23.5635	52876	33477	0	0	0	32491	918	68	33469
6	4	A	40000	56278	43.722	27.636	43722	16086	0	0	0	15760	258	68	16077
6	4	B	40000	63118	36.882	19.491	36882	17391	0	0	0	16731	660	0	17392
6	5	G	40000	2099	97.901	92.6345	97901	7505	406	34	3	5081	1393	588	6874
6	5	A	40000	3849	96.151	92.216	96151	3935	194	1	0	2485	893	362	3591
6	5	B	40000	3377	96.623	93.053	96623	3570	212	33	3	2596	500	226	3283
6	5	cSpy was 47 spamed and the readout avoided!
6	6	G	40000	100000	0	0	0	0	0	0	0	0	0	0	2
6	6	A	40000	100000	0	0	0	0	0	0	0	0	0	0	1
6	6	B	40000	100000	0	0	0	0	0	0	0	0	0	0	1
6	7	G	40000	100000	0	0	0	0	0	0	0	0	0	0	2
6	7	A	40000	100000	0	0	0	0	0	0	0	0	0	0	1
6	7	B	40000	100000	0	0	0	0	0	0	0	0	0	0	1
7	0	G	40000	1822	98.178	50.746	98178	9379	186	0	0	8212	697	284	9048
7	0	A	40000	1983	98.017	95.71	98017	2307	185	0	0	1547	293	282	1976
7	0	B	40000	87146	12.854	5.782	12854	7072	1	0	0	6665	404	2	7072
7	0	cSpy was 8 spamed and the readout avoided!
7	1	G	40000	100000	0	0	0	0	0	0	0	0	0	0	2
7	1	A	40000	100000	0	0	0	0	0	0	0	0	0	0	1
7	1	B	40000	100000	0	0	0	0	0	0	0	0	0	0	1
7	2	G	40000	100000	0	0	0	0	0	0	0	0	0	0	2
7	2	A	40000	100000	0	0	0	0	0	0	0	0	0	0	1
7	2	B	40000	100000	0	0	0	0	0	0	0	0	0	0	1
7	3	G	40000	23459	76.541	36.038	76541	47058	0	0	0	46252	698	108	47043
7	3	A	40000	35545	64.455	42.052	64455	22403	0	0	0	21813	482	108	22387
7	3	B	40000	45321	54.679	30.024	54679	24655	0	0	0	24439	216	0	24656
7	3	cSpy was 1 spamed and the readout avoided!
7	4	G	40000	39635	60.365	21.4355	60365	52979	21	0	0	45387	7483	88	52952
7	4	A	40000	52571	47.429	20.541	47429	26888	12	0	0	22055	4733	88	26867
7	4	B	40000	51579	48.421	22.33	48421	26091	9	0	0	23332	2750	0	26085
7	5	G	40000	100000	0	0	0	0	0	0	0	0	0	0	2
7	5	A	40000	100000	0	0	0	0	0	0	0	0	0	0	1
7	5	B	40000	100000	0	0	0	0	0	0	0	0	0	0	1
7	6	G	40000	100000	0	0	0	0	0	0	0	0	0	0	2
7	6	A	40000	100000	0	0	0	0	0	0	0	0	0	0	1
7	6	B	40000	100000	0	0	0	0	0	0	0	0	0	0	1
7	7	G	40000	24946	75.054	34.3605	75054	46938	0	0	0	46060	784	94	46934
7	7	A	40000	37150	62.85	40.435	62850	22415	0	0	0	22220	102	93	22411
7	7	B	40000	47191	52.809	28.286	52809	24523	0	0	0	23840	682	1	24523
