#the gain was set to: 2	the bias was set to: 30
#Sent triggers per delay setting: 100000	and with a frequency [Hz] of: 40000
#160MHz delay setting	400MHz delay setting	Frequency	correct transmitted H+T		error rate [%]	uncertainty [%]	bad or missed events	error count	missing headers	missing trailers	flipped H/T	event nr errors	tbm missed trigger	unknown errors	event nr resets
0	0	G	40000	405	99.595	62.3265	99595	19633	148	0	0	16662	1990	833	19074
0	0	A	40000	595	99.405	98.251	99405	1154	148	0	0	44	129	833	595
0	0	B	40000	55119	44.881	26.402	44881	18479	0	0	0	16618	1861	0	18479
0	0	cSpy was 90 spamed and the readout avoided!
0	1	G	40000	67168	32.832	16.146	32832	20311	13	0	0	20113	144	41	20292
0	1	A	40000	74661	25.339	14.836	25339	10503	6	0	0	10352	106	39	10488
0	1	B	40000	72736	27.264	17.456	27264	9808	7	0	0	9761	38	2	9804
0	2	G	40000	0	100	100	100000	200000	200000	200000	200000	200000	200000	200000	200002
0	2	A	40000	0	100	100	100000	100000	100000	100000	100000	100000	100000	100000	100001
0	2	B	40000	0	100	100	100000	100000	100000	100000	100000	100000	100000	100000	100001
0	3	G	40000	72637	27.363	26.6655	27363	963	14	0	0	667	17	265	829
0	3	A	40000	72859	27.141	26.596	27141	545	6	0	0	277	13	249	423
0	3	B	40000	72847	27.153	26.735	27153	418	8	0	0	390	4	16	406
0	3	cSpy was 4 spamed and the readout avoided!
0	4	G	40000	100000	0	0	0	0	0	0	0	0	0	0	2
0	4	A	40000	100000	0	0	0	0	0	0	0	0	0	0	1
0	4	B	40000	100000	0	0	0	0	0	0	0	0	0	0	1
0	5	G	40000	99095	0.905001	0.2765	905	863	0	0	0	863	0	0	865
0	5	A	40000	99419	0.581002	0.158	581	423	0	0	0	423	0	0	424
0	5	B	40000	99165	0.835001	0.395	835	440	0	0	0	440	0	0	441
0	6	G	40000	0	100	100	100000	200000	200000	200000	200000	200000	200000	200000	200002
0	6	A	40000	0	100	100	100000	100000	100000	100000	100000	100000	100000	100000	100001
0	6	B	40000	0	100	100	100000	100000	100000	100000	100000	100000	100000	100000	100001
0	7	G	40000	77718	22.282	7.625	22282	25476	3	0	0	23012	2430	31	25470
0	7	A	40000	79563	20.437	7.74	20437	12697	3	0	0	11459	1204	31	12690
0	7	B	40000	79711	20.289	7.51	20289	12779	0	0	0	11553	1226	0	12780
1	0	G	40000	118	99.882	97.527	99882	2559	179	2	0	2089	162	127	2365
1	0	A	40000	251	99.749	99.488	99749	261	0	0	0	209	35	17	247
1	0	B	40000	2136	97.864	95.566	97864	2298	179	2	0	1880	127	110	2118
1	0	cSpy was 7 spamed and the readout avoided!
1	1	G	40000	33402	66.598	37.264	66598	36868	302	71	1	28906	6838	750	36460
1	1	A	40000	43460	56.54	39.295	56540	17245	64	19	0	13168	3316	678	17042
1	1	B	40000	45144	54.856	35.233	54856	19623	238	52	1	15738	3522	72	19418
1	1	cSpy was 33 spamed and the readout avoided!
1	2	G	40000	100000	0	0	0	0	0	0	0	0	0	0	2
1	2	A	40000	100000	0	0	0	0	0	0	0	0	0	0	1
1	2	B	40000	100000	0	0	0	0	0	0	0	0	0	0	1
1	3	G	40000	100000	0	0	0	0	0	0	0	0	0	0	2
1	3	A	40000	100000	0	0	0	0	0	0	0	0	0	0	1
1	3	B	40000	100000	0	0	0	0	0	0	0	0	0	0	1
1	4	G	40000	63353	36.647	22.4555	36647	17719	486	32	2	16455	667	77	17542
1	4	A	40000	71818	28.182	19.408	28182	8774	94	0	0	8584	20	76	8690
1	4	B	40000	65552	34.448	25.503	34448	8945	392	32	2	7871	647	1	8852
1	4	cSpy was 25 spamed and the readout avoided!
1	5	G	40000	4095	95.905	81.223	95905	19053	393	34	2	15983	1823	821	18275
1	5	A	40000	8832	91.168	81.785	91168	9383	278	22	1	6902	1426	756	8716
1	5	B	40000	9669	90.331	80.661	90331	9670	115	12	1	9081	397	65	9559
1	5	cSpy was 65 spamed and the readout avoided!
1	6	G	40000	100000	0	0	0	0	0	0	0	0	0	0	2
1	6	A	40000	100000	0	0	0	0	0	0	0	0	0	0	1
1	6	B	40000	100000	0	0	0	0	0	0	0	0	0	0	1
1	7	G	40000	100000	0	0	0	0	0	0	0	0	0	0	2
1	7	A	40000	100000	0	0	0	0	0	0	0	0	0	0	1
1	7	B	40000	100000	0	0	0	0	0	0	0	0	0	0	1
2	0	G	40000	4972	95.028	45.0685	95028	5572	133	0	0	4797	221	421	5224
2	0	A	40000	4995	95.005	89.9	95005	5105	133	0	0	4489	62	421	4756
2	0	B	40000	99296	0.704002	0.237	704	467	0	0	0	308	159	0	468
2	1	G	40000	100000	0	0	0	0	0	0	0	0	0	0	2
2	1	A	40000	100000	0	0	0	0	0	0	0	0	0	0	1
2	1	B	40000	100000	0	0	0	0	0	0	0	0	0	0	1
2	2	G	40000	31266	68.734	55.6915	68734	18654	126	0	0	18232	110	186	18470
2	2	A	40000	35311	64.689	55.105	64689	9584	56	0	0	9316	58	154	9450
2	2	B	40000	34652	65.348	56.278	65348	9070	70	0	0	8916	52	32	9020
2	2	cSpy was 1 spamed and the readout avoided!
2	3	G	40000	174	99.826	98.602	99826	1585	110	9	0	732	208	526	1201
2	3	A	40000	465	99.535	98.793	99535	742	50	0	0	275	14	403	464
2	3	B	40000	746	99.254	98.411	99254	843	60	9	0	457	194	123	737
2	3	cSpy was 79 spamed and the readout avoided!
2	4	G	40000	100000	0	0	0	0	0	0	0	0	0	0	2
2	4	A	40000	100000	0	0	0	0	0	0	0	0	0	0	1
2	4	B	40000	100000	0	0	0	0	0	0	0	0	0	0	1
2	5	G	40000	100000	0	0	0	0	0	0	0	0	0	0	2
2	5	A	40000	100000	0	0	0	0	0	0	0	0	0	0	1
2	5	B	40000	100000	0	0	0	0	0	0	0	0	0	0	1
2	6	G	40000	65346	34.654	16.108	34654	24145	2	0	0	24051	65	27	24139
2	6	A	40000	72536	27.464	15.263	27464	12201	1	0	0	12139	34	27	12194
2	6	B	40000	71103	28.897	16.953	28897	11944	1	0	0	11912	31	0	11945
2	7	G	40000	19	99.981	98.7805	99981	1377	85	18	0	441	497	336	1062
2	7	A	40000	46	99.954	99.708	99954	246	0	0	0	7	16	223	46
2	7	B	40000	1016	98.984	97.853	98984	1131	85	18	0	434	481	113	1016
2	7	cSpy was 100 spamed and the readout avoided!
3	0	G	40000	1160	98.84	68.6335	98840	15652	239	0	0	14806	240	367	15225
3	0	A	40000	1587	98.413	96.42	98413	1993	215	0	0	1239	181	358	1584
3	0	B	40000	45494	54.506	40.847	54506	13659	24	0	0	13567	59	9	13641
3	0	cSpy was 39 spamed and the readout avoided!
3	1	G	40000	0	100	100	100000	200000	200000	200000	200000	200000	200000	200000	200002
3	1	A	40000	0	100	100	100000	100000	100000	100000	100000	100000	100000	100000	100001
3	1	B	40000	0	100	100	100000	100000	100000	100000	100000	100000	100000	100000	100001
3	2	G	40000	88194	11.806	3.116	11806	17378	0	0	0	17225	91	62	17378
3	2	A	40000	88194	11.806	3.116	11806	8690	0	0	0	8550	80	60	8689
3	2	B	40000	88196	11.804	3.116	11804	8688	0	0	0	8675	11	2	8689
3	3	G	40000	100000	0	0	0	0	0	0	0	0	0	0	2
3	3	A	40000	100000	0	0	0	0	0	0	0	0	0	0	1
3	3	B	40000	100000	0	0	0	0	0	0	0	0	0	0	1
3	4	G	40000	99996	0.00399947	0.001	4	4	0	0	0	4	0	0	6
3	4	A	40000	99997	0.00299811	0.001	3	2	0	0	0	2	0	0	3
3	4	B	40000	99997	0.00299811	0.001	3	2	0	0	0	2	0	0	3
3	5	G	40000	16652	83.348	36.6605	83348	59744	0	0	0	59562	73	109	59653
3	5	A	40000	31494	68.506	42.885	68506	25621	0	0	0	25471	42	108	25529
3	5	B	40000	35441	64.559	30.436	64559	34123	0	0	0	34091	31	1	34124
3	6	G	40000	53273	46.727	18.518	46727	53188	15	0	0	47416	5632	125	53155
3	6	A	40000	54942	45.058	18.501	45058	26557	10	0	0	22717	3705	125	26529
3	6	B	40000	54834	45.166	18.535	45166	26631	5	0	0	24699	1927	0	26626
3	7	G	40000	100000	0	0	0	0	0	0	0	0	0	0	2
3	7	A	40000	100000	0	0	0	0	0	0	0	0	0	0	1
3	7	B	40000	100000	0	0	0	0	0	0	0	0	0	0	1
4	0	G	40000	287	99.713	95.872	99713	3104	214	0	0	2033	243	614	2524
4	0	A	40000	661	99.339	98.289	99339	1050	84	0	0	415	104	447	654
4	0	B	40000	4491	95.509	93.455	95509	2054	130	0	0	1618	139	167	1870
4	0	cSpy was 69 spamed and the readout avoided!
4	1	G	40000	100000	0	0	0	0	0	0	0	0	0	0	2
4	1	A	40000	100000	0	0	0	0	0	0	0	0	0	0	1
4	1	B	40000	100000	0	0	0	0	0	0	0	0	0	0	1
4	2	G	40000	100000	0	0	0	0	0	0	0	0	0	0	2
4	2	A	40000	100000	0	0	0	0	0	0	0	0	0	0	1
4	2	B	40000	100000	0	0	0	0	0	0	0	0	0	0	1
4	3	G	40000	30359	69.641	30.4965	69641	44467	0	0	0	43021	1358	88	44452
4	3	A	40000	42841	57.159	35.747	57159	21412	0	0	0	20958	366	88	21396
4	3	B	40000	51699	48.301	25.246	48301	23055	0	0	0	22063	992	0	23056
4	4	G	40000	3062	96.938	88.904	96938	11313	522	11	0	7371	2436	973	10397
4	4	A	40000	5424	94.576	88.931	94576	5645	255	0	0	3268	1436	686	5064
4	4	B	40000	5455	94.545	88.877	94545	5668	267	11	0	4103	1000	287	5333
4	4	cSpy was 28 spamed and the readout avoided!
4	5	G	40000	100000	0	0	0	0	0	0	0	0	0	0	2
4	5	A	40000	100000	0	0	0	0	0	0	0	0	0	0	1
4	5	B	40000	100000	0	0	0	0	0	0	0	0	0	0	1
4	6	G	40000	100000	0	0	0	0	0	0	0	0	0	0	2
4	6	A	40000	100000	0	0	0	0	0	0	0	0	0	0	1
4	6	B	40000	100000	0	0	0	0	0	0	0	0	0	0	1
4	7	G	40000	86717	13.283	4.46	13283	11232	0	0	0	11205	6	21	11231
4	7	A	40000	89134	10.866	5.02	10866	5846	0	0	0	5822	3	21	5844
4	7	B	40000	90714	9.286	3.9	9286	5386	0	0	0	5383	3	0	5387
5	0	G	40000	631	99.369	54.291	99369	12903	131	0	0	11683	342	747	12301
5	0	A	40000	739	99.261	97.919	99261	1342	130	0	0	187	279	746	739
5	0	B	40000	77776	22.224	10.663	22224	11561	1	0	0	11496	63	1	11562
5	0	cSpy was 36 spamed and the readout avoided!
5	1	G	40000	98773	1.227	0.463	1227	1044	0	0	0	1034	7	3	1046
5	1	A	40000	98954	1.046	0.518	1046	528	0	0	0	522	3	3	529
5	1	B	40000	99076	0.923997	0.408	924	516	0	0	0	512	4	0	517
5	2	G	40000	6904	93.096	78.142	93096	18333	50	0	0	17251	737	295	18103
5	2	A	40000	11035	88.965	80.478	88965	8487	24	0	0	7973	348	142	8404
5	2	B	40000	14348	85.652	75.806	85652	9846	26	0	0	9278	389	153	9699
5	2	cSpy was 43 spamed and the readout avoided!
5	3	G	40000	74034	25.966	4.0965	25966	33496	0	0	0	32277	1131	88	33492
5	3	A	40000	79442	20.558	3.749	20558	16809	0	0	0	15791	930	88	16804
5	3	B	40000	78869	21.131	4.444	21131	16687	0	0	0	16486	201	0	16688
5	4	G	40000	100000	0	0	0	0	0	0	0	0	0	0	2
5	4	A	40000	100000	0	0	0	0	0	0	0	0	0	0	1
5	4	B	40000	100000	0	0	0	0	0	0	0	0	0	0	1
5	5	G	40000	99665	0.335002	0.109	335	333	0	0	0	333	0	0	335
5	5	A	40000	99704	0.296003	0.121	296	175	0	0	0	175	0	0	176
5	5	B	40000	99745	0.255001	0.097	255	158	0	0	0	158	0	0	159
5	6	G	40000	23039	76.961	35.8925	76961	47526	0	0	0	47341	90	95	47527
5	6	A	40000	35254	64.746	42.121	64746	22625	0	0	0	22501	30	94	22626
5	6	B	40000	45435	54.565	29.664	54565	24901	0	0	0	24840	60	1	24901
5	7	G	40000	17051	82.949	58.1005	82949	34187	39	0	0	28350	5622	176	34091
5	7	A	40000	25267	74.733	57.202	74733	17531	12	0	0	13934	3466	119	17475
5	7	B	40000	24345	75.655	58.999	75655	16656	27	0	0	14416	2156	57	16616
5	7	cSpy was 13 spamed and the readout avoided!
6	0	G	40000	530	99.47	60.677	99470	18777	89	0	0	17438	774	476	18371
6	0	A	40000	703	99.297	98.187	99297	1110	88	0	0	344	202	476	703
6	0	B	40000	59166	40.834	23.167	40834	17667	1	0	0	17094	572	0	17668
6	0	cSpy was 16 spamed and the readout avoided!
6	1	G	40000	3214	96.786	88.451	96786	11387	198	11	1	8564	2171	442	11025
6	1	A	40000	6197	93.803	87.74	93803	6063	114	10	0	4311	1270	358	5798
6	1	B	40000	5514	94.486	89.162	94486	5324	84	1	1	4253	901	84	5227
6	1	cSpy was 19 spamed and the readout avoided!
6	2	G	40000	100000	0	0	0	0	0	0	0	0	0	0	2
6	2	A	40000	100000	0	0	0	0	0	0	0	0	0	0	1
6	2	B	40000	100000	0	0	0	0	0	0	0	0	0	0	1
6	3	G	40000	100000	0	0	0	0	0	0	0	0	0	0	2
6	3	A	40000	100000	0	0	0	0	0	0	0	0	0	0	1
6	3	B	40000	100000	0	0	0	0	0	0	0	0	0	0	1
6	4	G	40000	55124	44.876	17.174	44876	30955	0	0	0	30207	676	72	30945
6	4	A	40000	65055	34.945	19.767	34945	15178	0	0	0	14818	288	72	15167
6	4	B	40000	69642	30.358	14.581	30358	15777	0	0	0	15389	388	0	15778
6	5	G	40000	2404	97.596	90.7535	97596	9466	521	69	0	6342	1797	737	8610
6	5	A	40000	4832	95.168	90.194	95168	4974	253	2	0	3084	1198	437	4517
6	5	B	40000	4195	95.805	91.313	95805	4492	268	67	0	3258	599	300	4093
6	5	cSpy was 30 spamed and the readout avoided!
6	6	G	40000	99995	0.00500083	0.002	5	6	0	0	0	6	0	0	8
6	6	A	40000	99995	0.00500083	0.002	5	3	0	0	0	3	0	0	4
6	6	B	40000	99995	0.00500083	0.002	5	3	0	0	0	3	0	0	4
6	7	G	40000	100000	0	0	0	0	0	0	0	0	0	0	2
6	7	A	40000	100000	0	0	0	0	0	0	0	0	0	0	1
6	7	B	40000	100000	0	0	0	0	0	0	0	0	0	0	1
7	0	G	40000	1619	98.381	54.858	98381	17966	188	2	1	16472	993	310	17621
7	0	A	40000	2039	97.961	95.591	97961	2370	185	2	1	1583	289	310	2027
7	0	B	40000	70279	29.721	14.125	29721	15596	3	0	0	14889	704	0	15594
7	0	cSpy was 13 spamed and the readout avoided!
7	1	G	40000	100000	0	0	0	0	0	0	0	0	0	0	2
7	1	A	40000	100000	0	0	0	0	0	0	0	0	0	0	1
7	1	B	40000	100000	0	0	0	0	0	0	0	0	0	0	1
7	2	G	40000	100000	0	0	0	0	0	0	0	0	0	0	2
7	2	A	40000	100000	0	0	0	0	0	0	0	0	0	0	1
7	2	B	40000	100000	0	0	0	0	0	0	0	0	0	0	1
7	3	G	40000	22776	77.224	36.5285	77224	47290	0	0	0	46902	289	99	47285
7	3	A	40000	34828	65.172	42.68	65172	22492	0	0	0	22154	240	98	22487
7	3	B	40000	44825	55.175	30.377	55175	24798	0	0	0	24748	49	1	24798
7	4	G	40000	24956	75.044	50.8295	75044	33311	186	2	0	27574	5163	386	32989
7	4	A	40000	32889	67.111	50.042	67111	17069	104	2	0	13393	3255	315	16837
7	4	B	40000	32141	67.859	51.617	67859	16242	82	0	0	14181	1908	71	16152
7	4	cSpy was 17 spamed and the readout avoided!
7	5	G	40000	100000	0	0	0	0	0	0	0	0	0	0	2
7	5	A	40000	100000	0	0	0	0	0	0	0	0	0	0	1
7	5	B	40000	100000	0	0	0	0	0	0	0	0	0	0	1
7	6	G	40000	100000	0	0	0	0	0	0	0	0	0	0	2
7	6	A	40000	100000	0	0	0	0	0	0	0	0	0	0	1
7	6	B	40000	100000	0	0	0	0	0	0	0	0	0	0	1
7	7	G	40000	36451	63.549	27.3025	63549	41009	0	0	0	39852	1069	88	41004
7	7	A	40000	48123	51.877	32.075	51877	19802	0	0	0	19496	219	87	19796
7	7	B	40000	56263	43.737	22.53	43737	21207	0	0	0	20356	850	1	21208
