#the gain was set to: 2	the bias was set to: 30
#Sent triggers per delay setting: 100000	and with a frequency [Hz] of: 40000
#160MHz delay setting	400MHz delay setting	Frequency	correct transmitted H+T		error rate [%]	uncertainty [%]	bad or missed events	error count	missing headers	missing trailers	flipped H/T	event nr errors	tbm missed trigger	unknown errors	event nr resets
0	0	G	40000	473	99.527	58.476	99527	16925	148	0	0	14062	1876	839	16395
0	0	A	40000	629	99.371	98.212	99371	1159	148	0	0	78	95	838	629
0	0	B	40000	65494	34.506	18.74	34506	15766	0	0	0	13984	1781	1	15766
0	0	cSpy was 55 spamed and the readout avoided!
0	1	G	40000	88118	11.882	6.3765	11882	7050	6	0	0	6966	62	16	7045
0	1	A	40000	90453	9.547	5.909	9547	3638	3	0	0	3572	48	15	3634
0	1	B	40000	89744	10.256	6.844	10256	3412	3	0	0	3394	14	1	3411
0	2	G	40000	0	100	100	100000	200000	200000	200000	200000	200000	200000	200000	200002
0	2	A	40000	0	100	100	100000	100000	100000	100000	100000	100000	100000	100000	100001
0	2	B	40000	0	100	100	100000	100000	100000	100000	100000	100000	100000	100000	100001
0	3	G	40000	95695	4.305	2.349	4305	3908	0	0	0	3892	16	0	3910
0	3	A	40000	95696	4.304	2.35	4304	1954	0	0	0	1946	8	0	1955
0	3	B	40000	95698	4.302	2.348	4302	1954	0	0	0	1946	8	0	1955
0	4	G	40000	100000	0	0	0	0	0	0	0	0	0	0	2
0	4	A	40000	100000	0	0	0	0	0	0	0	0	0	0	1
0	4	B	40000	100000	0	0	0	0	0	0	0	0	0	0	1
0	5	G	40000	99761	0.239003	0.0705	239	242	0	0	0	242	0	0	244
0	5	A	40000	99851	0.149	0.034	149	115	0	0	0	115	0	0	116
0	5	B	40000	99766	0.234002	0.107	234	127	0	0	0	127	0	0	128
0	6	G	40000	0	100	100	100000	200000	200000	200000	200000	200000	200000	200000	200002
0	6	A	40000	0	100	100	100000	100000	100000	100000	100000	100000	100000	100000	100001
0	6	B	40000	0	100	100	100000	100000	100000	100000	100000	100000	100000	100000	100001
0	7	G	40000	18920	81.08	57.1425	81080	35022	35	0	0	31993	2417	577	34753
0	7	A	40000	25325	74.675	56.963	74675	17712	19	0	0	15908	1231	554	17460
0	7	B	40000	25368	74.632	57.322	74632	17310	16	0	0	16085	1186	23	17293
1	0	G	40000	388	99.612	97.1985	99612	3007	282	1	0	1938	430	356	2584
1	0	A	40000	974	99.026	97.825	99026	1201	96	1	0	687	205	212	972
1	0	B	40000	1622	98.378	96.572	98378	1806	186	0	0	1251	225	144	1612
1	0	cSpy was 64 spamed and the readout avoided!
1	1	G	40000	37905	62.095	42.6115	62095	25258	365	59	1	23146	1020	669	24621
1	1	A	40000	43112	56.888	45.702	56888	11186	217	33	1	10005	351	580	10698
1	1	B	40000	46407	53.593	39.521	53593	14072	148	26	0	13141	669	89	13923
1	1	cSpy was 43 spamed and the readout avoided!
1	2	G	40000	100000	0	0	0	0	0	0	0	0	0	0	2
1	2	A	40000	100000	0	0	0	0	0	0	0	0	0	0	1
1	2	B	40000	100000	0	0	0	0	0	0	0	0	0	0	1
1	3	G	40000	100000	0	0	0	0	0	0	0	0	0	0	2
1	3	A	40000	100000	0	0	0	0	0	0	0	0	0	0	1
1	3	B	40000	100000	0	0	0	0	0	0	0	0	0	0	1
1	4	G	40000	68754	31.246	19.4415	31246	14520	424	21	0	13455	561	59	14387
1	4	A	40000	76231	23.769	16.721	23769	7048	69	0	0	6922	0	57	6989
1	4	B	40000	70366	29.634	22.162	29634	7472	355	21	0	6533	561	2	7398
1	4	cSpy was 21 spamed and the readout avoided!
1	5	G	40000	0	100	100	100000	200000	200000	200000	200000	200000	200000	200000	200002
1	5	A	40000	0	100	100	100000	100000	100000	100000	100000	100000	100000	100000	100001
1	5	B	40000	0	100	100	100000	100000	100000	100000	100000	100000	100000	100000	100001
1	6	G	40000	100000	0	0	0	0	0	0	0	0	0	0	2
1	6	A	40000	100000	0	0	0	0	0	0	0	0	0	0	1
1	6	B	40000	100000	0	0	0	0	0	0	0	0	0	0	1
1	7	G	40000	100000	0	0	0	0	0	0	0	0	0	0	2
1	7	A	40000	100000	0	0	0	0	0	0	0	0	0	0	1
1	7	B	40000	100000	0	0	0	0	0	0	0	0	0	0	1
2	0	G	40000	7885	92.115	42.379	92115	7653	120	0	0	7008	154	371	7361
2	0	A	40000	7903	92.097	84.66	92097	7437	120	0	0	6884	62	371	7144
2	0	B	40000	99686	0.313997	0.098	314	216	0	0	0	124	92	0	217
2	1	G	40000	100000	0	0	0	0	0	0	0	0	0	0	2
2	1	A	40000	100000	0	0	0	0	0	0	0	0	0	0	1
2	1	B	40000	100000	0	0	0	0	0	0	0	0	0	0	1
2	2	G	40000	91773	8.227	2.9875	8227	10321	3	1	0	10317	0	0	10323
2	2	A	40000	91854	8.146	3	8146	5146	1	0	0	5145	0	0	5147
2	2	B	40000	91850	8.15	2.975	8150	5175	2	1	0	5172	0	0	5176
2	3	G	40000	0	100	100	100000	200000	200000	200000	200000	200000	200000	200000	200002
2	3	A	40000	0	100	100	100000	100000	100000	100000	100000	100000	100000	100000	100001
2	3	B	40000	0	100	100	100000	100000	100000	100000	100000	100000	100000	100000	100001
2	4	G	40000	99746	0.253999	0.1115	254	256	0	0	0	192	61	3	258
2	4	A	40000	99746	0.253999	0.126	254	128	0	0	0	96	29	3	129
2	4	B	40000	99775	0.225002	0.097	225	128	0	0	0	96	32	0	129
2	5	G	40000	100000	0	0	0	0	0	0	0	0	0	0	2
2	5	A	40000	100000	0	0	0	0	0	0	0	0	0	0	1
2	5	B	40000	100000	0	0	0	0	0	0	0	0	0	0	1
2	6	G	40000	99945	0.0549972	0.009	55	92	0	0	0	92	0	0	94
2	6	A	40000	99945	0.0549972	0.009	55	46	0	0	0	46	0	0	47
2	6	B	40000	99945	0.0549972	0.009	55	46	0	0	0	46	0	0	47
2	7	G	40000	11269	88.731	85.788	88731	3915	251	9	0	2717	340	598	3409
2	7	A	40000	12046	87.954	86.281	87954	1673	79	0	0	1153	133	308	1442
2	7	B	40000	12463	87.537	85.295	87537	2242	172	9	0	1564	207	290	1967
2	7	cSpy was 88 spamed and the readout avoided!
3	0	G	40000	1912	98.088	65.3795	98088	14312	218	4	0	13645	152	293	13972
3	0	A	40000	2525	97.475	94.626	97475	2849	217	4	0	2189	146	293	2508
3	0	B	40000	52404	47.596	36.133	47596	11463	1	0	0	11456	6	0	11464
3	0	cSpy was 26 spamed and the readout avoided!
3	1	G	40000	0	100	100	100000	200000	200000	200000	200000	200000	200000	200000	200002
3	1	A	40000	0	100	100	100000	100000	100000	100000	100000	100000	100000	100000	100001
3	1	B	40000	0	100	100	100000	100000	100000	100000	100000	100000	100000	100000	100001
3	2	G	40000	21659	78.341	55.58	78341	35851	138	0	0	33604	1475	634	35458
3	2	A	40000	26317	73.683	55.632	73683	18051	62	0	0	16752	690	547	17727
3	2	B	40000	26672	73.328	55.528	73328	17800	76	0	0	16852	785	87	17731
3	3	G	40000	100000	0	0	0	0	0	0	0	0	0	0	2
3	3	A	40000	100000	0	0	0	0	0	0	0	0	0	0	1
3	3	B	40000	100000	0	0	0	0	0	0	0	0	0	0	1
3	4	G	40000	100000	0	0	0	0	0	0	0	0	0	0	2
3	4	A	40000	100000	0	0	0	0	0	0	0	0	0	0	1
3	4	B	40000	100000	0	0	0	0	0	0	0	0	0	0	1
3	5	G	40000	0	100	100	100000	200000	200000	200000	200000	200000	200000	200000	200002
3	5	A	40000	0	100	100	100000	100000	100000	100000	100000	100000	100000	100000	100001
3	5	B	40000	0	100	100	100000	100000	100000	100000	100000	100000	100000	100000	100001
3	6	G	40000	3601	96.399	87.829	96399	11851	190	11	1	10008	1071	570	11405
3	6	A	40000	5828	94.172	88.576	94172	5596	23	0	0	4694	424	455	5319
3	6	B	40000	6663	93.337	87.082	93337	6255	167	11	1	5314	647	115	6086
3	6	cSpy was 6 spamed and the readout avoided!
3	7	G	40000	100000	0	0	0	0	0	0	0	0	0	0	2
3	7	A	40000	100000	0	0	0	0	0	0	0	0	0	0	1
3	7	B	40000	100000	0	0	0	0	0	0	0	0	0	0	1
4	0	G	40000	234	99.766	98.1965	99766	2034	184	0	0	1047	302	501	1567
4	0	A	40000	772	99.228	98.168	99228	1060	92	0	0	485	181	302	770
4	0	B	40000	801	99.199	98.225	99199	974	92	0	0	562	121	199	797
4	0	cSpy was 45 spamed and the readout avoided!
4	1	G	40000	100000	0	0	0	0	0	0	0	0	0	0	2
4	1	A	40000	100000	0	0	0	0	0	0	0	0	0	0	1
4	1	B	40000	100000	0	0	0	0	0	0	0	0	0	0	1
4	2	G	40000	100000	0	0	0	0	0	0	0	0	0	0	2
4	2	A	40000	100000	0	0	0	0	0	0	0	0	0	0	1
4	2	B	40000	100000	0	0	0	0	0	0	0	0	0	0	1
4	3	G	40000	86766	13.234	6.208	13234	13561	0	0	0	13202	309	50	13542
4	3	A	40000	87023	12.977	6.208	12977	6769	0	0	0	6519	201	49	6749
4	3	B	40000	87000	13	6.208	13000	6792	0	0	0	6683	108	1	6793
4	4	G	40000	0	100	100	100000	200000	200000	200000	200000	200000	200000	200000	200002
4	4	A	40000	0	100	100	100000	100000	100000	100000	100000	100000	100000	100000	100001
4	4	B	40000	0	100	100	100000	100000	100000	100000	100000	100000	100000	100000	100001
4	5	G	40000	99938	0.0620008	0.029	62	66	0	0	0	66	0	0	68
4	5	A	40000	99938	0.0620008	0.029	62	33	0	0	0	33	0	0	34
4	5	B	40000	99938	0.0620008	0.029	62	33	0	0	0	33	0	0	34
4	6	G	40000	100000	0	0	0	0	0	0	0	0	0	0	2
4	6	A	40000	100000	0	0	0	0	0	0	0	0	0	0	1
4	6	B	40000	100000	0	0	0	0	0	0	0	0	0	0	1
4	7	G	40000	99947	0.0530005	0.015	53	74	0	0	0	72	0	2	76
4	7	A	40000	99948	0.0519991	0.015	52	37	0	0	0	35	0	2	38
4	7	B	40000	99948	0.0519991	0.015	52	37	0	0	0	37	0	0	38
5	0	G	40000	811	99.189	51.7605	99189	8665	127	0	0	7569	360	609	8150
5	0	A	40000	869	99.131	97.746	99131	1385	127	0	0	312	337	609	869
5	0	B	40000	86945	13.055	5.775	13055	7280	0	0	0	7257	23	0	7281
5	0	cSpy was 21 spamed and the readout avoided!
5	1	G	40000	99997	0.00299811	0.001	3	4	0	0	0	4	0	0	6
5	1	A	40000	99997	0.00299811	0.001	3	2	0	0	0	2	0	0	3
5	1	B	40000	99997	0.00299811	0.001	3	2	0	0	0	2	0	0	3
5	2	G	40000	48113	51.887	24.2975	51887	31336	1	1	0	31108	20	206	31321
5	2	A	40000	57409	42.591	26.502	42591	16089	0	0	0	15868	18	203	16074
5	2	B	40000	62660	37.34	22.093	37340	15247	1	1	0	15240	2	3	15247
5	3	G	40000	8419	91.581	76.32	91581	22639	54	2	0	21273	768	542	22354
5	3	A	40000	13194	86.806	74.613	86806	12193	21	0	0	11214	446	512	11943
5	3	B	40000	11527	88.473	78.027	88473	10446	33	2	0	10059	322	30	10411
5	3	cSpy was 7 spamed and the readout avoided!
5	4	G	40000	100000	0	0	0	0	0	0	0	0	0	0	2
5	4	A	40000	100000	0	0	0	0	0	0	0	0	0	0	1
5	4	B	40000	100000	0	0	0	0	0	0	0	0	0	0	1
5	5	G	40000	99993	0.00699759	0.002	7	10	0	0	0	10	0	0	12
5	5	A	40000	99993	0.00699759	0.002	7	5	0	0	0	5	0	0	6
5	5	B	40000	99993	0.00699759	0.002	7	5	0	0	0	5	0	0	6
5	6	G	40000	66605	33.395	20.005	33395	26531	0	0	0	26403	3	125	26533
5	6	A	40000	66733	33.267	20.005	33267	13262	0	0	0	13134	3	125	13263
5	6	B	40000	66726	33.274	20.005	33274	13269	0	0	0	13269	0	0	13270
5	7	G	40000	415	99.585	96.5765	99585	3551	144	1	0	1703	1225	478	3208
5	7	A	40000	1748	98.252	96.372	98252	1880	74	1	0	1068	426	311	1667
5	7	B	40000	1548	98.452	96.781	98452	1671	70	0	0	635	799	167	1541
5	7	cSpy was 60 spamed and the readout avoided!
6	0	G	40000	702	99.298	61.887	99298	18457	129	0	0	17295	640	393	18092
6	0	A	40000	971	99.029	97.694	99029	1335	129	0	0	634	183	389	971
6	0	B	40000	56798	43.202	26.08	43202	17122	0	0	0	16661	457	4	17121
6	0	cSpy was 8 spamed and the readout avoided!
6	1	G	40000	3644	96.356	89.86	96356	9214	573	41	4	6020	1780	796	8313
6	1	A	40000	5906	94.094	89.137	94094	4957	283	3	0	2965	1207	499	4419
6	1	B	40000	5160	94.84	90.583	94840	4257	290	38	4	3055	573	297	3894
6	1	cSpy was 42 spamed and the readout avoided!
6	2	G	40000	100000	0	0	0	0	0	0	0	0	0	0	2
6	2	A	40000	100000	0	0	0	0	0	0	0	0	0	0	1
6	2	B	40000	100000	0	0	0	0	0	0	0	0	0	0	1
6	3	G	40000	100000	0	0	0	0	0	0	0	0	0	0	2
6	3	A	40000	100000	0	0	0	0	0	0	0	0	0	0	1
6	3	B	40000	100000	0	0	0	0	0	0	0	0	0	0	1
6	4	G	40000	80804	19.196	6.2245	19196	15877	0	0	0	15811	34	32	15877
6	4	A	40000	84847	15.153	7.032	15153	8121	0	0	0	8076	13	32	8120
6	4	B	40000	86827	13.173	5.417	13173	7756	0	0	0	7735	21	0	7757
6	5	G	40000	559	99.441	96.84	99441	3340	273	22	2	1546	1114	383	2916
6	5	A	40000	1709	98.291	96.451	98291	1840	133	1	0	797	769	140	1647
6	5	B	40000	1271	98.729	97.229	98729	1500	140	21	2	749	345	243	1269
6	5	cSpy was 55 spamed and the readout avoided!
6	6	G	40000	98948	1.052	0.337	1052	1430	0	0	0	1426	0	4	1432
6	6	A	40000	98948	1.052	0.337	1052	715	0	0	0	711	0	4	716
6	6	B	40000	98948	1.052	0.337	1052	715	0	0	0	715	0	0	716
6	7	G	40000	100000	0	0	0	0	0	0	0	0	0	0	2
6	7	A	40000	100000	0	0	0	0	0	0	0	0	0	0	1
6	7	B	40000	100000	0	0	0	0	0	0	0	0	0	0	1
7	0	G	40000	1395	98.605	80.122	98605	15708	307	4	0	14288	773	336	15290
7	0	A	40000	2539	97.461	94.596	97461	2865	202	3	0	2180	183	297	2520
7	0	B	40000	21509	78.491	65.648	78491	12843	105	1	0	12108	590	39	12770
7	0	cSpy was 26 spamed and the readout avoided!
7	1	G	40000	100000	0	0	0	0	0	0	0	0	0	0	2
7	1	A	40000	100000	0	0	0	0	0	0	0	0	0	0	1
7	1	B	40000	100000	0	0	0	0	0	0	0	0	0	0	1
7	2	G	40000	99983	0.0169992	0.0075	17	15	0	0	0	15	0	0	17
7	2	A	40000	99984	0.0159979	0.008	16	8	0	0	0	8	0	0	9
7	2	B	40000	99986	0.0140011	0.007	14	7	0	0	0	7	0	0	8
7	3	G	40000	23104	76.896	35.83	76896	47534	0	0	0	47259	179	96	47531
7	3	A	40000	35304	64.696	42.063	64696	22633	0	0	0	22479	58	96	22630
7	3	B	40000	45502	54.498	29.597	54498	24901	0	0	0	24780	121	0	24901
7	4	G	40000	20378	79.622	62.2705	79622	24206	9	2	0	19860	4138	197	24095
7	4	A	40000	25892	74.108	61.776	74108	12332	5	1	0	9705	2513	108	12292
7	4	B	40000	25361	74.639	62.765	74639	11874	4	1	0	10155	1625	89	11803
7	4	cSpy was 28 spamed and the readout avoided!
7	5	G	40000	100000	0	0	0	0	0	0	0	0	0	0	2
7	5	A	40000	100000	0	0	0	0	0	0	0	0	0	0	1
7	5	B	40000	100000	0	0	0	0	0	0	0	0	0	0	1
7	6	G	40000	100000	0	0	0	0	0	0	0	0	0	0	2
7	6	A	40000	100000	0	0	0	0	0	0	0	0	0	0	1
7	6	B	40000	100000	0	0	0	0	0	0	0	0	0	0	1
7	7	G	40000	55711	44.289	17.7655	44289	29325	0	0	0	28354	906	65	29314
7	7	A	40000	64927	35.073	20.786	35073	14287	0	0	0	13860	362	65	14275
7	7	B	40000	70217	29.783	14.745	29783	15038	0	0	0	14494	544	0	15039
