#the gain was set to: 2	the bias was set to: 30
#Sent triggers per delay setting: 100000	and with a frequency [Hz] of: 40000
#160MHz delay setting	400MHz delay setting	Frequency	correct transmitted H+T		error rate [%]	uncertainty [%]	bad or missed events	error count	missing headers	missing trailers	flipped H/T	event nr errors	tbm missed trigger	unknown errors	event nr resets
0	0	G	40000	468	99.532	57.727	99532	16219	146	0	0	13301	1930	842	15656
0	0	A	40000	616	99.384	98.204	99384	1180	146	0	0	93	101	840	616
0	0	B	40000	67711	32.289	17.25	32289	15039	0	0	0	13208	1829	2	15040
0	0	cSpy was 49 spamed and the readout avoided!
0	1	G	40000	99533	0.467002	0.073	467	782	0	0	0	782	0	0	784
0	1	A	40000	99536	0.463998	0.073	464	391	0	0	0	391	0	0	392
0	1	B	40000	99536	0.463998	0.073	464	391	0	0	0	391	0	0	392
0	2	G	40000	0	100	100	100000	200000	200000	200000	200000	200000	200000	200000	200002
0	2	A	40000	0	100	100	100000	100000	100000	100000	100000	100000	100000	100000	100001
0	2	B	40000	0	100	100	100000	100000	100000	100000	100000	100000	100000	100000	100001
0	3	G	40000	51969	48.031	18.5015	48031	31781	40	12	0	18241	12960	528	31738
0	3	A	40000	62500	37.5	21.89	37500	15610	12	4	0	8773	6297	524	15584
0	3	B	40000	68716	31.284	15.113	31284	16171	28	8	0	9468	6663	4	16154
0	3	cSpy was 9 spamed and the readout avoided!
0	4	G	40000	100000	0	0	0	0	0	0	0	0	0	0	2
0	4	A	40000	100000	0	0	0	0	0	0	0	0	0	0	1
0	4	B	40000	100000	0	0	0	0	0	0	0	0	0	0	1
0	5	G	40000	99853	0.147003	0.027	147	238	0	0	0	238	0	0	240
0	5	A	40000	99854	0.146002	0.027	146	119	0	0	0	119	0	0	120
0	5	B	40000	99854	0.146002	0.027	146	119	0	0	0	119	0	0	120
0	6	G	40000	0	100	100	100000	200000	200000	200000	200000	200000	200000	200000	200002
0	6	A	40000	0	100	100	100000	100000	100000	100000	100000	100000	100000	100000	100001
0	6	B	40000	0	100	100	100000	100000	100000	100000	100000	100000	100000	100000	100001
0	7	G	40000	41238	58.762	41.8655	58762	21961	338	43	3	20214	750	613	21367
0	7	A	40000	45638	54.362	44.7	54362	9662	192	22	3	8702	212	531	9195
0	7	B	40000	48670	51.33	39.031	51330	12299	146	21	0	11512	538	82	12172
0	7	cSpy was 40 spamed and the readout avoided!
1	0	G	40000	0	100	100	100000	200000	200000	200000	200000	200000	200000	200000	200002
1	0	A	40000	0	100	100	100000	100000	100000	100000	100000	100000	100000	100000	100001
1	0	B	40000	0	100	100	100000	100000	100000	100000	100000	100000	100000	100000	100001
1	1	G	40000	10229	89.771	74.1185	89771	22330	25	0	0	20418	1320	567	22064
1	1	A	40000	14798	85.202	73.805	85202	11397	12	0	0	10171	666	548	11144
1	1	B	40000	14635	85.365	74.432	85365	10933	13	0	0	10247	654	19	10920
1	2	G	40000	100000	0	0	0	0	0	0	0	0	0	0	2
1	2	A	40000	100000	0	0	0	0	0	0	0	0	0	0	1
1	2	B	40000	100000	0	0	0	0	0	0	0	0	0	0	1
1	3	G	40000	100000	0	0	0	0	0	0	0	0	0	0	2
1	3	A	40000	100000	0	0	0	0	0	0	0	0	0	0	1
1	3	B	40000	100000	0	0	0	0	0	0	0	0	0	0	1
1	4	G	40000	0	100	99.9995	100000	1	0	0	0	0	0	1	0
1	4	A	40000	0	100	100	100000	0	0	0	0	0	0	0	0
1	4	B	40000	0	100	99.999	100000	1	0	0	0	0	0	1	0
1	5	G	40000	0	100	100	100000	200000	200000	200000	200000	200000	200000	200000	200002
1	5	A	40000	0	100	100	100000	100000	100000	100000	100000	100000	100000	100000	100001
1	5	B	40000	0	100	100	100000	100000	100000	100000	100000	100000	100000	100000	100001
1	6	G	40000	100000	0	0	0	0	0	0	0	0	0	0	2
1	6	A	40000	100000	0	0	0	0	0	0	0	0	0	0	1
1	6	B	40000	100000	0	0	0	0	0	0	0	0	0	0	1
1	7	G	40000	100000	0	0	0	0	0	0	0	0	0	0	2
1	7	A	40000	100000	0	0	0	0	0	0	0	0	0	0	1
1	7	B	40000	100000	0	0	0	0	0	0	0	0	0	0	1
2	0	G	40000	6598	93.402	43.871	93402	11515	150	4	0	10496	477	388	11195
2	0	A	40000	6965	93.035	86.291	93035	6744	147	3	0	6149	57	388	6425
2	0	B	40000	93778	6.222	1.451	6222	4771	3	1	0	4347	420	0	4770
2	0	cSpy was 2 spamed and the readout avoided!
2	1	G	40000	100000	0	0	0	0	0	0	0	0	0	0	2
2	1	A	40000	100000	0	0	0	0	0	0	0	0	0	0	1
2	1	B	40000	100000	0	0	0	0	0	0	0	0	0	0	1
2	2	G	40000	91459	8.541	3.2805	8541	7358	0	0	0	7345	3	10	7359
2	2	A	40000	93415	6.585	2.892	6585	3693	0	0	0	3681	2	10	3693
2	2	B	40000	92666	7.334	3.669	7334	3665	0	0	0	3664	1	0	3666
2	3	G	40000	33	99.967	98.858	99967	1318	90	9	0	283	529	407	966
2	3	A	40000	70	99.93	99.637	99930	293	0	0	0	3	10	280	70
2	3	B	40000	896	99.104	98.079	99104	1025	90	9	0	280	519	127	896
2	3	cSpy was 70 spamed and the readout avoided!
2	4	G	40000	99750	0.25	0.133	250	234	0	0	0	234	0	0	236
2	4	A	40000	99750	0.25	0.133	250	117	0	0	0	117	0	0	118
2	4	B	40000	99750	0.25	0.133	250	117	0	0	0	117	0	0	118
2	5	G	40000	100000	0	0	0	0	0	0	0	0	0	0	2
2	5	A	40000	100000	0	0	0	0	0	0	0	0	0	0	1
2	5	B	40000	100000	0	0	0	0	0	0	0	0	0	0	1
2	6	G	40000	97805	2.195	0.8505	2195	2156	0	0	0	2156	0	0	2158
2	6	A	40000	98213	1.787	0.709	1787	1078	0	0	0	1078	0	0	1079
2	6	B	40000	97930	2.07	0.992	2070	1078	0	0	0	1078	0	0	1079
2	7	G	40000	0	100	100	100000	200000	200000	200000	200000	200000	200000	200000	200002
2	7	A	40000	0	100	100	100000	100000	100000	100000	100000	100000	100000	100000	100001
2	7	B	40000	0	100	100	100000	100000	100000	100000	100000	100000	100000	100000	100001
3	0	G	40000	1714	98.286	65.1955	98286	14754	223	2	0	14033	179	317	14370
3	0	A	40000	2227	97.773	95.179	97773	2594	215	2	0	1906	155	316	2215
3	0	B	40000	52628	47.372	35.212	47372	12160	8	0	0	12127	24	1	12155
3	0	cSpy was 30 spamed and the readout avoided!
3	1	G	40000	0	100	100	100000	200000	200000	200000	200000	200000	200000	200000	200002
3	1	A	40000	0	100	100	100000	100000	100000	100000	100000	100000	100000	100000	100001
3	1	B	40000	0	100	100	100000	100000	100000	100000	100000	100000	100000	100000	100001
3	2	G	40000	20461	79.539	61.4615	79539	26161	126	0	0	24688	776	571	25761
3	2	A	40000	25229	74.771	61.693	74771	13078	49	0	0	12116	414	499	12765
3	2	B	40000	25687	74.313	61.23	74313	13083	77	0	0	12572	362	72	12996
3	3	G	40000	100000	0	0	0	0	0	0	0	0	0	0	2
3	3	A	40000	100000	0	0	0	0	0	0	0	0	0	0	1
3	3	B	40000	100000	0	0	0	0	0	0	0	0	0	0	1
3	4	G	40000	100000	0	0	0	0	0	0	0	0	0	0	2
3	4	A	40000	100000	0	0	0	0	0	0	0	0	0	0	1
3	4	B	40000	100000	0	0	0	0	0	0	0	0	0	0	1
3	5	G	40000	0	100	100	100000	200000	200000	200000	200000	200000	200000	200000	200002
3	5	A	40000	0	100	100	100000	100000	100000	100000	100000	100000	100000	100000	100001
3	5	B	40000	0	100	100	100000	100000	100000	100000	100000	100000	100000	100000	100001
3	6	G	40000	2109	97.891	91.1045	97891	8789	205	0	0	6802	1279	503	8426
3	6	A	40000	3898	96.102	92.254	96102	3848	37	0	0	2925	488	398	3621
3	6	B	40000	5104	94.896	89.955	94896	4941	168	0	0	3877	791	105	4805
3	6	cSpy was 4 spamed and the readout avoided!
3	7	G	40000	100000	0	0	0	0	0	0	0	0	0	0	2
3	7	A	40000	100000	0	0	0	0	0	0	0	0	0	0	1
3	7	B	40000	100000	0	0	0	0	0	0	0	0	0	0	1
4	0	G	40000	229	99.771	98.425	99771	1780	176	1	0	933	246	424	1366
4	0	A	40000	648	99.352	98.473	99352	879	82	0	0	401	137	259	645
4	0	B	40000	722	99.278	98.377	99278	901	94	1	0	532	109	165	721
4	0	cSpy was 39 spamed and the readout avoided!
4	1	G	40000	100000	0	0	0	0	0	0	0	0	0	0	2
4	1	A	40000	100000	0	0	0	0	0	0	0	0	0	0	1
4	1	B	40000	100000	0	0	0	0	0	0	0	0	0	0	1
4	2	G	40000	100000	0	0	0	0	0	0	0	0	0	0	2
4	2	A	40000	100000	0	0	0	0	0	0	0	0	0	0	1
4	2	B	40000	100000	0	0	0	0	0	0	0	0	0	0	1
4	3	G	40000	83786	16.214	7.527	16214	16769	0	0	0	16337	368	64	16743
4	3	A	40000	84107	15.893	7.527	15893	8366	0	0	0	8075	227	64	8339
4	3	B	40000	84070	15.93	7.527	15930	8403	0	0	0	8262	141	0	8404
4	4	G	40000	0	100	100	100000	200000	200000	200000	200000	200000	200000	200000	200002
4	4	A	40000	0	100	100	100000	100000	100000	100000	100000	100000	100000	100000	100001
4	4	B	40000	0	100	100	100000	100000	100000	100000	100000	100000	100000	100000	100001
4	5	G	40000	73889	26.111	24.8475	26111	1789	76	1	0	1190	308	214	1625
4	5	A	40000	74254	25.746	24.829	25746	917	33	0	0	544	165	175	803
4	5	B	40000	74262	25.738	24.866	25738	872	43	1	0	646	143	39	822
4	5	cSpy was 8 spamed and the readout avoided!
4	6	G	40000	100000	0	0	0	0	0	0	0	0	0	0	2
4	6	A	40000	100000	0	0	0	0	0	0	0	0	0	0	1
4	6	B	40000	100000	0	0	0	0	0	0	0	0	0	0	1
4	7	G	40000	99982	0.0180006	0.006	18	22	0	0	0	22	0	0	24
4	7	A	40000	99983	0.0169992	0.006	17	11	0	0	0	11	0	0	12
4	7	B	40000	99983	0.0169992	0.006	17	11	0	0	0	11	0	0	12
5	0	G	40000	808	99.192	51.856	99192	8955	141	0	0	7814	362	638	8430
5	0	A	40000	870	99.13	97.735	99130	1395	141	0	0	284	332	638	870
5	0	B	40000	86463	13.537	5.977	13537	7560	0	0	0	7530	30	0	7560
5	0	cSpy was 28 spamed and the readout avoided!
5	1	G	40000	100000	0	0	0	0	0	0	0	0	0	0	2
5	1	A	40000	100000	0	0	0	0	0	0	0	0	0	0	1
5	1	B	40000	100000	0	0	0	0	0	0	0	0	0	0	1
5	2	G	40000	62650	37.35	20.3405	37350	27305	3	0	0	27133	34	135	27299
5	2	A	40000	65650	34.35	20.621	34350	13729	1	0	0	13574	19	135	13722
5	2	B	40000	66364	33.636	20.06	33636	13576	2	0	0	13559	15	0	13577
5	3	G	40000	19653	80.347	68.912	80347	14856	114	2	0	12907	1331	502	14570
5	3	A	40000	25082	74.918	66.192	74918	8726	5	0	0	7350	950	421	8538
5	3	B	40000	22238	77.762	71.632	77762	6130	109	2	0	5557	381	81	6032
5	3	cSpy was 23 spamed and the readout avoided!
5	4	G	40000	100000	0	0	0	0	0	0	0	0	0	0	2
5	4	A	40000	100000	0	0	0	0	0	0	0	0	0	0	1
5	4	B	40000	100000	0	0	0	0	0	0	0	0	0	0	1
5	5	G	40000	100000	0	0	0	0	0	0	0	0	0	0	2
5	5	A	40000	100000	0	0	0	0	0	0	0	0	0	0	1
5	5	B	40000	100000	0	0	0	0	0	0	0	0	0	0	1
5	6	G	40000	66692	33.308	19.925	33308	26485	0	0	0	26354	6	125	26487
5	6	A	40000	66837	33.163	19.926	33163	13237	0	0	0	13107	5	125	13238
5	6	B	40000	66828	33.172	19.924	33172	13248	0	0	0	13247	1	0	13249
5	7	G	40000	0	100	100	100000	200000	200000	200000	200000	200000	200000	200000	200002
5	7	A	40000	0	100	100	100000	100000	100000	100000	100000	100000	100000	100000	100001
5	7	B	40000	0	100	100	100000	100000	100000	100000	100000	100000	100000	100000	100001
6	0	G	40000	810	99.19	59.098	99190	16008	148	1	0	14858	596	405	15606
6	0	A	40000	1030	98.97	97.537	98970	1433	148	0	0	650	230	405	1030
6	0	B	40000	64766	35.234	20.659	35234	14575	0	1	0	14208	366	0	14576
6	0	cSpy was 9 spamed and the readout avoided!
6	1	G	40000	1923	98.077	93.406	98077	6780	373	14	0	4463	1309	621	6134
6	1	A	40000	3406	96.594	93.002	96594	3592	193	0	0	2196	803	400	3193
6	1	B	40000	3002	96.998	93.81	96998	3188	180	14	0	2267	506	221	2941
6	1	cSpy was 53 spamed and the readout avoided!
6	2	G	40000	100000	0	0	0	0	0	0	0	0	0	0	2
6	2	A	40000	100000	0	0	0	0	0	0	0	0	0	0	1
6	2	B	40000	100000	0	0	0	0	0	0	0	0	0	0	1
6	3	G	40000	100000	0	0	0	0	0	0	0	0	0	0	2
6	3	A	40000	100000	0	0	0	0	0	0	0	0	0	0	1
6	3	B	40000	100000	0	0	0	0	0	0	0	0	0	0	1
6	4	G	40000	77488	22.512	7.6415	22512	17284	0	0	0	17169	87	28	17286
6	4	A	40000	82599	17.401	8.652	17401	8749	0	0	0	8690	31	28	8750
6	4	B	40000	84834	15.166	6.631	15166	8535	0	0	0	8479	56	0	8536
6	5	G	40000	1027	98.973	95.1595	98973	5084	414	28	1	2746	1393	502	4467
6	5	A	40000	2763	97.237	94.297	97237	2940	198	3	0	1419	1101	219	2641
6	5	B	40000	1834	98.166	96.022	98166	2144	216	25	1	1327	292	283	1826
6	5	cSpy was 12 spamed and the readout avoided!
6	6	G	40000	96693	3.307	1.03	3307	4547	0	0	0	4520	9	18	4549
6	6	A	40000	96697	3.303	1.029	3303	2274	0	0	0	2247	9	18	2275
6	6	B	40000	96696	3.304	1.031	3304	2273	0	0	0	2273	0	0	2274
6	7	G	40000	100000	0	0	0	0	0	0	0	0	0	0	2
6	7	A	40000	100000	0	0	0	0	0	0	0	0	0	0	1
6	7	B	40000	100000	0	0	0	0	0	0	0	0	0	0	1
7	0	G	40000	1342	98.658	78.002	98658	19611	219	7	0	18068	1013	304	19250
7	0	A	40000	2476	97.524	94.729	97524	2795	159	7	0	2208	130	291	2467
7	0	B	40000	21909	78.091	61.275	78091	16816	60	0	0	15860	883	13	16783
7	0	cSpy was 15 spamed and the readout avoided!
7	1	G	40000	100000	0	0	0	0	0	0	0	0	0	0	2
7	1	A	40000	100000	0	0	0	0	0	0	0	0	0	0	1
7	1	B	40000	100000	0	0	0	0	0	0	0	0	0	0	1
7	2	G	40000	100000	0	0	0	0	0	0	0	0	0	0	2
7	2	A	40000	100000	0	0	0	0	0	0	0	0	0	0	1
7	2	B	40000	100000	0	0	0	0	0	0	0	0	0	0	1
7	3	G	40000	66690	33.31	19.921	33310	26527	0	0	0	26398	4	125	26528
7	3	A	40000	66826	33.174	19.921	33174	13253	0	0	0	13124	4	125	13253
7	3	B	40000	66805	33.195	19.921	33195	13274	0	0	0	13274	0	0	13275
7	4	G	40000	1660	98.34	91.616	98340	8371	209	9	0	5823	1619	711	7865
7	4	A	40000	5489	94.511	89.105	94511	5406	68	5	0	3646	1187	500	5105
7	4	B	40000	2908	97.092	94.127	97092	2965	141	4	0	2177	432	211	2760
7	4	cSpy was 48 spamed and the readout avoided!
7	5	G	40000	100000	0	0	0	0	0	0	0	0	0	0	2
7	5	A	40000	100000	0	0	0	0	0	0	0	0	0	0	1
7	5	B	40000	100000	0	0	0	0	0	0	0	0	0	0	1
7	6	G	40000	100000	0	0	0	0	0	0	0	0	0	0	2
7	6	A	40000	100000	0	0	0	0	0	0	0	0	0	0	1
7	6	B	40000	100000	0	0	0	0	0	0	0	0	0	0	1
7	7	G	40000	76545	23.455	12.24	23455	21863	0	0	0	21247	523	93	21835
7	7	A	40000	76884	23.116	12.24	23116	10876	0	0	0	10463	322	91	10847
7	7	B	40000	76773	23.227	12.24	23227	10987	0	0	0	10784	201	2	10988
