#the gain was set to: 2	the bias was set to: 30
#Sent triggers per delay setting: 100000	and with a frequency [Hz] of: 40000
#160MHz delay setting	400MHz delay setting	Frequency	correct transmitted H+T		error rate [%]	uncertainty [%]	bad or missed events	error count	missing headers	missing trailers	flipped H/T	event nr errors	tbm missed trigger	unknown errors	event nr resets
0	0	G	40000	504	99.496	57.8325	99496	16274	161	0	0	13422	1856	835	15741
0	0	A	40000	637	99.363	98.193	99363	1170	161	0	0	80	97	832	636
0	0	B	40000	67424	32.576	17.472	32576	15104	0	0	0	13342	1759	3	15105
0	0	cSpy was 55 spamed and the readout avoided!
0	1	G	40000	99969	0.0310004	0.003	31	56	0	0	0	56	0	0	58
0	1	A	40000	99969	0.0310004	0.003	31	28	0	0	0	28	0	0	29
0	1	B	40000	99969	0.0310004	0.003	31	28	0	0	0	28	0	0	29
0	2	G	40000	2	99.998	99.5435	99998	617	58	0	0	142	24	393	296
0	2	A	40000	3	99.997	99.987	99997	10	0	0	0	0	0	10	3
0	2	B	40000	293	99.707	99.1	99707	607	58	0	0	142	24	383	293
0	2	cSpy was 88 spamed and the readout avoided!
0	3	G	40000	29334	70.666	51.9985	70666	21347	166	38	3	12684	7718	738	20933
0	3	A	40000	36591	63.409	52.949	63409	10460	6	0	0	6149	3849	456	10364
0	3	B	40000	38065	61.935	51.048	61935	10887	160	38	3	6535	3869	282	10569
0	3	cSpy was 69 spamed and the readout avoided!
0	4	G	40000	100000	0	0	0	0	0	0	0	0	0	0	2
0	4	A	40000	100000	0	0	0	0	0	0	0	0	0	0	1
0	4	B	40000	100000	0	0	0	0	0	0	0	0	0	0	1
0	5	G	40000	99976	0.0240028	0.001	24	46	0	0	0	46	0	0	48
0	5	A	40000	99976	0.0240028	0.001	24	23	0	0	0	23	0	0	24
0	5	B	40000	99976	0.0240028	0.001	24	23	0	0	0	23	0	0	24
0	6	G	40000	51807	48.193	28.448	48193	25327	590	50	4	23579	996	112	25094
0	6	A	40000	62470	37.53	24.735	37530	12795	118	0	0	12454	126	97	12689
0	6	B	40000	55307	44.693	32.161	44693	12532	472	50	4	11125	870	15	12405
0	6	cSpy was 30 spamed and the readout avoided!
0	7	G	40000	4823	95.177	79.0075	95177	21224	413	22	4	19237	798	754	20488
0	7	A	40000	9107	90.893	81.381	90893	9512	224	13	2	8411	215	649	8959
0	7	B	40000	11654	88.346	76.634	88346	11712	189	9	2	10826	583	105	11529
0	7	cSpy was 54 spamed and the readout avoided!
1	0	G	40000	255	99.745	97.967	99745	2264	289	0	0	1211	359	405	1795
1	0	A	40000	594	99.406	98.545	99406	861	104	0	0	338	143	276	590
1	0	B	40000	1208	98.792	97.389	98792	1403	185	0	0	873	216	129	1205
1	0	cSpy was 60 spamed and the readout avoided!
1	1	G	40000	0	100	100	100000	200000	200000	200000	200000	200000	200000	200000	200002
1	1	A	40000	0	100	100	100000	100000	100000	100000	100000	100000	100000	100000	100001
1	1	B	40000	0	100	100	100000	100000	100000	100000	100000	100000	100000	100000	100001
1	2	G	40000	100000	0	0	0	0	0	0	0	0	0	0	2
1	2	A	40000	100000	0	0	0	0	0	0	0	0	0	0	1
1	2	B	40000	100000	0	0	0	0	0	0	0	0	0	0	1
1	3	G	40000	100000	0	0	0	0	0	0	0	0	0	0	2
1	3	A	40000	100000	0	0	0	0	0	0	0	0	0	0	1
1	3	B	40000	100000	0	0	0	0	0	0	0	0	0	0	1
1	4	G	40000	67328	32.672	20.7725	32672	13663	477	28	0	12401	699	58	13533
1	4	A	40000	75747	24.253	17.674	24253	6579	63	0	0	6459	0	57	6525
1	4	B	40000	69045	30.955	23.871	30955	7084	414	28	0	5942	699	1	7008
1	4	cSpy was 24 spamed and the readout avoided!
1	5	G	40000	0	100	100	100000	200000	200000	200000	200000	200000	200000	200000	200002
1	5	A	40000	0	100	100	100000	100000	100000	100000	100000	100000	100000	100000	100001
1	5	B	40000	0	100	100	100000	100000	100000	100000	100000	100000	100000	100000	100001
1	6	G	40000	100000	0	0	0	0	0	0	0	0	0	0	2
1	6	A	40000	100000	0	0	0	0	0	0	0	0	0	0	1
1	6	B	40000	100000	0	0	0	0	0	0	0	0	0	0	1
1	7	G	40000	100000	0	0	0	0	0	0	0	0	0	0	2
1	7	A	40000	100000	0	0	0	0	0	0	0	0	0	0	1
1	7	B	40000	100000	0	0	0	0	0	0	0	0	0	0	1
2	0	G	40000	7575	92.425	42.62	92425	7992	111	0	0	7341	165	375	7696
2	0	A	40000	7625	92.375	85.113	92375	7262	111	0	0	6708	68	375	6965
2	0	B	40000	99143	0.857002	0.127	857	730	0	0	0	633	97	0	731
2	1	G	40000	100000	0	0	0	0	0	0	0	0	0	0	2
2	1	A	40000	100000	0	0	0	0	0	0	0	0	0	0	1
2	1	B	40000	100000	0	0	0	0	0	0	0	0	0	0	1
2	2	G	40000	96213	3.787	1.192	3787	5162	0	0	0	5162	0	0	5164
2	2	A	40000	96228	3.772	1.194	3772	2578	0	0	0	2578	0	0	2579
2	2	B	40000	96226	3.774	1.19	3774	2584	0	0	0	2584	0	0	2585
2	3	G	40000	0	100	100	100000	200000	200000	200000	200000	200000	200000	200000	200002
2	3	A	40000	0	100	100	100000	100000	100000	100000	100000	100000	100000	100000	100001
2	3	B	40000	0	100	100	100000	100000	100000	100000	100000	100000	100000	100000	100001
2	4	G	40000	92311	7.689	3.009	7689	6117	5	4	0	4077	1971	60	6116
2	4	A	40000	93456	6.544	3.512	6544	3032	1	0	0	2008	966	57	3031
2	4	B	40000	94409	5.591	2.506	5591	3085	4	4	0	2069	1005	3	3085
2	5	G	40000	100000	0	0	0	0	0	0	0	0	0	0	2
2	5	A	40000	100000	0	0	0	0	0	0	0	0	0	0	1
2	5	B	40000	100000	0	0	0	0	0	0	0	0	0	0	1
2	6	G	40000	99892	0.107998	0.014	108	188	0	0	0	188	0	0	190
2	6	A	40000	99892	0.107998	0.014	108	94	0	0	0	94	0	0	95
2	6	B	40000	99892	0.107998	0.014	108	94	0	0	0	94	0	0	95
2	7	G	40000	0	100	100	100000	200000	200000	200000	200000	200000	200000	200000	200002
2	7	A	40000	0	100	100	100000	100000	100000	100000	100000	100000	100000	100000	100001
2	7	B	40000	0	100	100	100000	100000	100000	100000	100000	100000	100000	100000	100001
3	0	G	40000	1845	98.155	68.1195	98155	16110	237	6	0	15419	136	312	15747
3	0	A	40000	2546	97.454	94.565	97454	2889	237	6	0	2200	134	312	2525
3	0	B	40000	45105	54.895	41.674	54895	13221	0	0	0	13219	2	0	13222
3	0	cSpy was 30 spamed and the readout avoided!
3	1	G	40000	18397	81.603	35.0325	81603	59009	0	0	0	58830	76	103	58926
3	1	A	40000	33546	66.454	40.989	66454	25465	0	0	0	25338	24	103	25381
3	1	B	40000	37380	62.62	29.076	62620	33544	0	0	0	33492	52	0	33545
3	2	G	40000	53264	46.736	18.766	46736	53092	21	0	0	46924	6040	107	53059
3	2	A	40000	54733	45.267	18.76	45267	26507	13	0	0	22486	3901	107	26479
3	2	B	40000	54643	45.357	18.772	45357	26585	8	0	0	24438	2139	0	26580
3	3	G	40000	100000	0	0	0	0	0	0	0	0	0	0	2
3	3	A	40000	100000	0	0	0	0	0	0	0	0	0	0	1
3	3	B	40000	100000	0	0	0	0	0	0	0	0	0	0	1
3	4	G	40000	100000	0	0	0	0	0	0	0	0	0	0	2
3	4	A	40000	100000	0	0	0	0	0	0	0	0	0	0	1
3	4	B	40000	100000	0	0	0	0	0	0	0	0	0	0	1
3	5	G	40000	17330	82.67	34.941	82670	60658	0	0	0	60543	21	94	60571
3	5	A	40000	33085	66.915	41.076	66915	25839	0	0	0	25742	3	94	25752
3	5	B	40000	36375	63.625	28.806	63625	34819	0	0	0	34801	18	0	34819
3	6	G	40000	23203	76.797	60.962	76797	28035	10	0	0	24176	3682	167	27956
3	6	A	40000	24991	75.009	61.096	75009	13913	4	0	0	11556	2247	106	13885
3	6	B	40000	25050	74.95	60.828	74950	14122	6	0	0	12620	1435	61	14071
3	7	G	40000	100000	0	0	0	0	0	0	0	0	0	0	2
3	7	A	40000	100000	0	0	0	0	0	0	0	0	0	0	1
3	7	B	40000	100000	0	0	0	0	0	0	0	0	0	0	1
4	0	G	40000	252	99.748	98.3755	99748	1831	191	0	0	990	235	415	1410
4	0	A	40000	659	99.341	98.43	99341	911	101	0	0	432	114	264	654
4	0	B	40000	759	99.241	98.321	99241	920	90	0	0	558	121	151	756
4	0	cSpy was 42 spamed and the readout avoided!
4	1	G	40000	100000	0	0	0	0	0	0	0	0	0	0	2
4	1	A	40000	100000	0	0	0	0	0	0	0	0	0	0	1
4	1	B	40000	100000	0	0	0	0	0	0	0	0	0	0	1
4	2	G	40000	100000	0	0	0	0	0	0	0	0	0	0	2
4	2	A	40000	100000	0	0	0	0	0	0	0	0	0	0	1
4	2	B	40000	100000	0	0	0	0	0	0	0	0	0	0	1
4	3	G	40000	70481	29.519	10.0945	29519	22070	0	0	0	21905	121	44	22069
4	3	A	40000	77307	22.693	11.567	22693	11126	0	0	0	11037	45	44	11124
4	3	B	40000	80434	19.566	8.622	19566	10944	0	0	0	10868	76	0	10945
4	4	G	40000	3276	96.724	87.515	96724	12499	504	50	1	8946	2421	577	11770
4	4	A	40000	6374	93.626	87.341	93626	6285	247	0	0	4008	1639	391	5852
4	4	B	40000	6097	93.903	87.689	93903	6214	257	50	1	4938	782	186	5918
4	4	cSpy was 19 spamed and the readout avoided!
4	5	G	40000	99600	0.400001	0.136	400	528	0	0	0	524	0	4	530
4	5	A	40000	99600	0.400001	0.136	400	264	0	0	0	260	0	4	265
4	5	B	40000	99600	0.400001	0.136	400	264	0	0	0	264	0	0	265
4	6	G	40000	100000	0	0	0	0	0	0	0	0	0	0	2
4	6	A	40000	100000	0	0	0	0	0	0	0	0	0	0	1
4	6	B	40000	100000	0	0	0	0	0	0	0	0	0	0	1
4	7	G	40000	99946	0.0540018	0.0195	54	55	0	0	0	55	0	0	57
4	7	A	40000	99950	0.0500023	0.021	50	29	0	0	0	29	0	0	30
4	7	B	40000	99956	0.0440001	0.018	44	26	0	0	0	26	0	0	27
5	0	G	40000	808	99.192	51.752	99192	8767	162	0	0	7584	362	659	8211
5	0	A	40000	886	99.114	97.671	99114	1443	162	0	0	284	338	659	886
5	0	B	40000	86843	13.157	5.833	13157	7324	0	0	0	7300	24	0	7325
5	0	cSpy was 29 spamed and the readout avoided!
5	1	G	40000	100000	0	0	0	0	0	0	0	0	0	0	2
5	1	A	40000	100000	0	0	0	0	0	0	0	0	0	0	1
5	1	B	40000	100000	0	0	0	0	0	0	0	0	0	0	1
5	2	G	40000	22495	77.505	37.283	77505	46619	2	0	0	46403	108	106	46605
5	2	A	40000	34447	65.553	43.373	65553	22180	2	0	0	21987	87	104	22167
5	2	B	40000	44368	55.632	31.193	55632	24439	0	0	0	24416	21	2	24438
5	3	G	40000	24515	75.485	52.7565	75485	31629	246	12	0	25837	5100	434	31216
5	3	A	40000	31786	68.214	52.027	68214	16187	122	0	0	12491	3263	311	15930
5	3	B	40000	31072	68.928	53.486	68928	15442	124	12	0	13346	1837	123	15286
5	3	cSpy was 27 spamed and the readout avoided!
5	4	G	40000	100000	0	0	0	0	0	0	0	0	0	0	2
5	4	A	40000	100000	0	0	0	0	0	0	0	0	0	0	1
5	4	B	40000	100000	0	0	0	0	0	0	0	0	0	0	1
5	5	G	40000	100000	0	0	0	0	0	0	0	0	0	0	2
5	5	A	40000	100000	0	0	0	0	0	0	0	0	0	0	1
5	5	B	40000	100000	0	0	0	0	0	0	0	0	0	0	1
5	6	G	40000	24899	75.101	34.291	75101	46999	0	0	0	46061	844	94	46993
5	6	A	40000	37205	62.795	40.345	62795	22450	0	0	0	22250	106	94	22443
5	6	B	40000	47214	52.786	28.237	52786	24549	0	0	0	23811	738	0	24550
5	7	G	40000	2469	97.531	91.304	97531	8714	304	12	0	6138	1760	500	8214
5	7	A	40000	4490	95.51	90.984	95510	4526	152	8	0	3052	976	338	4211
5	7	B	40000	4188	95.812	91.624	95812	4188	152	4	0	3086	784	162	4003
5	7	cSpy was 36 spamed and the readout avoided!
6	0	G	40000	680	99.32	64.281	99320	17344	122	1	0	16189	628	404	16947
6	0	A	40000	922	99.078	97.767	99078	1311	121	0	0	620	171	399	920
6	0	B	40000	53172	46.828	30.795	46828	16033	1	1	0	15569	457	5	16027
6	0	cSpy was 12 spamed and the readout avoided!
6	1	G	40000	0	100	100	100000	200000	200000	200000	200000	200000	200000	200000	200002
6	1	A	40000	0	100	100	100000	100000	100000	100000	100000	100000	100000	100000	100001
6	1	B	40000	0	100	100	100000	100000	100000	100000	100000	100000	100000	100000	100001
6	2	G	40000	100000	0	0	0	0	0	0	0	0	0	0	2
6	2	A	40000	100000	0	0	0	0	0	0	0	0	0	0	1
6	2	B	40000	100000	0	0	0	0	0	0	0	0	0	0	1
6	3	G	40000	100000	0	0	0	0	0	0	0	0	0	0	2
6	3	A	40000	100000	0	0	0	0	0	0	0	0	0	0	1
6	3	B	40000	100000	0	0	0	0	0	0	0	0	0	0	1
6	4	G	40000	96817	3.183	1.0805	3183	3032	0	0	0	3022	0	10	3034
6	4	A	40000	97193	2.807	1.206	2807	1601	0	0	0	1591	0	10	1602
6	4	B	40000	97614	2.386	0.955	2386	1431	0	0	0	1431	0	0	1432
6	5	G	40000	1060	98.94	95.488	98940	4619	153	5	0	3366	643	452	4184
6	5	A	40000	2149	97.851	95.594	97851	2257	90	0	0	1530	487	150	2067
6	5	B	40000	2256	97.744	95.382	97744	2362	63	5	0	1836	156	302	2117
6	5	cSpy was 12 spamed and the readout avoided!
6	6	G	40000	63680	36.32	29.9805	36320	11252	210	9	0	9955	714	364	10914
6	6	A	40000	64475	35.525	29.825	35525	5700	102	1	0	4926	417	254	5495
6	6	B	40000	64312	35.688	30.136	35688	5552	108	8	0	5029	297	110	5419
6	6	cSpy was 34 spamed and the readout avoided!
6	7	G	40000	100000	0	0	0	0	0	0	0	0	0	0	2
6	7	A	40000	100000	0	0	0	0	0	0	0	0	0	0	1
6	7	B	40000	100000	0	0	0	0	0	0	0	0	0	0	1
7	0	G	40000	1185	98.815	83.1265	98815	11983	275	3	0	10597	768	340	11573
7	0	A	40000	2227	97.773	95.27	97773	2503	175	2	0	1775	280	271	2203
7	0	B	40000	19537	80.463	70.983	80463	9480	100	1	0	8822	488	69	9370
7	0	cSpy was 24 spamed and the readout avoided!
7	1	G	40000	100000	0	0	0	0	0	0	0	0	0	0	2
7	1	A	40000	100000	0	0	0	0	0	0	0	0	0	0	1
7	1	B	40000	100000	0	0	0	0	0	0	0	0	0	0	1
7	2	G	40000	100000	0	0	0	0	0	0	0	0	0	0	2
7	2	A	40000	100000	0	0	0	0	0	0	0	0	0	0	1
7	2	B	40000	100000	0	0	0	0	0	0	0	0	0	0	1
7	3	G	40000	23992	76.008	35.0455	76008	47280	0	0	0	46634	551	95	47278
7	3	A	40000	36255	63.745	41.207	63745	22538	0	0	0	22392	52	94	22537
7	3	B	40000	46374	53.626	28.884	53626	24742	0	0	0	24242	499	1	24741
7	4	G	40000	15048	84.952	64.462	84952	27962	23	0	0	22923	4831	185	27869
7	4	A	40000	21862	78.138	63.91	78138	14228	9	0	0	11276	2831	112	14178
7	4	B	40000	21252	78.748	65.014	78748	13734	14	0	0	11647	2000	73	13691
7	4	cSpy was 57 spamed and the readout avoided!
7	5	G	40000	100000	0	0	0	0	0	0	0	0	0	0	2
7	5	A	40000	100000	0	0	0	0	0	0	0	0	0	0	1
7	5	B	40000	100000	0	0	0	0	0	0	0	0	0	0	1
7	6	G	40000	100000	0	0	0	0	0	0	0	0	0	0	2
7	6	A	40000	100000	0	0	0	0	0	0	0	0	0	0	1
7	6	B	40000	100000	0	0	0	0	0	0	0	0	0	0	1
7	7	G	40000	59510	40.49	16.2375	40490	26935	0	0	0	26121	752	62	26923
7	7	A	40000	67886	32.114	18.987	32114	13127	0	0	0	12758	308	61	13114
7	7	B	40000	72704	27.296	13.488	27296	13808	0	0	0	13363	444	1	13809
