#the gain was set to: 2	the bias was set to: 30
#Sent triggers per delay setting: 100000	and with a frequency [Hz] of: 40000
#160MHz delay setting	400MHz delay setting	Frequency	correct transmitted H+T		error rate [%]	uncertainty [%]	bad or missed events	error count	missing headers	missing trailers	flipped H/T	event nr errors	tbm missed trigger	unknown errors	event nr resets
0	0	G	40000	508	99.492	57.8245	99492	16275	160	0	0	13434	1846	835	15734
0	0	A	40000	639	99.361	98.18	99361	1181	160	0	0	100	89	832	639
0	0	B	40000	67437	32.563	17.469	32563	15094	0	0	0	13334	1757	3	15095
0	0	cSpy was 38 spamed and the readout avoided!
0	1	G	40000	98801	1.199	0.3685	1199	1159	0	0	0	1159	0	0	1161
0	1	A	40000	99221	0.779003	0.211	779	568	0	0	0	568	0	0	569
0	1	B	40000	98883	1.117	0.526	1117	591	0	0	0	591	0	0	592
0	2	G	40000	0	100	100	100000	200000	200000	200000	200000	200000	200000	200000	200002
0	2	A	40000	0	100	100	100000	100000	100000	100000	100000	100000	100000	100000	100001
0	2	B	40000	0	100	100	100000	100000	100000	100000	100000	100000	100000	100000	100001
0	3	G	40000	89744	10.256	4.337	10256	11527	0	0	0	11137	390	0	11527
0	3	A	40000	89887	10.113	4.353	10113	5760	0	0	0	5565	195	0	5760
0	3	B	40000	89912	10.088	4.321	10088	5767	0	0	0	5572	195	0	5767
0	4	G	40000	100000	0	0	0	0	0	0	0	0	0	0	2
0	4	A	40000	100000	0	0	0	0	0	0	0	0	0	0	1
0	4	B	40000	100000	0	0	0	0	0	0	0	0	0	0	1
0	5	G	40000	97710	2.29	0.7665	2290	1840	0	0	0	1838	0	2	1841
0	5	A	40000	98455	1.545	0.609	1545	936	0	0	0	934	0	2	936
0	5	B	40000	98172	1.828	0.924	1828	904	0	0	0	904	0	0	905
0	6	G	40000	0	100	99.604	100000	528	26	0	0	106	72	324	264
0	6	A	40000	0	100	99.998	100000	2	0	0	0	0	0	2	0
0	6	B	40000	264	99.736	99.21	99736	526	26	0	0	106	72	322	264
0	7	G	40000	13115	86.885	78.103	86885	11980	26	0	0	10703	472	779	11566
0	7	A	40000	16028	83.972	77.637	83972	6335	15	0	0	5335	224	761	5935
0	7	B	40000	15786	84.214	78.569	84214	5645	11	0	0	5368	248	18	5631
1	0	G	40000	389	99.611	97.3355	99611	2828	258	1	0	1886	396	287	2489
1	0	A	40000	1031	98.969	97.759	98969	1210	87	1	0	725	222	175	1027
1	0	B	40000	1470	98.53	96.912	98530	1618	171	0	0	1161	174	112	1462
1	0	cSpy was 32 spamed and the readout avoided!
1	1	G	40000	40887	59.113	50.1495	59113	11977	409	12	2	10524	444	591	11357
1	1	A	40000	43136	56.864	51.457	56864	5407	241	8	2	4512	143	503	4936
1	1	B	40000	44588	55.412	48.842	55412	6570	168	4	0	6012	301	88	6421
1	1	cSpy was 66 spamed and the readout avoided!
1	2	G	40000	100000	0	0	0	0	0	0	0	0	0	0	2
1	2	A	40000	100000	0	0	0	0	0	0	0	0	0	0	1
1	2	B	40000	100000	0	0	0	0	0	0	0	0	0	0	1
1	3	G	40000	100000	0	0	0	0	0	0	0	0	0	0	2
1	3	A	40000	100000	0	0	0	0	0	0	0	0	0	0	1
1	3	B	40000	100000	0	0	0	0	0	0	0	0	0	0	1
1	4	G	40000	73882	26.118	16.1345	26118	11991	392	22	0	11009	520	48	11876
1	4	A	40000	80595	19.405	13.589	19405	5816	59	0	0	5709	0	48	5766
1	4	B	40000	75145	24.855	18.68	24855	6175	333	22	0	5300	520	0	6110
1	4	cSpy was 19 spamed and the readout avoided!
1	5	G	40000	0	100	100	100000	200000	200000	200000	200000	200000	200000	200000	200002
1	5	A	40000	0	100	100	100000	100000	100000	100000	100000	100000	100000	100000	100001
1	5	B	40000	0	100	100	100000	100000	100000	100000	100000	100000	100000	100000	100001
1	6	G	40000	100000	0	0	0	0	0	0	0	0	0	0	2
1	6	A	40000	100000	0	0	0	0	0	0	0	0	0	0	1
1	6	B	40000	100000	0	0	0	0	0	0	0	0	0	0	1
1	7	G	40000	100000	0	0	0	0	0	0	0	0	0	0	2
1	7	A	40000	100000	0	0	0	0	0	0	0	0	0	0	1
1	7	B	40000	100000	0	0	0	0	0	0	0	0	0	0	1
2	0	G	40000	7536	92.464	42.6475	92464	7434	118	0	0	6796	153	367	7127
2	0	A	40000	7549	92.451	85.21	92451	7241	118	0	0	6684	72	367	6933
2	0	B	40000	99722	0.278002	0.085	278	193	0	0	0	112	81	0	194
2	1	G	40000	100000	0	0	0	0	0	0	0	0	0	0	2
2	1	A	40000	100000	0	0	0	0	0	0	0	0	0	0	1
2	1	B	40000	100000	0	0	0	0	0	0	0	0	0	0	1
2	2	G	40000	95649	4.351	1.2105	4351	6259	0	0	0	6259	0	0	6261
2	2	A	40000	95664	4.336	1.212	4336	3124	0	0	0	3124	0	0	3125
2	2	B	40000	95656	4.344	1.209	4344	3135	0	0	0	3135	0	0	3136
2	3	G	40000	4	99.996	99.319	99996	955	50	0	0	153	150	602	407
2	3	A	40000	73	99.927	99.405	99927	522	12	0	0	3	13	494	73
2	3	B	40000	334	99.666	99.233	99666	433	38	0	0	150	137	108	334
2	3	cSpy was 78 spamed and the readout avoided!
2	4	G	40000	98348	1.652	0.697	1652	1546	0	0	0	1093	445	8	1548
2	4	A	40000	98419	1.581	0.809	1581	772	0	0	0	544	220	8	773
2	4	B	40000	98641	1.359	0.585	1359	774	0	0	0	549	225	0	775
2	5	G	40000	100000	0	0	0	0	0	0	0	0	0	0	2
2	5	A	40000	100000	0	0	0	0	0	0	0	0	0	0	1
2	5	B	40000	100000	0	0	0	0	0	0	0	0	0	0	1
2	6	G	40000	99883	0.116998	0.019	117	196	0	0	0	196	0	0	198
2	6	A	40000	99883	0.116998	0.019	117	98	0	0	0	98	0	0	99
2	6	B	40000	99883	0.116998	0.019	117	98	0	0	0	98	0	0	99
2	7	G	40000	0	100	100	100000	200000	200000	200000	200000	200000	200000	200000	200002
2	7	A	40000	0	100	100	100000	100000	100000	100000	100000	100000	100000	100000	100001
2	7	B	40000	0	100	100	100000	100000	100000	100000	100000	100000	100000	100000	100001
3	0	G	40000	1760	98.24	64.8155	98240	14805	229	5	0	14108	170	293	14450
3	0	A	40000	2306	97.694	95.052	97694	2642	222	5	0	1969	155	291	2291
3	0	B	40000	53258	46.742	34.579	46742	12163	7	0	0	12139	15	2	12159
3	0	cSpy was 29 spamed and the readout avoided!
3	1	G	40000	15765	84.235	39.02	84235	57291	1	1	0	56858	242	189	57176
3	1	A	40000	29843	70.157	45.29	70157	24867	0	1	0	24550	132	184	24755
3	1	B	40000	34826	65.174	32.75	65174	32424	1	0	0	32308	110	5	32421
3	1	cSpy was 5 spamed and the readout avoided!
3	2	G	40000	42156	57.844	35.842	57844	39816	32	3	0	35159	4414	208	39722
3	2	A	40000	44308	55.692	35.759	55692	19933	17	0	0	16895	2820	201	19854
3	2	B	40000	44192	55.808	35.925	55808	19883	15	3	0	18264	1594	7	19868
3	3	G	40000	100000	0	0	0	0	0	0	0	0	0	0	2
3	3	A	40000	100000	0	0	0	0	0	0	0	0	0	0	1
3	3	B	40000	100000	0	0	0	0	0	0	0	0	0	0	1
3	4	G	40000	99354	0.646001	0.21	646	716	0	0	0	716	0	0	718
3	4	A	40000	99432	0.568002	0.21	568	358	0	0	0	358	0	0	359
3	4	B	40000	99432	0.568002	0.21	568	358	0	0	0	358	0	0	359
3	5	G	40000	19447	80.553	33.488	80553	59461	0	0	0	59289	79	93	59386
3	5	A	40000	35007	64.993	39.299	64993	25694	0	0	0	25601	0	93	25618
3	5	B	40000	38556	61.444	27.677	61444	33767	0	0	0	33688	79	0	33768
3	6	G	40000	19620	80.38	62.211	80380	31077	36	0	0	26464	4425	152	30997
3	6	A	40000	22319	77.681	62.12	77681	15561	19	0	0	12635	2758	149	15488
3	6	B	40000	22182	77.818	62.302	77818	15516	17	0	0	13829	1667	3	15509
3	7	G	40000	100000	0	0	0	0	0	0	0	0	0	0	2
3	7	A	40000	100000	0	0	0	0	0	0	0	0	0	0	1
3	7	B	40000	100000	0	0	0	0	0	0	0	0	0	0	1
4	0	G	40000	258	99.742	98.116	99742	2105	207	0	0	1147	309	442	1658
4	0	A	40000	769	99.231	98.215	99231	1016	96	0	0	494	159	267	765
4	0	B	40000	894	99.106	98.017	99106	1089	111	0	0	653	150	175	893
4	0	cSpy was 42 spamed and the readout avoided!
4	1	G	40000	100000	0	0	0	0	0	0	0	0	0	0	2
4	1	A	40000	100000	0	0	0	0	0	0	0	0	0	0	1
4	1	B	40000	100000	0	0	0	0	0	0	0	0	0	0	1
4	2	G	40000	100000	0	0	0	0	0	0	0	0	0	0	2
4	2	A	40000	100000	0	0	0	0	0	0	0	0	0	0	1
4	2	B	40000	100000	0	0	0	0	0	0	0	0	0	0	1
4	3	G	40000	87837	12.163	4.995	12163	13782	0	0	0	13562	184	36	13778
4	3	A	40000	88123	11.877	4.995	11877	6882	0	0	0	6733	114	35	6877
4	3	B	40000	88105	11.895	4.995	11895	6900	0	0	0	6829	70	1	6901
4	4	G	40000	0	100	100	100000	200000	200000	200000	200000	200000	200000	200000	200002
4	4	A	40000	0	100	100	100000	100000	100000	100000	100000	100000	100000	100000	100001
4	4	B	40000	0	100	100	100000	100000	100000	100000	100000	100000	100000	100000	100001
4	5	G	40000	66180	33.82	27.575	33820	9208	39	0	0	8519	444	206	9084
4	5	A	40000	67708	32.292	27.777	32292	4515	11	0	0	4083	231	190	4413
4	5	B	40000	67934	32.066	27.373	32066	4693	28	0	0	4436	213	16	4671
4	6	G	40000	100000	0	0	0	0	0	0	0	0	0	0	2
4	6	A	40000	100000	0	0	0	0	0	0	0	0	0	0	1
4	6	B	40000	100000	0	0	0	0	0	0	0	0	0	0	1
4	7	G	40000	99861	0.138998	0.031	139	210	0	0	0	210	0	0	212
4	7	A	40000	99864	0.136	0.031	136	105	0	0	0	105	0	0	106
4	7	B	40000	99864	0.136	0.031	136	105	0	0	0	105	0	0	106
5	0	G	40000	802	99.198	51.8155	99198	8991	175	0	0	7825	373	618	8422
5	0	A	40000	867	99.133	97.696	99133	1437	175	0	0	295	349	618	867
5	0	B	40000	86511	13.489	5.935	13489	7554	0	0	0	7530	24	0	7555
5	0	cSpy was 28 spamed and the readout avoided!
5	1	G	40000	100000	0	0	0	0	0	0	0	0	0	0	2
5	1	A	40000	100000	0	0	0	0	0	0	0	0	0	0	1
5	1	B	40000	100000	0	0	0	0	0	0	0	0	0	0	1
5	2	G	40000	54320	45.68	22.241	45680	29204	4	1	0	29025	14	160	29195
5	2	A	40000	61444	38.556	23.615	38556	14941	1	0	0	14771	9	160	14931
5	2	B	40000	64870	35.13	20.867	35130	14263	3	1	0	14254	5	0	14264
5	3	G	40000	2547	97.453	88.3855	97453	11214	137	3	0	9295	1331	448	10927
5	3	A	40000	7328	92.672	85.856	92672	6816	8	0	0	5394	1054	360	6643
5	3	B	40000	4687	95.313	90.915	95313	4398	129	3	0	3901	277	88	4284
5	3	cSpy was 26 spamed and the readout avoided!
5	4	G	40000	100000	0	0	0	0	0	0	0	0	0	0	2
5	4	A	40000	100000	0	0	0	0	0	0	0	0	0	0	1
5	4	B	40000	100000	0	0	0	0	0	0	0	0	0	0	1
5	5	G	40000	100000	0	0	0	0	0	0	0	0	0	0	2
5	5	A	40000	100000	0	0	0	0	0	0	0	0	0	0	1
5	5	B	40000	100000	0	0	0	0	0	0	0	0	0	0	1
5	6	G	40000	69417	30.583	18.2105	30583	24427	0	0	0	24312	2	113	24429
5	6	A	40000	69575	30.425	18.212	30425	12213	0	0	0	12098	2	113	12214
5	6	B	40000	69577	30.423	18.209	30423	12214	0	0	0	12214	0	0	12215
5	7	G	40000	0	100	100	100000	200000	200000	200000	200000	200000	200000	200000	200002
5	7	A	40000	0	100	100	100000	100000	100000	100000	100000	100000	100000	100000	100001
5	7	B	40000	0	100	100	100000	100000	100000	100000	100000	100000	100000	100000	100001
6	0	G	40000	739	99.261	61.105	99261	18485	124	1	0	17325	623	412	18094
6	0	A	40000	999	99.001	97.611	99001	1390	123	0	0	678	179	410	998
6	0	B	40000	58306	41.694	24.599	41694	17095	1	1	0	16647	444	2	17096
6	0	cSpy was 15 spamed and the readout avoided!
6	1	G	40000	0	100	100	100000	200000	200000	200000	200000	200000	200000	200000	200002
6	1	A	40000	0	100	100	100000	100000	100000	100000	100000	100000	100000	100000	100001
6	1	B	40000	0	100	100	100000	100000	100000	100000	100000	100000	100000	100000	100001
6	2	G	40000	100000	0	0	0	0	0	0	0	0	0	0	2
6	2	A	40000	100000	0	0	0	0	0	0	0	0	0	0	1
6	2	B	40000	100000	0	0	0	0	0	0	0	0	0	0	1
6	3	G	40000	100000	0	0	0	0	0	0	0	0	0	0	2
6	3	A	40000	100000	0	0	0	0	0	0	0	0	0	0	1
6	3	B	40000	100000	0	0	0	0	0	0	0	0	0	0	1
6	4	G	40000	90892	9.108	3.486	9108	10749	0	0	0	10633	84	32	10746
6	4	A	40000	91136	8.864	3.486	8864	5378	0	0	0	5291	55	32	5374
6	4	B	40000	91143	8.857	3.486	8857	5371	0	0	0	5342	29	0	5372
6	5	G	40000	0	100	100	100000	200000	200000	200000	200000	200000	200000	200000	200002
6	5	A	40000	0	100	100	100000	100000	100000	100000	100000	100000	100000	100000	100001
6	5	B	40000	0	100	100	100000	100000	100000	100000	100000	100000	100000	100000	100001
6	6	G	40000	58796	41.204	33.3265	41204	12674	72	0	0	11516	821	265	12516
6	6	A	40000	61012	38.988	32.013	38988	6975	6	0	0	6092	664	213	6878
6	6	B	40000	59661	40.339	34.64	40339	5699	66	0	0	5424	157	52	5638
6	6	cSpy was 15 spamed and the readout avoided!
6	7	G	40000	100000	0	0	0	0	0	0	0	0	0	0	2
6	7	A	40000	100000	0	0	0	0	0	0	0	0	0	0	1
6	7	B	40000	100000	0	0	0	0	0	0	0	0	0	0	1
7	0	G	40000	1416	98.584	77.132	98584	14771	232	7	0	13116	1067	349	14369
7	0	A	40000	2506	97.494	94.697	97494	2797	177	6	0	1921	424	269	2486
7	0	B	40000	28459	71.541	59.567	71541	11974	55	1	0	11195	643	80	11883
7	0	cSpy was 29 spamed and the readout avoided!
7	1	G	40000	100000	0	0	0	0	0	0	0	0	0	0	2
7	1	A	40000	100000	0	0	0	0	0	0	0	0	0	0	1
7	1	B	40000	100000	0	0	0	0	0	0	0	0	0	0	1
7	2	G	40000	99997	0.00299811	0.001	3	2	0	0	0	1	1	0	4
7	2	A	40000	99998	0.00200272	0.001	2	1	0	0	0	1	0	0	2
7	2	B	40000	99998	0.00200272	0.001	2	1	0	0	0	0	1	0	2
7	3	G	40000	23817	76.183	35.139	76183	47405	0	0	0	46796	515	94	47401
7	3	A	40000	36062	63.938	41.332	63938	22606	0	0	0	22472	41	93	22602
7	3	B	40000	46255	53.745	28.946	53745	24799	0	0	0	24324	474	1	24799
7	4	G	40000	10492	89.508	70.5555	89508	25610	47	0	0	20532	4834	197	25493
7	4	A	40000	16915	83.085	69.996	83085	13089	18	0	0	10086	2825	160	13008
7	4	B	40000	16364	83.636	71.115	83636	12521	29	0	0	10446	2009	37	12485
7	4	cSpy was 7 spamed and the readout avoided!
7	5	G	40000	100000	0	0	0	0	0	0	0	0	0	0	2
7	5	A	40000	100000	0	0	0	0	0	0	0	0	0	0	1
7	5	B	40000	100000	0	0	0	0	0	0	0	0	0	0	1
7	6	G	40000	100000	0	0	0	0	0	0	0	0	0	0	2
7	6	A	40000	100000	0	0	0	0	0	0	0	0	0	0	1
7	6	B	40000	100000	0	0	0	0	0	0	0	0	0	0	1
7	7	G	40000	54516	45.484	17.756	45484	30547	0	0	0	29661	820	66	30528
7	7	A	40000	64265	35.735	20.748	35735	14987	0	0	0	14582	340	65	14967
7	7	B	40000	69676	30.324	14.764	30324	15560	0	0	0	15079	480	1	15561
