#the gain was set to: 2	the bias was set to: 30
#Sent triggers per delay setting: 100000	and with a frequency [Hz] of: 40000
#160MHz delay setting	400MHz delay setting	Frequency	correct transmitted H+T		error rate [%]	uncertainty [%]	bad or missed events	error count	missing headers	missing trailers	flipped H/T	event nr errors	tbm missed trigger	unknown errors	event nr resets
0	0	G	40000	520	99.48	56.9055	99480	15337	162	0	0	12548	1793	834	14789
0	0	A	40000	652	99.348	98.147	99348	1201	162	0	0	113	92	834	652
0	0	B	40000	70200	29.8	15.664	29800	14136	0	0	0	12435	1701	0	14137
0	0	cSpy was 39 spamed and the readout avoided!
0	1	G	40000	99893	0.107002	0.002	107	208	0	0	0	208	0	0	210
0	1	A	40000	99894	0.106001	0.002	106	104	0	0	0	104	0	0	105
0	1	B	40000	99894	0.106001	0.002	106	104	0	0	0	104	0	0	105
0	2	G	40000	0	100	99.444	100000	753	82	0	0	165	23	483	359
0	2	A	40000	3	99.997	99.992	99997	5	0	0	0	1	0	4	3
0	2	B	40000	356	99.644	98.896	99644	748	82	0	0	164	23	479	356
0	2	cSpy was 95 spamed and the readout avoided!
0	3	G	40000	52531	47.469	21.171	47469	29739	216	56	1	17749	11138	580	29530
0	3	A	40000	62562	37.438	22.781	37438	14657	17	1	0	8614	5482	543	14613
0	3	B	40000	65357	34.643	19.561	34643	15082	199	55	1	9135	5656	37	14917
0	3	cSpy was 22 spamed and the readout avoided!
0	4	G	40000	100000	0	0	0	0	0	0	0	0	0	0	2
0	4	A	40000	100000	0	0	0	0	0	0	0	0	0	0	1
0	4	B	40000	100000	0	0	0	0	0	0	0	0	0	0	1
0	5	G	40000	99995	0.00500083	0	5	10	0	0	0	10	0	0	12
0	5	A	40000	99995	0.00500083	0	5	5	0	0	0	5	0	0	6
0	5	B	40000	99995	0.00500083	0	5	5	0	0	0	5	0	0	6
0	6	G	40000	55611	44.389	26.014	44389	24824	353	45	1	23359	973	93	24663
0	6	A	40000	63490	36.51	24.174	36510	12336	63	1	0	12049	158	65	12275
0	6	B	40000	59658	40.342	27.854	40342	12488	290	44	1	11310	815	28	12388
0	6	cSpy was 33 spamed and the readout avoided!
0	7	G	40000	26875	73.125	61.415	73125	15546	202	35	2	14021	562	724	14936
0	7	A	40000	29774	70.226	63.436	70226	6790	107	21	1	6062	160	439	6443
0	7	B	40000	31850	68.15	59.394	68150	8756	95	14	1	7959	402	285	8493
0	7	cSpy was 100 spamed and the readout avoided!
1	0	G	40000	338	99.662	97.779	99662	2367	168	1	0	1621	311	266	2064
1	0	A	40000	828	99.172	98.208	99172	964	50	1	0	585	185	143	824
1	0	B	40000	1247	98.753	97.35	98753	1403	118	0	0	1036	126	123	1240
1	0	cSpy was 33 spamed and the readout avoided!
1	1	G	40000	23015	76.985	65.2445	76985	16770	35	0	0	15218	826	691	16435
1	1	A	40000	26478	73.522	64.847	73522	8675	22	0	0	7589	408	656	8364
1	1	B	40000	26263	73.737	65.642	73737	8095	13	0	0	7629	418	35	8071
1	2	G	40000	100000	0	0	0	0	0	0	0	0	0	0	2
1	2	A	40000	100000	0	0	0	0	0	0	0	0	0	0	1
1	2	B	40000	100000	0	0	0	0	0	0	0	0	0	0	1
1	3	G	40000	100000	0	0	0	0	0	0	0	0	0	0	2
1	3	A	40000	100000	0	0	0	0	0	0	0	0	0	0	1
1	3	B	40000	100000	0	0	0	0	0	0	0	0	0	0	1
1	4	G	40000	6	99.994	99.9325	99994	102	0	0	0	8	0	94	33
1	4	A	40000	8	99.992	99.926	99992	66	0	0	0	1	0	65	8
1	4	B	40000	25	99.975	99.939	99975	36	0	0	0	7	0	29	25
1	5	G	40000	0	100	100	100000	200000	200000	200000	200000	200000	200000	200000	200002
1	5	A	40000	0	100	100	100000	100000	100000	100000	100000	100000	100000	100000	100001
1	5	B	40000	0	100	100	100000	100000	100000	100000	100000	100000	100000	100000	100001
1	6	G	40000	100000	0	0	0	0	0	0	0	0	0	0	2
1	6	A	40000	100000	0	0	0	0	0	0	0	0	0	0	1
1	6	B	40000	100000	0	0	0	0	0	0	0	0	0	0	1
1	7	G	40000	100000	0	0	0	0	0	0	0	0	0	0	2
1	7	A	40000	100000	0	0	0	0	0	0	0	0	0	0	1
1	7	B	40000	100000	0	0	0	0	0	0	0	0	0	0	1
2	0	G	40000	7083	92.917	46.0705	92917	14301	168	3	0	12888	848	394	13950
2	0	A	40000	7753	92.247	84.825	92247	7422	160	3	0	6802	64	393	7074
2	0	B	40000	85805	14.195	7.316	14195	6879	8	0	0	6086	784	1	6876
2	0	cSpy was 12 spamed and the readout avoided!
2	1	G	40000	100000	0	0	0	0	0	0	0	0	0	0	2
2	1	A	40000	100000	0	0	0	0	0	0	0	0	0	0	1
2	1	B	40000	100000	0	0	0	0	0	0	0	0	0	0	1
2	2	G	40000	96189	3.811	1.2575	3811	4989	0	0	0	4987	0	2	4990
2	2	A	40000	96245	3.755	1.266	3755	2489	0	0	0	2489	0	0	2490
2	2	B	40000	96251	3.749	1.249	3749	2500	0	0	0	2498	0	2	2500
2	3	G	40000	0	100	100	100000	200000	200000	200000	200000	200000	200000	200000	200002
2	3	A	40000	0	100	100	100000	100000	100000	100000	100000	100000	100000	100000	100001
2	3	B	40000	0	100	100	100000	100000	100000	100000	100000	100000	100000	100000	100001
2	4	G	40000	96029	3.971	1.5535	3971	3436	0	0	0	2272	1128	36	3438
2	4	A	40000	96454	3.546	1.835	3546	1711	0	0	0	1124	551	36	1712
2	4	B	40000	97003	2.997	1.272	2997	1725	0	0	0	1148	577	0	1726
2	5	G	40000	100000	0	0	0	0	0	0	0	0	0	0	2
2	5	A	40000	100000	0	0	0	0	0	0	0	0	0	0	1
2	5	B	40000	100000	0	0	0	0	0	0	0	0	0	0	1
2	6	G	40000	99974	0.0259995	0	26	52	0	0	0	52	0	0	54
2	6	A	40000	99974	0.0259995	0	26	26	0	0	0	26	0	0	27
2	6	B	40000	99974	0.0259995	0	26	26	0	0	0	26	0	0	27
2	7	G	40000	0	100	100	100000	200000	200000	200000	200000	200000	200000	200000	200002
2	7	A	40000	0	100	100	100000	100000	100000	100000	100000	100000	100000	100000	100001
2	7	B	40000	0	100	100	100000	100000	100000	100000	100000	100000	100000	100000	100001
3	0	G	40000	1816	98.184	70.7255	98184	17974	231	1	0	17310	140	292	17610
3	0	A	40000	2649	97.351	94.355	97351	2996	231	1	0	2337	135	292	2631
3	0	B	40000	37926	62.074	47.096	62074	14978	0	0	0	14973	5	0	14979
3	0	cSpy was 25 spamed and the readout avoided!
3	1	G	40000	16977	83.023	37.5415	83023	57702	0	0	0	57352	182	168	57599
3	1	A	40000	31372	68.628	43.638	68628	24990	0	0	0	24730	95	165	24888
3	1	B	40000	35843	64.157	31.445	64157	32712	0	0	0	32622	87	3	32711
3	2	G	40000	53200	46.8	18.052	46800	54430	16	0	0	48174	6124	116	54396
3	2	A	40000	54784	45.216	18.048	45216	27168	8	0	0	23072	3972	116	27140
3	2	B	40000	54682	45.318	18.056	45318	27262	8	0	0	25102	2152	0	27256
3	3	G	40000	100000	0	0	0	0	0	0	0	0	0	0	2
3	3	A	40000	100000	0	0	0	0	0	0	0	0	0	0	1
3	3	B	40000	100000	0	0	0	0	0	0	0	0	0	0	1
3	4	G	40000	100000	0	0	0	0	0	0	0	0	0	0	2
3	4	A	40000	100000	0	0	0	0	0	0	0	0	0	0	1
3	4	B	40000	100000	0	0	0	0	0	0	0	0	0	0	1
3	5	G	40000	16923	83.077	35.3645	83077	60920	1	1	0	60816	7	95	60829
3	5	A	40000	32574	67.426	41.562	67426	25864	0	0	0	25770	0	94	25775
3	5	B	40000	35777	64.223	29.167	64223	35056	1	1	0	35046	7	1	35054
3	5	cSpy was 6 spamed and the readout avoided!
3	6	G	40000	11776	88.224	75.498	88224	18943	254	18	1	15356	2889	425	18528
3	6	A	40000	15181	84.819	75.231	84819	9588	136	0	0	7296	1803	353	9287
3	6	B	40000	14880	85.12	75.765	85120	9355	118	18	1	8060	1086	72	9241
3	6	cSpy was 5 spamed and the readout avoided!
3	7	G	40000	100000	0	0	0	0	0	0	0	0	0	0	2
3	7	A	40000	100000	0	0	0	0	0	0	0	0	0	0	1
3	7	B	40000	100000	0	0	0	0	0	0	0	0	0	0	1
4	0	G	40000	325	99.675	95.8475	99675	4327	242	0	0	3015	516	554	3788
4	0	A	40000	1697	98.303	96.285	98303	2018	164	0	0	1227	292	335	1687
4	0	B	40000	2281	97.719	95.41	97719	2309	78	0	0	1788	224	219	2101
4	0	cSpy was 42 spamed and the readout avoided!
4	1	G	40000	100000	0	0	0	0	0	0	0	0	0	0	2
4	1	A	40000	100000	0	0	0	0	0	0	0	0	0	0	1
4	1	B	40000	100000	0	0	0	0	0	0	0	0	0	0	1
4	2	G	40000	100000	0	0	0	0	0	0	0	0	0	0	2
4	2	A	40000	100000	0	0	0	0	0	0	0	0	0	0	1
4	2	B	40000	100000	0	0	0	0	0	0	0	0	0	0	1
4	3	G	40000	76774	23.226	7.92	23226	18033	0	0	0	17899	94	40	18030
4	3	A	40000	81813	18.187	9.037	18187	9150	0	0	0	9085	25	40	9147
4	3	B	40000	84314	15.686	6.803	15686	8883	0	0	0	8814	69	0	8883
4	4	G	40000	0	100	100	100000	200000	200000	200000	200000	200000	200000	200000	200002
4	4	A	40000	0	100	100	100000	100000	100000	100000	100000	100000	100000	100000	100001
4	4	B	40000	0	100	100	100000	100000	100000	100000	100000	100000	100000	100000	100001
4	5	G	40000	99285	0.714999	0.245	715	940	0	0	0	935	0	5	942
4	5	A	40000	99285	0.714999	0.245	715	470	0	0	0	465	0	5	471
4	5	B	40000	99285	0.714999	0.245	715	470	0	0	0	470	0	0	471
4	6	G	40000	100000	0	0	0	0	0	0	0	0	0	0	2
4	6	A	40000	100000	0	0	0	0	0	0	0	0	0	0	1
4	6	B	40000	100000	0	0	0	0	0	0	0	0	0	0	1
4	7	G	40000	99897	0.103003	0.0375	103	109	0	0	0	108	0	1	111
4	7	A	40000	99901	0.0989974	0.041	99	58	0	0	0	57	0	1	59
4	7	B	40000	99915	0.0850022	0.034	85	51	0	0	0	51	0	0	52
5	0	G	40000	822	99.178	51.748	99178	8653	159	0	0	7526	348	620	8144
5	0	A	40000	889	99.111	97.713	99111	1398	159	0	0	292	328	619	889
5	0	B	40000	86962	13.038	5.783	13038	7255	0	0	0	7234	20	1	7255
5	0	cSpy was 34 spamed and the readout avoided!
5	1	G	40000	100000	0	0	0	0	0	0	0	0	0	0	2
5	1	A	40000	100000	0	0	0	0	0	0	0	0	0	0	1
5	1	B	40000	100000	0	0	0	0	0	0	0	0	0	0	1
5	2	G	40000	23788	76.212	35.6365	76212	47009	2	0	0	46701	207	99	47000
5	2	A	40000	35913	64.087	41.702	64087	22385	1	0	0	22143	143	98	22376
5	2	B	40000	45805	54.195	29.571	54195	24624	1	0	0	24558	64	1	24624
5	3	G	40000	32322	67.678	30.3685	67678	51112	24	0	0	43551	7450	87	51073
5	3	A	40000	44586	55.414	29.418	55414	25996	13	0	0	21070	4826	87	25963
5	3	B	40000	43565	56.435	31.319	56435	25116	11	0	0	22481	2624	0	25110
5	4	G	40000	100000	0	0	0	0	0	0	0	0	0	0	2
5	4	A	40000	100000	0	0	0	0	0	0	0	0	0	0	1
5	4	B	40000	100000	0	0	0	0	0	0	0	0	0	0	1
5	5	G	40000	100000	0	0	0	0	0	0	0	0	0	0	2
5	5	A	40000	100000	0	0	0	0	0	0	0	0	0	0	1
5	5	B	40000	100000	0	0	0	0	0	0	0	0	0	0	1
5	6	G	40000	26610	73.39	33.093	73390	46210	0	0	0	44982	1135	93	46197
5	6	A	40000	38980	61.02	38.887	61020	22133	0	0	0	21813	227	93	22119
5	6	B	40000	48624	51.376	27.299	51376	24077	0	0	0	23169	908	0	24078
5	7	G	40000	4264	95.736	89.2815	95736	8975	394	16	0	5842	1962	761	8213
5	7	A	40000	6477	93.523	88.871	93523	4652	181	2	0	2799	1305	365	4281
5	7	B	40000	5985	94.015	89.692	94015	4323	213	14	0	3043	657	396	3932
5	7	cSpy was 40 spamed and the readout avoided!
6	0	G	40000	875	99.125	57.6625	99125	16325	162	5	0	15253	502	403	15933
6	0	A	40000	1106	98.894	97.402	98894	1492	160	0	0	712	227	393	1106
6	0	B	40000	67244	32.756	17.923	32756	14833	2	5	0	14541	275	10	14827
6	0	cSpy was 11 spamed and the readout avoided!
6	1	G	40000	2495	97.505	90.8135	97505	9446	587	66	1	6357	1678	757	8553
6	1	A	40000	4787	95.213	90.229	95213	4984	279	1	0	3104	1138	462	4490
6	1	B	40000	4140	95.86	91.398	95860	4462	308	65	1	3253	540	295	4063
6	1	cSpy was 28 spamed and the readout avoided!
6	2	G	40000	99953	0.0469983	0.016	47	62	0	0	0	62	0	0	64
6	2	A	40000	99953	0.0469983	0.016	47	31	0	0	0	31	0	0	32
6	2	B	40000	99953	0.0469983	0.016	47	31	0	0	0	31	0	0	32
6	3	G	40000	100000	0	0	0	0	0	0	0	0	0	0	2
6	3	A	40000	100000	0	0	0	0	0	0	0	0	0	0	1
6	3	B	40000	100000	0	0	0	0	0	0	0	0	0	0	1
6	4	G	40000	94011	5.989	1.9615	5989	5769	0	0	0	5760	2	7	5771
6	4	A	40000	94794	5.206	2.18	5206	3026	0	0	0	3019	0	7	3027
6	4	B	40000	95514	4.486	1.743	4486	2743	0	0	0	2741	2	0	2744
6	5	G	40000	305	99.695	97.895	99695	2378	178	6	0	564	1051	579	1821
6	5	A	40000	1089	98.911	97.652	98911	1259	75	0	0	261	773	150	1078
6	5	B	40000	743	99.257	98.138	99257	1119	103	6	0	303	278	429	743
6	5	cSpy was 29 spamed and the readout avoided!
6	6	G	40000	89685	10.315	2.6845	10315	14970	0	0	0	14851	63	56	14972
6	6	A	40000	89846	10.154	2.663	10154	7491	0	0	0	7373	62	56	7492
6	6	B	40000	89815	10.185	2.706	10185	7479	0	0	0	7478	1	0	7480
6	7	G	40000	100000	0	0	0	0	0	0	0	0	0	0	2
6	7	A	40000	100000	0	0	0	0	0	0	0	0	0	0	1
6	7	B	40000	100000	0	0	0	0	0	0	0	0	0	0	1
7	0	G	40000	1106	98.894	87.054	98894	9557	345	5	0	8245	574	388	9066
7	0	A	40000	2242	97.758	95.198	97758	2560	196	3	0	1819	258	284	2218
7	0	B	40000	14093	85.907	78.91	85907	6997	149	2	0	6426	316	104	6848
7	0	cSpy was 38 spamed and the readout avoided!
7	1	G	40000	100000	0	0	0	0	0	0	0	0	0	0	2
7	1	A	40000	100000	0	0	0	0	0	0	0	0	0	0	1
7	1	B	40000	100000	0	0	0	0	0	0	0	0	0	0	1
7	2	G	40000	100000	0	0	0	0	0	0	0	0	0	0	2
7	2	A	40000	100000	0	0	0	0	0	0	0	0	0	0	1
7	2	B	40000	100000	0	0	0	0	0	0	0	0	0	0	1
7	3	G	40000	28179	71.821	31.8695	71821	45446	0	0	0	43868	1487	91	45429
7	3	A	40000	40661	59.339	37.502	59339	21837	0	0	0	21390	356	91	21819
7	3	B	40000	50154	49.846	26.237	49846	23609	0	0	0	22478	1131	0	23610
7	4	G	40000	9054	90.946	79.8945	90946	15192	76	6	0	12396	2391	323	14977
7	4	A	40000	12759	87.241	79.423	87241	7818	46	5	0	6151	1375	241	7677
7	4	B	40000	12260	87.74	80.366	87740	7374	30	1	0	6245	1016	82	7300
7	4	cSpy was 57 spamed and the readout avoided!
7	5	G	40000	100000	0	0	0	0	0	0	0	0	0	0	2
7	5	A	40000	100000	0	0	0	0	0	0	0	0	0	0	1
7	5	B	40000	100000	0	0	0	0	0	0	0	0	0	0	1
7	6	G	40000	100000	0	0	0	0	0	0	0	0	0	0	2
7	6	A	40000	100000	0	0	0	0	0	0	0	0	0	0	1
7	6	B	40000	100000	0	0	0	0	0	0	0	0	0	0	1
7	7	G	40000	73316	26.684	9.484	26684	19141	0	0	0	18902	198	41	19134
7	7	A	40000	79445	20.555	10.995	20555	9560	0	0	0	9436	84	40	9552
7	7	B	40000	82446	17.554	7.973	17554	9581	0	0	0	9466	114	1	9582
