#the gain was set to: 2	the bias was set to: 30
#Sent triggers per delay setting: 100000	and with a frequency [Hz] of: 40000
#160MHz delay setting	400MHz delay setting	Frequency	correct transmitted H+T		error rate [%]	uncertainty [%]	bad or missed events	error count	missing headers	missing trailers	flipped H/T	event nr errors	tbm missed trigger	unknown errors	event nr resets
0	0	G	40000	517	99.483	56.794	99483	15244	144	0	0	12450	1820	830	14696
0	0	A	40000	646	99.354	98.159	99354	1195	144	0	0	114	108	829	646
0	0	B	40000	70522	29.478	15.429	29478	14049	0	0	0	12336	1712	1	14050
0	0	cSpy was 42 spamed and the readout avoided!
0	1	G	40000	99935	0.0649989	0.0185	65	66	0	0	0	66	0	0	68
0	1	A	40000	99960	0.0400007	0.008	40	32	0	0	0	32	0	0	33
0	1	B	40000	99937	0.0630021	0.029	63	34	0	0	0	34	0	0	35
0	2	G	40000	0	100	100	100000	200000	200000	200000	200000	200000	200000	200000	200002
0	2	A	40000	0	100	100	100000	100000	100000	100000	100000	100000	100000	100000	100001
0	2	B	40000	0	100	100	100000	100000	100000	100000	100000	100000	100000	100000	100001
0	3	G	40000	71651	28.349	9.7475	28349	31114	7	0	0	27906	3159	42	31105
0	3	A	40000	74590	25.41	9.927	25410	15483	5	0	0	13865	1571	42	15474
0	3	B	40000	74801	25.199	9.568	25199	15631	2	0	0	14041	1588	0	15631
0	4	G	40000	100000	0	0	0	0	0	0	0	0	0	0	2
0	4	A	40000	100000	0	0	0	0	0	0	0	0	0	0	1
0	4	B	40000	100000	0	0	0	0	0	0	0	0	0	0	1
0	5	G	40000	100000	0	0	0	0	0	0	0	0	0	0	2
0	5	A	40000	100000	0	0	0	0	0	0	0	0	0	0	1
0	5	B	40000	100000	0	0	0	0	0	0	0	0	0	0	1
0	6	G	40000	0	100	99.9395	100000	87	0	0	0	3	6	78	34
0	6	A	40000	0	100	100	100000	0	0	0	0	0	0	0	0
0	6	B	40000	34	99.966	99.879	99966	87	0	0	0	3	6	78	34
0	7	G	40000	10556	89.444	82.4805	89444	10438	39	0	0	8849	888	662	10077
0	7	A	40000	12377	87.623	82.175	87623	5448	26	0	0	4370	453	599	5123
0	7	B	40000	12224	87.776	82.786	87776	4990	13	0	0	4479	435	63	4954
0	7	cSpy was 22 spamed and the readout avoided!
1	0	G	40000	0	100	100	100000	200000	200000	200000	200000	200000	200000	200000	200002
1	0	A	40000	0	100	100	100000	100000	100000	100000	100000	100000	100000	100000	100001
1	0	B	40000	0	100	100	100000	100000	100000	100000	100000	100000	100000	100000	100001
1	1	G	40000	2216	97.784	92.0375	97784	7930	23	0	0	6903	215	789	7533
1	1	A	40000	4143	95.857	91.558	95857	4299	13	0	0	3419	105	762	3916
1	1	B	40000	3852	96.148	92.517	96148	3631	10	0	0	3484	110	27	3617
1	1	cSpy was 1 spamed and the readout avoided!
1	2	G	40000	100000	0	0	0	0	0	0	0	0	0	0	2
1	2	A	40000	100000	0	0	0	0	0	0	0	0	0	0	1
1	2	B	40000	100000	0	0	0	0	0	0	0	0	0	0	1
1	3	G	40000	100000	0	0	0	0	0	0	0	0	0	0	2
1	3	A	40000	100000	0	0	0	0	0	0	0	0	0	0	1
1	3	B	40000	100000	0	0	0	0	0	0	0	0	0	0	1
1	4	G	40000	15	99.985	99.8895	99985	158	0	0	0	17	0	141	63
1	4	A	40000	18	99.982	99.885	99982	97	0	0	0	2	0	95	18
1	4	B	40000	45	99.955	99.894	99955	61	0	0	0	15	0	46	45
1	5	G	40000	4191	95.809	90.348	95809	7796	135	0	0	6181	757	723	7302
1	5	A	40000	5649	94.351	90.453	94351	3898	70	0	0	2934	373	521	3559
1	5	B	40000	5859	94.141	90.243	94141	3898	65	0	0	3247	384	202	3743
1	5	cSpy was 67 spamed and the readout avoided!
1	6	G	40000	100000	0	0	0	0	0	0	0	0	0	0	2
1	6	A	40000	100000	0	0	0	0	0	0	0	0	0	0	1
1	6	B	40000	100000	0	0	0	0	0	0	0	0	0	0	1
1	7	G	40000	100000	0	0	0	0	0	0	0	0	0	0	2
1	7	A	40000	100000	0	0	0	0	0	0	0	0	0	0	1
1	7	B	40000	100000	0	0	0	0	0	0	0	0	0	0	1
2	0	G	40000	8371	91.629	42.558	91629	9895	144	2	0	9027	337	385	9570
2	0	A	40000	8535	91.465	83.47	91465	7995	144	2	0	7398	67	384	7670
2	0	B	40000	96454	3.546	1.646	3546	1900	0	0	0	1629	270	1	1900
2	0	cSpy was 1 spamed and the readout avoided!
2	1	G	40000	100000	0	0	0	0	0	0	0	0	0	0	2
2	1	A	40000	100000	0	0	0	0	0	0	0	0	0	0	1
2	1	B	40000	100000	0	0	0	0	0	0	0	0	0	0	1
2	2	G	40000	99649	0.351	0.067	351	568	0	0	0	568	0	0	570
2	2	A	40000	99649	0.351	0.067	351	284	0	0	0	284	0	0	285
2	2	B	40000	99649	0.351	0.067	351	284	0	0	0	284	0	0	285
2	3	G	40000	0	100	100	100000	200000	200000	200000	200000	200000	200000	200000	200002
2	3	A	40000	0	100	100	100000	100000	100000	100000	100000	100000	100000	100000	100001
2	3	B	40000	0	100	100	100000	100000	100000	100000	100000	100000	100000	100000	100001
2	4	G	40000	59669	40.331	15.9985	40331	26013	40	9	0	15011	10528	425	25985
2	4	A	40000	68503	31.497	18.734	31497	12763	10	1	0	7252	5079	421	12748
2	4	B	40000	73487	26.513	13.263	26513	13250	30	8	0	7759	5449	4	13237
2	4	cSpy was 5 spamed and the readout avoided!
2	5	G	40000	100000	0	0	0	0	0	0	0	0	0	0	2
2	5	A	40000	100000	0	0	0	0	0	0	0	0	0	0	1
2	5	B	40000	100000	0	0	0	0	0	0	0	0	0	0	1
2	6	G	40000	99996	0.00399947	0	4	8	0	0	0	8	0	0	10
2	6	A	40000	99996	0.00399947	0	4	4	0	0	0	4	0	0	5
2	6	B	40000	99996	0.00399947	0	4	4	0	0	0	4	0	0	5
2	7	G	40000	0	100	100	100000	200000	200000	200000	200000	200000	200000	200000	200002
2	7	A	40000	0	100	100	100000	100000	100000	100000	100000	100000	100000	100000	100001
2	7	B	40000	0	100	100	100000	100000	100000	100000	100000	100000	100000	100000	100001
3	0	G	40000	2186	97.814	63.02	97814	12745	246	4	0	12036	167	292	12381
3	0	A	40000	2710	97.29	94.246	97290	3044	239	4	0	2367	143	291	2682
3	0	B	40000	58505	41.495	31.794	41495	9701	7	0	0	9669	24	1	9699
3	0	cSpy was 34 spamed and the readout avoided!
3	1	G	40000	16562	83.438	35.82	83438	60881	0	0	0	60775	10	96	60789
3	1	A	40000	32088	67.912	42.058	67912	25854	0	0	0	25751	7	96	25762
3	1	B	40000	35391	64.609	29.582	64609	35027	0	0	0	35024	3	0	35027
3	2	G	40000	31201	68.799	52.807	68799	28642	24	0	0	24770	3716	132	28569
3	2	A	40000	32804	67.196	52.987	67196	14209	6	0	0	11801	2312	90	14171
3	2	B	40000	32940	67.06	52.627	67060	14433	18	0	0	12969	1404	42	14398
3	3	G	40000	100000	0	0	0	0	0	0	0	0	0	0	2
3	3	A	40000	100000	0	0	0	0	0	0	0	0	0	0	1
3	3	B	40000	100000	0	0	0	0	0	0	0	0	0	0	1
3	4	G	40000	100000	0	0	0	0	0	0	0	0	0	0	2
3	4	A	40000	100000	0	0	0	0	0	0	0	0	0	0	1
3	4	B	40000	100000	0	0	0	0	0	0	0	0	0	0	1
3	5	G	40000	33824	66.176	27.099	66176	49201	1	0	0	49038	87	75	49152
3	5	A	40000	46843	53.157	31.824	53157	21333	0	0	0	21258	0	75	21284
3	5	B	40000	49758	50.242	22.374	50242	27868	1	0	0	27780	87	0	27868
3	6	G	40000	7540	92.46	80.6295	92460	18289	136	8	0	14886	2865	394	18006
3	6	A	40000	10297	89.703	80.451	89703	9252	71	3	0	7156	1690	332	9035
3	6	B	40000	10155	89.845	80.808	89845	9037	65	5	0	7730	1175	62	8971
3	6	cSpy was 5 spamed and the readout avoided!
3	7	G	40000	100000	0	0	0	0	0	0	0	0	0	0	2
3	7	A	40000	100000	0	0	0	0	0	0	0	0	0	0	1
3	7	B	40000	100000	0	0	0	0	0	0	0	0	0	0	1
4	0	G	40000	252	99.748	98.2385	99748	1984	174	0	0	997	320	493	1522
4	0	A	40000	758	99.242	98.246	99242	996	86	0	0	410	217	283	744
4	0	B	40000	781	99.219	98.231	99219	988	88	0	0	587	103	210	778
4	0	cSpy was 37 spamed and the readout avoided!
4	1	G	40000	100000	0	0	0	0	0	0	0	0	0	0	2
4	1	A	40000	100000	0	0	0	0	0	0	0	0	0	0	1
4	1	B	40000	100000	0	0	0	0	0	0	0	0	0	0	1
4	2	G	40000	100000	0	0	0	0	0	0	0	0	0	0	2
4	2	A	40000	100000	0	0	0	0	0	0	0	0	0	0	1
4	2	B	40000	100000	0	0	0	0	0	0	0	0	0	0	1
4	3	G	40000	92080	7.92	2.7695	7920	6938	0	0	0	6922	5	11	6940
4	3	A	40000	93184	6.816	3.128	6816	3688	0	0	0	3676	1	11	3689
4	3	B	40000	94339	5.661	2.411	5661	3250	0	0	0	3246	4	0	3251
4	4	G	40000	1036	98.964	94.799	98964	5283	242	33	0	3546	1205	257	4933
4	4	A	40000	2481	97.519	95.039	97519	2480	93	0	0	1566	695	126	2314
4	4	B	40000	2638	97.362	94.559	97362	2803	149	33	0	1980	510	131	2619
4	5	G	40000	94726	5.274	1.754	5274	7040	0	0	0	6989	20	31	7042
4	5	A	40000	94726	5.274	1.754	5274	3520	0	0	0	3469	20	31	3521
4	5	B	40000	94726	5.274	1.754	5274	3520	0	0	0	3520	0	0	3521
4	6	G	40000	100000	0	0	0	0	0	0	0	0	0	0	2
4	6	A	40000	100000	0	0	0	0	0	0	0	0	0	0	1
4	6	B	40000	100000	0	0	0	0	0	0	0	0	0	0	1
4	7	G	40000	99979	0.0209987	0.0065	21	23	0	0	0	23	0	0	25
4	7	A	40000	99981	0.019002	0.007	19	12	0	0	0	12	0	0	13
4	7	B	40000	99983	0.0169992	0.006	17	11	0	0	0	11	0	0	12
5	0	G	40000	853	99.147	51.4265	99147	8130	147	0	0	7015	351	617	7593
5	0	A	40000	907	99.093	97.648	99093	1445	147	0	0	342	339	617	907
5	0	B	40000	88110	11.89	5.205	11890	6685	0	0	0	6673	12	0	6686
5	0	cSpy was 30 spamed and the readout avoided!
5	1	G	40000	99537	0.463003	0.179	463	542	0	0	0	530	10	2	543
5	1	A	40000	99551	0.449002	0.179	449	270	0	0	0	262	6	2	270
5	1	B	40000	99549	0.450999	0.179	451	272	0	0	0	268	4	0	273
5	2	G	40000	65774	34.226	20.241	34226	26720	0	0	0	26593	0	127	26720
5	2	A	40000	66342	33.658	20.284	33658	13374	0	0	0	13247	0	127	13374
5	2	B	40000	66456	33.544	20.198	33544	13346	0	0	0	13346	0	0	13346
5	3	G	40000	4797	95.203	86.6515	95203	12117	147	1	0	9976	1274	719	11633
5	3	A	40000	8286	91.714	84.669	91714	7045	47	1	0	5530	957	510	6757
5	3	B	40000	6294	93.706	88.634	93706	5072	100	0	0	4446	317	209	4876
5	3	cSpy was 95 spamed and the readout avoided!
5	4	G	40000	100000	0	0	0	0	0	0	0	0	0	0	2
5	4	A	40000	100000	0	0	0	0	0	0	0	0	0	0	1
5	4	B	40000	100000	0	0	0	0	0	0	0	0	0	0	1
5	5	G	40000	100000	0	0	0	0	0	0	0	0	0	0	2
5	5	A	40000	100000	0	0	0	0	0	0	0	0	0	0	1
5	5	B	40000	100000	0	0	0	0	0	0	0	0	0	0	1
5	6	G	40000	67570	32.43	19.263	32430	26014	0	0	0	25866	23	125	26010
5	6	A	40000	67769	32.231	19.263	32231	12968	0	0	0	12824	20	124	12963
5	6	B	40000	67691	32.309	19.263	32309	13046	0	0	0	13042	3	1	13047
5	7	G	40000	0	100	100	100000	200000	200000	200000	200000	200000	200000	200000	200002
5	7	A	40000	0	100	100	100000	100000	100000	100000	100000	100000	100000	100000	100001
5	7	B	40000	0	100	100	100000	100000	100000	100000	100000	100000	100000	100000	100001
6	0	G	40000	940	99.06	56.412	99060	14822	157	4	0	13744	481	436	14402
6	0	A	40000	1132	98.868	97.321	98868	1547	156	0	0	752	211	428	1130
6	0	B	40000	71222	28.778	15.503	28778	13275	1	4	0	12992	270	8	13272
6	0	cSpy was 19 spamed and the readout avoided!
6	1	G	40000	1728	98.272	92.923	98272	7327	512	59	3	4680	1461	612	6583
6	1	A	40000	3796	96.204	92.223	96204	3981	257	2	0	2314	1059	349	3591
6	1	B	40000	3031	96.969	93.623	96969	3346	255	57	3	2366	402	263	2992
6	1	cSpy was 16 spamed and the readout avoided!
6	2	G	40000	99776	0.224	0.073	224	302	0	0	0	301	0	1	304
6	2	A	40000	99776	0.224	0.073	224	151	0	0	0	150	0	1	152
6	2	B	40000	99776	0.224	0.073	224	151	0	0	0	151	0	0	152
6	3	G	40000	100000	0	0	0	0	0	0	0	0	0	0	2
6	3	A	40000	100000	0	0	0	0	0	0	0	0	0	0	1
6	3	B	40000	100000	0	0	0	0	0	0	0	0	0	0	1
6	4	G	40000	98491	1.509	0.5205	1509	1549	0	0	0	1546	0	3	1551
6	4	A	40000	98609	1.391	0.573	1391	818	0	0	0	815	0	3	819
6	4	B	40000	98801	1.199	0.468	1199	731	0	0	0	731	0	0	732
6	5	G	40000	123	99.877	98.7385	99877	1478	75	0	0	176	682	545	1043
6	5	A	40000	582	99.418	98.744	99418	674	17	0	0	38	515	104	580
6	5	B	40000	463	99.537	98.733	99537	804	58	0	0	138	167	441	463
6	5	cSpy was 26 spamed and the readout avoided!
6	6	G	40000	81891	18.109	3.6855	18109	25716	0	0	0	25271	353	92	25715
6	6	A	40000	83558	16.442	3.563	16442	12879	0	0	0	12476	320	83	12877
6	6	B	40000	83355	16.645	3.808	16645	12837	0	0	0	12795	33	9	12838
6	7	G	40000	100000	0	0	0	0	0	0	0	0	0	0	2
6	7	A	40000	100000	0	0	0	0	0	0	0	0	0	0	1
6	7	B	40000	100000	0	0	0	0	0	0	0	0	0	0	1
7	0	G	40000	896	99.104	93.9815	99104	6195	373	5	0	4971	437	409	5684
7	0	A	40000	1998	98.002	95.686	98002	2316	196	2	0	1541	280	297	1965
7	0	B	40000	3844	96.156	92.277	96156	3879	177	3	0	3430	157	112	3719
7	0	cSpy was 33 spamed and the readout avoided!
7	1	G	40000	100000	0	0	0	0	0	0	0	0	0	0	2
7	1	A	40000	100000	0	0	0	0	0	0	0	0	0	0	1
7	1	B	40000	100000	0	0	0	0	0	0	0	0	0	0	1
7	2	G	40000	100000	0	0	0	0	0	0	0	0	0	0	2
7	2	A	40000	100000	0	0	0	0	0	0	0	0	0	0	1
7	2	B	40000	100000	0	0	0	0	0	0	0	0	0	0	1
7	3	G	40000	24452	75.548	34.5065	75548	47098	0	0	0	46207	796	95	47087
7	3	A	40000	36912	63.088	40.604	63088	22484	0	0	0	22305	85	94	22473
7	3	B	40000	46977	53.023	28.409	53023	24614	0	0	0	23902	711	1	24614
7	4	G	40000	8169	91.831	82.782	91831	12534	228	12	1	9321	2494	478	12116
7	4	A	40000	11329	88.671	82.049	88671	6622	107	4	0	4653	1554	304	6384
7	4	B	40000	10573	89.427	83.515	89427	5912	121	8	1	4668	940	174	5732
7	4	cSpy was 7 spamed and the readout avoided!
7	5	G	40000	100000	0	0	0	0	0	0	0	0	0	0	2
7	5	A	40000	100000	0	0	0	0	0	0	0	0	0	0	1
7	5	B	40000	100000	0	0	0	0	0	0	0	0	0	0	1
7	6	G	40000	100000	0	0	0	0	0	0	0	0	0	0	2
7	6	A	40000	100000	0	0	0	0	0	0	0	0	0	0	1
7	6	B	40000	100000	0	0	0	0	0	0	0	0	0	0	1
7	7	G	40000	76264	23.736	8.0945	23736	17312	0	0	0	17171	110	31	17310
7	7	A	40000	81884	18.116	9.383	18116	8733	0	0	0	8661	41	31	8730
7	7	B	40000	84615	15.385	6.806	15385	8579	0	0	0	8510	69	0	8580
