#the gain was set to: 2	the bias was set to: 30
#Sent triggers per delay setting: 100000	and with a frequency [Hz] of: 40000
#160MHz delay setting	400MHz delay setting	Frequency	correct transmitted H+T		error rate [%]	uncertainty [%]	bad or missed events	error count	missing headers	missing trailers	flipped H/T	event nr errors	tbm missed trigger	unknown errors	event nr resets
0	0	G	40000	522	99.478	57.1605	99478	15646	147	0	0	12781	1880	838	15092
0	0	A	40000	639	99.361	98.167	99361	1194	147	0	0	107	102	838	639
0	0	B	40000	69394	30.606	16.154	30606	14452	0	0	0	12674	1778	0	14453
0	0	cSpy was 41 spamed and the readout avoided!
0	1	G	40000	99924	0.0760019	0.0225	76	74	0	0	0	74	0	0	76
0	1	A	40000	99955	0.0450015	0.01	45	35	0	0	0	35	0	0	36
0	1	B	40000	99926	0.0739992	0.035	74	39	0	0	0	39	0	0	40
0	2	G	40000	0	100	100	100000	200000	200000	200000	200000	200000	200000	200000	200002
0	2	A	40000	0	100	100	100000	100000	100000	100000	100000	100000	100000	100000	100001
0	2	B	40000	0	100	100	100000	100000	100000	100000	100000	100000	100000	100000	100001
0	3	G	40000	71388	28.612	9.807	28612	31832	5	0	0	28386	3405	36	31824
0	3	A	40000	74157	25.843	9.99	25843	15853	4	0	0	14126	1687	36	15845
0	3	B	40000	74397	25.603	9.624	25603	15979	1	0	0	14260	1718	0	15979
0	4	G	40000	100000	0	0	0	0	0	0	0	0	0	0	2
0	4	A	40000	100000	0	0	0	0	0	0	0	0	0	0	1
0	4	B	40000	100000	0	0	0	0	0	0	0	0	0	0	1
0	5	G	40000	99671	0.329	0.1055	329	277	0	0	0	276	1	0	279
0	5	A	40000	99783	0.217003	0.077	217	140	0	0	0	139	1	0	141
0	5	B	40000	99729	0.270998	0.134	271	137	0	0	0	137	0	0	138
0	6	G	40000	0	100	99.983	100000	18	0	1	0	5	0	12	16
0	6	A	40000	0	100	100	100000	0	0	0	0	0	0	0	0
0	6	B	40000	16	99.984	99.966	99984	18	0	1	0	5	0	12	16
0	6	cSpy was 31 spamed and the readout avoided!
0	7	G	40000	630	99.37	96.969	99370	3231	62	0	0	2137	188	844	2754
0	7	A	40000	1641	98.359	96.311	98359	2048	55	0	0	1042	161	790	1597
0	7	B	40000	1190	98.81	97.627	98810	1183	7	0	0	1095	27	54	1157
0	7	cSpy was 6 spamed and the readout avoided!
1	0	G	40000	1595	98.405	80.645	98405	17970	332	8	0	16725	277	628	17373
1	0	A	40000	2852	97.148	93.84	97148	3308	222	0	0	2453	67	566	2802
1	0	B	40000	17888	82.112	67.45	82112	14662	110	8	0	14272	210	62	14571
1	0	cSpy was 8 spamed and the readout avoided!
1	1	G	40000	0	100	100	100000	200000	200000	200000	200000	200000	200000	200000	200002
1	1	A	40000	0	100	100	100000	100000	100000	100000	100000	100000	100000	100000	100001
1	1	B	40000	0	100	100	100000	100000	100000	100000	100000	100000	100000	100000	100001
1	2	G	40000	100000	0	0	0	0	0	0	0	0	0	0	2
1	2	A	40000	100000	0	0	0	0	0	0	0	0	0	0	1
1	2	B	40000	100000	0	0	0	0	0	0	0	0	0	0	1
1	3	G	40000	100000	0	0	0	0	0	0	0	0	0	0	2
1	3	A	40000	100000	0	0	0	0	0	0	0	0	0	0	1
1	3	B	40000	100000	0	0	0	0	0	0	0	0	0	0	1
1	4	G	40000	73508	26.492	16.637	26492	12891	225	29	0	12054	567	17	12844
1	4	A	40000	78394	21.606	15.435	21606	6171	14	0	0	6140	0	17	6161
1	4	B	40000	75441	24.559	17.839	24559	6720	211	29	0	5914	567	0	6683
1	4	cSpy was 18 spamed and the readout avoided!
1	5	G	40000	0	100	100	100000	200000	200000	200000	200000	200000	200000	200000	200002
1	5	A	40000	0	100	100	100000	100000	100000	100000	100000	100000	100000	100000	100001
1	5	B	40000	0	100	100	100000	100000	100000	100000	100000	100000	100000	100000	100001
1	6	G	40000	100000	0	0	0	0	0	0	0	0	0	0	2
1	6	A	40000	100000	0	0	0	0	0	0	0	0	0	0	1
1	6	B	40000	100000	0	0	0	0	0	0	0	0	0	0	1
1	7	G	40000	100000	0	0	0	0	0	0	0	0	0	0	2
1	7	A	40000	100000	0	0	0	0	0	0	0	0	0	0	1
1	7	B	40000	100000	0	0	0	0	0	0	0	0	0	0	1
2	0	G	40000	8484	91.516	41.7965	91516	8290	145	0	0	7618	142	385	7965
2	0	A	40000	8504	91.496	83.52	91496	7976	145	0	0	7376	70	385	7650
2	0	B	40000	99613	0.387001	0.073	387	314	0	0	0	242	72	0	315
2	1	G	40000	100000	0	0	0	0	0	0	0	0	0	0	2
2	1	A	40000	100000	0	0	0	0	0	0	0	0	0	0	1
2	1	B	40000	100000	0	0	0	0	0	0	0	0	0	0	1
2	2	G	40000	98429	1.571	0.3425	1571	2456	0	0	0	2456	0	0	2458
2	2	A	40000	98429	1.571	0.343	1571	1228	0	0	0	1228	0	0	1229
2	2	B	40000	98430	1.57	0.342	1570	1228	0	0	0	1228	0	0	1229
2	3	G	40000	0	100	100	100000	200000	200000	200000	200000	200000	200000	200000	200002
2	3	A	40000	0	100	100	100000	100000	100000	100000	100000	100000	100000	100000	100001
2	3	B	40000	0	100	100	100000	100000	100000	100000	100000	100000	100000	100000	100001
2	4	G	40000	55122	44.878	18.3185	44878	28507	91	27	0	16465	11440	484	28442
2	4	A	40000	65033	34.967	20.911	34967	14056	13	6	0	8027	5537	473	14028
2	4	B	40000	69823	30.177	15.726	30177	14451	78	21	0	8438	5903	11	14414
2	4	cSpy was 12 spamed and the readout avoided!
2	5	G	40000	100000	0	0	0	0	0	0	0	0	0	0	2
2	5	A	40000	100000	0	0	0	0	0	0	0	0	0	0	1
2	5	B	40000	100000	0	0	0	0	0	0	0	0	0	0	1
2	6	G	40000	99998	0.00200272	0.001	2	2	0	0	0	2	0	0	4
2	6	A	40000	99998	0.00200272	0.001	2	1	0	0	0	1	0	0	2
2	6	B	40000	99998	0.00200272	0.001	2	1	0	0	0	1	0	0	2
2	7	G	40000	58581	41.419	26.552	41419	21958	731	56	0	20407	714	50	21723
2	7	A	40000	62264	37.736	27.273	37736	10463	370	6	0	9988	53	46	10344
2	7	B	40000	62674	37.326	25.831	37326	11495	361	50	0	10419	661	4	11379
2	7	cSpy was 90 spamed and the readout avoided!
3	0	G	40000	2042	97.958	61.9425	97958	11434	206	2	0	10774	150	302	11090
3	0	A	40000	2497	97.503	94.684	97503	2819	201	2	0	2185	129	302	2476
3	0	B	40000	62184	37.816	29.201	37816	8615	5	0	0	8589	21	0	8614
3	0	cSpy was 25 spamed and the readout avoided!
3	1	G	40000	16630	83.37	35.7925	83370	60876	0	0	0	60765	8	103	60782
3	1	A	40000	32124	67.876	42.029	67876	25847	0	0	0	25741	4	102	25752
3	1	B	40000	35415	64.585	29.556	64585	35029	0	0	0	35024	4	1	35030
3	1	cSpy was 1 spamed and the readout avoided!
3	2	G	40000	25143	74.857	56.9685	74857	29905	241	9	0	25057	4220	378	29541
3	2	A	40000	28206	71.794	56.788	71794	15006	118	0	0	11893	2724	271	14782
3	2	B	40000	27952	72.048	57.149	72048	14899	123	9	0	13164	1496	107	14759
3	2	cSpy was 6 spamed and the readout avoided!
3	3	G	40000	100000	0	0	0	0	0	0	0	0	0	0	2
3	3	A	40000	100000	0	0	0	0	0	0	0	0	0	0	1
3	3	B	40000	100000	0	0	0	0	0	0	0	0	0	0	1
3	4	G	40000	100000	0	0	0	0	0	0	0	0	0	0	2
3	4	A	40000	100000	0	0	0	0	0	0	0	0	0	0	1
3	4	B	40000	100000	0	0	0	0	0	0	0	0	0	0	1
3	5	G	40000	41081	58.919	23.5375	58919	43907	0	0	0	43707	132	68	43878
3	5	A	40000	53040	46.96	27.594	46960	19366	0	0	0	19299	0	67	19336
3	5	B	40000	55978	44.022	19.481	44022	24541	0	0	0	24408	132	1	24542
3	6	G	40000	6924	93.076	81.458	93076	17557	71	4	0	14512	2660	310	17357
3	6	A	40000	9811	90.189	81.33	90189	8859	40	2	0	6946	1576	295	8684
3	6	B	40000	9716	90.284	81.586	90284	8698	31	2	0	7566	1084	15	8673
3	6	cSpy was 2 spamed and the readout avoided!
3	7	G	40000	100000	0	0	0	0	0	0	0	0	0	0	2
3	7	A	40000	100000	0	0	0	0	0	0	0	0	0	0	1
3	7	B	40000	100000	0	0	0	0	0	0	0	0	0	0	1
4	0	G	40000	243	99.757	98.3935	99757	1800	133	0	0	918	306	443	1402
4	0	A	40000	709	99.291	98.383	99291	908	68	0	0	417	198	225	700
4	0	B	40000	704	99.296	98.404	99296	892	65	0	0	501	108	218	702
4	0	cSpy was 19 spamed and the readout avoided!
4	1	G	40000	99985	0.0150025	0.006	15	18	0	0	0	18	0	0	20
4	1	A	40000	99985	0.0150025	0.006	15	9	0	0	0	9	0	0	10
4	1	B	40000	99985	0.0150025	0.006	15	9	0	0	0	9	0	0	10
4	2	G	40000	100000	0	0	0	0	0	0	0	0	0	0	2
4	2	A	40000	100000	0	0	0	0	0	0	0	0	0	0	1
4	2	B	40000	100000	0	0	0	0	0	0	0	0	0	0	1
4	3	G	40000	87067	12.933	4.307	12933	10505	0	0	0	10467	24	14	10507
4	3	A	40000	89664	10.336	4.891	10336	5445	0	0	0	5424	7	14	5446
4	3	B	40000	91217	8.783	3.723	8783	5060	0	0	0	5043	17	0	5061
4	4	G	40000	750	99.25	96.0735	99250	4034	213	30	1	2478	1066	246	3714
4	4	A	40000	1752	98.248	96.445	98248	1803	75	1	0	1085	518	124	1657
4	4	B	40000	2067	97.933	95.702	97933	2231	138	29	1	1393	548	122	2057
4	5	G	40000	94151	5.849	1.848	5849	8002	0	0	0	7944	22	36	8004
4	5	A	40000	94151	5.849	1.848	5849	4001	0	0	0	3943	22	36	4002
4	5	B	40000	94151	5.849	1.848	5849	4001	0	0	0	4001	0	0	4002
4	6	G	40000	100000	0	0	0	0	0	0	0	0	0	0	2
4	6	A	40000	100000	0	0	0	0	0	0	0	0	0	0	1
4	6	B	40000	100000	0	0	0	0	0	0	0	0	0	0	1
4	7	G	40000	99861	0.138998	0.045	139	140	0	0	0	140	0	0	142
4	7	A	40000	99873	0.127	0.051	127	76	0	0	0	76	0	0	77
4	7	B	40000	99897	0.103003	0.039	103	64	0	0	0	64	0	0	65
5	0	G	40000	869	99.131	51.353	99131	8062	163	0	0	6906	394	599	7526
5	0	A	40000	934	99.066	97.595	99066	1471	163	0	0	330	379	599	934
5	0	B	40000	88298	11.702	5.111	11702	6591	0	0	0	6576	15	0	6592
5	0	cSpy was 24 spamed and the readout avoided!
5	1	G	40000	97615	2.385	0.8225	2385	1743	0	0	0	1722	17	4	1745
5	1	A	40000	98190	1.81	0.938	1810	872	0	0	0	860	8	4	873
5	1	B	40000	98422	1.578	0.707	1578	871	0	0	0	862	9	0	872
5	2	G	40000	23211	76.789	35.814	76789	47512	0	0	0	47268	149	95	47511
5	2	A	40000	35346	64.654	42.038	64654	22616	0	0	0	22493	28	95	22614
5	2	B	40000	45514	54.486	29.59	54486	24896	0	0	0	24775	121	0	24897
5	3	G	40000	15422	84.578	63.3045	84578	28570	37	1	0	23868	4464	200	28461
5	3	A	40000	22726	77.274	62.719	77274	14555	11	0	0	11672	2743	129	14497
5	3	B	40000	22095	77.905	63.89	77905	14015	26	1	0	12196	1721	71	13964
5	3	cSpy was 30 spamed and the readout avoided!
5	4	G	40000	100000	0	0	0	0	0	0	0	0	0	0	2
5	4	A	40000	100000	0	0	0	0	0	0	0	0	0	0	1
5	4	B	40000	100000	0	0	0	0	0	0	0	0	0	0	1
5	5	G	40000	100000	0	0	0	0	0	0	0	0	0	0	2
5	5	A	40000	100000	0	0	0	0	0	0	0	0	0	0	1
5	5	B	40000	100000	0	0	0	0	0	0	0	0	0	0	1
5	6	G	40000	44875	55.125	24.3905	55125	35149	0	0	0	33913	1163	73	35141
5	6	A	40000	54439	45.561	28.627	45561	16934	0	0	0	16557	305	72	16926
5	6	B	40000	61631	38.369	20.154	38369	18215	0	0	0	17356	858	1	18215
5	7	G	40000	2134	97.866	92.6475	97866	7513	406	15	0	4972	1473	647	6858
5	7	A	40000	3765	96.235	92.317	96235	3918	201	2	0	2393	875	447	3514
5	7	B	40000	3427	96.573	92.978	96573	3595	205	13	0	2579	598	200	3344
5	7	cSpy was 41 spamed and the readout avoided!
6	0	G	40000	920	99.08	57.5905	99080	14960	145	0	0	13895	568	352	14598
6	0	A	40000	1138	98.862	97.363	98862	1499	145	0	0	787	217	350	1136
6	0	B	40000	68721	31.279	17.818	31279	13461	0	0	0	13108	351	2	13462
6	0	cSpy was 11 spamed and the readout avoided!
6	1	G	40000	1648	98.352	93.4135	98352	6821	440	40	1	4601	1204	535	6149
6	1	A	40000	3461	96.539	92.869	96539	3670	221	1	0	2274	878	296	3306
6	1	B	40000	2891	97.109	93.958	97109	3151	219	39	1	2327	326	239	2843
6	1	cSpy was 13 spamed and the readout avoided!
6	2	G	40000	99944	0.0559986	0.012	56	88	0	0	0	87	0	1	90
6	2	A	40000	99944	0.0559986	0.012	56	44	0	0	0	43	0	1	45
6	2	B	40000	99944	0.0559986	0.012	56	44	0	0	0	44	0	0	45
6	3	G	40000	100000	0	0	0	0	0	0	0	0	0	0	2
6	3	A	40000	100000	0	0	0	0	0	0	0	0	0	0	1
6	3	B	40000	100000	0	0	0	0	0	0	0	0	0	0	1
6	4	G	40000	98040	1.96	0.6665	1960	2062	0	0	0	2053	0	9	2064
6	4	A	40000	98178	1.822	0.734	1822	1088	0	0	0	1079	0	9	1089
6	4	B	40000	98427	1.573	0.599	1573	974	0	0	0	974	0	0	975
6	5	G	40000	121	99.879	98.9145	99879	1269	69	0	0	166	570	464	900
6	5	A	40000	511	99.489	98.906	99489	583	12	0	0	36	449	86	509
6	5	B	40000	391	99.609	98.923	99609	686	57	0	0	130	121	378	391
6	5	cSpy was 13 spamed and the readout avoided!
6	6	G	40000	83461	16.539	3.3705	16539	23228	0	0	0	22783	366	79	23230
6	6	A	40000	85120	14.88	3.247	14880	11633	0	0	0	11229	330	74	11634
6	6	B	40000	84911	15.089	3.494	15089	11595	0	0	0	11554	36	5	11596
6	7	G	40000	100000	0	0	0	0	0	0	0	0	0	0	2
6	7	A	40000	100000	0	0	0	0	0	0	0	0	0	0	1
6	7	B	40000	100000	0	0	0	0	0	0	0	0	0	0	1
7	0	G	40000	1044	98.956	92.7215	98956	7408	356	7	0	6434	284	327	6963
7	0	A	40000	2099	97.901	95.509	97901	2392	179	2	0	1825	118	268	2084
7	0	B	40000	5050	94.95	89.934	94950	5016	177	5	0	4609	166	59	4879
7	0	cSpy was 33 spamed and the readout avoided!
7	1	G	40000	100000	0	0	0	0	0	0	0	0	0	0	2
7	1	A	40000	100000	0	0	0	0	0	0	0	0	0	0	1
7	1	B	40000	100000	0	0	0	0	0	0	0	0	0	0	1
7	2	G	40000	100000	0	0	0	0	0	0	0	0	0	0	2
7	2	A	40000	100000	0	0	0	0	0	0	0	0	0	0	1
7	2	B	40000	100000	0	0	0	0	0	0	0	0	0	0	1
7	3	G	40000	68576	31.424	18.461	31424	25523	0	0	0	25335	67	121	25511
7	3	A	40000	68847	31.153	18.461	31153	12692	0	0	0	12522	49	121	12679
7	3	B	40000	68708	31.292	18.461	31292	12831	0	0	0	12813	18	0	12832
7	4	G	40000	0	100	100	100000	200000	200000	200000	200000	200000	200000	200000	200002
7	4	A	40000	0	100	100	100000	100000	100000	100000	100000	100000	100000	100000	100001
7	4	B	40000	0	100	100	100000	100000	100000	100000	100000	100000	100000	100000	100001
7	5	G	40000	100000	0	0	0	0	0	0	0	0	0	0	2
7	5	A	40000	100000	0	0	0	0	0	0	0	0	0	0	1
7	5	B	40000	100000	0	0	0	0	0	0	0	0	0	0	1
7	6	G	40000	100000	0	0	0	0	0	0	0	0	0	0	2
7	6	A	40000	100000	0	0	0	0	0	0	0	0	0	0	1
7	6	B	40000	100000	0	0	0	0	0	0	0	0	0	0	1
7	7	G	40000	98035	1.965	0.5715	1965	2681	0	0	0	2670	5	6	2682
7	7	A	40000	98088	1.912	0.572	1912	1340	0	0	0	1332	2	6	1340
7	7	B	40000	98088	1.912	0.571	1912	1341	0	0	0	1338	3	0	1342
