#the gain was set to: 2	the bias was set to: 30
#Sent triggers per delay setting: 100000	and with a frequency [Hz] of: 40000
#160MHz delay setting	400MHz delay setting	Frequency	correct transmitted H+T		error rate [%]	uncertainty [%]	bad or missed events	error count	missing headers	missing trailers	flipped H/T	event nr errors	tbm missed trigger	unknown errors	event nr resets
0	0	G	40000	532	99.468	56.598	99468	14913	137	0	0	12162	1774	840	14383
0	0	A	40000	639	99.361	98.192	99361	1169	137	0	0	117	77	838	639
0	0	B	40000	71252	28.748	15.004	28748	13744	0	0	0	12045	1697	2	13744
0	0	cSpy was 49 spamed and the readout avoided!
0	1	G	40000	99999	0.00100136	0	1	2	0	0	0	2	0	0	4
0	1	A	40000	99999	0.00100136	0	1	1	0	0	0	1	0	0	2
0	1	B	40000	99999	0.00100136	0	1	1	0	0	0	1	0	0	2
0	2	G	40000	0	100	100	100000	200000	200000	200000	200000	200000	200000	200000	200002
0	2	A	40000	0	100	100	100000	100000	100000	100000	100000	100000	100000	100000	100001
0	2	B	40000	0	100	100	100000	100000	100000	100000	100000	100000	100000	100000	100001
0	3	G	40000	38160	61.84	35.5695	61840	33413	297	61	1	27406	4972	677	32975
0	3	A	40000	46454	53.546	38.265	53546	15281	130	20	0	12151	2365	615	15001
0	3	B	40000	48994	51.006	32.874	51006	18132	167	41	1	15255	2607	62	17974
0	3	cSpy was 33 spamed and the readout avoided!
0	4	G	40000	100000	0	0	0	0	0	0	0	0	0	0	2
0	4	A	40000	100000	0	0	0	0	0	0	0	0	0	0	1
0	4	B	40000	100000	0	0	0	0	0	0	0	0	0	0	1
0	5	G	40000	100000	0	0	0	0	0	0	0	0	0	0	2
0	5	A	40000	100000	0	0	0	0	0	0	0	0	0	0	1
0	5	B	40000	100000	0	0	0	0	0	0	0	0	0	0	1
0	6	G	40000	66097	33.903	20.5565	33903	17018	451	24	1	15891	582	69	16862
0	6	A	40000	73796	26.204	17.779	26204	8425	86	0	0	8269	5	65	8352
0	6	B	40000	68073	31.927	23.334	31927	8593	365	24	1	7622	577	4	8510
0	6	cSpy was 22 spamed and the readout avoided!
0	7	G	40000	0	100	100	100000	200000	200000	200000	200000	200000	200000	200000	200002
0	7	A	40000	0	100	100	100000	100000	100000	100000	100000	100000	100000	100000	100001
0	7	B	40000	0	100	100	100000	100000	100000	100000	100000	100000	100000	100000	100001
1	0	G	40000	1170	98.83	85.5175	98830	13802	261	7	0	12805	265	465	13337
1	0	A	40000	2215	97.785	95.295	97785	2490	131	0	0	1998	51	310	2185
1	0	B	40000	12948	87.052	75.74	87052	11312	130	7	0	10807	214	155	11152
1	0	cSpy was 17 spamed and the readout avoided!
1	1	G	40000	1183	98.817	95.0825	98817	5037	17	0	0	4086	108	826	4620
1	1	A	40000	2556	97.444	94.573	97444	2871	14	0	0	1992	54	811	2463
1	1	B	40000	2242	97.758	95.592	97758	2166	3	0	0	2094	54	15	2157
1	1	cSpy was 1 spamed and the readout avoided!
1	2	G	40000	100000	0	0	0	0	0	0	0	0	0	0	2
1	2	A	40000	100000	0	0	0	0	0	0	0	0	0	0	1
1	2	B	40000	100000	0	0	0	0	0	0	0	0	0	0	1
1	3	G	40000	100000	0	0	0	0	0	0	0	0	0	0	2
1	3	A	40000	100000	0	0	0	0	0	0	0	0	0	0	1
1	3	B	40000	100000	0	0	0	0	0	0	0	0	0	0	1
1	4	G	40000	83	99.917	99.413	99917	836	6	0	0	192	0	638	335
1	4	A	40000	142	99.858	99.396	99858	462	3	0	0	57	0	402	141
1	4	B	40000	196	99.804	99.43	99804	374	3	0	0	135	0	236	194
1	5	G	40000	0	100	100	100000	200000	200000	200000	200000	200000	200000	200000	200002
1	5	A	40000	0	100	100	100000	100000	100000	100000	100000	100000	100000	100000	100001
1	5	B	40000	0	100	100	100000	100000	100000	100000	100000	100000	100000	100000	100001
1	6	G	40000	100000	0	0	0	0	0	0	0	0	0	0	2
1	6	A	40000	100000	0	0	0	0	0	0	0	0	0	0	1
1	6	B	40000	100000	0	0	0	0	0	0	0	0	0	0	1
1	7	G	40000	100000	0	0	0	0	0	0	0	0	0	0	2
1	7	A	40000	100000	0	0	0	0	0	0	0	0	0	0	1
1	7	B	40000	100000	0	0	0	0	0	0	0	0	0	0	1
2	0	G	40000	8564	91.436	41.752	91436	8164	108	0	0	7561	131	364	7873
2	0	A	40000	8580	91.42	83.44	91420	7980	108	0	0	7459	49	364	7688
2	0	B	40000	99752	0.247997	0.064	248	184	0	0	0	102	82	0	185
2	1	G	40000	100000	0	0	0	0	0	0	0	0	0	0	2
2	1	A	40000	100000	0	0	0	0	0	0	0	0	0	0	1
2	1	B	40000	100000	0	0	0	0	0	0	0	0	0	0	1
2	2	G	40000	99250	0.749999	0.1665	750	1166	0	0	0	1166	0	0	1168
2	2	A	40000	99250	0.749999	0.167	750	583	0	0	0	583	0	0	584
2	2	B	40000	99251	0.748998	0.166	749	583	0	0	0	583	0	0	584
2	3	G	40000	16	99.984	99.3865	99984	686	31	0	0	259	213	183	541
2	3	A	40000	34	99.966	99.91	99966	56	0	0	0	9	10	37	34
2	3	B	40000	507	99.493	98.863	99493	630	31	0	0	250	203	146	507
2	3	cSpy was 70 spamed and the readout avoided!
2	4	G	40000	60875	39.125	16.1815	39125	24689	98	29	1	14032	10085	445	24610
2	4	A	40000	69438	30.562	18.399	30562	12163	19	2	0	6834	4878	430	12128
2	4	B	40000	73510	26.49	13.964	26490	12526	79	27	1	7198	5207	15	12482
2	4	cSpy was 15 spamed and the readout avoided!
2	5	G	40000	100000	0	0	0	0	0	0	0	0	0	0	2
2	5	A	40000	100000	0	0	0	0	0	0	0	0	0	0	1
2	5	B	40000	100000	0	0	0	0	0	0	0	0	0	0	1
2	6	G	40000	99999	0.00100136	0	1	2	0	0	0	2	0	0	4
2	6	A	40000	99999	0.00100136	0	1	1	0	0	0	1	0	0	2
2	6	B	40000	99999	0.00100136	0	1	1	0	0	0	1	0	0	2
2	7	G	40000	60682	39.318	24.9195	39318	21511	619	55	1	20133	657	46	21321
2	7	A	40000	64092	35.908	25.615	35908	10293	316	9	0	9877	50	41	10199
2	7	B	40000	64558	35.442	24.224	35442	11218	303	46	1	10256	607	5	11122
2	7	cSpy was 77 spamed and the readout avoided!
3	0	G	40000	1845	98.155	69.6785	98155	19645	224	4	0	18992	133	292	19291
3	0	A	40000	2680	97.32	94.315	97320	3005	223	4	0	2354	132	292	2651
3	0	B	40000	38318	61.682	45.042	61682	16640	1	0	0	16638	1	0	16640
3	0	cSpy was 32 spamed and the readout avoided!
3	1	G	40000	0	100	100	100000	200000	200000	200000	200000	200000	200000	200000	200002
3	1	A	40000	0	100	100	100000	100000	100000	100000	100000	100000	100000	100000	100001
3	1	B	40000	0	100	100	100000	100000	100000	100000	100000	100000	100000	100000	100001
3	2	G	40000	3598	96.402	87.74	96402	11463	139	1	0	9339	1398	586	11083
3	2	A	40000	6412	93.588	87.865	93588	5723	36	0	0	4469	704	514	5436
3	2	B	40000	6645	93.355	87.615	93355	5740	103	1	0	4870	694	72	5647
3	2	cSpy was 3 spamed and the readout avoided!
3	3	G	40000	100000	0	0	0	0	0	0	0	0	0	0	2
3	3	A	40000	100000	0	0	0	0	0	0	0	0	0	0	1
3	3	B	40000	100000	0	0	0	0	0	0	0	0	0	0	1
3	4	G	40000	99970	0.029999	0.012	30	35	0	0	0	34	0	1	37
3	4	A	40000	99970	0.029999	0.012	30	18	0	0	0	17	0	1	19
3	4	B	40000	99971	0.0289977	0.012	29	17	0	0	0	17	0	0	18
3	5	G	40000	18307	81.693	71.2345	81693	16450	11	0	0	15651	24	764	16003
3	5	A	40000	20548	79.452	71.054	79452	8398	6	0	0	7683	13	696	7994
3	5	B	40000	20533	79.467	71.415	79467	8052	5	0	0	7968	11	68	8009
3	5	cSpy was 57 spamed and the readout avoided!
3	6	G	40000	0	100	100	100000	200000	200000	200000	200000	200000	200000	200000	200002
3	6	A	40000	0	100	100	100000	100000	100000	100000	100000	100000	100000	100000	100001
3	6	B	40000	0	100	100	100000	100000	100000	100000	100000	100000	100000	100000	100001
3	7	G	40000	100000	0	0	0	0	0	0	0	0	0	0	2
3	7	A	40000	100000	0	0	0	0	0	0	0	0	0	0	1
3	7	B	40000	100000	0	0	0	0	0	0	0	0	0	0	1
4	0	G	40000	176	99.824	98.695	99824	1474	125	0	0	668	285	396	1115
4	0	A	40000	605	99.395	98.639	99395	756	54	0	0	298	204	200	584
4	0	B	40000	531	99.469	98.751	99469	718	71	0	0	370	81	196	531
4	0	cSpy was 31 spamed and the readout avoided!
4	1	G	40000	99992	0.00799894	0.004	8	8	0	0	0	8	0	0	10
4	1	A	40000	99992	0.00799894	0.004	8	4	0	0	0	4	0	0	5
4	1	B	40000	99992	0.00799894	0.004	8	4	0	0	0	4	0	0	5
4	2	G	40000	100000	0	0	0	0	0	0	0	0	0	0	2
4	2	A	40000	100000	0	0	0	0	0	0	0	0	0	0	1
4	2	B	40000	100000	0	0	0	0	0	0	0	0	0	0	1
4	3	G	40000	98383	1.617	0.523	1617	2059	0	0	0	2048	3	8	2061
4	3	A	40000	98447	1.553	0.523	1553	1030	0	0	0	1020	2	8	1031
4	3	B	40000	98448	1.552	0.523	1552	1029	0	0	0	1028	1	0	1030
4	4	G	40000	0	100	100	100000	200000	200000	200000	200000	200000	200000	200000	200002
4	4	A	40000	0	100	100	100000	100000	100000	100000	100000	100000	100000	100000	100001
4	4	B	40000	0	100	100	100000	100000	100000	100000	100000	100000	100000	100000	100001
4	5	G	40000	86922	13.078	7.189	13078	11625	0	0	0	11215	338	72	11607
4	5	A	40000	86983	13.017	7.189	13017	5828	0	0	0	5499	259	70	5810
4	5	B	40000	87014	12.986	7.189	12986	5797	0	0	0	5716	79	2	5797
4	6	G	40000	100000	0	0	0	0	0	0	0	0	0	0	2
4	6	A	40000	100000	0	0	0	0	0	0	0	0	0	0	1
4	6	B	40000	100000	0	0	0	0	0	0	0	0	0	0	1
4	7	G	40000	100000	0	0	0	0	0	0	0	0	0	0	2
4	7	A	40000	100000	0	0	0	0	0	0	0	0	0	0	1
4	7	B	40000	100000	0	0	0	0	0	0	0	0	0	0	1
5	0	G	40000	877	99.123	51.22	99123	7821	172	0	0	6660	405	584	7282
5	0	A	40000	936	99.064	97.588	99064	1476	172	0	0	329	391	584	936
5	0	B	40000	88803	11.197	4.852	11197	6345	0	0	0	6331	14	0	6346
5	0	cSpy was 30 spamed and the readout avoided!
5	1	G	40000	100000	0	0	0	0	0	0	0	0	0	0	2
5	1	A	40000	100000	0	0	0	0	0	0	0	0	0	0	1
5	1	B	40000	100000	0	0	0	0	0	0	0	0	0	0	1
5	2	G	40000	67531	32.469	19.254	32469	25984	0	0	0	25838	24	122	25983
5	2	A	40000	67750	32.25	19.26	32250	12990	0	0	0	12856	13	121	12988
5	2	B	40000	67758	32.242	19.248	32242	12994	0	0	0	12982	11	1	12995
5	3	G	40000	1836	98.164	90.501	98164	9347	157	2	0	6896	1709	583	8949
5	3	A	40000	6255	93.745	87.739	93745	6006	34	2	0	4190	1344	436	5764
5	3	B	40000	3396	96.604	93.263	96604	3341	123	0	0	2706	365	147	3185
5	3	cSpy was 37 spamed and the readout avoided!
5	4	G	40000	100000	0	0	0	0	0	0	0	0	0	0	2
5	4	A	40000	100000	0	0	0	0	0	0	0	0	0	0	1
5	4	B	40000	100000	0	0	0	0	0	0	0	0	0	0	1
5	5	G	40000	100000	0	0	0	0	0	0	0	0	0	0	2
5	5	A	40000	100000	0	0	0	0	0	0	0	0	0	0	1
5	5	B	40000	100000	0	0	0	0	0	0	0	0	0	0	1
5	6	G	40000	70278	29.722	17.232	29722	24520	0	0	0	24257	145	118	24496
5	6	A	40000	70586	29.414	17.232	29414	12182	0	0	0	11976	88	118	12157
5	6	B	40000	70430	29.57	17.232	29570	12338	0	0	0	12281	57	0	12339
5	7	G	40000	0	100	100	100000	200000	200000	200000	200000	200000	200000	200000	200002
5	7	A	40000	0	100	100	100000	100000	100000	100000	100000	100000	100000	100000	100001
5	7	B	40000	0	100	100	100000	100000	100000	100000	100000	100000	100000	100000	100001
6	0	G	40000	967	99.033	55.6055	99033	13407	145	1	0	12363	490	408	13014
6	0	A	40000	1156	98.844	97.301	98844	1543	144	0	0	752	251	396	1154
6	0	B	40000	74226	25.774	13.91	25774	11864	1	1	0	11611	239	12	11860
6	0	cSpy was 17 spamed and the readout avoided!
6	1	G	40000	0	100	100	100000	200000	200000	200000	200000	200000	200000	200000	200002
6	1	A	40000	0	100	100	100000	100000	100000	100000	100000	100000	100000	100000	100001
6	1	B	40000	0	100	100	100000	100000	100000	100000	100000	100000	100000	100000	100001
6	2	G	40000	99795	0.204998	0.092	205	226	0	0	0	226	0	0	228
6	2	A	40000	99795	0.204998	0.092	205	113	0	0	0	113	0	0	114
6	2	B	40000	99795	0.204998	0.092	205	113	0	0	0	113	0	0	114
6	3	G	40000	100000	0	0	0	0	0	0	0	0	0	0	2
6	3	A	40000	100000	0	0	0	0	0	0	0	0	0	0	1
6	3	B	40000	100000	0	0	0	0	0	0	0	0	0	0	1
6	4	G	40000	96821	3.179	1.055	3179	4028	0	0	0	4005	14	9	4029
6	4	A	40000	96930	3.07	1.055	3070	2015	0	0	0	1998	8	9	2015
6	4	B	40000	96932	3.068	1.055	3068	2013	0	0	0	2007	6	0	2014
6	5	G	40000	0	100	100	100000	200000	200000	200000	200000	200000	200000	200000	200002
6	5	A	40000	0	100	100	100000	100000	100000	100000	100000	100000	100000	100000	100001
6	5	B	40000	0	100	100	100000	100000	100000	100000	100000	100000	100000	100000	100001
6	6	G	40000	25657	74.343	49.05	74343	43366	121	0	0	40862	1526	857	42919
6	6	A	40000	29123	70.877	48.932	70877	21945	62	0	0	20410	736	737	21569
6	6	B	40000	29411	70.589	49.168	70589	21421	59	0	0	20452	790	120	21350
6	7	G	40000	100000	0	0	0	0	0	0	0	0	0	0	2
6	7	A	40000	100000	0	0	0	0	0	0	0	0	0	0	1
6	7	B	40000	100000	0	0	0	0	0	0	0	0	0	0	1
7	0	G	40000	1109	98.891	92.3835	98891	7762	399	5	0	6628	367	363	7262
7	0	A	40000	2294	97.706	95.088	97706	2618	192	2	0	1979	155	290	2269
7	0	B	40000	5177	94.823	89.679	94823	5144	207	3	0	4649	212	73	4993
7	0	cSpy was 38 spamed and the readout avoided!
7	1	G	40000	100000	0	0	0	0	0	0	0	0	0	0	2
7	1	A	40000	100000	0	0	0	0	0	0	0	0	0	0	1
7	1	B	40000	100000	0	0	0	0	0	0	0	0	0	0	1
7	2	G	40000	100000	0	0	0	0	0	0	0	0	0	0	2
7	2	A	40000	100000	0	0	0	0	0	0	0	0	0	0	1
7	2	B	40000	100000	0	0	0	0	0	0	0	0	0	0	1
7	3	G	40000	68746	31.254	18.381	31254	25331	0	0	0	25153	54	124	25316
7	3	A	40000	69038	30.962	18.381	30962	12581	0	0	0	12423	34	124	12565
7	3	B	40000	68869	31.131	18.381	31131	12750	0	0	0	12730	20	0	12751
7	4	G	40000	1244	98.756	94.86	98756	5293	175	4	0	3572	698	844	4689
7	4	A	40000	3089	96.911	93.68	96911	3231	101	3	0	2170	448	509	2893
7	4	B	40000	1898	98.102	96.04	98102	2062	74	1	0	1402	250	335	1796
7	4	cSpy was 94 spamed and the readout avoided!
7	5	G	40000	100000	0	0	0	0	0	0	0	0	0	0	2
7	5	A	40000	100000	0	0	0	0	0	0	0	0	0	0	1
7	5	B	40000	100000	0	0	0	0	0	0	0	0	0	0	1
7	6	G	40000	100000	0	0	0	0	0	0	0	0	0	0	2
7	6	A	40000	100000	0	0	0	0	0	0	0	0	0	0	1
7	6	B	40000	100000	0	0	0	0	0	0	0	0	0	0	1
7	7	G	40000	83587	16.413	7.35	16413	17553	0	0	0	17136	356	61	17536
7	7	A	40000	83885	16.115	7.35	16115	8765	0	0	0	8483	222	60	8747
7	7	B	40000	83862	16.138	7.35	16138	8788	0	0	0	8653	134	1	8789
