#the gain was set to: 2	the bias was set to: 30
#Sent triggers per delay setting: 100000	and with a frequency [Hz] of: 40000
#160MHz delay setting	400MHz delay setting	Frequency	correct transmitted H+T		error rate [%]	uncertainty [%]	bad or missed events	error count	missing headers	missing trailers	flipped H/T	event nr errors	tbm missed trigger	unknown errors	event nr resets
0	0	G	40000	421	99.579	61.296	99579	19166	156	0	0	16239	1933	838	18609
0	0	A	40000	599	99.401	98.245	99401	1156	156	0	0	53	109	838	599
0	0	B	40000	57643	42.357	24.347	42357	18010	0	0	0	16186	1824	0	18010
0	0	cSpy was 75 spamed and the readout avoided!
0	1	G	40000	54553	45.447	19.5935	45447	30644	0	0	0	30417	200	27	30643
0	1	A	40000	66563	33.437	17.586	33437	15851	0	0	0	15667	157	27	15849
0	1	B	40000	63606	36.394	21.601	36394	14793	0	0	0	14750	43	0	14794
0	2	G	40000	0	100	100	100000	200000	200000	200000	200000	200000	200000	200000	200002
0	2	A	40000	0	100	100	100000	100000	100000	100000	100000	100000	100000	100000	100001
0	2	B	40000	0	100	100	100000	100000	100000	100000	100000	100000	100000	100000	100001
0	3	G	40000	99259	0.740999	0.4	741	682	0	0	0	682	0	0	684
0	3	A	40000	99259	0.740999	0.4	741	341	0	0	0	341	0	0	342
0	3	B	40000	99259	0.740999	0.4	741	341	0	0	0	341	0	0	342
0	4	G	40000	100000	0	0	0	0	0	0	0	0	0	0	2
0	4	A	40000	100000	0	0	0	0	0	0	0	0	0	0	1
0	4	B	40000	100000	0	0	0	0	0	0	0	0	0	0	1
0	5	G	40000	97931	2.069	0.671	2069	1770	0	0	0	1759	7	4	1772
0	5	A	40000	98616	1.384	0.502	1384	882	0	0	0	873	5	4	883
0	5	B	40000	98272	1.728	0.84	1728	888	0	0	0	886	2	0	889
0	6	G	40000	0	100	100	100000	200000	200000	200000	200000	200000	200000	200000	200002
0	6	A	40000	0	100	100	100000	100000	100000	100000	100000	100000	100000	100000	100001
0	6	B	40000	0	100	100	100000	100000	100000	100000	100000	100000	100000	100000	100001
0	7	G	40000	53197	46.803	20.8565	46803	39396	11	0	0	35663	3528	194	39344
0	7	A	40000	59288	40.712	21.047	40712	19665	3	0	0	17675	1795	192	19617
0	7	B	40000	59603	40.397	20.666	40397	19731	8	0	0	17988	1733	2	19727
1	0	G	40000	404	99.596	97.345	99596	2794	214	0	0	1959	376	245	2503
1	0	A	40000	947	99.053	97.977	99053	1076	47	0	0	667	225	137	945
1	0	B	40000	1569	98.431	96.713	98431	1718	167	0	0	1292	151	108	1558
1	0	cSpy was 19 spamed and the readout avoided!
1	1	G	40000	41093	58.907	38.8865	58907	26236	329	63	1	23499	1695	650	25651
1	1	A	40000	46488	53.512	41.695	53512	11817	177	36	1	10329	714	560	11372
1	1	B	40000	49503	50.497	36.078	50497	14419	152	27	0	13170	981	90	14279
1	1	cSpy was 32 spamed and the readout avoided!
1	2	G	40000	100000	0	0	0	0	0	0	0	0	0	0	2
1	2	A	40000	100000	0	0	0	0	0	0	0	0	0	0	1
1	2	B	40000	100000	0	0	0	0	0	0	0	0	0	0	1
1	3	G	40000	100000	0	0	0	0	0	0	0	0	0	0	2
1	3	A	40000	100000	0	0	0	0	0	0	0	0	0	0	1
1	3	B	40000	100000	0	0	0	0	0	0	0	0	0	0	1
1	4	G	40000	65193	34.807	21.1575	34807	17812	429	23	1	16680	608	72	17656
1	4	A	40000	72458	27.542	18.742	27542	8800	82	0	0	8637	13	68	8730
1	4	B	40000	67415	32.585	23.573	32585	9012	347	23	1	8043	595	4	8926
1	4	cSpy was 23 spamed and the readout avoided!
1	5	G	40000	0	100	100	100000	200000	200000	200000	200000	200000	200000	200000	200002
1	5	A	40000	0	100	100	100000	100000	100000	100000	100000	100000	100000	100000	100001
1	5	B	40000	0	100	100	100000	100000	100000	100000	100000	100000	100000	100000	100001
1	6	G	40000	100000	0	0	0	0	0	0	0	0	0	0	2
1	6	A	40000	100000	0	0	0	0	0	0	0	0	0	0	1
1	6	B	40000	100000	0	0	0	0	0	0	0	0	0	0	1
1	7	G	40000	100000	0	0	0	0	0	0	0	0	0	0	2
1	7	A	40000	100000	0	0	0	0	0	0	0	0	0	0	1
1	7	B	40000	100000	0	0	0	0	0	0	0	0	0	0	1
2	0	G	40000	5299	94.701	44.7275	94701	5816	148	0	0	5016	227	425	5466
2	0	A	40000	5320	94.68	89.282	94680	5398	148	0	0	4780	45	425	5047
2	0	B	40000	99409	0.590998	0.173	591	418	0	0	0	236	182	0	419
2	1	G	40000	100000	0	0	0	0	0	0	0	0	0	0	2
2	1	A	40000	100000	0	0	0	0	0	0	0	0	0	0	1
2	1	B	40000	100000	0	0	0	0	0	0	0	0	0	0	1
2	2	G	40000	85935	14.065	6.5775	14065	13938	2	4	0	13913	4	15	13931
2	2	A	40000	86451	13.549	6.645	13549	6904	1	1	0	6898	0	4	6901
2	2	B	40000	86456	13.544	6.51	13544	7034	1	3	0	7015	4	11	7030
2	3	G	40000	0	100	100	100000	200000	200000	200000	200000	200000	200000	200000	200002
2	3	A	40000	0	100	100	100000	100000	100000	100000	100000	100000	100000	100000	100001
2	3	B	40000	0	100	100	100000	100000	100000	100000	100000	100000	100000	100000	100001
2	4	G	40000	100000	0	0	0	0	0	0	0	0	0	0	2
2	4	A	40000	100000	0	0	0	0	0	0	0	0	0	0	1
2	4	B	40000	100000	0	0	0	0	0	0	0	0	0	0	1
2	5	G	40000	100000	0	0	0	0	0	0	0	0	0	0	2
2	5	A	40000	100000	0	0	0	0	0	0	0	0	0	0	1
2	5	B	40000	100000	0	0	0	0	0	0	0	0	0	0	1
2	6	G	40000	99315	0.685	0.1385	685	1092	0	0	0	1092	0	0	1094
2	6	A	40000	99315	0.685	0.139	685	546	0	0	0	546	0	0	547
2	6	B	40000	99316	0.683999	0.138	684	546	0	0	0	546	0	0	547
2	7	G	40000	0	100	100	100000	200000	200000	200000	200000	200000	200000	200000	200002
2	7	A	40000	0	100	100	100000	100000	100000	100000	100000	100000	100000	100000	100001
2	7	B	40000	0	100	100	100000	100000	100000	100000	100000	100000	100000	100000	100001
3	0	G	40000	1262	98.738	69.618	98738	14794	256	2	0	13898	257	381	14357
3	0	A	40000	1723	98.277	96.127	98277	2150	249	2	0	1304	214	381	1717
3	0	B	40000	44247	55.753	43.109	55753	12644	7	0	0	12594	43	0	12640
3	0	cSpy was 38 spamed and the readout avoided!
3	1	G	40000	2981	97.019	87.7595	97019	11699	37	1	0	10910	611	140	11574
3	1	A	40000	5839	94.161	89.428	94161	4733	0	0	0	4578	108	47	4696
3	1	B	40000	6943	93.057	86.091	93057	6966	37	1	0	6332	503	93	6878
3	2	G	40000	80185	19.815	4.454	19815	30691	0	0	0	29960	637	94	30692
3	2	A	40000	80202	19.798	4.454	19798	15344	0	0	0	14734	521	89	15344
3	2	B	40000	80199	19.801	4.454	19801	15347	0	0	0	15226	116	5	15348
3	3	G	40000	100000	0	0	0	0	0	0	0	0	0	0	2
3	3	A	40000	100000	0	0	0	0	0	0	0	0	0	0	1
3	3	B	40000	100000	0	0	0	0	0	0	0	0	0	0	1
3	4	G	40000	100000	0	0	0	0	0	0	0	0	0	0	2
3	4	A	40000	100000	0	0	0	0	0	0	0	0	0	0	1
3	4	B	40000	100000	0	0	0	0	0	0	0	0	0	0	1
3	5	G	40000	16329	83.671	36.2915	83671	60431	0	0	0	60306	24	101	60337
3	5	A	40000	31695	68.305	42.532	68305	25773	0	0	0	25655	17	101	25679
3	5	B	40000	35291	64.709	30.051	64709	34658	0	0	0	34651	7	0	34658
3	6	G	40000	40348	59.652	30.9515	59652	51783	37	0	0	45098	6520	128	51711
3	6	A	40000	43234	56.766	30.901	56766	25865	21	0	0	21514	4202	128	25807
3	6	B	40000	43080	56.92	31.002	56920	25918	16	0	0	23584	2318	0	25904
3	7	G	40000	100000	0	0	0	0	0	0	0	0	0	0	2
3	7	A	40000	100000	0	0	0	0	0	0	0	0	0	0	1
3	7	B	40000	100000	0	0	0	0	0	0	0	0	0	0	1
4	0	G	40000	263	99.737	94.4375	99737	3802	202	0	0	2580	350	670	3190
4	0	A	40000	789	99.211	98.032	99211	1179	112	0	0	488	139	440	781
4	0	B	40000	6534	93.466	90.843	93466	2623	90	0	0	2092	211	230	2409
4	0	cSpy was 76 spamed and the readout avoided!
4	1	G	40000	100000	0	0	0	0	0	0	0	0	0	0	2
4	1	A	40000	100000	0	0	0	0	0	0	0	0	0	0	1
4	1	B	40000	100000	0	0	0	0	0	0	0	0	0	0	1
4	2	G	40000	100000	0	0	0	0	0	0	0	0	0	0	2
4	2	A	40000	100000	0	0	0	0	0	0	0	0	0	0	1
4	2	B	40000	100000	0	0	0	0	0	0	0	0	0	0	1
4	3	G	40000	36924	63.076	26.302	63076	41209	0	0	0	39627	1500	82	41188
4	3	A	40000	49248	50.752	30.731	50752	20021	0	0	0	19385	556	80	19999
4	3	B	40000	56939	43.061	21.873	43061	21188	0	0	0	20242	944	2	21189
4	4	G	40000	1680	98.32	93.0465	98320	7104	333	21	0	4294	1869	587	6538
4	4	A	40000	3317	96.683	93.214	96683	3469	157	2	0	1850	1061	399	3121
4	4	B	40000	3486	96.514	92.879	96514	3635	176	19	0	2444	808	188	3417
4	4	cSpy was 26 spamed and the readout avoided!
4	5	G	40000	100000	0	0	0	0	0	0	0	0	0	0	2
4	5	A	40000	100000	0	0	0	0	0	0	0	0	0	0	1
4	5	B	40000	100000	0	0	0	0	0	0	0	0	0	0	1
4	6	G	40000	100000	0	0	0	0	0	0	0	0	0	0	2
4	6	A	40000	100000	0	0	0	0	0	0	0	0	0	0	1
4	6	B	40000	100000	0	0	0	0	0	0	0	0	0	0	1
4	7	G	40000	98774	1.226	0.444	1226	1209	0	0	0	1205	0	4	1211
4	7	A	40000	98856	1.144	0.496	1144	648	0	0	0	644	0	4	649
4	7	B	40000	99047	0.953001	0.392	953	561	0	0	0	561	0	0	562
5	0	G	40000	649	99.351	53.734	99351	11999	139	0	0	10812	340	708	11417
5	0	A	40000	746	99.254	97.925	99254	1329	139	0	0	198	284	708	746
5	0	B	40000	79787	20.213	9.543	20213	10670	0	0	0	10614	56	0	10671
5	0	cSpy was 40 spamed and the readout avoided!
5	1	G	40000	98102	1.898	0.869	1898	1988	0	0	0	1942	41	5	1988
5	1	A	40000	98142	1.858	0.869	1858	989	0	0	0	958	26	5	988
5	1	B	40000	98132	1.868	0.869	1868	999	0	0	0	984	15	0	1000
5	2	G	40000	0	100	100	100000	200000	200000	200000	200000	200000	200000	200000	200002
5	2	A	40000	0	100	100	100000	100000	100000	100000	100000	100000	100000	100000	100001
5	2	B	40000	0	100	100	100000	100000	100000	100000	100000	100000	100000	100000	100001
5	3	G	40000	19802	80.198	70.452	80198	14989	90	0	0	13914	386	599	14596
5	3	A	40000	22417	77.583	69.608	77583	7975	51	0	0	7203	240	481	7677
5	3	B	40000	21690	78.31	71.296	78310	7014	39	0	0	6711	146	118	6919
5	3	cSpy was 93 spamed and the readout avoided!
5	4	G	40000	100000	0	0	0	0	0	0	0	0	0	0	2
5	4	A	40000	100000	0	0	0	0	0	0	0	0	0	0	1
5	4	B	40000	100000	0	0	0	0	0	0	0	0	0	0	1
5	5	G	40000	100000	0	0	0	0	0	0	0	0	0	0	2
5	5	A	40000	100000	0	0	0	0	0	0	0	0	0	0	1
5	5	B	40000	100000	0	0	0	0	0	0	0	0	0	0	1
5	6	G	40000	65480	34.52	20.313	34520	26721	1	0	0	26589	1	130	26722
5	6	A	40000	66256	33.744	20.369	33744	13375	0	0	0	13246	1	128	13376
5	6	B	40000	66397	33.603	20.257	33603	13346	1	0	0	13343	0	2	13346
5	6	cSpy was 1 spamed and the readout avoided!
5	7	G	40000	0	100	100	100000	200000	200000	200000	200000	200000	200000	200000	200002
5	7	A	40000	0	100	100	100000	100000	100000	100000	100000	100000	100000	100000	100001
5	7	B	40000	0	100	100	100000	100000	100000	100000	100000	100000	100000	100000	100001
6	0	G	40000	572	99.428	63.959	99428	18232	112	0	0	16869	809	442	17833
6	0	A	40000	800	99.2	98.002	99200	1198	111	0	0	418	230	439	800
6	0	B	40000	53050	46.95	29.916	46950	17034	1	0	0	16451	579	3	17033
6	0	cSpy was 17 spamed and the readout avoided!
6	1	G	40000	0	100	100	100000	200000	200000	200000	200000	200000	200000	200000	200002
6	1	A	40000	0	100	100	100000	100000	100000	100000	100000	100000	100000	100000	100001
6	1	B	40000	0	100	100	100000	100000	100000	100000	100000	100000	100000	100000	100001
6	2	G	40000	100000	0	0	0	0	0	0	0	0	0	0	2
6	2	A	40000	100000	0	0	0	0	0	0	0	0	0	0	1
6	2	B	40000	100000	0	0	0	0	0	0	0	0	0	0	1
6	3	G	40000	100000	0	0	0	0	0	0	0	0	0	0	2
6	3	A	40000	100000	0	0	0	0	0	0	0	0	0	0	1
6	3	B	40000	100000	0	0	0	0	0	0	0	0	0	0	1
6	4	G	40000	83125	16.875	8.015	16875	17193	0	0	0	16769	370	54	17179
6	4	A	40000	83410	16.59	8.015	16590	8575	0	0	0	8299	222	54	8560
6	4	B	40000	83367	16.633	8.015	16633	8618	0	0	0	8470	148	0	8619
6	5	G	40000	0	100	100	100000	200000	200000	200000	200000	200000	200000	200000	200002
6	5	A	40000	0	100	100	100000	100000	100000	100000	100000	100000	100000	100000	100001
6	5	B	40000	0	100	100	100000	100000	100000	100000	100000	100000	100000	100000	100001
6	6	G	40000	98944	1.056	0.502	1056	1108	0	0	0	1103	1	4	1110
6	6	A	40000	98944	1.056	0.502	1056	554	0	0	0	549	1	4	555
6	6	B	40000	98944	1.056	0.502	1056	554	0	0	0	554	0	0	555
6	7	G	40000	100000	0	0	0	0	0	0	0	0	0	0	2
6	7	A	40000	100000	0	0	0	0	0	0	0	0	0	0	1
6	7	B	40000	100000	0	0	0	0	0	0	0	0	0	0	1
7	0	G	40000	1405	98.595	65.294	98595	24759	197	2	0	23135	1137	288	24427
7	0	A	40000	2262	97.738	95.166	97738	2572	172	2	0	1958	155	285	2256
7	0	B	40000	42391	57.609	35.422	57609	22187	25	0	0	21177	982	3	22171
7	0	cSpy was 10 spamed and the readout avoided!
7	1	G	40000	100000	0	0	0	0	0	0	0	0	0	0	2
7	1	A	40000	100000	0	0	0	0	0	0	0	0	0	0	1
7	1	B	40000	100000	0	0	0	0	0	0	0	0	0	0	1
7	2	G	40000	99990	0.0100017	0.003	10	12	0	0	0	11	1	0	14
7	2	A	40000	99991	0.0090003	0.003	9	6	0	0	0	6	0	0	7
7	2	B	40000	99991	0.0090003	0.003	9	6	0	0	0	5	1	0	7
7	3	G	40000	22415	77.585	37.2175	77585	46804	7	0	0	46461	228	108	46785
7	3	A	40000	34422	65.578	43.313	65578	22265	5	0	0	22032	121	107	22247
7	3	B	40000	44339	55.661	31.122	55661	24539	2	0	0	24429	107	1	24538
7	3	cSpy was 1 spamed and the readout avoided!
7	4	G	40000	24649	75.351	53.1945	75351	30395	240	30	1	24909	4890	325	30049
7	4	A	40000	32035	67.965	52.371	67965	15594	117	0	0	12079	3189	209	15415
7	4	B	40000	31181	68.819	54.018	68819	14801	123	30	1	12830	1701	116	14634
7	4	cSpy was 8 spamed and the readout avoided!
7	5	G	40000	100000	0	0	0	0	0	0	0	0	0	0	2
7	5	A	40000	100000	0	0	0	0	0	0	0	0	0	0	1
7	5	B	40000	100000	0	0	0	0	0	0	0	0	0	0	1
7	6	G	40000	100000	0	0	0	0	0	0	0	0	0	0	2
7	6	A	40000	100000	0	0	0	0	0	0	0	0	0	0	1
7	6	B	40000	100000	0	0	0	0	0	0	0	0	0	0	1
7	7	G	40000	44624	55.376	24.7615	55376	34976	0	0	0	33854	1051	71	34969
7	7	A	40000	54053	45.947	29.163	45947	16784	0	0	0	16480	234	70	16776
7	7	B	40000	61448	38.552	20.36	38552	18192	0	0	0	17374	817	1	18193
