#the gain was set to: 2	the bias was set to: 30
#Sent triggers per delay setting: 100000	and with a frequency [Hz] of: 40000
#160MHz delay setting	400MHz delay setting	Frequency	correct transmitted H+T		error rate [%]	uncertainty [%]	bad or missed events	error count	missing headers	missing trailers	flipped H/T	event nr errors	tbm missed trigger	unknown errors	event nr resets
0	0	G	40000	543	99.457	56.6835	99457	15036	146	0	0	12228	1833	829	14504
0	0	A	40000	659	99.341	98.149	99341	1192	146	0	0	122	95	829	659
0	0	B	40000	70938	29.062	15.218	29062	13844	0	0	0	12106	1738	0	13845
0	0	cSpy was 44 spamed and the readout avoided!
0	1	G	40000	99981	0.019002	0	19	38	0	0	0	38	0	0	40
0	1	A	40000	99981	0.019002	0	19	19	0	0	0	19	0	0	20
0	1	B	40000	99981	0.019002	0	19	19	0	0	0	19	0	0	20
0	2	G	40000	0	100	100	100000	200000	200000	200000	200000	200000	200000	200000	200002
0	2	A	40000	0	100	100	100000	100000	100000	100000	100000	100000	100000	100000	100001
0	2	B	40000	0	100	100	100000	100000	100000	100000	100000	100000	100000	100000	100001
0	3	G	40000	32044	67.956	49.5065	67956	23092	371	37	0	17965	4021	698	22573
0	3	A	40000	38373	61.627	50.774	61627	10853	168	4	0	8136	1937	608	10515
0	3	B	40000	39522	60.478	48.239	60478	12239	203	33	0	9829	2084	90	12058
0	3	cSpy was 85 spamed and the readout avoided!
0	4	G	40000	100000	0	0	0	0	0	0	0	0	0	0	2
0	4	A	40000	100000	0	0	0	0	0	0	0	0	0	0	1
0	4	B	40000	100000	0	0	0	0	0	0	0	0	0	0	1
0	5	G	40000	100000	0	0	0	0	0	0	0	0	0	0	2
0	5	A	40000	100000	0	0	0	0	0	0	0	0	0	0	1
0	5	B	40000	100000	0	0	0	0	0	0	0	0	0	0	1
0	6	G	40000	62240	37.76	23.043	37760	18355	543	28	2	16990	712	80	18169
0	6	A	40000	71177	28.823	19.691	28823	9132	103	0	0	8927	23	79	9045
0	6	B	40000	64382	35.618	26.395	35618	9223	440	28	2	8063	689	1	9124
0	6	cSpy was 27 spamed and the readout avoided!
0	7	G	40000	1559	98.441	93.502	98441	6716	348	7	1	5606	259	496	6169
0	7	A	40000	2881	97.119	93.875	97119	3244	228	5	0	2501	93	418	2807
0	7	B	40000	3399	96.601	93.129	96601	3472	120	2	1	3105	166	78	3362
0	7	cSpy was 84 spamed and the readout avoided!
1	0	G	40000	1490	98.51	84.574	98510	14822	211	72	0	13640	365	534	14295
1	0	A	40000	2652	97.348	94.542	97348	2806	83	0	0	2445	74	204	2618
1	0	B	40000	13378	86.622	74.606	86622	12016	128	72	0	11195	291	330	11677
1	0	cSpy was 83 spamed and the readout avoided!
1	1	G	40000	2036	97.964	90.919	97964	9319	402	6	4	7946	367	594	8688
1	1	A	40000	3980	96.02	91.664	96020	4356	240	2	4	3467	148	495	3885
1	1	B	40000	4863	95.137	90.174	95137	4963	162	4	0	4479	219	99	4803
1	1	cSpy was 71 spamed and the readout avoided!
1	2	G	40000	100000	0	0	0	0	0	0	0	0	0	0	2
1	2	A	40000	100000	0	0	0	0	0	0	0	0	0	0	1
1	2	B	40000	100000	0	0	0	0	0	0	0	0	0	0	1
1	3	G	40000	100000	0	0	0	0	0	0	0	0	0	0	2
1	3	A	40000	100000	0	0	0	0	0	0	0	0	0	0	1
1	3	B	40000	100000	0	0	0	0	0	0	0	0	0	0	1
1	4	G	40000	74810	25.19	15.912	25190	10743	314	19	0	9835	555	20	10679
1	4	A	40000	81161	18.839	13.692	18839	5147	19	0	0	5108	0	20	5133
1	4	B	40000	76272	23.728	18.132	23728	5596	295	19	0	4727	555	0	5546
1	4	cSpy was 18 spamed and the readout avoided!
1	5	G	40000	0	100	100	100000	200000	200000	200000	200000	200000	200000	200000	200002
1	5	A	40000	0	100	100	100000	100000	100000	100000	100000	100000	100000	100000	100001
1	5	B	40000	0	100	100	100000	100000	100000	100000	100000	100000	100000	100000	100001
1	6	G	40000	100000	0	0	0	0	0	0	0	0	0	0	2
1	6	A	40000	100000	0	0	0	0	0	0	0	0	0	0	1
1	6	B	40000	100000	0	0	0	0	0	0	0	0	0	0	1
1	7	G	40000	100000	0	0	0	0	0	0	0	0	0	0	2
1	7	A	40000	100000	0	0	0	0	0	0	0	0	0	0	1
1	7	B	40000	100000	0	0	0	0	0	0	0	0	0	0	1
2	0	G	40000	8804	91.196	41.5515	91196	8298	113	0	0	7694	127	364	8020
2	0	A	40000	8825	91.175	83.041	91175	8134	113	0	0	7596	61	364	7855
2	0	B	40000	99774	0.226003	0.062	226	164	0	0	0	98	66	0	165
2	1	G	40000	100000	0	0	0	0	0	0	0	0	0	0	2
2	1	A	40000	100000	0	0	0	0	0	0	0	0	0	0	1
2	1	B	40000	100000	0	0	0	0	0	0	0	0	0	0	1
2	2	G	40000	99688	0.312001	0.049	312	526	0	0	0	526	0	0	528
2	2	A	40000	99688	0.312001	0.049	312	263	0	0	0	263	0	0	264
2	2	B	40000	99688	0.312001	0.049	312	263	0	0	0	263	0	0	264
2	3	G	40000	28	99.972	99.3395	99972	762	30	0	0	316	169	247	559
2	3	A	40000	61	99.939	99.835	99939	104	0	0	0	22	31	51	61
2	3	B	40000	498	99.502	98.844	99502	658	30	0	0	294	138	196	498
2	3	cSpy was 61 spamed and the readout avoided!
2	4	G	40000	65009	34.991	13.771	34991	22782	25	10	0	13071	9311	365	22756
2	4	A	40000	72639	27.361	16.164	27361	11197	7	2	0	6309	4514	365	11177
2	4	B	40000	77037	22.963	11.378	22963	11585	18	8	0	6762	4797	0	11579
2	4	cSpy was 6 spamed and the readout avoided!
2	5	G	40000	100000	0	0	0	0	0	0	0	0	0	0	2
2	5	A	40000	100000	0	0	0	0	0	0	0	0	0	0	1
2	5	B	40000	100000	0	0	0	0	0	0	0	0	0	0	1
2	6	G	40000	100000	0	0	0	0	0	0	0	0	0	0	2
2	6	A	40000	100000	0	0	0	0	0	0	0	0	0	0	1
2	6	B	40000	100000	0	0	0	0	0	0	0	0	0	0	1
2	7	G	40000	61568	38.432	23.6335	38432	22417	656	50	0	21077	586	49	22181
2	7	A	40000	64878	35.122	24.351	35122	10771	336	9	0	10318	61	47	10645
2	7	B	40000	65438	34.562	22.916	34562	11646	320	41	0	10759	525	2	11536
2	7	cSpy was 79 spamed and the readout avoided!
3	0	G	40000	2254	97.746	61.604	97746	11979	227	8	0	11300	132	312	11619
3	0	A	40000	2772	97.228	94.136	97228	3092	219	8	0	2446	111	308	2739
3	0	B	40000	62041	37.959	29.072	37959	8887	8	0	0	8854	21	4	8880
3	0	cSpy was 25 spamed and the readout avoided!
3	1	G	40000	16713	83.287	36.068	83287	60561	0	0	0	60439	20	102	60464
3	1	A	40000	31934	68.066	42.311	68066	25755	0	0	0	25641	13	101	25659
3	1	B	40000	35369	64.631	29.825	64631	34806	0	0	0	34798	7	1	34805
3	2	G	40000	23452	76.548	59.5545	76548	28273	252	13	0	23542	4158	308	27950
3	2	A	40000	26487	73.513	59.259	73513	14254	128	0	0	11200	2702	224	14045
3	2	B	40000	26131	73.869	59.85	73869	14019	124	13	0	12342	1456	84	13905
3	2	cSpy was 11 spamed and the readout avoided!
3	3	G	40000	100000	0	0	0	0	0	0	0	0	0	0	2
3	3	A	40000	100000	0	0	0	0	0	0	0	0	0	0	1
3	3	B	40000	100000	0	0	0	0	0	0	0	0	0	0	1
3	4	G	40000	99996	0.00399947	0.002	4	4	0	0	0	4	0	0	6
3	4	A	40000	99996	0.00399947	0.002	4	2	0	0	0	2	0	0	3
3	4	B	40000	99996	0.00399947	0.002	4	2	0	0	0	2	0	0	3
3	5	G	40000	33693	66.307	26.654	66307	50211	0	0	0	50073	61	77	50152
3	5	A	40000	46790	53.21	31.181	53210	22029	0	0	0	21953	0	76	21969
3	5	B	40000	49691	50.309	22.127	50309	28182	0	0	0	28120	61	1	28183
3	6	G	40000	4679	95.321	86.1435	95321	13392	111	4	0	10830	2076	371	13130
3	6	A	40000	7185	92.815	86.064	92815	6751	57	2	0	5138	1227	327	6541
3	6	B	40000	7136	92.864	86.223	92864	6641	54	2	0	5692	849	44	6589
3	6	cSpy was 6 spamed and the readout avoided!
3	7	G	40000	100000	0	0	0	0	0	0	0	0	0	0	2
3	7	A	40000	100000	0	0	0	0	0	0	0	0	0	0	1
3	7	B	40000	100000	0	0	0	0	0	0	0	0	0	0	1
4	0	G	40000	206	99.794	98.5025	99794	1695	178	0	0	778	322	417	1287
4	0	A	40000	677	99.323	98.439	99323	884	86	0	0	327	245	226	664
4	0	B	40000	623	99.377	98.566	99377	811	92	0	0	451	77	191	623
4	0	cSpy was 27 spamed and the readout avoided!
4	1	G	40000	99962	0.037998	0.014	38	48	0	0	0	47	0	1	50
4	1	A	40000	99962	0.037998	0.014	38	24	0	0	0	23	0	1	25
4	1	B	40000	99962	0.037998	0.014	38	24	0	0	0	24	0	0	25
4	2	G	40000	100000	0	0	0	0	0	0	0	0	0	0	2
4	2	A	40000	100000	0	0	0	0	0	0	0	0	0	0	1
4	2	B	40000	100000	0	0	0	0	0	0	0	0	0	0	1
4	3	G	40000	94651	5.349	1.831	5349	4704	0	0	0	4696	5	3	4706
4	3	A	40000	95427	4.573	2.068	4573	2505	0	0	0	2501	1	3	2506
4	3	B	40000	96207	3.793	1.594	3793	2199	0	0	0	2195	4	0	2200
4	4	G	40000	1047	98.953	95.0585	98953	5063	263	43	0	3269	1232	256	4680
4	4	A	40000	2286	97.714	95.369	97714	2345	100	0	0	1402	709	134	2164
4	4	B	40000	2534	97.466	94.748	97466	2718	163	43	0	1867	523	122	2516
4	5	G	40000	89038	10.962	3.021	10962	15882	0	0	0	15774	46	62	15884
4	5	A	40000	89038	10.962	3.021	10962	7941	0	0	0	7836	44	61	7942
4	5	B	40000	89038	10.962	3.021	10962	7941	0	0	0	7938	2	1	7942
4	6	G	40000	100000	0	0	0	0	0	0	0	0	0	0	2
4	6	A	40000	100000	0	0	0	0	0	0	0	0	0	0	1
4	6	B	40000	100000	0	0	0	0	0	0	0	0	0	0	1
4	7	G	40000	100000	0	0	0	0	0	0	0	0	0	0	2
4	7	A	40000	100000	0	0	0	0	0	0	0	0	0	0	1
4	7	B	40000	100000	0	0	0	0	0	0	0	0	0	0	1
5	0	G	40000	858	99.142	51.175	99142	7682	155	0	0	6572	336	619	7110
5	0	A	40000	912	99.088	97.603	99088	1485	154	0	0	390	322	619	912
5	0	B	40000	89056	10.944	4.747	10944	6197	1	0	0	6182	14	0	6198
5	0	cSpy was 33 spamed and the readout avoided!
5	1	G	40000	100000	0	0	0	0	0	0	0	0	0	0	2
5	1	A	40000	100000	0	0	0	0	0	0	0	0	0	0	1
5	1	B	40000	100000	0	0	0	0	0	0	0	0	0	0	1
5	2	G	40000	23169	76.831	36.0045	76831	47288	1	0	0	46982	209	96	47287
5	2	A	40000	35277	64.723	42.194	64723	22529	1	0	0	22416	17	95	22527
5	2	B	40000	45426	54.574	29.815	54574	24759	0	0	0	24566	192	1	24760
5	3	G	40000	14476	85.524	67.879	85524	24264	260	11	0	19224	4270	499	23810
5	3	A	40000	20417	79.583	67.06	79583	12523	125	1	0	9424	2606	367	12250
5	3	B	40000	19561	80.439	68.698	80439	11741	135	10	0	9800	1664	132	11560
5	3	cSpy was 37 spamed and the readout avoided!
5	4	G	40000	100000	0	0	0	0	0	0	0	0	0	0	2
5	4	A	40000	100000	0	0	0	0	0	0	0	0	0	0	1
5	4	B	40000	100000	0	0	0	0	0	0	0	0	0	0	1
5	5	G	40000	100000	0	0	0	0	0	0	0	0	0	0	2
5	5	A	40000	100000	0	0	0	0	0	0	0	0	0	0	1
5	5	B	40000	100000	0	0	0	0	0	0	0	0	0	0	1
5	6	G	40000	33929	66.071	28.058	66071	42748	0	0	0	41136	1523	89	42721
5	6	A	40000	46470	53.53	32.834	53530	20696	0	0	0	20079	529	88	20669
5	6	B	40000	54666	45.334	23.282	45334	22052	0	0	0	21057	994	1	22052
5	7	G	40000	2152	97.848	92.467	97848	7518	301	6	2	5193	1481	535	6989
5	7	A	40000	3893	96.107	92.273	96107	3834	153	0	0	2539	852	290	3568
5	7	B	40000	3655	96.345	92.661	96345	3684	148	6	2	2654	629	245	3421
5	7	cSpy was 87 spamed and the readout avoided!
6	0	G	40000	910	99.09	58.2665	99090	16616	154	1	0	15574	522	365	16241
6	0	A	40000	1193	98.807	97.243	98807	1564	154	0	0	850	202	358	1192
6	0	B	40000	65658	34.342	19.29	34342	15052	0	1	0	14724	320	7	15049
6	0	cSpy was 11 spamed and the readout avoided!
6	1	G	40000	0	100	100	100000	200000	200000	200000	200000	200000	200000	200000	200002
6	1	A	40000	0	100	100	100000	100000	100000	100000	100000	100000	100000	100000	100001
6	1	B	40000	0	100	100	100000	100000	100000	100000	100000	100000	100000	100000	100001
6	2	G	40000	99395	0.604999	0.29	605	630	0	0	0	629	0	1	632
6	2	A	40000	99395	0.604999	0.29	605	315	0	0	0	314	0	1	316
6	2	B	40000	99395	0.604999	0.29	605	315	0	0	0	315	0	0	316
6	3	G	40000	100000	0	0	0	0	0	0	0	0	0	0	2
6	3	A	40000	100000	0	0	0	0	0	0	0	0	0	0	1
6	3	B	40000	100000	0	0	0	0	0	0	0	0	0	0	1
6	4	G	40000	99440	0.559998	0.172	560	738	0	0	0	735	0	3	740
6	4	A	40000	99459	0.541002	0.172	541	369	0	0	0	366	0	3	370
6	4	B	40000	99459	0.541002	0.172	541	369	0	0	0	369	0	0	370
6	5	G	40000	0	100	100	100000	200000	200000	200000	200000	200000	200000	200000	200002
6	5	A	40000	0	100	100	100000	100000	100000	100000	100000	100000	100000	100000	100001
6	5	B	40000	0	100	100	100000	100000	100000	100000	100000	100000	100000	100000	100001
6	6	G	40000	19666	80.334	54.996	80334	40643	210	0	0	38250	1263	920	40045
6	6	A	40000	24590	75.41	54.766	75410	20644	105	0	0	19167	639	733	20183
6	6	B	40000	24775	75.225	55.226	75225	19999	105	0	0	19083	624	187	19862
6	7	G	40000	100000	0	0	0	0	0	0	0	0	0	0	2
6	7	A	40000	100000	0	0	0	0	0	0	0	0	0	0	1
6	7	B	40000	100000	0	0	0	0	0	0	0	0	0	0	1
7	0	G	40000	1011	98.989	89.2865	98989	7907	352	8	0	6650	483	414	7389
7	0	A	40000	2116	97.884	95.433	97884	2451	202	5	0	1658	285	301	2089
7	0	B	40000	11404	88.596	83.14	88596	5456	150	3	0	4992	198	113	5300
7	0	cSpy was 49 spamed and the readout avoided!
7	1	G	40000	100000	0	0	0	0	0	0	0	0	0	0	2
7	1	A	40000	100000	0	0	0	0	0	0	0	0	0	0	1
7	1	B	40000	100000	0	0	0	0	0	0	0	0	0	0	1
7	2	G	40000	100000	0	0	0	0	0	0	0	0	0	0	2
7	2	A	40000	100000	0	0	0	0	0	0	0	0	0	0	1
7	2	B	40000	100000	0	0	0	0	0	0	0	0	0	0	1
7	3	G	40000	68441	31.559	18.564	31559	25574	0	0	0	25409	41	124	25557
7	3	A	40000	68740	31.26	18.564	31260	12696	0	0	0	12544	28	124	12679
7	3	B	40000	68558	31.442	18.564	31442	12878	0	0	0	12865	13	0	12878
7	4	G	40000	0	100	100	100000	200000	200000	200000	200000	200000	200000	200000	200002
7	4	A	40000	0	100	100	100000	100000	100000	100000	100000	100000	100000	100000	100001
7	4	B	40000	0	100	100	100000	100000	100000	100000	100000	100000	100000	100000	100001
7	5	G	40000	100000	0	0	0	0	0	0	0	0	0	0	2
7	5	A	40000	100000	0	0	0	0	0	0	0	0	0	0	1
7	5	B	40000	100000	0	0	0	0	0	0	0	0	0	0	1
7	6	G	40000	100000	0	0	0	0	0	0	0	0	0	0	2
7	6	A	40000	100000	0	0	0	0	0	0	0	0	0	0	1
7	6	B	40000	100000	0	0	0	0	0	0	0	0	0	0	1
7	7	G	40000	91666	8.334	3.3455	8334	9537	0	0	0	9397	117	23	9534
7	7	A	40000	91887	8.113	3.346	8113	4767	0	0	0	4669	75	23	4763
7	7	B	40000	91885	8.115	3.345	8115	4770	0	0	0	4728	42	0	4771
