#the gain was set to: 2	the bias was set to: 30
#Sent triggers per delay setting: 100000	and with a frequency [Hz] of: 40000
#160MHz delay setting	400MHz delay setting	Frequency	correct transmitted H+T		error rate [%]	uncertainty [%]	bad or missed events	error count	missing headers	missing trailers	flipped H/T	event nr errors	tbm missed trigger	unknown errors	event nr resets
0	0	G	40000	537	99.463	56.2725	99463	14626	164	0	0	11891	1733	838	14083
0	0	A	40000	658	99.342	98.14	99342	1202	164	0	0	108	93	837	658
0	0	B	40000	72171	27.829	14.405	27829	13424	0	0	0	11783	1640	1	13425
0	0	cSpy was 35 spamed and the readout avoided!
0	1	G	40000	99977	0.0230014	0.007	23	23	0	0	0	23	0	0	25
0	1	A	40000	99986	0.0140011	0.003	14	11	0	0	0	11	0	0	12
0	1	B	40000	99977	0.0230014	0.011	23	12	0	0	0	12	0	0	13
0	2	G	40000	0	100	100	100000	200000	200000	200000	200000	200000	200000	200000	200002
0	2	A	40000	0	100	100	100000	100000	100000	100000	100000	100000	100000	100000	100001
0	2	B	40000	0	100	100	100000	100000	100000	100000	100000	100000	100000	100000	100001
0	3	G	40000	72399	27.601	9.442	27601	30576	8	0	0	27340	3189	39	30566
0	3	A	40000	75163	24.837	9.615	24837	15222	6	0	0	13592	1585	39	15212
0	3	B	40000	75377	24.623	9.269	24623	15354	2	0	0	13748	1604	0	15354
0	4	G	40000	100000	0	0	0	0	0	0	0	0	0	0	2
0	4	A	40000	100000	0	0	0	0	0	0	0	0	0	0	1
0	4	B	40000	100000	0	0	0	0	0	0	0	0	0	0	1
0	5	G	40000	100000	0	0	0	0	0	0	0	0	0	0	2
0	5	A	40000	100000	0	0	0	0	0	0	0	0	0	0	1
0	5	B	40000	100000	0	0	0	0	0	0	0	0	0	0	1
0	6	G	40000	0	100	99.984	100000	25	0	0	0	2	1	22	7
0	6	A	40000	0	100	99.994	100000	6	0	0	0	0	0	6	0
0	6	B	40000	7	99.993	99.974	99993	19	0	0	0	2	1	16	7
0	6	cSpy was 7 spamed and the readout avoided!
0	7	G	40000	944	99.056	96.028	99056	4141	29	0	0	3162	131	819	3691
0	7	A	40000	2067	97.933	95.479	97933	2454	25	0	0	1539	91	799	2014
0	7	B	40000	1736	98.264	96.577	98264	1687	4	0	0	1623	40	20	1677
0	7	cSpy was 1 spamed and the readout avoided!
1	0	G	40000	502	99.498	94.2345	99498	5690	215	6	0	4646	394	429	5262
1	0	A	40000	992	99.008	97.769	99008	1239	75	0	0	826	51	287	979
1	0	B	40000	4849	95.151	90.7	95151	4451	140	6	0	3820	343	142	4283
1	0	cSpy was 53 spamed and the readout avoided!
1	1	G	40000	4494	95.506	87.9	95506	10774	79	0	0	9079	791	825	10275
1	1	A	40000	6916	93.084	87.308	93084	5776	52	0	0	4516	487	721	5363
1	1	B	40000	6510	93.49	88.492	93490	4998	27	0	0	4563	304	104	4912
1	1	cSpy was 3 spamed and the readout avoided!
1	2	G	40000	100000	0	0	0	0	0	0	0	0	0	0	2
1	2	A	40000	100000	0	0	0	0	0	0	0	0	0	0	1
1	2	B	40000	100000	0	0	0	0	0	0	0	0	0	0	1
1	3	G	40000	100000	0	0	0	0	0	0	0	0	0	0	2
1	3	A	40000	100000	0	0	0	0	0	0	0	0	0	0	1
1	3	B	40000	100000	0	0	0	0	0	0	0	0	0	0	1
1	4	G	40000	940	99.06	98.249	99060	1276	12	0	0	508	0	756	687
1	4	A	40000	1091	98.909	98.213	98909	696	6	0	0	201	0	489	312
1	4	B	40000	1135	98.865	98.285	98865	580	6	0	0	307	0	267	375
1	5	G	40000	452	99.548	97.1215	99548	3121	73	0	0	2018	79	951	2587
1	5	A	40000	1126	98.874	97.311	98874	1563	33	0	0	670	25	835	1117
1	5	B	40000	1510	98.49	96.932	98490	1558	40	0	0	1348	54	116	1470
1	5	cSpy was 48 spamed and the readout avoided!
1	6	G	40000	100000	0	0	0	0	0	0	0	0	0	0	2
1	6	A	40000	100000	0	0	0	0	0	0	0	0	0	0	1
1	6	B	40000	100000	0	0	0	0	0	0	0	0	0	0	1
1	7	G	40000	100000	0	0	0	0	0	0	0	0	0	0	2
1	7	A	40000	100000	0	0	0	0	0	0	0	0	0	0	1
1	7	B	40000	100000	0	0	0	0	0	0	0	0	0	0	1
2	0	G	40000	8378	91.622	41.909	91622	8099	134	0	0	7462	120	383	7785
2	0	A	40000	8392	91.608	83.755	91608	7853	134	0	0	7288	48	383	7538
2	0	B	40000	99691	0.309002	0.063	309	246	0	0	0	174	72	0	247
2	1	G	40000	100000	0	0	0	0	0	0	0	0	0	0	2
2	1	A	40000	100000	0	0	0	0	0	0	0	0	0	0	1
2	1	B	40000	100000	0	0	0	0	0	0	0	0	0	0	1
2	2	G	40000	88877	11.123	4.358	11123	9050	0	0	0	9023	20	7	9051
2	2	A	40000	91544	8.456	3.913	8456	4543	0	0	0	4526	10	7	4543
2	2	B	40000	90690	9.31	4.803	9310	4507	0	0	0	4497	10	0	4508
2	3	G	40000	0	100	100	100000	200000	200000	200000	200000	200000	200000	200000	200002
2	3	A	40000	0	100	100	100000	100000	100000	100000	100000	100000	100000	100000	100001
2	3	B	40000	0	100	100	100000	100000	100000	100000	100000	100000	100000	100000	100001
2	4	G	40000	95563	4.437	2.477	4437	3916	0	0	0	3896	20	0	3918
2	4	A	40000	95564	4.436	2.478	4436	1958	0	0	0	1948	10	0	1959
2	4	B	40000	95566	4.434	2.476	4434	1958	0	0	0	1948	10	0	1959
2	5	G	40000	100000	0	0	0	0	0	0	0	0	0	0	2
2	5	A	40000	100000	0	0	0	0	0	0	0	0	0	0	1
2	5	B	40000	100000	0	0	0	0	0	0	0	0	0	0	1
2	6	G	40000	99106	0.893998	0.353	894	771	0	0	0	770	0	1	773
2	6	A	40000	99296	0.704002	0.317	704	387	0	0	0	386	0	1	388
2	6	B	40000	99227	0.773001	0.389	773	384	0	0	0	384	0	0	385
2	7	G	40000	12	99.988	99.8285	99988	270	0	0	0	11	19	240	73
2	7	A	40000	23	99.977	99.775	99977	202	0	0	0	2	4	196	23
2	7	B	40000	50	99.95	99.882	99950	68	0	0	0	9	15	44	50
2	7	cSpy was 14 spamed and the readout avoided!
3	0	G	40000	2076	97.924	65.32	97924	15624	193	6	0	15005	142	278	15311
3	0	A	40000	2810	97.19	94.093	97190	3097	193	6	0	2478	142	278	2783
3	0	B	40000	50926	49.074	36.547	49074	12527	0	0	0	12527	0	0	12528
3	0	cSpy was 19 spamed and the readout avoided!
3	1	G	40000	24748	75.252	31.345	75252	55898	0	0	0	55796	12	90	55825
3	1	A	40000	39132	60.868	36.687	60868	24181	0	0	0	24091	1	89	24107
3	1	B	40000	42280	57.72	26.003	57720	31717	0	0	0	31705	11	1	31718
3	2	G	40000	31320	68.68	45.148	68680	42048	12	0	0	36510	5437	89	42018
3	2	A	40000	33872	66.128	45.122	66128	21006	7	0	0	17389	3521	89	20978
3	2	B	40000	33784	66.216	45.174	66216	21042	5	0	0	19121	1916	0	21040
3	3	G	40000	100000	0	0	0	0	0	0	0	0	0	0	2
3	3	A	40000	100000	0	0	0	0	0	0	0	0	0	0	1
3	3	B	40000	100000	0	0	0	0	0	0	0	0	0	0	1
3	4	G	40000	100000	0	0	0	0	0	0	0	0	0	0	2
3	4	A	40000	100000	0	0	0	0	0	0	0	0	0	0	1
3	4	B	40000	100000	0	0	0	0	0	0	0	0	0	0	1
3	5	G	40000	20508	79.492	32.1775	79492	59075	0	0	0	58852	130	93	59020
3	5	A	40000	36446	63.554	37.727	63554	25827	0	0	0	25735	0	92	25772
3	5	B	40000	40124	59.876	26.628	59876	33248	0	0	0	33117	130	1	33248
3	6	G	40000	9255	90.745	75.304	90745	23296	119	3	0	19261	3482	431	23008
3	6	A	40000	13122	86.878	75.132	86878	11746	65	2	0	9203	2079	397	11506
3	6	B	40000	12974	87.026	75.476	87026	11550	54	1	0	10058	1403	34	11502
3	6	cSpy was 7 spamed and the readout avoided!
3	7	G	40000	100000	0	0	0	0	0	0	0	0	0	0	2
3	7	A	40000	100000	0	0	0	0	0	0	0	0	0	0	1
3	7	B	40000	100000	0	0	0	0	0	0	0	0	0	0	1
4	0	G	40000	304	99.696	97.2385	99696	3031	198	0	0	1791	466	576	2465
4	0	A	40000	1503	98.497	96.707	98497	1790	111	0	0	1057	315	307	1487
4	0	B	40000	989	99.011	97.77	99011	1241	87	0	0	734	151	269	978
4	0	cSpy was 28 spamed and the readout avoided!
4	1	G	40000	100000	0	0	0	0	0	0	0	0	0	0	2
4	1	A	40000	100000	0	0	0	0	0	0	0	0	0	0	1
4	1	B	40000	100000	0	0	0	0	0	0	0	0	0	0	1
4	2	G	40000	100000	0	0	0	0	0	0	0	0	0	0	2
4	2	A	40000	100000	0	0	0	0	0	0	0	0	0	0	1
4	2	B	40000	100000	0	0	0	0	0	0	0	0	0	0	1
4	3	G	40000	94819	5.181	1.911	5181	6246	0	0	0	6205	27	14	6243
4	3	A	40000	94964	5.036	1.911	5036	3125	0	0	0	3095	16	14	3121
4	3	B	40000	94968	5.032	1.911	5032	3121	0	0	0	3110	11	0	3122
4	4	G	40000	0	100	100	100000	200000	200000	200000	200000	200000	200000	200000	200002
4	4	A	40000	0	100	100	100000	100000	100000	100000	100000	100000	100000	100000	100001
4	4	B	40000	0	100	100	100000	100000	100000	100000	100000	100000	100000	100000	100001
4	5	G	40000	62660	37.34	31.3975	37340	9481	35	0	0	8424	807	215	9363
4	5	A	40000	63762	36.238	31.544	36238	4694	7	0	0	4033	455	199	4596
4	5	B	40000	63962	36.038	31.251	36038	4787	28	0	0	4391	352	16	4767
4	6	G	40000	100000	0	0	0	0	0	0	0	0	0	0	2
4	6	A	40000	100000	0	0	0	0	0	0	0	0	0	0	1
4	6	B	40000	100000	0	0	0	0	0	0	0	0	0	0	1
4	7	G	40000	100000	0	0	0	0	0	0	0	0	0	0	2
4	7	A	40000	100000	0	0	0	0	0	0	0	0	0	0	1
4	7	B	40000	100000	0	0	0	0	0	0	0	0	0	0	1
5	0	G	40000	853	99.147	51.398	99147	8033	153	0	0	6924	374	582	7523
5	0	A	40000	918	99.082	97.653	99082	1429	153	0	0	341	353	582	918
5	0	B	40000	88253	11.747	5.143	11747	6604	0	0	0	6583	21	0	6605
5	0	cSpy was 36 spamed and the readout avoided!
5	1	G	40000	100000	0	0	0	0	0	0	0	0	0	0	2
5	1	A	40000	100000	0	0	0	0	0	0	0	0	0	0	1
5	1	B	40000	100000	0	0	0	0	0	0	0	0	0	0	1
5	2	G	40000	67571	32.429	19.3005	32429	25910	0	0	0	25769	22	119	25912
5	2	A	40000	67741	32.259	19.305	32259	12954	0	0	0	12822	13	119	12955
5	2	B	40000	67748	32.252	19.296	32252	12956	0	0	0	12947	9	0	12957
5	3	G	40000	1714	98.286	91.0925	98286	8821	163	4	0	6243	1785	626	8387
5	3	A	40000	5957	94.043	88.275	94043	5768	41	2	0	3911	1370	444	5511
5	3	B	40000	3037	96.963	93.91	96963	3053	122	2	0	2332	415	182	2876
5	3	cSpy was 30 spamed and the readout avoided!
5	4	G	40000	100000	0	0	0	0	0	0	0	0	0	0	2
5	4	A	40000	100000	0	0	0	0	0	0	0	0	0	0	1
5	4	B	40000	100000	0	0	0	0	0	0	0	0	0	0	1
5	5	G	40000	100000	0	0	0	0	0	0	0	0	0	0	2
5	5	A	40000	100000	0	0	0	0	0	0	0	0	0	0	1
5	5	B	40000	100000	0	0	0	0	0	0	0	0	0	0	1
5	6	G	40000	68249	31.751	18.763	31751	25624	0	0	0	25470	29	125	25610
5	6	A	40000	68489	31.511	18.763	31511	12748	0	0	0	12604	21	123	12733
5	6	B	40000	68361	31.639	18.763	31639	12876	0	0	0	12866	8	2	12877
5	7	G	40000	0	100	100	100000	200000	200000	200000	200000	200000	200000	200000	200002
5	7	A	40000	0	100	100	100000	100000	100000	100000	100000	100000	100000	100000	100001
5	7	B	40000	0	100	100	100000	100000	100000	100000	100000	100000	100000	100000	100001
6	0	G	40000	930	99.07	56.986	99070	15290	143	2	0	14297	477	371	14940
6	0	A	40000	1151	98.849	97.35	98849	1499	141	0	0	761	228	369	1149
6	0	B	40000	69587	30.413	16.622	30413	13791	2	2	0	13536	249	2	13791
6	0	cSpy was 8 spamed and the readout avoided!
6	1	G	40000	0	100	100	100000	200000	200000	200000	200000	200000	200000	200000	200002
6	1	A	40000	0	100	100	100000	100000	100000	100000	100000	100000	100000	100000	100001
6	1	B	40000	0	100	100	100000	100000	100000	100000	100000	100000	100000	100000	100001
6	2	G	40000	99342	0.658	0.315	658	686	0	0	0	682	0	4	688
6	2	A	40000	99342	0.658	0.315	658	343	0	0	0	339	0	4	344
6	2	B	40000	99342	0.658	0.315	658	343	0	0	0	343	0	0	344
6	3	G	40000	100000	0	0	0	0	0	0	0	0	0	0	2
6	3	A	40000	100000	0	0	0	0	0	0	0	0	0	0	1
6	3	B	40000	100000	0	0	0	0	0	0	0	0	0	0	1
6	4	G	40000	98644	1.356	0.418	1356	1772	0	0	0	1766	2	4	1774
6	4	A	40000	98695	1.305	0.418	1305	887	0	0	0	882	1	4	888
6	4	B	40000	98697	1.303	0.418	1303	885	0	0	0	884	1	0	886
6	5	G	40000	0	100	100	100000	200000	200000	200000	200000	200000	200000	200000	200002
6	5	A	40000	0	100	100	100000	100000	100000	100000	100000	100000	100000	100000	100001
6	5	B	40000	0	100	100	100000	100000	100000	100000	100000	100000	100000	100000	100001
6	6	G	40000	23587	76.413	51.365	76413	41474	173	0	0	38958	1456	887	40925
6	6	A	40000	27810	72.19	51.189	72190	21001	86	0	0	19483	702	730	20567
6	6	B	40000	27986	72.014	51.541	72014	20473	87	0	0	19475	754	157	20358
6	7	G	40000	100000	0	0	0	0	0	0	0	0	0	0	2
6	7	A	40000	100000	0	0	0	0	0	0	0	0	0	0	1
6	7	B	40000	100000	0	0	0	0	0	0	0	0	0	0	1
7	0	G	40000	1131	98.869	85.918	98869	10864	243	8	0	9654	612	347	10472
7	0	A	40000	2475	97.525	94.765	97525	2760	165	3	0	2035	290	267	2462
7	0	B	40000	14825	85.175	77.071	85175	8104	78	5	0	7619	322	80	8010
7	0	cSpy was 21 spamed and the readout avoided!
7	1	G	40000	100000	0	0	0	0	0	0	0	0	0	0	2
7	1	A	40000	100000	0	0	0	0	0	0	0	0	0	0	1
7	1	B	40000	100000	0	0	0	0	0	0	0	0	0	0	1
7	2	G	40000	100000	0	0	0	0	0	0	0	0	0	0	2
7	2	A	40000	100000	0	0	0	0	0	0	0	0	0	0	1
7	2	B	40000	100000	0	0	0	0	0	0	0	0	0	0	1
7	3	G	40000	38015	61.985	27.9925	61985	38996	0	0	0	37892	1026	78	38985
7	3	A	40000	48386	51.614	32.938	51614	18676	0	0	0	18424	174	78	18664
7	3	B	40000	56633	43.367	23.047	43367	20320	0	0	0	19468	852	0	20321
7	4	G	40000	3089	96.911	89.1655	96911	10837	273	6	0	7877	2118	563	10346
7	4	A	40000	5694	94.306	88.562	94306	5744	157	2	0	3913	1232	440	5389
7	4	B	40000	5138	94.862	89.769	94862	5093	116	4	0	3964	886	123	4957
7	4	cSpy was 20 spamed and the readout avoided!
7	5	G	40000	100000	0	0	0	0	0	0	0	0	0	0	2
7	5	A	40000	100000	0	0	0	0	0	0	0	0	0	0	1
7	5	B	40000	100000	0	0	0	0	0	0	0	0	0	0	1
7	6	G	40000	100000	0	0	0	0	0	0	0	0	0	0	2
7	6	A	40000	100000	0	0	0	0	0	0	0	0	0	0	1
7	6	B	40000	100000	0	0	0	0	0	0	0	0	0	0	1
7	7	G	40000	84677	15.323	5.079	15323	12243	0	0	0	12188	25	30	12245
7	7	A	40000	87712	12.288	5.835	12288	6453	0	0	0	6415	8	30	6454
7	7	B	40000	89887	10.113	4.323	10113	5790	0	0	0	5773	17	0	5791
