#the gain was set to: 2	the bias was set to: 30
#Sent triggers per delay setting: 100000	and with a frequency [Hz] of: 40000
#160MHz delay setting	400MHz delay setting	Frequency	correct transmitted H+T		error rate [%]	uncertainty [%]	bad or missed events	error count	missing headers	missing trailers	flipped H/T	event nr errors	tbm missed trigger	unknown errors	event nr resets
0	0	G	40000	520	99.48	56.526	99480	14939	141	0	0	12196	1750	852	14384
0	0	A	40000	642	99.358	98.161	99358	1197	141	0	0	110	97	849	642
0	0	B	40000	71367	28.633	14.891	28633	13742	0	0	0	12086	1653	3	13742
0	0	cSpy was 44 spamed and the readout avoided!
0	1	G	40000	98337	1.663	0.536	1663	1409	0	0	0	1405	1	3	1411
0	1	A	40000	98889	1.111	0.403	1111	708	0	0	0	704	1	3	709
0	1	B	40000	98630	1.37	0.669	1370	701	0	0	0	701	0	0	702
0	2	G	40000	0	100	100	100000	200000	200000	200000	200000	200000	200000	200000	200002
0	2	A	40000	0	100	100	100000	100000	100000	100000	100000	100000	100000	100000	100001
0	2	B	40000	0	100	100	100000	100000	100000	100000	100000	100000	100000	100000	100001
0	3	G	40000	67866	32.134	11.4005	32134	34026	6	0	0	30565	3374	81	34018
0	3	A	40000	71446	28.554	11.592	28554	16962	5	0	0	15177	1700	80	16953
0	3	B	40000	71727	28.273	11.209	28273	17064	1	0	0	15388	1674	1	17065
0	4	G	40000	100000	0	0	0	0	0	0	0	0	0	0	2
0	4	A	40000	100000	0	0	0	0	0	0	0	0	0	0	1
0	4	B	40000	100000	0	0	0	0	0	0	0	0	0	0	1
0	5	G	40000	100000	0	0	0	0	0	0	0	0	0	0	2
0	5	A	40000	100000	0	0	0	0	0	0	0	0	0	0	1
0	5	B	40000	100000	0	0	0	0	0	0	0	0	0	0	1
0	6	G	40000	0	100	99.9835	100000	24	0	0	0	1	1	22	9
0	6	A	40000	0	100	100	100000	0	0	0	0	0	0	0	0
0	6	B	40000	9	99.991	99.967	99991	24	0	0	0	1	1	22	9
0	6	cSpy was 12 spamed and the readout avoided!
0	7	G	40000	575	99.425	97.2295	99425	2942	29	0	0	2060	94	759	2540
0	7	A	40000	1456	98.544	96.737	98544	1807	20	0	0	994	70	723	1424
0	7	B	40000	1143	98.857	97.722	98857	1135	9	0	0	1066	24	36	1116
0	7	cSpy was 2 spamed and the readout avoided!
1	0	G	40000	1603	98.397	79.3675	98397	18582	273	3	1	17463	273	569	18071
1	0	A	40000	2938	97.062	93.772	97062	3290	173	0	0	2586	48	483	2881
1	0	B	40000	19745	80.255	64.963	80255	15292	100	3	1	14877	225	86	15190
1	0	cSpy was 17 spamed and the readout avoided!
1	1	G	40000	1742	98.258	92.557	98258	7644	353	6	2	6544	284	458	7115
1	1	A	40000	3220	96.78	93.246	96780	3534	209	4	1	2851	91	380	3132
1	1	B	40000	4022	95.978	91.868	95978	4110	144	2	1	3693	193	78	3983
1	1	cSpy was 78 spamed and the readout avoided!
1	2	G	40000	100000	0	0	0	0	0	0	0	0	0	0	2
1	2	A	40000	100000	0	0	0	0	0	0	0	0	0	0	1
1	2	B	40000	100000	0	0	0	0	0	0	0	0	0	0	1
1	3	G	40000	100000	0	0	0	0	0	0	0	0	0	0	2
1	3	A	40000	100000	0	0	0	0	0	0	0	0	0	0	1
1	3	B	40000	100000	0	0	0	0	0	0	0	0	0	0	1
1	4	G	40000	76130	23.87	15.108	23870	9968	310	21	0	9078	530	29	9888
1	4	A	40000	82263	17.737	12.936	17737	4801	30	0	0	4742	0	29	4778
1	4	B	40000	77553	22.447	17.28	22447	5167	280	21	0	4336	530	0	5110
1	4	cSpy was 17 spamed and the readout avoided!
1	5	G	40000	0	100	100	100000	200000	200000	200000	200000	200000	200000	200000	200002
1	5	A	40000	0	100	100	100000	100000	100000	100000	100000	100000	100000	100000	100001
1	5	B	40000	0	100	100	100000	100000	100000	100000	100000	100000	100000	100000	100001
1	6	G	40000	100000	0	0	0	0	0	0	0	0	0	0	2
1	6	A	40000	100000	0	0	0	0	0	0	0	0	0	0	1
1	6	B	40000	100000	0	0	0	0	0	0	0	0	0	0	1
1	7	G	40000	100000	0	0	0	0	0	0	0	0	0	0	2
1	7	A	40000	100000	0	0	0	0	0	0	0	0	0	0	1
1	7	B	40000	100000	0	0	0	0	0	0	0	0	0	0	1
2	0	G	40000	8095	91.905	42.1355	91905	7918	117	1	0	7293	134	373	7617
2	0	A	40000	8121	91.879	84.196	91879	7683	117	1	0	7129	63	373	7381
2	0	B	40000	99690	0.309998	0.075	310	235	0	0	0	164	71	0	236
2	0	cSpy was 1 spamed and the readout avoided!
2	1	G	40000	100000	0	0	0	0	0	0	0	0	0	0	2
2	1	A	40000	100000	0	0	0	0	0	0	0	0	0	0	1
2	1	B	40000	100000	0	0	0	0	0	0	0	0	0	0	1
2	2	G	40000	98099	1.901	0.444	1901	2905	0	0	0	2905	0	0	2907
2	2	A	40000	98103	1.897	0.445	1897	1452	0	0	0	1452	0	0	1453
2	2	B	40000	98104	1.896	0.443	1896	1453	0	0	0	1453	0	0	1454
2	3	G	40000	0	100	100	100000	200000	200000	200000	200000	200000	200000	200000	200002
2	3	A	40000	0	100	100	100000	100000	100000	100000	100000	100000	100000	100000	100001
2	3	B	40000	0	100	100	100000	100000	100000	100000	100000	100000	100000	100000	100001
2	4	G	40000	52401	47.599	19.6645	47599	30152	122	30	0	17506	11927	568	30059
2	4	A	40000	62943	37.057	22.21	37057	14847	12	1	0	8505	5771	558	14815
2	4	B	40000	67576	32.424	17.119	32424	15305	110	29	0	9001	6156	10	15244
2	4	cSpy was 20 spamed and the readout avoided!
2	5	G	40000	100000	0	0	0	0	0	0	0	0	0	0	2
2	5	A	40000	100000	0	0	0	0	0	0	0	0	0	0	1
2	5	B	40000	100000	0	0	0	0	0	0	0	0	0	0	1
2	6	G	40000	99999	0.00100136	0	1	2	0	0	0	2	0	0	4
2	6	A	40000	99999	0.00100136	0	1	1	0	0	0	1	0	0	2
2	6	B	40000	99999	0.00100136	0	1	1	0	0	0	1	0	0	2
2	7	G	40000	56900	43.1	27.6925	43100	22630	792	61	0	20967	759	52	22373
2	7	A	40000	60699	39.301	28.53	39301	10771	404	10	0	10248	57	52	10637
2	7	B	40000	61286	38.714	26.855	38714	11859	388	51	0	10719	702	0	11736
2	7	cSpy was 91 spamed and the readout avoided!
3	0	G	40000	1997	98.003	64.4175	98003	13972	224	3	0	13363	117	265	13642
3	0	A	40000	2624	97.376	94.452	97376	2924	222	3	0	2322	112	265	2594
3	0	B	40000	54569	45.431	34.383	45431	11048	2	0	0	11041	5	0	11048
3	0	cSpy was 19 spamed and the readout avoided!
3	1	G	40000	16632	83.368	35.734	83368	60878	0	0	0	60777	6	95	60790
3	1	A	40000	32178	67.822	41.977	67822	25845	0	0	0	25749	3	93	25756
3	1	B	40000	35476	64.524	29.491	64524	35033	0	0	0	35028	3	2	35034
3	2	G	40000	24983	75.017	54.4355	75017	36145	22	0	0	31042	4968	113	36091
3	2	A	40000	27521	72.479	54.429	72479	18050	11	0	0	14784	3148	107	18004
3	2	B	40000	27463	72.537	54.442	72537	18095	11	0	0	16258	1820	6	18087
3	3	G	40000	100000	0	0	0	0	0	0	0	0	0	0	2
3	3	A	40000	100000	0	0	0	0	0	0	0	0	0	0	1
3	3	B	40000	100000	0	0	0	0	0	0	0	0	0	0	1
3	4	G	40000	100000	0	0	0	0	0	0	0	0	0	0	2
3	4	A	40000	100000	0	0	0	0	0	0	0	0	0	0	1
3	4	B	40000	100000	0	0	0	0	0	0	0	0	0	0	1
3	5	G	40000	22886	77.114	30.7135	77114	57411	0	0	0	57112	209	90	57357
3	5	A	40000	38627	61.373	36.004	61373	25369	0	0	0	25279	0	90	25314
3	5	B	40000	42535	57.465	25.423	57465	32042	0	0	0	31833	209	0	32043
3	6	G	40000	7228	92.772	79.3285	92772	19907	150	11	0	16126	3118	502	19543
3	6	A	40000	10764	89.236	79.19	89236	10046	78	7	0	7665	1848	448	9755
3	6	B	40000	10672	89.328	79.467	89328	9861	72	4	0	8461	1270	54	9788
3	6	cSpy was 6 spamed and the readout avoided!
3	7	G	40000	100000	0	0	0	0	0	0	0	0	0	0	2
3	7	A	40000	100000	0	0	0	0	0	0	0	0	0	0	1
3	7	B	40000	100000	0	0	0	0	0	0	0	0	0	0	1
4	0	G	40000	271	99.729	96.897	99729	3138	211	0	0	1860	433	634	2550
4	0	A	40000	986	99.014	97.72	99014	1294	134	0	0	537	298	325	972
4	0	B	40000	2082	97.918	96.074	97918	1844	77	0	0	1323	135	309	1578
4	0	cSpy was 51 spamed and the readout avoided!
4	1	G	40000	99987	0.0129998	0.004	13	18	0	0	0	17	0	1	20
4	1	A	40000	99987	0.0129998	0.004	13	9	0	0	0	8	0	1	10
4	1	B	40000	99987	0.0129998	0.004	13	9	0	0	0	9	0	0	10
4	2	G	40000	100000	0	0	0	0	0	0	0	0	0	0	2
4	2	A	40000	100000	0	0	0	0	0	0	0	0	0	0	1
4	2	B	40000	100000	0	0	0	0	0	0	0	0	0	0	1
4	3	G	40000	98511	1.489	0.548	1489	1436	0	0	0	1432	0	4	1438
4	3	A	40000	98624	1.376	0.606	1376	770	0	0	0	766	0	4	771
4	3	B	40000	98844	1.156	0.49	1156	666	0	0	0	666	0	0	667
4	4	G	40000	0	100	100	100000	200000	200000	200000	200000	200000	200000	200000	200002
4	4	A	40000	0	100	100	100000	100000	100000	100000	100000	100000	100000	100000	100001
4	4	B	40000	0	100	100	100000	100000	100000	100000	100000	100000	100000	100000	100001
4	5	G	40000	93220	6.78	1.96	6780	9640	0	0	0	9579	24	37	9642
4	5	A	40000	93220	6.78	1.96	6780	4820	0	0	0	4760	23	37	4821
4	5	B	40000	93220	6.78	1.96	6780	4820	0	0	0	4819	1	0	4821
4	6	G	40000	100000	0	0	0	0	0	0	0	0	0	0	2
4	6	A	40000	100000	0	0	0	0	0	0	0	0	0	0	1
4	6	B	40000	100000	0	0	0	0	0	0	0	0	0	0	1
4	7	G	40000	100000	0	0	0	0	0	0	0	0	0	0	2
4	7	A	40000	100000	0	0	0	0	0	0	0	0	0	0	1
4	7	B	40000	100000	0	0	0	0	0	0	0	0	0	0	1
5	0	G	40000	845	99.155	51.5015	99155	8267	156	0	0	7128	357	626	7733
5	0	A	40000	911	99.089	97.643	99089	1446	156	0	0	331	333	626	911
5	0	B	40000	87819	12.181	5.36	12181	6821	0	0	0	6797	24	0	6822
5	0	cSpy was 31 spamed and the readout avoided!
5	1	G	40000	100000	0	0	0	0	0	0	0	0	0	0	2
5	1	A	40000	100000	0	0	0	0	0	0	0	0	0	0	1
5	1	B	40000	100000	0	0	0	0	0	0	0	0	0	0	1
5	2	G	40000	23030	76.97	36.004	76970	47499	0	0	0	47347	58	94	47501
5	2	A	40000	35172	64.828	42.224	64828	22604	0	0	0	22471	39	94	22605
5	2	B	40000	45321	54.679	29.784	54679	24895	0	0	0	24876	19	0	24896
5	3	G	40000	12337	87.663	67.7135	87663	27156	90	8	0	22020	4702	336	26951
5	3	A	40000	19202	80.798	66.682	80798	14116	52	6	0	10953	2787	318	13942
5	3	B	40000	18215	81.785	68.745	81785	13040	38	2	0	11067	1915	18	13009
5	3	cSpy was 8 spamed and the readout avoided!
5	4	G	40000	100000	0	0	0	0	0	0	0	0	0	0	2
5	4	A	40000	100000	0	0	0	0	0	0	0	0	0	0	1
5	4	B	40000	100000	0	0	0	0	0	0	0	0	0	0	1
5	5	G	40000	100000	0	0	0	0	0	0	0	0	0	0	2
5	5	A	40000	100000	0	0	0	0	0	0	0	0	0	0	1
5	5	B	40000	100000	0	0	0	0	0	0	0	0	0	0	1
5	6	G	40000	44307	55.693	24.809	55693	35497	0	0	0	34338	1087	72	35489
5	6	A	40000	53785	46.215	29.128	46215	17087	0	0	0	16733	282	72	17078
5	6	B	40000	61100	38.9	20.49	38900	18410	0	0	0	17605	805	0	18411
5	7	G	40000	2133	97.867	92.9975	97867	7216	411	15	0	4568	1531	691	6518
5	7	A	40000	3543	96.457	92.704	96457	3753	205	1	0	2233	869	445	3344
5	7	B	40000	3246	96.754	93.291	96754	3463	206	14	0	2335	662	246	3174
5	7	cSpy was 48 spamed and the readout avoided!
6	0	G	40000	893	99.107	57.5495	99107	14995	143	0	0	13980	521	351	14655
6	0	A	40000	1116	98.884	97.427	98884	1457	143	0	0	749	215	350	1116
6	0	B	40000	68790	31.21	17.672	31210	13538	0	0	0	13231	306	1	13539
6	0	cSpy was 13 spamed and the readout avoided!
6	1	G	40000	0	100	100	100000	200000	200000	200000	200000	200000	200000	200000	200002
6	1	A	40000	0	100	100	100000	100000	100000	100000	100000	100000	100000	100000	100001
6	1	B	40000	0	100	100	100000	100000	100000	100000	100000	100000	100000	100000	100001
6	2	G	40000	99752	0.247997	0.122	248	252	0	0	0	252	0	0	254
6	2	A	40000	99752	0.247997	0.122	248	126	0	0	0	126	0	0	127
6	2	B	40000	99752	0.247997	0.122	248	126	0	0	0	126	0	0	127
6	3	G	40000	100000	0	0	0	0	0	0	0	0	0	0	2
6	3	A	40000	100000	0	0	0	0	0	0	0	0	0	0	1
6	3	B	40000	100000	0	0	0	0	0	0	0	0	0	0	1
6	4	G	40000	98301	1.699	0.59	1699	2123	0	0	0	2114	3	6	2124
6	4	A	40000	98348	1.652	0.59	1652	1062	0	0	0	1055	1	6	1062
6	4	B	40000	98349	1.651	0.59	1651	1061	0	0	0	1059	2	0	1062
6	5	G	40000	0	100	100	100000	200000	200000	200000	200000	200000	200000	200000	200002
6	5	A	40000	0	100	100	100000	100000	100000	100000	100000	100000	100000	100000	100001
6	5	B	40000	0	100	100	100000	100000	100000	100000	100000	100000	100000	100000	100001
6	6	G	40000	28313	71.687	53.1045	71687	33408	73	0	0	31508	1081	746	33030
6	6	A	40000	30188	69.812	52.869	69812	16943	43	0	0	15722	567	611	16639
6	6	B	40000	30195	69.805	53.34	69805	16465	30	0	0	15786	514	135	16391
6	6	cSpy was 42 spamed and the readout avoided!
6	7	G	40000	100000	0	0	0	0	0	0	0	0	0	0	2
6	7	A	40000	100000	0	0	0	0	0	0	0	0	0	0	1
6	7	B	40000	100000	0	0	0	0	0	0	0	0	0	0	1
7	0	G	40000	919	99.081	90.039	99081	9427	266	10	0	8270	463	418	8964
7	0	A	40000	1928	98.072	95.795	98072	2277	153	3	0	1626	131	364	1916
7	0	B	40000	8567	91.433	84.283	91433	7150	113	7	0	6644	332	54	7048
7	0	cSpy was 32 spamed and the readout avoided!
7	1	G	40000	100000	0	0	0	0	0	0	0	0	0	0	2
7	1	A	40000	100000	0	0	0	0	0	0	0	0	0	0	1
7	1	B	40000	100000	0	0	0	0	0	0	0	0	0	0	1
7	2	G	40000	100000	0	0	0	0	0	0	0	0	0	0	2
7	2	A	40000	100000	0	0	0	0	0	0	0	0	0	0	1
7	2	B	40000	100000	0	0	0	0	0	0	0	0	0	0	1
7	3	G	40000	75147	24.853	14.239	24853	20862	0	0	0	20726	38	98	20848
7	3	A	40000	75394	24.606	14.239	24606	10367	0	0	0	10243	26	98	10352
7	3	B	40000	75266	24.734	14.239	24734	10495	0	0	0	10483	12	0	10496
7	4	G	40000	665	99.335	96.3135	99335	3801	156	6	1	2224	889	525	3427
7	4	A	40000	2435	97.565	95.044	97565	2521	71	4	1	1533	573	339	2308
7	4	B	40000	1137	98.863	97.583	98863	1280	85	2	0	691	316	186	1119
7	4	cSpy was 53 spamed and the readout avoided!
7	5	G	40000	93036	6.964	3.663	6964	6540	0	0	0	6385	123	32	6537
7	5	A	40000	93061	6.939	3.662	6939	3277	0	0	0	3152	93	32	3273
7	5	B	40000	93073	6.927	3.664	6927	3263	0	0	0	3233	30	0	3264
7	6	G	40000	100000	0	0	0	0	0	0	0	0	0	0	2
7	6	A	40000	100000	0	0	0	0	0	0	0	0	0	0	1
7	6	B	40000	100000	0	0	0	0	0	0	0	0	0	0	1
7	7	G	40000	94454	5.546	1.93	5546	6909	0	0	0	6858	34	17	6907
7	7	A	40000	94615	5.385	1.93	5385	3455	0	0	0	3421	17	17	3452
7	7	B	40000	94616	5.384	1.93	5384	3454	0	0	0	3437	17	0	3455
