#the gain was set to: 2	the bias was set to: 30
#Sent triggers per delay setting: 100000	and with a frequency [Hz] of: 40000
#160MHz delay setting	400MHz delay setting	Frequency	correct transmitted H+T		error rate [%]	uncertainty [%]	bad or missed events	error count	missing headers	missing trailers	flipped H/T	event nr errors	tbm missed trigger	unknown errors	event nr resets
0	0	G	40000	530	99.47	56.8835	99470	15419	145	0	0	12553	1866	855	14867
0	0	A	40000	648	99.352	98.151	99352	1201	145	0	0	106	95	855	648
0	0	B	40000	70166	29.834	15.616	29834	14218	0	0	0	12447	1771	0	14219
0	0	cSpy was 50 spamed and the readout avoided!
0	1	G	40000	99439	0.560999	0.176	561	529	0	0	0	529	0	0	531
0	1	A	40000	99626	0.374001	0.114	374	260	0	0	0	260	0	0	261
0	1	B	40000	99493	0.506997	0.238	507	269	0	0	0	269	0	0	270
0	2	G	40000	0	100	100	100000	200000	200000	200000	200000	200000	200000	200000	200002
0	2	A	40000	0	100	100	100000	100000	100000	100000	100000	100000	100000	100000	100001
0	2	B	40000	0	100	100	100000	100000	100000	100000	100000	100000	100000	100000	100001
0	3	G	40000	71092	28.908	10.028	28908	31582	7	0	0	28211	3308	56	31573
0	3	A	40000	74067	25.933	10.2	25933	15733	5	0	0	14014	1658	56	15724
0	3	B	40000	74295	25.705	9.856	25705	15849	2	0	0	14197	1650	0	15849
0	4	G	40000	100000	0	0	0	0	0	0	0	0	0	0	2
0	4	A	40000	100000	0	0	0	0	0	0	0	0	0	0	1
0	4	B	40000	100000	0	0	0	0	0	0	0	0	0	0	1
0	5	G	40000	100000	0	0	0	0	0	0	0	0	0	0	2
0	5	A	40000	100000	0	0	0	0	0	0	0	0	0	0	1
0	5	B	40000	100000	0	0	0	0	0	0	0	0	0	0	1
0	6	G	40000	0	100	99.989	100000	22	0	0	0	0	0	22	0
0	6	A	40000	0	100	100	100000	0	0	0	0	0	0	0	0
0	6	B	40000	0	100	99.978	100000	22	0	0	0	0	0	22	0
0	7	G	40000	3203	96.797	90.6965	96797	8620	90	0	0	7106	622	802	8142
0	7	A	40000	5116	94.884	90.273	94884	4611	65	0	0	3490	358	698	4200
0	7	B	40000	4871	95.129	91.12	95129	4009	25	0	0	3616	264	104	3942
0	7	cSpy was 5 spamed and the readout avoided!
1	0	G	40000	1385	98.615	83.2505	98615	15883	342	8	1	14602	301	631	15269
1	0	A	40000	2595	97.405	94.359	97405	3046	202	1	0	2240	66	537	2560
1	0	B	40000	15021	84.979	72.142	84979	12837	140	7	1	12362	235	94	12709
1	0	cSpy was 34 spamed and the readout avoided!
1	1	G	40000	0	100	100	100000	200000	200000	200000	200000	200000	200000	200000	200002
1	1	A	40000	0	100	100	100000	100000	100000	100000	100000	100000	100000	100000	100001
1	1	B	40000	0	100	100	100000	100000	100000	100000	100000	100000	100000	100000	100001
1	2	G	40000	100000	0	0	0	0	0	0	0	0	0	0	2
1	2	A	40000	100000	0	0	0	0	0	0	0	0	0	0	1
1	2	B	40000	100000	0	0	0	0	0	0	0	0	0	0	1
1	3	G	40000	100000	0	0	0	0	0	0	0	0	0	0	2
1	3	A	40000	100000	0	0	0	0	0	0	0	0	0	0	1
1	3	B	40000	100000	0	0	0	0	0	0	0	0	0	0	1
1	4	G	40000	9731	90.269	82.626	90269	9640	26	0	0	8985	110	519	9271
1	4	A	40000	12881	87.119	82.112	87119	5007	17	0	0	4600	80	310	4778
1	4	B	40000	12227	87.773	83.14	87773	4633	9	0	0	4385	30	209	4493
1	5	G	40000	273	99.727	98.005	99727	2184	60	0	0	1354	56	714	1779
1	5	A	40000	726	99.274	98.232	99274	1042	20	0	0	410	14	598	724
1	5	B	40000	1080	98.92	97.778	98920	1142	40	0	0	944	42	116	1055
1	5	cSpy was 51 spamed and the readout avoided!
1	6	G	40000	100000	0	0	0	0	0	0	0	0	0	0	2
1	6	A	40000	100000	0	0	0	0	0	0	0	0	0	0	1
1	6	B	40000	100000	0	0	0	0	0	0	0	0	0	0	1
1	7	G	40000	100000	0	0	0	0	0	0	0	0	0	0	2
1	7	A	40000	100000	0	0	0	0	0	0	0	0	0	0	1
1	7	B	40000	100000	0	0	0	0	0	0	0	0	0	0	1
2	0	G	40000	8589	91.411	41.712	91411	8244	122	0	0	7628	117	377	7939
2	0	A	40000	8604	91.396	83.362	91396	8034	122	0	0	7473	62	377	7728
2	0	B	40000	99728	0.272	0.062	272	210	0	0	0	155	55	0	211
2	1	G	40000	100000	0	0	0	0	0	0	0	0	0	0	2
2	1	A	40000	100000	0	0	0	0	0	0	0	0	0	0	1
2	1	B	40000	100000	0	0	0	0	0	0	0	0	0	0	1
2	2	G	40000	89460	10.54	4.0845	10540	9076	0	0	0	9061	8	7	9077
2	2	A	40000	91839	8.161	3.608	8161	4553	0	0	0	4543	4	6	4553
2	2	B	40000	90916	9.084	4.561	9084	4523	0	0	0	4518	4	1	4524
2	3	G	40000	30	99.97	98.3465	99970	1872	100	16	0	552	708	496	1435
2	3	A	40000	70	99.93	99.573	99930	357	0	0	0	1	24	332	70
2	3	B	40000	1365	98.635	97.12	98635	1515	100	16	0	551	684	164	1365
2	3	cSpy was 93 spamed and the readout avoided!
2	4	G	40000	94209	5.791	2.9115	5791	5690	0	0	0	5626	64	0	5692
2	4	A	40000	94237	5.763	2.919	5763	2844	0	0	0	2812	32	0	2845
2	4	B	40000	94250	5.75	2.904	5750	2846	0	0	0	2814	32	0	2847
2	5	G	40000	100000	0	0	0	0	0	0	0	0	0	0	2
2	5	A	40000	100000	0	0	0	0	0	0	0	0	0	0	1
2	5	B	40000	100000	0	0	0	0	0	0	0	0	0	0	1
2	6	G	40000	99996	0.00399947	0.002	4	4	0	0	0	4	0	0	6
2	6	A	40000	99996	0.00399947	0.002	4	2	0	0	0	2	0	0	3
2	6	B	40000	99996	0.00399947	0.002	4	2	0	0	0	2	0	0	3
2	7	G	40000	1	99.999	99.9825	99999	29	0	0	0	2	1	26	6
2	7	A	40000	1	99.999	99.977	99999	22	0	0	0	0	0	22	1
2	7	B	40000	5	99.995	99.988	99995	7	0	0	0	2	1	4	5
2	7	cSpy was 1 spamed and the readout avoided!
3	0	G	40000	2227	97.773	61.769	97773	12092	238	3	0	11369	142	340	11693
3	0	A	40000	2728	97.272	94.181	97272	3091	231	3	0	2395	125	337	2695
3	0	B	40000	61642	38.358	29.357	38358	9001	7	0	0	8974	17	3	8998
3	0	cSpy was 18 spamed and the readout avoided!
3	1	G	40000	16504	83.496	35.9765	83496	60790	0	1	0	60675	15	99	60698
3	1	A	40000	31946	68.054	42.221	68054	25833	0	0	0	25724	10	99	25740
3	1	B	40000	35311	64.689	29.732	64689	34957	0	1	0	34951	5	0	34958
3	2	G	40000	22426	77.574	60.9675	77574	27226	221	15	0	22487	4189	314	26911
3	2	A	40000	25637	74.363	60.625	74363	13738	109	0	0	10673	2716	240	13539
3	2	B	40000	25202	74.798	61.31	74798	13488	112	15	0	11814	1473	74	13372
3	2	cSpy was 3 spamed and the readout avoided!
3	3	G	40000	100000	0	0	0	0	0	0	0	0	0	0	2
3	3	A	40000	100000	0	0	0	0	0	0	0	0	0	0	1
3	3	B	40000	100000	0	0	0	0	0	0	0	0	0	0	1
3	4	G	40000	100000	0	0	0	0	0	0	0	0	0	0	2
3	4	A	40000	100000	0	0	0	0	0	0	0	0	0	0	1
3	4	B	40000	100000	0	0	0	0	0	0	0	0	0	0	1
3	5	G	40000	42676	57.324	22.8185	57324	42815	0	0	0	42607	140	68	42781
3	5	A	40000	54329	45.671	26.71	45671	18961	0	0	0	18893	0	68	18926
3	5	B	40000	57219	42.781	18.927	42781	23854	0	0	0	23714	140	0	23855
3	6	G	40000	4432	95.568	86.531	95568	13121	138	5	0	10605	1961	412	12811
3	6	A	40000	6932	93.068	86.441	93068	6627	67	2	0	5033	1171	354	6386
3	6	B	40000	6885	93.115	86.621	93115	6494	71	3	0	5572	790	58	6425
3	6	cSpy was 6 spamed and the readout avoided!
3	7	G	40000	100000	0	0	0	0	0	0	0	0	0	0	2
3	7	A	40000	100000	0	0	0	0	0	0	0	0	0	0	1
3	7	B	40000	100000	0	0	0	0	0	0	0	0	0	0	1
4	0	G	40000	200	99.8	98.4935	99800	1728	160	1	0	792	295	480	1276
4	0	A	40000	664	99.336	98.456	99336	880	72	0	0	371	210	227	655
4	0	B	40000	621	99.379	98.531	99379	848	88	1	0	421	85	253	621
4	0	cSpy was 26 spamed and the readout avoided!
4	1	G	40000	99991	0.0090003	0.002	9	14	0	0	0	14	0	0	16
4	1	A	40000	99991	0.0090003	0.002	9	7	0	0	0	7	0	0	8
4	1	B	40000	99991	0.0090003	0.002	9	7	0	0	0	7	0	0	8
4	2	G	40000	100000	0	0	0	0	0	0	0	0	0	0	2
4	2	A	40000	100000	0	0	0	0	0	0	0	0	0	0	1
4	2	B	40000	100000	0	0	0	0	0	0	0	0	0	0	1
4	3	G	40000	97891	2.109	0.7745	2109	2063	0	0	0	2061	0	2	2065
4	3	A	40000	98038	1.962	0.859	1962	1103	0	0	0	1101	0	2	1104
4	3	B	40000	98350	1.65	0.69	1650	960	0	0	0	960	0	0	961
4	4	G	40000	1149	98.851	94.7235	98851	5359	247	32	0	3557	1253	270	5020
4	4	A	40000	2506	97.494	94.981	97494	2513	90	0	0	1561	736	126	2366
4	4	B	40000	2688	97.312	94.466	97312	2846	157	32	0	1996	517	144	2654
4	5	G	40000	91594	8.406	2.478	8406	11856	0	0	0	11779	32	45	11858
4	5	A	40000	91594	8.406	2.478	8406	5928	0	0	0	5852	32	44	5929
4	5	B	40000	91594	8.406	2.478	8406	5928	0	0	0	5927	0	1	5929
4	6	G	40000	100000	0	0	0	0	0	0	0	0	0	0	2
4	6	A	40000	100000	0	0	0	0	0	0	0	0	0	0	1
4	6	B	40000	100000	0	0	0	0	0	0	0	0	0	0	1
4	7	G	40000	99989	0.0109971	0.0025	11	11	0	0	0	11	0	0	13
4	7	A	40000	99989	0.0109971	0.004	11	7	0	0	0	7	0	0	8
4	7	B	40000	99995	0.00500083	0.001	5	4	0	0	0	4	0	0	5
5	0	G	40000	864	99.136	51.366	99136	8103	163	0	0	6960	388	592	7568
5	0	A	40000	917	99.083	97.63	99083	1453	162	0	0	331	368	592	917
5	0	B	40000	88248	11.752	5.102	11752	6650	1	0	0	6629	20	0	6651
5	0	cSpy was 28 spamed and the readout avoided!
5	1	G	40000	99540	0.459999	0.15	460	462	0	0	0	462	0	0	464
5	1	A	40000	99596	0.404	0.164	404	240	0	0	0	240	0	0	241
5	1	B	40000	99642	0.357997	0.136	358	222	0	0	0	222	0	0	223
5	2	G	40000	23355	76.645	35.589	76645	47488	0	0	0	47173	220	95	47488
5	2	A	40000	35564	64.436	41.808	64436	22628	0	0	0	22517	16	95	22627
5	2	B	40000	45770	54.23	29.37	54230	24860	0	0	0	24656	204	0	24861
5	3	G	40000	17922	82.078	56.073	82078	35576	23	0	0	29651	5787	115	35520
5	3	A	40000	26581	73.419	55.177	73419	18242	14	0	0	14481	3632	115	18193
5	3	B	40000	25697	74.303	56.969	74303	17334	9	0	0	15170	2155	0	17327
5	4	G	40000	100000	0	0	0	0	0	0	0	0	0	0	2
5	4	A	40000	100000	0	0	0	0	0	0	0	0	0	0	1
5	4	B	40000	100000	0	0	0	0	0	0	0	0	0	0	1
5	5	G	40000	100000	0	0	0	0	0	0	0	0	0	0	2
5	5	A	40000	100000	0	0	0	0	0	0	0	0	0	0	1
5	5	B	40000	100000	0	0	0	0	0	0	0	0	0	0	1
5	6	G	40000	34241	65.759	27.9155	65759	42571	0	0	0	40955	1529	87	42542
5	6	A	40000	46734	53.266	32.633	53266	20633	0	0	0	20019	527	87	20604
5	6	B	40000	54864	45.136	23.198	45136	21938	0	0	0	20936	1002	0	21938
5	7	G	40000	1911	98.089	92.1765	98089	8075	469	32	1	4724	2075	773	7258
5	7	A	40000	4134	95.866	91.544	95866	4322	230	2	0	2283	1390	417	3892
5	7	B	40000	3438	96.562	92.809	96562	3753	239	30	1	2441	685	356	3366
5	7	cSpy was 37 spamed and the readout avoided!
6	0	G	40000	881	99.119	57.858	99119	16589	173	2	0	15516	503	395	16192
6	0	A	40000	1126	98.874	97.352	98874	1522	173	0	0	747	209	393	1125
6	0	B	40000	66569	33.431	18.364	33431	15067	0	2	0	14769	294	2	15067
6	0	cSpy was 19 spamed and the readout avoided!
6	1	G	40000	2282	97.718	91.1085	97718	9063	540	42	2	6031	1677	771	8206
6	1	A	40000	4689	95.311	90.491	95311	4820	262	1	0	2948	1200	409	4379
6	1	B	40000	4031	95.969	91.726	95969	4243	278	41	2	3083	477	362	3827
6	1	cSpy was 20 spamed and the readout avoided!
6	2	G	40000	99500	0.5	0.164	500	672	0	0	0	669	0	3	674
6	2	A	40000	99500	0.5	0.164	500	336	0	0	0	333	0	3	337
6	2	B	40000	99500	0.5	0.164	500	336	0	0	0	336	0	0	337
6	3	G	40000	100000	0	0	0	0	0	0	0	0	0	0	2
6	3	A	40000	100000	0	0	0	0	0	0	0	0	0	0	1
6	3	B	40000	100000	0	0	0	0	0	0	0	0	0	0	1
6	4	G	40000	99550	0.449997	0.154	450	492	0	0	0	491	0	1	494
6	4	A	40000	99573	0.427002	0.168	427	259	0	0	0	258	0	1	260
6	4	B	40000	99627	0.373	0.14	373	233	0	0	0	233	0	0	234
6	5	G	40000	40	99.96	99.3805	99960	732	13	0	0	90	318	311	507
6	5	A	40000	192	99.808	99.592	99808	216	1	0	0	8	176	31	192
6	5	B	40000	315	99.685	99.169	99685	516	12	0	0	82	142	280	315
6	5	cSpy was 73 spamed and the readout avoided!
6	6	G	40000	76851	23.149	4.022	23149	31211	0	0	0	30380	745	86	31210
6	6	A	40000	80572	19.428	3.79	19428	15638	0	0	0	14912	641	85	15636
6	6	B	40000	80173	19.827	4.254	19827	15573	0	0	0	15468	104	1	15574
6	7	G	40000	100000	0	0	0	0	0	0	0	0	0	0	2
6	7	A	40000	100000	0	0	0	0	0	0	0	0	0	0	1
6	7	B	40000	100000	0	0	0	0	0	0	0	0	0	0	1
7	0	G	40000	1275	98.725	89.8435	98725	10143	384	8	0	8983	371	397	9646
7	0	A	40000	2464	97.536	94.744	97536	2792	194	4	0	2131	145	318	2442
7	0	B	40000	7706	92.294	84.943	92294	7351	190	4	0	6852	226	79	7204
7	0	cSpy was 34 spamed and the readout avoided!
7	1	G	40000	100000	0	0	0	0	0	0	0	0	0	0	2
7	1	A	40000	100000	0	0	0	0	0	0	0	0	0	0	1
7	1	B	40000	100000	0	0	0	0	0	0	0	0	0	0	1
7	2	G	40000	100000	0	0	0	0	0	0	0	0	0	0	2
7	2	A	40000	100000	0	0	0	0	0	0	0	0	0	0	1
7	2	B	40000	100000	0	0	0	0	0	0	0	0	0	0	1
7	3	G	40000	27118	72.882	32.684	72882	45953	0	0	0	44527	1332	94	45940
7	3	A	40000	39493	60.507	38.472	60507	22035	0	0	0	21659	283	93	22022
7	3	B	40000	49186	50.814	26.896	50814	23918	0	0	0	22868	1049	1	23918
7	4	G	40000	7027	92.973	87.0945	92973	8492	294	12	0	5817	1694	675	7844
7	4	A	40000	8852	91.148	86.744	91148	4404	142	7	0	2816	1067	372	4058
7	4	B	40000	8467	91.533	87.445	91533	4088	152	5	0	3001	627	303	3786
7	4	cSpy was 24 spamed and the readout avoided!
7	5	G	40000	100000	0	0	0	0	0	0	0	0	0	0	2
7	5	A	40000	100000	0	0	0	0	0	0	0	0	0	0	1
7	5	B	40000	100000	0	0	0	0	0	0	0	0	0	0	1
7	6	G	40000	100000	0	0	0	0	0	0	0	0	0	0	2
7	6	A	40000	100000	0	0	0	0	0	0	0	0	0	0	1
7	6	B	40000	100000	0	0	0	0	0	0	0	0	0	0	1
7	7	G	40000	86914	13.086	4.32	13086	10487	0	0	0	10446	24	17	10489
7	7	A	40000	89635	10.365	4.932	10365	5433	0	0	0	5408	8	17	5434
7	7	B	40000	91238	8.762	3.708	8762	5054	0	0	0	5038	16	0	5055
