#the gain was set to: 2	the bias was set to: 30
#Sent triggers per delay setting: 100000	and with a frequency [Hz] of: 40000
#160MHz delay setting	400MHz delay setting	Frequency	correct transmitted H+T		error rate [%]	uncertainty [%]	bad or missed events	error count	missing headers	missing trailers	flipped H/T	event nr errors	tbm missed trigger	unknown errors	event nr resets
0	0	G	40000	517	99.483	56.7155	99483	15272	157	0	0	12473	1797	845	14688
0	0	A	40000	632	99.368	98.151	99368	1217	157	0	0	115	100	845	632
0	0	B	40000	70665	29.335	15.28	29335	14055	0	0	0	12358	1697	0	14056
0	0	cSpy was 56 spamed and the readout avoided!
0	1	G	40000	99983	0.0169992	0.0045	17	18	0	0	0	18	0	0	20
0	1	A	40000	99990	0.0100017	0.001	10	9	0	0	0	9	0	0	10
0	1	B	40000	99983	0.0169992	0.008	17	9	0	0	0	9	0	0	10
0	2	G	40000	0	100	100	100000	200000	200000	200000	200000	200000	200000	200000	200002
0	2	A	40000	0	100	100	100000	100000	100000	100000	100000	100000	100000	100000	100001
0	2	B	40000	0	100	100	100000	100000	100000	100000	100000	100000	100000	100000	100001
0	3	G	40000	64210	35.79	12.79	35790	37272	4	0	0	33233	3954	81	37260
0	3	A	40000	68425	31.575	13.003	31575	18572	3	0	0	16479	2009	81	18559
0	3	B	40000	68723	31.277	12.577	31277	18700	1	0	0	16754	1945	0	18701
0	4	G	40000	100000	0	0	0	0	0	0	0	0	0	0	2
0	4	A	40000	100000	0	0	0	0	0	0	0	0	0	0	1
0	4	B	40000	100000	0	0	0	0	0	0	0	0	0	0	1
0	5	G	40000	100000	0	0	0	0	0	0	0	0	0	0	2
0	5	A	40000	100000	0	0	0	0	0	0	0	0	0	0	1
0	5	B	40000	100000	0	0	0	0	0	0	0	0	0	0	1
0	6	G	40000	1	99.999	99.9765	99999	24	0	0	0	4	4	16	23
0	6	A	40000	1	99.999	99.999	99999	0	0	0	0	0	0	0	1
0	6	B	40000	22	99.978	99.954	99978	24	0	0	0	4	4	16	22
0	6	cSpy was 28 spamed and the readout avoided!
0	7	G	40000	752	99.248	96.777	99248	3409	28	0	0	2490	90	801	2968
0	7	A	40000	1681	98.319	96.246	98319	2073	20	0	0	1231	62	760	1650
0	7	B	40000	1356	98.644	97.308	98644	1336	8	0	0	1259	28	41	1318
0	7	cSpy was 3 spamed and the readout avoided!
1	0	G	40000	1242	98.758	85.2205	98758	13917	259	5	0	12971	202	480	13466
1	0	A	40000	2296	97.704	95.074	97704	2630	161	0	0	1999	45	425	2262
1	0	B	40000	13346	86.654	75.367	86654	11287	98	5	0	10972	157	55	11204
1	0	cSpy was 11 spamed and the readout avoided!
1	1	G	40000	816	99.184	96.468	99184	3707	19	0	0	2735	68	885	3270
1	1	A	40000	1818	98.182	96	98182	2182	9	0	0	1298	34	841	1772
1	1	B	40000	1539	98.461	96.936	98461	1525	10	0	0	1437	34	44	1498
1	1	cSpy was 5 spamed and the readout avoided!
1	2	G	40000	100000	0	0	0	0	0	0	0	0	0	0	2
1	2	A	40000	100000	0	0	0	0	0	0	0	0	0	0	1
1	2	B	40000	100000	0	0	0	0	0	0	0	0	0	0	1
1	3	G	40000	100000	0	0	0	0	0	0	0	0	0	0	2
1	3	A	40000	100000	0	0	0	0	0	0	0	0	0	0	1
1	3	B	40000	100000	0	0	0	0	0	0	0	0	0	0	1
1	4	G	40000	302	99.698	98.6765	99698	1648	69	0	0	724	6	849	996
1	4	A	40000	480	99.52	98.634	99520	886	36	0	0	303	2	545	478
1	4	B	40000	519	99.481	98.719	99481	762	33	0	0	421	4	304	518
1	5	G	40000	2254	97.746	93.1965	97746	6379	89	0	0	4973	492	825	5862
1	5	A	40000	3439	96.561	93.434	96561	3127	30	0	0	2296	213	588	2782
1	5	B	40000	3789	96.211	92.959	96211	3252	59	0	0	2677	279	237	3080
1	5	cSpy was 92 spamed and the readout avoided!
1	6	G	40000	100000	0	0	0	0	0	0	0	0	0	0	2
1	6	A	40000	100000	0	0	0	0	0	0	0	0	0	0	1
1	6	B	40000	100000	0	0	0	0	0	0	0	0	0	0	1
1	7	G	40000	100000	0	0	0	0	0	0	0	0	0	0	2
1	7	A	40000	100000	0	0	0	0	0	0	0	0	0	0	1
1	7	B	40000	100000	0	0	0	0	0	0	0	0	0	0	1
2	0	G	40000	7754	92.246	44.516	92246	15100	171	9	0	13538	990	392	14750
2	0	A	40000	8404	91.596	83.685	91596	7911	165	9	0	7277	70	390	7563
2	0	B	40000	87464	12.536	5.347	12536	7189	6	0	0	6261	920	2	7187
2	0	cSpy was 14 spamed and the readout avoided!
2	1	G	40000	100000	0	0	0	0	0	0	0	0	0	0	2
2	1	A	40000	100000	0	0	0	0	0	0	0	0	0	0	1
2	1	B	40000	100000	0	0	0	0	0	0	0	0	0	0	1
2	2	G	40000	94219	5.781	2.211	5781	5152	0	0	0	5143	6	3	5154
2	2	A	40000	95499	4.501	1.917	4501	2584	0	0	0	2578	3	3	2585
2	2	B	40000	94927	5.073	2.505	5073	2568	0	0	0	2565	3	0	2569
2	3	G	40000	22	99.978	98.724	99978	1462	80	11	0	459	499	413	1090
2	3	A	40000	46	99.954	99.648	99954	306	0	0	0	0	9	297	46
2	3	B	40000	1044	98.956	97.8	98956	1156	80	11	0	459	490	116	1044
2	3	cSpy was 88 spamed and the readout avoided!
2	4	G	40000	0	100	100	100000	200000	200000	200000	200000	200000	200000	200000	200002
2	4	A	40000	0	100	100	100000	100000	100000	100000	100000	100000	100000	100000	100001
2	4	B	40000	0	100	100	100000	100000	100000	100000	100000	100000	100000	100000	100001
2	5	G	40000	100000	0	0	0	0	0	0	0	0	0	0	2
2	5	A	40000	100000	0	0	0	0	0	0	0	0	0	0	1
2	5	B	40000	100000	0	0	0	0	0	0	0	0	0	0	1
2	6	G	40000	99256	0.743997	0.275	744	700	0	0	0	700	0	0	702
2	6	A	40000	99414	0.585997	0.236	586	350	0	0	0	350	0	0	351
2	6	B	40000	99336	0.664002	0.314	664	350	0	0	0	350	0	0	351
2	7	G	40000	97	99.903	99.65	99903	407	30	0	0	241	5	131	291
2	7	A	40000	145	99.855	99.624	99855	231	14	0	0	118	2	97	144
2	7	B	40000	148	99.852	99.676	99852	176	16	0	0	123	3	34	147
3	0	G	40000	1937	98.063	68.9045	98063	17098	236	3	0	16437	130	292	16738
3	0	A	40000	2777	97.223	94.113	97223	3110	234	3	0	2457	124	292	2750
3	0	B	40000	42316	57.684	43.696	57684	13988	2	0	0	13980	6	0	13988
3	0	cSpy was 36 spamed and the readout avoided!
3	1	G	40000	0	100	100	100000	200000	200000	200000	200000	200000	200000	200000	200002
3	1	A	40000	0	100	100	100000	100000	100000	100000	100000	100000	100000	100000	100001
3	1	B	40000	0	100	100	100000	100000	100000	100000	100000	100000	100000	100000	100001
3	2	G	40000	4201	95.799	84.968	95799	14609	128	0	0	12311	1584	586	14229
3	2	A	40000	7464	92.536	85.374	92536	7162	27	0	0	5924	697	514	6871
3	2	B	40000	7991	92.009	84.562	92009	7447	101	0	0	6387	887	72	7358
3	3	G	40000	100000	0	0	0	0	0	0	0	0	0	0	2
3	3	A	40000	100000	0	0	0	0	0	0	0	0	0	0	1
3	3	B	40000	100000	0	0	0	0	0	0	0	0	0	0	1
3	4	G	40000	100000	0	0	0	0	0	0	0	0	0	0	2
3	4	A	40000	100000	0	0	0	0	0	0	0	0	0	0	1
3	4	B	40000	100000	0	0	0	0	0	0	0	0	0	0	1
3	5	G	40000	30875	69.125	67.015	69125	3329	23	0	0	2593	3	710	2886
3	5	A	40000	31266	68.734	66.952	68734	1782	7	0	0	1139	1	635	1388
3	5	B	40000	31375	68.625	67.078	68625	1547	16	0	0	1454	2	75	1498
3	5	cSpy was 42 spamed and the readout avoided!
3	6	G	40000	596	99.404	96.078	99404	4106	200	5	0	2514	850	537	3673
3	6	A	40000	1292	98.708	97.192	98708	1516	68	0	0	742	306	400	1250
3	6	B	40000	2446	97.554	94.964	97554	2590	132	5	0	1772	544	137	2423
3	6	cSpy was 43 spamed and the readout avoided!
3	7	G	40000	100000	0	0	0	0	0	0	0	0	0	0	2
3	7	A	40000	100000	0	0	0	0	0	0	0	0	0	0	1
3	7	B	40000	100000	0	0	0	0	0	0	0	0	0	0	1
4	0	G	40000	230	99.77	98.0565	99770	2202	163	0	0	974	486	579	1680
4	0	A	40000	981	99.019	97.771	99019	1248	92	0	0	529	332	295	977
4	0	B	40000	704	99.296	98.342	99296	954	71	0	0	445	154	284	703
4	0	cSpy was 34 spamed and the readout avoided!
4	1	G	40000	99953	0.0469983	0.017	47	60	0	0	0	59	0	1	62
4	1	A	40000	99953	0.0469983	0.017	47	30	0	0	0	29	0	1	31
4	1	B	40000	99953	0.0469983	0.017	47	30	0	0	0	30	0	0	31
4	2	G	40000	100000	0	0	0	0	0	0	0	0	0	0	2
4	2	A	40000	100000	0	0	0	0	0	0	0	0	0	0	1
4	2	B	40000	100000	0	0	0	0	0	0	0	0	0	0	1
4	3	G	40000	95013	4.987	1.722	4987	4516	0	0	0	4505	2	9	4518
4	3	A	40000	95686	4.314	1.932	4314	2382	0	0	0	2372	1	9	2383
4	3	B	40000	96354	3.646	1.512	3646	2134	0	0	0	2133	1	0	2135
4	4	G	40000	0	100	100	100000	200000	200000	200000	200000	200000	200000	200000	200002
4	4	A	40000	0	100	100	100000	100000	100000	100000	100000	100000	100000	100000	100001
4	4	B	40000	0	100	100	100000	100000	100000	100000	100000	100000	100000	100000	100001
4	5	G	40000	92720	7.28	2.081	7280	10398	0	0	0	10324	28	46	10400
4	5	A	40000	92720	7.28	2.081	7280	5199	0	0	0	5128	28	43	5200
4	5	B	40000	92720	7.28	2.081	7280	5199	0	0	0	5196	0	3	5200
4	6	G	40000	100000	0	0	0	0	0	0	0	0	0	0	2
4	6	A	40000	100000	0	0	0	0	0	0	0	0	0	0	1
4	6	B	40000	100000	0	0	0	0	0	0	0	0	0	0	1
4	7	G	40000	100000	0	0	0	0	0	0	0	0	0	0	2
4	7	A	40000	100000	0	0	0	0	0	0	0	0	0	0	1
4	7	B	40000	100000	0	0	0	0	0	0	0	0	0	0	1
5	0	G	40000	860	99.14	51.344	99140	8042	173	0	0	6893	392	584	7521
5	0	A	40000	935	99.065	97.608	99065	1457	173	0	0	324	376	584	935
5	0	B	40000	88335	11.665	5.08	11665	6585	0	0	0	6569	16	0	6586
5	0	cSpy was 17 spamed and the readout avoided!
5	1	G	40000	100000	0	0	0	0	0	0	0	0	0	0	2
5	1	A	40000	100000	0	0	0	0	0	0	0	0	0	0	1
5	1	B	40000	100000	0	0	0	0	0	0	0	0	0	0	1
5	2	G	40000	24478	75.522	34.98	75522	46845	0	0	0	46638	113	94	46846
5	2	A	40000	36627	63.373	41.042	63373	22331	0	0	0	22207	30	94	22331
5	2	B	40000	46568	53.432	28.918	53432	24514	0	0	0	24431	83	0	24515
5	3	G	40000	19272	80.728	51.6525	80728	39674	28	1	0	32950	6510	185	39595
5	3	A	40000	29053	70.947	50.553	70947	20394	17	1	0	16136	4062	178	20322
5	3	B	40000	27968	72.032	52.752	72032	19280	11	0	0	16814	2448	7	19273
5	4	G	40000	100000	0	0	0	0	0	0	0	0	0	0	2
5	4	A	40000	100000	0	0	0	0	0	0	0	0	0	0	1
5	4	B	40000	100000	0	0	0	0	0	0	0	0	0	0	1
5	5	G	40000	100000	0	0	0	0	0	0	0	0	0	0	2
5	5	A	40000	100000	0	0	0	0	0	0	0	0	0	0	1
5	5	B	40000	100000	0	0	0	0	0	0	0	0	0	0	1
5	6	G	40000	30936	69.064	30.048	69064	44207	0	0	0	42507	1609	91	44191
5	6	A	40000	43436	56.564	35.224	56564	21340	0	0	0	20752	498	90	21324
5	6	B	40000	52261	47.739	24.872	47739	22867	0	0	0	21755	1111	1	22867
5	7	G	40000	1935	98.065	93.283	98065	6850	345	16	0	4415	1454	620	6261
5	7	A	40000	3384	96.616	93.134	96616	3482	169	0	0	2144	807	362	3156
5	7	B	40000	3200	96.8	93.432	96800	3368	176	16	0	2271	647	258	3105
5	7	cSpy was 92 spamed and the readout avoided!
6	0	G	40000	878	99.122	59.026	99122	17383	135	0	0	16335	569	344	17066
6	0	A	40000	1157	98.843	97.373	98843	1470	133	0	0	785	215	337	1156
6	0	B	40000	63408	36.592	20.679	36592	15913	2	0	0	15550	354	7	15910
6	0	cSpy was 10 spamed and the readout avoided!
6	1	G	40000	0	100	100	100000	200000	200000	200000	200000	200000	200000	200000	200002
6	1	A	40000	0	100	100	100000	100000	100000	100000	100000	100000	100000	100000	100001
6	1	B	40000	0	100	100	100000	100000	100000	100000	100000	100000	100000	100000	100001
6	2	G	40000	99015	0.985003	0.475	985	1020	0	0	0	1013	2	5	1022
6	2	A	40000	99015	0.985003	0.475	985	510	0	0	0	503	2	5	511
6	2	B	40000	99015	0.985003	0.475	985	510	0	0	0	510	0	0	511
6	3	G	40000	100000	0	0	0	0	0	0	0	0	0	0	2
6	3	A	40000	100000	0	0	0	0	0	0	0	0	0	0	1
6	3	B	40000	100000	0	0	0	0	0	0	0	0	0	0	1
6	4	G	40000	99190	0.809997	0.243	810	1070	0	0	0	1070	0	0	1072
6	4	A	40000	99222	0.778002	0.243	778	535	0	0	0	535	0	0	536
6	4	B	40000	99222	0.778002	0.243	778	535	0	0	0	535	0	0	536
6	5	G	40000	0	100	100	100000	200000	200000	200000	200000	200000	200000	200000	200002
6	5	A	40000	0	100	100	100000	100000	100000	100000	100000	100000	100000	100000	100001
6	5	B	40000	0	100	100	100000	100000	100000	100000	100000	100000	100000	100000	100001
6	6	G	40000	22140	77.86	53.114	77860	40378	237	0	0	37903	1271	967	39753
6	6	A	40000	26622	73.378	52.914	73378	20464	120	0	0	18959	638	747	20007
6	6	B	40000	26772	73.228	53.314	73228	19914	117	0	0	18944	633	220	19746
6	7	G	40000	100000	0	0	0	0	0	0	0	0	0	0	2
6	7	A	40000	100000	0	0	0	0	0	0	0	0	0	0	1
6	7	B	40000	100000	0	0	0	0	0	0	0	0	0	0	1
7	0	G	40000	1214	98.786	86.432	98786	9248	310	1	0	7536	936	465	8725
7	0	A	40000	2670	97.33	94.318	97330	3012	210	1	0	1772	714	315	2650
7	0	B	40000	15218	84.782	78.546	84782	6236	100	0	0	5764	222	150	6075
7	0	cSpy was 31 spamed and the readout avoided!
7	1	G	40000	100000	0	0	0	0	0	0	0	0	0	0	2
7	1	A	40000	100000	0	0	0	0	0	0	0	0	0	0	1
7	1	B	40000	100000	0	0	0	0	0	0	0	0	0	0	1
7	2	G	40000	100000	0	0	0	0	0	0	0	0	0	0	2
7	2	A	40000	100000	0	0	0	0	0	0	0	0	0	0	1
7	2	B	40000	100000	0	0	0	0	0	0	0	0	0	0	1
7	3	G	40000	69427	30.573	17.757	30573	25147	0	0	0	24913	114	120	25123
7	3	A	40000	69771	30.229	17.757	30229	12472	0	0	0	12278	74	120	12447
7	3	B	40000	69568	30.432	17.757	30432	12675	0	0	0	12635	40	0	12676
7	4	G	40000	407	99.593	96.644	99593	3499	143	4	1	1742	1137	472	3158
7	4	A	40000	1616	98.384	96.615	98384	1769	73	3	0	1019	370	304	1563
7	4	B	40000	1597	98.403	96.673	98403	1730	70	1	1	723	767	168	1595
7	4	cSpy was 69 spamed and the readout avoided!
7	5	G	40000	100000	0	0	0	0	0	0	0	0	0	0	2
7	5	A	40000	100000	0	0	0	0	0	0	0	0	0	0	1
7	5	B	40000	100000	0	0	0	0	0	0	0	0	0	0	1
7	6	G	40000	100000	0	0	0	0	0	0	0	0	0	0	2
7	6	A	40000	100000	0	0	0	0	0	0	0	0	0	0	1
7	6	B	40000	100000	0	0	0	0	0	0	0	0	0	0	1
7	7	G	40000	90156	9.844	4.364	9844	10562	0	0	0	10326	210	26	10559
7	7	A	40000	90368	9.632	4.364	9632	5268	0	0	0	5111	131	26	5264
7	7	B	40000	90342	9.658	4.364	9658	5294	0	0	0	5215	79	0	5295
