#the gain was set to: 2	the bias was set to: 30
#Sent triggers per delay setting: 100000	and with a frequency [Hz] of: 40000
#160MHz delay setting	400MHz delay setting	Frequency	correct transmitted H+T		error rate [%]	uncertainty [%]	bad or missed events	error count	missing headers	missing trailers	flipped H/T	event nr errors	tbm missed trigger	unknown errors	event nr resets
0	0	G	40000	538	99.462	56.486	99462	14881	148	0	0	12119	1773	841	14344
0	0	A	40000	665	99.335	98.132	99335	1203	148	0	0	119	95	841	665
0	0	B	40000	71482	28.518	14.84	28518	13678	0	0	0	12000	1678	0	13679
0	0	cSpy was 48 spamed and the readout avoided!
0	1	G	40000	99942	0.0580013	0.0135	58	58	0	0	0	58	0	0	60
0	1	A	40000	99971	0.0289977	0.003	29	26	0	0	0	26	0	0	27
0	1	B	40000	99944	0.0559986	0.024	56	32	0	0	0	32	0	0	33
0	2	G	40000	0	100	100	100000	200000	200000	200000	200000	200000	200000	200000	200002
0	2	A	40000	0	100	100	100000	100000	100000	100000	100000	100000	100000	100000	100001
0	2	B	40000	0	100	100	100000	100000	100000	100000	100000	100000	100000	100000	100001
0	3	G	40000	72121	27.879	9.53	27879	30904	3	0	0	27681	3179	41	30898
0	3	A	40000	74898	25.102	9.722	25102	15380	3	0	0	13744	1592	41	15373
0	3	B	40000	75138	24.862	9.338	24862	15524	0	0	0	13937	1587	0	15525
0	4	G	40000	100000	0	0	0	0	0	0	0	0	0	0	2
0	4	A	40000	100000	0	0	0	0	0	0	0	0	0	0	1
0	4	B	40000	100000	0	0	0	0	0	0	0	0	0	0	1
0	5	G	40000	100000	0	0	0	0	0	0	0	0	0	0	2
0	5	A	40000	100000	0	0	0	0	0	0	0	0	0	0	1
0	5	B	40000	100000	0	0	0	0	0	0	0	0	0	0	1
0	6	G	40000	0	100	99.9895	100000	13	0	0	0	1	1	11	8
0	6	A	40000	0	100	100	100000	0	0	0	0	0	0	0	0
0	6	B	40000	8	99.992	99.979	99992	13	0	0	0	1	1	11	8
0	7	G	40000	1227	98.773	95.0375	98773	5122	84	0	0	3787	353	898	4596
0	7	A	40000	2677	97.323	94.324	97323	2999	65	0	0	1922	259	753	2585
0	7	B	40000	2126	97.874	95.751	97874	2123	19	0	0	1865	94	145	2011
0	7	cSpy was 3 spamed and the readout avoided!
1	0	G	40000	1386	98.614	83.6195	98614	15535	336	8	0	14252	334	605	14951
1	0	A	40000	2624	97.376	94.356	97376	3020	175	0	0	2281	84	480	2596
1	0	B	40000	14602	85.398	72.883	85398	12515	161	8	0	11971	250	125	12355
1	0	cSpy was 32 spamed and the readout avoided!
1	1	G	40000	0	100	100	100000	200000	200000	200000	200000	200000	200000	200000	200002
1	1	A	40000	0	100	100	100000	100000	100000	100000	100000	100000	100000	100000	100001
1	1	B	40000	0	100	100	100000	100000	100000	100000	100000	100000	100000	100000	100001
1	2	G	40000	100000	0	0	0	0	0	0	0	0	0	0	2
1	2	A	40000	100000	0	0	0	0	0	0	0	0	0	0	1
1	2	B	40000	100000	0	0	0	0	0	0	0	0	0	0	1
1	3	G	40000	100000	0	0	0	0	0	0	0	0	0	0	2
1	3	A	40000	100000	0	0	0	0	0	0	0	0	0	0	1
1	3	B	40000	100000	0	0	0	0	0	0	0	0	0	0	1
1	4	G	40000	17696	82.304	79.4765	82304	3583	17	0	0	3068	12	486	3208
1	4	A	40000	18923	81.077	79.208	81077	1869	7	0	0	1523	9	330	1611
1	4	B	40000	18541	81.459	79.745	81459	1714	10	0	0	1545	3	156	1597
1	5	G	40000	301	99.699	97.975	99699	2223	72	0	0	1346	68	737	1788
1	5	A	40000	752	99.248	98.183	99248	1065	21	0	0	436	10	598	743
1	5	B	40000	1075	98.925	97.767	98925	1158	51	0	0	910	58	139	1045
1	5	cSpy was 64 spamed and the readout avoided!
1	6	G	40000	100000	0	0	0	0	0	0	0	0	0	0	2
1	6	A	40000	100000	0	0	0	0	0	0	0	0	0	0	1
1	6	B	40000	100000	0	0	0	0	0	0	0	0	0	0	1
1	7	G	40000	100000	0	0	0	0	0	0	0	0	0	0	2
1	7	A	40000	100000	0	0	0	0	0	0	0	0	0	0	1
1	7	B	40000	100000	0	0	0	0	0	0	0	0	0	0	1
2	0	G	40000	8786	91.214	41.5425	91214	8469	128	0	0	7862	107	372	8174
2	0	A	40000	8810	91.19	83.023	91190	8167	128	0	0	7616	51	372	7871
2	0	B	40000	99636	0.364	0.062	364	302	0	0	0	246	56	0	303
2	1	G	40000	100000	0	0	0	0	0	0	0	0	0	0	2
2	1	A	40000	100000	0	0	0	0	0	0	0	0	0	0	1
2	1	B	40000	100000	0	0	0	0	0	0	0	0	0	0	1
2	2	G	40000	99131	0.869	0.178	869	1382	0	0	0	1382	0	0	1384
2	2	A	40000	99131	0.869	0.178	869	691	0	0	0	691	0	0	692
2	2	B	40000	99131	0.869	0.178	869	691	0	0	0	691	0	0	692
2	3	G	40000	13	99.987	99.3025	99987	770	34	0	0	327	229	180	625
2	3	A	40000	55	99.945	99.852	99945	93	0	0	0	20	20	53	55
2	3	B	40000	570	99.43	98.753	99430	677	34	0	0	307	209	127	570
2	3	cSpy was 55 spamed and the readout avoided!
2	4	G	40000	54951	45.049	19.2315	45049	28087	161	41	0	16365	11010	510	27963
2	4	A	40000	64914	35.086	21.198	35086	13888	23	5	0	8006	5359	495	13857
2	4	B	40000	68536	31.464	17.265	31464	14199	138	36	0	8359	5651	15	14106
2	4	cSpy was 16 spamed and the readout avoided!
2	5	G	40000	100000	0	0	0	0	0	0	0	0	0	0	2
2	5	A	40000	100000	0	0	0	0	0	0	0	0	0	0	1
2	5	B	40000	100000	0	0	0	0	0	0	0	0	0	0	1
2	6	G	40000	100000	0	0	0	0	0	0	0	0	0	0	2
2	6	A	40000	100000	0	0	0	0	0	0	0	0	0	0	1
2	6	B	40000	100000	0	0	0	0	0	0	0	0	0	0	1
2	7	G	40000	60712	39.288	25.024	39288	21211	658	43	2	19812	646	51	21011
2	7	A	40000	64041	35.959	25.851	35959	10108	333	4	0	9686	39	46	10001
2	7	B	40000	64700	35.3	24.197	35300	11103	325	39	2	10126	607	5	11010
2	7	cSpy was 77 spamed and the readout avoided!
3	0	G	40000	2215	97.785	61.9675	97785	15547	222	5	0	14888	132	300	15211
3	0	A	40000	2899	97.101	93.901	97101	3200	220	5	0	2544	131	300	2864
3	0	B	40000	57619	42.381	30.034	42381	12347	2	0	0	12344	1	0	12347
3	0	cSpy was 39 spamed and the readout avoided!
3	1	G	40000	0	100	100	100000	200000	200000	200000	200000	200000	200000	200000	200002
3	1	A	40000	0	100	100	100000	100000	100000	100000	100000	100000	100000	100000	100001
3	1	B	40000	0	100	100	100000	100000	100000	100000	100000	100000	100000	100000	100001
3	2	G	40000	4212	95.788	87.366	95788	11966	186	3	0	10005	1130	642	11490
3	2	A	40000	6374	93.626	87.823	93626	5803	46	0	0	4769	510	478	5499
3	2	B	40000	6928	93.072	86.909	93072	6163	140	3	0	5236	620	164	5991
3	2	cSpy was 12 spamed and the readout avoided!
3	3	G	40000	100000	0	0	0	0	0	0	0	0	0	0	2
3	3	A	40000	100000	0	0	0	0	0	0	0	0	0	0	1
3	3	B	40000	100000	0	0	0	0	0	0	0	0	0	0	1
3	4	G	40000	100000	0	0	0	0	0	0	0	0	0	0	2
3	4	A	40000	100000	0	0	0	0	0	0	0	0	0	0	1
3	4	B	40000	100000	0	0	0	0	0	0	0	0	0	0	1
3	5	G	40000	35540	64.46	63.3215	64460	1715	23	0	0	991	3	698	1285
3	5	A	40000	35763	64.237	63.284	64237	953	9	0	0	336	2	606	585
3	5	B	40000	35879	64.121	63.359	64121	762	14	0	0	655	1	92	700
3	5	cSpy was 55 spamed and the readout avoided!
3	6	G	40000	476	99.524	96.2565	99524	3939	330	18	2	2222	777	591	3385
3	6	A	40000	1006	98.994	97.78	98994	1214	52	0	0	583	221	358	976
3	6	B	40000	2542	97.458	94.733	97458	2725	278	18	2	1639	556	233	2409
3	6	cSpy was 79 spamed and the readout avoided!
3	7	G	40000	100000	0	0	0	0	0	0	0	0	0	0	2
3	7	A	40000	100000	0	0	0	0	0	0	0	0	0	0	1
3	7	B	40000	100000	0	0	0	0	0	0	0	0	0	0	1
4	0	G	40000	256	99.744	98.1235	99744	2151	188	0	0	975	382	606	1586
4	0	A	40000	816	99.184	98.076	99184	1108	82	0	0	431	262	333	800
4	0	B	40000	786	99.214	98.171	99214	1043	106	0	0	544	120	273	786
4	0	cSpy was 46 spamed and the readout avoided!
4	1	G	40000	99971	0.0289977	0.014	29	30	0	0	0	30	0	0	32
4	1	A	40000	99971	0.0289977	0.014	29	15	0	0	0	15	0	0	16
4	1	B	40000	99971	0.0289977	0.014	29	15	0	0	0	15	0	0	16
4	2	G	40000	100000	0	0	0	0	0	0	0	0	0	0	2
4	2	A	40000	100000	0	0	0	0	0	0	0	0	0	0	1
4	2	B	40000	100000	0	0	0	0	0	0	0	0	0	0	1
4	3	G	40000	98334	1.666	0.561	1666	2095	0	0	0	2084	7	4	2096
4	3	A	40000	98393	1.607	0.561	1607	1046	0	0	0	1039	3	4	1046
4	3	B	40000	98390	1.61	0.561	1610	1049	0	0	0	1045	4	0	1050
4	4	G	40000	0	100	100	100000	200000	200000	200000	200000	200000	200000	200000	200002
4	4	A	40000	0	100	100	100000	100000	100000	100000	100000	100000	100000	100000	100001
4	4	B	40000	0	100	100	100000	100000	100000	100000	100000	100000	100000	100000	100001
4	5	G	40000	80023	19.977	10.702	19977	18365	2	0	0	17896	363	104	18331
4	5	A	40000	80093	19.907	10.701	19907	9206	1	0	0	8845	256	104	9172
4	5	B	40000	80138	19.862	10.703	19862	9159	1	0	0	9051	107	0	9159
4	6	G	40000	100000	0	0	0	0	0	0	0	0	0	0	2
4	6	A	40000	100000	0	0	0	0	0	0	0	0	0	0	1
4	6	B	40000	100000	0	0	0	0	0	0	0	0	0	0	1
4	7	G	40000	99986	0.0140011	0.003	14	22	0	0	0	22	0	0	24
4	7	A	40000	99986	0.0140011	0.003	14	11	0	0	0	11	0	0	12
4	7	B	40000	99986	0.0140011	0.003	14	11	0	0	0	11	0	0	12
5	0	G	40000	813	99.187	51.6865	99187	8627	160	0	0	7490	365	612	8078
5	0	A	40000	884	99.116	97.682	99116	1434	160	0	0	319	343	612	884
5	0	B	40000	87116	12.884	5.691	12884	7193	0	0	0	7171	22	0	7194
5	0	cSpy was 23 spamed and the readout avoided!
5	1	G	40000	100000	0	0	0	0	0	0	0	0	0	0	2
5	1	A	40000	100000	0	0	0	0	0	0	0	0	0	0	1
5	1	B	40000	100000	0	0	0	0	0	0	0	0	0	0	1
5	2	G	40000	68152	31.848	18.6175	31848	25635	0	0	0	25425	94	116	25635
5	2	A	40000	68544	31.456	18.636	31456	12820	0	0	0	12646	58	116	12819
5	2	B	40000	68586	31.414	18.599	31414	12815	0	0	0	12779	36	0	12816
5	3	G	40000	2060	97.94	89.9845	97940	9825	145	1	0	7514	1639	526	9497
5	3	A	40000	6522	93.478	87.229	93478	6249	23	0	0	4541	1291	394	6044
5	3	B	40000	3684	96.316	92.74	96316	3576	122	1	0	2973	348	132	3453
5	3	cSpy was 32 spamed and the readout avoided!
5	4	G	40000	100000	0	0	0	0	0	0	0	0	0	0	2
5	4	A	40000	100000	0	0	0	0	0	0	0	0	0	0	1
5	4	B	40000	100000	0	0	0	0	0	0	0	0	0	0	1
5	5	G	40000	100000	0	0	0	0	0	0	0	0	0	0	2
5	5	A	40000	100000	0	0	0	0	0	0	0	0	0	0	1
5	5	B	40000	100000	0	0	0	0	0	0	0	0	0	0	1
5	6	G	40000	69834	30.166	17.52	30166	24810	0	0	0	24587	105	118	24790
5	6	A	40000	70183	29.817	17.52	29817	12297	0	0	0	12107	73	117	12276
5	6	B	40000	69967	30.033	17.52	30033	12513	0	0	0	12480	32	1	12514
5	7	G	40000	0	100	100	100000	200000	200000	200000	200000	200000	200000	200000	200002
5	7	A	40000	0	100	100	100000	100000	100000	100000	100000	100000	100000	100000	100001
5	7	B	40000	0	100	100	100000	100000	100000	100000	100000	100000	100000	100000	100001
6	0	G	40000	923	99.077	56.7525	99077	14780	161	3	0	13743	489	384	14377
6	0	A	40000	1155	98.845	97.292	98845	1553	161	0	0	794	223	375	1154
6	0	B	40000	70560	29.44	16.213	29440	13227	0	3	0	12949	266	9	13223
6	0	cSpy was 16 spamed and the readout avoided!
6	1	G	40000	1151	98.849	94.8535	98849	5431	484	35	1	3044	1338	529	4717
6	1	A	40000	2833	97.167	94.096	97167	3071	246	3	0	1538	1024	260	2708
6	1	B	40000	2029	97.971	95.611	97971	2360	238	32	1	1506	314	269	2009
6	1	cSpy was 13 spamed and the readout avoided!
6	2	G	40000	99774	0.226003	0.073	226	306	0	0	0	305	0	1	308
6	2	A	40000	99774	0.226003	0.073	226	153	0	0	0	152	0	1	154
6	2	B	40000	99774	0.226003	0.073	226	153	0	0	0	153	0	0	154
6	3	G	40000	100000	0	0	0	0	0	0	0	0	0	0	2
6	3	A	40000	100000	0	0	0	0	0	0	0	0	0	0	1
6	3	B	40000	100000	0	0	0	0	0	0	0	0	0	0	1
6	4	G	40000	98583	1.417	0.512	1417	1407	0	0	0	1404	0	3	1409
6	4	A	40000	98696	1.304	0.561	1304	743	0	0	0	740	0	3	744
6	4	B	40000	98873	1.127	0.463	1127	664	0	0	0	664	0	0	665
6	5	G	40000	91	99.909	98.98	99909	1199	50	0	0	129	550	470	836
6	5	A	40000	479	99.521	98.993	99521	528	6	0	0	13	448	61	474
6	5	B	40000	362	99.638	98.967	99638	671	44	0	0	116	102	409	362
6	5	cSpy was 28 spamed and the readout avoided!
6	6	G	40000	78999	21.001	3.8795	21001	29084	0	0	0	28437	556	91	29081
6	6	A	40000	81731	18.269	3.701	18269	14568	0	0	0	13991	492	85	14564
6	6	B	40000	81426	18.574	4.058	18574	14516	0	0	0	14446	64	6	14517
6	7	G	40000	100000	0	0	0	0	0	0	0	0	0	0	2
6	7	A	40000	100000	0	0	0	0	0	0	0	0	0	0	1
6	7	B	40000	100000	0	0	0	0	0	0	0	0	0	0	1
7	0	G	40000	1239	98.761	89.347	98761	10536	324	5	0	9408	454	345	10131
7	0	A	40000	2350	97.65	95.015	97650	2635	166	4	0	2018	149	298	2333
7	0	B	40000	8420	91.58	83.679	91580	7901	158	1	0	7390	305	47	7798
7	0	cSpy was 38 spamed and the readout avoided!
7	1	G	40000	100000	0	0	0	0	0	0	0	0	0	0	2
7	1	A	40000	100000	0	0	0	0	0	0	0	0	0	0	1
7	1	B	40000	100000	0	0	0	0	0	0	0	0	0	0	1
7	2	G	40000	100000	0	0	0	0	0	0	0	0	0	0	2
7	2	A	40000	100000	0	0	0	0	0	0	0	0	0	0	1
7	2	B	40000	100000	0	0	0	0	0	0	0	0	0	0	1
7	3	G	40000	25684	74.316	33.692	74316	46666	0	0	0	45420	1150	96	46656
7	3	A	40000	38026	61.974	39.648	61974	22326	0	0	0	22061	171	94	22317
7	3	B	40000	47924	52.076	27.736	52076	24340	0	0	0	23359	979	2	24339
7	4	G	40000	4483	95.517	84.0765	95517	15663	260	13	0	11933	2900	557	15170
7	4	A	40000	8482	91.518	83.222	91518	8296	144	8	0	5967	1711	466	7920
7	4	B	40000	7702	92.298	84.931	92298	7367	116	5	0	5966	1189	91	7250
7	4	cSpy was 24 spamed and the readout avoided!
7	5	G	40000	100000	0	0	0	0	0	0	0	0	0	0	2
7	5	A	40000	100000	0	0	0	0	0	0	0	0	0	0	1
7	5	B	40000	100000	0	0	0	0	0	0	0	0	0	0	1
7	6	G	40000	100000	0	0	0	0	0	0	0	0	0	0	2
7	6	A	40000	100000	0	0	0	0	0	0	0	0	0	0	1
7	6	B	40000	100000	0	0	0	0	0	0	0	0	0	0	1
7	7	G	40000	75760	24.24	8.164	24240	18578	0	0	0	18469	64	45	18577
7	7	A	40000	81127	18.873	9.358	18873	9515	0	0	0	9449	21	45	9513
7	7	B	40000	83967	16.033	6.97	16033	9063	0	0	0	9020	43	0	9064
