#the gain was set to: 2	the bias was set to: 30
#Sent triggers per delay setting: 100000	and with a frequency [Hz] of: 40000
#160MHz delay setting	400MHz delay setting	Frequency	correct transmitted H+T		error rate [%]	uncertainty [%]	bad or missed events	error count	missing headers	missing trailers	flipped H/T	event nr errors	tbm missed trigger	unknown errors	event nr resets
0	0	G	40000	501	99.499	57.016	99499	15437	159	0	0	12632	1797	849	14874
0	0	A	40000	628	99.372	98.181	99372	1191	159	0	0	101	84	847	628
0	0	B	40000	69903	30.097	15.851	30097	14246	0	0	0	12531	1713	2	14246
0	0	cSpy was 45 spamed and the readout avoided!
0	1	G	40000	99802	0.198001	0.105	198	154	0	0	0	154	0	0	156
0	1	A	40000	99818	0.182003	0.107	182	75	0	0	0	75	0	0	76
0	1	B	40000	99818	0.182003	0.103	182	79	0	0	0	79	0	0	80
0	2	G	40000	0	100	100	100000	200000	200000	200000	200000	200000	200000	200000	200002
0	2	A	40000	0	100	100	100000	100000	100000	100000	100000	100000	100000	100000	100001
0	2	B	40000	0	100	100	100000	100000	100000	100000	100000	100000	100000	100000	100001
0	3	G	40000	0	100	100	100000	200000	200000	200000	200000	200000	200000	200000	200002
0	3	A	40000	0	100	100	100000	100000	100000	100000	100000	100000	100000	100000	100001
0	3	B	40000	0	100	100	100000	100000	100000	100000	100000	100000	100000	100000	100001
0	4	G	40000	100000	0	0	0	0	0	0	0	0	0	0	2
0	4	A	40000	100000	0	0	0	0	0	0	0	0	0	0	1
0	4	B	40000	100000	0	0	0	0	0	0	0	0	0	0	1
0	5	G	40000	100000	0	0	0	0	0	0	0	0	0	0	2
0	5	A	40000	100000	0	0	0	0	0	0	0	0	0	0	1
0	5	B	40000	100000	0	0	0	0	0	0	0	0	0	0	1
0	6	G	40000	67941	32.059	19.7955	32059	14770	496	25	0	13565	618	66	14610
0	6	A	40000	76142	23.858	16.613	23858	7245	89	0	0	7087	3	66	7169
0	6	B	40000	69497	30.503	22.978	30503	7525	407	25	0	6478	615	0	7441
0	6	cSpy was 24 spamed and the readout avoided!
0	7	G	40000	1850	98.15	91.7955	98150	8357	303	7	4	7225	351	469	7896
0	7	A	40000	3720	96.28	92.3	96280	3980	188	4	3	3268	126	393	3618
0	7	B	40000	4332	95.668	91.291	95668	4377	115	3	1	3957	225	76	4278
0	7	cSpy was 65 spamed and the readout avoided!
1	0	G	40000	1406	98.594	83.106	98594	16008	338	5	0	14768	300	597	15428
1	0	A	40000	2640	97.36	94.278	97360	3082	225	0	0	2257	82	518	2605
1	0	B	40000	15140	84.86	71.934	84860	12926	113	5	0	12511	218	79	12823
1	0	cSpy was 17 spamed and the readout avoided!
1	1	G	40000	0	100	100	100000	200000	200000	200000	200000	200000	200000	200000	200002
1	1	A	40000	0	100	100	100000	100000	100000	100000	100000	100000	100000	100000	100001
1	1	B	40000	0	100	100	100000	100000	100000	100000	100000	100000	100000	100000	100001
1	2	G	40000	100000	0	0	0	0	0	0	0	0	0	0	2
1	2	A	40000	100000	0	0	0	0	0	0	0	0	0	0	1
1	2	B	40000	100000	0	0	0	0	0	0	0	0	0	0	1
1	3	G	40000	100000	0	0	0	0	0	0	0	0	0	0	2
1	3	A	40000	100000	0	0	0	0	0	0	0	0	0	0	1
1	3	B	40000	100000	0	0	0	0	0	0	0	0	0	0	1
1	4	G	40000	74262	25.738	15.9265	25738	11460	379	19	0	10504	518	40	11352
1	4	A	40000	81186	18.814	13.259	18814	5555	49	0	0	5466	0	40	5514
1	4	B	40000	75501	24.499	18.594	24499	5905	330	19	0	5038	518	0	5838
1	4	cSpy was 20 spamed and the readout avoided!
1	5	G	40000	0	100	100	100000	200000	200000	200000	200000	200000	200000	200000	200002
1	5	A	40000	0	100	100	100000	100000	100000	100000	100000	100000	100000	100000	100001
1	5	B	40000	0	100	100	100000	100000	100000	100000	100000	100000	100000	100000	100001
1	6	G	40000	100000	0	0	0	0	0	0	0	0	0	0	2
1	6	A	40000	100000	0	0	0	0	0	0	0	0	0	0	1
1	6	B	40000	100000	0	0	0	0	0	0	0	0	0	0	1
1	7	G	40000	100000	0	0	0	0	0	0	0	0	0	0	2
1	7	A	40000	100000	0	0	0	0	0	0	0	0	0	0	1
1	7	B	40000	100000	0	0	0	0	0	0	0	0	0	0	1
2	0	G	40000	8071	91.929	42.1675	91929	7801	141	0	0	7107	152	401	7465
2	0	A	40000	8084	91.916	84.277	91916	7639	141	0	0	7020	77	401	7302
2	0	B	40000	99780	0.220001	0.058	220	162	0	0	0	87	75	0	163
2	1	G	40000	100000	0	0	0	0	0	0	0	0	0	0	2
2	1	A	40000	100000	0	0	0	0	0	0	0	0	0	0	1
2	1	B	40000	100000	0	0	0	0	0	0	0	0	0	0	1
2	2	G	40000	98630	1.37	0.3465	1370	2045	0	0	0	2045	0	0	2047
2	2	A	40000	98631	1.369	0.347	1369	1022	0	0	0	1022	0	0	1023
2	2	B	40000	98631	1.369	0.346	1369	1023	0	0	0	1023	0	0	1024
2	3	G	40000	0	100	100	100000	200000	200000	200000	200000	200000	200000	200000	200002
2	3	A	40000	0	100	100	100000	100000	100000	100000	100000	100000	100000	100000	100001
2	3	B	40000	0	100	100	100000	100000	100000	100000	100000	100000	100000	100000	100001
2	4	G	40000	66216	33.784	13.0665	33784	22234	12	8	0	12946	8919	349	22221
2	4	A	40000	73579	26.421	15.493	26421	10928	6	1	0	6246	4330	345	10921
2	4	B	40000	78054	21.946	10.64	21946	11306	6	7	0	6700	4589	4	11300
2	4	cSpy was 4 spamed and the readout avoided!
2	5	G	40000	100000	0	0	0	0	0	0	0	0	0	0	2
2	5	A	40000	100000	0	0	0	0	0	0	0	0	0	0	1
2	5	B	40000	100000	0	0	0	0	0	0	0	0	0	0	1
2	6	G	40000	99999	0.00100136	0	1	2	0	0	0	2	0	0	4
2	6	A	40000	99999	0.00100136	0	1	1	0	0	0	1	0	0	2
2	6	B	40000	99999	0.00100136	0	1	1	0	0	0	1	0	0	2
2	7	G	40000	59055	40.945	26.071	40945	22599	796	73	2	20987	689	52	22369
2	7	A	40000	62257	37.743	26.957	37743	10786	412	17	0	10248	62	47	10666
2	7	B	40000	63002	36.998	25.185	36998	11813	384	56	2	10739	627	5	11703
2	7	cSpy was 95 spamed and the readout avoided!
3	0	G	40000	2125	97.875	65.395	97875	15156	222	7	0	14514	144	269	14821
3	0	A	40000	2760	97.24	94.164	97240	3076	222	7	0	2436	142	269	2740
3	0	B	40000	51294	48.706	36.626	48706	12080	0	0	0	12078	2	0	12081
3	0	cSpy was 27 spamed and the readout avoided!
3	1	G	40000	23976	76.024	31.678	76024	56384	0	0	0	56278	17	89	56310
3	1	A	40000	38511	61.489	37.069	61489	24420	0	0	0	24329	4	87	24345
3	1	B	40000	41749	58.251	26.287	58251	31964	0	0	0	31949	13	2	31965
3	2	G	40000	29736	70.264	46.8945	70264	41482	14	0	0	35888	5472	108	41447
3	2	A	40000	32435	67.565	46.846	67565	20719	7	0	0	17118	3488	106	20688
3	2	B	40000	32294	67.706	46.943	67706	20763	7	0	0	18770	1984	2	20759
3	3	G	40000	100000	0	0	0	0	0	0	0	0	0	0	2
3	3	A	40000	100000	0	0	0	0	0	0	0	0	0	0	1
3	3	B	40000	100000	0	0	0	0	0	0	0	0	0	0	1
3	4	G	40000	100000	0	0	0	0	0	0	0	0	0	0	2
3	4	A	40000	100000	0	0	0	0	0	0	0	0	0	0	1
3	4	B	40000	100000	0	0	0	0	0	0	0	0	0	0	1
3	5	G	40000	19451	80.549	33.137	80549	59670	0	0	0	59468	107	95	59612
3	5	A	40000	35268	64.732	38.926	64732	25806	0	0	0	25712	0	94	25747
3	5	B	40000	38788	61.212	27.348	61212	33864	0	0	0	33756	107	1	33865
3	6	G	40000	3604	96.396	86.923	96396	13062	371	35	1	9776	2257	622	12446
3	6	A	40000	6673	93.327	86.688	93327	6639	180	2	0	4508	1472	477	6241
3	6	B	40000	6419	93.581	87.158	93581	6423	191	33	1	5268	785	145	6205
3	6	cSpy was 15 spamed and the readout avoided!
3	7	G	40000	100000	0	0	0	0	0	0	0	0	0	0	2
3	7	A	40000	100000	0	0	0	0	0	0	0	0	0	0	1
3	7	B	40000	100000	0	0	0	0	0	0	0	0	0	0	1
4	0	G	40000	245	99.755	97.503	99755	2762	196	0	0	1544	460	562	2212
4	0	A	40000	1512	98.488	96.705	98488	1783	114	0	0	1067	331	271	1495
4	0	B	40000	720	99.28	98.301	99280	979	82	0	0	477	129	291	717
4	0	cSpy was 39 spamed and the readout avoided!
4	1	G	40000	99955	0.0450015	0.017	45	56	0	0	0	55	0	1	58
4	1	A	40000	99955	0.0450015	0.017	45	28	0	0	0	27	0	1	29
4	1	B	40000	99955	0.0450015	0.017	45	28	0	0	0	28	0	0	29
4	2	G	40000	100000	0	0	0	0	0	0	0	0	0	0	2
4	2	A	40000	100000	0	0	0	0	0	0	0	0	0	0	1
4	2	B	40000	100000	0	0	0	0	0	0	0	0	0	0	1
4	3	G	40000	92164	7.836	2.6945	7836	6780	0	0	0	6764	7	9	6782
4	3	A	40000	93449	6.551	3.016	6551	3535	0	0	0	3524	2	9	3536
4	3	B	40000	94382	5.618	2.373	5618	3245	0	0	0	3240	5	0	3246
4	4	G	40000	0	100	100	100000	200000	200000	200000	200000	200000	200000	200000	200002
4	4	A	40000	0	100	100	100000	100000	100000	100000	100000	100000	100000	100000	100001
4	4	B	40000	0	100	100	100000	100000	100000	100000	100000	100000	100000	100000	100001
4	5	G	40000	94273	5.727	1.746	5727	7962	0	0	0	7904	23	35	7964
4	5	A	40000	94273	5.727	1.746	5727	3981	0	0	0	3924	23	34	3982
4	5	B	40000	94273	5.727	1.746	5727	3981	0	0	0	3980	0	1	3982
4	6	G	40000	100000	0	0	0	0	0	0	0	0	0	0	2
4	6	A	40000	100000	0	0	0	0	0	0	0	0	0	0	1
4	6	B	40000	100000	0	0	0	0	0	0	0	0	0	0	1
4	7	G	40000	100000	0	0	0	0	0	0	0	0	0	0	2
4	7	A	40000	100000	0	0	0	0	0	0	0	0	0	0	1
4	7	B	40000	100000	0	0	0	0	0	0	0	0	0	0	1
5	0	G	40000	847	99.153	51.4815	99153	8237	158	0	0	7128	373	578	7717
5	0	A	40000	916	99.084	97.647	99084	1437	158	0	0	348	353	578	916
5	0	B	40000	87884	12.116	5.316	12116	6800	0	0	0	6780	20	0	6801
5	0	cSpy was 29 spamed and the readout avoided!
5	1	G	40000	100000	0	0	0	0	0	0	0	0	0	0	2
5	1	A	40000	100000	0	0	0	0	0	0	0	0	0	0	1
5	1	B	40000	100000	0	0	0	0	0	0	0	0	0	0	1
5	2	G	40000	23340	76.66	35.607	76660	47511	0	0	0	47183	233	95	47509
5	2	A	40000	35542	64.458	41.823	64458	22635	0	0	0	22519	21	95	22633
5	2	B	40000	45733	54.267	29.391	54267	24876	0	0	0	24664	212	0	24876
5	3	G	40000	16766	83.234	60.291	83234	31466	114	11	0	25835	5186	320	31245
5	3	A	40000	24450	75.55	59.298	75550	16252	66	7	0	12650	3243	286	16072
5	3	B	40000	23502	76.498	61.284	76498	15214	48	4	0	13185	1943	34	15173
5	3	cSpy was 11 spamed and the readout avoided!
5	4	G	40000	100000	0	0	0	0	0	0	0	0	0	0	2
5	4	A	40000	100000	0	0	0	0	0	0	0	0	0	0	1
5	4	B	40000	100000	0	0	0	0	0	0	0	0	0	0	1
5	5	G	40000	100000	0	0	0	0	0	0	0	0	0	0	2
5	5	A	40000	100000	0	0	0	0	0	0	0	0	0	0	1
5	5	B	40000	100000	0	0	0	0	0	0	0	0	0	0	1
5	6	G	40000	47815	52.185	22.9035	52185	33228	0	0	0	32023	1138	67	33218
5	6	A	40000	57098	42.902	26.874	42902	16028	0	0	0	15642	319	67	16017
5	6	B	40000	63867	36.133	18.933	36133	17200	0	0	0	16381	819	0	17201
5	7	G	40000	1877	98.123	93.2295	98123	6947	380	9	0	4500	1416	642	6303
5	7	A	40000	3460	96.54	92.904	96540	3636	195	3	0	2195	822	421	3247
5	7	B	40000	3134	96.866	93.555	96866	3311	185	6	0	2305	594	221	3056
5	7	cSpy was 37 spamed and the readout avoided!
6	0	G	40000	889	99.111	57.8495	99111	15309	125	1	0	14285	527	371	14962
6	0	A	40000	1087	98.913	97.483	98913	1430	125	0	0	728	209	368	1086
6	0	B	40000	67905	32.095	18.216	32095	13879	0	1	0	13557	318	3	13876
6	0	cSpy was 9 spamed and the readout avoided!
6	1	G	40000	1737	98.263	93.084	98263	7106	431	46	1	4844	1232	552	6458
6	1	A	40000	3652	96.348	92.529	96348	3819	213	1	0	2408	856	341	3441
6	1	B	40000	3074	96.926	93.639	96926	3287	218	45	1	2436	376	211	3017
6	1	cSpy was 20 spamed and the readout avoided!
6	2	G	40000	99952	0.0479996	0.017	48	62	0	0	0	62	0	0	64
6	2	A	40000	99952	0.0479996	0.017	48	31	0	0	0	31	0	0	32
6	2	B	40000	99952	0.0479996	0.017	48	31	0	0	0	31	0	0	32
6	3	G	40000	100000	0	0	0	0	0	0	0	0	0	0	2
6	3	A	40000	100000	0	0	0	0	0	0	0	0	0	0	1
6	3	B	40000	100000	0	0	0	0	0	0	0	0	0	0	1
6	4	G	40000	96496	3.504	1.1875	3504	3486	0	0	0	3474	2	10	3488
6	4	A	40000	96863	3.137	1.308	3137	1829	0	0	0	1818	1	10	1830
6	4	B	40000	97276	2.724	1.067	2724	1657	0	0	0	1656	1	0	1658
6	5	G	40000	278	99.722	98.058	99722	2178	158	5	1	380	1081	553	1701
6	5	A	40000	1003	98.997	97.854	98997	1143	49	0	0	143	809	142	998
6	5	B	40000	703	99.297	98.262	99297	1035	109	5	1	237	272	411	703
6	5	cSpy was 8 spamed and the readout avoided!
6	6	G	40000	85281	14.719	3.354	14719	21150	0	0	0	20869	208	73	21151
6	6	A	40000	86122	13.878	3.28	13878	10598	0	0	0	10337	190	71	10598
6	6	B	40000	86020	13.98	3.428	13980	10552	0	0	0	10532	18	2	10553
6	7	G	40000	100000	0	0	0	0	0	0	0	0	0	0	2
6	7	A	40000	100000	0	0	0	0	0	0	0	0	0	0	1
6	7	B	40000	100000	0	0	0	0	0	0	0	0	0	0	1
7	0	G	40000	1118	98.882	92.5335	98882	7610	377	10	0	6508	354	361	7132
7	0	A	40000	2294	97.706	95.082	97706	2624	198	4	0	1933	172	317	2270
7	0	B	40000	5029	94.971	89.985	94971	4986	179	6	0	4575	182	44	4862
7	0	cSpy was 40 spamed and the readout avoided!
7	1	G	40000	100000	0	0	0	0	0	0	0	0	0	0	2
7	1	A	40000	100000	0	0	0	0	0	0	0	0	0	0	1
7	1	B	40000	100000	0	0	0	0	0	0	0	0	0	0	1
7	2	G	40000	100000	0	0	0	0	0	0	0	0	0	0	2
7	2	A	40000	100000	0	0	0	0	0	0	0	0	0	0	1
7	2	B	40000	100000	0	0	0	0	0	0	0	0	0	0	1
7	3	G	40000	68973	31.027	18.131	31027	25341	0	0	0	25148	70	123	25323
7	3	A	40000	69300	30.7	18.131	30700	12569	0	0	0	12400	48	121	12550
7	3	B	40000	69097	30.903	18.131	30903	12772	0	0	0	12748	22	2	12773
7	4	G	40000	0	100	100	100000	200000	200000	200000	200000	200000	200000	200000	200002
7	4	A	40000	0	100	100	100000	100000	100000	100000	100000	100000	100000	100000	100001
7	4	B	40000	0	100	100	100000	100000	100000	100000	100000	100000	100000	100000	100001
7	5	G	40000	100000	0	0	0	0	0	0	0	0	0	0	2
7	5	A	40000	100000	0	0	0	0	0	0	0	0	0	0	1
7	5	B	40000	100000	0	0	0	0	0	0	0	0	0	0	1
7	6	G	40000	100000	0	0	0	0	0	0	0	0	0	0	2
7	6	A	40000	100000	0	0	0	0	0	0	0	0	0	0	1
7	6	B	40000	100000	0	0	0	0	0	0	0	0	0	0	1
7	7	G	40000	96399	3.601	1.1755	3601	4668	0	0	0	4651	6	11	4668
7	7	A	40000	96492	3.508	1.176	3508	2332	0	0	0	2318	3	11	2331
7	7	B	40000	96489	3.511	1.175	3511	2336	0	0	0	2333	3	0	2337
