#the gain was set to: 2	the bias was set to: 30
#Sent triggers per delay setting: 100000	and with a frequency [Hz] of: 40000
#160MHz delay setting	400MHz delay setting	Frequency	correct transmitted H+T		error rate [%]	uncertainty [%]	bad or missed events	error count	missing headers	missing trailers	flipped H/T	event nr errors	tbm missed trigger	unknown errors	event nr resets
0	0	G	40000	513	99.487	56.6945	99487	15123	151	0	0	12325	1816	831	14585
0	0	A	40000	656	99.344	98.149	99344	1195	151	0	0	124	90	830	656
0	0	B	40000	70832	29.168	15.24	29168	13928	0	0	0	12201	1726	1	13929
0	0	cSpy was 43 spamed and the readout avoided!
0	1	G	40000	92187	7.813	5.7655	7813	2808	9	0	0	2758	28	13	2797
0	1	A	40000	92926	7.074	5.595	7074	1479	4	0	0	1438	24	13	1469
0	1	B	40000	92735	7.265	5.936	7265	1329	5	0	0	1320	4	0	1328
0	2	G	40000	0	100	100	100000	200000	200000	200000	200000	200000	200000	200000	200002
0	2	A	40000	0	100	100	100000	100000	100000	100000	100000	100000	100000	100000	100001
0	2	B	40000	0	100	100	100000	100000	100000	100000	100000	100000	100000	100000	100001
0	3	G	40000	0	100	100	100000	200000	200000	200000	200000	200000	200000	200000	200002
0	3	A	40000	0	100	100	100000	100000	100000	100000	100000	100000	100000	100000	100001
0	3	B	40000	0	100	100	100000	100000	100000	100000	100000	100000	100000	100000	100001
0	4	G	40000	100000	0	0	0	0	0	0	0	0	0	0	2
0	4	A	40000	100000	0	0	0	0	0	0	0	0	0	0	1
0	4	B	40000	100000	0	0	0	0	0	0	0	0	0	0	1
0	5	G	40000	98869	1.131	0.395	1131	912	0	0	0	907	3	2	914
0	5	A	40000	99210	0.79	0.327	790	463	0	0	0	458	3	2	464
0	5	B	40000	99088	0.911999	0.463	912	449	0	0	0	449	0	0	450
0	6	G	40000	0	100	99.9625	100000	45	0	0	0	2	6	37	30
0	6	A	40000	0	100	100	100000	0	0	0	0	0	0	0	0
0	6	B	40000	30	99.97	99.925	99970	45	0	0	0	2	6	37	30
0	7	G	40000	1092	98.908	95.6395	98908	4488	16	0	0	3586	91	795	4091
0	7	A	40000	2280	97.72	95.123	97720	2597	10	0	0	1768	43	776	2213
0	7	B	40000	1953	98.047	96.156	98047	1891	6	0	0	1818	48	19	1878
0	7	cSpy was 2 spamed and the readout avoided!
1	0	G	40000	846	99.154	91.0105	99154	8713	228	23	0	7664	371	427	8277
1	0	A	40000	1529	98.471	96.72	98471	1751	99	0	0	1336	55	261	1506
1	0	B	40000	7737	92.263	85.301	92263	6962	129	23	0	6328	316	166	6771
1	0	cSpy was 63 spamed and the readout avoided!
1	1	G	40000	1305	98.695	92.0245	98695	8316	443	3	2	5331	1725	812	7526
1	1	A	40000	4306	95.694	90.788	95694	4906	326	0	2	2310	1553	715	4241
1	1	B	40000	3329	96.671	93.261	96671	3410	117	3	0	3021	172	97	3285
1	1	cSpy was 92 spamed and the readout avoided!
1	2	G	40000	100000	0	0	0	0	0	0	0	0	0	0	2
1	2	A	40000	100000	0	0	0	0	0	0	0	0	0	0	1
1	2	B	40000	100000	0	0	0	0	0	0	0	0	0	0	1
1	3	G	40000	100000	0	0	0	0	0	0	0	0	0	0	2
1	3	A	40000	100000	0	0	0	0	0	0	0	0	0	0	1
1	3	B	40000	100000	0	0	0	0	0	0	0	0	0	0	1
1	4	G	40000	66037	33.963	21.7185	33963	13510	449	32	0	12251	747	31	13402
1	4	A	40000	75052	24.948	18.462	24948	6486	33	0	0	6422	0	31	6461
1	4	B	40000	68001	31.999	24.975	31999	7024	416	32	0	5829	747	0	6941
1	4	cSpy was 27 spamed and the readout avoided!
1	5	G	40000	0	100	100	100000	200000	200000	200000	200000	200000	200000	200000	200002
1	5	A	40000	0	100	100	100000	100000	100000	100000	100000	100000	100000	100000	100001
1	5	B	40000	0	100	100	100000	100000	100000	100000	100000	100000	100000	100000	100001
1	6	G	40000	100000	0	0	0	0	0	0	0	0	0	0	2
1	6	A	40000	100000	0	0	0	0	0	0	0	0	0	0	1
1	6	B	40000	100000	0	0	0	0	0	0	0	0	0	0	1
1	7	G	40000	100000	0	0	0	0	0	0	0	0	0	0	2
1	7	A	40000	100000	0	0	0	0	0	0	0	0	0	0	1
1	7	B	40000	100000	0	0	0	0	0	0	0	0	0	0	1
2	0	G	40000	8810	91.19	41.5275	91190	8645	140	0	0	7995	136	374	8354
2	0	A	40000	8847	91.153	82.974	91153	8179	140	0	0	7605	60	374	7887
2	0	B	40000	99453	0.546998	0.081	547	466	0	0	0	390	76	0	467
2	0	cSpy was 1 spamed and the readout avoided!
2	1	G	40000	100000	0	0	0	0	0	0	0	0	0	0	2
2	1	A	40000	100000	0	0	0	0	0	0	0	0	0	0	1
2	1	B	40000	100000	0	0	0	0	0	0	0	0	0	0	1
2	2	G	40000	99131	0.869	0.187	869	1364	0	0	0	1364	0	0	1366
2	2	A	40000	99131	0.869	0.187	869	682	0	0	0	682	0	0	683
2	2	B	40000	99131	0.869	0.187	869	682	0	0	0	682	0	0	683
2	3	G	40000	0	100	100	100000	200000	200000	200000	200000	200000	200000	200000	200002
2	3	A	40000	0	100	100	100000	100000	100000	100000	100000	100000	100000	100000	100001
2	3	B	40000	0	100	100	100000	100000	100000	100000	100000	100000	100000	100000	100001
2	4	G	40000	55796	44.204	18.1825	44204	28154	109	26	1	16300	11233	485	28087
2	4	A	40000	65518	34.482	20.613	34482	13869	9	4	0	7948	5434	474	13849
2	4	B	40000	69963	30.037	15.752	30037	14285	100	22	1	8352	5799	11	14238
2	4	cSpy was 20 spamed and the readout avoided!
2	5	G	40000	100000	0	0	0	0	0	0	0	0	0	0	2
2	5	A	40000	100000	0	0	0	0	0	0	0	0	0	0	1
2	5	B	40000	100000	0	0	0	0	0	0	0	0	0	0	1
2	6	G	40000	100000	0	0	0	0	0	0	0	0	0	0	2
2	6	A	40000	100000	0	0	0	0	0	0	0	0	0	0	1
2	6	B	40000	100000	0	0	0	0	0	0	0	0	0	0	1
2	7	G	40000	64765	35.235	22.9095	35235	19096	732	47	1	17698	571	47	18890
2	7	A	40000	67289	32.711	23.611	32711	9100	370	3	1	8655	30	41	9003
2	7	B	40000	67796	32.204	22.208	32204	9996	362	44	0	9043	541	6	9887
2	7	cSpy was 84 spamed and the readout avoided!
3	0	G	40000	2170	97.83	63.8435	97830	13970	226	4	0	13324	128	288	13618
3	0	A	40000	2798	97.202	94.084	97202	3118	225	4	0	2488	113	288	2766
3	0	B	40000	55545	44.455	33.603	44455	10852	1	0	0	10836	15	0	10852
3	0	cSpy was 22 spamed and the readout avoided!
3	1	G	40000	16680	83.32	35.986	83320	60664	0	0	0	60551	14	99	60567
3	1	A	40000	31959	68.041	42.232	68041	25809	0	0	0	25702	8	99	25712
3	1	B	40000	35405	64.595	29.74	64595	34855	0	0	0	34849	6	0	34855
3	2	G	40000	30113	69.887	51.201	69887	34165	5	0	0	30067	4010	83	34142
3	2	A	40000	31708	68.292	51.254	68292	17038	3	0	0	14339	2616	80	17017
3	2	B	40000	31725	68.275	51.148	68275	17127	2	0	0	15728	1394	3	17125
3	3	G	40000	100000	0	0	0	0	0	0	0	0	0	0	2
3	3	A	40000	100000	0	0	0	0	0	0	0	0	0	0	1
3	3	B	40000	100000	0	0	0	0	0	0	0	0	0	0	1
3	4	G	40000	100000	0	0	0	0	0	0	0	0	0	0	2
3	4	A	40000	100000	0	0	0	0	0	0	0	0	0	0	1
3	4	B	40000	100000	0	0	0	0	0	0	0	0	0	0	1
3	5	G	40000	27676	72.324	29.3155	72324	53609	0	0	0	53393	130	86	53554
3	5	A	40000	42172	57.828	34.368	57828	23460	0	0	0	23376	0	84	23405
3	5	B	40000	45588	54.412	24.263	54412	30149	0	0	0	30017	130	2	30149
3	6	G	40000	5501	94.499	83.3485	94499	16190	159	6	0	12962	2571	492	15839
3	6	A	40000	8573	91.427	83.24	91427	8187	86	5	0	6125	1530	441	7896
3	6	B	40000	8540	91.46	83.457	91460	8003	73	1	0	6837	1041	51	7943
3	6	cSpy was 10 spamed and the readout avoided!
3	7	G	40000	100000	0	0	0	0	0	0	0	0	0	0	2
3	7	A	40000	100000	0	0	0	0	0	0	0	0	0	0	1
3	7	B	40000	100000	0	0	0	0	0	0	0	0	0	0	1
4	0	G	40000	247	99.753	98.241	99753	1980	160	0	0	959	356	505	1525
4	0	A	40000	812	99.188	98.146	99188	1042	83	0	0	436	260	263	799
4	0	B	40000	726	99.274	98.336	99274	938	77	0	0	523	96	242	726
4	0	cSpy was 40 spamed and the readout avoided!
4	1	G	40000	99990	0.0100017	0.005	10	10	0	0	0	10	0	0	12
4	1	A	40000	99990	0.0100017	0.005	10	5	0	0	0	5	0	0	6
4	1	B	40000	99990	0.0100017	0.005	10	5	0	0	0	5	0	0	6
4	2	G	40000	100000	0	0	0	0	0	0	0	0	0	0	2
4	2	A	40000	100000	0	0	0	0	0	0	0	0	0	0	1
4	2	B	40000	100000	0	0	0	0	0	0	0	0	0	0	1
4	3	G	40000	96047	3.953	1.323	3953	5001	0	0	0	4972	19	10	5003
4	3	A	40000	96176	3.824	1.323	3824	2501	0	0	0	2481	10	10	2502
4	3	B	40000	96177	3.823	1.323	3823	2500	0	0	0	2491	9	0	2501
4	4	G	40000	0	100	100	100000	200000	200000	200000	200000	200000	200000	200000	200002
4	4	A	40000	0	100	100	100000	100000	100000	100000	100000	100000	100000	100000	100001
4	4	B	40000	0	100	100	100000	100000	100000	100000	100000	100000	100000	100000	100001
4	5	G	40000	88166	11.834	6.606	11834	10319	0	0	0	9929	336	54	10305
4	5	A	40000	88221	11.779	6.606	11779	5173	0	0	0	4868	251	54	5158
4	5	B	40000	88248	11.752	6.606	11752	5146	0	0	0	5061	85	0	5147
4	6	G	40000	100000	0	0	0	0	0	0	0	0	0	0	2
4	6	A	40000	100000	0	0	0	0	0	0	0	0	0	0	1
4	6	B	40000	100000	0	0	0	0	0	0	0	0	0	0	1
4	7	G	40000	100000	0	0	0	0	0	0	0	0	0	0	2
4	7	A	40000	100000	0	0	0	0	0	0	0	0	0	0	1
4	7	B	40000	100000	0	0	0	0	0	0	0	0	0	0	1
5	0	G	40000	893	99.107	51.3105	99107	7921	172	0	0	6789	379	581	7408
5	0	A	40000	942	99.058	97.602	99058	1456	172	0	0	342	361	581	942
5	0	B	40000	88516	11.484	5.019	11484	6465	0	0	0	6447	18	0	6466
5	0	cSpy was 30 spamed and the readout avoided!
5	1	G	40000	100000	0	0	0	0	0	0	0	0	0	0	2
5	1	A	40000	100000	0	0	0	0	0	0	0	0	0	0	1
5	1	B	40000	100000	0	0	0	0	0	0	0	0	0	0	1
5	2	G	40000	27726	72.274	33.403	72274	44964	0	0	0	44806	70	88	44963
5	2	A	40000	39352	60.648	39.172	60648	21476	0	0	0	21347	42	87	21475
5	2	B	40000	48878	51.122	27.634	51122	23488	0	0	0	23459	28	1	23488
5	3	G	40000	14921	85.079	59.506	85079	34830	23	0	0	28476	6135	196	34750
5	3	A	40000	23607	76.393	58.458	76393	17935	13	0	0	14004	3725	193	17859
5	3	B	40000	22551	77.449	60.554	77449	16895	10	0	0	14472	2410	3	16891
5	4	G	40000	100000	0	0	0	0	0	0	0	0	0	0	2
5	4	A	40000	100000	0	0	0	0	0	0	0	0	0	0	1
5	4	B	40000	100000	0	0	0	0	0	0	0	0	0	0	1
5	5	G	40000	100000	0	0	0	0	0	0	0	0	0	0	2
5	5	A	40000	100000	0	0	0	0	0	0	0	0	0	0	1
5	5	B	40000	100000	0	0	0	0	0	0	0	0	0	0	1
5	6	G	40000	29123	70.877	31.2365	70877	45139	0	0	0	43606	1440	93	45124
5	6	A	40000	41627	58.373	36.659	58373	21714	0	0	0	21259	362	93	21698
5	6	B	40000	50761	49.239	25.814	49239	23425	0	0	0	22347	1078	0	23426
5	7	G	40000	2760	97.24	89.893	97240	10364	574	57	0	6828	2040	865	9425
5	7	A	40000	5206	94.794	89.343	94794	5451	283	5	0	3340	1271	552	4901
5	7	B	40000	4644	95.356	90.443	95356	4913	291	52	0	3488	769	313	4524
5	7	cSpy was 54 spamed and the readout avoided!
6	0	G	40000	891	99.109	58.7475	99109	16712	161	0	0	15607	564	380	16326
6	0	A	40000	1155	98.845	97.313	98845	1532	160	0	0	797	206	369	1151
6	0	B	40000	64638	35.362	20.182	35362	15180	1	0	0	14810	358	11	15175
6	0	cSpy was 20 spamed and the readout avoided!
6	1	G	40000	1547	98.453	93.53	98453	6741	525	54	0	4074	1485	603	5993
6	1	A	40000	3521	96.479	92.753	96479	3726	255	4	0	2034	1118	315	3341
6	1	B	40000	2678	97.322	94.307	97322	3015	270	50	0	2040	367	288	2652
6	1	cSpy was 19 spamed and the readout avoided!
6	2	G	40000	99749	0.251001	0.077	251	348	0	0	0	347	0	1	350
6	2	A	40000	99749	0.251001	0.077	251	174	0	0	0	173	0	1	175
6	2	B	40000	99749	0.251001	0.077	251	174	0	0	0	174	0	0	175
6	3	G	40000	100000	0	0	0	0	0	0	0	0	0	0	2
6	3	A	40000	100000	0	0	0	0	0	0	0	0	0	0	1
6	3	B	40000	100000	0	0	0	0	0	0	0	0	0	0	1
6	4	G	40000	99265	0.735003	0.2475	735	808	0	0	0	806	0	2	810
6	4	A	40000	99305	0.695002	0.27	695	425	0	0	0	423	0	2	426
6	4	B	40000	99392	0.607997	0.225	608	383	0	0	0	383	0	0	384
6	5	G	40000	35	99.965	99.438	99965	661	12	0	0	64	299	286	463
6	5	A	40000	155	99.845	99.669	99845	176	1	0	0	9	141	25	155
6	5	B	40000	308	99.692	99.207	99692	485	11	0	0	55	158	261	308
6	5	cSpy was 79 spamed and the readout avoided!
6	6	G	40000	77427	22.573	3.994	22573	30936	0	0	0	30181	670	85	30935
6	6	A	40000	80716	19.284	3.784	19284	15500	0	0	0	14822	599	79	15498
6	6	B	40000	80360	19.64	4.204	19640	15436	0	0	0	15359	71	6	15437
6	7	G	40000	100000	0	0	0	0	0	0	0	0	0	0	2
6	7	A	40000	100000	0	0	0	0	0	0	0	0	0	0	1
6	7	B	40000	100000	0	0	0	0	0	0	0	0	0	0	1
7	0	G	40000	1273	98.727	90.0605	98727	9931	370	9	0	8822	369	361	9436
7	0	A	40000	2478	97.522	94.694	97522	2828	206	7	0	2174	136	305	2450
7	0	B	40000	7470	92.53	85.427	92530	7103	164	2	0	6648	233	56	6986
7	0	cSpy was 33 spamed and the readout avoided!
7	1	G	40000	100000	0	0	0	0	0	0	0	0	0	0	2
7	1	A	40000	100000	0	0	0	0	0	0	0	0	0	0	1
7	1	B	40000	100000	0	0	0	0	0	0	0	0	0	0	1
7	2	G	40000	100000	0	0	0	0	0	0	0	0	0	0	2
7	2	A	40000	100000	0	0	0	0	0	0	0	0	0	0	1
7	2	B	40000	100000	0	0	0	0	0	0	0	0	0	0	1
7	3	G	40000	26587	73.413	33.0685	73413	46103	0	0	0	44790	1218	95	46091
7	3	A	40000	38976	61.024	38.94	61024	22084	0	0	0	21783	207	94	22071
7	3	B	40000	48784	51.216	27.197	51216	24019	0	0	0	23007	1011	1	24020
7	4	G	40000	7389	92.611	84.76	92611	11169	252	16	0	8312	2018	571	10652
7	4	A	40000	9945	90.055	84.188	90055	5867	126	6	0	4124	1255	356	5559
7	4	B	40000	9366	90.634	85.332	90634	5302	126	10	0	4188	763	215	5093
7	4	cSpy was 14 spamed and the readout avoided!
7	5	G	40000	100000	0	0	0	0	0	0	0	0	0	0	2
7	5	A	40000	100000	0	0	0	0	0	0	0	0	0	0	1
7	5	B	40000	100000	0	0	0	0	0	0	0	0	0	0	1
7	6	G	40000	100000	0	0	0	0	0	0	0	0	0	0	2
7	6	A	40000	100000	0	0	0	0	0	0	0	0	0	0	1
7	6	B	40000	100000	0	0	0	0	0	0	0	0	0	0	1
7	7	G	40000	78052	21.948	7.369	21948	16497	0	0	0	16359	98	40	16493
7	7	A	40000	83122	16.878	8.502	16878	8376	0	0	0	8306	32	38	8371
7	7	B	40000	85643	14.357	6.236	14357	8121	0	0	0	8053	66	2	8122
