#the gain was set to: 2	the bias was set to: 30
#Sent triggers per delay setting: 100000	and with a frequency [Hz] of: 40000
#160MHz delay setting	400MHz delay setting	Frequency	correct transmitted H+T		error rate [%]	uncertainty [%]	bad or missed events	error count	missing headers	missing trailers	flipped H/T	event nr errors	tbm missed trigger	unknown errors	event nr resets
0	0	G	40000	466	99.534	58.8025	99534	17322	160	0	0	14385	1940	837	16768
0	0	A	40000	632	99.368	98.182	99368	1186	160	0	0	77	113	836	632
0	0	B	40000	64441	35.559	19.423	35559	16136	0	0	0	14308	1827	1	16136
0	0	cSpy was 73 spamed and the readout avoided!
0	1	G	40000	87274	12.726	4.393	12726	9963	0	0	0	9935	21	7	9965
0	1	A	40000	91395	8.605	3.549	8605	5056	0	0	0	5031	18	7	5057
0	1	B	40000	89856	10.144	5.237	10144	4907	0	0	0	4904	3	0	4908
0	2	G	40000	0	100	100	100000	200000	200000	200000	200000	200000	200000	200000	200002
0	2	A	40000	0	100	100	100000	100000	100000	100000	100000	100000	100000	100000	100001
0	2	B	40000	0	100	100	100000	100000	100000	100000	100000	100000	100000	100000	100001
0	3	G	40000	97848	2.152	1.27	2152	1764	0	0	0	1764	0	0	1766
0	3	A	40000	97848	2.152	1.27	2152	882	0	0	0	882	0	0	883
0	3	B	40000	97848	2.152	1.27	2152	882	0	0	0	882	0	0	883
0	4	G	40000	100000	0	0	0	0	0	0	0	0	0	0	2
0	4	A	40000	100000	0	0	0	0	0	0	0	0	0	0	1
0	4	B	40000	100000	0	0	0	0	0	0	0	0	0	0	1
0	5	G	40000	99966	0.0339985	0.01	34	36	0	0	0	36	0	0	38
0	5	A	40000	99977	0.0230014	0.006	23	17	0	0	0	17	0	0	18
0	5	B	40000	99967	0.0329971	0.014	33	19	0	0	0	19	0	0	20
0	6	G	40000	0	100	100	100000	200000	200000	200000	200000	200000	200000	200000	200002
0	6	A	40000	0	100	100	100000	100000	100000	100000	100000	100000	100000	100000	100001
0	6	B	40000	0	100	100	100000	100000	100000	100000	100000	100000	100000	100000	100001
0	7	G	40000	15641	84.359	68.7005	84359	22532	64	0	0	20304	1474	690	22137
0	7	A	40000	19944	80.056	68.694	80056	11362	27	0	0	9962	754	619	11035
0	7	B	40000	20123	79.877	68.707	79877	11170	37	0	0	10342	720	71	11102
0	7	cSpy was 26 spamed and the readout avoided!
1	0	G	40000	308	99.692	97.2915	99692	2927	309	2	0	1847	393	376	2478
1	0	A	40000	715	99.285	98.346	99285	939	73	1	0	492	140	233	711
1	0	B	40000	1775	98.225	96.237	98225	1988	236	1	0	1355	253	143	1767
1	0	cSpy was 74 spamed and the readout avoided!
1	1	G	40000	33732	66.268	47.141	66268	24964	353	43	1	23117	779	671	24309
1	1	A	40000	38751	61.249	50.175	61249	11074	213	28	0	10005	242	586	10552
1	1	B	40000	42003	57.997	44.107	57997	13890	140	15	1	13112	537	85	13757
1	1	cSpy was 34 spamed and the readout avoided!
1	2	G	40000	100000	0	0	0	0	0	0	0	0	0	0	2
1	2	A	40000	100000	0	0	0	0	0	0	0	0	0	0	1
1	2	B	40000	100000	0	0	0	0	0	0	0	0	0	0	1
1	3	G	40000	100000	0	0	0	0	0	0	0	0	0	0	2
1	3	A	40000	100000	0	0	0	0	0	0	0	0	0	0	1
1	3	B	40000	100000	0	0	0	0	0	0	0	0	0	0	1
1	4	G	40000	69416	30.584	18.9125	30584	14257	467	24	0	13129	574	63	14104
1	4	A	40000	77088	22.912	15.961	22912	6951	86	0	0	6801	1	63	6877
1	4	B	40000	70830	29.17	21.864	29170	7306	381	24	0	6328	573	0	7227
1	4	cSpy was 24 spamed and the readout avoided!
1	5	G	40000	0	100	100	100000	200000	200000	200000	200000	200000	200000	200000	200002
1	5	A	40000	0	100	100	100000	100000	100000	100000	100000	100000	100000	100000	100001
1	5	B	40000	0	100	100	100000	100000	100000	100000	100000	100000	100000	100000	100001
1	6	G	40000	100000	0	0	0	0	0	0	0	0	0	0	2
1	6	A	40000	100000	0	0	0	0	0	0	0	0	0	0	1
1	6	B	40000	100000	0	0	0	0	0	0	0	0	0	0	1
1	7	G	40000	100000	0	0	0	0	0	0	0	0	0	0	2
1	7	A	40000	100000	0	0	0	0	0	0	0	0	0	0	1
1	7	B	40000	100000	0	0	0	0	0	0	0	0	0	0	1
2	0	G	40000	6777	93.223	43.3675	93223	6822	129	0	0	6132	160	401	6509
2	0	A	40000	6797	93.203	86.626	93203	6577	129	0	0	5992	55	401	6263
2	0	B	40000	99646	0.353998	0.109	354	245	0	0	0	140	105	0	246
2	1	G	40000	100000	0	0	0	0	0	0	0	0	0	0	2
2	1	A	40000	100000	0	0	0	0	0	0	0	0	0	0	1
2	1	B	40000	100000	0	0	0	0	0	0	0	0	0	0	1
2	2	G	40000	85145	14.855	7.5125	14855	12967	4	0	0	12938	19	6	12967
2	2	A	40000	85979	14.021	7.621	14021	6400	2	0	0	6398	0	0	6401
2	2	B	40000	86029	13.971	7.404	13971	6567	2	0	0	6540	19	6	6566
2	2	cSpy was 2 spamed and the readout avoided!
2	3	G	40000	0	100	100	100000	200000	200000	200000	200000	200000	200000	200000	200002
2	3	A	40000	0	100	100	100000	100000	100000	100000	100000	100000	100000	100000	100001
2	3	B	40000	0	100	100	100000	100000	100000	100000	100000	100000	100000	100000	100001
2	4	G	40000	99996	0.00399947	0.0015	4	4	0	0	0	2	2	0	6
2	4	A	40000	99996	0.00399947	0.002	4	2	0	0	0	1	1	0	3
2	4	B	40000	99997	0.00299811	0.001	3	2	0	0	0	1	1	0	3
2	5	G	40000	100000	0	0	0	0	0	0	0	0	0	0	2
2	5	A	40000	100000	0	0	0	0	0	0	0	0	0	0	1
2	5	B	40000	100000	0	0	0	0	0	0	0	0	0	0	1
2	6	G	40000	99185	0.814998	0.168	815	1294	0	0	0	1294	0	0	1296
2	6	A	40000	99185	0.814998	0.168	815	647	0	0	0	647	0	0	648
2	6	B	40000	99185	0.814998	0.168	815	647	0	0	0	647	0	0	648
2	7	G	40000	60	99.94	99.086	99940	1046	63	0	0	444	226	313	782
2	7	A	40000	137	99.863	99.656	99863	207	4	0	0	46	63	94	137
2	7	B	40000	645	99.355	98.516	99355	839	59	0	0	398	163	219	645
2	7	cSpy was 90 spamed and the readout avoided!
3	0	G	40000	1541	98.459	69.258	98459	15686	239	3	0	14971	186	287	15356
3	0	A	40000	2184	97.816	95.318	97816	2498	236	3	0	1801	171	287	2167
3	0	B	40000	43614	56.386	43.198	56386	13188	3	0	0	13170	15	0	13189
3	0	cSpy was 24 spamed and the readout avoided!
3	1	G	40000	419	99.581	97.7565	99581	2512	68	4	0	1284	279	877	1940
3	1	A	40000	821	99.179	98.012	99179	1167	10	0	0	506	40	611	805
3	1	B	40000	1154	98.846	97.501	98846	1345	58	4	0	778	239	266	1135
3	1	cSpy was 84 spamed and the readout avoided!
3	2	G	40000	16416	83.584	72.6895	83584	15473	107	0	0	14201	506	659	14982
3	2	A	40000	19483	80.517	72.769	80517	7748	66	0	0	6874	291	517	7404
3	2	B	40000	19665	80.335	72.61	80335	7725	41	0	0	7327	215	142	7578
3	2	cSpy was 90 spamed and the readout avoided!
3	3	G	40000	100000	0	0	0	0	0	0	0	0	0	0	2
3	3	A	40000	100000	0	0	0	0	0	0	0	0	0	0	1
3	3	B	40000	100000	0	0	0	0	0	0	0	0	0	0	1
3	4	G	40000	100000	0	0	0	0	0	0	0	0	0	0	2
3	4	A	40000	100000	0	0	0	0	0	0	0	0	0	0	1
3	4	B	40000	100000	0	0	0	0	0	0	0	0	0	0	1
3	5	G	40000	784	99.216	98.6455	99216	1052	0	0	0	486	0	566	492
3	5	A	40000	830	99.17	98.497	99170	673	0	0	0	244	0	429	249
3	5	B	40000	827	99.173	98.794	99173	379	0	0	0	242	0	137	243
3	5	cSpy was 90 spamed and the readout avoided!
3	6	G	40000	3280	96.72	87.629	96720	12125	169	0	0	9888	1447	621	11744
3	6	A	40000	6143	93.857	87.878	93857	5979	46	0	0	4697	702	534	5701
3	6	B	40000	6474	93.526	87.38	93526	6146	123	0	0	5191	745	87	6043
3	7	G	40000	100000	0	0	0	0	0	0	0	0	0	0	2
3	7	A	40000	100000	0	0	0	0	0	0	0	0	0	0	1
3	7	B	40000	100000	0	0	0	0	0	0	0	0	0	0	1
4	0	G	40000	253	99.747	98.0095	99747	2263	197	1	0	1182	279	604	1703
4	0	A	40000	812	99.188	98.076	99188	1112	95	0	0	542	133	342	801
4	0	B	40000	906	99.094	97.943	99094	1151	102	1	0	640	146	262	902
4	0	cSpy was 45 spamed and the readout avoided!
4	1	G	40000	100000	0	0	0	0	0	0	0	0	0	0	2
4	1	A	40000	100000	0	0	0	0	0	0	0	0	0	0	1
4	1	B	40000	100000	0	0	0	0	0	0	0	0	0	0	1
4	2	G	40000	100000	0	0	0	0	0	0	0	0	0	0	2
4	2	A	40000	100000	0	0	0	0	0	0	0	0	0	0	1
4	2	B	40000	100000	0	0	0	0	0	0	0	0	0	0	1
4	3	G	40000	47713	52.287	20.154	52287	35710	0	0	0	34832	812	66	35700
4	3	A	40000	59146	40.854	23.371	40854	17483	0	0	0	17085	332	66	17472
4	3	B	40000	64836	35.164	16.937	35164	18227	0	0	0	17747	480	0	18228
4	4	G	40000	1882	98.118	92.777	98118	7309	320	19	1	4649	1742	578	6769
4	4	A	40000	3537	96.463	92.892	96463	3571	151	0	0	2033	1039	348	3276
4	4	B	40000	3600	96.4	92.662	96400	3738	169	19	1	2616	703	230	3493
4	4	cSpy was 26 spamed and the readout avoided!
4	5	G	40000	99901	0.0989974	0.033	99	132	0	0	0	132	0	0	134
4	5	A	40000	99901	0.0989974	0.033	99	66	0	0	0	66	0	0	67
4	5	B	40000	99901	0.0989974	0.033	99	66	0	0	0	66	0	0	67
4	6	G	40000	100000	0	0	0	0	0	0	0	0	0	0	2
4	6	A	40000	100000	0	0	0	0	0	0	0	0	0	0	1
4	6	B	40000	100000	0	0	0	0	0	0	0	0	0	0	1
4	7	G	40000	99711	0.288999	0.113	289	272	0	0	0	272	0	0	274
4	7	A	40000	99726	0.274003	0.126	274	148	0	0	0	148	0	0	149
4	7	B	40000	99776	0.224	0.1	224	124	0	0	0	124	0	0	125
5	0	G	40000	763	99.237	52.572	99237	10193	146	0	0	9029	334	684	9632
5	0	A	40000	837	99.163	97.764	99163	1399	146	0	0	259	310	684	837
5	0	B	40000	83826	16.174	7.38	16174	8794	0	0	0	8770	24	0	8795
5	0	cSpy was 29 spamed and the readout avoided!
5	1	G	40000	98454	1.546	0.737	1546	1570	0	0	0	1523	41	6	1569
5	1	A	40000	98483	1.517	0.737	1517	780	0	0	0	748	27	5	779
5	1	B	40000	98473	1.527	0.737	1527	790	0	0	0	775	14	1	790
5	2	G	40000	47156	52.844	24.7415	52844	31282	3	1	0	31064	20	194	31268
5	2	A	40000	56635	43.365	27.198	43365	16167	1	0	0	15955	19	192	16153
5	2	B	40000	62600	37.4	22.285	37400	15115	2	1	0	15109	1	2	15115
5	2	cSpy was 2 spamed and the readout avoided!
5	3	G	40000	8213	91.787	78.715	91787	19726	67	2	0	18298	689	670	19325
5	3	A	40000	11929	88.071	77.603	88071	10468	38	0	0	9517	382	531	10170
5	3	B	40000	10915	89.085	79.827	89085	9258	29	2	0	8781	307	139	9155
5	3	cSpy was 23 spamed and the readout avoided!
5	4	G	40000	100000	0	0	0	0	0	0	0	0	0	0	2
5	4	A	40000	100000	0	0	0	0	0	0	0	0	0	0	1
5	4	B	40000	100000	0	0	0	0	0	0	0	0	0	0	1
5	5	G	40000	100000	0	0	0	0	0	0	0	0	0	0	2
5	5	A	40000	100000	0	0	0	0	0	0	0	0	0	0	1
5	5	B	40000	100000	0	0	0	0	0	0	0	0	0	0	1
5	6	G	40000	71401	28.599	16.689	28599	23481	0	0	0	23338	37	106	23480
5	6	A	40000	71573	28.427	16.689	28427	11738	0	0	0	11610	22	106	11736
5	6	B	40000	71568	28.432	16.689	28432	11743	0	0	0	11728	15	0	11744
5	7	G	40000	585	99.415	96.4695	99415	3687	187	7	1	2082	848	562	3246
5	7	A	40000	2364	97.636	95.127	97636	2509	92	5	1	1479	563	369	2252
5	7	B	40000	1010	98.99	97.812	98990	1178	95	2	0	603	285	193	994
5	7	cSpy was 60 spamed and the readout avoided!
6	0	G	40000	717	99.283	59.2885	99283	16431	113	1	0	15265	649	403	16067
6	0	A	40000	894	99.106	97.851	99106	1255	113	0	0	518	226	398	893
6	0	B	40000	64098	35.902	20.726	35902	15176	0	1	0	14747	423	5	15174
6	0	cSpy was 13 spamed and the readout avoided!
6	1	G	40000	0	100	100	100000	200000	200000	200000	200000	200000	200000	200000	200002
6	1	A	40000	0	100	100	100000	100000	100000	100000	100000	100000	100000	100000	100001
6	1	B	40000	0	100	100	100000	100000	100000	100000	100000	100000	100000	100000	100001
6	2	G	40000	100000	0	0	0	0	0	0	0	0	0	0	2
6	2	A	40000	100000	0	0	0	0	0	0	0	0	0	0	1
6	2	B	40000	100000	0	0	0	0	0	0	0	0	0	0	1
6	3	G	40000	100000	0	0	0	0	0	0	0	0	0	0	2
6	3	A	40000	100000	0	0	0	0	0	0	0	0	0	0	1
6	3	B	40000	100000	0	0	0	0	0	0	0	0	0	0	1
6	4	G	40000	91348	8.652	3.774	8652	9393	0	0	0	9213	151	29	9391
6	4	A	40000	91531	8.469	3.774	8469	4695	0	0	0	4556	110	29	4692
6	4	B	40000	91528	8.472	3.774	8472	4698	0	0	0	4657	41	0	4699
6	5	G	40000	0	100	100	100000	200000	200000	200000	200000	200000	200000	200000	200002
6	5	A	40000	0	100	100	100000	100000	100000	100000	100000	100000	100000	100000	100001
6	5	B	40000	0	100	100	100000	100000	100000	100000	100000	100000	100000	100000	100001
6	6	G	40000	96929	3.071	1.501	3071	3135	0	0	0	3119	10	6	3136
6	6	A	40000	96931	3.069	1.501	3069	1568	0	0	0	1554	8	6	1568
6	6	B	40000	96932	3.068	1.501	3068	1567	0	0	0	1565	2	0	1568
6	7	G	40000	100000	0	0	0	0	0	0	0	0	0	0	2
6	7	A	40000	100000	0	0	0	0	0	0	0	0	0	0	1
6	7	B	40000	100000	0	0	0	0	0	0	0	0	0	0	1
7	0	G	40000	1530	98.47	70.8935	98470	22376	184	2	0	20903	1040	247	22078
7	0	A	40000	2405	97.595	94.921	97595	2674	152	2	0	2154	125	241	2394
7	0	B	40000	33432	66.568	46.866	66568	19702	32	0	0	18749	915	6	19684
7	0	cSpy was 8 spamed and the readout avoided!
7	1	G	40000	100000	0	0	0	0	0	0	0	0	0	0	2
7	1	A	40000	100000	0	0	0	0	0	0	0	0	0	0	1
7	1	B	40000	100000	0	0	0	0	0	0	0	0	0	0	1
7	2	G	40000	100000	0	0	0	0	0	0	0	0	0	0	2
7	2	A	40000	100000	0	0	0	0	0	0	0	0	0	0	1
7	2	B	40000	100000	0	0	0	0	0	0	0	0	0	0	1
7	3	G	40000	66283	33.717	20.1485	33717	26658	0	0	0	26530	2	126	26658
7	3	A	40000	66514	33.486	20.157	33486	13329	0	0	0	13202	2	125	13329
7	3	B	40000	66531	33.469	20.14	33469	13329	0	0	0	13328	0	1	13329
7	4	G	40000	2103	97.897	89.6275	97897	10230	180	5	0	7578	1817	650	9784
7	4	A	40000	6739	93.261	86.746	93261	6515	31	3	0	4611	1393	477	6246
7	4	B	40000	3776	96.224	92.509	96224	3715	149	2	0	2967	424	173	3538
7	4	cSpy was 47 spamed and the readout avoided!
7	5	G	40000	100000	0	0	0	0	0	0	0	0	0	0	2
7	5	A	40000	100000	0	0	0	0	0	0	0	0	0	0	1
7	5	B	40000	100000	0	0	0	0	0	0	0	0	0	0	1
7	6	G	40000	100000	0	0	0	0	0	0	0	0	0	0	2
7	6	A	40000	100000	0	0	0	0	0	0	0	0	0	0	1
7	6	B	40000	100000	0	0	0	0	0	0	0	0	0	0	1
7	7	G	40000	73717	26.283	14.456	26283	23086	0	0	0	22567	425	94	23059
7	7	A	40000	74086	25.914	14.456	25914	11458	0	0	0	11124	240	94	11430
7	7	B	40000	73916	26.084	14.456	26084	11628	0	0	0	11443	185	0	11629
