#the gain was set to: 2	the bias was set to: 30
#Sent triggers per delay setting: 10000	and with a frequency [Hz] of: 40000
#160MHz delay setting	400MHz delay setting	Frequency	correct transmitted H+T		error rate [%]	uncertainty [%]	bad or missed events	error count	missing headers	missing trailers	flipped H/T	event nr errors	tbm missed trigger	unknown errors	event nr resets
0	0	G	40000	10000	0	0	0	0	0	0	0	0	0	0	2
0	0	A	40000	10000	0	0	0	0	0	0	0	0	0	0	1
0	0	B	40000	10000	0	0	0	0	0	0	0	0	0	0	1
0	1	G	40000	6	99.94	98.48	9994	165	11	0	0	94	31	29	139
0	1	A	40000	121	98.79	97.39	9879	140	11	0	0	79	29	21	121
0	1	B	40000	18	99.82	99.57	9982	25	0	0	0	15	2	8	18
0	1	cSpy was 16 spamed and the readout avoided!
0	2	G	40000	9538	4.62	1.95	462	534	0	0	0	534	0	0	536
0	2	A	40000	9538	4.62	1.95	462	267	0	0	0	267	0	0	268
0	2	B	40000	9538	4.62	1.95	462	267	0	0	0	267	0	0	268
0	3	G	40000	10000	0	0	0	0	0	0	0	0	0	0	2
0	3	A	40000	10000	0	0	0	0	0	0	0	0	0	0	1
0	3	B	40000	10000	0	0	0	0	0	0	0	0	0	0	1
0	4	G	40000	10000	0	0	0	0	0	0	0	0	0	0	2
0	4	A	40000	10000	0	0	0	0	0	0	0	0	0	0	1
0	4	B	40000	10000	0	0	0	0	0	0	0	0	0	0	1
0	5	G	40000	12	99.88	98.865	9988	121	4	3	0	72	25	17	106
0	5	A	40000	78	99.22	98.32	9922	90	4	3	0	54	16	13	78
0	5	B	40000	28	99.72	99.41	9972	31	0	0	0	18	9	4	28
0	5	cSpy was 73 spamed and the readout avoided!
0	6	G	40000	12	99.88	98.115	9988	218	16	3	1	78	45	75	159
0	6	A	40000	24	99.76	99.27	9976	49	0	0	0	13	5	31	24
0	6	B	40000	135	98.65	96.96	9865	169	16	3	1	65	40	44	135
0	6	cSpy was 26 spamed and the readout avoided!
0	7	G	40000	10000	0	0	0	0	0	0	0	0	0	0	2
0	7	A	40000	10000	0	0	0	0	0	0	0	0	0	0	1
0	7	B	40000	10000	0	0	0	0	0	0	0	0	0	0	1
1	0	G	40000	9401	5.99	2.485	599	678	0	0	0	666	12	0	680
1	0	A	40000	9413	5.87	2.48	587	339	0	0	0	327	12	0	340
1	0	B	40000	9412	5.88	2.49	588	339	0	0	0	339	0	0	340
1	1	G	40000	10000	0	0	0	0	0	0	0	0	0	0	2
1	1	A	40000	10000	0	0	0	0	0	0	0	0	0	0	1
1	1	B	40000	10000	0	0	0	0	0	0	0	0	0	0	1
1	2	G	40000	10000	0	0	0	0	0	0	0	0	0	0	2
1	2	A	40000	10000	0	0	0	0	0	0	0	0	0	0	1
1	2	B	40000	10000	0	0	0	0	0	0	0	0	0	0	1
1	3	G	40000	20	99.8	98.325	9980	187	5	0	0	82	47	53	147
1	3	A	40000	59	99.41	98.47	9941	94	2	0	0	40	7	45	59
1	3	B	40000	89	99.11	98.18	9911	93	3	0	0	42	40	8	88
1	4	G	40000	5775	42.25	18.895	4225	4065	0	0	0	3929	130	6	4065
1	4	A	40000	6077	39.23	18.88	3923	2035	0	0	0	1954	78	3	2035
1	4	B	40000	6079	39.21	18.91	3921	2030	0	0	0	1975	52	3	2030
1	5	G	40000	10000	0	0	0	0	0	0	0	0	0	0	2
1	5	A	40000	10000	0	0	0	0	0	0	0	0	0	0	1
1	5	B	40000	10000	0	0	0	0	0	0	0	0	0	0	1
1	6	G	40000	10000	0	0	0	0	0	0	0	0	0	0	2
1	6	A	40000	10000	0	0	0	0	0	0	0	0	0	0	1
1	6	B	40000	10000	0	0	0	0	0	0	0	0	0	0	1
1	7	G	40000	2370	76.3	51.845	7630	3361	3	0	0	3301	56	1	3361
1	7	A	40000	3194	68.06	51.01	6806	1705	1	0	0	1673	30	1	1705
1	7	B	40000	3076	69.24	52.68	6924	1656	2	0	0	1628	26	0	1656
2	0	G	40000	10000	0	0	0	0	0	0	0	0	0	0	2
2	0	A	40000	10000	0	0	0	0	0	0	0	0	0	0	1
2	0	B	40000	10000	0	0	0	0	0	0	0	0	0	0	1
2	1	G	40000	10000	0	0	0	0	0	0	0	0	0	0	2
2	1	A	40000	10000	0	0	0	0	0	0	0	0	0	0	1
2	1	B	40000	10000	0	0	0	0	0	0	0	0	0	0	1
2	2	G	40000	22	99.78	97.78	9978	258	13	5	0	88	71	79	186
2	2	A	40000	97	99.03	97.72	9903	131	7	4	0	63	24	33	97
2	2	B	40000	89	99.11	97.84	9911	127	6	1	0	25	47	46	89
2	2	cSpy was 25 spamed and the readout avoided!
2	3	G	40000	9168	8.32	3.31	832	994	0	0	0	976	16	2	996
2	3	A	40000	9172	8.28	3.31	828	497	0	0	0	484	12	1	498
2	3	B	40000	9172	8.28	3.31	828	497	0	0	0	492	4	1	498
2	4	G	40000	10000	0	0	0	0	0	0	0	0	0	0	2
2	4	A	40000	10000	0	0	0	0	0	0	0	0	0	0	1
2	4	B	40000	10000	0	0	0	0	0	0	0	0	0	0	1
2	5	G	40000	10000	0	0	0	0	0	0	0	0	0	0	2
2	5	A	40000	10000	0	0	0	0	0	0	0	0	0	0	1
2	5	B	40000	10000	0	0	0	0	0	0	0	0	0	0	1
2	6	G	40000	8	99.92	98.695	9992	146	12	0	0	82	25	27	115
2	6	A	40000	101	98.99	97.76	9899	123	12	0	0	72	24	15	101
2	6	B	40000	14	99.86	99.63	9986	23	0	0	0	10	1	12	14
2	6	cSpy was 74 spamed and the readout avoided!
2	7	G	40000	1	99.99	97.82	9999	249	11	11	0	70	102	55	187
2	7	A	40000	6	99.94	99.57	9994	37	0	0	0	0	4	33	6
2	7	B	40000	181	98.19	96.07	9819	212	11	11	0	70	98	22	181
2	7	cSpy was 5 spamed and the readout avoided!
3	0	G	40000	244	97.56	86.255	9756	1296	0	0	0	1274	9	13	1293
3	0	A	40000	401	95.99	92.28	9599	371	0	0	0	359	6	6	369
3	0	B	40000	1052	89.48	80.23	8948	925	0	0	0	915	3	7	924
3	1	G	40000	3213	67.87	41.53	6787	4253	0	0	0	3816	437	0	4255
3	1	A	40000	3732	62.68	41.33	6268	2135	0	0	0	1902	233	0	2136
3	1	B	40000	3709	62.91	41.73	6291	2118	0	0	0	1914	204	0	2119
3	2	G	40000	10000	0	0	0	0	0	0	0	0	0	0	2
3	2	A	40000	10000	0	0	0	0	0	0	0	0	0	0	1
3	2	B	40000	10000	0	0	0	0	0	0	0	0	0	0	1
3	3	G	40000	10000	0	0	0	0	0	0	0	0	0	0	2
3	3	A	40000	10000	0	0	0	0	0	0	0	0	0	0	1
3	3	B	40000	10000	0	0	0	0	0	0	0	0	0	0	1
3	4	G	40000	36	99.64	90.845	9964	936	22	1	1	280	590	42	895
3	4	A	40000	819	91.81	83.39	9181	842	19	1	1	276	530	15	819
3	4	B	40000	76	99.24	98.3	9924	94	3	0	0	4	60	27	76
3	4	cSpy was 18 spamed and the readout avoided!
3	5	G	40000	5871	41.29	20.265	4129	3788	4	0	0	3555	223	6	3785
3	5	A	40000	6087	39.13	20.1	3913	1903	2	0	0	1774	125	2	1902
3	5	B	40000	6072	39.28	20.43	3928	1885	2	0	0	1781	98	4	1883
3	6	G	40000	9994	0.059998	0.015	6	3	0	0	0	3	0	0	5
3	6	A	40000	9994	0.059998	0.03	6	3	0	0	0	3	0	0	4
3	6	B	40000	10000	0	0	0	0	0	0	0	0	0	0	1
3	7	G	40000	10000	0	0	0	0	0	0	0	0	0	0	2
3	7	A	40000	10000	0	0	0	0	0	0	0	0	0	0	1
3	7	B	40000	10000	0	0	0	0	0	0	0	0	0	0	1
4	0	G	40000	10000	0	0	0	0	0	0	0	0	0	0	2
4	0	A	40000	10000	0	0	0	0	0	0	0	0	0	0	1
4	0	B	40000	10000	0	0	0	0	0	0	0	0	0	0	1
4	1	G	40000	10000	0	0	0	0	0	0	0	0	0	0	2
4	1	A	40000	10000	0	0	0	0	0	0	0	0	0	0	1
4	1	B	40000	10000	0	0	0	0	0	0	0	0	0	0	1
4	2	G	40000	10000	0	0	0	0	0	0	0	0	0	0	2
4	2	A	40000	10000	0	0	0	0	0	0	0	0	0	0	1
4	2	B	40000	10000	0	0	0	0	0	0	0	0	0	0	1
4	3	G	40000	11	99.89	99.255	9989	75	0	0	0	46	20	9	74
4	3	A	40000	26	99.74	99.49	9974	25	0	0	0	12	13	0	26
4	3	B	40000	48	99.52	99.02	9952	50	0	0	0	34	7	9	48
4	3	cSpy was 7 spamed and the readout avoided!
4	4	G	40000	9742	2.58	0.52	258	412	0	0	0	412	0	0	414
4	4	A	40000	9742	2.58	0.52	258	206	0	0	0	206	0	0	207
4	4	B	40000	9742	2.58	0.52	258	206	0	0	0	206	0	0	207
4	5	G	40000	10000	0	0	0	0	0	0	0	0	0	0	2
4	5	A	40000	10000	0	0	0	0	0	0	0	0	0	0	1
4	5	B	40000	10000	0	0	0	0	0	0	0	0	0	0	1
4	6	G	40000	9970	0.300002	0.04	30	33	0	0	0	33	0	0	35
4	6	A	40000	9970	0.300002	0.08	30	22	0	0	0	22	0	0	23
4	6	B	40000	9989	0.11	0	11	11	0	0	0	11	0	0	12
4	7	G	40000	225	97.75	87.76	9775	1170	4	0	0	1124	25	17	1161
4	7	A	40000	369	96.31	92.8	9631	351	2	0	0	333	8	8	346
4	7	B	40000	909	90.91	82.72	9091	819	2	0	0	791	17	9	815
5	0	G	40000	61	99.39	97.515	9939	252	4	0	0	232	2	14	241
5	0	A	40000	133	98.67	97.35	9867	132	2	0	0	128	2	0	132
5	0	B	40000	112	98.88	97.68	9888	120	2	0	0	104	0	14	109
5	0	cSpy was 1 spamed and the readout avoided!
5	1	G	40000	37	99.63	98	9963	210	21	0	0	67	102	20	190
5	1	A	40000	117	98.83	97.52	9883	131	19	0	0	21	78	13	117
5	1	B	40000	73	99.27	98.48	9927	79	2	0	0	46	24	7	73
5	1	cSpy was 3 spamed and the readout avoided!
5	2	G	40000	8840	11.6	2.03	1160	1914	0	0	0	1909	5	0	1916
5	2	A	40000	8840	11.6	2.03	1160	957	0	0	0	954	3	0	958
5	2	B	40000	8840	11.6	2.03	1160	957	0	0	0	955	2	0	958
5	3	G	40000	9984	0.160003	0.05	16	22	0	0	0	22	0	0	24
5	3	A	40000	9984	0.160003	0.05	16	11	0	0	0	11	0	0	12
5	3	B	40000	9984	0.160003	0.05	16	11	0	0	0	11	0	0	12
5	4	G	40000	10000	0	0	0	0	0	0	0	0	0	0	2
5	4	A	40000	10000	0	0	0	0	0	0	0	0	0	0	1
5	4	B	40000	10000	0	0	0	0	0	0	0	0	0	0	1
5	5	G	40000	1783	82.17	46.805	8217	4183	0	0	0	4120	63	0	4184
5	5	A	40000	2809	71.91	53.04	7191	1887	0	0	0	1855	32	0	1888
5	5	B	40000	3647	63.53	40.57	6353	2296	0	0	0	2265	31	0	2296
5	6	G	40000	9673	3.27	0.995	327	308	1	0	0	307	0	0	309
5	6	A	40000	9699	3.01	1.24	301	177	1	0	0	176	0	0	177
5	6	B	40000	9794	2.06	0.75	206	131	0	0	0	131	0	0	132
5	7	G	40000	10000	0	0	0	0	0	0	0	0	0	0	2
5	7	A	40000	10000	0	0	0	0	0	0	0	0	0	0	1
5	7	B	40000	10000	0	0	0	0	0	0	0	0	0	0	1
6	0	G	40000	5	99.95	99.385	9995	71	1	0	0	25	20	25	52
6	0	A	40000	13	99.87	99.65	9987	22	0	0	0	6	5	11	13
6	0	B	40000	39	99.61	99.12	9961	49	1	0	0	19	15	14	39
6	0	cSpy was 7 spamed and the readout avoided!
6	1	G	40000	621	93.79	65.505	9379	3407	5	0	0	3192	204	6	3402
6	1	A	40000	2356	76.44	53.54	7644	2290	0	0	0	2131	159	0	2291
6	1	B	40000	1136	88.64	77.47	8864	1117	5	0	0	1061	45	6	1111
6	1	cSpy was 3 spamed and the readout avoided!
6	2	G	40000	10000	0	0	0	0	0	0	0	0	0	0	2
6	2	A	40000	10000	0	0	0	0	0	0	0	0	0	0	1
6	2	B	40000	10000	0	0	0	0	0	0	0	0	0	0	1
6	3	G	40000	9135	8.65	2.04	865	1304	0	0	0	1301	3	0	1306
6	3	A	40000	9144	8.56	2.04	856	652	0	0	0	650	2	0	653
6	3	B	40000	9144	8.56	2.04	856	652	0	0	0	651	1	0	653
6	4	G	40000	0	100	100	10000	0	0	0	0	0	0	0	0
6	4	A	40000	0	100	100	10000	0	0	0	0	0	0	0	0
6	4	B	40000	0	100	100	10000	0	0	0	0	0	0	0	0
6	5	G	40000	10000	0	0	0	0	0	0	0	0	0	0	2
6	5	A	40000	10000	0	0	0	0	0	0	0	0	0	0	1
6	5	B	40000	10000	0	0	0	0	0	0	0	0	0	0	1
6	6	G	40000	9930	0.700003	0.18	70	34	0	0	0	34	0	0	36
6	6	A	40000	9930	0.700003	0.36	70	34	0	0	0	34	0	0	35
6	6	B	40000	10000	0	0	0	0	0	0	0	0	0	0	1
6	7	G	40000	10000	0	0	0	0	0	0	0	0	0	0	2
6	7	A	40000	10000	0	0	0	0	0	0	0	0	0	0	1
6	7	B	40000	10000	0	0	0	0	0	0	0	0	0	0	1
7	0	G	40000	10000	0	0	0	0	0	0	0	0	0	0	2
7	0	A	40000	10000	0	0	0	0	0	0	0	0	0	0	1
7	0	B	40000	10000	0	0	0	0	0	0	0	0	0	0	1
7	1	G	40000	10000	0	0	0	0	0	0	0	0	0	0	2
7	1	A	40000	10000	0	0	0	0	0	0	0	0	0	0	1
7	1	B	40000	10000	0	0	0	0	0	0	0	0	0	0	1
7	2	G	40000	1638	83.62	48.84	8362	4046	0	0	0	3986	58	2	4047
7	2	A	40000	2675	73.25	55.09	7325	1816	0	0	0	1786	29	1	1817
7	2	B	40000	3511	64.89	42.59	6489	2230	0	0	0	2200	29	1	2230
7	3	G	40000	4529	54.71	29.62	5471	4687	6	0	0	4351	330	0	4683
7	3	A	40000	4691	53.09	29.73	5309	2336	3	0	0	2168	165	0	2334
7	3	B	40000	4698	53.02	29.51	5302	2351	3	0	0	2183	165	0	2349
7	4	G	40000	10000	0	0	0	0	0	0	0	0	0	0	2
7	4	A	40000	10000	0	0	0	0	0	0	0	0	0	0	1
7	4	B	40000	10000	0	0	0	0	0	0	0	0	0	0	1
7	5	G	40000	10000	0	0	0	0	0	0	0	0	0	0	2
7	5	A	40000	10000	0	0	0	0	0	0	0	0	0	0	1
7	5	B	40000	10000	0	0	0	0	0	0	0	0	0	0	1
7	6	G	40000	9618	3.82	0.525	382	355	0	0	0	355	0	0	357
7	6	A	40000	9668	3.32	1.05	332	227	0	0	0	227	0	0	228
7	6	B	40000	9872	1.28	0	128	128	0	0	0	128	0	0	129
7	7	G	40000	119	98.81	95.095	9881	483	12	0	0	361	89	21	466
7	7	A	40000	248	97.52	95.18	9752	234	7	0	0	174	46	7	228
7	7	B	40000	250	97.5	95.01	9750	249	5	0	0	187	43	14	238
7	7	cSpy was 2 spamed and the readout avoided!
