#the gain was set to: 2	the bias was set to: 30
#Sent triggers per delay setting: 186a0	and with a frequency [Hz] of: 40000
#160MHz delay setting	400MHz delay setting	Frequency	correct transmitted H+T		error rate [%]	uncertainty [%]	bad or missed events	error count	missing headers	missing trailers	flipped H/T	event nr errors	tbm missed trigger	unknown errors	event nr resets
0	0	G	40000	739	99.261	95.59	99261	4490	202	3	0	3743	416	126	4278
0	0	A	40000	1662	98.338	96.578	98338	1760	73	0	0	1491	96	100	1631
0	0	B	40000	2668	97.332	94.602	97332	2730	129	3	0	2252	320	26	2647
0	0	cSpy was 11 spamed and the readout avoided!
0	1	G	40000	100000	0	0	0	0	0	0	0	0	0	0	2
0	1	A	40000	100000	0	0	0	0	0	0	0	0	0	0	1
0	1	B	40000	100000	0	0	0	0	0	0	0	0	0	0	1
0	2	G	40000	100000	0	0	0	0	0	0	0	0	0	0	2
0	2	A	40000	100000	0	0	0	0	0	0	0	0	0	0	1
0	2	B	40000	100000	0	0	0	0	0	0	0	0	0	0	1
0	3	G	40000	36425	63.575	37.6785	63575	51272	5	0	0	51165	14	88	51212
0	3	A	40000	36672	63.328	37.679	63328	25649	5	0	0	25549	7	88	25588
0	3	B	40000	36699	63.301	37.678	63301	25623	0	0	0	25616	7	0	25624
0	3	cSpy was 9 spamed and the readout avoided!
0	4	G	40000	13319	86.681	73.207	86681	20464	215	0	0	16471	3347	431	20075
0	4	A	40000	16434	83.566	73.408	83566	10158	118	0	0	7941	1747	352	9870
0	4	B	40000	16688	83.312	73.006	83312	10306	97	0	0	8530	1600	79	10205
0	4	cSpy was 30 spamed and the readout avoided!
0	5	G	40000	100000	0	0	0	0	0	0	0	0	0	0	2
0	5	A	40000	100000	0	0	0	0	0	0	0	0	0	0	1
0	5	B	40000	100000	0	0	0	0	0	0	0	0	0	0	1
0	6	G	40000	100000	0	0	0	0	0	0	0	0	0	0	2
0	6	A	40000	100000	0	0	0	0	0	0	0	0	0	0	1
0	6	B	40000	100000	0	0	0	0	0	0	0	0	0	0	1
0	7	G	40000	86712	13.288	5.346	13288	15805	0	0	0	15782	0	23	15807
0	7	A	40000	86750	13.25	5.349	13250	7901	0	0	0	7878	0	23	7902
0	7	B	40000	86753	13.247	5.343	13247	7904	0	0	0	7904	0	0	7905
1	0	G	40000	197	99.803	55.2725	99803	9897	6	0	0	9773	65	53	9857
1	0	A	40000	213	99.787	99.535	99787	252	5	0	0	193	2	52	211
1	0	B	40000	79345	20.655	11.01	20655	9645	1	0	0	9580	63	1	9646
1	1	G	40000	36920	63.08	47.2915	63080	23684	28	1	0	23001	247	407	23503
1	1	A	40000	40950	59.05	47.019	59050	12031	24	1	0	11480	127	399	11856
1	1	B	40000	40783	59.217	47.564	59217	11653	4	0	0	11521	120	8	11647
1	1	cSpy was 8 spamed and the readout avoided!
1	2	G	40000	0	100	100	100000	200000	200000	200000	200000	200000	200000	200000	200002
1	2	A	40000	0	100	100	100000	100000	100000	100000	100000	100000	100000	100000	100001
1	2	B	40000	0	100	100	100000	100000	100000	100000	100000	100000	100000	100000	100001
1	3	G	40000	100000	0	0	0	0	0	0	0	0	0	0	2
1	3	A	40000	100000	0	0	0	0	0	0	0	0	0	0	1
1	3	B	40000	100000	0	0	0	0	0	0	0	0	0	0	1
1	4	G	40000	100000	0	0	0	0	0	0	0	0	0	0	2
1	4	A	40000	100000	0	0	0	0	0	0	0	0	0	0	1
1	4	B	40000	100000	0	0	0	0	0	0	0	0	0	0	1
1	5	G	40000	75247	24.753	13.227	24753	19954	0	0	0	19814	26	114	19933
1	5	A	40000	76836	23.164	13.129	23164	10035	0	0	0	9910	13	112	10013
1	5	B	40000	76756	23.244	13.325	23244	9919	0	0	0	9904	13	2	9920
1	6	G	40000	0	100	100	100000	200000	200000	200000	200000	200000	200000	200000	200002
1	6	A	40000	0	100	100	100000	100000	100000	100000	100000	100000	100000	100000	100001
1	6	B	40000	0	100	100	100000	100000	100000	100000	100000	100000	100000	100000	100001
1	7	G	40000	48703	51.297	34.693	51297	23023	256	81	1	21259	1317	110	22884
1	7	A	40000	50656	49.344	38.515	49344	10829	241	65	1	9865	564	94	10710
1	7	B	40000	56935	43.065	30.871	43065	12194	15	16	0	11394	753	16	12174
1	7	cSpy was 29 spamed and the readout avoided!
2	0	G	40000	217	99.783	98.1545	99783	2048	130	0	0	1246	223	449	1627
2	0	A	40000	621	99.379	98.519	99379	860	32	0	0	492	56	280	611
2	0	B	40000	1022	98.978	97.79	98978	1188	98	0	0	754	167	169	1016
2	0	cSpy was 21 spamed and the readout avoided!
2	1	G	40000	61496	38.504	15.036	38504	46539	20	0	0	42976	3468	75	46514
2	1	A	40000	61708	38.292	15.036	38292	23256	10	0	0	21346	1825	75	23239
2	1	B	40000	61681	38.319	15.036	38319	23283	10	0	0	21630	1643	0	23275
2	2	G	40000	100000	0	0	0	0	0	0	0	0	0	0	2
2	2	A	40000	100000	0	0	0	0	0	0	0	0	0	0	1
2	2	B	40000	100000	0	0	0	0	0	0	0	0	0	0	1
2	3	G	40000	98579	1.421	0.64	1421	1494	0	0	0	1484	9	1	1496
2	3	A	40000	98627	1.373	0.64	1373	733	0	0	0	728	4	1	734
2	3	B	40000	98599	1.401	0.64	1401	761	0	0	0	756	5	0	762
2	4	G	40000	31568	68.432	42.632	68432	50846	14	0	0	50619	112	101	50773
2	4	A	40000	31915	68.085	42.634	68085	25451	14	0	0	25281	55	101	25377
2	4	B	40000	31975	68.025	42.63	68025	25395	0	0	0	25338	57	0	25396
2	4	cSpy was 14 spamed and the readout avoided!
2	5	G	40000	32741	67.259	52.68	67259	27064	137	0	0	23579	3169	179	26884
2	5	A	40000	33455	66.545	53.334	66545	13211	73	0	0	11458	1515	165	13072
2	5	B	40000	34121	65.879	52.026	65879	13853	64	0	0	12121	1654	14	13812
2	6	G	40000	100000	0	0	0	0	0	0	0	0	0	0	2
2	6	A	40000	100000	0	0	0	0	0	0	0	0	0	0	1
2	6	B	40000	100000	0	0	0	0	0	0	0	0	0	0	1
2	7	G	40000	100000	0	0	0	0	0	0	0	0	0	0	2
2	7	A	40000	100000	0	0	0	0	0	0	0	0	0	0	1
2	7	B	40000	100000	0	0	0	0	0	0	0	0	0	0	1
3	0	G	40000	1165	98.835	49.7815	98835	7294	104	0	0	4044	2776	370	6969
3	0	A	40000	1248	98.752	97.202	98752	1550	104	0	0	1062	14	370	1224
3	0	B	40000	91895	8.105	2.361	8105	5744	0	0	0	2982	2762	0	5745
3	0	cSpy was 18 spamed and the readout avoided!
3	1	G	40000	100000	0	0	0	0	0	0	0	0	0	0	2
3	1	A	40000	100000	0	0	0	0	0	0	0	0	0	0	1
3	1	B	40000	100000	0	0	0	0	0	0	0	0	0	0	1
3	2	G	40000	80930	19.07	9.7325	19070	15545	0	0	0	15353	118	74	15525
3	2	A	40000	82323	17.677	9.967	17677	7710	0	0	0	7636	0	74	7689
3	2	B	40000	82667	17.333	9.498	17333	7835	0	0	0	7717	118	0	7836
3	3	G	40000	93	99.907	99.078	99907	1126	54	0	0	467	86	519	708
3	3	A	40000	444	99.556	98.751	99556	805	48	0	0	232	75	450	436
3	3	B	40000	274	99.726	99.405	99726	321	6	0	0	235	11	69	272
3	3	cSpy was 2 spamed and the readout avoided!
3	4	G	40000	100000	0	0	0	0	0	0	0	0	0	0	2
3	4	A	40000	100000	0	0	0	0	0	0	0	0	0	0	1
3	4	B	40000	100000	0	0	0	0	0	0	0	0	0	0	1
3	5	G	40000	100000	0	0	0	0	0	0	0	0	0	0	2
3	5	A	40000	100000	0	0	0	0	0	0	0	0	0	0	1
3	5	B	40000	100000	0	0	0	0	0	0	0	0	0	0	1
3	6	G	40000	97554	2.446	0.273	2446	4309	0	0	0	4291	15	3	4311
3	6	A	40000	97565	2.435	0.281	2435	2154	0	0	0	2151	0	3	2155
3	6	B	40000	97580	2.42	0.265	2420	2155	0	0	0	2140	15	0	2156
3	7	G	40000	0	100	99.7915	100000	356	0	0	0	44	8	304	61
3	7	A	40000	10	99.99	99.911	99990	79	0	0	0	1	1	77	10
3	7	B	40000	51	99.949	99.672	99949	277	0	0	0	43	7	227	51
3	7	cSpy was 83 spamed and the readout avoided!
4	0	G	40000	154	99.846	56.5395	99846	20876	2	0	0	15301	5438	135	20779
4	0	A	40000	207	99.793	99.49	99793	303	2	0	0	166	2	133	205
4	0	B	40000	65838	34.162	13.589	34162	20573	0	0	0	15135	5436	2	20574
4	1	G	40000	0	100	100	100000	200000	200000	200000	200000	200000	200000	200000	200002
4	1	A	40000	0	100	100	100000	100000	100000	100000	100000	100000	100000	100000	100001
4	1	B	40000	0	100	100	100000	100000	100000	100000	100000	100000	100000	100000	100001
4	2	G	40000	0	100	100	100000	200000	200000	200000	200000	200000	200000	200000	200002
4	2	A	40000	0	100	100	100000	100000	100000	100000	100000	100000	100000	100000	100001
4	2	B	40000	0	100	100	100000	100000	100000	100000	100000	100000	100000	100000	100001
4	3	G	40000	100000	0	0	0	0	0	0	0	0	0	0	2
4	3	A	40000	100000	0	0	0	0	0	0	0	0	0	0	1
4	3	B	40000	100000	0	0	0	0	0	0	0	0	0	0	1
4	4	G	40000	100000	0	0	0	0	0	0	0	0	0	0	2
4	4	A	40000	100000	0	0	0	0	0	0	0	0	0	0	1
4	4	B	40000	100000	0	0	0	0	0	0	0	0	0	0	1
4	5	G	40000	44505	55.495	27.875	55495	44810	0	0	0	43772	910	128	44782
4	5	A	40000	50321	49.679	26.831	49679	22848	0	0	0	21819	905	124	22820
4	5	B	40000	49119	50.881	28.919	50881	21962	0	0	0	21953	5	4	21962
4	5	cSpy was 9 spamed and the readout avoided!
4	6	G	40000	633	99.367	96.79	99367	3191	19	0	0	2485	44	643	2838
4	6	A	40000	1557	98.443	96.825	98443	1618	1	0	0	996	26	595	1293
4	6	B	40000	1672	98.328	96.755	98328	1573	18	0	0	1489	18	48	1545
4	6	cSpy was 10 spamed and the readout avoided!
4	7	G	40000	100000	0	0	0	0	0	0	0	0	0	0	2
4	7	A	40000	100000	0	0	0	0	0	0	0	0	0	0	1
4	7	B	40000	100000	0	0	0	0	0	0	0	0	0	0	1
5	0	G	40000	0	100	100	100000	200000	200000	200000	200000	200000	200000	200000	200002
5	0	A	40000	0	100	100	100000	100000	100000	100000	100000	100000	100000	100000	100001
5	0	B	40000	0	100	100	100000	100000	100000	100000	100000	100000	100000	100000	100001
5	1	G	40000	100000	0	0	0	0	0	0	0	0	0	0	2
5	1	A	40000	100000	0	0	0	0	0	0	0	0	0	0	1
5	1	B	40000	100000	0	0	0	0	0	0	0	0	0	0	1
5	2	G	40000	100000	0	0	0	0	0	0	0	0	0	0	2
5	2	A	40000	100000	0	0	0	0	0	0	0	0	0	0	1
5	2	B	40000	100000	0	0	0	0	0	0	0	0	0	0	1
5	3	G	40000	80675	19.325	10.014	19325	15513	0	0	0	15355	94	64	15489
5	3	A	40000	82072	17.928	10.244	17928	7684	0	0	0	7620	0	64	7659
5	3	B	40000	82387	17.613	9.784	17613	7829	0	0	0	7735	94	0	7830
5	4	G	40000	52	99.948	99.564	99948	514	20	0	0	244	52	198	356
5	4	A	40000	207	99.793	99.461	99793	332	13	0	0	136	28	155	205
5	4	B	40000	151	99.849	99.667	99849	182	7	0	0	108	24	43	151
5	4	cSpy was 22 spamed and the readout avoided!
5	5	G	40000	69247	30.753	23.565	30753	5867	2	0	0	5187	370	308	5613
5	5	A	40000	69274	30.726	30.396	30726	330	1	0	0	21	0	308	75
5	5	B	40000	77729	22.271	16.734	22271	5537	1	0	0	5166	370	0	5538
5	5	cSpy was 38 spamed and the readout avoided!
5	6	G	40000	100000	0	0	0	0	0	0	0	0	0	0	2
5	6	A	40000	100000	0	0	0	0	0	0	0	0	0	0	1
5	6	B	40000	100000	0	0	0	0	0	0	0	0	0	0	1
5	7	G	40000	97429	2.571	0.3635	2571	4331	0	0	0	4318	12	1	4333
5	7	A	40000	97461	2.539	0.374	2539	2165	0	0	0	2164	0	1	2166
5	7	B	40000	97481	2.519	0.353	2519	2166	0	0	0	2154	12	0	2167
6	0	G	40000	403	99.597	54.046	99597	14013	8	0	0	10191	3696	118	13922
6	0	A	40000	484	99.516	98.947	99516	569	8	0	0	436	7	118	477
6	0	B	40000	77411	22.589	9.145	22589	13444	0	0	0	9755	3689	0	13445
6	1	G	40000	99998	0.00200272	0	2	4	0	0	0	4	0	0	6
6	1	A	40000	99998	0.00200272	0	2	2	0	0	0	2	0	0	3
6	1	B	40000	99998	0.00200272	0	2	2	0	0	0	2	0	0	3
6	2	G	40000	13409	86.591	63.649	86591	30088	67	2	0	28113	1289	617	29780
6	2	A	40000	19366	80.634	66.781	80634	13853	6	0	0	12399	871	577	13591
6	2	B	40000	23248	76.752	60.517	76752	16235	61	2	0	15714	418	40	16189
6	2	cSpy was 2 spamed and the readout avoided!
6	3	G	40000	0	100	100	100000	200000	200000	200000	200000	200000	200000	200000	200002
6	3	A	40000	0	100	100	100000	100000	100000	100000	100000	100000	100000	100000	100001
6	3	B	40000	0	100	100	100000	100000	100000	100000	100000	100000	100000	100000	100001
6	4	G	40000	100000	0	0	0	0	0	0	0	0	0	0	2
6	4	A	40000	100000	0	0	0	0	0	0	0	0	0	0	1
6	4	B	40000	100000	0	0	0	0	0	0	0	0	0	0	1
6	5	G	40000	100000	0	0	0	0	0	0	0	0	0	0	2
6	5	A	40000	100000	0	0	0	0	0	0	0	0	0	0	1
6	5	B	40000	100000	0	0	0	0	0	0	0	0	0	0	1
6	6	G	40000	49300	50.7	23.5165	50700	44551	0	0	0	43594	877	80	44547
6	6	A	40000	54821	45.179	22.491	45179	22688	0	0	0	21775	834	79	22683
6	6	B	40000	53595	46.405	24.542	46405	21863	0	0	0	21819	43	1	21864
6	6	cSpy was 12 spamed and the readout avoided!
6	7	G	40000	176	99.824	81.1565	99824	17548	30	0	0	14803	1842	873	16885
6	7	A	40000	370	99.63	98.608	99630	1022	5	0	0	143	3	871	368
6	7	B	40000	19769	80.231	63.705	80231	16526	25	0	0	14660	1839	2	16517
6	7	cSpy was 2 spamed and the readout avoided!
7	0	G	40000	645	99.355	60.019	99355	21153	68	0	0	19526	1148	411	20816
7	0	A	40000	970	99.03	97.73	99030	1300	68	0	0	815	8	409	963
7	0	B	40000	57839	42.161	22.308	42161	19853	0	0	0	18711	1140	2	19853
7	0	cSpy was 6 spamed and the readout avoided!
7	1	G	40000	338	99.662	97.8345	99662	2364	110	0	0	1591	197	466	1955
7	1	A	40000	730	99.27	98.162	99270	1108	76	0	0	553	32	447	728
7	1	B	40000	1237	98.763	97.507	98763	1256	34	0	0	1038	165	19	1227
7	1	cSpy was 7 spamed and the readout avoided!
7	2	G	40000	100000	0	0	0	0	0	0	0	0	0	0	2
7	2	A	40000	100000	0	0	0	0	0	0	0	0	0	0	1
7	2	B	40000	100000	0	0	0	0	0	0	0	0	0	0	1
7	3	G	40000	100000	0	0	0	0	0	0	0	0	0	0	2
7	3	A	40000	100000	0	0	0	0	0	0	0	0	0	0	1
7	3	B	40000	100000	0	0	0	0	0	0	0	0	0	0	1
7	4	G	40000	94155	5.845	1.3625	5845	8694	0	0	0	8629	58	7	8695
7	4	A	40000	94262	5.738	1.396	5738	4342	0	0	0	4335	0	7	4342
7	4	B	40000	94319	5.681	1.329	5681	4352	0	0	0	4294	58	0	4353
7	5	G	40000	91	99.909	99.1445	99909	1013	9	0	0	210	371	423	697
7	5	A	40000	189	99.811	99.344	99811	467	8	0	0	61	32	366	189
7	5	B	40000	509	99.491	98.945	99491	546	1	0	0	149	339	57	508
7	5	cSpy was 5 spamed and the readout avoided!
7	6	G	40000	62468	37.532	31.82	37532	10744	11	3	0	10473	110	147	10661
7	6	A	40000	62732	37.268	31.873	37268	5395	8	1	0	5224	19	143	5316
7	6	B	40000	62884	37.116	31.767	37116	5349	3	2	0	5249	91	4	5345
7	6	cSpy was 2 spamed and the readout avoided!
7	7	G	40000	100000	0	0	0	0	0	0	0	0	0	0	2
7	7	A	40000	100000	0	0	0	0	0	0	0	0	0	0	1
7	7	B	40000	100000	0	0	0	0	0	0	0	0	0	0	1
