#the gain was set to: 2	the bias was set to: 30
#Sent triggers per delay setting: 10000	and with a frequency [Hz] of: 40000
#160MHz delay setting	400MHz delay setting	Frequency	correct transmitted H+T		error rate [%]	uncertainty [%]	bad or missed events	error count	missing headers	missing trailers	flipped H/T	event nr errors	tbm missed trigger	unknown errors	event nr resets
0	0	G	40000	10000	0	0	0	0	0	0	0	0	0	0	2
0	0	A	40000	10000	0	0	0	0	0	0	0	0	0	0	1
0	0	B	40000	10000	0	0	0	0	0	0	0	0	0	0	1
0	1	G	40000	0	100	100	10000	20000	20000	20000	20000	20000	20000	20000	20002
0	1	A	40000	0	100	100	10000	10000	10000	10000	10000	10000	10000	10000	10001
0	1	B	40000	0	100	100	10000	10000	10000	10000	10000	10000	10000	10000	10001
0	2	G	40000	4	99.96	98.365	9996	183	11	10	0	71	48	43	144
0	2	A	40000	16	99.84	99.63	9984	21	0	0	0	12	0	9	16
0	2	B	40000	128	98.72	97.1	9872	162	11	10	0	59	48	34	128
0	2	cSpy was 26 spamed and the readout avoided!
0	3	G	40000	10000	0	0	0	0	0	0	0	0	0	0	2
0	3	A	40000	10000	0	0	0	0	0	0	0	0	0	0	1
0	3	B	40000	10000	0	0	0	0	0	0	0	0	0	0	1
0	4	G	40000	10000	0	0	0	0	0	0	0	0	0	0	2
0	4	A	40000	10000	0	0	0	0	0	0	0	0	0	0	1
0	4	B	40000	10000	0	0	0	0	0	0	0	0	0	0	1
0	5	G	40000	376	96.24	89.78	9624	986	18	0	0	956	4	8	974
0	5	A	40000	540	94.6	89.58	9460	502	7	0	0	489	3	3	497
0	5	B	40000	518	94.82	89.98	9482	484	11	0	0	467	1	5	477
0	6	G	40000	6	99.94	98.63	9994	146	10	0	0	48	67	21	127
0	6	A	40000	118	98.82	97.5	9882	132	10	0	0	47	61	14	117
0	6	B	40000	10	99.9	99.76	9990	14	0	0	0	1	6	7	10
0	7	G	40000	9874	1.26	0.64	126	124	0	0	0	124	0	0	126
0	7	A	40000	9874	1.26	0.64	126	62	0	0	0	62	0	0	63
0	7	B	40000	9874	1.26	0.64	126	62	0	0	0	62	0	0	63
1	0	G	40000	23	99.77	97.295	9977	288	18	0	0	147	85	38	253
1	0	A	40000	200	98	95.93	9800	207	13	0	0	133	55	6	200
1	0	B	40000	53	99.47	98.66	9947	81	5	0	0	14	30	32	53
1	1	G	40000	9891	1.09	0.43	109	130	0	0	0	127	3	0	132
1	1	A	40000	9892	1.08	0.43	108	65	0	0	0	63	2	0	66
1	1	B	40000	9892	1.08	0.43	108	65	0	0	0	64	1	0	66
1	2	G	40000	10000	0	0	0	0	0	0	0	0	0	0	2
1	2	A	40000	10000	0	0	0	0	0	0	0	0	0	0	1
1	2	B	40000	10000	0	0	0	0	0	0	0	0	0	0	1
1	3	G	40000	0	100	100	10000	20000	20000	20000	20000	20000	20000	20000	20002
1	3	A	40000	0	100	100	10000	10000	10000	10000	10000	10000	10000	10000	10001
1	3	B	40000	0	100	100	10000	10000	10000	10000	10000	10000	10000	10000	10001
1	4	G	40000	1396	86.04	81.27	8604	771	7	7	0	629	87	41	741
1	4	A	40000	1423	85.77	82.6	8577	317	0	0	0	289	11	17	305
1	4	B	40000	1552	84.48	79.94	8448	454	7	7	0	340	76	24	436
1	4	cSpy was 7 spamed and the readout avoided!
1	5	G	40000	10000	0	0	0	0	0	0	0	0	0	0	2
1	5	A	40000	10000	0	0	0	0	0	0	0	0	0	0	1
1	5	B	40000	10000	0	0	0	0	0	0	0	0	0	0	1
1	6	G	40000	10000	0	0	0	0	0	0	0	0	0	0	2
1	6	A	40000	10000	0	0	0	0	0	0	0	0	0	0	1
1	6	B	40000	10000	0	0	0	0	0	0	0	0	0	0	1
1	7	G	40000	7	99.93	98.995	9993	106	4	0	0	56	29	17	95
1	7	A	40000	16	99.84	99.66	9984	18	0	0	0	0	10	8	16
1	7	B	40000	79	99.21	98.33	9921	88	4	0	0	56	19	9	79
2	0	G	40000	10000	0	0	0	0	0	0	0	0	0	0	2
2	0	A	40000	10000	0	0	0	0	0	0	0	0	0	0	1
2	0	B	40000	10000	0	0	0	0	0	0	0	0	0	0	1
2	1	G	40000	9	99.91	99.32	9991	77	1	0	0	44	13	19	58
2	1	A	40000	12	99.88	99.59	9988	29	0	0	0	8	3	18	12
2	1	B	40000	47	99.53	99.05	9953	48	1	0	0	36	10	1	46
2	2	G	40000	51	99.49	97.485	9949	252	3	0	0	212	18	19	245
2	2	A	40000	125	98.75	97.52	9875	123	0	0	0	105	12	6	121
2	2	B	40000	126	98.74	97.45	9874	129	3	0	0	107	6	13	124
2	2	cSpy was 5 spamed and the readout avoided!
2	3	G	40000	10000	0	0	0	0	0	0	0	0	0	0	2
2	3	A	40000	10000	0	0	0	0	0	0	0	0	0	0	1
2	3	B	40000	10000	0	0	0	0	0	0	0	0	0	0	1
2	4	G	40000	10000	0	0	0	0	0	0	0	0	0	0	2
2	4	A	40000	10000	0	0	0	0	0	0	0	0	0	0	1
2	4	B	40000	10000	0	0	0	0	0	0	0	0	0	0	1
2	5	G	40000	0	100	99.775	10000	27	0	0	0	3	6	18	18
2	5	A	40000	11	99.89	99.7	9989	19	0	0	0	1	3	15	11
2	5	B	40000	7	99.93	99.85	9993	8	0	0	0	2	3	3	7
2	6	G	40000	17	99.83	98.3	9983	187	2	3	0	79	61	42	152
2	6	A	40000	51	99.49	98.7	9949	79	1	0	0	38	9	31	51
2	6	B	40000	102	98.98	97.9	9898	108	1	3	0	41	52	11	101
2	7	G	40000	1258	87.42	70.15	8742	2654	0	0	0	2543	100	11	2650
2	7	A	40000	1662	83.38	69.77	8338	1361	0	0	0	1303	52	6	1359
2	7	B	40000	1654	83.46	70.53	8346	1293	0	0	0	1240	48	5	1291
3	0	G	40000	20	99.8	91.235	9980	899	32	4	0	248	572	43	852
3	0	A	40000	808	91.92	83.57	9192	835	28	4	0	237	549	17	806
3	0	B	40000	46	99.54	98.9	9954	64	4	0	0	11	23	26	46
3	0	cSpy was 7 spamed and the readout avoided!
3	1	G	40000	335	96.65	87.33	9665	1240	18	0	0	1008	188	26	1219
3	1	A	40000	700	93	86.29	9300	671	10	0	0	538	111	12	661
3	1	B	40000	594	94.06	88.37	9406	569	8	0	0	470	77	14	558
3	1	cSpy was 2 spamed and the readout avoided!
3	2	G	40000	10000	0	0	0	0	0	0	0	0	0	0	2
3	2	A	40000	10000	0	0	0	0	0	0	0	0	0	0	1
3	2	B	40000	10000	0	0	0	0	0	0	0	0	0	0	1
3	3	G	40000	10000	0	0	0	0	0	0	0	0	0	0	2
3	3	A	40000	10000	0	0	0	0	0	0	0	0	0	0	1
3	3	B	40000	10000	0	0	0	0	0	0	0	0	0	0	1
3	4	G	40000	3792	62.08	26.055	6208	3981	0	0	0	3809	172	0	3982
3	4	A	40000	5005	49.95	30.67	4995	1928	0	0	0	1862	66	0	1928
3	4	B	40000	5803	41.97	21.44	4197	2053	0	0	0	1947	106	0	2054
3	5	G	40000	17	99.83	98.645	9983	151	2	0	0	30	79	40	120
3	5	A	40000	69	99.31	98.6	9931	71	0	0	0	3	66	2	69
3	5	B	40000	51	99.49	98.69	9949	80	2	0	0	27	13	38	51
3	5	cSpy was 26 spamed and the readout avoided!
3	6	G	40000	9926	0.739998	0.26	74	84	0	0	0	84	0	0	86
3	6	A	40000	9926	0.739998	0.29	74	45	0	0	0	45	0	0	46
3	6	B	40000	9938	0.620002	0.23	62	39	0	0	0	39	0	0	40
3	7	G	40000	10000	0	0	0	0	0	0	0	0	0	0	2
3	7	A	40000	10000	0	0	0	0	0	0	0	0	0	0	1
3	7	B	40000	10000	0	0	0	0	0	0	0	0	0	0	1
4	0	G	40000	10000	0	0	0	0	0	0	0	0	0	0	2
4	0	A	40000	10000	0	0	0	0	0	0	0	0	0	0	1
4	0	B	40000	10000	0	0	0	0	0	0	0	0	0	0	1
4	1	G	40000	10000	0	0	0	0	0	0	0	0	0	0	2
4	1	A	40000	10000	0	0	0	0	0	0	0	0	0	0	1
4	1	B	40000	10000	0	0	0	0	0	0	0	0	0	0	1
4	2	G	40000	1	99.99	99.615	9999	46	1	0	0	16	4	25	31
4	2	A	40000	29	99.71	99.27	9971	44	1	0	0	16	3	24	29
4	2	B	40000	2	99.98	99.96	9998	2	0	0	0	0	1	1	2
4	3	G	40000	38	99.62	97.545	9962	256	20	0	0	142	58	36	231
4	3	A	40000	151	98.49	96.88	9849	161	13	0	0	94	36	18	148
4	3	B	40000	84	99.16	98.21	9916	95	7	0	0	48	22	18	83
4	3	cSpy was 19 spamed and the readout avoided!
4	4	G	40000	10000	0	0	0	0	0	0	0	0	0	0	2
4	4	A	40000	10000	0	0	0	0	0	0	0	0	0	0	1
4	4	B	40000	10000	0	0	0	0	0	0	0	0	0	0	1
4	5	G	40000	10000	0	0	0	0	0	0	0	0	0	0	2
4	5	A	40000	10000	0	0	0	0	0	0	0	0	0	0	1
4	5	B	40000	10000	0	0	0	0	0	0	0	0	0	0	1
4	6	G	40000	1155	88.45	62.37	8845	3036	0	0	0	2892	133	11	3031
4	6	A	40000	2029	79.71	65.3	7971	1441	0	0	0	1382	54	5	1438
4	6	B	40000	2461	75.39	59.44	7539	1595	0	0	0	1510	79	6	1593
4	6	cSpy was 3 spamed and the readout avoided!
4	7	G	40000	993	90.07	75.95	9007	1632	0	0	0	1556	71	5	1630
4	7	A	40000	1409	85.91	78.28	8591	763	0	0	0	742	21	0	763
4	7	B	40000	1769	82.31	73.62	8231	869	0	0	0	814	50	5	867
4	7	cSpy was 30 spamed and the readout avoided!
5	0	G	40000	10000	0	0	0	0	0	0	0	0	0	0	2
5	0	A	40000	10000	0	0	0	0	0	0	0	0	0	0	1
5	0	B	40000	10000	0	0	0	0	0	0	0	0	0	0	1
5	1	G	40000	8012	19.88	6.61	1988	1631	0	0	0	1623	6	2	1633
5	1	A	40000	8413	15.87	7.39	1587	848	0	0	0	846	1	1	849
5	1	B	40000	8634	13.66	5.83	1366	783	0	0	0	777	5	1	784
5	2	G	40000	37	99.63	97.145	9963	291	5	0	0	62	207	17	280
5	2	A	40000	203	97.97	95.93	9797	204	1	0	0	61	141	1	203
5	2	B	40000	77	99.23	98.36	9923	87	4	0	0	1	66	16	77
5	2	cSpy was 20 spamed and the readout avoided!
5	3	G	40000	9445	5.55	0.98	555	914	0	0	0	914	0	0	916
5	3	A	40000	9445	5.55	0.98	555	457	0	0	0	457	0	0	458
5	3	B	40000	9445	5.55	0.98	555	457	0	0	0	457	0	0	458
5	4	G	40000	10000	0	0	0	0	0	0	0	0	0	0	2
5	4	A	40000	10000	0	0	0	0	0	0	0	0	0	0	1
5	4	B	40000	10000	0	0	0	0	0	0	0	0	0	0	1
5	5	G	40000	9781	2.19	0.01	219	436	0	0	0	436	0	0	436
5	5	A	40000	9781	2.19	0.01	219	218	0	0	0	218	0	0	218
5	5	B	40000	9781	2.19	0.01	219	218	0	0	0	218	0	0	218
5	6	G	40000	32	99.68	92.835	9968	726	21	3	0	230	448	24	697
5	6	A	40000	640	93.6	87.11	9360	649	20	3	0	201	416	9	631
5	6	B	40000	67	99.33	98.56	9933	77	1	0	0	29	32	15	66
5	6	cSpy was 13 spamed and the readout avoided!
5	7	G	40000	2191	78.09	52.805	7809	3757	2	0	0	3250	505	0	3757
5	7	A	40000	2865	71.35	52.38	7135	1897	1	0	0	1615	281	0	1897
5	7	B	40000	2817	71.83	53.23	7183	1860	1	0	0	1635	224	0	1860
6	0	G	40000	2123	78.77	64.29	7877	2665	0	0	0	2389	270	6	2663
6	0	A	40000	2223	77.77	64.65	7777	1312	0	0	0	1174	137	1	1312
6	0	B	40000	2254	77.46	63.93	7746	1353	0	0	0	1215	133	5	1351
6	0	cSpy was 2 spamed and the readout avoided!
6	1	G	40000	10000	0	0	0	0	0	0	0	0	0	0	2
6	1	A	40000	10000	0	0	0	0	0	0	0	0	0	0	1
6	1	B	40000	10000	0	0	0	0	0	0	0	0	0	0	1
6	2	G	40000	10000	0	0	0	0	0	0	0	0	0	0	2
6	2	A	40000	10000	0	0	0	0	0	0	0	0	0	0	1
6	2	B	40000	10000	0	0	0	0	0	0	0	0	0	0	1
6	3	G	40000	161	98.39	91.87	9839	807	23	0	0	755	20	9	792
6	3	A	40000	475	95.25	90.55	9525	470	12	0	0	436	17	5	461
6	3	B	40000	344	96.56	93.19	9656	337	11	0	0	319	3	4	331
6	3	cSpy was 4 spamed and the readout avoided!
6	4	G	40000	52	99.48	96.735	9948	352	37	5	1	113	144	52	299
6	4	A	40000	193	98.07	95.92	9807	215	23	1	1	66	112	12	192
6	4	B	40000	108	98.92	97.55	9892	137	14	4	0	47	32	40	107
6	5	G	40000	10000	0	0	0	0	0	0	0	0	0	0	2
6	5	A	40000	10000	0	0	0	0	0	0	0	0	0	0	1
6	5	B	40000	10000	0	0	0	0	0	0	0	0	0	0	1
6	6	G	40000	9944	0.559998	0.135	56	29	0	0	0	29	0	0	31
6	6	A	40000	9944	0.559998	0.27	56	29	0	0	0	29	0	0	30
6	6	B	40000	10000	0	0	0	0	0	0	0	0	0	0	1
6	7	G	40000	9703	2.97	0.015	297	585	0	0	0	585	0	0	587
6	7	A	40000	9705	2.95	0.02	295	293	0	0	0	293	0	0	294
6	7	B	40000	9707	2.93	0.01	293	292	0	0	0	292	0	0	293
7	0	G	40000	10000	0	0	0	0	0	0	0	0	0	0	2
7	0	A	40000	10000	0	0	0	0	0	0	0	0	0	0	1
7	0	B	40000	10000	0	0	0	0	0	0	0	0	0	0	1
7	1	G	40000	10000	0	0	0	0	0	0	0	0	0	0	2
7	1	A	40000	10000	0	0	0	0	0	0	0	0	0	0	1
7	1	B	40000	10000	0	0	0	0	0	0	0	0	0	0	1
7	2	G	40000	9993	0.0699997	0	7	14	0	0	0	14	0	0	16
7	2	A	40000	9993	0.0699997	0	7	7	0	0	0	7	0	0	8
7	2	B	40000	9993	0.0699997	0	7	7	0	0	0	7	0	0	8
7	3	G	40000	3	99.97	99.33	9997	71	1	0	0	39	15	16	63
7	3	A	40000	10	99.9	99.8	9990	10	0	0	0	4	6	0	10
7	3	B	40000	53	99.47	98.86	9947	61	1	0	0	35	9	16	53
7	3	cSpy was 7 spamed and the readout avoided!
7	4	G	40000	4197	58.03	32.575	5803	4668	8	0	0	4261	399	0	4662
7	4	A	40000	4406	55.94	32.66	5594	2328	4	0	0	2124	200	0	2325
7	4	B	40000	4411	55.89	32.49	5589	2340	4	0	0	2137	199	0	2337
7	5	G	40000	10000	0	0	0	0	0	0	0	0	0	0	2
7	5	A	40000	10000	0	0	0	0	0	0	0	0	0	0	1
7	5	B	40000	10000	0	0	0	0	0	0	0	0	0	0	1
7	6	G	40000	5819	41.81	20.525	4181	2330	0	0	0	2309	21	0	2331
7	6	A	40000	6531	34.69	22.96	3469	1173	0	0	0	1166	7	0	1173
7	6	B	40000	7034	29.66	18.09	2966	1157	0	0	0	1143	14	0	1158
7	7	G	40000	4	99.96	99.11	9996	124	3	0	0	21	17	83	54
7	7	A	40000	27	99.73	99.06	9973	67	0	0	0	12	7	48	27
7	7	B	40000	27	99.73	99.16	9973	57	3	0	0	9	10	35	27
7	7	cSpy was 24 spamed and the readout avoided!
