#the gain was set to: 2	the bias was set to: 30
#Sent triggers per delay setting: 10000	and with a frequency [Hz] of: 40000
#160MHz delay setting	400MHz delay setting	Frequency	correct transmitted H+T		error rate [%]	uncertainty [%]	bad or missed events	error count	missing headers	missing trailers	flipped H/T	event nr errors	tbm missed trigger	unknown errors	event nr resets
0	0	G	40000	22	99.78	83.28	9978	1491	9	0	0	1368	22	92	1424
0	0	A	40000	45	99.55	98.46	9955	109	2	0	0	10	9	88	45
0	0	B	40000	1808	81.92	68.1	8192	1382	7	0	0	1358	13	4	1379
0	0	cSpy was 2 spamed and the readout avoided!
0	1	G	40000	10000	0	0	0	0	0	0	0	0	0	0	2
0	1	A	40000	10000	0	0	0	0	0	0	0	0	0	0	1
0	1	B	40000	10000	0	0	0	0	0	0	0	0	0	0	1
0	2	G	40000	19	99.81	98.34	9981	192	13	0	0	72	51	56	140
0	2	A	40000	67	99.33	98.34	9933	99	6	0	0	17	39	37	67
0	2	B	40000	73	99.27	98.34	9927	93	7	0	0	55	12	19	73
0	2	cSpy was 7 spamed and the readout avoided!
0	3	G	40000	12	99.88	96.505	9988	373	26	0	0	194	101	52	313
0	3	A	40000	237	97.63	95.36	9763	227	6	0	0	146	69	6	224
0	3	B	40000	89	99.11	97.65	9911	146	20	0	0	48	32	46	89
0	3	cSpy was 75 spamed and the readout avoided!
0	4	G	40000	9977	0.230002	0.085	23	28	0	0	0	28	0	0	30
0	4	A	40000	9978	0.220001	0.08	22	14	0	0	0	14	0	0	15
0	4	B	40000	9977	0.230002	0.09	23	14	0	0	0	14	0	0	15
0	5	G	40000	0	100	100	10000	0	0	0	0	0	0	0	0
0	5	A	40000	0	100	100	10000	0	0	0	0	0	0	0	0
0	5	B	40000	0	100	100	10000	0	0	0	0	0	0	0	0
0	6	G	40000	37	99.63	93.12	9963	707	31	0	0	138	501	37	669
0	6	A	40000	585	94.15	88	9415	615	30	0	0	67	496	22	585
0	6	B	40000	84	99.16	98.24	9916	92	1	0	0	71	5	15	84
0	6	cSpy was 2 spamed and the readout avoided!
0	7	G	40000	20	99.8	98.375	9980	169	4	0	0	116	35	14	156
0	7	A	40000	96	99.04	98	9904	104	3	0	0	61	31	9	96
0	7	B	40000	60	99.4	98.75	9940	65	1	0	0	55	4	5	60
1	0	G	40000	27	99.73	83.58	9973	1496	20	0	0	1405	47	24	1466
1	0	A	40000	64	99.36	98.59	9936	77	3	0	0	44	15	15	64
1	0	B	40000	1724	82.76	68.57	8276	1419	17	0	0	1361	32	9	1402
1	0	cSpy was 1 spamed and the readout avoided!
1	1	G	40000	291	97.09	85.76	9709	1421	46	1	0	939	375	60	1365
1	1	A	40000	614	93.86	87.76	9386	610	7	0	0	393	162	48	577
1	1	B	40000	813	91.87	83.76	9187	811	39	1	0	546	213	12	788
1	1	cSpy was 8 spamed and the readout avoided!
1	2	G	40000	3904	60.96	18.835	6096	4350	0	0	0	4254	94	2	4349
1	2	A	40000	6724	32.76	9.96	3276	2280	0	0	0	2218	62	0	2280
1	2	B	40000	5159	48.41	27.71	4841	2070	0	0	0	2036	32	2	2069
1	3	G	40000	10000	0	0	0	0	0	0	0	0	0	0	2
1	3	A	40000	10000	0	0	0	0	0	0	0	0	0	0	1
1	3	B	40000	10000	0	0	0	0	0	0	0	0	0	0	1
1	4	G	40000	0	100	100	10000	20000	20000	20000	20000	20000	20000	20000	20002
1	4	A	40000	0	100	100	10000	10000	10000	10000	10000	10000	10000	10000	10001
1	4	B	40000	0	100	100	10000	10000	10000	10000	10000	10000	10000	10000	10001
1	5	G	40000	14	99.86	98.28	9986	206	16	0	0	86	28	76	138
1	5	A	40000	82	99.18	97.87	9918	131	12	0	0	37	24	58	82
1	5	B	40000	56	99.44	98.69	9944	75	4	0	0	49	4	18	56
1	5	cSpy was 2 spamed and the readout avoided!
1	6	G	40000	3685	63.15	23.665	6315	4520	7	0	0	4351	151	11	4516
1	6	A	40000	6068	39.32	13.58	3932	2574	0	0	0	2463	110	1	2574
1	6	B	40000	4679	53.21	33.75	5321	1946	7	0	0	1888	41	10	1942
1	7	G	40000	10000	0	0	0	0	0	0	0	0	0	0	2
1	7	A	40000	10000	0	0	0	0	0	0	0	0	0	0	1
1	7	B	40000	10000	0	0	0	0	0	0	0	0	0	0	1
2	0	G	40000	233	97.67	84.04	9767	1589	66	1	0	1074	418	30	1541
2	0	A	40000	457	95.43	90.87	9543	456	11	1	0	378	53	13	440
2	0	B	40000	1146	88.54	77.21	8854	1133	55	0	0	696	365	17	1101
2	0	cSpy was 10 spamed and the readout avoided!
2	1	G	40000	10000	0	0	0	0	0	0	0	0	0	0	2
2	1	A	40000	10000	0	0	0	0	0	0	0	0	0	0	1
2	1	B	40000	10000	0	0	0	0	0	0	0	0	0	0	1
2	2	G	40000	271	97.29	90.69	9729	933	27	1	0	810	4	91	857
2	2	A	40000	439	95.61	90.96	9561	465	19	1	0	368	2	75	404
2	2	B	40000	490	95.1	90.42	9510	468	8	0	0	442	2	16	453
2	2	cSpy was 3 spamed and the readout avoided!
2	3	G	40000	84	99.16	92.865	9916	734	19	0	0	67	598	50	693
2	3	A	40000	489	95.11	89.87	9511	524	17	0	0	23	445	39	489
2	3	B	40000	204	97.96	95.86	9796	210	2	0	0	44	153	11	204
2	3	cSpy was 2 spamed and the readout avoided!
2	4	G	40000	688	93.12	69.27	9312	2861	7	0	0	2490	347	17	2850
2	4	A	40000	2107	78.93	61.71	7893	1722	0	0	0	1486	231	5	1722
2	4	B	40000	1178	88.22	76.83	8822	1139	7	0	0	1004	116	12	1128
2	5	G	40000	10000	0	0	0	0	0	0	0	0	0	0	2
2	5	A	40000	10000	0	0	0	0	0	0	0	0	0	0	1
2	5	B	40000	10000	0	0	0	0	0	0	0	0	0	0	1
2	6	G	40000	10000	0	0	0	0	0	0	0	0	0	0	2
2	6	A	40000	10000	0	0	0	0	0	0	0	0	0	0	1
2	6	B	40000	10000	0	0	0	0	0	0	0	0	0	0	1
2	7	G	40000	16	99.84	93.74	9984	647	29	0	0	108	481	29	605
2	7	A	40000	559	94.41	88.44	9441	597	29	0	0	76	470	22	559
2	7	B	40000	46	99.54	99.04	9954	50	0	0	0	32	11	7	46
2	7	cSpy was 1 spamed and the readout avoided!
3	0	G	40000	89	99.11	52.12	9911	921	14	0	0	661	176	70	878
3	0	A	40000	100	99	97.56	9900	144	14	0	0	51	9	70	100
3	0	B	40000	8555	14.45	6.68	1445	777	0	0	0	610	167	0	778
3	1	G	40000	8510	14.9	7.61	1490	1307	1	0	0	1304	2	0	1306
3	1	A	40000	8586	14.14	7.68	1414	646	0	0	0	646	0	0	646
3	1	B	40000	8585	14.15	7.54	1415	661	1	0	0	658	2	0	660
3	2	G	40000	7	99.93	99.32	9993	85	0	0	0	9	24	52	51
3	2	A	40000	32	99.68	99.21	9968	47	0	0	0	9	16	22	32
3	2	B	40000	19	99.81	99.43	9981	38	0	0	0	0	8	30	19
3	2	cSpy was 36 spamed and the readout avoided!
3	3	G	40000	1778	82.22	42.725	8222	4974	33	2	0	3566	1278	95	4939
3	3	A	40000	3114	68.86	45.62	6886	2324	8	0	0	1602	626	88	2311
3	3	B	40000	3367	66.33	39.83	6633	2650	25	2	0	1964	652	7	2628
3	3	cSpy was 3 spamed and the readout avoided!
3	4	G	40000	10000	0	0	0	0	0	0	0	0	0	0	2
3	4	A	40000	10000	0	0	0	0	0	0	0	0	0	0	1
3	4	B	40000	10000	0	0	0	0	0	0	0	0	0	0	1
3	5	G	40000	2970	70.3	46.6	7030	3090	45	9	0	2844	170	22	3057
3	5	A	40000	3949	60.51	45.14	6051	1537	15	0	0	1465	51	6	1529
3	5	B	40000	3641	63.59	48.06	6359	1553	30	9	0	1379	119	16	1528
3	5	cSpy was 14 spamed and the readout avoided!
3	6	G	40000	8	99.92	98.5	9992	199	15	0	0	22	61	101	101
3	6	A	40000	85	99.15	97.89	9915	126	12	0	0	20	52	42	85
3	6	B	40000	16	99.84	99.11	9984	73	3	0	0	2	9	59	16
3	6	cSpy was 50 spamed and the readout avoided!
3	7	G	40000	1025	89.75	60.075	8975	3799	32	8	0	3148	507	105	3729
3	7	A	40000	1932	80.68	63.34	8068	1734	13	4	0	1397	238	82	1693
3	7	B	40000	2254	77.46	56.81	7746	2065	19	4	0	1751	269	23	2036
3	7	cSpy was 6 spamed and the readout avoided!
4	0	G	40000	20	99.8	98.01	9980	251	31	0	0	86	18	116	145
4	0	A	40000	99	99.01	97.42	9901	159	25	0	0	59	10	65	97
4	0	B	40000	48	99.52	98.6	9952	92	6	0	0	27	8	51	48
4	0	cSpy was 98 spamed and the readout avoided!
4	1	G	40000	22	99.78	97.75	9978	280	19	0	0	79	56	126	169
4	1	A	40000	94	99.06	97.67	9906	139	9	0	0	29	47	54	94
4	1	B	40000	76	99.24	97.83	9924	141	10	0	0	50	9	72	75
4	1	cSpy was 51 spamed and the readout avoided!
4	2	G	40000	10000	0	0	0	0	0	0	0	0	0	0	2
4	2	A	40000	10000	0	0	0	0	0	0	0	0	0	0	1
4	2	B	40000	10000	0	0	0	0	0	0	0	0	0	0	1
4	3	G	40000	10000	0	0	0	0	0	0	0	0	0	0	2
4	3	A	40000	10000	0	0	0	0	0	0	0	0	0	0	1
4	3	B	40000	10000	0	0	0	0	0	0	0	0	0	0	1
4	4	G	40000	7	99.93	98.625	9993	172	20	1	0	59	12	80	102
4	4	A	40000	25	99.75	99.19	9975	56	2	0	0	13	0	41	25
4	4	B	40000	78	99.22	98.06	9922	116	18	1	0	46	12	39	77
4	4	cSpy was 15 spamed and the readout avoided!
4	5	G	40000	0	100	99.28	10000	115	3	0	0	6	3	103	29
4	5	A	40000	2	99.98	99.72	9998	26	0	0	0	0	0	26	2
4	5	B	40000	27	99.73	98.84	9973	89	3	0	0	6	3	77	27
4	5	cSpy was 6 spamed and the readout avoided!
4	6	G	40000	10000	0	0	0	0	0	0	0	0	0	0	2
4	6	A	40000	10000	0	0	0	0	0	0	0	0	0	0	1
4	6	B	40000	10000	0	0	0	0	0	0	0	0	0	0	1
4	7	G	40000	9966	0.340003	0.02	34	64	0	0	0	64	0	0	66
4	7	A	40000	9966	0.340003	0.02	34	32	0	0	0	32	0	0	33
4	7	B	40000	9966	0.340003	0.02	34	32	0	0	0	32	0	0	33
5	0	G	40000	41	99.59	63.78	9959	2191	17	0	0	1791	301	82	2131
5	0	A	40000	55	99.45	98.31	9945	114	17	0	0	2	15	80	55
5	0	B	40000	4998	50.02	29.25	5002	2077	0	0	0	1789	286	2	2076
5	0	cSpy was 8 spamed and the readout avoided!
5	1	G	40000	10000	0	0	0	0	0	0	0	0	0	0	2
5	1	A	40000	10000	0	0	0	0	0	0	0	0	0	0	1
5	1	B	40000	10000	0	0	0	0	0	0	0	0	0	0	1
5	2	G	40000	44	99.56	97.22	9956	313	56	0	0	133	69	55	243
5	2	A	40000	165	98.35	96.2	9835	215	39	0	0	86	50	40	165
5	2	B	40000	78	99.22	98.24	9922	98	17	0	0	47	19	15	78
5	2	cSpy was 30 spamed and the readout avoided!
5	3	G	40000	10	99.9	98.6	9990	170	22	0	0	36	35	77	106
5	3	A	40000	86	99.14	97.78	9914	136	22	0	0	36	21	57	82
5	3	B	40000	24	99.76	99.42	9976	34	0	0	0	0	14	20	24
5	3	cSpy was 14 spamed and the readout avoided!
5	4	G	40000	10000	0	0	0	0	0	0	0	0	0	0	2
5	4	A	40000	10000	0	0	0	0	0	0	0	0	0	0	1
5	4	B	40000	10000	0	0	0	0	0	0	0	0	0	0	1
5	5	G	40000	10000	0	0	0	0	0	0	0	0	0	0	2
5	5	A	40000	10000	0	0	0	0	0	0	0	0	0	0	1
5	5	B	40000	10000	0	0	0	0	0	0	0	0	0	0	1
5	6	G	40000	6143	38.57	28.38	3857	1366	80	5	0	1194	81	6	1350
5	6	A	40000	6449	35.51	29.26	3551	625	34	0	0	585	0	6	619
5	6	B	40000	6509	34.91	27.5	3491	741	46	5	0	609	81	0	731
5	6	cSpy was 6 spamed and the readout avoided!
5	7	G	40000	9	99.91	98.88	9991	137	12	0	0	27	38	60	86
5	7	A	40000	67	99.33	98.24	9933	109	12	0	0	27	22	48	66
5	7	B	40000	20	99.8	99.52	9980	28	0	0	0	0	16	12	20
5	7	cSpy was 12 spamed and the readout avoided!
6	0	G	40000	37	99.63	55.67	9963	1590	13	0	0	1239	248	90	1535
6	0	A	40000	58	99.42	98.28	9942	114	13	0	0	2	9	90	58
6	0	B	40000	7218	27.82	13.06	2782	1476	0	0	0	1237	239	0	1477
6	0	cSpy was 26 spamed and the readout avoided!
6	1	G	40000	9	99.91	98.95	9991	134	7	0	0	22	32	73	76
6	1	A	40000	57	99.43	98.37	9943	106	7	0	0	22	19	58	57
6	1	B	40000	19	99.81	99.53	9981	28	0	0	0	0	13	15	19
6	1	cSpy was 8 spamed and the readout avoided!
6	2	G	40000	9889	1.11	0.56	111	95	0	0	0	91	0	4	96
6	2	A	40000	9896	1.04	0.56	104	48	0	0	0	45	0	3	48
6	2	B	40000	9897	1.03	0.56	103	47	0	0	0	46	0	1	48
6	3	G	40000	10000	0	0	0	0	0	0	0	0	0	0	2
6	3	A	40000	10000	0	0	0	0	0	0	0	0	0	0	1
6	3	B	40000	10000	0	0	0	0	0	0	0	0	0	0	1
6	4	G	40000	10000	0	0	0	0	0	0	0	0	0	0	2
6	4	A	40000	10000	0	0	0	0	0	0	0	0	0	0	1
6	4	B	40000	10000	0	0	0	0	0	0	0	0	0	0	1
6	5	G	40000	8	99.92	98.57	9992	190	15	0	0	34	30	111	94
6	5	A	40000	26	99.74	99	9974	74	2	0	0	9	4	59	24
6	5	B	40000	70	99.3	98.14	9930	116	13	0	0	25	26	52	70
6	5	cSpy was 29 spamed and the readout avoided!
6	6	G	40000	1	99.99	99.46	9999	94	1	0	0	1	2	90	14
6	6	A	40000	11	99.89	98.98	9989	91	1	0	0	0	1	89	11
6	6	B	40000	3	99.97	99.94	9997	3	0	0	0	1	1	1	3
6	6	cSpy was 4 spamed and the readout avoided!
6	7	G	40000	10000	0	0	0	0	0	0	0	0	0	0	2
6	7	A	40000	10000	0	0	0	0	0	0	0	0	0	0	1
6	7	B	40000	10000	0	0	0	0	0	0	0	0	0	0	1
7	0	G	40000	44	99.56	96.28	9956	410	32	1	0	250	29	98	333
7	0	A	40000	94	99.06	97.55	9906	151	10	0	0	44	15	82	94
7	0	B	40000	240	97.6	95.01	9760	259	22	1	0	206	14	16	239
7	0	cSpy was 9 spamed and the readout avoided!
7	1	G	40000	10000	0	0	0	0	0	0	0	0	0	0	2
7	1	A	40000	10000	0	0	0	0	0	0	0	0	0	0	1
7	1	B	40000	10000	0	0	0	0	0	0	0	0	0	0	1
7	2	G	40000	10000	0	0	0	0	0	0	0	0	0	0	2
7	2	A	40000	10000	0	0	0	0	0	0	0	0	0	0	1
7	2	B	40000	10000	0	0	0	0	0	0	0	0	0	0	1
7	3	G	40000	1	99.99	99.135	9999	108	6	0	0	22	28	52	65
7	3	A	40000	3	99.97	99.83	9997	14	0	0	0	2	0	12	3
7	3	B	40000	62	99.38	98.44	9938	94	6	0	0	20	28	40	62
7	3	cSpy was 2 spamed and the readout avoided!
7	4	G	40000	20	99.8	97.975	9980	234	36	0	0	68	64	66	165
7	4	A	40000	118	98.82	97.06	9882	176	34	0	0	54	32	56	112
7	4	B	40000	53	99.47	98.89	9947	58	2	0	0	14	32	10	53
7	4	cSpy was 18 spamed and the readout avoided!
7	5	G	40000	5782	42.18	24.335	4218	3360	0	0	0	3273	16	71	3352
7	5	A	40000	5854	41.46	24.35	4146	1711	0	0	0	1630	10	71	1702
7	5	B	40000	5919	40.81	24.32	4081	1649	0	0	0	1643	6	0	1650
7	6	G	40000	10000	0	0	0	0	0	0	0	0	0	0	2
7	6	A	40000	10000	0	0	0	0	0	0	0	0	0	0	1
7	6	B	40000	10000	0	0	0	0	0	0	0	0	0	0	1
7	7	G	40000	9948	0.520003	0	52	104	0	0	0	104	0	0	106
7	7	A	40000	9948	0.520003	0	52	52	0	0	0	52	0	0	53
7	7	B	40000	9948	0.520003	0	52	52	0	0	0	52	0	0	53
