#the gain was set to: 2	the bias was set to: 30
#Sent triggers per delay setting: 10000	and with a frequency [Hz] of: 40000
#160MHz delay setting	400MHz delay setting	Frequency	correct transmitted H+T		error rate [%]	uncertainty [%]	bad or missed events	error count	missing headers	missing trailers	flipped H/T	event nr errors	tbm missed trigger	unknown errors	event nr resets
0	0	G	40000	10000	0	0	0	0	0	0	0	0	0	0	2
0	0	A	40000	10000	0	0	0	0	0	0	0	0	0	0	1
0	0	B	40000	10000	0	0	0	0	0	0	0	0	0	0	1
0	1	G	40000	10000	0	0	0	0	0	0	0	0	0	0	2
0	1	A	40000	10000	0	0	0	0	0	0	0	0	0	0	1
0	1	B	40000	10000	0	0	0	0	0	0	0	0	0	0	1
0	2	G	40000	29	99.71	97.4	9971	346	37	10	0	44	59	195	174
0	2	A	40000	46	99.54	98.15	9954	139	8	7	0	2	7	114	46
0	2	B	40000	128	98.72	96.65	9872	207	29	3	0	42	52	81	128
0	2	cSpy was 30 spamed and the readout avoided!
0	3	G	40000	33	99.67	96.985	9967	340	19	10	0	164	37	110	261
0	3	A	40000	81	99.19	97.92	9919	127	4	0	0	41	1	81	81
0	3	B	40000	182	98.18	96.05	9818	213	15	10	0	123	36	29	180
0	3	cSpy was 5 spamed and the readout avoided!
0	4	G	40000	10000	0	0	0	0	0	0	0	0	0	0	2
0	4	A	40000	10000	0	0	0	0	0	0	0	0	0	0	1
0	4	B	40000	10000	0	0	0	0	0	0	0	0	0	0	1
0	5	G	40000	10000	0	0	0	0	0	0	0	0	0	0	2
0	5	A	40000	10000	0	0	0	0	0	0	0	0	0	0	1
0	5	B	40000	10000	0	0	0	0	0	0	0	0	0	0	1
0	6	G	40000	0	100	99.41	10000	60	0	0	0	37	19	4	58
0	6	A	40000	2	99.98	99.94	9998	4	0	0	0	2	0	2	2
0	6	B	40000	56	99.44	98.88	9944	56	0	0	0	35	19	2	56
0	7	G	40000	21	99.79	97.7	9979	266	17	8	0	81	52	108	193
0	7	A	40000	56	99.44	98.46	9944	98	1	0	0	16	0	81	56
0	7	B	40000	138	98.62	96.94	9862	168	16	8	0	65	52	27	137
0	7	cSpy was 4 spamed and the readout avoided!
1	0	G	40000	4	99.96	99.195	9996	85	2	0	0	43	21	19	76
1	0	A	40000	8	99.92	99.84	9992	8	0	0	0	5	1	2	8
1	0	B	40000	68	99.32	98.55	9932	77	2	0	0	38	20	17	68
1	0	cSpy was 1 spamed and the readout avoided!
1	1	G	40000	22	99.78	98.37	9978	187	3	0	0	65	35	84	138
1	1	A	40000	44	99.56	98.7	9956	86	2	0	0	17	2	65	44
1	1	B	40000	95	99.05	98.04	9905	101	1	0	0	48	33	19	94
1	1	cSpy was 4 spamed and the readout avoided!
1	2	G	40000	10000	0	0	0	0	0	0	0	0	0	0	2
1	2	A	40000	10000	0	0	0	0	0	0	0	0	0	0	1
1	2	B	40000	10000	0	0	0	0	0	0	0	0	0	0	1
1	3	G	40000	10000	0	0	0	0	0	0	0	0	0	0	2
1	3	A	40000	10000	0	0	0	0	0	0	0	0	0	0	1
1	3	B	40000	10000	0	0	0	0	0	0	0	0	0	0	1
1	4	G	40000	4	99.96	99.365	9996	85	0	0	0	34	1	50	42
1	4	A	40000	8	99.92	99.43	9992	49	0	0	0	1	0	48	8
1	4	B	40000	34	99.66	99.3	9966	36	0	0	0	33	1	2	34
1	5	G	40000	4	99.96	99.08	9996	109	2	0	0	18	34	55	75
1	5	A	40000	5	99.95	99.69	9995	26	0	0	0	1	0	25	5
1	5	B	40000	70	99.3	98.47	9930	83	2	0	0	17	34	30	70
1	5	cSpy was 32 spamed and the readout avoided!
1	6	G	40000	9203	7.97	7.69	797	34	1	0	0	24	0	9	29
1	6	A	40000	9208	7.92	7.8	792	12	0	0	0	4	0	8	9
1	6	B	40000	9220	7.8	7.58	780	22	1	0	0	20	0	1	20
1	6	cSpy was 1 spamed and the readout avoided!
1	7	G	40000	10000	0	0	0	0	0	0	0	0	0	0	2
1	7	A	40000	10000	0	0	0	0	0	0	0	0	0	0	1
1	7	B	40000	10000	0	0	0	0	0	0	0	0	0	0	1
2	0	G	40000	11	99.89	98.64	9989	170	4	0	0	53	23	90	101
2	0	A	40000	29	99.71	98.96	9971	75	0	0	0	9	2	64	29
2	0	B	40000	73	99.27	98.32	9927	95	4	0	0	44	21	26	72
2	0	cSpy was 3 spamed and the readout avoided!
2	1	G	40000	10000	0	0	0	0	0	0	0	0	0	0	2
2	1	A	40000	10000	0	0	0	0	0	0	0	0	0	0	1
2	1	B	40000	10000	0	0	0	0	0	0	0	0	0	0	1
2	2	G	40000	10000	0	0	0	0	0	0	0	0	0	0	2
2	2	A	40000	10000	0	0	0	0	0	0	0	0	0	0	1
2	2	B	40000	10000	0	0	0	0	0	0	0	0	0	0	1
2	3	G	40000	3870	61.3	28.57	6130	3262	0	0	0	3240	5	17	3257
2	3	A	40000	4579	54.21	33.6	5421	2061	0	0	0	2045	1	15	2057
2	3	B	40000	6445	35.55	23.54	3555	1201	0	0	0	1195	4	2	1200
2	3	cSpy was 1 spamed and the readout avoided!
2	4	G	40000	10000	0	0	0	0	0	0	0	0	0	0	2
2	4	A	40000	10000	0	0	0	0	0	0	0	0	0	0	1
2	4	B	40000	10000	0	0	0	0	0	0	0	0	0	0	1
2	5	G	40000	10000	0	0	0	0	0	0	0	0	0	0	2
2	5	A	40000	10000	0	0	0	0	0	0	0	0	0	0	1
2	5	B	40000	10000	0	0	0	0	0	0	0	0	0	0	1
2	6	G	40000	7129	28.71	17.645	2871	1701	0	0	0	1684	5	12	1699
2	6	A	40000	7242	27.58	18.36	2758	922	0	0	0	910	2	10	920
2	6	B	40000	7528	24.72	16.93	2472	779	0	0	0	774	3	2	779
2	7	G	40000	2	99.98	99.06	9998	120	13	0	0	31	14	62	68
2	7	A	40000	59	99.41	98.29	9941	112	13	0	0	29	9	61	59
2	7	B	40000	9	99.91	99.83	9991	8	0	0	0	2	5	1	9
2	7	cSpy was 7 spamed and the readout avoided!
3	0	G	40000	8401	15.99	8.64	1599	1438	0	0	0	1402	28	8	1436
3	0	A	40000	8423	15.77	8.64	1577	713	0	0	0	689	17	7	711
3	0	B	40000	8411	15.89	8.64	1589	725	0	0	0	713	11	1	725
3	1	G	40000	503	94.97	75.45	9497	2066	101	0	0	1844	47	74	1988
3	1	A	40000	906	90.94	82.89	9094	805	17	0	0	692	25	71	759
3	1	B	40000	1938	80.62	68.01	8062	1261	84	0	0	1152	22	3	1229
3	1	cSpy was 18 spamed and the readout avoided!
3	2	G	40000	9	99.91	98.39	9991	199	5	0	0	58	29	107	123
3	2	A	40000	102	98.98	97.65	9898	133	5	0	0	54	26	48	102
3	2	B	40000	21	99.79	99.13	9979	66	0	0	0	4	3	59	21
3	2	cSpy was 38 spamed and the readout avoided!
3	3	G	40000	10000	0	0	0	0	0	0	0	0	0	0	2
3	3	A	40000	10000	0	0	0	0	0	0	0	0	0	0	1
3	3	B	40000	10000	0	0	0	0	0	0	0	0	0	0	1
3	4	G	40000	10000	0	0	0	0	0	0	0	0	0	0	2
3	4	A	40000	10000	0	0	0	0	0	0	0	0	0	0	1
3	4	B	40000	10000	0	0	0	0	0	0	0	0	0	0	1
3	5	G	40000	10000	0	0	0	0	0	0	0	0	0	0	2
3	5	A	40000	10000	0	0	0	0	0	0	0	0	0	0	1
3	5	B	40000	10000	0	0	0	0	0	0	0	0	0	0	1
3	6	G	40000	1	99.99	99.38	9999	65	1	0	0	52	3	9	59
3	6	A	40000	2	99.98	99.95	9998	3	0	0	0	0	1	2	2
3	6	B	40000	57	99.43	98.81	9943	62	1	0	0	52	2	7	57
3	6	cSpy was 2 spamed and the readout avoided!
3	7	G	40000	182	98.18	92.075	9818	822	57	0	0	542	168	55	742
3	7	A	40000	423	95.77	91.24	9577	453	26	0	0	272	121	34	408
3	7	B	40000	340	96.6	92.91	9660	369	31	0	0	270	47	21	334
3	7	cSpy was 3 spamed and the readout avoided!
4	0	G	40000	5	99.95	99.75	9995	25	0	0	0	17	6	2	25
4	0	A	40000	8	99.92	99.85	9992	7	0	0	0	7	0	0	8
4	0	B	40000	17	99.83	99.65	9983	18	0	0	0	10	6	2	17
4	1	G	40000	7111	28.89	28.27	2889	73	4	0	0	19	38	12	64
4	1	A	40000	7138	28.62	28.26	2862	36	2	0	0	7	25	2	34
4	1	B	40000	7135	28.65	28.28	2865	37	2	0	0	12	13	10	30
4	2	G	40000	10000	0	0	0	0	0	0	0	0	0	0	2
4	2	A	40000	10000	0	0	0	0	0	0	0	0	0	0	1
4	2	B	40000	10000	0	0	0	0	0	0	0	0	0	0	1
4	3	G	40000	2389	76.11	35.325	7611	4709	0	0	0	4601	98	10	4709
4	3	A	40000	3611	63.89	41.52	6389	2237	0	0	0	2196	31	10	2236
4	3	B	40000	4615	53.85	29.13	5385	2472	0	0	0	2405	67	0	2473
4	4	G	40000	0	100	99.115	10000	95	2	0	0	55	22	16	82
4	4	A	40000	1	99.99	99.99	9999	0	0	0	0	0	0	0	1
4	4	B	40000	81	99.19	98.24	9919	95	2	0	0	55	22	16	81
4	5	G	40000	9996	0.0400007	0.01	4	6	0	0	0	6	0	0	8
4	5	A	40000	9996	0.0400007	0.01	4	3	0	0	0	3	0	0	4
4	5	B	40000	9996	0.0400007	0.01	4	3	0	0	0	3	0	0	4
4	6	G	40000	9959	0.410002	0.095	41	22	0	0	0	22	0	0	24
4	6	A	40000	9959	0.410002	0.19	41	22	0	0	0	22	0	0	23
4	6	B	40000	10000	0	0	0	0	0	0	0	0	0	0	1
4	7	G	40000	6441	35.59	20.125	3559	2780	0	0	0	2768	0	12	2782
4	7	A	40000	6586	34.14	20.22	3414	1392	0	0	0	1380	0	12	1393
4	7	B	40000	6609	33.91	20.03	3391	1388	0	0	0	1388	0	0	1389
5	0	G	40000	10000	0	0	0	0	0	0	0	0	0	0	2
5	0	A	40000	10000	0	0	0	0	0	0	0	0	0	0	1
5	0	B	40000	10000	0	0	0	0	0	0	0	0	0	0	1
5	1	G	40000	895	91.05	78.88	9105	1918	4	0	0	1807	27	80	1882
5	1	A	40000	1157	88.43	78.53	8843	990	3	0	0	899	14	74	954
5	1	B	40000	1149	88.51	79.23	8851	928	1	0	0	908	13	6	928
5	2	G	40000	7	99.93	99.19	9993	114	1	0	0	18	3	92	46
5	2	A	40000	17	99.83	99.12	9983	71	0	0	0	0	2	69	17
5	2	B	40000	31	99.69	99.26	9969	43	1	0	0	18	1	23	29
5	2	cSpy was 11 spamed and the readout avoided!
5	3	G	40000	8296	17.04	5.145	1704	1317	0	0	0	1099	218	0	1319
5	3	A	40000	8965	10.35	3.71	1035	664	0	0	0	553	111	0	665
5	3	B	40000	8689	13.11	6.58	1311	653	0	0	0	546	107	0	654
5	4	G	40000	10000	0	0	0	0	0	0	0	0	0	0	2
5	4	A	40000	10000	0	0	0	0	0	0	0	0	0	0	1
5	4	B	40000	10000	0	0	0	0	0	0	0	0	0	0	1
5	5	G	40000	9918	0.819999	0.13	82	138	0	0	0	138	0	0	140
5	5	A	40000	9918	0.819999	0.13	82	69	0	0	0	69	0	0	70
5	5	B	40000	9918	0.819999	0.13	82	69	0	0	0	69	0	0	70
5	6	G	40000	10	99.9	98.965	9990	115	1	0	0	59	16	39	92
5	6	A	40000	73	99.27	98.37	9927	90	1	0	0	45	14	30	73
5	6	B	40000	19	99.81	99.56	9981	25	0	0	0	14	2	9	19
5	6	cSpy was 1 spamed and the readout avoided!
5	7	G	40000	2752	72.48	51.58	7248	3918	0	0	0	3442	465	11	3916
5	7	A	40000	2882	71.18	51.58	7118	1960	0	0	0	1664	285	11	1958
5	7	B	40000	2884	71.16	51.58	7116	1958	0	0	0	1778	180	0	1958
6	0	G	40000	8203	17.97	17.45	1797	57	4	0	0	37	11	5	53
6	0	A	40000	8225	17.75	17.49	1775	26	1	0	0	17	7	1	25
6	0	B	40000	8228	17.72	17.41	1772	31	3	0	0	20	4	4	28
6	0	cSpy was 3 spamed and the readout avoided!
6	1	G	40000	0	100	100	10000	20000	20000	20000	20000	20000	20000	20000	20002
6	1	A	40000	0	100	100	10000	10000	10000	10000	10000	10000	10000	10000	10001
6	1	B	40000	0	100	100	10000	10000	10000	10000	10000	10000	10000	10000	10001
6	2	G	40000	44	99.56	97.005	9956	326	30	2	0	56	190	48	273
6	2	A	40000	143	98.57	96.91	9857	166	14	0	0	14	123	15	143
6	2	B	40000	130	98.7	97.1	9870	160	16	2	0	42	67	33	130
6	3	G	40000	10000	0	0	0	0	0	0	0	0	0	0	2
6	3	A	40000	10000	0	0	0	0	0	0	0	0	0	0	1
6	3	B	40000	10000	0	0	0	0	0	0	0	0	0	0	1
6	4	G	40000	10000	0	0	0	0	0	0	0	0	0	0	2
6	4	A	40000	10000	0	0	0	0	0	0	0	0	0	0	1
6	4	B	40000	10000	0	0	0	0	0	0	0	0	0	0	1
6	5	G	40000	0	100	100	10000	20000	20000	20000	20000	20000	20000	20000	20002
6	5	A	40000	0	100	100	10000	10000	10000	10000	10000	10000	10000	10000	10001
6	5	B	40000	0	100	100	10000	10000	10000	10000	10000	10000	10000	10000	10001
6	6	G	40000	14	99.86	98.52	9986	165	13	0	0	38	76	38	130
6	6	A	40000	62	99.38	98.67	9938	71	3	0	0	13	44	11	61
6	6	B	40000	69	99.31	98.37	9931	94	10	0	0	25	32	27	69
6	6	cSpy was 2 spamed and the readout avoided!
6	7	G	40000	10000	0	0	0	0	0	0	0	0	0	0	2
6	7	A	40000	10000	0	0	0	0	0	0	0	0	0	0	1
6	7	B	40000	10000	0	0	0	0	0	0	0	0	0	0	1
7	0	G	40000	7782	22.18	13.54	2218	1437	0	0	0	1429	4	4	1438
7	0	A	40000	7949	20.51	13.14	2051	737	0	0	0	732	2	3	738
7	0	B	40000	7906	20.94	13.94	2094	700	0	0	0	697	2	1	700
7	1	G	40000	10000	0	0	0	0	0	0	0	0	0	0	2
7	1	A	40000	10000	0	0	0	0	0	0	0	0	0	0	1
7	1	B	40000	10000	0	0	0	0	0	0	0	0	0	0	1
7	2	G	40000	10000	0	0	0	0	0	0	0	0	0	0	2
7	2	A	40000	10000	0	0	0	0	0	0	0	0	0	0	1
7	2	B	40000	10000	0	0	0	0	0	0	0	0	0	0	1
7	3	G	40000	26	99.74	98.17	9974	234	26	0	0	53	41	114	131
7	3	A	40000	38	99.62	98.65	9962	97	8	0	0	5	16	68	38
7	3	B	40000	94	99.06	97.69	9906	137	18	0	0	48	25	46	93
7	3	cSpy was 2 spamed and the readout avoided!
7	4	G	40000	431	95.69	85.015	9569	1502	58	1	0	1060	302	81	1413
7	4	A	40000	784	92.16	84.3	9216	786	32	0	0	529	164	61	729
7	4	B	40000	711	92.89	85.73	9289	716	26	1	0	531	138	20	684
7	4	cSpy was 5 spamed and the readout avoided!
7	5	G	40000	10000	0	0	0	0	0	0	0	0	0	0	2
7	5	A	40000	10000	0	0	0	0	0	0	0	0	0	0	1
7	5	B	40000	10000	0	0	0	0	0	0	0	0	0	0	1
7	6	G	40000	9744	2.56	0.625	256	131	0	0	0	131	0	0	133
7	6	A	40000	9744	2.56	1.25	256	131	0	0	0	131	0	0	132
7	6	B	40000	10000	0	0	0	0	0	0	0	0	0	0	1
7	7	G	40000	0	100	100	10000	20000	20000	20000	20000	20000	20000	20000	20002
7	7	A	40000	0	100	100	10000	10000	10000	10000	10000	10000	10000	10000	10001
7	7	B	40000	0	100	100	10000	10000	10000	10000	10000	10000	10000	10000	10001
