#the gain was set to: 2	the bias was set to: 30
#Sent triggers per delay setting: 10000	and with a frequency [Hz] of: 40000
#160MHz delay setting	400MHz delay setting	Frequency	correct transmitted H+T		error rate [%]	uncertainty [%]	bad or missed events	error count	missing headers	missing trailers	flipped H/T	event nr errors	tbm missed trigger	unknown errors	event nr resets
0	0	G	40000	38	99.62	78.025	9962	1762	14	0	0	1623	51	74	1693
0	0	A	40000	48	99.52	98.39	9952	113	9	0	0	12	20	72	48
0	0	B	40000	2585	74.15	57.66	7415	1649	5	0	0	1611	31	2	1645
0	0	cSpy was 5 spamed and the readout avoided!
0	1	G	40000	10000	0	0	0	0	0	0	0	0	0	0	2
0	1	A	40000	10000	0	0	0	0	0	0	0	0	0	0	1
0	1	B	40000	10000	0	0	0	0	0	0	0	0	0	0	1
0	2	G	40000	0	100	100	10000	20000	20000	20000	20000	20000	20000	20000	20002
0	2	A	40000	0	100	100	10000	10000	10000	10000	10000	10000	10000	10000	10001
0	2	B	40000	0	100	100	10000	10000	10000	10000	10000	10000	10000	10000	10001
0	3	G	40000	162	98.38	92.29	9838	806	43	31	0	526	134	72	715
0	3	A	40000	397	96.03	91.82	9603	421	24	0	0	269	85	43	378
0	3	B	40000	339	96.61	92.76	9661	385	19	31	0	257	49	29	337
0	4	G	40000	10000	0	0	0	0	0	0	0	0	0	0	2
0	4	A	40000	10000	0	0	0	0	0	0	0	0	0	0	1
0	4	B	40000	10000	0	0	0	0	0	0	0	0	0	0	1
0	5	G	40000	10000	0	0	0	0	0	0	0	0	0	0	2
0	5	A	40000	10000	0	0	0	0	0	0	0	0	0	0	1
0	5	B	40000	10000	0	0	0	0	0	0	0	0	0	0	1
0	6	G	40000	0	100	100	10000	20000	20000	20000	20000	20000	20000	20000	20002
0	6	A	40000	0	100	100	10000	10000	10000	10000	10000	10000	10000	10000	10001
0	6	B	40000	0	100	100	10000	10000	10000	10000	10000	10000	10000	10000	10001
0	7	G	40000	0	100	99.665	10000	34	0	0	0	0	32	2	33
0	7	A	40000	1	99.99	99.98	9999	1	0	0	0	0	0	1	1
0	7	B	40000	32	99.68	99.35	9968	33	0	0	0	0	32	1	32
1	0	G	40000	60	99.4	95.955	9940	428	35	0	0	183	175	35	381
1	0	A	40000	262	97.38	94.52	9738	286	18	0	0	164	87	17	262
1	0	B	40000	119	98.81	97.39	9881	142	17	0	0	19	88	18	119
1	0	cSpy was 99 spamed and the readout avoided!
1	1	G	40000	379	96.21	85.825	9621	1434	69	12	0	967	295	91	1325
1	1	A	40000	745	92.55	85.02	9255	753	36	1	0	496	163	57	691
1	1	B	40000	656	93.44	86.63	9344	681	33	11	0	471	132	34	634
1	1	cSpy was 3 spamed and the readout avoided!
1	2	G	40000	10000	0	0	0	0	0	0	0	0	0	0	2
1	2	A	40000	10000	0	0	0	0	0	0	0	0	0	0	1
1	2	B	40000	10000	0	0	0	0	0	0	0	0	0	0	1
1	3	G	40000	10000	0	0	0	0	0	0	0	0	0	0	2
1	3	A	40000	10000	0	0	0	0	0	0	0	0	0	0	1
1	3	B	40000	10000	0	0	0	0	0	0	0	0	0	0	1
1	4	G	40000	0	100	99.905	10000	10	1	0	0	4	5	0	9
1	4	A	40000	9	99.91	99.81	9991	10	1	0	0	4	5	0	9
1	4	B	40000	0	100	100	10000	0	0	0	0	0	0	0	0
1	4	cSpy was 51 spamed and the readout avoided!
1	5	G	40000	0	100	100	10000	0	0	0	0	0	0	0	0
1	5	A	40000	0	100	100	10000	0	0	0	0	0	0	0	0
1	5	B	40000	0	100	100	10000	0	0	0	0	0	0	0	0
1	6	G	40000	0	100	100	10000	0	0	0	0	0	0	0	0
1	6	A	40000	0	100	100	10000	0	0	0	0	0	0	0	0
1	6	B	40000	0	100	100	10000	0	0	0	0	0	0	0	0
1	7	G	40000	0	100	100	10000	0	0	0	0	0	0	0	0
1	7	A	40000	0	100	100	10000	0	0	0	0	0	0	0	0
1	7	B	40000	0	100	100	10000	0	0	0	0	0	0	0	0
2	0	G	40000	0	100	100	10000	0	0	0	0	0	0	0	0
2	0	A	40000	0	100	100	10000	0	0	0	0	0	0	0	0
2	0	B	40000	0	100	100	10000	0	0	0	0	0	0	0	0
2	1	G	40000	0	100	100	10000	0	0	0	0	0	0	0	0
2	1	A	40000	0	100	100	10000	0	0	0	0	0	0	0	0
2	1	B	40000	0	100	100	10000	0	0	0	0	0	0	0	0
2	2	G	40000	10000	0	0	0	0	0	0	0	0	0	0	2
2	2	A	40000	10000	0	0	0	0	0	0	0	0	0	0	1
2	2	B	40000	10000	0	0	0	0	0	0	0	0	0	0	1
2	3	G	40000	0	100	100	10000	20000	20000	20000	20000	20000	20000	20000	20002
2	3	A	40000	0	100	100	10000	10000	10000	10000	10000	10000	10000	10000	10001
2	3	B	40000	0	100	100	10000	10000	10000	10000	10000	10000	10000	10000	10001
2	4	G	40000	3713	62.87	61.01	6287	217	11	0	0	81	80	45	180
2	4	A	40000	3849	61.51	60	6151	151	4	0	0	67	73	7	146
2	4	B	40000	3732	62.68	62.02	6268	66	7	0	0	14	7	38	34
2	4	cSpy was 67 spamed and the readout avoided!
2	5	G	40000	10000	0	0	0	0	0	0	0	0	0	0	2
2	5	A	40000	10000	0	0	0	0	0	0	0	0	0	0	1
2	5	B	40000	10000	0	0	0	0	0	0	0	0	0	0	1
2	6	G	40000	1203	87.97	72.875	8797	2314	3	1	0	2217	38	55	2279
2	6	A	40000	1554	84.46	72.79	8446	1167	2	1	0	1096	18	50	1136
2	6	B	40000	1557	84.43	72.96	8443	1147	1	0	0	1121	20	5	1143
2	6	cSpy was 3 spamed and the readout avoided!
2	7	G	40000	19	99.81	98.25	9981	213	17	0	0	19	70	107	134
2	7	A	40000	51	99.49	98.48	9949	101	4	0	0	6	17	74	51
2	7	B	40000	86	99.14	98.02	9914	112	13	0	0	13	53	33	83
2	7	cSpy was 6 spamed and the readout avoided!
3	0	G	40000	78	99.22	73.255	9922	2046	17	0	0	1900	54	75	1986
3	0	A	40000	108	98.92	97.25	9892	167	15	0	0	72	7	73	107
3	0	B	40000	3195	68.05	49.26	6805	1879	2	0	0	1828	47	2	1879
3	0	cSpy was 2 spamed and the readout avoided!
3	1	G	40000	7702	22.98	22.76	2298	34	0	0	0	8	4	22	16
3	1	A	40000	7712	22.88	22.69	2288	19	0	0	0	8	3	8	13
3	1	B	40000	7702	22.98	22.83	2298	15	0	0	0	0	1	14	3
3	1	cSpy was 12 spamed and the readout avoided!
3	2	G	40000	2	99.98	99.035	9998	112	13	0	0	38	27	34	81
3	2	A	40000	2	99.98	99.77	9998	21	0	0	0	2	0	19	2
3	2	B	40000	79	99.21	98.3	9921	91	13	0	0	36	27	15	79
3	2	cSpy was 8 spamed and the readout avoided!
3	3	G	40000	71	99.29	95.46	9929	490	37	0	0	348	11	94	411
3	3	A	40000	204	97.96	95.32	9796	264	28	0	0	156	2	78	199
3	3	B	40000	214	97.86	95.6	9786	226	9	0	0	192	9	16	212
3	3	cSpy was 30 spamed and the readout avoided!
3	4	G	40000	10000	0	0	0	0	0	0	0	0	0	0	2
3	4	A	40000	10000	0	0	0	0	0	0	0	0	0	0	1
3	4	B	40000	10000	0	0	0	0	0	0	0	0	0	0	1
3	5	G	40000	10000	0	0	0	0	0	0	0	0	0	0	2
3	5	A	40000	10000	0	0	0	0	0	0	0	0	0	0	1
3	5	B	40000	10000	0	0	0	0	0	0	0	0	0	0	1
3	6	G	40000	0	100	98.53	10000	199	30	1	0	32	36	98	95
3	6	A	40000	18	99.82	99.6	9982	22	0	0	0	6	8	8	18
3	6	B	40000	77	99.23	97.46	9923	177	30	1	0	26	28	90	77
3	6	cSpy was 58 spamed and the readout avoided!
3	7	G	40000	0	100	99.33	10000	107	0	0	0	8	2	97	27
3	7	A	40000	0	100	99.8	10000	20	0	0	0	0	0	20	0
3	7	B	40000	27	99.73	98.86	9973	87	0	0	0	8	2	77	27
3	7	cSpy was 5 spamed and the readout avoided!
4	0	G	40000	94	99.06	94.63	9906	560	38	2	0	325	159	36	508
4	0	A	40000	168	98.32	96.38	9832	194	22	0	0	45	101	26	163
4	0	B	40000	346	96.54	92.88	9654	366	16	2	0	280	58	10	345
4	0	cSpy was 42 spamed and the readout avoided!
4	1	G	40000	10000	0	0	0	0	0	0	0	0	0	0	2
4	1	A	40000	10000	0	0	0	0	0	0	0	0	0	0	1
4	1	B	40000	10000	0	0	0	0	0	0	0	0	0	0	1
4	2	G	40000	10000	0	0	0	0	0	0	0	0	0	0	2
4	2	A	40000	10000	0	0	0	0	0	0	0	0	0	0	1
4	2	B	40000	10000	0	0	0	0	0	0	0	0	0	0	1
4	3	G	40000	22	99.78	98.875	9978	148	8	0	0	51	0	89	76
4	3	A	40000	34	99.66	98.9	9966	76	3	0	0	18	0	55	33
4	3	B	40000	43	99.57	98.85	9957	72	5	0	0	33	0	34	43
4	3	cSpy was 2 spamed and the readout avoided!
4	4	G	40000	3	99.97	98.475	9997	169	14	0	0	49	70	36	136
4	4	A	40000	130	98.7	97.1	9870	160	14	0	0	46	69	31	130
4	4	B	40000	6	99.94	99.85	9994	9	0	0	0	3	1	5	6
4	5	G	40000	0	100	100	10000	0	0	0	0	0	0	0	0
4	5	A	40000	0	100	100	10000	0	0	0	0	0	0	0	0
4	5	B	40000	0	100	100	10000	0	0	0	0	0	0	0	0
4	6	G	40000	0	100	100	10000	0	0	0	0	0	0	0	0
4	6	A	40000	0	100	100	10000	0	0	0	0	0	0	0	0
4	6	B	40000	0	100	100	10000	0	0	0	0	0	0	0	0
4	7	G	40000	0	100	100	10000	0	0	0	0	0	0	0	0
4	7	A	40000	0	100	100	10000	0	0	0	0	0	0	0	0
4	7	B	40000	0	100	100	10000	0	0	0	0	0	0	0	0
5	0	G	40000	0	100	100	10000	0	0	0	0	0	0	0	0
5	0	A	40000	0	100	100	10000	0	0	0	0	0	0	0	0
5	0	B	40000	0	100	100	10000	0	0	0	0	0	0	0	0
5	1	G	40000	0	100	100	10000	0	0	0	0	0	0	0	0
5	1	A	40000	0	100	100	10000	0	0	0	0	0	0	0	0
5	1	B	40000	0	100	100	10000	0	0	0	0	0	0	0	0
5	2	G	40000	0	100	100	10000	0	0	0	0	0	0	0	0
5	2	A	40000	0	100	100	10000	0	0	0	0	0	0	0	0
5	2	B	40000	0	100	100	10000	0	0	0	0	0	0	0	0
5	3	G	40000	32	99.68	96.4	9968	398	14	0	0	150	130	104	322
5	3	A	40000	271	97.29	94.12	9729	317	11	0	0	114	120	72	271
5	3	B	40000	51	99.49	98.68	9949	81	3	0	0	36	10	32	51
5	4	G	40000	9991	0.0899971	0.05	9	8	0	0	0	8	0	0	10
5	4	A	40000	9991	0.0899971	0.05	9	4	0	0	0	4	0	0	5
5	4	B	40000	9991	0.0899971	0.05	9	4	0	0	0	4	0	0	5
5	5	G	40000	10000	0	0	0	0	0	0	0	0	0	0	2
5	5	A	40000	10000	0	0	0	0	0	0	0	0	0	0	1
5	5	B	40000	10000	0	0	0	0	0	0	0	0	0	0	1
5	6	G	40000	4042	59.58	32.015	5958	3858	3	0	0	3802	42	11	3852
5	6	A	40000	4940	50.6	31.1	5060	1950	2	0	0	1916	22	10	1945
5	6	B	40000	4799	52.01	32.93	5201	1908	1	0	0	1886	20	1	1907
5	7	G	40000	14	99.86	98.54	9986	165	3	0	0	54	56	52	127
5	7	A	40000	29	99.71	99.1	9971	61	0	0	0	13	4	44	29
5	7	B	40000	98	99.02	97.98	9902	104	3	0	0	41	52	8	98
6	0	G	40000	26	99.74	77.6	9974	1778	31	0	0	1583	74	90	1696
6	0	A	40000	54	99.46	98.2	9946	126	17	0	0	19	3	87	53
6	0	B	40000	2648	73.52	57	7352	1652	14	0	0	1564	71	3	1643
6	0	cSpy was 20 spamed and the readout avoided!
6	1	G	40000	26	99.74	97.63	9974	270	49	0	0	77	98	46	204
6	1	A	40000	137	98.63	96.7	9863	193	42	0	0	65	48	38	137
6	1	B	40000	67	99.33	98.56	9933	77	7	0	0	12	50	8	67
6	1	cSpy was 17 spamed and the readout avoided!
6	2	G	40000	2972	70.28	41.73	7028	4556	0	0	0	4350	95	111	4514
6	2	A	40000	3488	65.12	42	6512	2312	0	0	0	2160	52	100	2272
6	2	B	40000	3610	63.9	41.46	6390	2244	0	0	0	2190	43	11	2242
6	3	G	40000	10000	0	0	0	0	0	0	0	0	0	0	2
6	3	A	40000	10000	0	0	0	0	0	0	0	0	0	0	1
6	3	B	40000	10000	0	0	0	0	0	0	0	0	0	0	1
6	4	G	40000	9999	0.0100017	0	1	2	0	0	0	2	0	0	4
6	4	A	40000	9999	0.0100017	0	1	1	0	0	0	1	0	0	2
6	4	B	40000	9999	0.0100017	0	1	1	0	0	0	1	0	0	2
6	5	G	40000	0	100	100	10000	20000	20000	20000	20000	20000	20000	20000	20002
6	5	A	40000	0	100	100	10000	10000	10000	10000	10000	10000	10000	10000	10001
6	5	B	40000	0	100	100	10000	10000	10000	10000	10000	10000	10000	10000	10001
6	6	G	40000	14	99.86	98.78	9986	160	9	0	0	23	21	107	84
6	6	A	40000	46	99.54	98.55	9954	99	9	0	0	0	16	74	46
6	6	B	40000	38	99.62	99.01	9962	61	0	0	0	23	5	33	38
6	6	cSpy was 10 spamed and the readout avoided!
6	7	G	40000	9998	0.0199974	0.01	2	2	0	0	0	2	0	0	4
6	7	A	40000	9998	0.0199974	0.01	2	1	0	0	0	1	0	0	2
6	7	B	40000	9998	0.0199974	0.01	2	1	0	0	0	1	0	0	2
7	0	G	40000	58	99.42	91.82	9942	843	44	1	0	703	17	78	767
7	0	A	40000	104	98.96	97.33	9896	163	17	0	0	71	4	71	103
7	0	B	40000	689	93.11	86.31	9311	680	27	1	0	632	13	7	664
7	0	cSpy was 8 spamed and the readout avoided!
7	1	G	40000	10000	0	0	0	0	0	0	0	0	0	0	2
7	1	A	40000	10000	0	0	0	0	0	0	0	0	0	0	1
7	1	B	40000	10000	0	0	0	0	0	0	0	0	0	0	1
7	2	G	40000	10000	0	0	0	0	0	0	0	0	0	0	2
7	2	A	40000	10000	0	0	0	0	0	0	0	0	0	0	1
7	2	B	40000	10000	0	0	0	0	0	0	0	0	0	0	1
7	3	G	40000	9	99.91	97.875	9991	244	6	0	0	151	0	87	176
7	3	A	40000	27	99.73	98.81	9973	92	1	0	0	4	0	87	27
7	3	B	40000	154	98.46	96.94	9846	152	5	0	0	147	0	0	149
7	4	G	40000	8	99.92	97.7	9992	263	16	3	0	99	61	84	197
7	4	A	40000	35	99.65	98.91	9965	74	1	0	0	18	0	55	35
7	4	B	40000	162	98.38	96.49	9838	189	15	3	0	81	61	29	162
7	4	cSpy was 11 spamed and the readout avoided!
7	5	G	40000	10000	0	0	0	0	0	0	0	0	0	0	2
7	5	A	40000	10000	0	0	0	0	0	0	0	0	0	0	1
7	5	B	40000	10000	0	0	0	0	0	0	0	0	0	0	1
7	6	G	40000	10000	0	0	0	0	0	0	0	0	0	0	2
7	6	A	40000	10000	0	0	0	0	0	0	0	0	0	0	1
7	6	B	40000	10000	0	0	0	0	0	0	0	0	0	0	1
7	7	G	40000	1566	84.34	52.375	8434	3703	4	0	0	3489	160	50	3681
7	7	A	40000	2390	76.1	58.85	7610	1725	2	0	0	1621	56	46	1705
7	7	B	40000	3432	65.68	45.9	6568	1978	2	0	0	1868	104	4	1976
