#the gain was set to: 2	the bias was set to: 30
#Sent triggers per delay setting: 186a0	and with a frequency [Hz] of: 40000
#160MHz delay setting	400MHz delay setting	Frequency	correct transmitted H+T		error rate [%]	uncertainty [%]	bad or missed events	error count	missing headers	missing trailers	flipped H/T	event nr errors	tbm missed trigger	unknown errors	event nr resets
0	0	G	40000	60094	39.906	35.1595	39906	5502	202	167	0	5088	45	0	5486
0	0	A	40000	61167	38.833	35.619	38833	3214	117	105	0	2949	43	0	3204
0	0	B	40000	63012	36.988	34.7	36988	2288	85	62	0	2139	2	0	2282
0	0	cSpy was 17 spamed and the readout avoided!
0	1	G	40000	60667	39.333	33.2235	39333	8466	483	127	0	6861	915	82	8217
0	1	A	40000	62735	37.265	32.378	37265	4887	225	78	0	3931	603	52	4757
0	1	B	40000	62352	37.648	34.069	37648	3579	258	49	0	2930	312	30	3460
0	1	cSpy was 79 spamed and the readout avoided!
0	2	G	40000	74038	25.962	22.6495	25962	4410	154	182	0	4057	16	1	4391
0	2	A	40000	74614	25.386	22.922	25386	2464	81	97	0	2269	16	1	2452
0	2	B	40000	75677	24.323	22.377	24323	1946	73	85	0	1788	0	0	1939
0	2	cSpy was 23 spamed and the readout avoided!
0	3	G	40000	60984	39.016	35.431	39016	4472	136	148	0	4152	33	3	4462
0	3	A	40000	61688	38.312	35.761	38312	2551	69	88	0	2360	31	3	2546
0	3	B	40000	62978	37.022	35.101	37022	1921	67	60	0	1792	2	0	1916
0	3	cSpy was 27 spamed and the readout avoided!
0	4	G	40000	57064	42.936	36.3045	42936	8569	475	154	0	7044	793	104	8285
0	4	A	40000	59416	40.584	35.539	40584	5045	216	92	0	4150	532	56	4909
0	4	B	40000	59406	40.594	37.07	40594	3524	259	62	0	2894	261	48	3376
0	4	cSpy was 74 spamed and the readout avoided!
0	5	G	40000	67321	32.679	27.851	32679	5775	204	149	0	5356	65	1	5757
0	5	A	40000	68333	31.667	28.314	31667	3353	113	94	0	3082	63	1	3342
0	5	B	40000	70190	29.81	27.388	29810	2422	91	55	0	2274	2	0	2415
0	5	cSpy was 20 spamed and the readout avoided!
0	6	G	40000	54104	45.896	41.642	45896	5089	164	134	0	4735	50	6	5071
0	6	A	40000	55018	44.982	42.041	44982	2941	98	85	0	2705	49	4	2929
0	6	B	40000	56609	43.391	41.243	43391	2148	66	49	0	2030	1	2	2142
0	6	cSpy was 30 spamed and the readout avoided!
0	7	G	40000	49712	50.288	42.9245	50288	9288	449	139	0	7772	836	93	9026
0	7	A	40000	52310	47.69	42.261	47690	5429	208	89	0	4524	565	44	5311
0	7	B	40000	52553	47.447	43.588	47447	3859	241	50	0	3248	271	49	3715
0	7	cSpy was 81 spamed and the readout avoided!
1	0	G	40000	67254	32.746	29.14	32746	4673	174	138	0	4327	33	1	4673
1	0	A	40000	67930	32.07	29.44	32070	2630	99	73	0	2426	31	1	2630
1	0	B	40000	69117	30.883	28.84	30883	2043	75	65	0	1901	2	0	2043
1	0	cSpy was 22 spamed and the readout avoided!
1	1	G	40000	64015	35.985	26.7695	35985	12487	625	159	1	9847	1789	66	12156
1	1	A	40000	67204	32.796	25.77	32796	7026	319	101	0	5397	1165	44	6840
1	1	B	40000	66770	33.23	27.769	33230	5461	306	58	1	4450	624	22	5316
1	1	cSpy was 68 spamed and the readout avoided!
1	2	G	40000	79056	20.944	18.598	20944	3737	146	151	0	3429	10	1	3735
1	2	A	40000	79293	20.707	18.718	20707	1989	78	74	0	1826	10	1	1988
1	2	B	40000	79774	20.226	18.478	20226	1748	68	77	0	1603	0	0	1747
1	2	cSpy was 15 spamed and the readout avoided!
1	3	G	40000	73076	26.924	25.008	26924	3122	131	140	0	2846	5	0	3118
1	3	A	40000	73255	26.745	25.094	26745	1651	69	74	0	1503	5	0	1649
1	3	B	40000	73607	26.393	24.922	26393	1471	62	66	0	1343	0	0	1469
1	3	cSpy was 11 spamed and the readout avoided!
1	4	G	40000	66672	33.328	30.9475	33328	3441	165	117	0	3145	12	2	3436
1	4	A	40000	67013	32.987	31.104	32987	1883	90	65	0	1714	12	2	1879
1	4	B	40000	67651	32.349	30.791	32349	1558	75	52	0	1431	0	0	1557
1	4	cSpy was 17 spamed and the readout avoided!
1	5	G	40000	62135	37.865	29.665	37865	11216	612	162	0	9001	1352	90	10882
1	5	A	40000	64851	35.149	28.717	35149	6432	305	92	0	5057	917	62	6257
1	5	B	40000	64603	35.397	30.613	35397	4784	307	70	0	3944	435	28	4625
1	5	cSpy was 73 spamed and the readout avoided!
1	6	G	40000	83866	16.134	14.579	16134	2703	130	146	0	2426	1	0	2701
1	6	A	40000	83958	16.042	14.633	16042	1409	67	75	0	1266	1	0	1407
1	6	B	40000	84181	15.819	14.525	15819	1294	63	71	0	1160	0	0	1294
1	6	cSpy was 12 spamed and the readout avoided!
1	7	G	40000	70866	29.134	26.18	29134	4080	181	152	0	3727	20	0	4078
1	7	A	40000	71304	28.696	26.412	28696	2284	103	87	0	2075	19	0	2283
1	7	B	40000	72256	27.744	25.948	27744	1796	78	65	0	1652	1	0	1795
1	7	cSpy was 22 spamed and the readout avoided!
2	0	G	40000	59152	40.848	37.241	40848	4548	147	134	0	4237	27	3	4541
2	0	A	40000	59856	40.144	37.553	40144	2591	85	78	0	2399	26	3	2586
2	0	B	40000	61114	38.886	36.929	38886	1957	62	56	0	1838	1	0	1955
2	0	cSpy was 19 spamed and the readout avoided!
2	1	G	40000	56670	43.33	37.261	43330	8231	426	164	0	6748	786	107	7988
2	1	A	40000	58516	41.484	36.918	41484	4566	202	106	0	3766	436	56	4442
2	1	B	40000	58731	41.269	37.604	41269	3665	224	58	0	2982	350	51	3546
2	1	cSpy was 55 spamed and the readout avoided!
2	2	G	40000	73073	26.927	22.6375	26927	5512	176	168	0	5132	36	0	5501
2	2	A	40000	73860	26.14	23.005	26140	3135	109	95	0	2895	36	0	3127
2	2	B	40000	75353	24.647	22.27	24647	2377	67	73	0	2237	0	0	2374
2	2	cSpy was 21 spamed and the readout avoided!
2	3	G	40000	65377	34.623	31.293	34623	4474	165	167	0	4107	33	2	4456
2	3	A	40000	65944	34.056	31.549	34056	2507	102	90	0	2282	31	2	2496
2	3	B	40000	66996	33.004	31.037	33004	1967	63	77	0	1825	2	0	1960
2	3	cSpy was 17 spamed and the readout avoided!
2	4	G	40000	57795	42.205	36.3625	42205	7855	389	142	0	6515	719	91	7649
2	4	A	40000	59655	40.345	35.929	40345	4416	190	84	0	3662	432	49	4318
2	4	B	40000	59765	40.235	36.796	40235	3439	199	58	0	2853	287	42	3331
2	4	cSpy was 71 spamed and the readout avoided!
2	5	G	40000	70355	29.645	25.454	29645	5315	189	160	0	4933	32	1	5290
2	5	A	40000	71154	28.846	25.823	28846	3023	101	84	0	2805	32	1	3009
2	5	B	40000	72623	27.377	25.085	27377	2292	88	76	0	2128	0	0	2281
2	5	cSpy was 21 spamed and the readout avoided!
2	6	G	40000	61402	38.598	35.136	38598	4558	159	138	0	4226	32	3	4553
2	6	A	40000	61993	38.007	35.431	38007	2576	87	82	0	2374	31	2	2572
2	6	B	40000	63177	36.823	34.841	36823	1982	72	56	0	1852	1	1	1981
2	6	cSpy was 18 spamed and the readout avoided!
2	7	G	40000	59232	40.768	34.6095	40768	8197	395	151	0	6810	717	124	7937
2	7	A	40000	61000	39	34.47	39000	4530	188	80	0	3788	407	67	4404
2	7	B	40000	61584	38.416	34.749	38416	3667	207	71	0	3022	310	57	3533
2	7	cSpy was 63 spamed and the readout avoided!
3	0	G	40000	72136	27.864	23.714	27864	5284	220	174	0	4860	28	2	5262
3	0	A	40000	72901	27.099	24.076	27099	3023	133	102	0	2759	27	2	3007
3	0	B	40000	74387	25.613	23.352	25613	2261	87	72	0	2101	1	0	2255
3	0	cSpy was 28 spamed and the readout avoided!
3	1	G	40000	66432	33.568	30.997	33568	3607	162	138	0	3277	30	0	3600
3	1	A	40000	66845	33.155	31.174	33155	1981	89	72	0	1790	30	0	1977
3	1	B	40000	67554	32.446	30.82	32446	1626	73	66	0	1487	0	0	1623
3	1	cSpy was 18 spamed and the readout avoided!
3	2	G	40000	54117	45.883	38.6235	45883	9179	450	132	0	7636	851	110	8917
3	2	A	40000	56647	43.353	38.02	43353	5333	209	75	0	4422	574	53	5215
3	2	B	40000	56927	43.073	39.227	43073	3846	241	57	0	3214	277	57	3702
3	2	cSpy was 86 spamed and the readout avoided!
3	3	G	40000	68674	31.326	27.219	31326	5227	199	171	0	4805	52	0	5214
3	3	A	40000	69438	30.562	27.611	30562	2951	108	96	0	2697	50	0	2941
3	3	B	40000	70897	29.103	26.827	29103	2276	91	75	0	2108	2	0	2273
3	3	cSpy was 22 spamed and the readout avoided!
3	4	G	40000	66927	33.073	31.005	33073	3073	142	115	0	2804	12	0	3070
3	4	A	40000	67218	32.782	31.129	32782	1653	76	54	0	1511	12	0	1653
3	4	B	40000	67699	32.301	30.881	32301	1420	66	61	0	1293	0	0	1417
3	4	cSpy was 12 spamed and the readout avoided!
3	5	G	40000	57599	42.401	34.1625	42401	10913	592	142	2	8741	1369	69	10623
3	5	A	40000	60518	39.482	33.069	39482	6413	297	94	2	5076	902	43	6265
3	5	B	40000	60244	39.756	35.256	39756	4500	295	48	0	3665	467	26	4358
3	5	cSpy was 86 spamed and the readout avoided!
3	6	G	40000	64114	35.886	31.771	35886	5159	185	163	0	4762	47	2	5144
3	6	A	40000	64930	35.07	32.128	35070	2942	112	92	0	2690	46	2	2932
3	6	B	40000	66369	33.631	31.414	33631	2217	73	71	0	2072	1	0	2212
3	6	cSpy was 29 spamed and the readout avoided!
3	7	G	40000	58998	41.002	34.574	41002	8533	436	169	1	6989	821	118	8254
3	7	A	40000	61132	38.868	33.997	38868	4871	210	95	0	3978	524	65	4740
3	7	B	40000	61187	38.813	35.151	38813	3662	226	74	1	3011	297	53	3514
3	7	cSpy was 78 spamed and the readout avoided!
4	0	G	40000	82270	17.73	15.806	17730	3202	131	149	0	2914	7	1	3201
4	0	A	40000	82430	17.57	15.889	17570	1681	68	70	0	1535	7	1	1680
4	0	B	40000	82756	17.244	15.723	17244	1521	63	79	0	1379	0	0	1521
4	0	cSpy was 6 spamed and the readout avoided!
4	1	G	40000	67944	32.056	28.946	32056	4182	158	148	0	3846	30	0	4167
4	1	A	40000	68479	31.521	29.188	31521	2333	84	84	0	2136	29	0	2324
4	1	B	40000	69447	30.553	28.704	30553	1849	74	64	0	1710	1	0	1843
4	1	cSpy was 22 spamed and the readout avoided!
4	2	G	40000	0	100	100	100000	200000	200000	200000	200000	200000	200000	200000	200002
4	2	A	40000	0	100	100	100000	100000	100000	100000	100000	100000	100000	100000	100001
4	2	B	40000	0	100	100	100000	100000	100000	100000	100000	100000	100000	100000	100001
4	3	G	40000	81682	18.318	15.0835	18318	4526	197	151	0	4157	20	1	4519
4	3	A	40000	82206	17.794	15.305	17794	2489	109	81	0	2278	20	1	2484
4	3	B	40000	83101	16.899	14.862	16899	2037	88	70	0	1879	0	0	2035
4	3	cSpy was 21 spamed and the readout avoided!
