#the gain was set to: 2	the bias was set to: 30
#Sent triggers per delay setting: 100000	and with a frequency [Hz] of: 40000
#160MHz delay setting	400MHz delay setting	Frequency	correct transmitted H+T		error rate [%]	uncertainty [%]	bad or missed events	error count	missing headers	missing trailers	flipped H/T	event nr errors	tbm missed trigger	unknown errors	event nr resets
0	0	G	40000	405	99.595	73.006	99595	18820	110	0	0	17785	268	657	18285
0	0	A	40000	621	99.379	98.232	99379	1147	96	0	0	158	246	647	621
0	0	B	40000	34547	65.453	47.78	65453	17673	14	0	0	17627	22	10	17664
0	0	cSpy was 26 spamed and the readout avoided!
0	1	G	40000	35307	64.693	43.9345	64693	28202	63	0	0	27577	170	392	28132
0	1	A	40000	44155	55.845	43.396	55845	12449	38	0	0	12004	37	370	12387
0	1	B	40000	39774	60.226	44.473	60226	15753	25	0	0	15573	133	22	15745
0	2	G	40000	2678	97.322	86.9935	97322	12978	372	12	0	10358	1775	461	12506
0	2	A	40000	6021	93.979	87.976	93979	6003	128	0	0	4388	1126	361	5714
0	2	B	40000	7014	92.986	86.011	92986	6975	244	12	0	5970	649	100	6792
0	2	cSpy was 52 spamed and the readout avoided!
0	3	G	40000	100000	0	0	0	0	0	0	0	0	0	0	2
0	3	A	40000	100000	0	0	0	0	0	0	0	0	0	0	1
0	3	B	40000	100000	0	0	0	0	0	0	0	0	0	0	1
0	4	G	40000	100000	0	0	0	0	0	0	0	0	0	0	2
0	4	A	40000	100000	0	0	0	0	0	0	0	0	0	0	1
0	4	B	40000	100000	0	0	0	0	0	0	0	0	0	0	1
0	5	G	40000	79191	20.809	8.436	20809	20010	0	0	0	19909	24	77	20006
0	5	A	40000	82385	17.615	8.29	17615	9325	0	0	0	9238	11	76	9320
0	5	B	40000	80733	19.267	8.582	19267	10685	0	0	0	10671	13	1	10686
0	6	G	40000	953	99.047	94.733	99047	5457	337	14	0	3510	1157	439	4927
0	6	A	40000	3141	96.859	93.653	96859	3206	87	0	0	2062	886	171	3032
0	6	B	40000	1936	98.064	95.813	98064	2251	250	14	0	1448	271	268	1895
0	6	cSpy was 51 spamed and the readout avoided!
0	7	G	40000	92040	7.96	1.256	7960	8937	0	0	0	8417	517	3	8939
0	7	A	40000	94816	5.184	0.746	5184	4438	0	0	0	4211	224	3	4439
0	7	B	40000	93735	6.265	1.766	6265	4499	0	0	0	4206	293	0	4500
1	0	G	40000	288	99.712	97.9895	99712	2292	182	0	0	1242	219	649	1723
1	0	A	40000	868	99.132	97.775	99132	1357	145	0	0	497	147	568	865
1	0	B	40000	861	99.139	98.204	99139	935	37	0	0	745	72	81	858
1	0	cSpy was 30 spamed and the readout avoided!
1	1	G	40000	89142	10.858	1.8	10858	10808	0	0	0	9962	841	5	10810
1	1	A	40000	93699	6.301	0.93	6301	5371	0	0	0	4987	379	5	5372
1	1	B	40000	91893	8.107	2.67	8107	5437	0	0	0	4975	462	0	5438
1	2	G	40000	100000	0	0	0	0	0	0	0	0	0	0	2
1	2	A	40000	100000	0	0	0	0	0	0	0	0	0	0	1
1	2	B	40000	100000	0	0	0	0	0	0	0	0	0	0	1
1	3	G	40000	97359	2.641	1.272	2641	1918	1	0	0	1886	20	11	1918
1	3	A	40000	97883	2.117	1.217	2117	900	1	0	0	870	18	11	899
1	3	B	40000	97655	2.345	1.327	2345	1018	0	0	0	1016	2	0	1019
1	4	G	40000	0	100	100	100000	200000	200000	200000	200000	200000	200000	200000	200002
1	4	A	40000	0	100	100	100000	100000	100000	100000	100000	100000	100000	100000	100001
1	4	B	40000	0	100	100	100000	100000	100000	100000	100000	100000	100000	100000	100001
1	5	G	40000	29710	70.29	22.8535	70290	51118	12	0	0	43055	8006	45	51087
1	5	A	40000	60851	39.149	8.237	39149	30912	0	0	0	25366	5505	41	30892
1	5	B	40000	42324	57.676	37.47	57676	20206	12	0	0	17689	2501	4	20195
1	6	G	40000	100000	0	0	0	0	0	0	0	0	0	0	2
1	6	A	40000	100000	0	0	0	0	0	0	0	0	0	0	1
1	6	B	40000	100000	0	0	0	0	0	0	0	0	0	0	1
1	7	G	40000	100000	0	0	0	0	0	0	0	0	0	0	2
1	7	A	40000	100000	0	0	0	0	0	0	0	0	0	0	1
1	7	B	40000	100000	0	0	0	0	0	0	0	0	0	0	1
2	0	G	40000	2253	97.747	48.53	97747	4116	43	0	0	3906	95	72	4026
2	0	A	40000	2286	97.714	95.365	97714	2349	43	0	0	2139	95	72	2258
2	0	B	40000	96538	3.462	1.695	3462	1767	0	0	0	1767	0	0	1768
2	1	G	40000	99870	0.129998	0.019	130	219	0	0	0	219	0	0	221
2	1	A	40000	99872	0.128001	0.019	128	109	0	0	0	109	0	0	110
2	1	B	40000	99871	0.129002	0.019	129	110	0	0	0	110	0	0	111
2	2	G	40000	26730	73.27	48.1765	73270	29761	487	5	0	27133	1524	612	29282
2	2	A	40000	40597	59.403	45.55	59403	13853	247	3	0	11686	1478	439	13577
2	2	B	40000	33289	66.711	50.803	66711	15908	240	2	0	15447	46	173	15705
2	3	G	40000	4068	95.932	78.6145	95932	20882	103	4	0	16423	4139	214	20695
2	3	A	40000	13710	86.29	73.226	86290	13064	51	0	0	10006	2840	167	12928
2	3	B	40000	8179	91.821	84.003	91821	7818	52	4	0	6417	1299	47	7767
2	3	cSpy was 16 spamed and the readout avoided!
2	4	G	40000	100000	0	0	0	0	0	0	0	0	0	0	2
2	4	A	40000	100000	0	0	0	0	0	0	0	0	0	0	1
2	4	B	40000	100000	0	0	0	0	0	0	0	0	0	0	1
2	5	G	40000	100000	0	0	0	0	0	0	0	0	0	0	2
2	5	A	40000	100000	0	0	0	0	0	0	0	0	0	0	1
2	5	B	40000	100000	0	0	0	0	0	0	0	0	0	0	1
2	6	G	40000	43110	56.89	31.332	56890	29775	17	0	0	28251	1261	246	29739
2	6	A	40000	56832	43.168	28.982	43168	14186	12	0	0	12797	1135	242	14150
2	6	B	40000	50729	49.271	33.682	49271	15589	5	0	0	15454	126	4	15589
2	7	G	40000	0	100	100	100000	200000	200000	200000	200000	200000	200000	200000	200002
2	7	A	40000	0	100	100	100000	100000	100000	100000	100000	100000	100000	100000	100001
2	7	B	40000	0	100	100	100000	100000	100000	100000	100000	100000	100000	100000	100001
3	0	G	40000	1007	98.993	69.487	98993	20616	208	1	0	19338	440	629	20115
3	0	A	40000	1576	98.424	96.379	98424	2045	176	0	0	1226	25	618	1563
3	0	B	40000	38834	61.166	42.595	61166	18571	32	1	0	18112	415	11	18552
3	0	cSpy was 7 spamed and the readout avoided!
3	1	G	40000	0	100	100	100000	200000	200000	200000	200000	200000	200000	200000	200002
3	1	A	40000	0	100	100	100000	100000	100000	100000	100000	100000	100000	100000	100001
3	1	B	40000	0	100	100	100000	100000	100000	100000	100000	100000	100000	100000	100001
3	2	G	40000	96392	3.608	0.202	3608	6737	0	0	0	6692	45	0	6739
3	2	A	40000	96395	3.605	0.202	3605	3403	0	0	0	3358	45	0	3404
3	2	B	40000	96464	3.536	0.202	3536	3334	0	0	0	3334	0	0	3335
3	3	G	40000	100000	0	0	0	0	0	0	0	0	0	0	2
3	3	A	40000	100000	0	0	0	0	0	0	0	0	0	0	1
3	3	B	40000	100000	0	0	0	0	0	0	0	0	0	0	1
3	4	G	40000	98946	1.054	0.059	1054	1972	0	0	0	1972	0	0	1974
3	4	A	40000	98961	1.039	0.053	1039	986	0	0	0	986	0	0	987
3	4	B	40000	98949	1.051	0.065	1051	986	0	0	0	986	0	0	987
3	5	G	40000	0	100	100	100000	200000	200000	200000	200000	200000	200000	200000	200002
3	5	A	40000	0	100	100	100000	100000	100000	100000	100000	100000	100000	100000	100001
3	5	B	40000	0	100	100	100000	100000	100000	100000	100000	100000	100000	100000	100001
3	6	G	40000	30082	69.918	30.54	69918	51610	11	4	0	46861	4679	55	51578
3	6	A	40000	43909	56.091	30.308	56091	25783	9	0	0	22301	3427	46	25761
3	6	B	40000	43401	56.599	30.772	56599	25827	2	4	0	24560	1252	9	25817
3	6	cSpy was 7 spamed and the readout avoided!
3	7	G	40000	100000	0	0	0	0	0	0	0	0	0	0	2
3	7	A	40000	100000	0	0	0	0	0	0	0	0	0	0	1
3	7	B	40000	100000	0	0	0	0	0	0	0	0	0	0	1
4	0	G	40000	1367	98.633	79.3695	98633	19912	262	5	0	17677	1737	231	19603
4	0	A	40000	2650	97.35	94.494	97350	2856	124	2	0	1742	805	183	2647
4	0	B	40000	18699	81.301	64.245	81301	17056	138	3	0	15935	932	48	16956
4	0	cSpy was 10 spamed and the readout avoided!
4	1	G	40000	100000	0	0	0	0	0	0	0	0	0	0	2
4	1	A	40000	100000	0	0	0	0	0	0	0	0	0	0	1
4	1	B	40000	100000	0	0	0	0	0	0	0	0	0	0	1
4	2	G	40000	100000	0	0	0	0	0	0	0	0	0	0	2
4	2	A	40000	100000	0	0	0	0	0	0	0	0	0	0	1
4	2	B	40000	100000	0	0	0	0	0	0	0	0	0	0	1
4	3	G	40000	20392	79.608	58.653	79608	34264	811	1	0	32699	160	593	33195
4	3	A	40000	23926	76.074	58.934	76074	17140	388	0	0	16325	1	426	16419
4	3	B	40000	24504	75.496	58.372	75496	17124	423	1	0	16374	159	167	16776
4	3	cSpy was 18 spamed and the readout avoided!
4	4	G	40000	0	100	100	100000	200000	200000	200000	200000	200000	200000	200000	200002
4	4	A	40000	0	100	100	100000	100000	100000	100000	100000	100000	100000	100000	100001
4	4	B	40000	0	100	100	100000	100000	100000	100000	100000	100000	100000	100000	100001
4	5	G	40000	100000	0	0	0	0	0	0	0	0	0	0	2
4	5	A	40000	100000	0	0	0	0	0	0	0	0	0	0	1
4	5	B	40000	100000	0	0	0	0	0	0	0	0	0	0	1
4	6	G	40000	100000	0	0	0	0	0	0	0	0	0	0	2
4	6	A	40000	100000	0	0	0	0	0	0	0	0	0	0	1
4	6	B	40000	100000	0	0	0	0	0	0	0	0	0	0	1
4	7	G	40000	42530	57.47	33.4815	57470	36924	118	0	0	36675	7	124	36796
4	7	A	40000	48090	51.91	33.611	51910	18299	58	0	0	18127	6	108	18201
4	7	B	40000	48023	51.977	33.352	51977	18625	60	0	0	18548	1	16	18595
4	7	cSpy was 3 spamed and the readout avoided!
5	0	G	40000	498	99.502	56.915	99502	14905	156	0	0	13800	107	842	14320
5	0	A	40000	602	99.398	98.21	99398	1188	156	0	0	91	99	842	602
5	0	B	40000	70663	29.337	15.62	29337	13717	0	0	0	13709	8	0	13718
5	0	cSpy was 56 spamed and the readout avoided!
5	1	G	40000	92707	7.293	1.448	7293	10529	0	0	0	10526	1	2	10531
5	1	A	40000	93215	6.785	1.548	6785	5237	0	0	0	5234	1	2	5238
5	1	B	40000	93360	6.64	1.348	6640	5292	0	0	0	5292	0	0	5293
5	2	G	40000	12	99.988	98.869	99988	1297	43	0	0	459	418	377	965
5	2	A	40000	25	99.975	99.723	99975	252	0	0	0	0	2	250	25
5	2	B	40000	940	99.06	98.015	99060	1045	43	0	0	459	416	127	940
5	2	cSpy was 14 spamed and the readout avoided!
5	3	G	40000	90312	9.688	0.842	9688	16220	0	0	0	15041	1168	11	16222
5	3	A	40000	90414	9.586	0.842	9586	8744	0	0	0	7657	1076	11	8745
5	3	B	40000	91682	8.318	0.842	8318	7476	0	0	0	7384	92	0	7477
5	4	G	40000	100000	0	0	0	0	0	0	0	0	0	0	2
5	4	A	40000	100000	0	0	0	0	0	0	0	0	0	0	1
5	4	B	40000	100000	0	0	0	0	0	0	0	0	0	0	1
5	5	G	40000	91182	8.818	4.4925	8818	7147	21	0	0	7101	0	25	7124
5	5	A	40000	91920	8.08	4.533	8080	3547	10	0	0	3518	0	19	3529
5	5	B	40000	91948	8.052	4.452	8052	3600	11	0	0	3583	0	6	3595
5	5	cSpy was 2 spamed and the readout avoided!
5	6	G	40000	0	100	100	100000	200000	200000	200000	200000	200000	200000	200000	200002
5	6	A	40000	0	100	100	100000	100000	100000	100000	100000	100000	100000	100000	100001
5	6	B	40000	0	100	100	100000	100000	100000	100000	100000	100000	100000	100000	100001
5	7	G	40000	19591	80.409	31.5135	80409	63113	1	0	0	55441	7486	185	63031
5	7	A	40000	35236	64.764	34.639	64764	30125	0	0	0	25618	4323	184	30044
5	7	B	40000	38624	61.376	28.388	61376	32988	1	0	0	29823	3163	1	32987
5	7	cSpy was 4 spamed and the readout avoided!
6	0	G	40000	286	99.714	97.6105	99714	2651	275	4	0	1122	716	534	2117
6	0	A	40000	740	99.26	98.145	99260	1115	118	0	0	272	303	422	738
6	0	B	40000	1388	98.612	97.076	98612	1536	157	4	0	850	413	112	1379
6	0	cSpy was 97 spamed and the readout avoided!
6	1	G	40000	6462	93.538	73.449	93538	26228	52	0	0	23275	2172	729	25778
6	1	A	40000	12537	87.463	74.899	87463	12564	24	0	0	10799	1047	694	12150
6	1	B	40000	14337	85.663	71.999	85663	13664	28	0	0	12476	1125	35	13628
6	1	cSpy was 65 spamed and the readout avoided!
6	2	G	40000	100000	0	0	0	0	0	0	0	0	0	0	2
6	2	A	40000	100000	0	0	0	0	0	0	0	0	0	0	1
6	2	B	40000	100000	0	0	0	0	0	0	0	0	0	0	1
6	3	G	40000	100000	0	0	0	0	0	0	0	0	0	0	2
6	3	A	40000	100000	0	0	0	0	0	0	0	0	0	0	1
6	3	B	40000	100000	0	0	0	0	0	0	0	0	0	0	1
6	4	G	40000	35293	64.707	45.9815	64707	30907	608	0	0	29724	121	454	30090
6	4	A	40000	38336	61.664	46.23	61664	15434	293	0	0	14819	0	322	14890
6	4	B	40000	38794	61.206	45.733	61206	15473	315	0	0	14905	121	132	15200
6	4	cSpy was 6 spamed and the readout avoided!
6	5	G	40000	0	100	100	100000	200000	200000	200000	200000	200000	200000	200000	200002
6	5	A	40000	0	100	100	100000	100000	100000	100000	100000	100000	100000	100000	100001
6	5	B	40000	0	100	100	100000	100000	100000	100000	100000	100000	100000	100000	100001
6	6	G	40000	100000	0	0	0	0	0	0	0	0	0	0	2
6	6	A	40000	100000	0	0	0	0	0	0	0	0	0	0	1
6	6	B	40000	100000	0	0	0	0	0	0	0	0	0	0	1
6	7	G	40000	100000	0	0	0	0	0	0	0	0	0	0	2
6	7	A	40000	100000	0	0	0	0	0	0	0	0	0	0	1
6	7	B	40000	100000	0	0	0	0	0	0	0	0	0	0	1
7	0	G	40000	1957	98.043	51.3485	98043	12956	191	1	0	11773	502	489	12522
7	0	A	40000	2302	97.698	94.986	97698	2712	184	1	0	1945	99	483	2281
7	0	B	40000	82045	17.955	7.711	17955	10244	7	0	0	9828	403	6	10241
7	0	cSpy was 7 spamed and the readout avoided!
7	1	G	40000	100000	0	0	0	0	0	0	0	0	0	0	2
7	1	A	40000	100000	0	0	0	0	0	0	0	0	0	0	1
7	1	B	40000	100000	0	0	0	0	0	0	0	0	0	0	1
7	2	G	40000	99153	0.847	0.0565	847	1542	0	0	0	1534	8	0	1544
7	2	A	40000	99165	0.835001	0.064	835	771	0	0	0	764	7	0	772
7	2	B	40000	99180	0.819999	0.049	820	771	0	0	0	770	1	0	772
7	3	G	40000	26079	73.921	64.727	73921	11886	31	66	0	10986	510	293	11678
7	3	A	40000	28639	71.361	65.634	71361	5727	3	66	0	5476	33	149	5615
7	3	B	40000	30021	69.979	63.82	69979	6159	28	0	0	5510	477	144	6063
7	3	cSpy was 98 spamed and the readout avoided!
7	4	G	40000	36064	63.936	37.2905	63936	35847	108	5	0	32043	3258	433	35574
7	4	A	40000	43650	56.35	37.914	56350	18436	10	4	0	15818	2244	360	18250
7	4	B	40000	45922	54.078	36.667	54078	17411	98	1	0	16225	1014	73	17324
7	4	cSpy was 37 spamed and the readout avoided!
7	5	G	40000	100000	0	0	0	0	0	0	0	0	0	0	2
7	5	A	40000	100000	0	0	0	0	0	0	0	0	0	0	1
7	5	B	40000	100000	0	0	0	0	0	0	0	0	0	0	1
7	6	G	40000	98717	1.283	0.353	1283	1239	1	2	0	1227	6	3	1239
7	6	A	40000	98991	1.009	0.387	1009	622	1	2	0	614	2	3	621
7	6	B	40000	99064	0.936002	0.319	936	617	0	0	0	613	4	0	618
7	7	G	40000	62410	37.59	14.5985	37590	31812	36	113	0	31104	432	127	31744
7	7	A	40000	68490	31.51	15.332	31510	16178	36	113	0	15753	149	127	16109
7	7	B	40000	70501	29.499	13.865	29499	15634	0	0	0	15351	283	0	15635
7	7	cSpy was 8 spamed and the readout avoided!
