#the gain was set to: 2	the bias was set to: 30
#Sent triggers per delay setting: 100000	and with a frequency [Hz] of: 40000
#160MHz delay setting	400MHz delay setting	Frequency	correct transmitted H+T		error rate [%]	uncertainty [%]	bad or missed events	error count	missing headers	missing trailers	flipped H/T	event nr errors	tbm missed trigger	unknown errors	event nr resets
0	0	G	40000	392	99.608	75.0975	99608	18403	113	0	0	17363	295	632	17874
0	0	A	40000	614	99.386	98.258	99386	1128	84	0	0	192	238	614	614
0	0	B	40000	30788	69.212	51.937	69212	17275	29	0	0	17171	57	18	17260
0	0	cSpy was 31 spamed and the readout avoided!
0	1	G	40000	29015	70.985	51.959	70985	25263	369	0	0	23791	498	605	24974
0	1	A	40000	37856	62.144	51.379	62144	10765	193	0	0	10111	0	461	10571
0	1	B	40000	32963	67.037	52.539	67037	14498	176	0	0	13680	498	144	14403
0	2	G	40000	3745	96.255	83.4675	96255	16351	69	2	0	13776	2183	321	16139
0	2	A	40000	7771	92.229	84.606	92229	7623	36	0	0	5975	1315	297	7442
0	2	B	40000	8943	91.057	82.329	91057	8728	33	2	0	7801	868	24	8697
0	2	cSpy was 3 spamed and the readout avoided!
0	3	G	40000	100000	0	0	0	0	0	0	0	0	0	0	2
0	3	A	40000	100000	0	0	0	0	0	0	0	0	0	0	1
0	3	B	40000	100000	0	0	0	0	0	0	0	0	0	0	1
0	4	G	40000	100000	0	0	0	0	0	0	0	0	0	0	2
0	4	A	40000	100000	0	0	0	0	0	0	0	0	0	0	1
0	4	B	40000	100000	0	0	0	0	0	0	0	0	0	0	1
0	5	G	40000	31684	68.316	48.766	68316	25950	105	0	0	25075	294	476	25864
0	5	A	40000	40580	59.42	48.201	59420	11219	59	0	0	10714	9	437	11146
0	5	B	40000	35938	64.062	49.331	64062	14731	46	0	0	14361	285	39	14718
0	6	G	40000	3328	96.672	85.3755	96672	14537	298	13	0	11781	1985	460	14050
0	6	A	40000	6467	93.533	87.079	93533	6454	145	0	0	4730	1199	380	6108
0	6	B	40000	8245	91.755	83.672	91755	8083	153	13	0	7051	786	80	7942
0	6	cSpy was 25 spamed and the readout avoided!
0	7	G	40000	99923	0.0769973	0	77	154	0	0	0	154	0	0	156
0	7	A	40000	99923	0.0769973	0	77	77	0	0	0	77	0	0	78
0	7	B	40000	99923	0.0769973	0	77	77	0	0	0	77	0	0	78
1	0	G	40000	432	99.568	96.167	99568	4005	248	4	0	2960	364	429	3559
1	0	A	40000	2777	97.223	94.156	97223	3067	217	4	0	2220	255	371	2676
1	0	B	40000	884	99.116	98.178	99116	938	31	0	0	740	109	58	883
1	0	cSpy was 24 spamed and the readout avoided!
1	1	G	40000	99897	0.103003	0	103	206	0	0	0	206	0	0	208
1	1	A	40000	99897	0.103003	0	103	103	0	0	0	103	0	0	104
1	1	B	40000	99897	0.103003	0	103	103	0	0	0	103	0	0	104
1	2	G	40000	100000	0	0	0	0	0	0	0	0	0	0	2
1	2	A	40000	100000	0	0	0	0	0	0	0	0	0	0	1
1	2	B	40000	100000	0	0	0	0	0	0	0	0	0	0	1
1	3	G	40000	85057	14.943	6.0165	14943	13171	5	0	0	13027	87	52	13167
1	3	A	40000	88126	11.874	5.701	11874	6173	4	0	0	6044	77	48	6169
1	3	B	40000	86670	13.33	6.332	13330	6998	1	0	0	6983	10	4	6998
1	4	G	40000	0	100	100	100000	200000	200000	200000	200000	200000	200000	200000	200002
1	4	A	40000	0	100	100	100000	100000	100000	100000	100000	100000	100000	100000	100001
1	4	B	40000	0	100	100	100000	100000	100000	100000	100000	100000	100000	100000	100001
1	5	G	40000	92305	7.695	1.2455	7695	8648	0	0	0	8193	451	4	8650
1	5	A	40000	94924	5.076	0.778	5076	4298	0	0	0	4118	176	4	4299
1	5	B	40000	93937	6.063	1.713	6063	4350	0	0	0	4075	275	0	4351
1	6	G	40000	100000	0	0	0	0	0	0	0	0	0	0	2
1	6	A	40000	100000	0	0	0	0	0	0	0	0	0	0	1
1	6	B	40000	100000	0	0	0	0	0	0	0	0	0	0	1
1	7	G	40000	99806	0.194001	0.003	194	380	0	0	0	380	0	0	382
1	7	A	40000	99808	0.191998	0.003	192	189	0	0	0	189	0	0	190
1	7	B	40000	99806	0.194001	0.003	194	191	0	0	0	191	0	0	192
2	0	G	40000	2000	98	49.0605	98000	4434	42	1	0	4172	140	79	4348
2	0	A	40000	2042	97.958	95.857	97958	2101	42	1	0	1839	140	79	2014
2	0	B	40000	95403	4.597	2.264	4597	2333	0	0	0	2333	0	0	2334
2	1	G	40000	98627	1.373	0.403	1373	1393	0	0	0	1380	10	3	1393
2	1	A	40000	98953	1.047	0.367	1047	680	0	0	0	673	4	3	679
2	1	B	40000	98848	1.152	0.439	1152	713	0	0	0	707	6	0	714
2	2	G	40000	21619	78.381	54.9965	78381	28469	932	7	0	25402	1322	806	27545
2	2	A	40000	33871	66.129	52.654	66129	13475	479	3	0	11434	1039	520	12951
2	2	B	40000	27667	72.333	57.339	72333	14994	453	4	0	13968	283	286	14594
2	2	cSpy was 2 spamed and the readout avoided!
2	3	G	40000	9003	90.997	62.584	90997	33374	150	0	0	29317	3732	175	33188
2	3	A	40000	24727	75.273	54.481	75273	20792	25	0	0	18049	2640	78	20727
2	3	B	40000	16731	83.269	70.687	83269	12582	125	0	0	11268	1092	97	12461
2	3	cSpy was 22 spamed and the readout avoided!
2	4	G	40000	100000	0	0	0	0	0	0	0	0	0	0	2
2	4	A	40000	100000	0	0	0	0	0	0	0	0	0	0	1
2	4	B	40000	100000	0	0	0	0	0	0	0	0	0	0	1
2	5	G	40000	100000	0	0	0	0	0	0	0	0	0	0	2
2	5	A	40000	100000	0	0	0	0	0	0	0	0	0	0	1
2	5	B	40000	100000	0	0	0	0	0	0	0	0	0	0	1
2	6	G	40000	33409	66.591	44.892	66591	25642	315	2	0	23436	1366	523	25349
2	6	A	40000	45684	54.316	42.429	54316	11887	167	1	0	9953	1363	403	11699
2	6	B	40000	38890	61.11	47.355	61110	13755	148	1	0	13483	3	120	13650
2	7	G	40000	0	100	100	100000	200000	200000	200000	200000	200000	200000	200000	200002
2	7	A	40000	0	100	100	100000	100000	100000	100000	100000	100000	100000	100000	100001
2	7	B	40000	0	100	100	100000	100000	100000	100000	100000	100000	100000	100000	100001
3	0	G	40000	683	99.317	80.284	99317	17460	261	1	0	16127	385	686	16868
3	0	A	40000	1242	98.758	96.996	98758	1762	185	0	0	900	21	656	1222
3	0	B	40000	20730	79.27	63.572	79270	15698	76	1	0	15227	364	30	15646
3	0	cSpy was 26 spamed and the readout avoided!
3	1	G	40000	0	100	100	100000	200000	200000	200000	200000	200000	200000	200000	200002
3	1	A	40000	0	100	100	100000	100000	100000	100000	100000	100000	100000	100000	100001
3	1	B	40000	0	100	100	100000	100000	100000	100000	100000	100000	100000	100000	100001
3	2	G	40000	94073	5.927	1.2965	5927	8376	5	3	0	7967	400	1	8375
3	2	A	40000	94282	5.718	1.292	5718	4426	1	0	0	4043	381	1	4427
3	2	B	40000	94749	5.251	1.301	5251	3950	4	3	0	3924	19	0	3948
3	2	cSpy was 1 spamed and the readout avoided!
3	3	G	40000	100000	0	0	0	0	0	0	0	0	0	0	2
3	3	A	40000	100000	0	0	0	0	0	0	0	0	0	0	1
3	3	B	40000	100000	0	0	0	0	0	0	0	0	0	0	1
3	4	G	40000	92990	7.01	1.27	7010	10637	0	0	0	10624	10	3	10639
3	4	A	40000	93467	6.533	1.201	6533	5332	0	0	0	5320	9	3	5333
3	4	B	40000	93356	6.644	1.339	6644	5305	0	0	0	5304	1	0	5306
3	5	G	40000	0	100	100	100000	200000	200000	200000	200000	200000	200000	200000	200002
3	5	A	40000	0	100	100	100000	100000	100000	100000	100000	100000	100000	100000	100001
3	5	B	40000	0	100	100	100000	100000	100000	100000	100000	100000	100000	100000	100001
3	6	G	40000	89203	10.797	2.153	10797	16313	4	1	0	15823	484	1	16314
3	6	A	40000	89368	10.632	2.15	10632	8482	0	0	0	8017	464	1	8483
3	6	B	40000	90013	9.987	2.156	9987	7831	4	1	0	7806	20	0	7831
3	6	cSpy was 1 spamed and the readout avoided!
3	7	G	40000	100000	0	0	0	0	0	0	0	0	0	0	2
3	7	A	40000	100000	0	0	0	0	0	0	0	0	0	0	1
3	7	B	40000	100000	0	0	0	0	0	0	0	0	0	0	1
4	0	G	40000	961	99.039	52.9785	99039	21516	184	3	0	19972	868	489	21051
4	0	A	40000	1215	98.785	97.112	98785	1673	181	0	0	646	357	489	1208
4	0	B	40000	71312	28.688	8.845	28688	19843	3	3	0	19326	511	0	19843
4	0	cSpy was 3 spamed and the readout avoided!
4	1	G	40000	100000	0	0	0	0	0	0	0	0	0	0	2
4	1	A	40000	100000	0	0	0	0	0	0	0	0	0	0	1
4	1	B	40000	100000	0	0	0	0	0	0	0	0	0	0	1
4	2	G	40000	99999	0.00100136	0	1	2	0	0	0	2	0	0	4
4	2	A	40000	99999	0.00100136	0	1	1	0	0	0	1	0	0	2
4	2	B	40000	99999	0.00100136	0	1	1	0	0	0	1	0	0	2
4	3	G	40000	16605	83.395	61.3335	83395	32631	770	7	0	30925	165	764	31526
4	3	A	40000	21935	78.065	61.759	78065	16306	388	4	0	15315	26	573	15551
4	3	B	40000	22767	77.233	60.908	77233	16325	382	3	0	15610	139	191	15975
4	3	cSpy was 62 spamed and the readout avoided!
4	4	G	40000	15699	84.301	45.3875	84301	51151	54	12	0	45936	4812	337	50963
4	4	A	40000	28789	71.211	45.885	71211	25326	23	7	0	22060	2913	323	25161
4	4	B	40000	29285	70.715	44.89	70715	25825	31	5	0	23876	1899	14	25802
4	4	cSpy was 32 spamed and the readout avoided!
4	5	G	40000	100000	0	0	0	0	0	0	0	0	0	0	2
4	5	A	40000	100000	0	0	0	0	0	0	0	0	0	0	1
4	5	B	40000	100000	0	0	0	0	0	0	0	0	0	0	1
4	6	G	40000	100000	0	0	0	0	0	0	0	0	0	0	2
4	6	A	40000	100000	0	0	0	0	0	0	0	0	0	0	1
4	6	B	40000	100000	0	0	0	0	0	0	0	0	0	0	1
4	7	G	40000	22890	77.11	54.1645	77110	36327	481	0	0	35400	32	414	35719
4	7	A	40000	27531	72.469	54.3	72469	18169	236	0	0	17633	1	299	17755
4	7	B	40000	27813	72.187	54.029	72187	18158	245	0	0	17767	31	115	17964
4	7	cSpy was 6 spamed and the readout avoided!
5	0	G	40000	473	99.527	58.6125	99527	16336	153	2	0	15223	117	841	15789
5	0	A	40000	601	99.399	98.252	99399	1147	148	0	0	59	101	839	601
5	0	B	40000	65838	34.162	18.973	34162	15189	5	2	0	15164	16	2	15188
5	0	cSpy was 72 spamed and the readout avoided!
5	1	G	40000	54231	45.769	22.868	45769	35545	33	0	0	35437	3	72	35514
5	1	A	40000	59361	40.639	23.075	40639	17564	16	0	0	17475	3	70	17534
5	1	B	40000	59358	40.642	22.661	40642	17981	17	0	0	17962	0	2	17980
5	1	cSpy was 4 spamed and the readout avoided!
5	2	G	40000	53	99.947	97.564	99947	2712	162	0	0	1311	634	605	2147
5	2	A	40000	129	99.871	99.362	99871	509	3	0	0	36	4	466	129
5	2	B	40000	2031	97.969	95.766	97969	2203	159	0	0	1275	630	139	2018
5	2	cSpy was 56 spamed and the readout avoided!
5	3	G	40000	99774	0.226003	0	226	452	0	0	0	452	0	0	454
5	3	A	40000	99774	0.226003	0	226	226	0	0	0	226	0	0	227
5	3	B	40000	99774	0.226003	0	226	226	0	0	0	226	0	0	227
5	4	G	40000	100000	0	0	0	0	0	0	0	0	0	0	2
5	4	A	40000	100000	0	0	0	0	0	0	0	0	0	0	1
5	4	B	40000	100000	0	0	0	0	0	0	0	0	0	0	1
5	5	G	40000	83286	16.714	6.229	16714	16542	1	1	0	16526	3	11	16543
5	5	A	40000	85436	14.564	6.403	14564	8161	0	1	0	8146	3	11	8161
5	5	B	40000	85564	14.436	6.055	14436	8381	1	0	0	8380	0	0	8382
5	5	cSpy was 1 spamed and the readout avoided!
5	6	G	40000	0	100	100	100000	200000	200000	200000	200000	200000	200000	200000	200002
5	6	A	40000	0	100	100	100000	100000	100000	100000	100000	100000	100000	100000	100001
5	6	B	40000	0	100	100	100000	100000	100000	100000	100000	100000	100000	100000	100001
5	7	G	40000	61550	38.45	8.461	38450	43975	1	0	0	39593	4297	84	43948
5	7	A	40000	67739	32.261	8.733	32261	23528	1	0	0	20167	3276	84	23500
5	7	B	40000	71364	28.636	8.189	28636	20447	0	0	0	19426	1021	0	20448
6	0	G	40000	591	99.409	95.5535	99409	4727	240	5	0	2393	1371	718	4155
6	0	A	40000	1358	98.642	96.801	98642	1841	122	2	0	145	891	681	1358
6	0	B	40000	2808	97.192	94.306	97192	2886	118	3	0	2248	480	37	2797
6	0	cSpy was 47 spamed and the readout avoided!
6	1	G	40000	16969	83.031	38.674	83031	57709	0	0	0	51374	6110	225	57610
6	1	A	40000	30933	69.067	41.468	69067	27599	0	0	0	23977	3397	225	27499
6	1	B	40000	34010	65.99	35.88	65990	30110	0	0	0	27397	2713	0	30111
6	1	cSpy was 9 spamed and the readout avoided!
6	2	G	40000	100000	0	0	0	0	0	0	0	0	0	0	2
6	2	A	40000	100000	0	0	0	0	0	0	0	0	0	0	1
6	2	B	40000	100000	0	0	0	0	0	0	0	0	0	0	1
6	3	G	40000	100000	0	0	0	0	0	0	0	0	0	0	2
6	3	A	40000	100000	0	0	0	0	0	0	0	0	0	0	1
6	3	B	40000	100000	0	0	0	0	0	0	0	0	0	0	1
6	4	G	40000	19168	80.832	59.199	80832	33898	799	1	0	32375	126	597	32833
6	4	A	40000	23519	76.481	59.525	76481	16956	391	1	0	16135	1	428	16240
6	4	B	40000	24185	75.815	58.873	75815	16942	408	0	0	16240	125	169	16593
6	4	cSpy was 7 spamed and the readout avoided!
6	5	G	40000	7252	92.748	81.319	92748	14848	190	4	0	12818	996	840	14307
6	5	A	40000	10607	89.393	82.467	89393	6926	15	0	0	5788	425	698	6575
6	5	B	40000	11907	88.093	80.171	88093	7922	175	4	0	7030	571	142	7732
6	5	cSpy was 79 spamed and the readout avoided!
6	6	G	40000	100000	0	0	0	0	0	0	0	0	0	0	2
6	6	A	40000	100000	0	0	0	0	0	0	0	0	0	0	1
6	6	B	40000	100000	0	0	0	0	0	0	0	0	0	0	1
6	7	G	40000	100000	0	0	0	0	0	0	0	0	0	0	2
6	7	A	40000	100000	0	0	0	0	0	0	0	0	0	0	1
6	7	B	40000	100000	0	0	0	0	0	0	0	0	0	0	1
7	0	G	40000	1750	98.25	48.2995	98250	3527	230	0	0	2629	94	574	2996
7	0	A	40000	1774	98.226	95.943	98226	2283	230	0	0	1385	94	574	1751
7	0	B	40000	98100	1.9	0.656	1900	1244	0	0	0	1244	0	0	1245
7	0	cSpy was 2 spamed and the readout avoided!
7	1	G	40000	100000	0	0	0	0	0	0	0	0	0	0	2
7	1	A	40000	100000	0	0	0	0	0	0	0	0	0	0	1
7	1	B	40000	100000	0	0	0	0	0	0	0	0	0	0	1
7	2	G	40000	91072	8.928	2.2135	8928	9683	8	6	0	9570	79	20	9678
7	2	A	40000	92721	7.279	2.464	7279	4815	8	6	0	4740	41	20	4809
7	2	B	40000	93169	6.831	1.963	6831	4868	0	0	0	4830	38	0	4869
7	3	G	40000	0	100	100	100000	200000	200000	200000	200000	200000	200000	200000	200002
7	3	A	40000	0	100	100	100000	100000	100000	100000	100000	100000	100000	100000	100001
7	3	B	40000	0	100	100	100000	100000	100000	100000	100000	100000	100000	100000	100001
7	4	G	40000	79772	20.228	4.0465	20228	25429	2	0	0	23434	1952	41	25416
7	4	A	40000	82426	17.574	4.157	17574	13417	2	0	0	11857	1517	41	13403
7	4	B	40000	84052	15.948	3.936	15948	12012	0	0	0	11577	435	0	12013
7	4	cSpy was 1 spamed and the readout avoided!
7	5	G	40000	100000	0	0	0	0	0	0	0	0	0	0	2
7	5	A	40000	100000	0	0	0	0	0	0	0	0	0	0	1
7	5	B	40000	100000	0	0	0	0	0	0	0	0	0	0	1
7	6	G	40000	96788	3.212	0.73	3212	3607	1	0	0	3591	13	2	3609
7	6	A	40000	97385	2.615	0.815	2615	1800	1	0	0	1785	12	2	1801
7	6	B	40000	97548	2.452	0.645	2452	1807	0	0	0	1806	1	0	1808
7	6	cSpy was 1 spamed and the readout avoided!
7	7	G	40000	44929	55.071	27.3025	55071	40095	37	9	0	38647	1224	178	40022
7	7	A	40000	52006	47.994	27.915	47994	20079	28	9	0	19351	515	176	20007
7	7	B	40000	53294	46.706	26.69	46706	20016	9	0	0	19296	709	2	20015
7	7	cSpy was 7 spamed and the readout avoided!
