#the gain was set to: 2	the bias was set to: 30
#Sent triggers per delay setting: 100000	and with a frequency [Hz] of: 40000
#160MHz delay setting	400MHz delay setting	Frequency	correct transmitted H+T		error rate [%]	uncertainty [%]	bad or missed events	error count	missing headers	missing trailers	flipped H/T	event nr errors	tbm missed trigger	unknown errors	event nr resets
0	0	G	40000	413	99.587	73.2835	99587	18964	98	0	0	17906	319	641	18432
0	0	A	40000	618	99.382	98.247	99382	1135	75	0	0	171	261	628	618
0	0	B	40000	33851	66.149	48.32	66149	17829	23	0	0	17735	58	13	17814
0	0	cSpy was 35 spamed and the readout avoided!
0	1	G	40000	28870	71.13	52.5585	71130	25147	571	0	0	23340	574	662	24652
0	1	A	40000	37227	62.773	52.08	62773	10693	292	0	0	9939	0	462	10403
0	1	B	40000	32509	67.491	53.037	67491	14454	279	0	0	13401	574	200	14249
0	2	G	40000	7623	92.377	78.646	92377	17327	226	9	0	14476	2203	413	16953
0	2	A	40000	12142	87.858	79.837	87858	8021	83	0	0	6256	1317	365	7759
0	2	B	40000	13239	86.761	77.455	86761	9306	143	9	0	8220	886	48	9194
0	2	cSpy was 26 spamed and the readout avoided!
0	3	G	40000	100000	0	0	0	0	0	0	0	0	0	0	2
0	3	A	40000	100000	0	0	0	0	0	0	0	0	0	0	1
0	3	B	40000	100000	0	0	0	0	0	0	0	0	0	0	1
0	4	G	40000	99887	0.112998	0.0175	113	167	0	0	0	167	0	0	169
0	4	A	40000	99909	0.0909984	0.016	91	75	0	0	0	75	0	0	76
0	4	B	40000	99889	0.111002	0.019	111	92	0	0	0	92	0	0	93
0	5	G	40000	35323	64.677	43.898	64677	27940	69	0	0	27269	198	404	27867
0	5	A	40000	44315	55.685	43.348	55685	12337	44	0	0	11895	19	379	12276
0	5	B	40000	39949	60.051	44.448	60051	15603	25	0	0	15374	179	25	15591
0	6	G	40000	2238	97.762	90.0235	97762	9916	222	13	0	8021	1363	297	9597
0	6	A	40000	4668	95.332	90.685	95332	4647	100	0	0	3443	863	241	4427
0	6	B	40000	5369	94.631	89.362	94631	5269	122	13	0	4578	500	56	5170
0	6	cSpy was 19 spamed and the readout avoided!
0	7	G	40000	77540	22.46	17.2925	22460	6499	14	0	0	5570	856	59	6467
0	7	A	40000	80086	19.914	16.113	19914	3801	2	0	0	3128	616	55	3775
0	7	B	40000	78830	21.17	18.472	21170	2698	12	0	0	2442	240	4	2692
1	0	G	40000	241	99.759	97.954	99759	2221	173	4	0	1524	144	376	1857
1	0	A	40000	1277	98.723	97.14	98723	1583	159	4	0	1000	98	322	1264
1	0	B	40000	594	99.406	98.768	99406	638	14	0	0	524	46	54	593
1	0	cSpy was 14 spamed and the readout avoided!
1	1	G	40000	99895	0.105	0	105	210	0	0	0	210	0	0	212
1	1	A	40000	99895	0.105	0	105	105	0	0	0	105	0	0	106
1	1	B	40000	99895	0.105	0	105	105	0	0	0	105	0	0	106
1	2	G	40000	100000	0	0	0	0	0	0	0	0	0	0	2
1	2	A	40000	100000	0	0	0	0	0	0	0	0	0	0	1
1	2	B	40000	100000	0	0	0	0	0	0	0	0	0	0	1
1	3	G	40000	84516	15.484	5.025	15484	15956	0	0	0	15876	58	22	15957
1	3	A	40000	87748	12.252	4.754	12252	7498	0	0	0	7422	55	21	7498
1	3	B	40000	86246	13.754	5.296	13754	8458	0	0	0	8454	3	1	8459
1	4	G	40000	1102	98.898	93.722	98898	6432	509	6	0	4372	1189	356	5880
1	4	A	40000	4008	95.992	91.995	95992	3997	122	1	0	2695	1012	167	3808
1	4	B	40000	2116	97.884	95.449	97884	2435	387	5	0	1677	177	189	2072
1	4	cSpy was 55 spamed and the readout avoided!
1	5	G	40000	91333	8.667	1.4775	8667	9092	0	0	0	8482	608	2	9094
1	5	A	40000	94635	5.365	0.869	5365	4496	0	0	0	4258	236	2	4497
1	5	B	40000	93318	6.682	2.086	6682	4596	0	0	0	4224	372	0	4597
1	6	G	40000	100000	0	0	0	0	0	0	0	0	0	0	2
1	6	A	40000	100000	0	0	0	0	0	0	0	0	0	0	1
1	6	B	40000	100000	0	0	0	0	0	0	0	0	0	0	1
1	7	G	40000	99910	0.0899971	0	90	180	0	0	0	180	0	0	182
1	7	A	40000	99910	0.0899971	0	90	90	0	0	0	90	0	0	91
1	7	B	40000	99910	0.0899971	0	90	90	0	0	0	90	0	0	91
2	0	G	40000	2210	97.79	48.6255	97790	4186	49	3	0	3916	133	85	4090
2	0	A	40000	2245	97.755	95.444	97755	2311	49	3	0	2041	133	85	2214
2	0	B	40000	96318	3.682	1.807	3682	1875	0	0	0	1875	0	0	1876
2	1	G	40000	98510	1.49	0.6615	1490	1122	0	0	0	1106	9	7	1123
2	1	A	40000	98846	1.154	0.631	1154	523	0	0	0	508	9	6	524
2	1	B	40000	98709	1.291	0.692	1291	599	0	0	0	598	0	1	599
2	2	G	40000	25165	74.835	53.304	74835	26618	855	0	0	23604	1433	726	25858
2	2	A	40000	36530	63.47	51.409	63470	12061	478	0	0	10580	531	472	11597
2	2	B	40000	30244	69.756	55.199	69756	14557	377	0	0	13024	902	254	14261
2	2	cSpy was 2 spamed and the readout avoided!
2	3	G	40000	13921	86.079	63.7265	86079	26153	168	0	0	22925	2812	248	25883
2	3	A	40000	27039	72.961	56.551	72961	16410	74	0	0	14008	2218	110	16282
2	3	B	40000	19355	80.645	70.902	80645	9743	94	0	0	8917	594	138	9601
2	3	cSpy was 12 spamed and the readout avoided!
2	4	G	40000	100000	0	0	0	0	0	0	0	0	0	0	2
2	4	A	40000	100000	0	0	0	0	0	0	0	0	0	0	1
2	4	B	40000	100000	0	0	0	0	0	0	0	0	0	0	1
2	5	G	40000	100000	0	0	0	0	0	0	0	0	0	0	2
2	5	A	40000	100000	0	0	0	0	0	0	0	0	0	0	1
2	5	B	40000	100000	0	0	0	0	0	0	0	0	0	0	1
2	6	G	40000	38858	61.142	41.965	61142	23062	258	1	0	21469	868	466	22870
2	6	A	40000	49576	50.424	40.227	50424	10197	157	1	0	9011	644	384	10045
2	6	B	40000	43432	56.568	43.703	56568	12865	101	0	0	12458	224	82	12825
2	7	G	40000	1149	98.851	93.057	98851	6982	234	2	1	5703	705	337	6644
2	7	A	40000	4551	95.449	90.985	95449	4464	26	0	0	3690	538	210	4336
2	7	B	40000	2353	97.647	95.129	97647	2518	208	2	1	2013	167	127	2308
2	7	cSpy was 95 spamed and the readout avoided!
3	0	G	40000	717	99.283	79.3655	99283	18019	296	3	1	16596	418	705	17384
3	0	A	40000	1271	98.729	96.903	98729	1826	200	0	0	935	21	670	1259
3	0	B	40000	21979	78.021	61.828	78021	16193	96	3	1	15661	397	35	16125
3	0	cSpy was 76 spamed and the readout avoided!
3	1	G	40000	0	100	100	100000	200000	200000	200000	200000	200000	200000	200000	200002
3	1	A	40000	0	100	100	100000	100000	100000	100000	100000	100000	100000	100000	100001
3	1	B	40000	0	100	100	100000	100000	100000	100000	100000	100000	100000	100000	100001
3	2	G	40000	99979	0.0209987	0	21	42	0	0	0	42	0	0	44
3	2	A	40000	99979	0.0209987	0	21	21	0	0	0	21	0	0	22
3	2	B	40000	99979	0.0209987	0	21	21	0	0	0	21	0	0	22
3	3	G	40000	100000	0	0	0	0	0	0	0	0	0	0	2
3	3	A	40000	100000	0	0	0	0	0	0	0	0	0	0	1
3	3	B	40000	100000	0	0	0	0	0	0	0	0	0	0	1
3	4	G	40000	70651	29.349	15.4985	29349	21631	61	0	0	21414	79	77	21543
3	4	A	40000	73749	26.251	15.319	26251	10932	28	0	0	10819	28	57	10876
3	4	B	40000	73623	26.377	15.678	26377	10699	33	0	0	10595	51	20	10667
3	5	G	40000	0	100	100	100000	200000	200000	200000	200000	200000	200000	200000	200002
3	5	A	40000	0	100	100	100000	100000	100000	100000	100000	100000	100000	100000	100001
3	5	B	40000	0	100	100	100000	100000	100000	100000	100000	100000	100000	100000	100001
3	6	G	40000	66992	33.008	24.518	33008	15233	58	7	0	14186	872	110	15118
3	6	A	40000	67294	32.706	25.056	32706	7650	0	0	0	7128	483	39	7617
3	6	B	40000	68437	31.563	23.98	31563	7583	58	7	0	7058	389	71	7501
3	6	cSpy was 74 spamed and the readout avoided!
3	7	G	40000	100000	0	0	0	0	0	0	0	0	0	0	2
3	7	A	40000	100000	0	0	0	0	0	0	0	0	0	0	1
3	7	B	40000	100000	0	0	0	0	0	0	0	0	0	0	1
4	0	G	40000	0	100	100	100000	200000	200000	200000	200000	200000	200000	200000	200002
4	0	A	40000	0	100	100	100000	100000	100000	100000	100000	100000	100000	100000	100001
4	0	B	40000	0	100	100	100000	100000	100000	100000	100000	100000	100000	100000	100001
4	1	G	40000	100000	0	0	0	0	0	0	0	0	0	0	2
4	1	A	40000	100000	0	0	0	0	0	0	0	0	0	0	1
4	1	B	40000	100000	0	0	0	0	0	0	0	0	0	0	1
4	2	G	40000	99999	0.00100136	0	1	2	0	0	0	2	0	0	4
4	2	A	40000	99999	0.00100136	0	1	1	0	0	0	1	0	0	2
4	2	B	40000	99999	0.00100136	0	1	1	0	0	0	1	0	0	2
4	3	G	40000	18933	81.067	58.9635	81067	33970	737	0	0	32525	117	591	32988
4	3	A	40000	23728	76.272	59.287	76272	16985	366	0	0	16187	2	430	16321
4	3	B	40000	24375	75.625	58.64	75625	16985	371	0	0	16338	115	161	16667
4	3	cSpy was 8 spamed and the readout avoided!
4	4	G	40000	11301	88.699	58.4285	88699	39729	72	9	0	35736	3525	387	39481
4	4	A	40000	21476	78.524	58.806	78524	19718	29	4	0	17281	2041	363	19503
4	4	B	40000	21938	78.062	58.051	78062	20011	43	5	0	18455	1484	24	19978
4	4	cSpy was 23 spamed and the readout avoided!
4	5	G	40000	100000	0	0	0	0	0	0	0	0	0	0	2
4	5	A	40000	100000	0	0	0	0	0	0	0	0	0	0	1
4	5	B	40000	100000	0	0	0	0	0	0	0	0	0	0	1
4	6	G	40000	100000	0	0	0	0	0	0	0	0	0	0	2
4	6	A	40000	100000	0	0	0	0	0	0	0	0	0	0	1
4	6	B	40000	100000	0	0	0	0	0	0	0	0	0	0	1
4	7	G	40000	20689	79.311	57.614	79311	35012	650	0	0	33724	107	531	34105
4	7	A	40000	24660	75.34	57.835	75340	17505	314	0	0	16822	0	369	16907
4	7	B	40000	25100	74.9	57.393	74900	17507	336	0	0	16902	107	162	17198
4	7	cSpy was 6 spamed and the readout avoided!
5	0	G	40000	466	99.534	57.815	99534	15784	142	0	0	14722	100	820	15260
5	0	A	40000	602	99.398	98.271	99398	1127	142	0	0	74	93	818	602
5	0	B	40000	67984	32.016	17.359	32016	14657	0	0	0	14648	7	2	14658
5	0	cSpy was 63 spamed and the readout avoided!
5	1	G	40000	35228	64.772	39.465	64772	39106	123	1	0	38837	4	141	38993
5	1	A	40000	41021	58.979	39.578	58979	19401	61	1	0	19206	4	129	19304
5	1	B	40000	40943	59.057	39.352	59057	19705	62	0	0	19631	0	12	19689
5	1	cSpy was 5 spamed and the readout avoided!
5	2	G	40000	41	99.959	98.461	99959	2009	55	0	0	833	72	1049	1062
5	2	A	40000	98	99.902	98.994	99902	908	2	0	0	10	0	896	97
5	2	B	40000	971	99.029	97.928	99029	1101	53	0	0	823	72	153	965
5	2	cSpy was 30 spamed and the readout avoided!
5	3	G	40000	99484	0.515997	0	516	1032	0	0	0	1032	0	0	1034
5	3	A	40000	99484	0.515997	0	516	516	0	0	0	516	0	0	517
5	3	B	40000	99484	0.515997	0	516	516	0	0	0	516	0	0	517
5	4	G	40000	100000	0	0	0	0	0	0	0	0	0	0	2
5	4	A	40000	100000	0	0	0	0	0	0	0	0	0	0	1
5	4	B	40000	100000	0	0	0	0	0	0	0	0	0	0	1
5	5	G	40000	84216	15.784	7.3005	15784	13666	15	1	0	13624	1	25	13649
5	5	A	40000	85799	14.201	7.425	14201	6776	7	1	0	6745	1	22	6762
5	5	B	40000	85934	14.066	7.176	14066	6890	8	0	0	6879	0	3	6887
5	5	cSpy was 1 spamed and the readout avoided!
5	6	G	40000	0	100	100	100000	200000	200000	200000	200000	200000	200000	200000	200002
5	6	A	40000	0	100	100	100000	100000	100000	100000	100000	100000	100000	100000	100001
5	6	B	40000	0	100	100	100000	100000	100000	100000	100000	100000	100000	100000	100001
5	7	G	40000	56131	43.869	9.4075	43869	47653	2	0	0	42952	4615	84	47628
5	7	A	40000	65201	34.799	9.923	34799	24876	2	0	0	21512	3278	84	24850
5	7	B	40000	68331	31.669	8.892	31669	22777	0	0	0	21440	1337	0	22778
5	7	cSpy was 1 spamed and the readout avoided!
6	0	G	40000	591	99.409	95.8115	99409	4467	256	7	0	2239	1291	674	3897
6	0	A	40000	1338	98.662	96.85	98662	1812	141	1	0	151	890	629	1338
6	0	B	40000	2572	97.428	94.773	97428	2655	115	6	0	2088	401	45	2559
6	0	cSpy was 45 spamed and the readout avoided!
6	1	G	40000	15179	84.821	43.5835	84821	53802	3	0	0	48060	5468	271	53672
6	1	A	40000	27974	72.026	46.368	72026	25658	0	0	0	22338	3051	269	25529
6	1	B	40000	31057	68.943	40.799	68943	28144	3	0	0	25722	2417	2	28143
6	1	cSpy was 5 spamed and the readout avoided!
6	2	G	40000	100000	0	0	0	0	0	0	0	0	0	0	2
6	2	A	40000	100000	0	0	0	0	0	0	0	0	0	0	1
6	2	B	40000	100000	0	0	0	0	0	0	0	0	0	0	1
6	3	G	40000	100000	0	0	0	0	0	0	0	0	0	0	2
6	3	A	40000	100000	0	0	0	0	0	0	0	0	0	0	1
6	3	B	40000	100000	0	0	0	0	0	0	0	0	0	0	1
6	4	G	40000	19486	80.514	59.0145	80514	34032	813	0	0	32494	126	599	32967
6	4	A	40000	23649	76.351	59.318	76351	17033	395	0	0	16209	1	428	16318
6	4	B	40000	24290	75.71	58.711	75710	16999	418	0	0	16285	125	171	16649
6	4	cSpy was 7 spamed and the readout avoided!
6	5	G	40000	8051	91.949	81.965	91949	13033	110	5	0	11148	843	927	12381
6	5	A	40000	10845	89.155	83.034	89155	6121	12	2	0	4942	356	809	5585
6	5	B	40000	12192	87.808	80.896	87808	6912	98	3	0	6206	487	118	6796
6	5	cSpy was 33 spamed and the readout avoided!
6	6	G	40000	100000	0	0	0	0	0	0	0	0	0	0	2
6	6	A	40000	100000	0	0	0	0	0	0	0	0	0	0	1
6	6	B	40000	100000	0	0	0	0	0	0	0	0	0	0	1
6	7	G	40000	100000	0	0	0	0	0	0	0	0	0	0	2
6	7	A	40000	100000	0	0	0	0	0	0	0	0	0	0	1
6	7	B	40000	100000	0	0	0	0	0	0	0	0	0	0	1
7	0	G	40000	1801	98.199	48.8325	98199	9521	209	0	0	8504	234	574	9026
7	0	A	40000	1971	98.029	95.584	98029	2445	209	0	0	1569	93	574	1949
7	0	B	40000	90843	9.157	2.081	9157	7076	0	0	0	6935	141	0	7077
7	0	cSpy was 2 spamed and the readout avoided!
7	1	G	40000	100000	0	0	0	0	0	0	0	0	0	0	2
7	1	A	40000	100000	0	0	0	0	0	0	0	0	0	0	1
7	1	B	40000	100000	0	0	0	0	0	0	0	0	0	0	1
7	2	G	40000	93758	6.242	1.01	6242	8604	0	0	0	8547	49	8	8606
7	2	A	40000	94542	5.458	1.153	5458	4305	0	0	0	4256	41	8	4306
7	2	B	40000	94834	5.166	0.867	5166	4299	0	0	0	4291	8	0	4300
7	3	G	40000	0	100	100	100000	200000	200000	200000	200000	200000	200000	200000	200002
7	3	A	40000	0	100	100	100000	100000	100000	100000	100000	100000	100000	100000	100001
7	3	B	40000	0	100	100	100000	100000	100000	100000	100000	100000	100000	100000	100001
7	4	G	40000	69682	30.318	7.663	30318	31259	0	1	0	28142	3051	65	31227
7	4	A	40000	76010	23.99	8.68	23990	15310	0	1	0	13359	1885	65	15278
7	4	B	40000	77405	22.595	6.646	22595	15949	0	0	0	14783	1166	0	15949
7	4	cSpy was 4 spamed and the readout avoided!
7	5	G	40000	100000	0	0	0	0	0	0	0	0	0	0	2
7	5	A	40000	100000	0	0	0	0	0	0	0	0	0	0	1
7	5	B	40000	100000	0	0	0	0	0	0	0	0	0	0	1
7	6	G	40000	99870	0.129998	0.0015	130	254	0	0	0	254	0	0	256
7	6	A	40000	99871	0.129002	0.002	129	127	0	0	0	127	0	0	128
7	6	B	40000	99872	0.128001	0.001	128	127	0	0	0	127	0	0	128
7	7	G	40000	46183	53.817	26.021	53817	41153	15	6	0	39684	1286	162	41088
7	7	A	40000	52800	47.2	26.52	47200	20680	7	6	0	19921	585	161	20618
7	7	B	40000	54005	45.995	25.522	45995	20473	8	0	0	19763	701	1	20470
7	7	cSpy was 6 spamed and the readout avoided!
