#the gain was set to: 2	the bias was set to: 30
#Sent triggers per delay setting: 100000	and with a frequency [Hz] of: 40000
#160MHz delay setting	400MHz delay setting	Frequency	correct transmitted H+T		error rate [%]	uncertainty [%]	bad or missed events	error count	missing headers	missing trailers	flipped H/T	event nr errors	tbm missed trigger	unknown errors	event nr resets
0	0	G	40000	434	99.566	71.494	99566	19040	116	0	0	18015	326	583	18528
0	0	A	40000	646	99.354	98.205	99354	1149	101	0	0	188	289	571	646
0	0	B	40000	37326	62.674	44.783	62674	17891	15	0	0	17827	37	12	17882
0	0	cSpy was 34 spamed and the readout avoided!
0	1	G	40000	29195	70.805	51.6105	70805	25424	269	0	0	24130	455	570	25213
0	1	A	40000	38125	61.875	51.021	61875	10854	146	0	0	10246	5	457	10703
0	1	B	40000	33230	66.77	52.2	66770	14570	123	0	0	13884	450	113	14510
0	2	G	40000	3682	96.318	81.286	96318	18489	76	1	0	15930	2060	422	18208
0	2	A	40000	7585	92.415	84.909	92415	7506	44	0	0	5982	1072	408	7248
0	2	B	40000	11354	88.646	77.663	88646	10983	32	1	0	9948	988	14	10960
0	2	cSpy was 2 spamed and the readout avoided!
0	3	G	40000	100000	0	0	0	0	0	0	0	0	0	0	2
0	3	A	40000	100000	0	0	0	0	0	0	0	0	0	0	1
0	3	B	40000	100000	0	0	0	0	0	0	0	0	0	0	1
0	4	G	40000	100000	0	0	0	0	0	0	0	0	0	0	2
0	4	A	40000	100000	0	0	0	0	0	0	0	0	0	0	1
0	4	B	40000	100000	0	0	0	0	0	0	0	0	0	0	1
0	5	G	40000	51651	48.349	33.2205	48349	20550	33	0	0	20078	129	310	20507
0	5	A	40000	58159	41.841	32.814	41841	9027	18	0	0	8695	18	296	8991
0	5	B	40000	54850	45.15	33.627	45150	11523	15	0	0	11383	111	14	11516
0	6	G	40000	0	100	100	100000	200000	200000	200000	200000	200000	200000	200000	200002
0	6	A	40000	0	100	100	100000	100000	100000	100000	100000	100000	100000	100000	100001
0	6	B	40000	0	100	100	100000	100000	100000	100000	100000	100000	100000	100000	100001
0	7	G	40000	99230	0.770003	0.0145	770	1498	0	0	0	1494	4	0	1500
0	7	A	40000	99241	0.759	0.012	759	747	0	0	0	747	0	0	748
0	7	B	40000	99232	0.768	0.017	768	751	0	0	0	747	4	0	752
1	0	G	40000	303	99.697	97.827	99697	2382	173	0	0	1566	167	476	1952
1	0	A	40000	1285	98.715	97.064	98715	1651	157	0	0	969	110	415	1275
1	0	B	40000	679	99.321	98.59	99321	731	16	0	0	597	57	61	677
1	0	cSpy was 30 spamed and the readout avoided!
1	1	G	40000	99097	0.902998	0.0125	903	1761	0	0	0	1757	4	0	1763
1	1	A	40000	99110	0.889999	0.01	890	880	0	0	0	877	3	0	881
1	1	B	40000	99104	0.896001	0.015	896	881	0	0	0	880	1	0	882
1	2	G	40000	100000	0	0	0	0	0	0	0	0	0	0	2
1	2	A	40000	100000	0	0	0	0	0	0	0	0	0	0	1
1	2	B	40000	100000	0	0	0	0	0	0	0	0	0	0	1
1	3	G	40000	97818	2.182	0.305	2182	3544	0	0	0	3543	1	0	3546
1	3	A	40000	97988	2.012	0.285	2012	1727	0	0	0	1726	1	0	1728
1	3	B	40000	97858	2.142	0.325	2142	1817	0	0	0	1817	0	0	1818
1	4	G	40000	476	99.524	97.157	99524	3069	223	1	0	1320	1063	462	2596
1	4	A	40000	1508	98.492	96.844	98492	1648	59	0	0	622	825	142	1489
1	4	B	40000	1109	98.891	97.47	98891	1421	164	1	0	698	238	320	1107
1	4	cSpy was 62 spamed and the readout avoided!
1	5	G	40000	63834	36.166	8.2915	36166	27579	1	0	0	23856	3703	19	27579
1	5	A	40000	82459	17.541	3.504	17541	14037	0	0	0	12202	1816	19	14038
1	5	B	40000	73379	26.621	13.079	26621	13542	1	0	0	11654	1887	0	13541
1	6	G	40000	100000	0	0	0	0	0	0	0	0	0	0	2
1	6	A	40000	100000	0	0	0	0	0	0	0	0	0	0	1
1	6	B	40000	100000	0	0	0	0	0	0	0	0	0	0	1
1	7	G	40000	98732	1.268	0.5635	1268	974	1	0	0	957	8	8	975
1	7	A	40000	99006	0.994003	0.539	994	455	1	0	0	438	8	8	455
1	7	B	40000	98893	1.107	0.588	1107	519	0	0	0	519	0	0	520
2	0	G	40000	2279	97.721	48.514	97721	4158	39	1	0	3907	130	81	4081
2	0	A	40000	2315	97.685	95.317	97685	2368	39	1	0	2117	130	81	2290
2	0	B	40000	96499	3.501	1.711	3501	1790	0	0	0	1790	0	0	1791
2	1	G	40000	99925	0.0750005	0.001	75	148	0	0	0	148	0	0	150
2	1	A	40000	99925	0.0750005	0.001	75	74	0	0	0	74	0	0	75
2	1	B	40000	99925	0.0750005	0.001	75	74	0	0	0	74	0	0	75
2	2	G	40000	38393	61.607	42.035	61607	24781	686	1	0	22331	1157	606	24145
2	2	A	40000	48328	51.672	40.463	51672	11209	380	1	0	9971	476	381	10835
2	2	B	40000	42821	57.179	43.607	57179	13572	306	0	0	12360	681	225	13310
2	2	cSpy was 2 spamed and the readout avoided!
2	3	G	40000	6388	93.612	67.551	93612	31356	82	0	0	27563	3600	111	31251
2	3	A	40000	21325	78.675	58.353	78675	20322	8	0	0	17574	2681	59	20285
2	3	B	40000	12217	87.783	76.749	87783	11034	74	0	0	9989	919	52	10966
2	4	G	40000	100000	0	0	0	0	0	0	0	0	0	0	2
2	4	A	40000	100000	0	0	0	0	0	0	0	0	0	0	1
2	4	B	40000	100000	0	0	0	0	0	0	0	0	0	0	1
2	5	G	40000	100000	0	0	0	0	0	0	0	0	0	0	2
2	5	A	40000	100000	0	0	0	0	0	0	0	0	0	0	1
2	5	B	40000	100000	0	0	0	0	0	0	0	0	0	0	1
2	6	G	40000	28996	71.004	47.9705	71004	26768	178	1	0	25188	941	460	26635
2	6	A	40000	42324	57.676	45.822	57676	11854	114	1	0	10551	770	418	11739
2	6	B	40000	34967	65.033	50.119	65033	14914	64	0	0	14637	171	42	14896
2	7	G	40000	0	100	100	100000	200000	200000	200000	200000	200000	200000	200000	200002
2	7	A	40000	0	100	100	100000	100000	100000	100000	100000	100000	100000	100000	100001
2	7	B	40000	0	100	100	100000	100000	100000	100000	100000	100000	100000	100000	100001
3	0	G	40000	841	99.159	76.7475	99159	18138	288	2	0	16775	401	672	17554
3	0	A	40000	1432	98.568	96.608	98568	1960	205	0	0	1084	27	644	1422
3	0	B	40000	26935	73.065	56.887	73065	16178	83	2	0	15691	374	28	16132
3	0	cSpy was 9 spamed and the readout avoided!
3	1	G	40000	0	100	100	100000	200000	200000	200000	200000	200000	200000	200000	200002
3	1	A	40000	0	100	100	100000	100000	100000	100000	100000	100000	100000	100000	100001
3	1	B	40000	0	100	100	100000	100000	100000	100000	100000	100000	100000	100000	100001
3	2	G	40000	99655	0.344998	0.001	345	688	0	0	0	688	0	0	690
3	2	A	40000	99655	0.344998	0.001	345	344	0	0	0	344	0	0	345
3	2	B	40000	99655	0.344998	0.001	345	344	0	0	0	344	0	0	345
3	3	G	40000	100000	0	0	0	0	0	0	0	0	0	0	2
3	3	A	40000	100000	0	0	0	0	0	0	0	0	0	0	1
3	3	B	40000	100000	0	0	0	0	0	0	0	0	0	0	1
3	4	G	40000	86453	13.547	7.811	13547	9499	97	0	0	9314	15	73	9374
3	4	A	40000	87420	12.58	7.799	12580	4781	48	0	0	4677	2	54	4694
3	4	B	40000	87459	12.541	7.823	12541	4718	49	0	0	4637	13	19	4680
3	5	G	40000	0	100	100	100000	200000	200000	200000	200000	200000	200000	200000	200002
3	5	A	40000	0	100	100	100000	100000	100000	100000	100000	100000	100000	100000	100001
3	5	B	40000	0	100	100	100000	100000	100000	100000	100000	100000	100000	100000	100001
3	6	G	40000	48727	51.273	25.0475	51273	38147	51	7	0	34997	2908	184	38038
3	6	A	40000	55291	44.709	25.017	44709	19692	22	2	0	17376	2130	162	19601
3	6	B	40000	56467	43.533	25.078	43533	18455	29	5	0	17621	778	22	18437
3	6	cSpy was 12 spamed and the readout avoided!
3	7	G	40000	100000	0	0	0	0	0	0	0	0	0	0	2
3	7	A	40000	100000	0	0	0	0	0	0	0	0	0	0	1
3	7	B	40000	100000	0	0	0	0	0	0	0	0	0	0	1
4	0	G	40000	794	99.206	68.6875	99206	19630	148	0	0	16971	2219	292	19358
4	0	A	40000	1239	98.761	97.307	98761	1454	81	0	0	732	384	257	1235
4	0	B	40000	41756	58.244	40.068	58244	18176	67	0	0	16239	1835	35	18123
4	0	cSpy was 8 spamed and the readout avoided!
4	1	G	40000	100000	0	0	0	0	0	0	0	0	0	0	2
4	1	A	40000	100000	0	0	0	0	0	0	0	0	0	0	1
4	1	B	40000	100000	0	0	0	0	0	0	0	0	0	0	1
4	2	G	40000	100000	0	0	0	0	0	0	0	0	0	0	2
4	2	A	40000	100000	0	0	0	0	0	0	0	0	0	0	1
4	2	B	40000	100000	0	0	0	0	0	0	0	0	0	0	1
4	3	G	40000	24190	75.81	54.142	75810	34962	710	0	0	33614	103	535	34018
4	3	A	40000	28142	71.858	54.37	71858	17488	344	0	0	16764	1	379	16856
4	3	B	40000	28612	71.388	53.914	71388	17474	366	0	0	16850	102	156	17162
4	3	cSpy was 7 spamed and the readout avoided!
4	4	G	40000	4135	95.865	83.784	95865	16181	302	37	1	14165	1191	485	15702
4	4	A	40000	7814	92.186	84.233	92186	7953	167	21	0	6761	590	414	7588
4	4	B	40000	8437	91.563	83.335	91563	8228	135	16	1	7404	601	71	8114
4	4	cSpy was 40 spamed and the readout avoided!
4	5	G	40000	100000	0	0	0	0	0	0	0	0	0	0	2
4	5	A	40000	100000	0	0	0	0	0	0	0	0	0	0	1
4	5	B	40000	100000	0	0	0	0	0	0	0	0	0	0	1
4	6	G	40000	100000	0	0	0	0	0	0	0	0	0	0	2
4	6	A	40000	100000	0	0	0	0	0	0	0	0	0	0	1
4	6	B	40000	100000	0	0	0	0	0	0	0	0	0	0	1
4	7	G	40000	33860	66.14	43.6365	66140	35430	200	0	0	35006	5	219	35196
4	7	A	40000	38600	61.4	43.73	61400	17670	96	0	0	17397	3	174	17497
4	7	B	40000	38697	61.303	43.543	61303	17760	104	0	0	17609	2	45	17699
4	7	cSpy was 3 spamed and the readout avoided!
5	0	G	40000	497	99.503	56.98	99503	14918	125	0	0	13858	95	840	14386
5	0	A	40000	608	99.392	98.251	99392	1141	125	0	0	91	85	840	608
5	0	B	40000	70514	29.486	15.709	29486	13777	0	0	0	13767	10	0	13778
5	0	cSpy was 63 spamed and the readout avoided!
5	1	G	40000	52784	47.216	26.296	47216	32269	74	0	0	32090	2	103	32189
5	1	A	40000	57589	42.411	26.441	42411	15970	36	0	0	15840	2	92	15908
5	1	B	40000	57550	42.45	26.151	42450	16299	38	0	0	16250	0	11	16281
5	1	cSpy was 3 spamed and the readout avoided!
5	2	G	40000	13	99.987	98.9725	99987	1243	42	0	0	466	263	472	812
5	2	A	40000	30	99.97	99.638	99970	332	0	0	0	0	0	332	30
5	2	B	40000	782	99.218	98.307	99218	911	42	0	0	466	263	140	782
5	2	cSpy was 21 spamed and the readout avoided!
5	3	G	40000	98165	1.835	0.006	1835	3651	0	0	0	3645	6	0	3653
5	3	A	40000	98166	1.834	0.006	1834	1828	0	0	0	1823	5	0	1829
5	3	B	40000	98171	1.829	0.006	1829	1823	0	0	0	1822	1	0	1824
5	4	G	40000	100000	0	0	0	0	0	0	0	0	0	0	2
5	4	A	40000	100000	0	0	0	0	0	0	0	0	0	0	1
5	4	B	40000	100000	0	0	0	0	0	0	0	0	0	0	1
5	5	G	40000	96497	3.503	0.5195	3503	5642	0	0	0	5642	0	0	5644
5	5	A	40000	96623	3.377	0.561	3377	2816	0	0	0	2816	0	0	2817
5	5	B	40000	96696	3.304	0.478	3304	2826	0	0	0	2826	0	0	2827
5	6	G	40000	40	99.96	98.0775	99960	2106	190	0	0	792	752	372	1732
5	6	A	40000	108	99.892	99.637	99892	255	3	0	0	51	7	194	107
5	6	B	40000	1631	98.369	96.518	98369	1851	187	0	0	741	745	178	1625
5	6	cSpy was 74 spamed and the readout avoided!
5	7	G	40000	29519	70.481	18.795	70481	66236	15	17	0	58571	7484	149	66166
5	7	A	40000	46769	53.231	20.824	53231	32407	15	17	0	27719	4507	149	32336
5	7	B	40000	49405	50.595	16.766	50595	33829	0	0	0	30852	2977	0	33830
5	7	cSpy was 3 spamed and the readout avoided!
6	0	G	40000	437	99.563	96.6305	99563	3676	360	3	0	1769	940	604	3056
6	0	A	40000	1119	98.881	97.322	98881	1559	172	1	0	252	636	498	1119
6	0	B	40000	1944	98.056	95.939	98056	2117	188	2	0	1517	304	106	1937
6	0	cSpy was 85 spamed and the readout avoided!
6	1	G	40000	14420	85.58	45.6765	85580	51913	4	1	0	46130	5510	268	51779
6	1	A	40000	26894	73.106	48.387	73106	24719	1	1	0	21458	2993	266	24586
6	1	B	40000	29840	70.16	42.966	70160	27194	3	0	0	24672	2517	2	27193
6	1	cSpy was 3 spamed and the readout avoided!
6	2	G	40000	100000	0	0	0	0	0	0	0	0	0	0	2
6	2	A	40000	100000	0	0	0	0	0	0	0	0	0	0	1
6	2	B	40000	100000	0	0	0	0	0	0	0	0	0	0	1
6	3	G	40000	100000	0	0	0	0	0	0	0	0	0	0	2
6	3	A	40000	100000	0	0	0	0	0	0	0	0	0	0	1
6	3	B	40000	100000	0	0	0	0	0	0	0	0	0	0	1
6	4	G	40000	20512	79.488	58.637	79488	34263	818	0	0	32687	165	593	33185
6	4	A	40000	23938	76.062	58.92	76062	17142	394	0	0	16323	0	425	16415
6	4	B	40000	24525	75.475	58.354	75475	17121	424	0	0	16364	165	168	16770
6	4	cSpy was 8 spamed and the readout avoided!
6	5	G	40000	5048	94.952	79.5375	94952	20049	168	5	0	17690	1339	849	19503
6	5	A	40000	9773	90.227	80.666	90227	9561	27	1	0	8188	590	755	9137
6	5	B	40000	11103	88.897	78.409	88897	10488	141	4	0	9502	749	94	10366
6	5	cSpy was 30 spamed and the readout avoided!
6	6	G	40000	100000	0	0	0	0	0	0	0	0	0	0	2
6	6	A	40000	100000	0	0	0	0	0	0	0	0	0	0	1
6	6	B	40000	100000	0	0	0	0	0	0	0	0	0	0	1
6	7	G	40000	100000	0	0	0	0	0	0	0	0	0	0	2
6	7	A	40000	100000	0	0	0	0	0	0	0	0	0	0	1
6	7	B	40000	100000	0	0	0	0	0	0	0	0	0	0	1
7	0	G	40000	2020	97.98	48.1225	97980	4690	203	0	0	3842	107	538	4215
7	0	A	40000	2075	97.925	95.398	97925	2527	203	0	0	1708	78	538	2051
7	0	B	40000	96990	3.01	0.847	3010	2163	0	0	0	2134	29	0	2164
7	0	cSpy was 2 spamed and the readout avoided!
7	1	G	40000	100000	0	0	0	0	0	0	0	0	0	0	2
7	1	A	40000	100000	0	0	0	0	0	0	0	0	0	0	1
7	1	B	40000	100000	0	0	0	0	0	0	0	0	0	0	1
7	2	G	40000	95239	4.761	0.751	4761	6968	1	1	0	6908	46	12	6969
7	2	A	40000	95679	4.321	0.842	4321	3479	1	1	0	3427	38	12	3479
7	2	B	40000	95851	4.149	0.66	4149	3489	0	0	0	3481	8	0	3490
7	3	G	40000	0	100	100	100000	200000	200000	200000	200000	200000	200000	200000	200002
7	3	A	40000	0	100	100	100000	100000	100000	100000	100000	100000	100000	100000	100001
7	3	B	40000	0	100	100	100000	100000	100000	100000	100000	100000	100000	100000	100001
7	4	G	40000	62028	37.972	10.3595	37972	39448	1	1	0	35340	4017	89	39411
7	4	A	40000	68692	31.308	11.584	31308	19724	1	1	0	16963	2670	89	19686
7	4	B	40000	71141	28.859	9.135	28859	19724	0	0	0	18377	1347	0	19725
7	4	cSpy was 4 spamed and the readout avoided!
7	5	G	40000	100000	0	0	0	0	0	0	0	0	0	0	2
7	5	A	40000	100000	0	0	0	0	0	0	0	0	0	0	1
7	5	B	40000	100000	0	0	0	0	0	0	0	0	0	0	1
7	6	G	40000	99120	0.880003	0.091	880	1424	0	0	0	1408	12	4	1426
7	6	A	40000	99183	0.817001	0.105	817	712	0	0	0	698	10	4	713
7	6	B	40000	99211	0.788999	0.077	789	712	0	0	0	710	2	0	713
7	7	G	40000	53980	46.02	20.201	46020	38156	33	28	0	36946	997	152	38087
7	7	A	40000	59992	40.008	20.743	40008	19265	31	28	0	18631	423	152	19197
7	7	B	40000	61450	38.55	19.659	38550	18891	2	0	0	18315	574	0	18890
7	7	cSpy was 8 spamed and the readout avoided!
