#the gain was set to: 2	the bias was set to: 30
#Sent triggers per delay setting: 100000	and with a frequency [Hz] of: 40000
#160MHz delay setting	400MHz delay setting	Frequency	correct transmitted H+T		error rate [%]	uncertainty [%]	bad or missed events	error count	missing headers	missing trailers	flipped H/T	event nr errors	tbm missed trigger	unknown errors	event nr resets
0	0	G	40000	433	99.567	72.4325	99567	19090	105	0	0	18072	289	624	18575
0	0	A	40000	622	99.378	98.253	99378	1125	86	0	0	168	261	610	622
0	0	B	40000	35423	64.577	46.612	64577	17965	19	0	0	17904	28	14	17953
0	0	cSpy was 26 spamed and the readout avoided!
0	1	G	40000	28787	71.213	52.196	71213	25218	378	0	0	23786	460	594	24929
0	1	A	40000	37624	62.376	51.63	62376	10746	200	0	0	10086	0	460	10545
0	1	B	40000	32766	67.234	52.762	67234	14472	178	0	0	13700	460	134	14384
0	2	G	40000	3630	96.37	81.9335	96370	17874	146	0	0	15149	2138	441	17539
0	2	A	40000	7314	92.686	85.442	92686	7244	72	0	0	5658	1099	415	6965
0	2	B	40000	10945	89.055	78.425	89055	10630	74	0	0	9491	1039	26	10574
0	2	cSpy was 18 spamed and the readout avoided!
0	3	G	40000	100000	0	0	0	0	0	0	0	0	0	0	2
0	3	A	40000	100000	0	0	0	0	0	0	0	0	0	0	1
0	3	B	40000	100000	0	0	0	0	0	0	0	0	0	0	1
0	4	G	40000	99943	0.0569999	0.01	57	84	0	0	0	84	0	0	86
0	4	A	40000	99953	0.0469983	0.01	47	37	0	0	0	37	0	0	38
0	4	B	40000	99943	0.0569999	0.01	57	47	0	0	0	47	0	0	48
0	5	G	40000	47766	52.234	30.691	52234	30661	20	0	0	30303	79	259	30626
0	5	A	40000	55742	44.258	30.258	44258	14000	13	0	0	13704	32	251	13964
0	5	B	40000	52215	47.785	31.124	47785	16661	7	0	0	16599	47	8	16662
0	6	G	40000	2279	97.721	89.8505	97721	10159	287	16	0	7609	1896	351	9753
0	6	A	40000	4845	95.155	90.276	95155	4879	134	0	0	3286	1199	260	4617
0	6	B	40000	5295	94.705	89.425	94705	5280	153	16	0	4323	697	91	5136
0	6	cSpy was 18 spamed and the readout avoided!
0	7	G	40000	74136	25.864	7.917	25864	19284	7	0	0	16272	2988	17	19273
0	7	A	40000	85754	14.246	2.836	14246	11410	0	0	0	9380	2014	16	11405
0	7	B	40000	79128	20.872	12.998	20872	7874	7	0	0	6892	974	1	7868
1	0	G	40000	321	99.679	97.369	99679	2804	167	0	0	1752	481	404	2438
1	0	A	40000	1211	98.789	97.279	98789	1510	117	0	0	893	140	360	1196
1	0	B	40000	1247	98.753	97.459	98753	1294	50	0	0	859	341	44	1242
1	0	cSpy was 23 spamed and the readout avoided!
1	1	G	40000	71471	28.529	11.9355	28529	19658	11	0	0	16483	3136	28	19643
1	1	A	40000	81162	18.838	6.203	18838	12635	0	0	0	10043	2581	11	12631
1	1	B	40000	75309	24.691	17.668	24691	7023	11	0	0	6440	555	17	7012
1	2	G	40000	100000	0	0	0	0	0	0	0	0	0	0	2
1	2	A	40000	100000	0	0	0	0	0	0	0	0	0	0	1
1	2	B	40000	100000	0	0	0	0	0	0	0	0	0	0	1
1	3	G	40000	98158	1.842	0.292	1842	2798	0	0	0	2796	2	0	2800
1	3	A	40000	98362	1.638	0.257	1638	1381	0	0	0	1381	0	0	1382
1	3	B	40000	98256	1.744	0.327	1744	1417	0	0	0	1415	2	0	1418
1	4	G	40000	440	99.56	97.33	99560	2805	179	0	0	1182	1183	261	2507
1	4	A	40000	1645	98.355	96.646	98355	1709	69	0	0	640	926	74	1618
1	4	B	40000	890	99.11	98.014	99110	1096	110	0	0	542	257	187	889
1	4	cSpy was 26 spamed and the readout avoided!
1	5	G	40000	70385	29.615	5.9735	29615	23289	0	0	0	20721	2568	0	23291
1	5	A	40000	85906	14.094	2.097	14094	11997	0	0	0	10657	1340	0	11998
1	5	B	40000	78858	21.142	9.85	21142	11292	0	0	0	10064	1228	0	11293
1	6	G	40000	100000	0	0	0	0	0	0	0	0	0	0	2
1	6	A	40000	100000	0	0	0	0	0	0	0	0	0	0	1
1	6	B	40000	100000	0	0	0	0	0	0	0	0	0	0	1
1	7	G	40000	99997	0.00299811	0	3	6	0	0	0	6	0	0	8
1	7	A	40000	99997	0.00299811	0	3	3	0	0	0	3	0	0	4
1	7	B	40000	99997	0.00299811	0	3	3	0	0	0	3	0	0	4
2	0	G	40000	2334	97.666	48.3745	97666	3987	38	1	0	3781	88	79	3910
2	0	A	40000	2359	97.641	95.242	97641	2399	38	1	0	2193	88	79	2321
2	0	B	40000	96905	3.095	1.507	3095	1588	0	0	0	1588	0	0	1589
2	1	G	40000	100000	0	0	0	0	0	0	0	0	0	0	2
2	1	A	40000	100000	0	0	0	0	0	0	0	0	0	0	1
2	1	B	40000	100000	0	0	0	0	0	0	0	0	0	0	1
2	2	G	40000	25450	74.55	53.1825	74550	26573	865	2	0	23550	1410	746	25794
2	2	A	40000	36667	63.333	51.306	63333	12027	481	2	0	10524	544	476	11551
2	2	B	40000	30395	69.605	55.059	69605	14546	384	0	0	13026	866	270	14243
2	3	G	40000	10795	89.205	69.9425	89205	23196	272	0	0	20220	2406	298	22822
2	3	A	40000	21850	78.15	63.201	78150	14949	70	0	0	12863	1842	174	14794
2	3	B	40000	15069	84.931	76.684	84931	8247	202	0	0	7357	564	124	8028
2	3	cSpy was 85 spamed and the readout avoided!
2	4	G	40000	100000	0	0	0	0	0	0	0	0	0	0	2
2	4	A	40000	100000	0	0	0	0	0	0	0	0	0	0	1
2	4	B	40000	100000	0	0	0	0	0	0	0	0	0	0	1
2	5	G	40000	100000	0	0	0	0	0	0	0	0	0	0	2
2	5	A	40000	100000	0	0	0	0	0	0	0	0	0	0	1
2	5	B	40000	100000	0	0	0	0	0	0	0	0	0	0	1
2	6	G	40000	28334	71.666	48.82	71666	26609	210	0	0	24866	1018	515	26449
2	6	A	40000	41589	58.411	46.656	58411	11755	136	0	0	10394	771	454	11622
2	6	B	40000	34162	65.838	50.984	65838	14854	74	0	0	14472	247	61	14827
2	6	cSpy was 1 spamed and the readout avoided!
2	7	G	40000	0	100	100	100000	200000	200000	200000	200000	200000	200000	200000	200002
2	7	A	40000	0	100	100	100000	100000	100000	100000	100000	100000	100000	100000	100001
2	7	B	40000	0	100	100	100000	100000	100000	100000	100000	100000	100000	100000	100001
3	0	G	40000	770	99.23	79.1835	99230	18029	260	3	0	16683	422	661	17434
3	0	A	40000	1382	98.618	96.719	98618	1899	182	0	0	1064	24	629	1367
3	0	B	40000	22222	77.778	61.648	77778	16130	78	3	0	15619	398	32	16067
3	0	cSpy was 11 spamed and the readout avoided!
3	1	G	40000	0	100	100	100000	200000	200000	200000	200000	200000	200000	200000	200002
3	1	A	40000	0	100	100	100000	100000	100000	100000	100000	100000	100000	100000	100001
3	1	B	40000	0	100	100	100000	100000	100000	100000	100000	100000	100000	100000	100001
3	2	G	40000	80690	19.31	4.6255	19310	19593	4	3	0	17934	1636	16	19586
3	2	A	40000	85567	14.433	4.528	14433	9905	3	0	0	8607	1280	15	9900
3	2	B	40000	85589	14.411	4.723	14411	9688	1	3	0	9327	356	1	9686
3	2	cSpy was 3 spamed and the readout avoided!
3	3	G	40000	100000	0	0	0	0	0	0	0	0	0	0	2
3	3	A	40000	100000	0	0	0	0	0	0	0	0	0	0	1
3	3	B	40000	100000	0	0	0	0	0	0	0	0	0	0	1
3	4	G	40000	94413	5.587	1.005	5587	8373	0	0	0	8366	6	1	8375
3	4	A	40000	94865	5.135	0.931	5135	4204	0	0	0	4197	6	1	4205
3	4	B	40000	94752	5.248	1.079	5248	4169	0	0	0	4169	0	0	4170
3	5	G	40000	0	100	100	100000	200000	200000	200000	200000	200000	200000	200000	200002
3	5	A	40000	0	100	100	100000	100000	100000	100000	100000	100000	100000	100000	100001
3	5	B	40000	0	100	100	100000	100000	100000	100000	100000	100000	100000	100000	100001
3	6	G	40000	54197	45.803	32.381	45803	21035	64	6	0	19279	1548	138	20908
3	6	A	40000	56372	43.628	32.787	43628	10841	2	0	0	9562	1241	36	10812
3	6	B	40000	57831	42.169	31.975	42169	10194	62	6	0	9717	307	102	10096
3	6	cSpy was 78 spamed and the readout avoided!
3	7	G	40000	100000	0	0	0	0	0	0	0	0	0	0	2
3	7	A	40000	100000	0	0	0	0	0	0	0	0	0	0	1
3	7	B	40000	100000	0	0	0	0	0	0	0	0	0	0	1
4	0	G	40000	0	100	100	100000	200000	200000	200000	200000	200000	200000	200000	200002
4	0	A	40000	0	100	100	100000	100000	100000	100000	100000	100000	100000	100000	100001
4	0	B	40000	0	100	100	100000	100000	100000	100000	100000	100000	100000	100000	100001
4	1	G	40000	100000	0	0	0	0	0	0	0	0	0	0	2
4	1	A	40000	100000	0	0	0	0	0	0	0	0	0	0	1
4	1	B	40000	100000	0	0	0	0	0	0	0	0	0	0	1
4	2	G	40000	100000	0	0	0	0	0	0	0	0	0	0	2
4	2	A	40000	100000	0	0	0	0	0	0	0	0	0	0	1
4	2	B	40000	100000	0	0	0	0	0	0	0	0	0	0	1
4	3	G	40000	23434	76.566	54.528	76566	35017	669	1	0	33738	102	507	34135
4	3	A	40000	27727	72.273	54.753	72273	17520	326	1	0	16823	2	368	16923
4	3	B	40000	28200	71.8	54.303	71800	17497	343	0	0	16915	100	139	17212
4	3	cSpy was 6 spamed and the readout avoided!
4	4	G	40000	9289	90.711	66.1555	90711	32474	113	17	0	29027	2923	395	32191
4	4	A	40000	17290	82.71	66.647	82710	16063	67	9	0	14010	1622	356	15830
4	4	B	40000	17925	82.075	65.664	82075	16411	46	8	0	15017	1301	39	16361
4	4	cSpy was 22 spamed and the readout avoided!
4	5	G	40000	100000	0	0	0	0	0	0	0	0	0	0	2
4	5	A	40000	100000	0	0	0	0	0	0	0	0	0	0	1
4	5	B	40000	100000	0	0	0	0	0	0	0	0	0	0	1
4	6	G	40000	100000	0	0	0	0	0	0	0	0	0	0	2
4	6	A	40000	100000	0	0	0	0	0	0	0	0	0	0	1
4	6	B	40000	100000	0	0	0	0	0	0	0	0	0	0	1
4	7	G	40000	26734	73.266	49.932	73266	36830	296	0	0	36257	7	270	36484
4	7	A	40000	31566	68.434	50.035	68434	18399	143	0	0	18045	1	210	18144
4	7	B	40000	31740	68.26	49.829	68260	18431	153	0	0	18212	6	60	18340
4	7	cSpy was 4 spamed and the readout avoided!
5	0	G	40000	499	99.501	56.8565	99501	14840	136	0	0	13756	115	833	14295
5	0	A	40000	610	99.39	98.234	99390	1156	136	0	0	83	104	833	610
5	0	B	40000	70837	29.163	15.479	29163	13684	0	0	0	13673	11	0	13685
5	0	cSpy was 54 spamed and the readout avoided!
5	1	G	40000	58258	41.742	19.889	41742	33487	14	0	0	33422	4	47	33468
5	1	A	40000	63378	36.622	20.101	36622	16521	7	0	0	16463	4	47	16501
5	1	B	40000	63357	36.643	19.677	36643	16966	7	0	0	16959	0	0	16967
5	1	cSpy was 4 spamed and the readout avoided!
5	2	G	40000	23	99.977	98.885	99977	1357	37	0	0	531	229	560	871
5	2	A	40000	52	99.948	99.496	99948	452	1	0	0	1	2	448	52
5	2	B	40000	821	99.179	98.274	99179	905	36	0	0	530	227	112	819
5	2	cSpy was 18 spamed and the readout avoided!
5	3	G	40000	98426	1.574	0.004	1574	3136	0	0	0	3132	4	0	3138
5	3	A	40000	98426	1.574	0.004	1574	1570	0	0	0	1566	4	0	1571
5	3	B	40000	98430	1.57	0.004	1570	1566	0	0	0	1566	0	0	1567
5	4	G	40000	100000	0	0	0	0	0	0	0	0	0	0	2
5	4	A	40000	100000	0	0	0	0	0	0	0	0	0	0	1
5	4	B	40000	100000	0	0	0	0	0	0	0	0	0	0	1
5	5	G	40000	93580	6.42	2.324	6420	6872	0	0	0	6864	2	6	6873
5	5	A	40000	94211	5.789	2.383	5789	3406	0	0	0	3398	2	6	3406
5	5	B	40000	94269	5.731	2.265	5731	3466	0	0	0	3466	0	0	3467
5	6	G	40000	0	100	100	100000	200000	200000	200000	200000	200000	200000	200000	200002
5	6	A	40000	0	100	100	100000	100000	100000	100000	100000	100000	100000	100000	100001
5	6	B	40000	0	100	100	100000	100000	100000	100000	100000	100000	100000	100000	100001
5	7	G	40000	26782	73.218	27.962	73218	57971	11	25	0	51358	6438	139	57914
5	7	A	40000	41926	58.074	29.65	58074	28424	11	25	0	24373	3876	139	28367
5	7	B	40000	44179	55.821	26.274	55821	29547	0	0	0	26985	2562	0	29547
5	7	cSpy was 1 spamed and the readout avoided!
6	0	G	40000	431	99.569	96.7985	99569	3497	346	2	0	1676	896	577	2895
6	0	A	40000	1043	98.957	97.442	98957	1515	191	0	0	215	607	502	1043
6	0	B	40000	1863	98.137	96.155	98137	1982	155	2	0	1461	289	75	1852
6	0	cSpy was 61 spamed and the readout avoided!
6	1	G	40000	12519	87.481	52.269	87481	45841	32	1	0	40526	4777	505	45528
6	1	A	40000	23502	76.498	54.541	76498	21957	21	0	0	18821	2630	485	21661
6	1	B	40000	26119	73.881	49.997	73881	23884	11	1	0	21705	2147	20	23867
6	1	cSpy was 55 spamed and the readout avoided!
6	2	G	40000	100000	0	0	0	0	0	0	0	0	0	0	2
6	2	A	40000	100000	0	0	0	0	0	0	0	0	0	0	1
6	2	B	40000	100000	0	0	0	0	0	0	0	0	0	0	1
6	3	G	40000	100000	0	0	0	0	0	0	0	0	0	0	2
6	3	A	40000	100000	0	0	0	0	0	0	0	0	0	0	1
6	3	B	40000	100000	0	0	0	0	0	0	0	0	0	0	1
6	4	G	40000	26780	73.22	52.4	73220	33033	688	0	0	31722	109	514	32120
6	4	A	40000	30809	69.191	52.677	69191	16514	336	0	0	15809	0	369	15898
6	4	B	40000	31358	68.642	52.123	68642	16519	352	0	0	15913	109	145	16222
6	4	cSpy was 6 spamed and the readout avoided!
6	5	G	40000	3915	96.085	83.3625	96085	16607	135	9	1	14659	1101	702	16168
6	5	A	40000	7797	92.203	84.274	92203	7929	17	1	0	6803	489	619	7600
6	5	B	40000	8871	91.129	82.451	91129	8678	118	8	1	7856	612	83	8568
6	5	cSpy was 26 spamed and the readout avoided!
6	6	G	40000	100000	0	0	0	0	0	0	0	0	0	0	2
6	6	A	40000	100000	0	0	0	0	0	0	0	0	0	0	1
6	6	B	40000	100000	0	0	0	0	0	0	0	0	0	0	1
6	7	G	40000	100000	0	0	0	0	0	0	0	0	0	0	2
6	7	A	40000	100000	0	0	0	0	0	0	0	0	0	0	1
6	7	B	40000	100000	0	0	0	0	0	0	0	0	0	0	1
7	0	G	40000	2057	97.943	47.911	97943	3475	218	0	0	2632	64	561	2946
7	0	A	40000	2074	97.926	95.353	97926	2573	218	0	0	1730	64	561	2043
7	0	B	40000	98629	1.371	0.469	1371	902	0	0	0	902	0	0	903
7	0	cSpy was 1 spamed and the readout avoided!
7	1	G	40000	100000	0	0	0	0	0	0	0	0	0	0	2
7	1	A	40000	100000	0	0	0	0	0	0	0	0	0	0	1
7	1	B	40000	100000	0	0	0	0	0	0	0	0	0	0	1
7	2	G	40000	96837	3.163	0.6215	3163	4168	1	3	0	4137	21	6	4169
7	2	A	40000	97231	2.769	0.689	2769	2080	1	3	0	2060	10	6	2080
7	2	B	40000	97358	2.642	0.554	2642	2088	0	0	0	2077	11	0	2089
7	3	G	40000	0	100	100	100000	200000	200000	200000	200000	200000	200000	200000	200002
7	3	A	40000	0	100	100	100000	100000	100000	100000	100000	100000	100000	100000	100001
7	3	B	40000	0	100	100	100000	100000	100000	100000	100000	100000	100000	100000	100001
7	4	G	40000	85220	14.78	2.4745	14780	22258	0	0	0	20631	1602	25	22255
7	4	A	40000	85516	14.484	2.476	14484	12008	0	0	0	10590	1393	25	12004
7	4	B	40000	87277	12.723	2.473	12723	10250	0	0	0	10041	209	0	10251
7	5	G	40000	100000	0	0	0	0	0	0	0	0	0	0	2
7	5	A	40000	100000	0	0	0	0	0	0	0	0	0	0	1
7	5	B	40000	100000	0	0	0	0	0	0	0	0	0	0	1
7	6	G	40000	97948	2.052	0.597	2052	1980	5	1	0	1956	12	6	1980
7	6	A	40000	98361	1.639	0.657	1639	982	5	1	0	966	4	6	981
7	6	B	40000	98465	1.535	0.537	1535	998	0	0	0	990	8	0	999
7	6	cSpy was 1 spamed and the readout avoided!
7	7	G	40000	48096	51.904	24.0615	51904	43309	3	1	0	41915	1224	166	43245
7	7	A	40000	53692	46.308	24.411	46308	21897	1	1	0	21183	546	166	21833
7	7	B	40000	54876	45.124	23.712	45124	21412	2	0	0	20732	678	0	21412
7	7	cSpy was 7 spamed and the readout avoided!
