#the gain was set to: 2	the bias was set to: 30
#Sent triggers per delay setting: 100000	and with a frequency [Hz] of: 40000
#160MHz delay setting	400MHz delay setting	Frequency	correct transmitted H+T		error rate [%]	uncertainty [%]	bad or missed events	error count	missing headers	missing trailers	flipped H/T	event nr errors	tbm missed trigger	unknown errors	event nr resets
0	0	G	40000	432	99.568	71.829	99568	19151	111	0	0	18091	304	645	18599
0	0	A	40000	644	99.356	98.173	99356	1183	90	0	0	207	256	630	644
0	0	B	40000	36547	63.453	45.485	63453	17968	21	0	0	17884	48	15	17955
0	0	cSpy was 32 spamed and the readout avoided!
0	1	G	40000	36047	63.953	46.778	63953	23133	429	0	0	21644	509	551	22799
0	1	A	40000	43829	56.171	46.297	56171	9874	223	0	0	9244	0	407	9654
0	1	B	40000	39482	60.518	47.259	60518	13259	206	0	0	12400	509	144	13145
0	2	G	40000	4601	95.399	79.499	95399	20262	66	0	0	17489	2383	324	20036
0	2	A	40000	9385	90.615	81.398	90615	9217	36	0	0	7486	1383	312	9014
0	2	B	40000	11355	88.645	77.6	88645	11045	30	0	0	10003	1000	12	11022
0	2	cSpy was 2 spamed and the readout avoided!
0	3	G	40000	100000	0	0	0	0	0	0	0	0	0	0	2
0	3	A	40000	100000	0	0	0	0	0	0	0	0	0	0	1
0	3	B	40000	100000	0	0	0	0	0	0	0	0	0	0	1
0	4	G	40000	100000	0	0	0	0	0	0	0	0	0	0	2
0	4	A	40000	100000	0	0	0	0	0	0	0	0	0	0	1
0	4	B	40000	100000	0	0	0	0	0	0	0	0	0	0	1
0	5	G	40000	41761	58.239	36.879	58239	29951	16	0	0	29498	136	301	29914
0	5	A	40000	50081	49.919	36.412	49919	13507	13	0	0	13151	45	298	13470
0	5	B	40000	46210	53.79	37.346	53790	16444	3	0	0	16347	91	3	16444
0	6	G	40000	2490	97.51	88.671	97510	11298	240	6	0	8775	1891	386	10915
0	6	A	40000	4864	95.136	90.23	95136	4906	114	0	0	3385	1088	319	4631
0	6	B	40000	6496	93.504	87.112	93504	6392	126	6	0	5390	803	67	6284
0	6	cSpy was 9 spamed and the readout avoided!
0	7	G	40000	72429	27.571	14.301	27571	15944	37	6	0	13338	2530	33	15903
0	7	A	40000	79936	20.064	10.12	20064	9944	2	0	0	8080	1846	16	9933
0	7	B	40000	75518	24.482	18.482	24482	6000	35	6	0	5258	684	17	5970
0	7	cSpy was 4 spamed and the readout avoided!
1	0	G	40000	403	99.597	96.9445	99597	3271	245	0	0	2048	566	412	2814
1	0	A	40000	1560	98.44	96.532	98440	1908	174	0	0	1153	228	353	1536
1	0	B	40000	1280	98.72	97.357	98720	1363	71	0	0	895	338	59	1278
1	0	cSpy was 23 spamed and the readout avoided!
1	1	G	40000	72267	27.733	13.644	27733	16760	19	1	0	14005	2703	32	16730
1	1	A	40000	80448	19.552	9.06	19552	10492	0	0	0	8475	1999	18	10480
1	1	B	40000	75504	24.496	18.228	24496	6268	19	1	0	5530	704	14	6250
1	1	cSpy was 3 spamed and the readout avoided!
1	2	G	40000	100000	0	0	0	0	0	0	0	0	0	0	2
1	2	A	40000	100000	0	0	0	0	0	0	0	0	0	0	1
1	2	B	40000	100000	0	0	0	0	0	0	0	0	0	0	1
1	3	G	40000	97074	2.926	0.5545	2926	4351	0	0	0	4343	6	2	4352
1	3	A	40000	97373	2.627	0.53	2627	2097	0	0	0	2089	6	2	2097
1	3	B	40000	97167	2.833	0.579	2833	2254	0	0	0	2254	0	0	2255
1	4	G	40000	623	99.377	96.595	99377	3584	279	1	0	1934	1016	354	3160
1	4	A	40000	1953	98.047	96.007	98047	2040	87	0	0	1015	818	120	1893
1	4	B	40000	1273	98.727	97.183	98727	1544	192	1	0	919	198	234	1267
1	4	cSpy was 23 spamed and the readout avoided!
1	5	G	40000	77240	22.76	4.866	22760	18001	1	0	0	15733	2253	14	18002
1	5	A	40000	88777	11.223	2.283	11223	8940	0	0	0	7922	1004	14	8941
1	5	B	40000	83490	16.51	7.449	16510	9061	1	0	0	7811	1249	0	9061
1	6	G	40000	100000	0	0	0	0	0	0	0	0	0	0	2
1	6	A	40000	100000	0	0	0	0	0	0	0	0	0	0	1
1	6	B	40000	100000	0	0	0	0	0	0	0	0	0	0	1
1	7	G	40000	99987	0.0129998	0	13	26	0	0	0	26	0	0	28
1	7	A	40000	99987	0.0129998	0	13	13	0	0	0	13	0	0	14
1	7	B	40000	99987	0.0129998	0	13	13	0	0	0	13	0	0	14
2	0	G	40000	2386	97.614	48.2685	97614	4028	54	1	0	3752	129	92	3928
2	0	A	40000	2421	97.579	95.084	97579	2495	54	1	0	2219	129	92	2394
2	0	B	40000	97014	2.986	1.453	2986	1533	0	0	0	1533	0	0	1534
2	1	G	40000	99669	0.331002	0.1025	331	334	0	0	0	331	1	2	336
2	1	A	40000	99743	0.256997	0.096	257	161	0	0	0	159	0	2	162
2	1	B	40000	99718	0.282001	0.109	282	173	0	0	0	172	1	0	174
2	2	G	40000	23539	76.461	53.057	76461	28334	869	11	0	25279	1400	775	27494
2	2	A	40000	36206	63.794	50.642	63794	13152	440	6	0	10888	1321	497	12683
2	2	B	40000	29346	70.654	55.472	70654	15182	429	5	0	14391	79	278	14811
2	3	G	40000	11280	88.72	70.496	88720	21536	272	2	0	18391	2640	231	21219
2	3	A	40000	21944	78.056	64.704	78056	13352	71	0	0	11196	1956	129	13223
2	3	B	40000	15528	84.472	76.288	84472	8184	201	2	0	7195	684	102	7996
2	3	cSpy was 94 spamed and the readout avoided!
2	4	G	40000	100000	0	0	0	0	0	0	0	0	0	0	2
2	4	A	40000	100000	0	0	0	0	0	0	0	0	0	0	1
2	4	B	40000	100000	0	0	0	0	0	0	0	0	0	0	1
2	5	G	40000	100000	0	0	0	0	0	0	0	0	0	0	2
2	5	A	40000	100000	0	0	0	0	0	0	0	0	0	0	1
2	5	B	40000	100000	0	0	0	0	0	0	0	0	0	0	1
2	6	G	40000	24591	75.409	51.3305	75409	28237	364	2	0	25695	1559	617	27893
2	6	A	40000	38354	61.646	48.592	61646	13054	196	2	0	10831	1555	470	12832
2	6	B	40000	30748	69.252	54.069	69252	15183	168	0	0	14864	4	147	15061
2	7	G	40000	0	100	100	100000	200000	200000	200000	200000	200000	200000	200000	200002
2	7	A	40000	0	100	100	100000	100000	100000	100000	100000	100000	100000	100000	100001
2	7	B	40000	0	100	100	100000	100000	100000	100000	100000	100000	100000	100000	100001
3	0	G	40000	819	99.181	80.285	99181	17560	274	3	0	16248	369	666	16998
3	0	A	40000	1447	98.553	96.608	98553	1945	192	0	0	1101	19	633	1433
3	0	B	40000	20423	79.577	63.962	79577	15615	82	3	0	15147	350	33	15565
3	0	cSpy was 15 spamed and the readout avoided!
3	1	G	40000	0	100	100	100000	200000	200000	200000	200000	200000	200000	200000	200002
3	1	A	40000	0	100	100	100000	100000	100000	100000	100000	100000	100000	100000	100001
3	1	B	40000	0	100	100	100000	100000	100000	100000	100000	100000	100000	100000	100001
3	2	G	40000	99834	0.165999	0	166	332	0	0	0	332	0	0	334
3	2	A	40000	99834	0.165999	0	166	166	0	0	0	166	0	0	167
3	2	B	40000	99834	0.165999	0	166	166	0	0	0	166	0	0	167
3	3	G	40000	100000	0	0	0	0	0	0	0	0	0	0	2
3	3	A	40000	100000	0	0	0	0	0	0	0	0	0	0	1
3	3	B	40000	100000	0	0	0	0	0	0	0	0	0	0	1
3	4	G	40000	91527	8.473	1.8305	8473	11852	0	0	0	11835	15	2	11854
3	4	A	40000	92302	7.698	1.733	7698	5965	0	0	0	5951	12	2	5966
3	4	B	40000	92185	7.815	1.928	7815	5887	0	0	0	5884	3	0	5888
3	5	G	40000	0	100	100	100000	200000	200000	200000	200000	200000	200000	200000	200002
3	5	A	40000	0	100	100	100000	100000	100000	100000	100000	100000	100000	100000	100001
3	5	B	40000	0	100	100	100000	100000	100000	100000	100000	100000	100000	100000	100001
3	6	G	40000	74664	25.336	6.6035	25336	31752	15	8	0	29901	1802	26	31737
3	6	A	40000	76710	23.29	6.554	23290	16736	5	0	0	15003	1720	8	16736
3	6	B	40000	78331	21.669	6.653	21669	15016	10	8	0	14898	82	18	15001
3	6	cSpy was 6 spamed and the readout avoided!
3	7	G	40000	100000	0	0	0	0	0	0	0	0	0	0	2
3	7	A	40000	100000	0	0	0	0	0	0	0	0	0	0	1
3	7	B	40000	100000	0	0	0	0	0	0	0	0	0	0	1
4	0	G	40000	0	100	100	100000	200000	200000	200000	200000	200000	200000	200000	200002
4	0	A	40000	0	100	100	100000	100000	100000	100000	100000	100000	100000	100000	100001
4	0	B	40000	0	100	100	100000	100000	100000	100000	100000	100000	100000	100000	100001
4	1	G	40000	100000	0	0	0	0	0	0	0	0	0	0	2
4	1	A	40000	100000	0	0	0	0	0	0	0	0	0	0	1
4	1	B	40000	100000	0	0	0	0	0	0	0	0	0	0	1
4	2	G	40000	97950	2.05	0.482	2050	2610	0	0	0	2609	0	1	2612
4	2	A	40000	98204	1.796	0.506	1796	1290	0	0	0	1289	0	1	1291
4	2	B	40000	98222	1.778	0.458	1778	1320	0	0	0	1320	0	0	1321
4	3	G	40000	23126	76.874	54.5485	76874	35221	651	1	0	33979	94	496	34366
4	3	A	40000	27605	72.395	54.785	72395	17610	322	1	0	16923	3	361	17029
4	3	B	40000	28077	71.923	54.312	71923	17611	329	0	0	17056	91	135	17337
4	3	cSpy was 9 spamed and the readout avoided!
4	4	G	40000	10529	89.471	63.2245	89471	34894	87	11	0	31270	3174	353	34656
4	4	A	40000	19133	80.867	63.588	80867	17279	41	8	0	15050	1864	316	17088
4	4	B	40000	19524	80.476	62.861	80476	17615	46	3	0	16220	1310	37	17568
4	4	cSpy was 14 spamed and the readout avoided!
4	5	G	40000	100000	0	0	0	0	0	0	0	0	0	0	2
4	5	A	40000	100000	0	0	0	0	0	0	0	0	0	0	1
4	5	B	40000	100000	0	0	0	0	0	0	0	0	0	0	1
4	6	G	40000	100000	0	0	0	0	0	0	0	0	0	0	2
4	6	A	40000	100000	0	0	0	0	0	0	0	0	0	0	1
4	6	B	40000	100000	0	0	0	0	0	0	0	0	0	0	1
4	7	G	40000	25198	74.802	52.0505	74802	35621	382	0	0	34895	24	320	35161
4	7	A	40000	30005	69.995	52.21	69995	17785	182	0	0	17362	1	240	17459
4	7	B	40000	30273	69.727	51.891	69727	17836	200	0	0	17533	23	80	17702
4	7	cSpy was 6 spamed and the readout avoided!
5	0	G	40000	515	99.485	56.8025	99485	14660	148	0	0	13571	103	838	14112
5	0	A	40000	621	99.379	98.209	99379	1170	148	0	0	88	97	837	621
5	0	B	40000	71114	28.886	15.396	28886	13490	0	0	0	13483	6	1	13491
5	0	cSpy was 56 spamed and the readout avoided!
5	1	G	40000	53056	46.944	23.6955	46944	35589	45	0	0	35460	2	82	35548
5	1	A	40000	58552	41.448	23.884	41448	17564	23	0	0	17457	2	82	17526
5	1	B	40000	58468	41.532	23.507	41532	18025	22	0	0	18003	0	0	18022
5	1	cSpy was 2 spamed and the readout avoided!
5	2	G	40000	22	99.978	98.8715	99978	1431	33	0	0	538	178	682	825
5	2	A	40000	64	99.936	99.375	99936	561	0	0	0	5	0	556	64
5	2	B	40000	762	99.238	98.368	99238	870	33	0	0	533	178	126	761
5	2	cSpy was 22 spamed and the readout avoided!
5	3	G	40000	98758	1.242	0	1242	2482	0	0	0	2481	1	0	2484
5	3	A	40000	98758	1.242	0	1242	1242	0	0	0	1241	1	0	1243
5	3	B	40000	98760	1.24	0	1240	1240	0	0	0	1240	0	0	1241
5	4	G	40000	100000	0	0	0	0	0	0	0	0	0	0	2
5	4	A	40000	100000	0	0	0	0	0	0	0	0	0	0	1
5	4	B	40000	100000	0	0	0	0	0	0	0	0	0	0	1
5	5	G	40000	90545	9.455	4.2785	9455	9009	10	0	0	8987	0	12	8998
5	5	A	40000	91178	8.822	4.345	8822	4477	5	0	0	4463	0	9	4469
5	5	B	40000	91256	8.744	4.212	8744	4532	5	0	0	4524	0	3	4529
5	5	cSpy was 1 spamed and the readout avoided!
5	6	G	40000	0	100	100	100000	200000	200000	200000	200000	200000	200000	200000	200002
5	6	A	40000	0	100	100	100000	100000	100000	100000	100000	100000	100000	100000	100001
5	6	B	40000	0	100	100	100000	100000	100000	100000	100000	100000	100000	100000	100001
5	7	G	40000	29876	70.124	26.5505	70124	55691	11	20	0	49637	5913	110	55631
5	7	A	40000	44436	55.564	27.902	55564	27662	11	20	0	23875	3646	110	27601
5	7	B	40000	46772	53.228	25.199	53228	28029	0	0	0	25762	2267	0	28030
5	7	cSpy was 4 spamed and the readout avoided!
6	0	G	40000	483	99.517	96.6255	99517	3636	296	4	0	1800	975	561	3102
6	0	A	40000	1111	98.889	97.367	98889	1522	149	1	0	193	678	501	1111
6	0	B	40000	2002	97.998	95.884	97998	2114	147	3	0	1607	297	60	1991
6	0	cSpy was 64 spamed and the readout avoided!
6	1	G	40000	14747	85.253	44.381	85253	52345	18	0	0	46208	5750	369	52147
6	1	A	40000	28169	71.831	46.754	71831	25077	17	0	0	21469	3225	366	24880
6	1	B	40000	30724	69.276	42.008	69276	27268	1	0	0	24739	2525	3	27267
6	1	cSpy was 88 spamed and the readout avoided!
6	2	G	40000	100000	0	0	0	0	0	0	0	0	0	0	2
6	2	A	40000	100000	0	0	0	0	0	0	0	0	0	0	1
6	2	B	40000	100000	0	0	0	0	0	0	0	0	0	0	1
6	3	G	40000	99947	0.0530005	0.0015	53	102	0	0	0	102	0	0	104
6	3	A	40000	99947	0.0530005	0.002	53	51	0	0	0	51	0	0	52
6	3	B	40000	99948	0.0519991	0.001	52	51	0	0	0	51	0	0	52
6	4	G	40000	23492	76.508	54.182	76508	35370	643	0	0	34108	120	499	34518
6	4	A	40000	27919	72.081	54.428	72081	17653	310	0	0	16986	2	355	17089
6	4	B	40000	28347	71.653	53.936	71653	17717	333	0	0	17122	118	144	17429
6	4	cSpy was 7 spamed and the readout avoided!
6	5	G	40000	4726	95.274	79.807	95274	20004	86	6	0	17837	1500	576	19669
6	5	A	40000	9601	90.399	80.819	90399	9580	14	1	0	8357	677	532	9301
6	5	B	40000	10781	89.219	78.795	89219	10424	72	5	0	9480	823	44	10368
6	5	cSpy was 18 spamed and the readout avoided!
6	6	G	40000	100000	0	0	0	0	0	0	0	0	0	0	2
6	6	A	40000	100000	0	0	0	0	0	0	0	0	0	0	1
6	6	B	40000	100000	0	0	0	0	0	0	0	0	0	0	1
6	7	G	40000	100000	0	0	0	0	0	0	0	0	0	0	2
6	7	A	40000	100000	0	0	0	0	0	0	0	0	0	0	1
6	7	B	40000	100000	0	0	0	0	0	0	0	0	0	0	1
7	0	G	40000	1997	98.003	48.011	98003	3479	220	0	0	2633	79	547	2978
7	0	A	40000	2014	97.986	95.485	97986	2501	220	0	0	1655	79	547	1999
7	0	B	40000	98485	1.515	0.537	1515	978	0	0	0	978	0	0	979
7	1	G	40000	100000	0	0	0	0	0	0	0	0	0	0	2
7	1	A	40000	100000	0	0	0	0	0	0	0	0	0	0	1
7	1	B	40000	100000	0	0	0	0	0	0	0	0	0	0	1
7	2	G	40000	96978	3.022	0.2625	3022	5203	0	0	0	5170	31	2	5205
7	2	A	40000	97095	2.905	0.3	2905	2605	0	0	0	2576	27	2	2606
7	2	B	40000	97177	2.823	0.225	2823	2598	0	0	0	2594	4	0	2599
7	3	G	40000	0	100	100	100000	200000	200000	200000	200000	200000	200000	200000	200002
7	3	A	40000	0	100	100	100000	100000	100000	100000	100000	100000	100000	100000	100001
7	3	B	40000	0	100	100	100000	100000	100000	100000	100000	100000	100000	100000	100001
7	4	G	40000	69343	30.657	23.54	30657	12889	28	0	0	11855	931	75	12823
7	4	A	40000	69471	30.529	23.814	30529	6715	0	0	0	5997	667	51	6679
7	4	B	40000	70560	29.44	23.266	29440	6174	28	0	0	5858	264	24	6144
7	4	cSpy was 6 spamed and the readout avoided!
7	5	G	40000	100000	0	0	0	0	0	0	0	0	0	0	2
7	5	A	40000	100000	0	0	0	0	0	0	0	0	0	0	1
7	5	B	40000	100000	0	0	0	0	0	0	0	0	0	0	1
7	6	G	40000	99970	0.029999	0	30	60	0	0	0	60	0	0	62
7	6	A	40000	99970	0.029999	0	30	30	0	0	0	30	0	0	31
7	6	B	40000	99970	0.029999	0	30	30	0	0	0	30	0	0	31
7	7	G	40000	54824	45.176	18.411	45176	40574	15	7	0	39521	842	189	40492
7	7	A	40000	60559	39.441	18.815	39441	20626	13	7	0	20064	354	188	20546
7	7	B	40000	62045	37.955	18.007	37955	19948	2	0	0	19457	488	1	19946
7	7	cSpy was 7 spamed and the readout avoided!
