#the gain was set to: 2	the bias was set to: 30
#Sent triggers per delay setting: 100000	and with a frequency [Hz] of: 40000
#160MHz delay setting	400MHz delay setting	Frequency	correct transmitted H+T		error rate [%]	uncertainty [%]	bad or missed events	error count	missing headers	missing trailers	flipped H/T	event nr errors	tbm missed trigger	unknown errors	event nr resets
0	0	G	40000	445	99.555	72.021	99555	19207	99	0	0	18133	342	633	18680
0	0	A	40000	638	99.362	98.205	99362	1157	82	0	0	178	276	621	638
0	0	B	40000	36113	63.887	45.837	63887	18050	17	0	0	17955	66	12	18042
0	0	cSpy was 29 spamed and the readout avoided!
0	1	G	40000	26344	73.656	53.3695	73656	26497	466	0	0	25332	13	686	26057
0	1	A	40000	36077	63.923	52.82	63923	11103	228	0	0	10380	5	490	10864
0	1	B	40000	30687	69.313	53.919	69313	15394	238	0	0	14952	8	196	15193
0	2	G	40000	5234	94.766	77.1125	94766	22507	84	1	0	19080	3001	341	22264
0	2	A	40000	10812	89.188	78.791	89188	10397	54	0	0	8370	1653	320	10183
0	2	B	40000	12456	87.544	75.434	87544	12110	30	1	0	10710	1348	21	12081
0	2	cSpy was 6 spamed and the readout avoided!
0	3	G	40000	100000	0	0	0	0	0	0	0	0	0	0	2
0	3	A	40000	100000	0	0	0	0	0	0	0	0	0	0	1
0	3	B	40000	100000	0	0	0	0	0	0	0	0	0	0	1
0	4	G	40000	100000	0	0	0	0	0	0	0	0	0	0	2
0	4	A	40000	100000	0	0	0	0	0	0	0	0	0	0	1
0	4	B	40000	100000	0	0	0	0	0	0	0	0	0	0	1
0	5	G	40000	48324	51.676	34.0085	51676	23048	32	0	0	22621	81	314	22977
0	5	A	40000	56192	43.808	33.47	43808	10338	18	0	0	9984	36	300	10279
0	5	B	40000	52743	47.257	34.547	47257	12710	14	0	0	12637	45	14	12698
0	6	G	40000	0	100	100	100000	200000	200000	200000	200000	200000	200000	200000	200002
0	6	A	40000	0	100	100	100000	100000	100000	100000	100000	100000	100000	100000	100001
0	6	B	40000	0	100	100	100000	100000	100000	100000	100000	100000	100000	100000	100001
0	7	G	40000	99576	0.423998	0.123	424	602	0	0	0	602	0	0	604
0	7	A	40000	99576	0.423998	0.123	424	301	0	0	0	301	0	0	302
0	7	B	40000	99576	0.423998	0.123	424	301	0	0	0	301	0	0	302
1	0	G	40000	345	99.655	96.7425	99655	3404	207	1	0	2574	287	335	3039
1	0	A	40000	2415	97.585	94.935	97585	2650	186	1	0	1954	227	282	2344
1	0	B	40000	696	99.304	98.55	99304	754	21	0	0	620	60	53	695
1	0	cSpy was 17 spamed and the readout avoided!
1	1	G	40000	99710	0.29	0.001	290	578	0	0	0	578	0	0	580
1	1	A	40000	99710	0.29	0.001	290	289	0	0	0	289	0	0	290
1	1	B	40000	99710	0.29	0.001	290	289	0	0	0	289	0	0	290
1	2	G	40000	100000	0	0	0	0	0	0	0	0	0	0	2
1	2	A	40000	100000	0	0	0	0	0	0	0	0	0	0	1
1	2	B	40000	100000	0	0	0	0	0	0	0	0	0	0	1
1	3	G	40000	91217	8.783	2.4045	8783	10626	0	0	0	10594	15	17	10627
1	3	A	40000	92691	7.309	2.271	7309	5038	0	0	0	5007	14	17	5038
1	3	B	40000	91874	8.126	2.538	8126	5588	0	0	0	5587	1	0	5589
1	4	G	40000	910	99.09	95.144	99090	5089	458	5	0	3094	1137	395	4531
1	4	A	40000	2857	97.143	94.175	97143	2968	134	0	0	1746	936	152	2771
1	4	B	40000	1766	98.234	96.113	98234	2121	324	5	0	1348	201	243	1760
1	4	cSpy was 55 spamed and the readout avoided!
1	5	G	40000	82580	17.42	3.4325	17420	14873	0	0	0	13414	1452	7	14875
1	5	A	40000	90868	9.132	1.8	9132	7332	0	0	0	6729	596	7	7333
1	5	B	40000	87394	12.606	5.065	12606	7541	0	0	0	6685	856	0	7542
1	6	G	40000	100000	0	0	0	0	0	0	0	0	0	0	2
1	6	A	40000	100000	0	0	0	0	0	0	0	0	0	0	1
1	6	B	40000	100000	0	0	0	0	0	0	0	0	0	0	1
1	7	G	40000	99919	0.0810027	0	81	161	0	0	0	161	0	0	163
1	7	A	40000	99920	0.0800014	0	80	80	0	0	0	80	0	0	81
1	7	B	40000	99919	0.0810027	0	81	81	0	0	0	81	0	0	82
2	0	G	40000	2409	97.591	48.276	97591	4028	42	1	0	3814	100	71	3946
2	0	A	40000	2436	97.564	95.083	97564	2481	42	1	0	2267	100	71	2398
2	0	B	40000	96984	3.016	1.469	3016	1547	0	0	0	1547	0	0	1548
2	1	G	40000	97530	2.47	0.8585	2470	2065	0	0	0	2043	14	8	2067
2	1	A	40000	98218	1.782	0.784	1782	998	0	0	0	978	13	7	999
2	1	B	40000	98000	2	0.933	2000	1067	0	0	0	1065	1	1	1068
2	2	G	40000	22994	77.006	53.4875	77006	28401	919	10	0	25337	1322	813	27522
2	2	A	40000	35628	64.372	51.149	64372	13223	465	6	0	11080	1156	516	12729
2	2	B	40000	28996	71.004	55.826	71004	15178	454	4	0	14257	166	297	14793
2	2	cSpy was 1 spamed and the readout avoided!
2	3	G	40000	7278	92.722	66.8105	92722	30578	130	1	0	26450	3835	163	30401
2	3	A	40000	21609	78.391	59.329	78391	19062	24	0	0	16359	2600	79	18994
2	3	B	40000	14192	85.808	74.292	85808	11516	106	1	0	10091	1235	84	11407
2	3	cSpy was 26 spamed and the readout avoided!
2	4	G	40000	100000	0	0	0	0	0	0	0	0	0	0	2
2	4	A	40000	100000	0	0	0	0	0	0	0	0	0	0	1
2	4	B	40000	100000	0	0	0	0	0	0	0	0	0	0	1
2	5	G	40000	100000	0	0	0	0	0	0	0	0	0	0	2
2	5	A	40000	100000	0	0	0	0	0	0	0	0	0	0	1
2	5	B	40000	100000	0	0	0	0	0	0	0	0	0	0	1
2	6	G	40000	36585	63.415	42.399	63415	24749	274	2	0	22682	1297	494	24483
2	6	A	40000	48462	51.538	40.061	51538	11477	145	2	0	9649	1294	387	11312
2	6	B	40000	41991	58.009	44.737	58009	13272	129	0	0	13033	3	107	13171
2	7	G	40000	0	100	100	100000	200000	200000	200000	200000	200000	200000	200000	200002
2	7	A	40000	0	100	100	100000	100000	100000	100000	100000	100000	100000	100000	100001
2	7	B	40000	0	100	100	100000	100000	100000	100000	100000	100000	100000	100000	100001
3	0	G	40000	784	99.216	79.238	99216	18058	298	4	0	16635	405	717	17406
3	0	A	40000	1405	98.595	96.631	98595	1964	209	0	0	1053	41	661	1383
3	0	B	40000	22061	77.939	61.845	77939	16094	89	4	0	15582	364	56	16023
3	0	cSpy was 14 spamed and the readout avoided!
3	1	G	40000	0	100	100	100000	200000	200000	200000	200000	200000	200000	200000	200002
3	1	A	40000	0	100	100	100000	100000	100000	100000	100000	100000	100000	100000	100001
3	1	B	40000	0	100	100	100000	100000	100000	100000	100000	100000	100000	100000	100001
3	2	G	40000	99964	0.0360012	0	36	72	0	0	0	72	0	0	74
3	2	A	40000	99964	0.0360012	0	36	36	0	0	0	36	0	0	37
3	2	B	40000	99964	0.0360012	0	36	36	0	0	0	36	0	0	37
3	3	G	40000	100000	0	0	0	0	0	0	0	0	0	0	2
3	3	A	40000	100000	0	0	0	0	0	0	0	0	0	0	1
3	3	B	40000	100000	0	0	0	0	0	0	0	0	0	0	1
3	4	G	40000	73449	26.551	14.18	26551	19632	113	0	0	19377	41	101	19484
3	4	A	40000	76031	23.969	14.026	23969	9943	55	0	0	9802	14	72	9843
3	4	B	40000	75977	24.023	14.334	24023	9689	58	0	0	9575	27	29	9641
3	5	G	40000	0	100	100	100000	200000	200000	200000	200000	200000	200000	200000	200002
3	5	A	40000	0	100	100	100000	100000	100000	100000	100000	100000	100000	100000	100001
3	5	B	40000	0	100	100	100000	100000	100000	100000	100000	100000	100000	100000	100001
3	6	G	40000	60634	39.366	30.1755	39366	16073	297	12	1	14806	631	327	15681
3	6	A	40000	61459	38.541	30.245	38541	8296	168	2	1	7358	528	240	8034
3	6	B	40000	62117	37.883	30.106	37883	7777	129	10	0	7448	103	87	7647
3	6	cSpy was 55 spamed and the readout avoided!
3	7	G	40000	100000	0	0	0	0	0	0	0	0	0	0	2
3	7	A	40000	100000	0	0	0	0	0	0	0	0	0	0	1
3	7	B	40000	100000	0	0	0	0	0	0	0	0	0	0	1
4	0	G	40000	1113	98.887	60.294	98887	26601	155	2	0	24407	1815	222	26343
4	0	A	40000	1707	98.293	96.359	98293	1934	126	0	0	1064	529	215	1697
4	0	B	40000	51104	48.896	24.229	48896	24667	29	2	0	23343	1286	7	24646
4	0	cSpy was 6 spamed and the readout avoided!
4	1	G	40000	100000	0	0	0	0	0	0	0	0	0	0	2
4	1	A	40000	100000	0	0	0	0	0	0	0	0	0	0	1
4	1	B	40000	100000	0	0	0	0	0	0	0	0	0	0	1
4	2	G	40000	95991	4.009	1.3935	4009	3907	0	0	0	3904	1	2	3909
4	2	A	40000	96634	3.366	1.456	3366	1910	0	0	0	1907	1	2	1911
4	2	B	40000	96672	3.328	1.331	3328	1997	0	0	0	1997	0	0	1998
4	3	G	40000	21372	78.628	56.824	78628	35024	718	0	0	33665	98	543	34077
4	3	A	40000	25413	74.587	57.05	74587	17537	348	0	0	16801	0	388	16900
4	3	B	40000	25915	74.085	56.598	74085	17487	370	0	0	16864	98	155	17177
4	3	cSpy was 7 spamed and the readout avoided!
4	4	G	40000	9044	90.956	66.261	90956	32473	90	13	0	29119	2886	365	32225
4	4	A	40000	17243	82.757	66.605	82757	16152	38	7	0	14165	1602	340	15950
4	4	B	40000	17762	82.238	65.917	82238	16321	52	6	0	14954	1284	25	16275
4	4	cSpy was 20 spamed and the readout avoided!
4	5	G	40000	100000	0	0	0	0	0	0	0	0	0	0	2
4	5	A	40000	100000	0	0	0	0	0	0	0	0	0	0	1
4	5	B	40000	100000	0	0	0	0	0	0	0	0	0	0	1
4	6	G	40000	100000	0	0	0	0	0	0	0	0	0	0	2
4	6	A	40000	100000	0	0	0	0	0	0	0	0	0	0	1
4	6	B	40000	100000	0	0	0	0	0	0	0	0	0	0	1
4	7	G	40000	22656	77.344	55.6595	77344	34833	560	0	0	33736	74	463	34056
4	7	A	40000	26744	73.256	55.841	73256	17415	272	0	0	16824	1	318	16912
4	7	B	40000	27104	72.896	55.478	72896	17418	288	0	0	16912	73	145	17144
4	7	cSpy was 7 spamed and the readout avoided!
5	0	G	40000	507	99.493	56.6755	99493	14549	145	0	0	13469	102	833	14004
5	0	A	40000	610	99.39	98.234	99390	1156	145	0	0	87	92	832	610
5	0	B	40000	71490	28.51	15.117	28510	13393	0	0	0	13382	10	1	13394
5	0	cSpy was 54 spamed and the readout avoided!
5	1	G	40000	37399	62.601	37.795	62601	38176	123	0	0	37908	3	142	38054
5	1	A	40000	43150	56.85	37.933	56850	18917	61	0	0	18730	2	124	18822
5	1	B	40000	43084	56.916	37.657	56916	19259	62	0	0	19178	1	18	19232
5	1	cSpy was 3 spamed and the readout avoided!
5	2	G	40000	32	99.968	98.467	99968	1967	57	0	0	842	80	988	1093
5	2	A	40000	93	99.907	99.063	99907	844	1	0	0	5	1	837	93
5	2	B	40000	1006	98.994	97.871	98994	1123	56	0	0	837	79	151	1000
5	2	cSpy was 47 spamed and the readout avoided!
5	3	G	40000	99430	0.569999	0	570	1140	0	0	0	1140	0	0	1142
5	3	A	40000	99430	0.569999	0	570	570	0	0	0	570	0	0	571
5	3	B	40000	99430	0.569999	0	570	570	0	0	0	570	0	0	571
5	4	G	40000	100000	0	0	0	0	0	0	0	0	0	0	2
5	4	A	40000	100000	0	0	0	0	0	0	0	0	0	0	1
5	4	B	40000	100000	0	0	0	0	0	0	0	0	0	0	1
5	5	G	40000	84562	15.438	4.866	15438	17377	0	0	0	17363	0	14	17377
5	5	A	40000	86340	13.66	5.063	13660	8597	0	0	0	8583	0	14	8596
5	5	B	40000	86551	13.449	4.669	13449	8780	0	0	0	8780	0	0	8781
5	6	G	40000	0	100	100	100000	200000	200000	200000	200000	200000	200000	200000	200002
5	6	A	40000	0	100	100	100000	100000	100000	100000	100000	100000	100000	100000	100001
5	6	B	40000	0	100	100	100000	100000	100000	100000	100000	100000	100000	100000	100001
5	7	G	40000	39372	60.628	22.445	60628	50537	6	9	0	45377	5052	93	50501
5	7	A	40000	50887	49.113	23.158	49113	25955	6	9	0	22363	3484	93	25919
5	7	B	40000	53686	46.314	21.732	46314	24582	0	0	0	23014	1568	0	24582
5	7	cSpy was 1 spamed and the readout avoided!
6	0	G	40000	490	99.51	96.0125	99510	4274	312	5	0	2148	1172	637	3684
6	0	A	40000	1245	98.755	97.039	98755	1716	164	1	0	169	796	586	1245
6	0	B	40000	2456	97.544	94.986	97544	2558	148	4	0	1979	376	51	2439
6	0	cSpy was 55 spamed and the readout avoided!
6	1	G	40000	13745	86.255	47.597	86255	50367	8	1	0	44837	5199	322	50207
6	1	A	40000	25659	74.341	50.379	74341	23962	2	1	0	20845	2796	318	23810
6	1	B	40000	28780	71.22	44.815	71220	26405	6	0	0	23992	2403	4	26397
6	1	cSpy was 6 spamed and the readout avoided!
6	2	G	40000	100000	0	0	0	0	0	0	0	0	0	0	2
6	2	A	40000	100000	0	0	0	0	0	0	0	0	0	0	1
6	2	B	40000	100000	0	0	0	0	0	0	0	0	0	0	1
6	3	G	40000	100000	0	0	0	0	0	0	0	0	0	0	2
6	3	A	40000	100000	0	0	0	0	0	0	0	0	0	0	1
6	3	B	40000	100000	0	0	0	0	0	0	0	0	0	0	1
6	4	G	40000	20062	79.938	58.78	79938	34195	802	0	0	32642	149	602	33109
6	4	A	40000	23827	76.173	59.06	76173	17113	389	0	0	16297	1	426	16391
6	4	B	40000	24418	75.582	58.5	75582	17082	413	0	0	16345	148	176	16718
6	4	cSpy was 8 spamed and the readout avoided!
6	5	G	40000	5917	94.083	73.278	94083	26496	117	7	2	23585	2002	783	26032
6	5	A	40000	12656	87.344	74.702	87344	12642	14	2	0	11022	898	706	12284
6	5	B	40000	14292	85.708	71.854	85708	13854	103	5	2	12563	1104	77	13748
6	5	cSpy was 28 spamed and the readout avoided!
6	6	G	40000	100000	0	0	0	0	0	0	0	0	0	0	2
6	6	A	40000	100000	0	0	0	0	0	0	0	0	0	0	1
6	6	B	40000	100000	0	0	0	0	0	0	0	0	0	0	1
6	7	G	40000	99996	0.00399947	0	4	8	0	0	0	8	0	0	10
6	7	A	40000	99996	0.00399947	0	4	4	0	0	0	4	0	0	5
6	7	B	40000	99996	0.00399947	0	4	4	0	0	0	4	0	0	5
7	0	G	40000	1888	98.112	48.1415	98112	7589	210	0	0	6728	106	545	7124
7	0	A	40000	1990	98.01	95.576	98010	2434	210	0	0	1605	74	545	1968
7	0	B	40000	94138	5.862	0.707	5862	5155	0	0	0	5123	32	0	5156
7	0	cSpy was 2 spamed and the readout avoided!
7	1	G	40000	100000	0	0	0	0	0	0	0	0	0	0	2
7	1	A	40000	100000	0	0	0	0	0	0	0	0	0	0	1
7	1	B	40000	100000	0	0	0	0	0	0	0	0	0	0	1
7	2	G	40000	96146	3.854	0.491	3854	6062	1	0	0	6016	38	7	6063
7	2	A	40000	96404	3.596	0.562	3596	3034	1	0	0	2994	32	7	3034
7	2	B	40000	96552	3.448	0.42	3448	3028	0	0	0	3022	6	0	3029
7	3	G	40000	0	100	100	100000	200000	200000	200000	200000	200000	200000	200000	200002
7	3	A	40000	0	100	100	100000	100000	100000	100000	100000	100000	100000	100000	100001
7	3	B	40000	0	100	100	100000	100000	100000	100000	100000	100000	100000	100000	100001
7	4	G	40000	68275	31.725	26.506	31725	9437	44	0	0	8623	459	311	9190
7	4	A	40000	68389	31.611	26.778	31611	4833	3	0	0	4210	364	256	4644
7	4	B	40000	69162	30.838	26.234	30838	4604	41	0	0	4413	95	55	4546
7	4	cSpy was 26 spamed and the readout avoided!
7	5	G	40000	100000	0	0	0	0	0	0	0	0	0	0	2
7	5	A	40000	100000	0	0	0	0	0	0	0	0	0	0	1
7	5	B	40000	100000	0	0	0	0	0	0	0	0	0	0	1
7	6	G	40000	99801	0.199002	0.004	199	386	0	0	0	385	1	0	388
7	6	A	40000	99802	0.198001	0.005	198	193	0	0	0	192	1	0	194
7	6	B	40000	99804	0.195998	0.003	196	193	0	0	0	193	0	0	194
7	7	G	40000	52756	47.244	20.747	47244	39944	9	11	0	38699	1069	156	39886
7	7	A	40000	58602	41.398	21.207	41398	20191	9	11	0	19558	461	152	20134
7	7	B	40000	59960	40.04	20.287	40040	19753	0	0	0	19141	608	4	19752
7	7	cSpy was 7 spamed and the readout avoided!
