#the gain was set to: 2	the bias was set to: 30
#Sent triggers per delay setting: 100000	and with a frequency [Hz] of: 40000
#160MHz delay setting	400MHz delay setting	Frequency	correct transmitted H+T		error rate [%]	uncertainty [%]	bad or missed events	error count	missing headers	missing trailers	flipped H/T	event nr errors	tbm missed trigger	unknown errors	event nr resets
0	0	G	40000	435	99.565	72.1775	99565	19079	93	0	0	18088	294	604	18573
0	0	A	40000	643	99.357	98.217	99357	1140	76	0	0	214	249	601	643
0	0	B	40000	35923	64.077	46.138	64077	17939	17	0	0	17874	45	3	17930
0	0	cSpy was 22 spamed and the readout avoided!
0	1	G	40000	29191	70.809	51.7995	70809	25418	406	0	0	23928	481	603	25069
0	1	A	40000	37873	62.127	51.275	62127	10852	210	0	0	10177	3	462	10634
0	1	B	40000	33110	66.89	52.324	66890	14566	196	0	0	13751	478	141	14435
0	2	G	40000	4653	95.347	79.271	95347	20273	81	4	0	17046	2775	367	19979
0	2	A	40000	11954	88.046	76.738	88046	11308	24	0	0	9171	1885	228	11143
0	2	B	40000	9231	90.769	81.804	90769	8965	57	4	0	7875	890	139	8836
0	2	cSpy was 37 spamed and the readout avoided!
0	3	G	40000	100000	0	0	0	0	0	0	0	0	0	0	2
0	3	A	40000	100000	0	0	0	0	0	0	0	0	0	0	1
0	3	B	40000	100000	0	0	0	0	0	0	0	0	0	0	1
0	4	G	40000	100000	0	0	0	0	0	0	0	0	0	0	2
0	4	A	40000	100000	0	0	0	0	0	0	0	0	0	0	1
0	4	B	40000	100000	0	0	0	0	0	0	0	0	0	0	1
0	5	G	40000	49246	50.754	34.893	50754	21484	28	0	0	21019	121	316	21446
0	5	A	40000	56054	43.946	34.484	43946	9462	16	0	0	9121	16	309	9426
0	5	B	40000	52676	47.324	35.302	47324	12022	12	0	0	11898	105	7	12020
0	6	G	40000	2314	97.686	89.1315	97686	10826	269	8	0	8706	1496	347	10435
0	6	A	40000	4835	95.165	90.311	95165	4854	126	0	0	3535	905	288	4584
0	6	B	40000	6076	93.924	87.952	93924	5972	143	8	0	5171	591	59	5851
0	6	cSpy was 27 spamed and the readout avoided!
0	7	G	40000	99811	0.189	0.001	189	376	0	0	0	376	0	0	378
0	7	A	40000	99811	0.189	0.001	189	188	0	0	0	188	0	0	189
0	7	B	40000	99811	0.189	0.001	189	188	0	0	0	188	0	0	189
1	0	G	40000	291	99.709	97.592	99709	2586	180	1	0	1779	215	411	2192
1	0	A	40000	1550	98.45	96.577	98450	1873	164	1	0	1180	156	372	1513
1	0	B	40000	680	99.32	98.607	99320	713	16	0	0	599	59	39	679
1	0	cSpy was 19 spamed and the readout avoided!
1	1	G	40000	99552	0.448	0.106	448	684	0	0	0	684	0	0	686
1	1	A	40000	99552	0.448	0.106	448	342	0	0	0	342	0	0	343
1	1	B	40000	99552	0.448	0.106	448	342	0	0	0	342	0	0	343
1	2	G	40000	100000	0	0	0	0	0	0	0	0	0	0	2
1	2	A	40000	100000	0	0	0	0	0	0	0	0	0	0	1
1	2	B	40000	100000	0	0	0	0	0	0	0	0	0	0	1
1	3	G	40000	88577	11.423	3.135	11423	12212	0	0	0	12106	89	17	12208
1	3	A	40000	91240	8.76	2.753	8760	6007	0	0	0	5933	57	17	6002
1	3	B	40000	90278	9.722	3.517	9722	6205	0	0	0	6173	32	0	6206
1	4	G	40000	687	99.313	95.854	99313	4329	316	2	0	2214	1474	323	3888
1	4	A	40000	2589	97.411	94.723	97411	2688	110	0	0	1287	1171	120	2525
1	4	B	40000	1374	98.626	96.985	98626	1641	206	2	0	927	303	203	1363
1	4	cSpy was 53 spamed and the readout avoided!
1	5	G	40000	84480	15.52	2.6615	15520	14175	0	0	0	13163	1012	0	14177
1	5	A	40000	91588	8.412	1.331	8412	7081	0	0	0	6615	466	0	7082
1	5	B	40000	88914	11.086	3.992	11086	7094	0	0	0	6548	546	0	7095
1	6	G	40000	100000	0	0	0	0	0	0	0	0	0	0	2
1	6	A	40000	100000	0	0	0	0	0	0	0	0	0	0	1
1	6	B	40000	100000	0	0	0	0	0	0	0	0	0	0	1
1	7	G	40000	99314	0.686002	0.1945	686	750	0	0	0	743	5	2	752
1	7	A	40000	99460	0.54	0.177	540	363	0	0	0	358	3	2	364
1	7	B	40000	99401	0.599003	0.212	599	387	0	0	0	385	2	0	388
2	0	G	40000	2322	97.678	48.394	97678	4036	44	0	0	3811	113	68	3965
2	0	A	40000	2370	97.63	95.225	97630	2405	44	0	0	2180	113	68	2333
2	0	B	40000	96806	3.194	1.563	3194	1631	0	0	0	1631	0	0	1632
2	1	G	40000	99930	0.0699997	0	70	140	0	0	0	140	0	0	142
2	1	A	40000	99930	0.0699997	0	70	70	0	0	0	70	0	0	71
2	1	B	40000	99930	0.0699997	0	70	70	0	0	0	70	0	0	71
2	2	G	40000	30132	69.868	47.4165	69868	27806	695	0	0	25215	1251	645	27166
2	2	A	40000	41770	58.23	45.641	58230	12589	387	0	0	11258	518	426	12211
2	2	B	40000	35591	64.409	49.192	64409	15217	308	0	0	13957	733	219	14955
2	3	G	40000	6410	93.59	66.8275	93590	32039	66	0	0	28376	3503	94	31959
2	3	A	40000	21731	78.269	57.521	78269	20748	3	0	0	18091	2598	56	20719
2	3	B	40000	12575	87.425	76.134	87425	11291	63	0	0	10285	905	38	11240
2	4	G	40000	100000	0	0	0	0	0	0	0	0	0	0	2
2	4	A	40000	100000	0	0	0	0	0	0	0	0	0	0	1
2	4	B	40000	100000	0	0	0	0	0	0	0	0	0	0	1
2	5	G	40000	100000	0	0	0	0	0	0	0	0	0	0	2
2	5	A	40000	100000	0	0	0	0	0	0	0	0	0	0	1
2	5	B	40000	100000	0	0	0	0	0	0	0	0	0	0	1
2	6	G	40000	28771	71.229	48.3425	71229	26611	187	1	0	24973	960	490	26469
2	6	A	40000	42024	57.976	46.201	57976	11775	119	1	0	10453	761	441	11656
2	6	B	40000	34680	65.32	50.484	65320	14836	68	0	0	14520	199	49	14813
2	7	G	40000	0	100	100	100000	200000	200000	200000	200000	200000	200000	200000	200002
2	7	A	40000	0	100	100	100000	100000	100000	100000	100000	100000	100000	100000	100001
2	7	B	40000	0	100	100	100000	100000	100000	100000	100000	100000	100000	100000	100001
3	0	G	40000	760	99.24	80.0135	99240	17580	305	2	0	16231	353	689	16941
3	0	A	40000	1337	98.663	96.775	98663	1888	206	0	0	1016	15	651	1322
3	0	B	40000	21056	78.944	63.252	78944	15692	99	2	0	15215	338	38	15619
3	0	cSpy was 21 spamed and the readout avoided!
3	1	G	40000	0	100	100	100000	200000	200000	200000	200000	200000	200000	200000	200002
3	1	A	40000	0	100	100	100000	100000	100000	100000	100000	100000	100000	100000	100001
3	1	B	40000	0	100	100	100000	100000	100000	100000	100000	100000	100000	100000	100001
3	2	G	40000	99965	0.0349998	0	35	70	0	0	0	70	0	0	72
3	2	A	40000	99965	0.0349998	0	35	35	0	0	0	35	0	0	36
3	2	B	40000	99965	0.0349998	0	35	35	0	0	0	35	0	0	36
3	3	G	40000	100000	0	0	0	0	0	0	0	0	0	0	2
3	3	A	40000	100000	0	0	0	0	0	0	0	0	0	0	1
3	3	B	40000	100000	0	0	0	0	0	0	0	0	0	0	1
3	4	G	40000	71225	28.775	15.5455	28775	20753	124	0	0	20457	62	110	20584
3	4	A	40000	74115	25.885	15.391	25885	10494	59	0	0	10335	20	80	10378
3	4	B	40000	74041	25.959	15.7	25959	10259	65	0	0	10122	42	30	10206
3	5	G	40000	0	100	100	100000	200000	200000	200000	200000	200000	200000	200000	200002
3	5	A	40000	0	100	100	100000	100000	100000	100000	100000	100000	100000	100000	100001
3	5	B	40000	0	100	100	100000	100000	100000	100000	100000	100000	100000	100000	100001
3	6	G	40000	60540	39.46	29.9525	39460	16388	284	20	0	15057	703	325	16006
3	6	A	40000	61517	38.483	29.953	38483	8530	144	5	0	7527	610	245	8278
3	6	B	40000	62190	37.81	29.952	37810	7858	140	15	0	7530	93	80	7728
3	6	cSpy was 68 spamed and the readout avoided!
3	7	G	40000	100000	0	0	0	0	0	0	0	0	0	0	2
3	7	A	40000	100000	0	0	0	0	0	0	0	0	0	0	1
3	7	B	40000	100000	0	0	0	0	0	0	0	0	0	0	1
4	0	G	40000	1105	98.895	55.326	98895	26220	148	1	0	24410	1380	281	25909
4	0	A	40000	1509	98.491	96.679	98491	1812	146	0	0	893	494	279	1502
4	0	B	40000	61619	38.381	13.973	38381	24408	2	1	0	23517	886	2	24407
4	0	cSpy was 4 spamed and the readout avoided!
4	1	G	40000	100000	0	0	0	0	0	0	0	0	0	0	2
4	1	A	40000	100000	0	0	0	0	0	0	0	0	0	0	1
4	1	B	40000	100000	0	0	0	0	0	0	0	0	0	0	1
4	2	G	40000	93211	6.789	4.627	6789	3524	30	0	0	3462	1	31	3492
4	2	A	40000	93607	6.393	4.638	6393	1755	15	0	0	1717	0	23	1731
4	2	B	40000	93615	6.385	4.616	6385	1769	15	0	0	1745	1	8	1761
4	2	cSpy was 1 spamed and the readout avoided!
4	3	G	40000	16837	83.163	60.8205	83163	33000	756	0	0	31461	128	655	31954
4	3	A	40000	22302	77.698	61.205	77698	16493	390	0	0	15618	14	471	15801
4	3	B	40000	23057	76.943	60.436	76943	16507	366	0	0	15843	114	184	16153
4	3	cSpy was 10 spamed and the readout avoided!
4	4	G	40000	8311	91.689	68.811	91689	30155	136	19	0	26599	2941	460	29791
4	4	A	40000	15862	84.138	69.14	84138	14998	58	11	0	12992	1557	380	14739
4	4	B	40000	16361	83.639	68.482	83639	15157	78	8	0	13607	1384	80	15052
4	4	cSpy was 24 spamed and the readout avoided!
4	5	G	40000	100000	0	0	0	0	0	0	0	0	0	0	2
4	5	A	40000	100000	0	0	0	0	0	0	0	0	0	0	1
4	5	B	40000	100000	0	0	0	0	0	0	0	0	0	0	1
4	6	G	40000	100000	0	0	0	0	0	0	0	0	0	0	2
4	6	A	40000	100000	0	0	0	0	0	0	0	0	0	0	1
4	6	B	40000	100000	0	0	0	0	0	0	0	0	0	0	1
4	7	G	40000	33503	66.497	46.748	66497	31439	435	0	0	30607	56	341	30876
4	7	A	40000	37392	62.608	46.902	62608	15706	209	0	0	15251	1	245	15328
4	7	B	40000	37673	62.327	46.594	62327	15733	226	0	0	15356	55	96	15548
4	7	cSpy was 6 spamed and the readout avoided!
5	0	G	40000	458	99.542	56.8115	99542	14742	138	0	0	13660	106	838	14174
5	0	A	40000	586	99.414	98.26	99414	1154	138	0	0	80	100	836	586
5	0	B	40000	71049	28.951	15.363	28951	13588	0	0	0	13580	6	2	13588
5	0	cSpy was 50 spamed and the readout avoided!
5	1	G	40000	42423	57.577	35.626	57577	33610	152	0	0	33306	5	147	33466
5	1	A	40000	47588	52.412	35.73	52412	16682	74	0	0	16477	5	126	16568
5	1	B	40000	47550	52.45	35.522	52450	16928	78	0	0	16829	0	21	16898
5	1	cSpy was 2 spamed and the readout avoided!
5	2	G	40000	41	99.959	98.645	99959	1728	48	0	0	748	61	871	980
5	2	A	40000	110	99.89	99.111	99890	779	2	0	0	8	0	769	110
5	2	B	40000	872	99.128	98.179	99128	949	46	0	0	740	61	102	870
5	2	cSpy was 29 spamed and the readout avoided!
5	3	G	40000	99473	0.527	0	527	1054	0	0	0	1054	0	0	1056
5	3	A	40000	99473	0.527	0	527	527	0	0	0	527	0	0	528
5	3	B	40000	99473	0.527	0	527	527	0	0	0	527	0	0	528
5	4	G	40000	100000	0	0	0	0	0	0	0	0	0	0	2
5	4	A	40000	100000	0	0	0	0	0	0	0	0	0	0	1
5	4	B	40000	100000	0	0	0	0	0	0	0	0	0	0	1
5	5	G	40000	86287	13.713	3.858	13713	16477	2	1	0	16468	1	5	16477
5	5	A	40000	87812	12.188	4.048	12188	8140	1	1	0	8132	1	5	8139
5	5	B	40000	87995	12.005	3.668	12005	8337	1	0	0	8336	0	0	8338
5	6	G	40000	30	99.97	97.861	99970	2285	207	0	0	1067	738	273	1981
5	6	A	40000	79	99.921	99.747	99921	174	1	0	0	32	7	134	79
5	6	B	40000	1914	98.086	95.975	98086	2111	206	0	0	1035	731	139	1902
5	6	cSpy was 58 spamed and the readout avoided!
5	7	G	40000	46064	53.936	11.8065	53936	56917	5	7	0	51065	5738	102	56885
5	7	A	40000	58064	41.936	12.579	41936	29357	5	7	0	25285	3958	102	29324
5	7	B	40000	61406	38.594	11.034	38594	27560	0	0	0	25780	1780	0	27561
6	0	G	40000	626	99.374	95.653	99374	4642	313	5	0	2342	1257	725	4037
6	0	A	40000	1379	98.621	96.746	98621	1875	174	0	0	175	856	670	1379
6	0	B	40000	2673	97.327	94.56	97327	2767	139	5	0	2167	401	55	2658
6	0	cSpy was 65 spamed and the readout avoided!
6	1	G	40000	14062	85.938	43.9565	85938	53864	4	2	0	48030	5490	338	53705
6	1	A	40000	27514	72.486	46.897	72486	25589	1	2	0	22236	3018	332	25436
6	1	B	40000	30709	69.291	41.016	69291	28275	3	0	0	25794	2472	6	28269
6	1	cSpy was 2 spamed and the readout avoided!
6	2	G	40000	100000	0	0	0	0	0	0	0	0	0	0	2
6	2	A	40000	100000	0	0	0	0	0	0	0	0	0	0	1
6	2	B	40000	100000	0	0	0	0	0	0	0	0	0	0	1
6	3	G	40000	100000	0	0	0	0	0	0	0	0	0	0	2
6	3	A	40000	100000	0	0	0	0	0	0	0	0	0	0	1
6	3	B	40000	100000	0	0	0	0	0	0	0	0	0	0	1
6	4	G	40000	19920	80.08	58.8495	80080	34145	805	0	0	32597	147	596	33080
6	4	A	40000	23773	76.227	59.123	76227	17104	392	0	0	16288	0	424	16383
6	4	B	40000	24383	75.617	58.576	75617	17041	413	0	0	16309	147	172	16697
6	4	cSpy was 7 spamed and the readout avoided!
6	5	G	40000	8376	91.624	82.0955	91624	12735	114	5	0	10891	797	928	12035
6	5	A	40000	10942	89.058	83.003	89058	6055	5	0	0	4901	347	802	5488
6	5	B	40000	12132	87.868	81.188	87868	6680	109	5	0	5990	450	126	6547
6	5	cSpy was 42 spamed and the readout avoided!
6	6	G	40000	100000	0	0	0	0	0	0	0	0	0	0	2
6	6	A	40000	100000	0	0	0	0	0	0	0	0	0	0	1
6	6	B	40000	100000	0	0	0	0	0	0	0	0	0	0	1
6	7	G	40000	99993	0.00699759	0	7	14	0	0	0	14	0	0	16
6	7	A	40000	99993	0.00699759	0	7	7	0	0	0	7	0	0	8
6	7	B	40000	99993	0.00699759	0	7	7	0	0	0	7	0	0	8
7	0	G	40000	1913	98.087	48.072	98087	7283	205	0	0	6452	96	530	6802
7	0	A	40000	2016	97.984	95.514	97984	2470	205	0	0	1664	71	530	1988
7	0	B	40000	94557	5.443	0.63	5443	4813	0	0	0	4788	25	0	4814
7	0	cSpy was 5 spamed and the readout avoided!
7	1	G	40000	100000	0	0	0	0	0	0	0	0	0	0	2
7	1	A	40000	100000	0	0	0	0	0	0	0	0	0	0	1
7	1	B	40000	100000	0	0	0	0	0	0	0	0	0	0	1
7	2	G	40000	93538	6.462	1.136	6462	8604	0	1	0	8544	46	13	8603
7	2	A	40000	94428	5.572	1.269	5572	4303	0	1	0	4251	38	13	4301
7	2	B	40000	94696	5.304	1.003	5304	4301	0	0	0	4293	8	0	4302
7	2	cSpy was 1 spamed and the readout avoided!
7	3	G	40000	0	100	100	100000	200000	200000	200000	200000	200000	200000	200000	200002
7	3	A	40000	0	100	100	100000	100000	100000	100000	100000	100000	100000	100000	100001
7	3	B	40000	0	100	100	100000	100000	100000	100000	100000	100000	100000	100000	100001
7	4	G	40000	65380	34.62	20.902	34620	20118	10	2	0	18521	1402	183	20023
7	4	A	40000	68479	31.521	21.544	31521	9977	1	0	0	8939	856	181	9887
7	4	B	40000	69599	30.401	20.26	30401	10141	9	2	0	9582	546	2	10136
7	4	cSpy was 6 spamed and the readout avoided!
7	5	G	40000	100000	0	0	0	0	0	0	0	0	0	0	2
7	5	A	40000	100000	0	0	0	0	0	0	0	0	0	0	1
7	5	B	40000	100000	0	0	0	0	0	0	0	0	0	0	1
7	6	G	40000	99892	0.107998	0.001	108	214	0	0	0	214	0	0	216
7	6	A	40000	99892	0.107998	0.001	108	107	0	0	0	107	0	0	108
7	6	B	40000	99892	0.107998	0.001	108	107	0	0	0	107	0	0	108
7	7	G	40000	47718	52.282	24.815	52282	41488	16	7	0	40041	1273	151	41430
7	7	A	40000	53844	46.156	25.286	46156	20870	12	7	0	20141	561	149	20816
7	7	B	40000	55038	44.962	24.344	44962	20618	4	0	0	19900	712	2	20614
7	7	cSpy was 4 spamed and the readout avoided!
