#the gain was set to: 2	the bias was set to: 30
#Sent triggers per delay setting: 100000	and with a frequency [Hz] of: 40000
#160MHz delay setting	400MHz delay setting	Frequency	correct transmitted H+T		error rate [%]	uncertainty [%]	bad or missed events	error count	missing headers	missing trailers	flipped H/T	event nr errors	tbm missed trigger	unknown errors	event nr resets
0	0	G	40000	399	99.601	72.8835	99601	18704	97	0	0	17639	325	643	18193
0	0	A	40000	629	99.371	98.247	99371	1124	75	0	0	159	263	627	629
0	0	B	40000	34900	65.1	47.52	65100	17580	22	0	0	17480	62	16	17564
0	0	cSpy was 30 spamed and the readout avoided!
0	1	G	40000	26280	73.72	53.652	73720	26356	487	1	0	25148	7	713	25919
0	1	A	40000	35869	64.131	53.133	64131	10998	234	0	0	10265	1	498	10759
0	1	B	40000	30471	69.529	54.171	69529	15358	253	1	0	14883	6	215	15160
0	2	G	40000	5675	94.325	75.3585	94325	23340	48	0	0	19662	3431	199	23213
0	2	A	40000	15037	84.963	71.482	84963	13481	11	0	0	10974	2364	132	13408
0	2	B	40000	10906	89.094	79.235	89094	9859	37	0	0	8688	1067	67	9805
0	2	cSpy was 1 spamed and the readout avoided!
0	3	G	40000	89564	10.436	2.2205	10436	8062	0	0	0	7139	923	0	8064
0	3	A	40000	95046	4.954	0.72	4954	4234	0	0	0	3700	534	0	4235
0	3	B	40000	92451	7.549	3.721	7549	3828	0	0	0	3439	389	0	3829
0	4	G	40000	100000	0	0	0	0	0	0	0	0	0	0	2
0	4	A	40000	100000	0	0	0	0	0	0	0	0	0	0	1
0	4	B	40000	100000	0	0	0	0	0	0	0	0	0	0	1
0	5	G	40000	38062	61.938	42.236	61938	25297	49	0	0	24784	58	406	25212
0	5	A	40000	47296	52.704	41.603	52704	11101	27	0	0	10665	26	383	11037
0	5	B	40000	42935	57.065	42.869	57065	14196	22	0	0	14119	32	23	14175
0	6	G	40000	2884	97.116	86.03	97116	13932	236	4	0	11153	2168	371	13566
0	6	A	40000	5806	94.194	88.377	94194	5817	115	0	0	4291	1084	327	5545
0	6	B	40000	8202	91.798	83.683	91798	8115	121	4	0	6862	1084	44	8021
0	6	cSpy was 20 spamed and the readout avoided!
0	7	G	40000	99652	0.348002	0.112	348	472	0	0	0	472	0	0	474
0	7	A	40000	99652	0.348002	0.112	348	236	0	0	0	236	0	0	237
0	7	B	40000	99652	0.348002	0.112	348	236	0	0	0	236	0	0	237
1	0	G	40000	423	99.577	95.7525	99577	4352	226	4	0	3395	423	304	4011
1	0	A	40000	3290	96.71	93.255	96710	3455	198	4	0	2674	316	263	3159
1	0	B	40000	853	99.147	98.25	99147	897	28	0	0	721	107	41	852
1	0	cSpy was 19 spamed and the readout avoided!
1	1	G	40000	99818	0.182003	0	182	364	0	0	0	364	0	0	366
1	1	A	40000	99818	0.182003	0	182	182	0	0	0	182	0	0	183
1	1	B	40000	99818	0.182003	0	182	182	0	0	0	182	0	0	183
1	2	G	40000	100000	0	0	0	0	0	0	0	0	0	0	2
1	2	A	40000	100000	0	0	0	0	0	0	0	0	0	0	1
1	2	B	40000	100000	0	0	0	0	0	0	0	0	0	0	1
1	3	G	40000	86965	13.035	4.0825	13035	14047	0	0	0	13977	46	24	14048
1	3	A	40000	89490	10.51	3.87	10510	6640	0	0	0	6578	38	24	6640
1	3	B	40000	88298	11.702	4.295	11702	7407	0	0	0	7399	8	0	7408
1	4	G	40000	708	99.292	95.839	99292	4389	336	6	0	2516	1066	465	3833
1	4	A	40000	2476	97.524	94.938	97524	2586	84	0	0	1401	916	185	2395
1	4	B	40000	1457	98.543	96.74	98543	1803	252	6	0	1115	150	280	1438
1	4	cSpy was 67 spamed and the readout avoided!
1	5	G	40000	87014	12.986	2.345	12986	12367	0	0	0	11371	991	5	12369
1	5	A	40000	92590	7.41	1.303	7410	6107	0	0	0	5732	370	5	6108
1	5	B	40000	90353	9.647	3.387	9647	6260	0	0	0	5639	621	0	6261
1	6	G	40000	100000	0	0	0	0	0	0	0	0	0	0	2
1	6	A	40000	100000	0	0	0	0	0	0	0	0	0	0	1
1	6	B	40000	100000	0	0	0	0	0	0	0	0	0	0	1
1	7	G	40000	99870	0.129998	0	130	260	0	0	0	260	0	0	262
1	7	A	40000	99870	0.129998	0	130	130	0	0	0	130	0	0	131
1	7	B	40000	99870	0.129998	0	130	130	0	0	0	130	0	0	131
2	0	G	40000	2413	97.587	48.288	97587	4065	43	0	0	3844	107	71	3984
2	0	A	40000	2442	97.558	95.071	97558	2487	43	0	0	2266	107	71	2405
2	0	B	40000	96917	3.083	1.505	3083	1578	0	0	0	1578	0	0	1579
2	1	G	40000	98259	1.741	0.497	1741	1897	0	0	0	1884	8	5	1899
2	1	A	40000	98617	1.383	0.457	1383	926	0	0	0	918	3	5	927
2	1	B	40000	98492	1.508	0.537	1508	971	0	0	0	966	5	0	972
2	2	G	40000	24287	75.713	51.183	75713	29345	695	7	0	26572	1388	683	28661
2	2	A	40000	37488	62.512	48.733	62512	13779	354	0	0	11767	1181	477	13391
2	2	B	40000	30801	69.199	53.633	69199	15566	341	7	0	14805	207	206	15270
2	3	G	40000	6313	93.687	69.251	93687	29472	70	0	0	25675	3663	64	29403
2	3	A	40000	20119	79.881	61.155	79881	18726	2	0	0	16045	2647	32	18712
2	3	B	40000	11907	88.093	77.347	88093	10746	68	0	0	9630	1016	32	10691
2	3	cSpy was 2 spamed and the readout avoided!
2	4	G	40000	100000	0	0	0	0	0	0	0	0	0	0	2
2	4	A	40000	100000	0	0	0	0	0	0	0	0	0	0	1
2	4	B	40000	100000	0	0	0	0	0	0	0	0	0	0	1
2	5	G	40000	100000	0	0	0	0	0	0	0	0	0	0	2
2	5	A	40000	100000	0	0	0	0	0	0	0	0	0	0	1
2	5	B	40000	100000	0	0	0	0	0	0	0	0	0	0	1
2	6	G	40000	24939	75.061	50.517	75061	28421	264	5	0	26050	1555	547	28184
2	6	A	40000	39120	60.88	47.709	60880	13171	143	2	0	11036	1547	443	13010
2	6	B	40000	31425	68.575	53.325	68575	15250	121	3	0	15014	8	104	15174
2	7	G	40000	0	100	100	100000	200000	200000	200000	200000	200000	200000	200000	200002
2	7	A	40000	0	100	100	100000	100000	100000	100000	100000	100000	100000	100000	100001
2	7	B	40000	0	100	100	100000	100000	100000	100000	100000	100000	100000	100000	100001
3	0	G	40000	999	99.001	73.606	99001	15903	262	3	0	14685	319	634	15345
3	0	A	40000	1530	98.47	96.451	98470	2019	181	0	0	1207	32	599	1514
3	0	B	40000	35355	64.645	50.761	64645	13884	81	3	0	13478	287	35	13831
3	0	cSpy was 11 spamed and the readout avoided!
3	1	G	40000	0	100	100	100000	200000	200000	200000	200000	200000	200000	200000	200002
3	1	A	40000	0	100	100	100000	100000	100000	100000	100000	100000	100000	100000	100001
3	1	B	40000	0	100	100	100000	100000	100000	100000	100000	100000	100000	100000	100001
3	2	G	40000	99958	0.0419974	0	42	84	0	0	0	84	0	0	86
3	2	A	40000	99958	0.0419974	0	42	42	0	0	0	42	0	0	43
3	2	B	40000	99958	0.0419974	0	42	42	0	0	0	42	0	0	43
3	3	G	40000	100000	0	0	0	0	0	0	0	0	0	0	2
3	3	A	40000	100000	0	0	0	0	0	0	0	0	0	0	1
3	3	B	40000	100000	0	0	0	0	0	0	0	0	0	0	1
3	4	G	40000	73123	26.877	10.074	26877	27230	3	0	0	27126	81	20	27227
3	4	A	40000	76469	23.531	9.782	23531	13749	1	0	0	13693	35	20	13746
3	4	B	40000	76153	23.847	10.366	23847	13481	2	0	0	13433	46	0	13481
3	5	G	40000	0	100	100	100000	200000	200000	200000	200000	200000	200000	200000	200002
3	5	A	40000	0	100	100	100000	100000	100000	100000	100000	100000	100000	100000	100001
3	5	B	40000	0	100	100	100000	100000	100000	100000	100000	100000	100000	100000	100001
3	6	G	40000	82330	17.67	4.226	17670	24545	12	13	0	23606	904	10	24538
3	6	A	40000	83004	16.996	4.207	16996	12789	1	0	0	11921	859	8	12789
3	6	B	40000	83999	16.001	4.245	16001	11756	11	13	0	11685	45	2	11749
3	6	cSpy was 2 spamed and the readout avoided!
3	7	G	40000	100000	0	0	0	0	0	0	0	0	0	0	2
3	7	A	40000	100000	0	0	0	0	0	0	0	0	0	0	1
3	7	B	40000	100000	0	0	0	0	0	0	0	0	0	0	1
4	0	G	40000	910	99.09	65.391	99090	17464	307	8	0	15051	1491	608	16848
4	0	A	40000	1352	98.648	96.768	98648	1880	223	2	0	706	398	552	1346
4	0	B	40000	50402	49.598	34.014	49598	15584	84	6	0	14345	1093	56	15502
4	0	cSpy was 77 spamed and the readout avoided!
4	1	G	40000	100000	0	0	0	0	0	0	0	0	0	0	2
4	1	A	40000	100000	0	0	0	0	0	0	0	0	0	0	1
4	1	B	40000	100000	0	0	0	0	0	0	0	0	0	0	1
4	2	G	40000	99999	0.00100136	0	1	2	0	0	0	2	0	0	4
4	2	A	40000	99999	0.00100136	0	1	1	0	0	0	1	0	0	2
4	2	B	40000	99999	0.00100136	0	1	1	0	0	0	1	0	0	2
4	3	G	40000	19838	80.162	58.809	80162	34231	819	0	0	32673	127	612	33146
4	3	A	40000	23776	76.224	59.073	76224	17151	394	0	0	16328	1	428	16432
4	3	B	40000	24375	75.625	58.545	75625	17080	425	0	0	16345	126	184	16714
4	3	cSpy was 17 spamed and the readout avoided!
4	4	G	40000	0	100	100	100000	200000	200000	200000	200000	200000	200000	200000	200002
4	4	A	40000	0	100	100	100000	100000	100000	100000	100000	100000	100000	100000	100001
4	4	B	40000	0	100	100	100000	100000	100000	100000	100000	100000	100000	100000	100001
4	5	G	40000	100000	0	0	0	0	0	0	0	0	0	0	2
4	5	A	40000	100000	0	0	0	0	0	0	0	0	0	0	1
4	5	B	40000	100000	0	0	0	0	0	0	0	0	0	0	1
4	6	G	40000	100000	0	0	0	0	0	0	0	0	0	0	2
4	6	A	40000	100000	0	0	0	0	0	0	0	0	0	0	1
4	6	B	40000	100000	0	0	0	0	0	0	0	0	0	0	1
4	7	G	40000	30181	69.819	49.1155	69819	32926	450	0	0	32052	53	371	32346
4	7	A	40000	34279	65.721	49.271	65721	16450	215	0	0	15963	1	271	16050
4	7	B	40000	34564	65.436	48.96	65436	16476	235	0	0	16089	52	100	16296
4	7	cSpy was 4 spamed and the readout avoided!
5	0	G	40000	506	99.494	56.4155	99494	14249	133	0	0	13176	92	848	13698
5	0	A	40000	609	99.391	98.23	99391	1161	133	0	0	96	84	848	609
5	0	B	40000	72311	27.689	14.601	27689	13088	0	0	0	13080	8	0	13089
5	0	cSpy was 51 spamed and the readout avoided!
5	1	G	40000	40025	59.975	36.925	59975	35513	154	0	0	35178	2	179	35357
5	1	A	40000	45347	54.653	37.037	54653	17616	76	0	0	17393	2	145	17501
5	1	B	40000	45290	54.71	36.813	54710	17897	78	0	0	17785	0	34	17856
5	1	cSpy was 3 spamed and the readout avoided!
5	2	G	40000	48	99.952	98.674	99952	1703	54	0	0	716	65	868	943
5	2	A	40000	117	99.883	99.126	99883	757	1	0	0	7	1	748	117
5	2	B	40000	832	99.168	98.222	99168	946	53	0	0	709	64	120	826
5	2	cSpy was 41 spamed and the readout avoided!
5	3	G	40000	99463	0.537002	0	537	1073	0	0	0	1072	1	0	1075
5	3	A	40000	99463	0.537002	0	537	537	0	0	0	536	1	0	538
5	3	B	40000	99464	0.536001	0	536	536	0	0	0	536	0	0	537
5	4	G	40000	100000	0	0	0	0	0	0	0	0	0	0	2
5	4	A	40000	100000	0	0	0	0	0	0	0	0	0	0	1
5	4	B	40000	100000	0	0	0	0	0	0	0	0	0	0	1
5	5	G	40000	87528	12.472	3.3905	12472	15243	0	0	0	15234	1	8	15245
5	5	A	40000	88880	11.12	3.582	11120	7538	0	0	0	7529	1	8	7539
5	5	B	40000	89096	10.904	3.199	10904	7705	0	0	0	7705	0	0	7706
5	6	G	40000	64	99.936	98.2525	99936	1922	128	0	0	764	669	361	1569
5	6	A	40000	153	99.847	99.474	99847	373	13	0	0	86	8	266	152
5	6	B	40000	1420	98.58	97.031	98580	1549	115	0	0	678	661	95	1417
5	6	cSpy was 80 spamed and the readout avoided!
5	7	G	40000	41552	58.448	15.5	58448	56359	7	11	0	50521	5721	99	56311
5	7	A	40000	54783	45.217	16.37	45217	28847	7	11	0	24856	3874	99	28799
5	7	B	40000	57858	42.142	14.63	42142	27512	0	0	0	25665	1847	0	27512
5	7	cSpy was 1 spamed and the readout avoided!
6	0	G	40000	619	99.381	95.6425	99381	4659	295	3	0	2333	1307	721	4040
6	0	A	40000	1368	98.632	96.748	98632	1884	159	0	0	164	881	680	1368
6	0	B	40000	2688	97.312	94.537	97312	2775	136	3	0	2169	426	41	2672
6	0	cSpy was 52 spamed and the readout avoided!
6	1	G	40000	15423	84.577	42.0405	84577	55311	3	0	0	49201	5830	277	55187
6	1	A	40000	28674	71.326	45.018	71326	26308	1	0	0	22770	3261	276	26184
6	1	B	40000	31934	68.066	39.063	68066	29003	2	0	0	26431	2569	1	29003
6	1	cSpy was 4 spamed and the readout avoided!
6	2	G	40000	100000	0	0	0	0	0	0	0	0	0	0	2
6	2	A	40000	100000	0	0	0	0	0	0	0	0	0	0	1
6	2	B	40000	100000	0	0	0	0	0	0	0	0	0	0	1
6	3	G	40000	100000	0	0	0	0	0	0	0	0	0	0	2
6	3	A	40000	100000	0	0	0	0	0	0	0	0	0	0	1
6	3	B	40000	100000	0	0	0	0	0	0	0	0	0	0	1
6	4	G	40000	19979	80.021	58.7955	80021	34161	821	0	0	32591	145	604	33074
6	4	A	40000	23826	76.174	59.074	76174	17100	396	0	0	16275	0	429	16372
6	4	B	40000	24422	75.578	58.517	75578	17061	425	0	0	16316	145	175	16702
6	4	cSpy was 8 spamed and the readout avoided!
6	5	G	40000	3188	96.812	88.1715	96812	11081	239	7	0	9455	590	790	10481
6	5	A	40000	5884	94.116	88.855	94116	5261	35	1	0	4332	254	639	4882
6	5	B	40000	6692	93.308	87.488	93308	5820	204	6	0	5123	336	151	5599
6	5	cSpy was 90 spamed and the readout avoided!
6	6	G	40000	100000	0	0	0	0	0	0	0	0	0	0	2
6	6	A	40000	100000	0	0	0	0	0	0	0	0	0	0	1
6	6	B	40000	100000	0	0	0	0	0	0	0	0	0	0	1
6	7	G	40000	100000	0	0	0	0	0	0	0	0	0	0	2
6	7	A	40000	100000	0	0	0	0	0	0	0	0	0	0	1
6	7	B	40000	100000	0	0	0	0	0	0	0	0	0	0	1
7	0	G	40000	1997	98.003	47.979	98003	3455	228	0	0	2578	69	580	2947
7	0	A	40000	2020	97.98	95.473	97980	2507	228	0	0	1630	69	580	1998
7	0	B	40000	98567	1.433	0.485	1433	948	0	0	0	948	0	0	949
7	0	cSpy was 1 spamed and the readout avoided!
7	1	G	40000	100000	0	0	0	0	0	0	0	0	0	0	2
7	1	A	40000	100000	0	0	0	0	0	0	0	0	0	0	1
7	1	B	40000	100000	0	0	0	0	0	0	0	0	0	0	1
7	2	G	40000	91631	8.369	1.527	8369	11085	1	2	0	10989	81	12	11083
7	2	A	40000	92748	7.252	1.72	7252	5532	1	2	0	5459	58	12	5529
7	2	B	40000	93113	6.887	1.334	6887	5553	0	0	0	5530	23	0	5554
7	2	cSpy was 1 spamed and the readout avoided!
7	3	G	40000	0	100	100	100000	200000	200000	200000	200000	200000	200000	200000	200002
7	3	A	40000	0	100	100	100000	100000	100000	100000	100000	100000	100000	100000	100001
7	3	B	40000	0	100	100	100000	100000	100000	100000	100000	100000	100000	100000	100001
7	4	G	40000	71962	28.038	23.7435	28038	8112	6	0	0	7678	309	119	8013
7	4	A	40000	71999	28.001	23.862	28001	4139	0	0	0	3819	232	88	4062
7	4	B	40000	72402	27.598	23.625	27598	3973	6	0	0	3859	77	31	3951
7	4	cSpy was 2 spamed and the readout avoided!
7	5	G	40000	100000	0	0	0	0	0	0	0	0	0	0	2
7	5	A	40000	100000	0	0	0	0	0	0	0	0	0	0	1
7	5	B	40000	100000	0	0	0	0	0	0	0	0	0	0	1
7	6	G	40000	99870	0.129998	0.0025	130	254	0	0	0	254	0	0	256
7	6	A	40000	99870	0.129998	0.003	130	127	0	0	0	127	0	0	128
7	6	B	40000	99871	0.129002	0.002	129	127	0	0	0	127	0	0	128
7	7	G	40000	46396	53.604	25.3295	53604	43261	4	4	0	41668	1422	163	43202
7	7	A	40000	52440	47.56	25.702	47560	21858	3	4	0	21044	645	162	21798
7	7	B	40000	53640	46.36	24.957	46360	21403	1	0	0	20624	777	1	21404
7	7	cSpy was 8 spamed and the readout avoided!
