#the gain was set to: 2	the bias was set to: 30
#Sent triggers per delay setting: 100000	and with a frequency [Hz] of: 40000
#160MHz delay setting	400MHz delay setting	Frequency	correct transmitted H+T		error rate [%]	uncertainty [%]	bad or missed events	error count	missing headers	missing trailers	flipped H/T	event nr errors	tbm missed trigger	unknown errors	event nr resets
0	0	G	40000	389	99.611	71.776	99611	19398	126	0	0	18330	328	614	18863
0	0	A	40000	624	99.376	98.227	99376	1149	110	0	0	194	243	602	624
0	0	B	40000	36426	63.574	45.325	63574	18249	16	0	0	18136	85	12	18239
0	0	cSpy was 24 spamed and the readout avoided!
0	1	G	40000	28717	71.283	52.1785	71283	25215	389	0	0	23715	516	595	24910
0	1	A	40000	37664	62.336	51.601	62336	10735	209	0	0	10072	3	451	10528
0	1	B	40000	32764	67.236	52.756	67236	14480	180	0	0	13643	513	144	14382
0	2	G	40000	7552	92.448	74.1685	92448	21984	274	9	0	18403	3020	278	21660
0	2	A	40000	17050	82.95	70.294	82950	12656	62	0	0	10369	2033	192	12516
0	2	B	40000	12629	87.371	78.043	87371	9328	212	9	0	8034	987	86	9144
0	2	cSpy was 35 spamed and the readout avoided!
0	3	G	40000	100000	0	0	0	0	0	0	0	0	0	0	2
0	3	A	40000	100000	0	0	0	0	0	0	0	0	0	0	1
0	3	B	40000	100000	0	0	0	0	0	0	0	0	0	0	1
0	4	G	40000	98883	1.117	0.489	1117	928	0	0	0	926	1	1	930
0	4	A	40000	99104	0.896001	0.482	896	414	0	0	0	413	0	1	415
0	4	B	40000	98990	1.01	0.496	1010	514	0	0	0	513	1	0	515
0	5	G	40000	30538	69.462	49.692	69462	26214	119	0	0	25298	297	500	26116
0	5	A	40000	39562	60.438	49.116	60438	11322	67	0	0	10796	16	443	11243
0	5	B	40000	34840	65.16	50.268	65160	14892	52	0	0	14502	281	57	14873
0	6	G	40000	2302	97.698	88.6825	97698	11277	216	6	0	8721	1985	349	10934
0	6	A	40000	4751	95.249	90.457	95249	4792	106	0	0	3257	1128	301	4535
0	6	B	40000	6607	93.393	86.908	93393	6485	110	6	0	5464	857	48	6399
0	6	cSpy was 20 spamed and the readout avoided!
0	7	G	40000	74736	25.264	11.131	25264	16385	9	3	0	13546	2802	25	16366
0	7	A	40000	83368	16.632	6.17	16632	10462	0	0	0	8338	2107	17	10450
0	7	B	40000	77985	22.015	16.092	22015	5923	9	3	0	5208	695	8	5916
0	7	cSpy was 3 spamed and the readout avoided!
1	0	G	40000	406	99.594	97.006	99594	3205	234	0	0	1949	600	422	2765
1	0	A	40000	1677	98.323	96.351	98323	1972	144	0	0	1165	351	312	1660
1	0	B	40000	1106	98.894	97.661	98894	1233	90	0	0	784	249	110	1105
1	0	cSpy was 24 spamed and the readout avoided!
1	1	G	40000	75748	24.252	12.2985	24252	14182	31	7	0	11833	2270	41	14136
1	1	A	40000	82749	17.251	8.317	17251	8934	1	0	0	7232	1686	15	8923
1	1	B	40000	78472	21.528	16.28	21528	5248	30	7	0	4601	584	26	5213
1	1	cSpy was 7 spamed and the readout avoided!
1	2	G	40000	100000	0	0	0	0	0	0	0	0	0	0	2
1	2	A	40000	100000	0	0	0	0	0	0	0	0	0	0	1
1	2	B	40000	100000	0	0	0	0	0	0	0	0	0	0	1
1	3	G	40000	87536	12.464	4.023	12464	12974	0	0	0	12908	39	27	12975
1	3	A	40000	90100	9.9	3.803	9900	6097	0	0	0	6036	35	26	6097
1	3	B	40000	88880	11.12	4.243	11120	6877	0	0	0	6872	4	1	6878
1	4	G	40000	856	99.144	95.2165	99144	4935	404	5	0	3239	977	310	4474
1	4	A	40000	2941	97.059	94.083	97059	2976	105	1	0	1927	810	133	2807
1	4	B	40000	1691	98.309	96.35	98309	1959	299	4	0	1312	167	177	1667
1	4	cSpy was 44 spamed and the readout avoided!
1	5	G	40000	70864	29.136	22.9445	29136	7936	126	5	0	6991	713	101	7791
1	5	A	40000	73683	26.317	22.219	26317	4098	37	0	0	3604	409	48	4037
1	5	B	40000	72492	27.508	23.67	27508	3838	89	5	0	3387	304	53	3754
1	5	cSpy was 10 spamed and the readout avoided!
1	6	G	40000	100000	0	0	0	0	0	0	0	0	0	0	2
1	6	A	40000	100000	0	0	0	0	0	0	0	0	0	0	1
1	6	B	40000	100000	0	0	0	0	0	0	0	0	0	0	1
1	7	G	40000	99848	0.151998	0.004	152	294	0	0	0	294	0	0	296
1	7	A	40000	99850	0.150001	0.004	150	146	0	0	0	146	0	0	147
1	7	B	40000	99848	0.151998	0.004	152	148	0	0	0	148	0	0	149
2	0	G	40000	2295	97.705	48.4245	97705	4041	54	0	0	3805	106	76	3952
2	0	A	40000	2337	97.663	95.267	97663	2396	54	0	0	2160	106	76	2306
2	0	B	40000	96773	3.227	1.582	3227	1645	0	0	0	1645	0	0	1646
2	1	G	40000	100000	0	0	0	0	0	0	0	0	0	0	2
2	1	A	40000	100000	0	0	0	0	0	0	0	0	0	0	1
2	1	B	40000	100000	0	0	0	0	0	0	0	0	0	0	1
2	2	G	40000	22096	77.904	54.537	77904	28579	933	8	0	25579	1285	774	27695
2	2	A	40000	34206	65.794	52.285	65794	13509	472	4	0	11521	1003	509	12992
2	2	B	40000	28141	71.859	56.789	71859	15070	461	4	0	14058	282	265	14703
2	2	cSpy was 1 spamed and the readout avoided!
2	3	G	40000	8242	91.758	59.2865	91758	38845	114	1	0	33962	4680	88	38732
2	3	A	40000	26625	73.375	48.677	73375	24698	4	0	0	21183	3469	42	24672
2	3	B	40000	15957	84.043	69.896	84043	14147	110	1	0	12779	1211	46	14060
2	3	cSpy was 3 spamed and the readout avoided!
2	4	G	40000	100000	0	0	0	0	0	0	0	0	0	0	2
2	4	A	40000	100000	0	0	0	0	0	0	0	0	0	0	1
2	4	B	40000	100000	0	0	0	0	0	0	0	0	0	0	1
2	5	G	40000	99568	0.432003	0.103	432	578	0	0	0	577	0	1	580
2	5	A	40000	99616	0.384003	0.096	384	288	0	0	0	287	0	1	289
2	5	B	40000	99600	0.400001	0.11	400	290	0	0	0	290	0	0	291
2	6	G	40000	33369	66.631	41.1125	66631	30007	158	1	0	28048	1377	423	29870
2	6	A	40000	47309	52.691	38.529	52691	14162	87	1	0	12368	1331	375	14059
2	6	B	40000	40459	59.541	43.696	59541	15845	71	0	0	15680	46	48	15811
2	7	G	40000	1553	98.447	91.5415	98447	8420	194	5	1	6841	1087	292	8135
2	7	A	40000	5274	94.726	89.58	94726	5146	29	0	0	4182	746	189	5024
2	7	B	40000	3223	96.777	93.503	96777	3274	165	5	1	2659	341	103	3111
2	7	cSpy was 54 spamed and the readout avoided!
3	0	G	40000	763	99.237	80.0515	99237	17664	291	3	0	16321	367	682	17054
3	0	A	40000	1422	98.578	96.612	98578	1966	210	0	0	1099	19	638	1413
3	0	B	40000	20811	79.189	63.491	79189	15698	81	3	0	15222	348	44	15641
3	0	cSpy was 62 spamed and the readout avoided!
3	1	G	40000	0	100	100	100000	200000	200000	200000	200000	200000	200000	200000	200002
3	1	A	40000	0	100	100	100000	100000	100000	100000	100000	100000	100000	100000	100001
3	1	B	40000	0	100	100	100000	100000	100000	100000	100000	100000	100000	100000	100001
3	2	G	40000	86599	13.401	3.429	13401	14543	3	1	0	13495	1039	5	14542
3	2	A	40000	89048	10.952	3.363	10952	7589	2	0	0	6664	921	2	7589
3	2	B	40000	89551	10.449	3.495	10449	6954	1	1	0	6831	118	3	6953
3	2	cSpy was 3 spamed and the readout avoided!
3	3	G	40000	100000	0	0	0	0	0	0	0	0	0	0	2
3	3	A	40000	100000	0	0	0	0	0	0	0	0	0	0	1
3	3	B	40000	100000	0	0	0	0	0	0	0	0	0	0	1
3	4	G	40000	84060	15.94	5.3235	15940	17526	8	0	0	17474	34	10	17523
3	4	A	40000	86019	13.981	5.137	13981	8844	4	0	0	8816	14	10	8840
3	4	B	40000	85808	14.192	5.51	14192	8682	4	0	0	8658	20	0	8683
3	5	G	40000	0	100	100	100000	200000	200000	200000	200000	200000	200000	200000	200002
3	5	A	40000	0	100	100	100000	100000	100000	100000	100000	100000	100000	100000	100001
3	5	B	40000	0	100	100	100000	100000	100000	100000	100000	100000	100000	100000	100001
3	6	G	40000	67002	32.998	22.38	32998	19329	55	5	0	18314	845	110	19226
3	6	A	40000	67423	32.577	22.67	32577	9907	0	0	0	9189	661	57	9868
3	6	B	40000	68488	31.512	22.09	31512	9422	55	5	0	9125	184	53	9358
3	6	cSpy was 41 spamed and the readout avoided!
3	7	G	40000	100000	0	0	0	0	0	0	0	0	0	0	2
3	7	A	40000	100000	0	0	0	0	0	0	0	0	0	0	1
3	7	B	40000	100000	0	0	0	0	0	0	0	0	0	0	1
4	0	G	40000	0	100	100	100000	200000	200000	200000	200000	200000	200000	200000	200002
4	0	A	40000	0	100	100	100000	100000	100000	100000	100000	100000	100000	100000	100001
4	0	B	40000	0	100	100	100000	100000	100000	100000	100000	100000	100000	100000	100001
4	1	G	40000	100000	0	0	0	0	0	0	0	0	0	0	2
4	1	A	40000	100000	0	0	0	0	0	0	0	0	0	0	1
4	1	B	40000	100000	0	0	0	0	0	0	0	0	0	0	1
4	2	G	40000	92770	7.23	3.849	7230	4948	8	0	0	4929	1	10	4942
4	2	A	40000	93676	6.324	3.886	6324	2438	4	0	0	2423	1	10	2432
4	2	B	40000	93678	6.322	3.812	6322	2510	4	0	0	2506	0	0	2510
4	3	G	40000	17879	82.121	60.1915	82121	33375	770	0	0	31817	133	655	32326
4	3	A	40000	22768	77.232	60.553	77232	16679	388	0	0	15812	7	472	15983
4	3	B	40000	23474	76.526	59.83	76526	16696	382	0	0	16005	126	183	16343
4	3	cSpy was 7 spamed and the readout avoided!
4	4	G	40000	8435	91.565	67.714	91565	31049	81	8	0	27908	2737	315	30834
4	4	A	40000	16575	83.425	67.974	83425	15451	38	3	0	13568	1546	296	15272
4	4	B	40000	16948	83.052	67.454	83052	15598	43	5	0	14340	1191	19	15562
4	4	cSpy was 22 spamed and the readout avoided!
4	5	G	40000	100000	0	0	0	0	0	0	0	0	0	0	2
4	5	A	40000	100000	0	0	0	0	0	0	0	0	0	0	1
4	5	B	40000	100000	0	0	0	0	0	0	0	0	0	0	1
4	6	G	40000	100000	0	0	0	0	0	0	0	0	0	0	2
4	6	A	40000	100000	0	0	0	0	0	0	0	0	0	0	1
4	6	B	40000	100000	0	0	0	0	0	0	0	0	0	0	1
4	7	G	40000	24857	75.143	54.6275	75143	33184	632	0	0	31961	90	501	32323
4	7	A	40000	28552	71.448	54.838	71448	16610	306	0	0	15947	2	355	16033
4	7	B	40000	29009	70.991	54.417	70991	16574	326	0	0	16014	88	146	16290
4	7	cSpy was 7 spamed and the readout avoided!
5	0	G	40000	479	99.521	56.585	99521	14518	134	0	0	13456	96	832	13993
5	0	A	40000	612	99.388	98.251	99388	1137	134	0	0	83	90	830	612
5	0	B	40000	71700	28.3	14.919	28300	13381	0	0	0	13373	6	2	13381
5	0	cSpy was 63 spamed and the readout avoided!
5	1	G	40000	38780	61.22	37.7175	61220	35898	126	0	0	35634	4	134	35776
5	1	A	40000	44376	55.624	37.826	55624	17798	60	0	0	17617	4	117	17703
5	1	B	40000	44291	55.709	37.609	55709	18100	66	0	0	18017	0	17	18073
5	1	cSpy was 3 spamed and the readout avoided!
5	2	G	40000	62	99.938	98.3525	99938	2064	56	0	0	959	75	974	1222
5	2	A	40000	145	99.855	99.007	99855	848	1	0	0	15	0	832	145
5	2	B	40000	1086	98.914	97.698	98914	1216	55	0	0	944	75	142	1077
5	2	cSpy was 31 spamed and the readout avoided!
5	3	G	40000	99653	0.347	0	347	694	0	0	0	694	0	0	696
5	3	A	40000	99653	0.347	0	347	347	0	0	0	347	0	0	348
5	3	B	40000	99653	0.347	0	347	347	0	0	0	347	0	0	348
5	4	G	40000	100000	0	0	0	0	0	0	0	0	0	0	2
5	4	A	40000	100000	0	0	0	0	0	0	0	0	0	0	1
5	4	B	40000	100000	0	0	0	0	0	0	0	0	0	0	1
5	5	G	40000	84322	15.678	4.672	15678	17991	1	0	0	17982	1	7	17992
5	5	A	40000	86241	13.759	4.878	13759	8881	0	0	0	8873	1	7	8881
5	5	B	40000	86424	13.576	4.466	13576	9110	1	0	0	9109	0	0	9111
5	6	G	40000	60	99.94	98.225	99940	1933	123	1	0	696	760	353	1611
5	6	A	40000	174	99.826	99.473	99826	353	13	0	0	98	9	233	170
5	6	B	40000	1443	98.557	96.977	98557	1580	110	1	0	598	751	120	1441
5	6	cSpy was 66 spamed and the readout avoided!
5	7	G	40000	47672	52.328	11.333	52328	55265	8	3	0	49665	5487	102	55224
5	7	A	40000	59253	40.747	12.012	40747	28735	8	3	0	24713	3909	102	28694
5	7	B	40000	62816	37.184	10.654	37184	26530	0	0	0	24952	1578	0	26530
5	7	cSpy was 1 spamed and the readout avoided!
6	0	G	40000	631	99.369	95.169	99369	5157	326	8	0	2615	1433	775	4498
6	0	A	40000	1488	98.512	96.465	98512	2047	193	0	0	175	950	729	1488
6	0	B	40000	3017	96.983	93.873	96983	3110	133	8	0	2440	483	46	3010
6	0	cSpy was 43 spamed and the readout avoided!
6	1	G	40000	16635	83.365	36.541	83365	60534	2	0	0	53738	6507	287	60389
6	1	A	40000	31423	68.577	39.792	68577	28785	0	0	0	24865	3633	287	28641
6	1	B	40000	34961	65.039	33.29	65039	31749	2	0	0	28873	2874	0	31748
6	1	cSpy was 5 spamed and the readout avoided!
6	2	G	40000	100000	0	0	0	0	0	0	0	0	0	0	2
6	2	A	40000	100000	0	0	0	0	0	0	0	0	0	0	1
6	2	B	40000	100000	0	0	0	0	0	0	0	0	0	0	1
6	3	G	40000	100000	0	0	0	0	0	0	0	0	0	0	2
6	3	A	40000	100000	0	0	0	0	0	0	0	0	0	0	1
6	3	B	40000	100000	0	0	0	0	0	0	0	0	0	0	1
6	4	G	40000	19919	80.081	58.8215	80081	34169	813	0	0	32605	139	612	33069
6	4	A	40000	23794	76.206	59.097	76206	17109	398	0	0	16283	0	428	16383
6	4	B	40000	24394	75.606	58.546	75606	17060	415	0	0	16322	139	184	16686
6	4	cSpy was 27 spamed and the readout avoided!
6	5	G	40000	5342	94.658	85.8215	94658	11463	182	7	0	9821	667	787	10925
6	5	A	40000	7871	92.129	86.82	92129	5309	17	2	0	4341	281	668	4929
6	5	B	40000	9023	90.977	84.823	90977	6154	165	5	0	5480	386	119	5996
6	5	cSpy was 78 spamed and the readout avoided!
6	6	G	40000	100000	0	0	0	0	0	0	0	0	0	0	2
6	6	A	40000	100000	0	0	0	0	0	0	0	0	0	0	1
6	6	B	40000	100000	0	0	0	0	0	0	0	0	0	0	1
6	7	G	40000	100000	0	0	0	0	0	0	0	0	0	0	2
6	7	A	40000	100000	0	0	0	0	0	0	0	0	0	0	1
6	7	B	40000	100000	0	0	0	0	0	0	0	0	0	0	1
7	0	G	40000	2037	97.963	47.9485	97963	3422	228	0	0	2567	61	566	2923
7	0	A	40000	2050	97.95	95.427	97950	2523	228	0	0	1668	61	566	2023
7	0	B	40000	98631	1.369	0.47	1369	899	0	0	0	899	0	0	900
7	0	cSpy was 1 spamed and the readout avoided!
7	1	G	40000	100000	0	0	0	0	0	0	0	0	0	0	2
7	1	A	40000	100000	0	0	0	0	0	0	0	0	0	0	1
7	1	B	40000	100000	0	0	0	0	0	0	0	0	0	0	1
7	2	G	40000	93079	6.921	1.173	6921	9615	3	1	0	9542	62	7	9615
7	2	A	40000	93882	6.118	1.311	6118	4807	3	1	0	4758	38	7	4806
7	2	B	40000	94157	5.843	1.035	5843	4808	0	0	0	4784	24	0	4809
7	3	G	40000	0	100	100	100000	200000	200000	200000	200000	200000	200000	200000	200002
7	3	A	40000	0	100	100	100000	100000	100000	100000	100000	100000	100000	100000	100001
7	3	B	40000	0	100	100	100000	100000	100000	100000	100000	100000	100000	100000	100001
7	4	G	40000	89907	10.093	1.271	10093	16521	0	0	0	15640	866	15	16521
7	4	A	40000	90029	9.971	1.271	9971	8700	0	0	0	7935	750	15	8699
7	4	B	40000	90908	9.092	1.271	9092	7821	0	0	0	7705	116	0	7822
7	5	G	40000	100000	0	0	0	0	0	0	0	0	0	0	2
7	5	A	40000	100000	0	0	0	0	0	0	0	0	0	0	1
7	5	B	40000	100000	0	0	0	0	0	0	0	0	0	0	1
7	6	G	40000	97371	2.629	0.691	2629	2617	2	3	0	2588	18	6	2613
7	6	A	40000	97930	2.07	0.769	2070	1301	2	3	0	1280	11	5	1297
7	6	B	40000	98071	1.929	0.613	1929	1316	0	0	0	1308	7	1	1316
7	7	G	40000	49672	50.328	22.35	50328	42481	15	14	0	41083	1203	166	42409
7	7	A	40000	55742	44.258	22.753	44258	21505	13	14	0	20771	541	166	21434
7	7	B	40000	57077	42.923	21.947	42923	20976	2	0	0	20312	662	0	20975
7	7	cSpy was 8 spamed and the readout avoided!
