#the gain was set to: 2	the bias was set to: 30
#Sent triggers per delay setting: 100000	and with a frequency [Hz] of: 40000
#160MHz delay setting	400MHz delay setting	Frequency	correct transmitted H+T		error rate [%]	uncertainty [%]	bad or missed events	error count	missing headers	missing trailers	flipped H/T	event nr errors	tbm missed trigger	unknown errors	event nr resets
0	0	G	40000	370	99.63	72.7915	99630	18900	141	0	0	17766	298	695	18299
0	0	A	40000	612	99.388	98.196	99388	1192	108	0	0	179	228	677	612
0	0	B	40000	34905	65.095	47.387	65095	17708	33	0	0	17587	70	18	17687
0	0	cSpy was 28 spamed and the readout avoided!
0	1	G	40000	28625	71.375	52.596	71375	25119	492	0	0	23435	549	643	24720
0	1	A	40000	37257	62.743	52.06	62743	10683	259	0	0	9958	0	466	10427
0	1	B	40000	32432	67.568	53.132	67568	14436	233	0	0	13477	549	177	14293
0	2	G	40000	4661	95.339	79.944	95339	19020	65	0	0	15909	2633	413	18712
0	2	A	40000	11404	88.596	78.508	88596	10088	18	0	0	8033	1795	242	9933
0	2	B	40000	9688	90.312	81.38	90312	8932	47	0	0	7876	838	171	8779
0	2	cSpy was 40 spamed and the readout avoided!
0	3	G	40000	100000	0	0	0	0	0	0	0	0	0	0	2
0	3	A	40000	100000	0	0	0	0	0	0	0	0	0	0	1
0	3	B	40000	100000	0	0	0	0	0	0	0	0	0	0	1
0	4	G	40000	99998	0.00200272	0	2	3	0	0	0	3	0	0	5
0	4	A	40000	99999	0.00100136	0	1	1	0	0	0	1	0	0	2
0	4	B	40000	99998	0.00200272	0	2	2	0	0	0	2	0	0	3
0	5	G	40000	38449	61.551	41.9155	61551	26823	80	0	0	26106	240	397	26752
0	5	A	40000	46774	53.226	41.395	53226	11831	48	0	0	11407	8	368	11770
0	5	B	40000	42572	57.428	42.436	57428	14992	32	0	0	14699	232	29	14982
0	6	G	40000	2450	97.55	88.8505	97550	11044	167	8	0	9090	1423	356	10730
0	6	A	40000	4587	95.413	90.845	95413	4568	93	0	0	3305	852	318	4317
0	6	B	40000	6668	93.332	86.856	93332	6476	74	8	0	5785	571	38	6413
0	6	cSpy was 13 spamed and the readout avoided!
0	7	G	40000	99933	0.0670016	0	67	134	0	0	0	134	0	0	136
0	7	A	40000	99933	0.0670016	0	67	67	0	0	0	67	0	0	68
0	7	B	40000	99933	0.0670016	0	67	67	0	0	0	67	0	0	68
1	0	G	40000	461	99.539	95.6735	99539	4388	196	12	0	3379	543	258	4105
1	0	A	40000	3300	96.7	93.322	96700	3378	159	12	0	2649	338	220	3141
1	0	B	40000	965	99.035	98.025	99035	1010	37	0	0	730	205	38	964
1	0	cSpy was 20 spamed and the readout avoided!
1	1	G	40000	99932	0.0680029	0	68	136	0	0	0	136	0	0	138
1	1	A	40000	99932	0.0680029	0	68	68	0	0	0	68	0	0	69
1	1	B	40000	99932	0.0680029	0	68	68	0	0	0	68	0	0	69
1	2	G	40000	100000	0	0	0	0	0	0	0	0	0	0	2
1	2	A	40000	100000	0	0	0	0	0	0	0	0	0	0	1
1	2	B	40000	100000	0	0	0	0	0	0	0	0	0	0	1
1	3	G	40000	78796	21.204	7.585	21204	19630	0	0	0	19506	82	42	19631
1	3	A	40000	83628	16.372	7.176	16372	9196	0	0	0	9087	67	42	9196
1	3	B	40000	81572	18.428	7.994	18428	10434	0	0	0	10419	15	0	10435
1	4	G	40000	1111	98.889	93.676	98889	6461	489	9	0	4485	1129	349	5928
1	4	A	40000	4021	95.979	91.972	95979	4007	113	0	0	2781	957	156	3821
1	4	B	40000	2166	97.834	95.38	97834	2454	376	9	0	1704	172	193	2107
1	4	cSpy was 66 spamed and the readout avoided!
1	5	G	40000	92525	7.475	1.285	7475	8184	0	0	0	7726	455	3	8186
1	5	A	40000	95120	4.88	0.813	4880	4067	0	0	0	3887	177	3	4068
1	5	B	40000	94126	5.874	1.757	5874	4117	0	0	0	3839	278	0	4118
1	6	G	40000	100000	0	0	0	0	0	0	0	0	0	0	2
1	6	A	40000	100000	0	0	0	0	0	0	0	0	0	0	1
1	6	B	40000	100000	0	0	0	0	0	0	0	0	0	0	1
1	7	G	40000	99904	0.0959992	0	96	192	0	0	0	192	0	0	194
1	7	A	40000	99904	0.0959992	0	96	96	0	0	0	96	0	0	97
1	7	B	40000	99904	0.0959992	0	96	96	0	0	0	96	0	0	97
2	0	G	40000	2416	97.584	48.23	97584	4047	60	0	0	3799	100	88	3947
2	0	A	40000	2454	97.546	95.027	97546	2519	60	0	0	2271	100	88	2418
2	0	B	40000	97039	2.961	1.433	2961	1528	0	0	0	1528	0	0	1529
2	1	G	40000	100000	0	0	0	0	0	0	0	0	0	0	2
2	1	A	40000	100000	0	0	0	0	0	0	0	0	0	0	1
2	1	B	40000	100000	0	0	0	0	0	0	0	0	0	0	1
2	2	G	40000	21524	78.476	55.158	78476	28603	921	12	0	25634	1257	779	27713
2	2	A	40000	33469	66.531	52.949	66531	13582	471	7	0	11670	921	513	13072
2	2	B	40000	27612	72.388	57.367	72388	15021	450	5	0	13964	336	266	14641
2	2	cSpy was 3 spamed and the readout avoided!
2	3	G	40000	8701	91.299	57.594	91299	40296	120	0	0	35524	4565	87	40171
2	3	A	40000	27609	72.391	46.82	72391	25571	3	0	0	22092	3436	40	25543
2	3	B	40000	16907	83.093	68.368	83093	14725	117	0	0	13432	1129	47	14628
2	3	cSpy was 3 spamed and the readout avoided!
2	4	G	40000	100000	0	0	0	0	0	0	0	0	0	0	2
2	4	A	40000	100000	0	0	0	0	0	0	0	0	0	0	1
2	4	B	40000	100000	0	0	0	0	0	0	0	0	0	0	1
2	5	G	40000	99304	0.695997	0.205	696	841	0	0	0	838	2	1	843
2	5	A	40000	99388	0.612003	0.194	612	418	0	0	0	416	1	1	419
2	5	B	40000	99361	0.638998	0.216	639	423	0	0	0	422	1	0	424
2	6	G	40000	31436	68.564	42.9515	68564	30267	256	3	0	28116	1414	478	30027
2	6	A	40000	45406	54.594	40.361	54594	14233	134	0	0	12355	1365	379	14075
2	6	B	40000	38424	61.576	45.542	61576	16034	122	3	0	15761	49	99	15952
2	7	G	40000	609	99.391	95.8715	99391	4223	272	2	0	3240	438	271	3892
2	7	A	40000	2680	97.32	94.613	97320	2707	34	0	0	2163	338	172	2579
2	7	B	40000	1354	98.646	97.13	98646	1516	238	2	0	1077	100	99	1313
2	7	cSpy was 79 spamed and the readout avoided!
3	0	G	40000	765	99.235	80.4565	99235	17393	271	4	0	16119	362	637	16798
3	0	A	40000	1386	98.614	96.699	98614	1915	196	0	0	1091	24	604	1376
3	0	B	40000	20308	79.692	64.214	79692	15478	75	4	0	15028	338	33	15422
3	0	cSpy was 17 spamed and the readout avoided!
3	1	G	40000	0	100	100	100000	200000	200000	200000	200000	200000	200000	200000	200002
3	1	A	40000	0	100	100	100000	100000	100000	100000	100000	100000	100000	100000	100001
3	1	B	40000	0	100	100	100000	100000	100000	100000	100000	100000	100000	100000	100001
3	2	G	40000	99985	0.0150025	0	15	30	0	0	0	30	0	0	32
3	2	A	40000	99985	0.0150025	0	15	15	0	0	0	15	0	0	16
3	2	B	40000	99985	0.0150025	0	15	15	0	0	0	15	0	0	16
3	3	G	40000	100000	0	0	0	0	0	0	0	0	0	0	2
3	3	A	40000	100000	0	0	0	0	0	0	0	0	0	0	1
3	3	B	40000	100000	0	0	0	0	0	0	0	0	0	0	1
3	4	G	40000	79978	20.022	9.5335	20022	16824	20	0	0	16707	71	26	16804
3	4	A	40000	82137	17.863	9.399	17863	8464	10	0	0	8418	14	22	8448
3	4	B	40000	81972	18.028	9.668	18028	8360	10	0	0	8289	57	4	8356
3	5	G	40000	0	100	100	100000	200000	200000	200000	200000	200000	200000	200000	200002
3	5	A	40000	0	100	100	100000	100000	100000	100000	100000	100000	100000	100000	100001
3	5	B	40000	0	100	100	100000	100000	100000	100000	100000	100000	100000	100000	100001
3	6	G	40000	67414	32.586	26.033	32586	12026	223	3	0	11170	321	309	11667
3	6	A	40000	67738	32.262	26.089	32262	6173	113	1	0	5563	267	229	5933
3	6	B	40000	68170	31.83	25.977	31830	5853	110	2	0	5607	54	80	5734
3	6	cSpy was 97 spamed and the readout avoided!
3	7	G	40000	100000	0	0	0	0	0	0	0	0	0	0	2
3	7	A	40000	100000	0	0	0	0	0	0	0	0	0	0	1
3	7	B	40000	100000	0	0	0	0	0	0	0	0	0	0	1
4	0	G	40000	1030	98.97	52.8265	98970	22571	197	0	0	20976	889	509	22083
4	0	A	40000	1307	98.693	96.903	98693	1790	194	0	0	713	375	508	1303
4	0	B	40000	70469	29.531	8.75	29531	20781	3	0	0	20263	514	1	20780
4	0	cSpy was 8 spamed and the readout avoided!
4	1	G	40000	100000	0	0	0	0	0	0	0	0	0	0	2
4	1	A	40000	100000	0	0	0	0	0	0	0	0	0	0	1
4	1	B	40000	100000	0	0	0	0	0	0	0	0	0	0	1
4	2	G	40000	95676	4.324	2.0785	4324	3365	2	0	0	3353	0	10	3365
4	2	A	40000	96234	3.766	2.114	3766	1652	1	0	0	1641	0	10	1651
4	2	B	40000	96244	3.756	2.043	3756	1713	1	0	0	1712	0	0	1714
4	3	G	40000	16877	83.123	61.065	83123	32986	782	23	1	31252	147	782	31854
4	3	A	40000	22046	77.954	61.432	77954	16522	384	16	0	15503	40	579	15757
4	3	B	40000	22838	77.162	60.698	77162	16464	398	7	1	15749	107	203	16097
4	3	cSpy was 91 spamed and the readout avoided!
4	4	G	40000	13173	86.827	52.2215	86827	45173	107	7	0	40405	4237	417	44886
4	4	A	40000	24942	75.058	52.648	75058	22410	57	3	0	19479	2483	388	22163
4	4	B	40000	25442	74.558	51.795	74558	22763	50	4	0	20926	1754	29	22723
4	4	cSpy was 26 spamed and the readout avoided!
4	5	G	40000	100000	0	0	0	0	0	0	0	0	0	0	2
4	5	A	40000	100000	0	0	0	0	0	0	0	0	0	0	1
4	5	B	40000	100000	0	0	0	0	0	0	0	0	0	0	1
4	6	G	40000	100000	0	0	0	0	0	0	0	0	0	0	2
4	6	A	40000	100000	0	0	0	0	0	0	0	0	0	0	1
4	6	B	40000	100000	0	0	0	0	0	0	0	0	0	0	1
4	7	G	40000	21701	78.299	55.905	78299	35645	492	0	0	34685	58	410	34997
4	7	A	40000	26078	73.922	56.084	73922	17838	237	0	0	17302	0	299	17387
4	7	B	40000	26467	73.533	55.726	73533	17807	255	0	0	17383	58	111	17610
4	7	cSpy was 7 spamed and the readout avoided!
5	0	G	40000	503	99.497	56.719	99497	14731	138	1	0	13633	115	844	14172
5	0	A	40000	603	99.397	98.235	99397	1162	135	0	0	88	96	843	603
5	0	B	40000	71228	28.772	15.203	28772	13569	3	1	0	13545	19	1	13569
5	0	cSpy was 72 spamed and the readout avoided!
5	1	G	40000	24719	75.281	51.6775	75281	37164	363	0	0	36472	4	325	36712
5	1	A	40000	29630	70.37	51.798	70370	18572	183	0	0	18143	0	246	18247
5	1	B	40000	29851	70.149	51.557	70149	18592	180	0	0	18329	4	79	18465
5	1	cSpy was 6 spamed and the readout avoided!
5	2	G	40000	55	99.945	98.229	99945	2162	85	1	0	1068	97	911	1374
5	2	A	40000	164	99.836	99.054	99836	782	2	0	0	30	0	750	163
5	2	B	40000	1216	98.784	97.404	98784	1380	83	1	0	1038	97	161	1211
5	2	cSpy was 48 spamed and the readout avoided!
5	3	G	40000	99846	0.154001	0	154	308	0	0	0	308	0	0	310
5	3	A	40000	99846	0.154001	0	154	154	0	0	0	154	0	0	155
5	3	B	40000	99846	0.154001	0	154	154	0	0	0	154	0	0	155
5	4	G	40000	100000	0	0	0	0	0	0	0	0	0	0	2
5	4	A	40000	100000	0	0	0	0	0	0	0	0	0	0	1
5	4	B	40000	100000	0	0	0	0	0	0	0	0	0	0	1
5	5	G	40000	67524	32.476	13.809	32476	28935	11	1	0	28880	4	39	28924
5	5	A	40000	71666	28.334	14.08	28334	14254	6	1	0	14209	4	34	14246
5	5	B	40000	71781	28.219	13.538	28219	14681	5	0	0	14671	0	5	14678
5	6	G	40000	0	100	100	100000	200000	200000	200000	200000	200000	200000	200000	200002
5	6	A	40000	0	100	100	100000	100000	100000	100000	100000	100000	100000	100000	100001
5	6	B	40000	0	100	100	100000	100000	100000	100000	100000	100000	100000	100000	100001
5	7	G	40000	65077	34.923	7.725	34923	39663	1	2	0	35615	3963	82	39636
5	7	A	40000	70744	29.256	7.97	29256	21286	1	2	0	18138	3064	81	21258
5	7	B	40000	74143	25.857	7.48	25857	18377	0	0	0	17477	899	1	18378
6	0	G	40000	539	99.461	96.1915	99461	4082	292	4	0	2080	1063	643	3527
6	0	A	40000	1188	98.812	97.179	98812	1633	161	1	0	169	724	578	1188
6	0	B	40000	2347	97.653	95.204	97653	2449	131	3	0	1911	339	65	2339
6	0	cSpy was 50 spamed and the readout avoided!
6	1	G	40000	16496	83.504	41.239	83504	54796	19	0	0	48317	6107	353	54601
6	1	A	40000	30058	69.942	43.669	69942	26273	19	0	0	22392	3510	352	26077
6	1	B	40000	32668	67.332	38.809	67332	28523	0	0	0	25925	2597	1	28524
6	1	cSpy was 85 spamed and the readout avoided!
6	2	G	40000	100000	0	0	0	0	0	0	0	0	0	0	2
6	2	A	40000	100000	0	0	0	0	0	0	0	0	0	0	1
6	2	B	40000	100000	0	0	0	0	0	0	0	0	0	0	1
6	3	G	40000	99647	0.353003	0.025	353	626	0	0	0	625	1	0	628
6	3	A	40000	99659	0.340998	0.029	341	312	0	0	0	311	1	0	313
6	3	B	40000	99665	0.335002	0.021	335	314	0	0	0	314	0	0	315
6	4	G	40000	18709	81.291	59.331	81291	33730	696	2	0	32302	117	613	32793
6	4	A	40000	23466	76.534	59.658	76534	16876	350	2	0	16058	9	457	16221
6	4	B	40000	24142	75.858	59.004	75858	16854	346	0	0	16244	108	156	16572
6	4	cSpy was 15 spamed and the readout avoided!
6	5	G	40000	5558	94.442	76.793	94442	22949	54	6	1	20540	1783	565	22645
6	5	A	40000	11072	88.928	77.919	88928	11009	6	1	0	9679	797	526	10750
6	5	B	40000	12393	87.607	75.667	87607	11940	48	5	1	10861	986	39	11895
6	5	cSpy was 14 spamed and the readout avoided!
6	6	G	40000	100000	0	0	0	0	0	0	0	0	0	0	2
6	6	A	40000	100000	0	0	0	0	0	0	0	0	0	0	1
6	6	B	40000	100000	0	0	0	0	0	0	0	0	0	0	1
6	7	G	40000	100000	0	0	0	0	0	0	0	0	0	0	2
6	7	A	40000	100000	0	0	0	0	0	0	0	0	0	0	1
6	7	B	40000	100000	0	0	0	0	0	0	0	0	0	0	1
7	0	G	40000	1975	98.025	48.0315	98025	3479	201	0	0	2627	78	573	2977
7	0	A	40000	1997	98.003	95.527	98003	2476	201	0	0	1624	78	573	1973
7	0	B	40000	98461	1.539	0.536	1539	1003	0	0	0	1003	0	0	1004
7	1	G	40000	100000	0	0	0	0	0	0	0	0	0	0	2
7	1	A	40000	100000	0	0	0	0	0	0	0	0	0	0	1
7	1	B	40000	100000	0	0	0	0	0	0	0	0	0	0	1
7	2	G	40000	88971	11.029	2.1865	11029	13869	1	2	0	13758	86	22	13868
7	2	A	40000	90612	9.388	2.456	9388	6932	1	2	0	6842	65	22	6930
7	2	B	40000	91146	8.854	1.917	8854	6937	0	0	0	6916	21	0	6938
7	2	cSpy was 1 spamed and the readout avoided!
7	3	G	40000	0	100	100	100000	200000	200000	200000	200000	200000	200000	200000	200002
7	3	A	40000	0	100	100	100000	100000	100000	100000	100000	100000	100000	100000	100001
7	3	B	40000	0	100	100	100000	100000	100000	100000	100000	100000	100000	100000	100001
7	4	G	40000	95386	4.614	0.185	4614	8657	0	0	0	8493	164	0	8659
7	4	A	40000	95406	4.594	0.185	4594	4409	0	0	0	4266	143	0	4410
7	4	B	40000	95567	4.433	0.185	4433	4248	0	0	0	4227	21	0	4249
7	5	G	40000	100000	0	0	0	0	0	0	0	0	0	0	2
7	5	A	40000	100000	0	0	0	0	0	0	0	0	0	0	1
7	5	B	40000	100000	0	0	0	0	0	0	0	0	0	0	1
7	6	G	40000	99558	0.441998	0.0215	442	830	0	0	0	828	2	0	832
7	6	A	40000	99559	0.441003	0.025	441	416	0	0	0	414	2	0	417
7	6	B	40000	99568	0.432003	0.018	432	414	0	0	0	414	0	0	415
7	7	G	40000	32561	67.439	37.339	67439	43638	12	1	0	41600	1818	207	43557
7	7	A	40000	40238	59.762	38.005	59762	21757	2	1	0	20717	832	205	21679
7	7	B	40000	41446	58.554	36.673	58554	21881	10	0	0	20883	986	2	21878
7	7	cSpy was 7 spamed and the readout avoided!
