#the gain was set to: 2	the bias was set to: 30
#Sent triggers per delay setting: 100000	and with a frequency [Hz] of: 40000
#160MHz delay setting	400MHz delay setting	Frequency	correct transmitted H+T		error rate [%]	uncertainty [%]	bad or missed events	error count	missing headers	missing trailers	flipped H/T	event nr errors	tbm missed trigger	unknown errors	event nr resets
0	0	G	40000	427	99.573	71.8105	99573	19270	107	0	0	18201	347	615	18731
0	0	A	40000	635	99.365	98.198	99365	1167	92	0	0	209	266	600	635
0	0	B	40000	36474	63.526	45.423	63526	18103	15	0	0	17992	81	15	18096
0	0	cSpy was 28 spamed and the readout avoided!
0	1	G	40000	26284	73.716	54.3995	73716	25962	613	1	0	24575	2	771	25416
0	1	A	40000	35305	64.695	53.966	64695	10729	297	0	0	9930	1	501	10436
0	1	B	40000	29934	70.066	54.833	70066	15233	316	1	0	14645	1	270	14980
0	2	G	40000	8741	91.259	72.4035	91259	22844	238	4	0	19085	3303	214	22586
0	2	A	40000	18795	81.205	67.687	81205	13518	66	0	0	11094	2230	128	13411
0	2	B	40000	13554	86.446	77.12	86446	9326	172	4	0	7991	1073	86	9175
0	2	cSpy was 30 spamed and the readout avoided!
0	3	G	40000	100000	0	0	0	0	0	0	0	0	0	0	2
0	3	A	40000	100000	0	0	0	0	0	0	0	0	0	0	1
0	3	B	40000	100000	0	0	0	0	0	0	0	0	0	0	1
0	4	G	40000	99699	0.300997	0.0795	301	400	0	0	0	400	0	0	402
0	4	A	40000	99729	0.270998	0.078	271	193	0	0	0	193	0	0	194
0	4	B	40000	99712	0.287998	0.081	288	207	0	0	0	207	0	0	208
0	5	G	40000	28355	71.645	50.03	71645	27871	174	2	0	27102	44	549	27698
0	5	A	40000	38625	61.375	49.313	61375	12062	90	0	0	11475	20	477	11936
0	5	B	40000	33444	66.556	50.747	66556	15809	84	2	0	15627	24	72	15762
0	6	G	40000	2428	97.572	87.428	97572	12533	186	6	0	9854	2153	334	12222
0	6	A	40000	4693	95.307	90.614	95307	4693	93	0	0	3373	931	296	4454
0	6	B	40000	7918	92.082	84.242	92082	7840	93	6	0	6481	1222	38	7768
0	6	cSpy was 14 spamed and the readout avoided!
0	7	G	40000	77435	22.565	13.578	22565	10832	29	0	0	9131	1655	17	10810
0	7	A	40000	82464	17.536	10.801	17536	6735	4	0	0	5576	1145	10	6727
0	7	B	40000	79548	20.452	16.355	20452	4097	25	0	0	3555	510	7	4083
1	0	G	40000	271	99.729	97.445	99729	2683	173	3	0	2013	199	295	2380
1	0	A	40000	1824	98.176	96.134	98176	2042	153	3	0	1486	151	249	1779
1	0	B	40000	603	99.397	98.756	99397	641	20	0	0	527	48	46	601
1	0	cSpy was 13 spamed and the readout avoided!
1	1	G	40000	99895	0.105	0.035	105	140	0	0	0	140	0	0	142
1	1	A	40000	99895	0.105	0.035	105	70	0	0	0	70	0	0	71
1	1	B	40000	99895	0.105	0.035	105	70	0	0	0	70	0	0	71
1	2	G	40000	100000	0	0	0	0	0	0	0	0	0	0	2
1	2	A	40000	100000	0	0	0	0	0	0	0	0	0	0	1
1	2	B	40000	100000	0	0	0	0	0	0	0	0	0	0	1
1	3	G	40000	92650	7.35	1.6245	7350	8993	0	0	0	8939	45	9	8995
1	3	A	40000	94213	5.787	1.405	5787	4382	0	0	0	4349	24	9	4383
1	3	B	40000	93545	6.455	1.844	6455	4611	0	0	0	4590	21	0	4612
1	4	G	40000	783	99.217	95.6535	99217	4507	317	1	0	2611	1281	297	4098
1	4	A	40000	2682	97.318	94.557	97318	2761	108	0	0	1501	1039	113	2605
1	4	B	40000	1504	98.496	96.75	98496	1746	209	1	0	1110	242	184	1493
1	4	cSpy was 46 spamed and the readout avoided!
1	5	G	40000	92654	7.346	1.217	7346	8514	0	0	0	8193	321	0	8516
1	5	A	40000	94950	5.05	0.802	5050	4248	0	0	0	4109	139	0	4249
1	5	B	40000	94102	5.898	1.632	5898	4266	0	0	0	4084	182	0	4267
1	6	G	40000	100000	0	0	0	0	0	0	0	0	0	0	2
1	6	A	40000	100000	0	0	0	0	0	0	0	0	0	0	1
1	6	B	40000	100000	0	0	0	0	0	0	0	0	0	0	1
1	7	G	40000	99709	0.291002	0.0155	291	542	0	0	0	542	0	0	544
1	7	A	40000	99715	0.285	0.014	285	271	0	0	0	271	0	0	272
1	7	B	40000	99712	0.287998	0.017	288	271	0	0	0	271	0	0	272
2	0	G	40000	2439	97.561	48.222	97561	4087	41	0	0	3860	105	81	4007
2	0	A	40000	2483	97.517	94.989	97517	2528	41	0	0	2301	105	81	2447
2	0	B	40000	96986	3.014	1.455	3014	1559	0	0	0	1559	0	0	1560
2	1	G	40000	97757	2.243	0.8415	2243	2095	0	0	0	2085	3	7	2097
2	1	A	40000	98203	1.797	0.809	1797	988	0	0	0	978	3	7	989
2	1	B	40000	98019	1.981	0.874	1981	1107	0	0	0	1107	0	0	1108
2	2	G	40000	24487	75.513	54.017	75513	26932	866	1	0	23861	1454	750	26134
2	2	A	40000	35513	64.487	52.159	64487	12328	486	1	0	10886	474	481	11841
2	2	B	40000	29521	70.479	55.875	70479	14604	380	0	0	12975	980	269	14293
2	3	G	40000	7426	92.574	65.492	92574	32880	140	16	0	28498	4057	169	32700
2	3	A	40000	22065	77.935	57.207	77935	20728	29	0	0	17794	2840	65	20666
2	3	B	40000	14071	85.929	73.777	85929	12152	111	16	0	10704	1217	104	12034
2	3	cSpy was 23 spamed and the readout avoided!
2	4	G	40000	100000	0	0	0	0	0	0	0	0	0	0	2
2	4	A	40000	100000	0	0	0	0	0	0	0	0	0	0	1
2	4	B	40000	100000	0	0	0	0	0	0	0	0	0	0	1
2	5	G	40000	100000	0	0	0	0	0	0	0	0	0	0	2
2	5	A	40000	100000	0	0	0	0	0	0	0	0	0	0	1
2	5	B	40000	100000	0	0	0	0	0	0	0	0	0	0	1
2	6	G	40000	36001	63.999	44.2505	63999	23932	397	0	0	22011	990	534	23612
2	6	A	40000	46949	53.051	42.478	53051	10573	229	0	0	9262	677	405	10351
2	6	B	40000	40618	59.382	46.023	59382	13359	168	0	0	12749	313	129	13261
2	7	G	40000	0	100	100	100000	200000	200000	200000	200000	200000	200000	200000	200002
2	7	A	40000	0	100	100	100000	100000	100000	100000	100000	100000	100000	100000	100001
2	7	B	40000	0	100	100	100000	100000	100000	100000	100000	100000	100000	100000	100001
3	0	G	40000	767	99.233	80.8185	99233	17204	304	3	0	15848	386	663	16612
3	0	A	40000	1390	98.61	96.702	98610	1908	215	0	0	1042	28	623	1379
3	0	B	40000	19769	80.231	64.935	80231	15296	89	3	0	14806	358	40	15233
3	0	cSpy was 59 spamed and the readout avoided!
3	1	G	40000	0	100	100	100000	200000	200000	200000	200000	200000	200000	200000	200002
3	1	A	40000	0	100	100	100000	100000	100000	100000	100000	100000	100000	100000	100001
3	1	B	40000	0	100	100	100000	100000	100000	100000	100000	100000	100000	100000	100001
3	2	G	40000	85757	14.243	3.5775	14243	15241	4	1	0	14046	1178	12	15238
3	2	A	40000	88609	11.391	3.509	11391	7882	2	0	0	6851	1017	12	7881
3	2	B	40000	88995	11.005	3.646	11005	7359	2	1	0	7195	161	0	7357
3	2	cSpy was 2 spamed and the readout avoided!
3	3	G	40000	100000	0	0	0	0	0	0	0	0	0	0	2
3	3	A	40000	100000	0	0	0	0	0	0	0	0	0	0	1
3	3	B	40000	100000	0	0	0	0	0	0	0	0	0	0	1
3	4	G	40000	89106	10.894	2.759	10894	14385	0	0	0	14356	25	4	14387
3	4	A	40000	90128	9.872	2.636	9872	7236	0	0	0	7214	18	4	7237
3	4	B	40000	89969	10.031	2.882	10031	7149	0	0	0	7142	7	0	7150
3	5	G	40000	0	100	100	100000	200000	200000	200000	200000	200000	200000	200000	200002
3	5	A	40000	0	100	100	100000	100000	100000	100000	100000	100000	100000	100000	100001
3	5	B	40000	0	100	100	100000	100000	100000	100000	100000	100000	100000	100000	100001
3	6	G	40000	69033	30.967	25.0855	30967	10911	53	0	0	10263	484	111	10798
3	6	A	40000	69102	30.898	25.556	30898	5342	0	0	0	5109	205	28	5317
3	6	B	40000	69816	30.184	24.615	30184	5569	53	0	0	5154	279	83	5481
3	6	cSpy was 99 spamed and the readout avoided!
3	7	G	40000	100000	0	0	0	0	0	0	0	0	0	0	2
3	7	A	40000	100000	0	0	0	0	0	0	0	0	0	0	1
3	7	B	40000	100000	0	0	0	0	0	0	0	0	0	0	1
4	0	G	40000	1058	98.942	60.012	98942	22436	199	4	0	20595	1245	393	22056
4	0	A	40000	1611	98.389	96.42	98389	1969	161	0	0	1034	385	389	1607
4	0	B	40000	55929	44.071	23.604	44071	20467	38	4	0	19561	860	4	20449
4	0	cSpy was 5 spamed and the readout avoided!
4	1	G	40000	100000	0	0	0	0	0	0	0	0	0	0	2
4	1	A	40000	100000	0	0	0	0	0	0	0	0	0	0	1
4	1	B	40000	100000	0	0	0	0	0	0	0	0	0	0	1
4	2	G	40000	99325	0.674999	0.066	675	1156	0	0	0	1156	0	0	1158
4	2	A	40000	99349	0.651002	0.075	651	576	0	0	0	576	0	0	577
4	2	B	40000	99363	0.637001	0.057	637	580	0	0	0	580	0	0	581
4	3	G	40000	21982	78.018	55.633	78018	35002	680	1	0	33705	97	519	34115
4	3	A	40000	26604	73.396	55.88	73396	17516	336	1	0	16797	3	379	16910
4	3	B	40000	27128	72.872	55.386	72872	17486	344	0	0	16908	94	140	17205
4	3	cSpy was 7 spamed and the readout avoided!
4	4	G	40000	13729	86.271	52.629	86271	44013	42	5	0	39603	4118	245	43860
4	4	A	40000	25248	74.752	52.895	74752	21857	20	2	0	19043	2558	234	21720
4	4	B	40000	25481	74.519	52.363	74519	22156	22	3	0	20560	1560	11	22140
4	4	cSpy was 16 spamed and the readout avoided!
4	5	G	40000	100000	0	0	0	0	0	0	0	0	0	0	2
4	5	A	40000	100000	0	0	0	0	0	0	0	0	0	0	1
4	5	B	40000	100000	0	0	0	0	0	0	0	0	0	0	1
4	6	G	40000	100000	0	0	0	0	0	0	0	0	0	0	2
4	6	A	40000	100000	0	0	0	0	0	0	0	0	0	0	1
4	6	B	40000	100000	0	0	0	0	0	0	0	0	0	0	1
4	7	G	40000	20459	79.541	58.268	79541	34592	762	0	0	33118	126	586	33554
4	7	A	40000	24176	75.824	58.517	75824	17307	367	0	0	16533	0	407	16627
4	7	B	40000	24696	75.304	58.019	75304	17285	395	0	0	16585	126	179	16927
4	7	cSpy was 9 spamed and the readout avoided!
5	0	G	40000	518	99.482	56.647	99482	14621	132	0	0	13552	110	827	14111
5	0	A	40000	624	99.376	98.242	99376	1134	132	0	0	78	97	827	623
5	0	B	40000	71461	28.539	15.052	28539	13487	0	0	0	13474	13	0	13488
5	0	cSpy was 72 spamed and the readout avoided!
5	1	G	40000	30425	69.575	46.1645	69575	36459	277	0	0	35902	8	272	36142
5	1	A	40000	35559	64.441	46.259	64441	18182	137	0	0	17827	3	215	17949
5	1	B	40000	35653	64.347	46.07	64347	18277	140	0	0	18075	5	57	18193
5	1	cSpy was 6 spamed and the readout avoided!
5	2	G	40000	58	99.942	98.177	99942	2199	96	0	0	1103	82	918	1439
5	2	A	40000	175	99.825	99.048	99825	777	1	0	0	12	1	763	175
5	2	B	40000	1272	98.728	97.306	98728	1422	95	0	0	1091	81	155	1264
5	2	cSpy was 70 spamed and the readout avoided!
5	3	G	40000	99774	0.226003	0	226	452	0	0	0	452	0	0	454
5	3	A	40000	99774	0.226003	0	226	226	0	0	0	226	0	0	227
5	3	B	40000	99774	0.226003	0	226	226	0	0	0	226	0	0	227
5	4	G	40000	100000	0	0	0	0	0	0	0	0	0	0	2
5	4	A	40000	100000	0	0	0	0	0	0	0	0	0	0	1
5	4	B	40000	100000	0	0	0	0	0	0	0	0	0	0	1
5	5	G	40000	75411	24.589	9.076	24589	24605	2	0	0	24577	3	23	24603
5	5	A	40000	78535	21.465	9.331	21465	12134	1	0	0	12109	3	21	12132
5	5	B	40000	78708	21.292	8.821	21292	12471	1	0	0	12468	0	2	12471
5	5	cSpy was 1 spamed and the readout avoided!
5	6	G	40000	2	99.998	97.705	99998	2402	193	0	0	754	1296	159	2186
5	6	A	40000	8	99.992	99.927	99992	65	0	0	0	0	2	63	8
5	6	B	40000	2180	97.82	95.483	97820	2337	193	0	0	754	1294	96	2178
5	6	cSpy was 24 spamed and the readout avoided!
5	7	G	40000	53396	46.604	10.1115	46604	51327	4	1	0	46299	4923	100	51301
5	7	A	40000	62265	37.735	10.566	37735	27169	4	1	0	23390	3675	99	27143
5	7	B	40000	66185	33.815	9.657	33815	24158	0	0	0	22909	1248	1	24158
5	7	cSpy was 1 spamed and the readout avoided!
6	0	G	40000	683	99.317	94.8385	99317	5489	307	6	0	2875	1483	818	4822
6	0	A	40000	1570	98.43	96.286	98430	2144	164	4	0	200	999	777	1570
6	0	B	40000	3264	96.736	93.391	96736	3345	143	2	0	2675	484	41	3252
6	0	cSpy was 44 spamed and the readout avoided!
6	1	G	40000	18394	81.606	31.9875	81606	64394	1	0	0	57338	6794	261	64267
6	1	A	40000	34072	65.928	35.253	65928	30675	0	0	0	26579	3838	258	30547
6	1	B	40000	37559	62.441	28.722	62441	33719	1	0	0	30759	2956	3	33720
6	1	cSpy was 8 spamed and the readout avoided!
6	2	G	40000	100000	0	0	0	0	0	0	0	0	0	0	2
6	2	A	40000	100000	0	0	0	0	0	0	0	0	0	0	1
6	2	B	40000	100000	0	0	0	0	0	0	0	0	0	0	1
6	3	G	40000	99750	0.25	0.0545	250	300	1	0	0	298	1	0	302
6	3	A	40000	99789	0.211	0.06	211	151	1	0	0	150	0	0	152
6	3	B	40000	99802	0.198001	0.049	198	149	0	0	0	148	1	0	150
6	4	G	40000	18758	81.242	59.433	81242	33764	796	0	0	32224	127	617	32704
6	4	A	40000	23349	76.651	59.753	76651	16898	393	0	0	16061	2	442	16180
6	4	B	40000	24021	75.979	59.113	75979	16866	403	0	0	16163	125	175	16524
6	4	cSpy was 12 spamed and the readout avoided!
6	5	G	40000	8701	91.299	74.4755	91299	21951	151	4	0	19363	1866	567	21555
6	5	A	40000	13723	86.277	75.854	86277	10423	11	1	0	9007	963	441	10199
6	5	B	40000	15375	84.625	73.097	84625	11528	140	3	0	10356	903	126	11356
6	5	cSpy was 44 spamed and the readout avoided!
6	6	G	40000	100000	0	0	0	0	0	0	0	0	0	0	2
6	6	A	40000	100000	0	0	0	0	0	0	0	0	0	0	1
6	6	B	40000	100000	0	0	0	0	0	0	0	0	0	0	1
6	7	G	40000	99996	0.00399947	0	4	8	0	0	0	8	0	0	10
6	7	A	40000	99996	0.00399947	0	4	4	0	0	0	4	0	0	5
6	7	B	40000	99996	0.00399947	0	4	4	0	0	0	4	0	0	5
7	0	G	40000	2063	97.937	49.5185	97937	10212	197	1	0	9226	302	486	9782
7	0	A	40000	2297	97.703	95.014	97703	2689	195	1	0	1939	68	486	2260
7	0	B	40000	88454	11.546	4.023	11546	7523	2	0	0	7287	234	0	7522
7	1	G	40000	100000	0	0	0	0	0	0	0	0	0	0	2
7	1	A	40000	100000	0	0	0	0	0	0	0	0	0	0	1
7	1	B	40000	100000	0	0	0	0	0	0	0	0	0	0	1
7	2	G	40000	91489	8.511	1.479	8511	11222	2	0	0	11133	72	15	11220
7	2	A	40000	92726	7.274	1.669	7274	5605	2	0	0	5528	60	15	5602
7	2	B	40000	93094	6.906	1.289	6906	5617	0	0	0	5605	12	0	5618
7	3	G	40000	0	100	100	100000	200000	200000	200000	200000	200000	200000	200000	200002
7	3	A	40000	0	100	100	100000	100000	100000	100000	100000	100000	100000	100000	100001
7	3	B	40000	0	100	100	100000	100000	100000	100000	100000	100000	100000	100000	100001
7	4	G	40000	93830	6.17	0.385	6170	11178	0	0	0	10847	325	6	11180
7	4	A	40000	93860	6.14	0.385	6140	5755	0	0	0	5455	294	6	5756
7	4	B	40000	94192	5.808	0.385	5808	5423	0	0	0	5392	31	0	5424
7	5	G	40000	100000	0	0	0	0	0	0	0	0	0	0	2
7	5	A	40000	100000	0	0	0	0	0	0	0	0	0	0	1
7	5	B	40000	100000	0	0	0	0	0	0	0	0	0	0	1
7	6	G	40000	99619	0.380999	0.0275	381	667	0	0	0	662	3	2	668
7	6	A	40000	99633	0.366998	0.034	367	333	0	0	0	328	3	2	333
7	6	B	40000	99645	0.354999	0.021	355	334	0	0	0	334	0	0	335
7	7	G	40000	41125	58.875	30.5925	58875	40847	25	19	0	39082	1541	180	40765
7	7	A	40000	48313	51.687	31.222	51687	20465	14	19	0	19565	690	177	20387
7	7	B	40000	49655	50.345	29.963	50345	20382	11	0	0	19517	851	3	20378
7	7	cSpy was 7 spamed and the readout avoided!
