#the gain was set to: 2	the bias was set to: 30
#Sent triggers per delay setting: 100000	and with a frequency [Hz] of: 40000
#160MHz delay setting	400MHz delay setting	Frequency	correct transmitted H+T		error rate [%]	uncertainty [%]	bad or missed events	error count	missing headers	missing trailers	flipped H/T	event nr errors	tbm missed trigger	unknown errors	event nr resets
0	0	G	40000	414	99.586	71.8815	99586	19339	104	0	0	18295	352	588	18831
0	0	A	40000	639	99.361	98.221	99361	1140	92	0	0	199	272	577	639
0	0	B	40000	36259	63.741	45.542	63741	18199	12	0	0	18096	80	11	18192
0	0	cSpy was 27 spamed and the readout avoided!
0	1	G	40000	27064	72.936	53.025	72936	25712	431	0	0	24632	3	646	25346
0	1	A	40000	36860	63.14	52.449	63140	10691	213	0	0	10001	1	476	10474
0	1	B	40000	31378	68.622	53.601	68622	15021	218	0	0	14631	2	170	14872
0	2	G	40000	6160	93.84	73.2295	93840	26116	68	1	0	22088	3710	249	25952
0	2	A	40000	14445	85.555	71.969	85555	13586	26	0	0	11082	2245	233	13447
0	2	B	40000	12980	87.02	74.49	87020	12530	42	1	0	11006	1465	16	12505
0	2	cSpy was 1 spamed and the readout avoided!
0	3	G	40000	100000	0	0	0	0	0	0	0	0	0	0	2
0	3	A	40000	100000	0	0	0	0	0	0	0	0	0	0	1
0	3	B	40000	100000	0	0	0	0	0	0	0	0	0	0	1
0	4	G	40000	99790	0.209999	0.0475	210	305	0	0	0	304	0	1	307
0	4	A	40000	99806	0.194001	0.047	194	147	0	0	0	146	0	1	148
0	4	B	40000	99794	0.206	0.048	206	158	0	0	0	158	0	0	159
0	5	G	40000	29811	70.189	47.773	70189	28780	111	0	0	28067	86	516	28648
0	5	A	40000	40314	59.686	47.057	59686	12629	61	0	0	12077	35	456	12530
0	5	B	40000	35360	64.64	48.489	64640	16151	50	0	0	15990	51	60	16118
0	6	G	40000	2481	97.519	88.3145	97519	11655	219	5	0	9300	1804	327	11328
0	6	A	40000	4812	95.188	90.375	95188	4813	108	0	0	3543	878	284	4567
0	6	B	40000	6904	93.096	86.254	93096	6842	111	5	0	5757	926	43	6761
0	6	cSpy was 14 spamed and the readout avoided!
0	7	G	40000	99825	0.174999	0.055	175	240	0	0	0	240	0	0	242
0	7	A	40000	99825	0.174999	0.055	175	120	0	0	0	120	0	0	121
0	7	B	40000	99825	0.174999	0.055	175	120	0	0	0	120	0	0	121
1	0	G	40000	343	99.657	96.8285	99657	3293	190	9	0	2451	338	305	2969
1	0	A	40000	2337	97.663	95.125	97663	2538	170	9	0	1870	227	262	2256
1	0	B	40000	713	99.287	98.532	99287	755	20	0	0	581	111	43	713
1	0	cSpy was 17 spamed and the readout avoided!
1	1	G	40000	99816	0.184	0.047	184	274	0	0	0	274	0	0	276
1	1	A	40000	99816	0.184	0.047	184	137	0	0	0	137	0	0	138
1	1	B	40000	99816	0.184	0.047	184	137	0	0	0	137	0	0	138
1	2	G	40000	100000	0	0	0	0	0	0	0	0	0	0	2
1	2	A	40000	100000	0	0	0	0	0	0	0	0	0	0	1
1	2	B	40000	100000	0	0	0	0	0	0	0	0	0	0	1
1	3	G	40000	86738	13.262	4.0125	13262	12865	2	0	0	12706	127	30	12862
1	3	A	40000	90109	9.891	3.582	9891	6309	1	0	0	6185	94	29	6305
1	3	B	40000	89001	10.999	4.443	10999	6556	1	0	0	6521	33	1	6557
1	4	G	40000	919	99.081	94.7675	99081	5384	386	7	0	3407	1282	302	4918
1	4	A	40000	3344	96.656	93.298	96656	3358	105	0	0	2106	1023	124	3198
1	4	B	40000	1737	98.263	96.237	98263	2026	281	7	0	1301	259	178	1720
1	4	cSpy was 61 spamed and the readout avoided!
1	5	G	40000	92582	7.418	1.2265	7418	8362	0	0	0	8022	340	0	8364
1	5	A	40000	95049	4.951	0.792	4951	4159	0	0	0	4022	137	0	4160
1	5	B	40000	94136	5.864	1.661	5864	4203	0	0	0	4000	203	0	4204
1	6	G	40000	100000	0	0	0	0	0	0	0	0	0	0	2
1	6	A	40000	100000	0	0	0	0	0	0	0	0	0	0	1
1	6	B	40000	100000	0	0	0	0	0	0	0	0	0	0	1
1	7	G	40000	99878	0.121999	0.002	122	240	0	0	0	240	0	0	242
1	7	A	40000	99878	0.121999	0.002	122	120	0	0	0	120	0	0	121
1	7	B	40000	99878	0.121999	0.002	122	120	0	0	0	120	0	0	121
2	0	G	40000	2491	97.509	48.195	97509	4128	40	1	0	3905	101	81	4044
2	0	A	40000	2531	97.469	94.904	97469	2565	40	1	0	2343	101	80	2481
2	0	B	40000	96951	3.049	1.486	3049	1563	0	0	0	1562	0	1	1563
2	1	G	40000	99399	0.601	0.179	601	579	0	0	0	574	5	0	581
2	1	A	40000	99559	0.441003	0.159	441	282	0	0	0	278	4	0	283
2	1	B	40000	99504	0.496	0.199	496	297	0	0	0	296	1	0	298
2	2	G	40000	21697	78.303	54.903	78303	28629	915	7	0	25642	1268	797	27754
2	2	A	40000	33729	66.271	52.69	66271	13581	466	5	0	11663	927	520	13075
2	2	B	40000	27836	72.164	57.116	72164	15048	449	2	0	13979	341	277	14679
2	2	cSpy was 1 spamed and the readout avoided!
2	3	G	40000	13938	86.062	64.358	86062	25463	166	0	0	22349	2748	200	25230
2	3	A	40000	26602	73.398	57.538	73398	15860	76	0	0	13566	2110	108	15738
2	3	B	40000	19219	80.781	71.178	80781	9603	90	0	0	8783	638	92	9492
2	3	cSpy was 10 spamed and the readout avoided!
2	4	G	40000	100000	0	0	0	0	0	0	0	0	0	0	2
2	4	A	40000	100000	0	0	0	0	0	0	0	0	0	0	1
2	4	B	40000	100000	0	0	0	0	0	0	0	0	0	0	1
2	5	G	40000	100000	0	0	0	0	0	0	0	0	0	0	2
2	5	A	40000	100000	0	0	0	0	0	0	0	0	0	0	1
2	5	B	40000	100000	0	0	0	0	0	0	0	0	0	0	1
2	6	G	40000	38121	61.879	41.4445	61879	24335	293	2	0	22285	1260	495	24064
2	6	A	40000	49527	50.473	39.165	50473	11308	157	0	0	9520	1254	377	11134
2	6	B	40000	43249	56.751	43.724	56751	13027	136	2	0	12765	6	118	12930
2	7	G	40000	0	100	100	100000	200000	200000	200000	200000	200000	200000	200000	200002
2	7	A	40000	0	100	100	100000	100000	100000	100000	100000	100000	100000	100000	100001
2	7	B	40000	0	100	100	100000	100000	100000	100000	100000	100000	100000	100000	100001
3	0	G	40000	849	99.151	80.3535	99151	17532	285	3	0	16194	387	663	16936
3	0	A	40000	1489	98.511	96.521	98511	1990	197	0	0	1149	27	617	1468
3	0	B	40000	20272	79.728	64.186	79728	15542	88	3	0	15045	360	46	15468
3	0	cSpy was 19 spamed and the readout avoided!
3	1	G	40000	0	100	100	100000	200000	200000	200000	200000	200000	200000	200000	200002
3	1	A	40000	0	100	100	100000	100000	100000	100000	100000	100000	100000	100000	100001
3	1	B	40000	0	100	100	100000	100000	100000	100000	100000	100000	100000	100000	100001
3	2	G	40000	93647	6.353	1.461	6353	8772	10	2	0	8341	415	4	8772
3	2	A	40000	93942	6.058	1.455	6058	4603	1	0	0	4197	401	4	4603
3	2	B	40000	94364	5.636	1.467	5636	4169	9	2	0	4144	14	0	4169
3	3	G	40000	100000	0	0	0	0	0	0	0	0	0	0	2
3	3	A	40000	100000	0	0	0	0	0	0	0	0	0	0	1
3	3	B	40000	100000	0	0	0	0	0	0	0	0	0	0	1
3	4	G	40000	73484	26.516	10.973	26516	24563	4	0	0	24469	74	16	24560
3	4	A	40000	76903	23.097	10.693	23097	12404	2	0	0	12367	20	15	12401
3	4	B	40000	76588	23.412	11.253	23412	12159	2	0	0	12102	54	1	12159
3	5	G	40000	0	100	100	100000	200000	200000	200000	200000	200000	200000	200000	200002
3	5	A	40000	0	100	100	100000	100000	100000	100000	100000	100000	100000	100000	100001
3	5	B	40000	0	100	100	100000	100000	100000	100000	100000	100000	100000	100000	100001
3	6	G	40000	66322	33.678	26.8715	33678	12459	37	3	0	11797	513	109	12358
3	6	A	40000	66510	33.49	27.226	33490	6264	1	0	0	5890	338	35	6232
3	6	B	40000	67288	32.712	26.517	32712	6195	36	3	0	5907	175	74	6126
3	6	cSpy was 63 spamed and the readout avoided!
3	7	G	40000	100000	0	0	0	0	0	0	0	0	0	0	2
3	7	A	40000	100000	0	0	0	0	0	0	0	0	0	0	1
3	7	B	40000	100000	0	0	0	0	0	0	0	0	0	0	1
4	0	G	40000	704	99.296	64.7525	99296	15828	212	2	0	13554	1620	440	15400
4	0	A	40000	1001	98.999	97.629	98999	1370	143	0	0	528	279	420	1001
4	0	B	40000	53666	46.334	31.876	46334	14458	69	2	0	13026	1341	20	14399
4	0	cSpy was 16 spamed and the readout avoided!
4	1	G	40000	100000	0	0	0	0	0	0	0	0	0	0	2
4	1	A	40000	100000	0	0	0	0	0	0	0	0	0	0	1
4	1	B	40000	100000	0	0	0	0	0	0	0	0	0	0	1
4	2	G	40000	99999	0.00100136	0	1	2	0	0	0	2	0	0	4
4	2	A	40000	99999	0.00100136	0	1	1	0	0	0	1	0	0	2
4	2	B	40000	99999	0.00100136	0	1	1	0	0	0	1	0	0	2
4	3	G	40000	16784	83.216	60.895	83216	32858	642	0	0	31445	131	640	31966
4	3	A	40000	22288	77.712	61.287	77712	16425	333	0	0	15581	17	494	15802
4	3	B	40000	23064	76.936	60.503	76936	16433	309	0	0	15864	114	146	16164
4	3	cSpy was 9 spamed and the readout avoided!
4	4	G	40000	10576	89.424	60.5455	89424	37639	53	8	0	33827	3441	310	37467
4	4	A	40000	20396	79.604	60.917	79604	18687	23	3	0	16442	1926	293	18547
4	4	B	40000	20874	79.126	60.174	79126	18952	30	5	0	17385	1515	17	18920
4	4	cSpy was 20 spamed and the readout avoided!
4	5	G	40000	100000	0	0	0	0	0	0	0	0	0	0	2
4	5	A	40000	100000	0	0	0	0	0	0	0	0	0	0	1
4	5	B	40000	100000	0	0	0	0	0	0	0	0	0	0	1
4	6	G	40000	100000	0	0	0	0	0	0	0	0	0	0	2
4	6	A	40000	100000	0	0	0	0	0	0	0	0	0	0	1
4	6	B	40000	100000	0	0	0	0	0	0	0	0	0	0	1
4	7	G	40000	22424	77.576	55.1725	77576	35905	552	0	0	34837	78	438	35191
4	7	A	40000	26676	73.324	55.366	73324	17958	267	0	0	17362	5	324	17462
4	7	B	40000	27074	72.926	54.979	72926	17947	285	0	0	17475	73	114	17729
4	7	cSpy was 6 spamed and the readout avoided!
5	0	G	40000	553	99.447	56.1975	99447	14207	171	0	0	13090	104	842	13659
5	0	A	40000	650	99.35	98.151	99350	1199	170	0	0	90	98	841	650
5	0	B	40000	72748	27.252	14.244	27252	13008	1	0	0	13000	6	1	13009
5	0	cSpy was 40 spamed and the readout avoided!
5	1	G	40000	32227	67.773	42.3315	67773	39030	142	0	0	38706	6	176	38873
5	1	A	40000	38141	61.859	42.467	61859	19392	67	0	0	19162	6	157	19268
5	1	B	40000	38166	61.834	42.196	61834	19638	75	0	0	19544	0	19	19605
5	1	cSpy was 7 spamed and the readout avoided!
5	2	G	40000	36	99.964	98.456	99964	1908	73	0	0	784	220	831	1174
5	2	A	40000	100	99.9	99.222	99900	678	2	0	0	15	3	658	100
5	2	B	40000	1080	98.92	97.69	98920	1230	71	0	0	769	217	173	1074
5	2	cSpy was 38 spamed and the readout avoided!
5	3	G	40000	99445	0.555003	0	555	1110	0	0	0	1110	0	0	1112
5	3	A	40000	99445	0.555003	0	555	555	0	0	0	555	0	0	556
5	3	B	40000	99445	0.555003	0	555	555	0	0	0	555	0	0	556
5	4	G	40000	100000	0	0	0	0	0	0	0	0	0	0	2
5	4	A	40000	100000	0	0	0	0	0	0	0	0	0	0	1
5	4	B	40000	100000	0	0	0	0	0	0	0	0	0	0	1
5	5	G	40000	87681	12.319	5.075	12319	12070	5	0	0	12054	0	11	12066
5	5	A	40000	88839	11.161	5.194	11161	5967	2	0	0	5954	0	11	5964
5	5	B	40000	88941	11.059	4.956	11059	6103	3	0	0	6100	0	0	6102
5	6	G	40000	0	100	100	100000	200000	200000	200000	200000	200000	200000	200000	200002
5	6	A	40000	0	100	100	100000	100000	100000	100000	100000	100000	100000	100000	100001
5	6	B	40000	0	100	100	100000	100000	100000	100000	100000	100000	100000	100000	100001
5	7	G	40000	36747	63.253	25.119	63253	50397	12	4	0	45109	5177	95	50371
5	7	A	40000	48350	51.65	25.904	51650	25746	12	4	0	22179	3456	95	25719
5	7	B	40000	51015	48.985	24.334	48985	24651	0	0	0	22930	1721	0	24652
5	7	cSpy was 2 spamed and the readout avoided!
6	0	G	40000	547	99.453	96.021	99453	4264	284	5	0	2175	1140	660	3676
6	0	A	40000	1235	98.765	97.052	98765	1713	157	1	0	156	791	608	1235
6	0	B	40000	2459	97.541	94.99	97541	2551	127	4	0	2019	349	52	2441
6	0	cSpy was 59 spamed and the readout avoided!
6	1	G	40000	13767	86.233	47.619	86233	50229	4	0	0	44787	5118	320	50073
6	1	A	40000	25803	74.197	50.267	74197	23930	0	0	0	20805	2809	316	23778
6	1	B	40000	28730	71.27	44.971	71270	26299	4	0	0	23982	2309	4	26295
6	1	cSpy was 3 spamed and the readout avoided!
6	2	G	40000	100000	0	0	0	0	0	0	0	0	0	0	2
6	2	A	40000	100000	0	0	0	0	0	0	0	0	0	0	1
6	2	B	40000	100000	0	0	0	0	0	0	0	0	0	0	1
6	3	G	40000	100000	0	0	0	0	0	0	0	0	0	0	2
6	3	A	40000	100000	0	0	0	0	0	0	0	0	0	0	1
6	3	B	40000	100000	0	0	0	0	0	0	0	0	0	0	1
6	4	G	40000	20068	79.932	58.7805	79932	34174	813	0	0	32621	142	598	33098
6	4	A	40000	23830	76.17	59.058	76170	17112	394	0	0	16292	0	426	16389
6	4	B	40000	24435	75.565	58.503	75565	17062	419	0	0	16329	142	172	16709
6	4	cSpy was 8 spamed and the readout avoided!
6	5	G	40000	3574	96.426	84.1185	96426	15936	190	6	0	13943	954	844	15409
6	5	A	40000	7423	92.577	84.955	92577	7622	23	2	0	6447	423	727	7257
6	5	B	40000	8404	91.596	83.282	91596	8314	167	4	0	7496	531	117	8152
6	5	cSpy was 54 spamed and the readout avoided!
6	6	G	40000	100000	0	0	0	0	0	0	0	0	0	0	2
6	6	A	40000	100000	0	0	0	0	0	0	0	0	0	0	1
6	6	B	40000	100000	0	0	0	0	0	0	0	0	0	0	1
6	7	G	40000	100000	0	0	0	0	0	0	0	0	0	0	2
6	7	A	40000	100000	0	0	0	0	0	0	0	0	0	0	1
6	7	B	40000	100000	0	0	0	0	0	0	0	0	0	0	1
7	0	G	40000	2242	97.758	47.7175	97758	3488	207	0	0	2669	73	539	3008
7	0	A	40000	2253	97.747	95.045	97747	2702	207	0	0	1883	73	539	2221
7	0	B	40000	98824	1.176	0.39	1176	786	0	0	0	786	0	0	787
7	1	G	40000	100000	0	0	0	0	0	0	0	0	0	0	2
7	1	A	40000	100000	0	0	0	0	0	0	0	0	0	0	1
7	1	B	40000	100000	0	0	0	0	0	0	0	0	0	0	1
7	2	G	40000	92957	7.043	1.631	7043	8218	8	7	0	8106	82	15	8216
7	2	A	40000	94099	5.901	1.809	5901	4092	8	7	0	4016	46	15	4089
7	2	B	40000	94421	5.579	1.453	5579	4126	0	0	0	4090	36	0	4127
7	3	G	40000	0	100	100	100000	200000	200000	200000	200000	200000	200000	200000	200002
7	3	A	40000	0	100	100	100000	100000	100000	100000	100000	100000	100000	100000	100001
7	3	B	40000	0	100	100	100000	100000	100000	100000	100000	100000	100000	100000	100001
7	4	G	40000	67122	32.878	9.706	32878	32730	0	0	0	29474	3175	81	32692
7	4	A	40000	73106	26.894	10.835	26894	16059	0	0	0	13982	1996	81	16020
7	4	B	40000	74752	25.248	8.577	25248	16671	0	0	0	15492	1179	0	16672
7	4	cSpy was 2 spamed and the readout avoided!
7	5	G	40000	100000	0	0	0	0	0	0	0	0	0	0	2
7	5	A	40000	100000	0	0	0	0	0	0	0	0	0	0	1
7	5	B	40000	100000	0	0	0	0	0	0	0	0	0	0	1
7	6	G	40000	99781	0.218999	0.006	219	424	0	0	0	423	1	0	426
7	6	A	40000	99781	0.218999	0.007	219	212	0	0	0	211	1	0	213
7	6	B	40000	99783	0.217003	0.005	217	212	0	0	0	212	0	0	213
7	7	G	40000	38093	61.907	34.3255	61907	39307	28	13	0	37569	1513	184	39233
7	7	A	40000	45273	54.727	35.154	54727	19573	18	13	0	18697	664	181	19507
7	7	B	40000	46769	53.231	33.497	53231	19734	10	0	0	18872	849	3	19726
7	7	cSpy was 7 spamed and the readout avoided!
