#the gain was set to: 2	the bias was set to: 30
#Sent triggers per delay setting: 100000	and with a frequency [Hz] of: 40000
#160MHz delay setting	400MHz delay setting	Frequency	correct transmitted H+T		error rate [%]	uncertainty [%]	bad or missed events	error count	missing headers	missing trailers	flipped H/T	event nr errors	tbm missed trigger	unknown errors	event nr resets
0	0	G	40000	423	99.577	71.334	99577	19208	112	0	0	18168	278	650	18659
0	0	A	40000	627	99.373	98.201	99373	1172	94	0	0	199	239	640	627
0	0	B	40000	37497	62.503	44.467	62503	18036	18	0	0	17969	39	10	18032
0	0	cSpy was 34 spamed and the readout avoided!
0	1	G	40000	26419	73.581	54.5905	73581	25981	733	0	0	24442	3	803	25298
0	1	A	40000	35023	64.977	54.268	64977	10709	348	0	0	9856	0	505	10361
0	1	B	40000	29815	70.185	54.913	70185	15272	385	0	0	14586	3	298	14937
0	2	G	40000	6924	93.076	76.555	93076	20284	265	5	0	16912	2801	301	19940
0	2	A	40000	14857	85.143	73.93	85143	11213	72	0	0	9074	1875	192	11056
0	2	B	40000	11749	88.251	79.18	88251	9071	193	5	0	7838	926	109	8884
0	2	cSpy was 35 spamed and the readout avoided!
0	3	G	40000	100000	0	0	0	0	0	0	0	0	0	0	2
0	3	A	40000	100000	0	0	0	0	0	0	0	0	0	0	1
0	3	B	40000	100000	0	0	0	0	0	0	0	0	0	0	1
0	4	G	40000	99371	0.629002	0.2375	629	610	0	0	0	604	4	2	612
0	4	A	40000	99484	0.515997	0.235	516	281	0	0	0	277	2	2	282
0	4	B	40000	99431	0.568998	0.24	569	329	0	0	0	327	2	0	330
0	5	G	40000	29760	70.24	47.482	70240	29267	49	0	0	28660	95	463	29165
0	5	A	40000	40296	59.704	46.788	59704	12916	27	0	0	12405	38	446	12830
0	5	B	40000	35473	64.527	48.176	64527	16351	22	0	0	16255	57	17	16335
0	6	G	40000	2135	97.865	89.304	97865	10703	284	7	0	8266	1870	276	10352
0	6	A	40000	4718	95.282	90.572	95282	4710	108	0	0	3406	969	227	4486
0	6	B	40000	5971	94.029	88.036	94029	5993	176	7	0	4860	901	49	5866
0	6	cSpy was 24 spamed and the readout avoided!
0	7	G	40000	74451	25.549	9.108	25549	18450	1	0	0	15819	2623	7	18445
0	7	A	40000	84571	15.429	3.566	15429	11863	0	0	0	9705	2152	6	11859
0	7	B	40000	78763	21.237	14.65	21237	6587	1	0	0	6114	471	1	6586
1	0	G	40000	300	99.7	97.152	99700	2947	179	3	0	2274	256	235	2679
1	0	A	40000	2109	97.891	95.615	97891	2276	157	3	0	1713	199	204	2040
1	0	B	40000	640	99.36	98.689	99360	671	22	0	0	561	57	31	639
1	0	cSpy was 20 spamed and the readout avoided!
1	1	G	40000	99877	0.123	0.001	123	244	0	0	0	244	0	0	246
1	1	A	40000	99877	0.123	0.001	123	122	0	0	0	122	0	0	123
1	1	B	40000	99877	0.123	0.001	123	122	0	0	0	122	0	0	123
1	2	G	40000	100000	0	0	0	0	0	0	0	0	0	0	2
1	2	A	40000	100000	0	0	0	0	0	0	0	0	0	0	1
1	2	B	40000	100000	0	0	0	0	0	0	0	0	0	0	1
1	3	G	40000	89286	10.714	3.232	10714	12131	0	0	0	12081	21	29	12131
1	3	A	40000	91207	8.793	3.064	8793	5729	0	0	0	5680	20	29	5728
1	3	B	40000	90198	9.802	3.4	9802	6402	0	0	0	6401	1	0	6403
1	4	G	40000	905	99.095	95.181	99095	5013	423	5	0	3179	1036	370	4484
1	4	A	40000	2887	97.113	94.152	97113	2961	125	0	0	1832	859	145	2771
1	4	B	40000	1738	98.262	96.21	98262	2052	298	5	0	1347	177	225	1713
1	4	cSpy was 56 spamed and the readout avoided!
1	5	G	40000	87043	12.957	2.392	12957	11832	0	0	0	10830	998	4	11834
1	5	A	40000	92856	7.144	1.296	7144	5848	0	0	0	5451	393	4	5849
1	5	B	40000	90528	9.472	3.488	9472	5984	0	0	0	5379	605	0	5985
1	6	G	40000	100000	0	0	0	0	0	0	0	0	0	0	2
1	6	A	40000	100000	0	0	0	0	0	0	0	0	0	0	1
1	6	B	40000	100000	0	0	0	0	0	0	0	0	0	0	1
1	7	G	40000	99911	0.0890017	0	89	178	0	0	0	178	0	0	180
1	7	A	40000	99911	0.0890017	0	89	89	0	0	0	89	0	0	90
1	7	B	40000	99911	0.0890017	0	89	89	0	0	0	89	0	0	90
2	0	G	40000	2517	97.483	48.0985	97483	4077	47	0	0	3825	117	88	3982
2	0	A	40000	2561	97.439	94.834	97439	2605	47	0	0	2353	117	88	2509
2	0	B	40000	97165	2.835	1.363	2835	1472	0	0	0	1472	0	0	1473
2	1	G	40000	99214	0.786	0.294	786	628	0	0	0	621	7	0	630
2	1	A	40000	99427	0.572997	0.269	573	304	0	0	0	299	5	0	305
2	1	B	40000	99357	0.642997	0.319	643	324	0	0	0	322	2	0	325
2	2	G	40000	22392	77.608	54.228	77608	28374	899	12	0	25377	1305	781	27510
2	2	A	40000	34733	65.267	51.933	65267	13334	457	4	0	11290	1072	511	12835
2	2	B	40000	28437	71.563	56.523	71563	15040	442	8	0	14087	233	270	14675
2	2	cSpy was 2 spamed and the readout avoided!
2	3	G	40000	13279	86.721	67.082	86721	23769	235	0	0	20467	2757	310	23421
2	3	A	40000	24350	75.65	60.752	75650	14898	89	0	0	12596	2057	156	14749
2	3	B	40000	17717	82.283	73.412	82283	8871	146	0	0	7871	700	154	8672
2	3	cSpy was 26 spamed and the readout avoided!
2	4	G	40000	100000	0	0	0	0	0	0	0	0	0	0	2
2	4	A	40000	100000	0	0	0	0	0	0	0	0	0	0	1
2	4	B	40000	100000	0	0	0	0	0	0	0	0	0	0	1
2	5	G	40000	99574	0.426	0.0905	426	608	0	0	0	603	3	2	610
2	5	A	40000	99614	0.386	0.083	386	303	0	0	0	301	0	2	304
2	5	B	40000	99597	0.402999	0.098	403	305	0	0	0	302	3	0	306
2	6	G	40000	41112	58.888	37.8675	58888	25393	347	1	0	23402	1167	476	25075
2	6	A	40000	52391	47.609	35.736	47609	11873	177	1	0	10206	1134	355	11675
2	6	B	40000	46481	53.519	39.999	53519	13520	170	0	0	13196	33	121	13400
2	7	G	40000	0	100	100	100000	200000	200000	200000	200000	200000	200000	200000	200002
2	7	A	40000	0	100	100	100000	100000	100000	100000	100000	100000	100000	100000	100001
2	7	B	40000	0	100	100	100000	100000	100000	100000	100000	100000	100000	100000	100001
3	0	G	40000	745	99.255	81.9475	99255	16455	326	1	0	15022	434	672	15826
3	0	A	40000	1400	98.6	96.66	98600	1940	218	0	0	1069	39	614	1389
3	0	B	40000	18250	81.75	67.235	81750	14515	108	1	0	13953	395	58	14437
3	0	cSpy was 29 spamed and the readout avoided!
3	1	G	40000	0	100	100	100000	200000	200000	200000	200000	200000	200000	200000	200002
3	1	A	40000	0	100	100	100000	100000	100000	100000	100000	100000	100000	100000	100001
3	1	B	40000	0	100	100	100000	100000	100000	100000	100000	100000	100000	100000	100001
3	2	G	40000	91988	8.012	2.014	8012	10416	8	4	0	9851	544	9	10416
3	2	A	40000	92508	7.492	1.999	7492	5493	0	0	0	4980	511	2	5494
3	2	B	40000	93048	6.952	2.029	6952	4923	8	4	0	4871	33	7	4922
3	3	G	40000	100000	0	0	0	0	0	0	0	0	0	0	2
3	3	A	40000	100000	0	0	0	0	0	0	0	0	0	0	1
3	3	B	40000	100000	0	0	0	0	0	0	0	0	0	0	1
3	4	G	40000	81156	18.844	6.6145	18844	20199	0	0	0	20142	47	10	20201
3	4	A	40000	83392	16.608	6.41	16608	10198	0	0	0	10160	28	10	10199
3	4	B	40000	83180	16.82	6.819	16820	10001	0	0	0	9982	19	0	10002
3	5	G	40000	0	100	100	100000	200000	200000	200000	200000	200000	200000	200000	200002
3	5	A	40000	0	100	100	100000	100000	100000	100000	100000	100000	100000	100000	100001
3	5	B	40000	0	100	100	100000	100000	100000	100000	100000	100000	100000	100000	100001
3	6	G	40000	85097	14.903	3.546	14903	20565	13	3	0	19666	874	9	20559
3	6	A	40000	85701	14.299	3.534	14299	10765	4	0	0	9938	819	4	10764
3	6	B	40000	86642	13.358	3.558	13358	9800	9	3	0	9728	55	5	9795
3	6	cSpy was 4 spamed and the readout avoided!
3	7	G	40000	100000	0	0	0	0	0	0	0	0	0	0	2
3	7	A	40000	100000	0	0	0	0	0	0	0	0	0	0	1
3	7	B	40000	100000	0	0	0	0	0	0	0	0	0	0	1
4	0	G	40000	1116	98.884	54.097	98884	24151	157	3	0	22486	1131	374	23779
4	0	A	40000	1443	98.557	96.752	98557	1805	154	0	0	854	427	370	1439
4	0	B	40000	66212	33.788	11.442	33788	22346	3	3	0	21632	704	4	22340
4	0	cSpy was 8 spamed and the readout avoided!
4	1	G	40000	100000	0	0	0	0	0	0	0	0	0	0	2
4	1	A	40000	100000	0	0	0	0	0	0	0	0	0	0	1
4	1	B	40000	100000	0	0	0	0	0	0	0	0	0	0	1
4	2	G	40000	100000	0	0	0	0	0	0	0	0	0	0	2
4	2	A	40000	100000	0	0	0	0	0	0	0	0	0	0	1
4	2	B	40000	100000	0	0	0	0	0	0	0	0	0	0	1
4	3	G	40000	17302	82.698	60.388	82698	33201	759	0	0	31702	114	626	32178
4	3	A	40000	22627	77.373	60.776	77373	16597	383	0	0	15756	7	451	15904
4	3	B	40000	23396	76.604	60	76604	16604	376	0	0	15946	107	175	16274
4	3	cSpy was 21 spamed and the readout avoided!
4	4	G	40000	0	100	100	100000	200000	200000	200000	200000	200000	200000	200000	200002
4	4	A	40000	0	100	100	100000	100000	100000	100000	100000	100000	100000	100000	100001
4	4	B	40000	0	100	100	100000	100000	100000	100000	100000	100000	100000	100000	100001
4	5	G	40000	100000	0	0	0	0	0	0	0	0	0	0	2
4	5	A	40000	100000	0	0	0	0	0	0	0	0	0	0	1
4	5	B	40000	100000	0	0	0	0	0	0	0	0	0	0	1
4	6	G	40000	100000	0	0	0	0	0	0	0	0	0	0	2
4	6	A	40000	100000	0	0	0	0	0	0	0	0	0	0	1
4	6	B	40000	100000	0	0	0	0	0	0	0	0	0	0	1
4	7	G	40000	33708	66.292	48.136	66292	29496	541	0	0	28446	81	428	28759
4	7	A	40000	36914	63.086	48.338	63086	14748	259	0	0	14191	0	298	14259
4	7	B	40000	37318	62.682	47.934	62682	14748	282	0	0	14255	81	130	14500
4	7	cSpy was 6 spamed and the readout avoided!
5	0	G	40000	527	99.473	56.487	99473	14382	158	0	0	13294	103	827	13854
5	0	A	40000	634	99.366	98.203	99366	1163	158	0	0	82	97	826	634
5	0	B	40000	72010	27.99	14.771	27990	13219	0	0	0	13212	6	1	13220
5	0	cSpy was 57 spamed and the readout avoided!
5	1	G	40000	43272	56.728	36.125	56728	32350	156	1	0	32022	3	168	32190
5	1	A	40000	47705	52.295	36.213	52295	16082	77	1	0	15860	3	141	15959
5	1	B	40000	47695	52.305	36.037	52305	16268	79	0	0	16162	0	27	16231
5	1	cSpy was 3 spamed and the readout avoided!
5	2	G	40000	46	99.954	98.5615	99954	1827	59	0	0	806	70	892	1043
5	2	A	40000	109	99.891	99.137	99891	754	2	0	0	8	1	743	109
5	2	B	40000	941	99.059	97.986	99059	1073	57	0	0	798	69	149	934
5	2	cSpy was 45 spamed and the readout avoided!
5	3	G	40000	99680	0.319999	0	320	640	0	0	0	640	0	0	642
5	3	A	40000	99680	0.319999	0	320	320	0	0	0	320	0	0	321
5	3	B	40000	99680	0.319999	0	320	320	0	0	0	320	0	0	321
5	4	G	40000	100000	0	0	0	0	0	0	0	0	0	0	2
5	4	A	40000	100000	0	0	0	0	0	0	0	0	0	0	1
5	4	B	40000	100000	0	0	0	0	0	0	0	0	0	0	1
5	5	G	40000	81770	18.23	5.783	18230	20209	1	0	0	20196	4	8	20210
5	5	A	40000	84040	15.96	5.996	15960	9964	0	0	0	9952	4	8	9964
5	5	B	40000	84185	15.815	5.57	15815	10245	1	0	0	10244	0	0	10246
5	6	G	40000	1	99.999	97.774	99999	2340	220	1	0	691	1284	144	2110
5	6	A	40000	6	99.994	99.923	99994	71	0	0	0	1	1	69	6
5	6	B	40000	2106	97.894	95.625	97894	2269	220	1	0	690	1283	75	2104
5	6	cSpy was 34 spamed and the readout avoided!
5	7	G	40000	50700	49.3	10.6305	49300	53160	8	4	0	47890	5155	103	53123
5	7	A	40000	60911	39.089	11.17	39089	27919	8	4	0	24063	3742	102	27881
5	7	B	40000	64668	35.332	10.091	35332	25241	0	0	0	23827	1413	1	25242
6	0	G	40000	645	99.355	95.1015	99355	5199	299	5	0	2756	1393	746	4586
6	0	A	40000	1485	98.515	96.51	98515	2005	177	1	0	193	918	716	1485
6	0	B	40000	3113	96.887	93.693	96887	3194	122	4	0	2563	475	30	3101
6	0	cSpy was 47 spamed and the readout avoided!
6	1	G	40000	17238	82.762	35.983	82762	60771	0	1	0	54018	6467	285	60633
6	1	A	40000	31926	68.074	39.175	68074	28899	0	1	0	25001	3616	281	28762
6	1	B	40000	35337	64.663	32.791	64663	31872	0	0	0	29017	2851	4	31871
6	1	cSpy was 5 spamed and the readout avoided!
6	2	G	40000	100000	0	0	0	0	0	0	0	0	0	0	2
6	2	A	40000	100000	0	0	0	0	0	0	0	0	0	0	1
6	2	B	40000	100000	0	0	0	0	0	0	0	0	0	0	1
6	3	G	40000	100000	0	0	0	0	0	0	0	0	0	0	2
6	3	A	40000	100000	0	0	0	0	0	0	0	0	0	0	1
6	3	B	40000	100000	0	0	0	0	0	0	0	0	0	0	1
6	4	G	40000	19260	80.74	59.0995	80740	33938	800	0	0	32399	136	603	32868
6	4	A	40000	23612	76.388	59.398	76388	16990	398	0	0	16158	4	430	16268
6	4	B	40000	24251	75.749	58.801	75749	16948	402	0	0	16241	132	173	16600
6	4	cSpy was 29 spamed and the readout avoided!
6	5	G	40000	7975	92.025	81.5935	92025	13946	138	4	0	11986	904	914	13296
6	5	A	40000	10767	89.233	82.7	89233	6533	7	1	0	5327	401	797	6020
6	5	B	40000	12100	87.9	80.487	87900	7413	131	3	0	6659	503	117	7276
6	5	cSpy was 47 spamed and the readout avoided!
6	6	G	40000	100000	0	0	0	0	0	0	0	0	0	0	2
6	6	A	40000	100000	0	0	0	0	0	0	0	0	0	0	1
6	6	B	40000	100000	0	0	0	0	0	0	0	0	0	0	1
6	7	G	40000	99999	0.00100136	0	1	2	0	0	0	2	0	0	4
6	7	A	40000	99999	0.00100136	0	1	1	0	0	0	1	0	0	2
6	7	B	40000	99999	0.00100136	0	1	1	0	0	0	1	0	0	2
7	0	G	40000	2293	97.707	47.686	97707	4507	194	0	0	3715	68	530	4055
7	0	A	40000	2329	97.671	94.926	97671	2745	194	0	0	1960	61	530	2292
7	0	B	40000	97792	2.208	0.446	2208	1762	0	0	0	1755	7	0	1763
7	0	cSpy was 2 spamed and the readout avoided!
7	1	G	40000	100000	0	0	0	0	0	0	0	0	0	0	2
7	1	A	40000	100000	0	0	0	0	0	0	0	0	0	0	1
7	1	B	40000	100000	0	0	0	0	0	0	0	0	0	0	1
7	2	G	40000	90557	9.443	2.051	9443	11313	4	7	0	11213	66	23	11309
7	2	A	40000	92056	7.944	2.294	7944	5650	4	7	0	5572	44	23	5645
7	2	B	40000	92529	7.471	1.808	7471	5663	0	0	0	5641	22	0	5664
7	2	cSpy was 1 spamed and the readout avoided!
7	3	G	40000	0	100	100	100000	200000	200000	200000	200000	200000	200000	200000	200002
7	3	A	40000	0	100	100	100000	100000	100000	100000	100000	100000	100000	100000	100001
7	3	B	40000	0	100	100	100000	100000	100000	100000	100000	100000	100000	100000	100001
7	4	G	40000	93585	6.415	0.391	6415	11624	0	0	0	11274	347	3	11626
7	4	A	40000	93621	6.379	0.391	6379	5988	0	0	0	5678	307	3	5989
7	4	B	40000	93973	6.027	0.391	6027	5636	0	0	0	5596	40	0	5637
7	5	G	40000	100000	0	0	0	0	0	0	0	0	0	0	2
7	5	A	40000	100000	0	0	0	0	0	0	0	0	0	0	1
7	5	B	40000	100000	0	0	0	0	0	0	0	0	0	0	1
7	6	G	40000	96164	3.836	1.1415	3836	3483	4	5	0	3443	22	9	3484
7	6	A	40000	97019	2.981	1.26	2981	1721	4	5	0	1697	6	9	1721
7	6	B	40000	97215	2.785	1.023	2785	1762	0	0	0	1746	16	0	1763
7	6	cSpy was 1 spamed and the readout avoided!
7	7	G	40000	47385	52.615	24.9915	52615	41384	9	36	0	39870	1297	172	41310
7	7	A	40000	53658	46.342	25.5	46342	20842	7	36	0	20052	577	170	20769
7	7	B	40000	54975	45.025	24.483	45025	20542	2	0	0	19818	720	2	20541
7	7	cSpy was 8 spamed and the readout avoided!
