#the gain was set to: 2	the bias was set to: 30
#Sent triggers per delay setting: 100000	and with a frequency [Hz] of: 40000
#160MHz delay setting	400MHz delay setting	Frequency	correct transmitted H+T		error rate [%]	uncertainty [%]	bad or missed events	error count	missing headers	missing trailers	flipped H/T	event nr errors	tbm missed trigger	unknown errors	event nr resets
0	0	G	40000	427	99.573	71.2415	99573	19427	126	0	0	18350	333	618	18901
0	0	A	40000	645	99.355	98.195	99355	1160	105	0	0	179	266	610	645
0	0	B	40000	37445	62.555	44.288	62555	18267	21	0	0	18171	67	8	18256
0	0	cSpy was 38 spamed and the readout avoided!
0	1	G	40000	32304	67.696	48.8015	67696	24553	393	0	0	23531	0	629	24210
0	1	A	40000	41469	58.531	48.251	58531	10280	202	0	0	9620	0	458	10078
0	1	B	40000	36375	63.625	49.352	63625	14273	191	0	0	13911	0	171	14132
0	2	G	40000	5736	94.264	74.482	94264	24921	75	0	0	21243	3341	262	24752
0	2	A	40000	13794	86.206	73.178	86206	13028	27	0	0	10763	1994	244	12890
0	2	B	40000	12321	87.679	75.786	87679	11893	48	0	0	10480	1347	18	11862
0	3	G	40000	100000	0	0	0	0	0	0	0	0	0	0	2
0	3	A	40000	100000	0	0	0	0	0	0	0	0	0	0	1
0	3	B	40000	100000	0	0	0	0	0	0	0	0	0	0	1
0	4	G	40000	100000	0	0	0	0	0	0	0	0	0	0	2
0	4	A	40000	100000	0	0	0	0	0	0	0	0	0	0	1
0	4	B	40000	100000	0	0	0	0	0	0	0	0	0	0	1
0	5	G	40000	27215	72.785	51.174	72785	27550	142	0	0	26844	34	530	27414
0	5	A	40000	37694	62.306	50.438	62306	11868	76	0	0	11296	13	483	11766
0	5	B	40000	32408	67.592	51.91	67592	15682	66	0	0	15548	21	47	15648
0	6	G	40000	2701	97.299	86.5585	97299	13417	171	0	0	10832	1974	440	13059
0	6	A	40000	5151	94.849	89.671	94849	5178	58	0	0	3837	932	351	4929
0	6	B	40000	8315	91.685	83.446	91685	8239	113	0	0	6995	1042	89	8130
0	6	cSpy was 9 spamed and the readout avoided!
0	7	G	40000	74711	25.289	13.292	25289	14298	16	0	0	11773	2494	15	14288
0	7	A	40000	81551	18.449	9.415	18449	9034	0	0	0	7178	1848	8	9033
0	7	B	40000	77567	22.433	17.169	22433	5264	16	0	0	4595	646	7	5255
1	0	G	40000	228	99.772	98.131	99772	2019	154	0	0	1397	141	327	1704
1	0	A	40000	1158	98.842	97.426	98842	1416	132	0	0	913	90	281	1143
1	0	B	40000	561	99.439	98.836	99439	603	22	0	0	484	51	46	561
1	0	cSpy was 23 spamed and the readout avoided!
1	1	G	40000	99911	0.0890017	0	89	178	0	0	0	178	0	0	180
1	1	A	40000	99911	0.0890017	0	89	89	0	0	0	89	0	0	90
1	1	B	40000	99911	0.0890017	0	89	89	0	0	0	89	0	0	90
1	2	G	40000	100000	0	0	0	0	0	0	0	0	0	0	2
1	2	A	40000	100000	0	0	0	0	0	0	0	0	0	0	1
1	2	B	40000	100000	0	0	0	0	0	0	0	0	0	0	1
1	3	G	40000	82444	17.556	5.9065	17556	17140	2	0	0	17042	67	29	17141
1	3	A	40000	86429	13.571	5.566	13571	8005	1	0	0	7916	60	28	8005
1	3	B	40000	84618	15.382	6.247	15382	9135	1	0	0	9126	7	1	9136
1	4	G	40000	1130	98.87	93.9935	98870	6181	470	10	0	4277	1086	338	5623
1	4	A	40000	3748	96.252	92.46	96252	3792	122	0	0	2613	892	165	3583
1	4	B	40000	2084	97.916	95.527	97916	2389	348	10	0	1664	194	173	2040
1	4	cSpy was 53 spamed and the readout avoided!
1	5	G	40000	93059	6.941	1.1585	6941	7808	0	0	0	7410	397	1	7810
1	5	A	40000	95385	4.615	0.734	4615	3881	0	0	0	3740	140	1	3882
1	5	B	40000	94490	5.51	1.583	5510	3927	0	0	0	3670	257	0	3928
1	6	G	40000	100000	0	0	0	0	0	0	0	0	0	0	2
1	6	A	40000	100000	0	0	0	0	0	0	0	0	0	0	1
1	6	B	40000	100000	0	0	0	0	0	0	0	0	0	0	1
1	7	G	40000	99813	0.186998	0.0005	187	371	0	0	0	371	0	0	373
1	7	A	40000	99815	0.185001	0	185	185	0	0	0	185	0	0	186
1	7	B	40000	99813	0.186998	0.001	187	186	0	0	0	186	0	0	187
2	0	G	40000	2467	97.533	48.2395	97533	4104	46	2	0	3876	109	71	4024
2	0	A	40000	2506	97.494	94.964	97494	2530	46	2	0	2302	109	71	2449
2	0	B	40000	96911	3.089	1.515	3089	1574	0	0	0	1574	0	0	1575
2	1	G	40000	100000	0	0	0	0	0	0	0	0	0	0	2
2	1	A	40000	100000	0	0	0	0	0	0	0	0	0	0	1
2	1	B	40000	100000	0	0	0	0	0	0	0	0	0	0	1
2	2	G	40000	24200	75.8	54.494	75800	26825	859	4	0	23810	1394	758	26037
2	2	A	40000	35031	64.969	52.682	64969	12287	482	1	0	10905	411	488	11806
2	2	B	40000	29156	70.844	56.306	70844	14538	377	3	0	12905	983	270	14231
2	2	cSpy was 23 spamed and the readout avoided!
2	3	G	40000	9222	90.778	65.4085	90778	30669	114	7	0	27069	3298	181	30522
2	3	A	40000	23239	76.761	57.351	76761	19410	8	0	0	16830	2450	122	19344
2	3	B	40000	15275	84.725	73.466	84725	11259	106	7	0	10239	848	59	11178
2	3	cSpy was 13 spamed and the readout avoided!
2	4	G	40000	100000	0	0	0	0	0	0	0	0	0	0	2
2	4	A	40000	100000	0	0	0	0	0	0	0	0	0	0	1
2	4	B	40000	100000	0	0	0	0	0	0	0	0	0	0	1
2	5	G	40000	99275	0.725001	0.2245	725	914	0	0	0	913	0	1	916
2	5	A	40000	99339	0.660998	0.219	661	442	0	0	0	441	0	1	443
2	5	B	40000	99298	0.702	0.23	702	472	0	0	0	472	0	0	473
2	6	G	40000	33564	66.436	43.198	66436	27782	266	0	0	26124	941	451	27579
2	6	A	40000	46295	53.705	41.318	53705	12387	157	0	0	11149	699	382	12231
2	6	B	40000	39527	60.473	45.078	60473	15395	109	0	0	14975	242	69	15348
2	7	G	40000	545	99.455	96.2	99455	3907	257	1	0	2967	385	297	3566
2	7	A	40000	2438	97.562	95.108	97562	2454	22	0	0	1956	289	187	2327
2	7	B	40000	1255	98.745	97.292	98745	1453	235	1	0	1011	96	110	1239
2	7	cSpy was 95 spamed and the readout avoided!
3	0	G	40000	795	99.205	80.5755	99205	17347	284	3	0	16034	387	639	16782
3	0	A	40000	1441	98.559	96.652	98559	1907	181	0	0	1107	27	592	1417
3	0	B	40000	20061	79.939	64.499	79939	15440	103	3	0	14927	360	47	15365
3	0	cSpy was 12 spamed and the readout avoided!
3	1	G	40000	0	100	100	100000	200000	200000	200000	200000	200000	200000	200000	200002
3	1	A	40000	0	100	100	100000	100000	100000	100000	100000	100000	100000	100000	100001
3	1	B	40000	0	100	100	100000	100000	100000	100000	100000	100000	100000	100000	100001
3	2	G	40000	99992	0.00799894	0	8	16	0	0	0	16	0	0	18
3	2	A	40000	99992	0.00799894	0	8	8	0	0	0	8	0	0	9
3	2	B	40000	99992	0.00799894	0	8	8	0	0	0	8	0	0	9
3	3	G	40000	100000	0	0	0	0	0	0	0	0	0	0	2
3	3	A	40000	100000	0	0	0	0	0	0	0	0	0	0	1
3	3	B	40000	100000	0	0	0	0	0	0	0	0	0	0	1
3	4	G	40000	91826	8.174	1.6625	8174	11858	0	0	0	11840	14	4	11859
3	4	A	40000	92470	7.53	1.564	7530	5966	0	0	0	5951	11	4	5966
3	4	B	40000	92347	7.653	1.761	7653	5892	0	0	0	5889	3	0	5893
3	5	G	40000	0	100	100	100000	200000	200000	200000	200000	200000	200000	200000	200002
3	5	A	40000	0	100	100	100000	100000	100000	100000	100000	100000	100000	100000	100001
3	5	B	40000	0	100	100	100000	100000	100000	100000	100000	100000	100000	100000	100001
3	6	G	40000	67393	32.607	25.633	32607	12826	39	3	0	12184	493	107	12730
3	6	A	40000	67593	32.407	25.959	32407	6448	1	0	0	6095	318	34	6417
3	6	B	40000	68315	31.685	25.307	31685	6378	38	3	0	6089	175	73	6313
3	6	cSpy was 64 spamed and the readout avoided!
3	7	G	40000	100000	0	0	0	0	0	0	0	0	0	0	2
3	7	A	40000	100000	0	0	0	0	0	0	0	0	0	0	1
3	7	B	40000	100000	0	0	0	0	0	0	0	0	0	0	1
4	0	G	40000	744	99.256	64.755	99256	15413	189	2	0	13815	964	443	14994
4	0	A	40000	1022	98.978	97.582	98978	1396	127	0	0	575	269	425	1020
4	0	B	40000	54055	45.945	31.928	45945	14017	62	2	0	13240	695	18	13974
4	0	cSpy was 16 spamed and the readout avoided!
4	1	G	40000	100000	0	0	0	0	0	0	0	0	0	0	2
4	1	A	40000	100000	0	0	0	0	0	0	0	0	0	0	1
4	1	B	40000	100000	0	0	0	0	0	0	0	0	0	0	1
4	2	G	40000	99999	0.00100136	0	1	2	0	0	0	2	0	0	4
4	2	A	40000	99999	0.00100136	0	1	1	0	0	0	1	0	0	2
4	2	B	40000	99999	0.00100136	0	1	1	0	0	0	1	0	0	2
4	3	G	40000	20520	79.48	57.1835	79480	34556	717	1	0	33196	100	542	33615
4	3	A	40000	25230	74.77	57.476	74770	17294	357	1	0	16538	5	393	16658
4	3	B	40000	25847	74.153	56.891	74153	17262	360	0	0	16658	95	149	16957
4	3	cSpy was 8 spamed and the readout avoided!
4	4	G	40000	15134	84.866	48.7935	84866	47844	59	7	1	42978	4507	292	47667
4	4	A	40000	27097	72.903	49.145	72903	23758	31	2	0	20666	2784	275	23604
4	4	B	40000	27472	72.528	48.442	72528	24086	28	5	1	22312	1723	17	24063
4	4	cSpy was 16 spamed and the readout avoided!
4	5	G	40000	100000	0	0	0	0	0	0	0	0	0	0	2
4	5	A	40000	100000	0	0	0	0	0	0	0	0	0	0	1
4	5	B	40000	100000	0	0	0	0	0	0	0	0	0	0	1
4	6	G	40000	100000	0	0	0	0	0	0	0	0	0	0	2
4	6	A	40000	100000	0	0	0	0	0	0	0	0	0	0	1
4	6	B	40000	100000	0	0	0	0	0	0	0	0	0	0	1
4	7	G	40000	20561	79.439	58.3365	79439	34519	723	0	0	33108	133	555	33529
4	7	A	40000	24143	75.857	58.599	75857	17258	347	0	0	16524	0	387	16610
4	7	B	40000	24665	75.335	58.074	75335	17261	376	0	0	16584	133	168	16919
4	7	cSpy was 8 spamed and the readout avoided!
5	0	G	40000	517	99.483	56.6875	99483	14693	140	0	0	13599	117	837	14142
5	0	A	40000	618	99.382	98.212	99382	1170	140	0	0	84	109	837	618
5	0	B	40000	71314	28.686	15.163	28686	13523	0	0	0	13515	8	0	13524
5	0	cSpy was 56 spamed and the readout avoided!
5	1	G	40000	46855	53.145	28.669	53145	37891	41	0	0	37764	3	83	37851
5	1	A	40000	52424	47.576	28.851	47576	18725	20	0	0	18624	3	78	18690
5	1	B	40000	52347	47.653	28.487	47653	19166	21	0	0	19140	0	5	19161
5	1	cSpy was 4 spamed and the readout avoided!
5	2	G	40000	52	99.948	97.9685	99948	2351	146	1	0	1028	487	689	1704
5	2	A	40000	130	99.87	99.28	99870	590	6	0	0	29	2	553	129
5	2	B	40000	1582	98.418	96.657	98418	1761	140	1	0	999	485	136	1575
5	2	cSpy was 56 spamed and the readout avoided!
5	3	G	40000	99838	0.161999	0	162	324	0	0	0	324	0	0	326
5	3	A	40000	99838	0.161999	0	162	162	0	0	0	162	0	0	163
5	3	B	40000	99838	0.161999	0	162	162	0	0	0	162	0	0	163
5	4	G	40000	100000	0	0	0	0	0	0	0	0	0	0	2
5	4	A	40000	100000	0	0	0	0	0	0	0	0	0	0	1
5	4	B	40000	100000	0	0	0	0	0	0	0	0	0	0	1
5	5	G	40000	80381	19.619	7.294	19619	19625	2	0	0	19604	2	17	19621
5	5	A	40000	82824	17.176	7.491	17176	9685	1	0	0	9665	2	17	9680
5	5	B	40000	82963	17.037	7.097	17037	9940	1	0	0	9939	0	0	9941
5	5	cSpy was 1 spamed and the readout avoided!
5	6	G	40000	0	100	100	100000	200000	200000	200000	200000	200000	200000	200000	200002
5	6	A	40000	0	100	100	100000	100000	100000	100000	100000	100000	100000	100000	100001
5	6	B	40000	0	100	100	100000	100000	100000	100000	100000	100000	100000	100000	100001
5	7	G	40000	60345	39.655	8.656	39655	44051	2	1	0	39636	4332	80	44020
5	7	A	40000	67585	32.415	9.007	32415	23408	2	1	0	20019	3306	80	23376
5	7	B	40000	71052	28.948	8.305	28948	20643	0	0	0	19617	1026	0	20644
6	0	G	40000	511	99.489	95.5965	99489	4683	252	3	0	2478	1246	705	4115
6	0	A	40000	1269	98.731	96.984	98731	1747	126	1	0	162	782	677	1269
6	0	B	40000	2855	97.145	94.209	97145	2936	126	2	0	2316	464	28	2846
6	0	cSpy was 46 spamed and the readout avoided!
6	1	G	40000	16900	83.1	38.1485	83100	58113	1	0	0	51586	6308	218	58006
6	1	A	40000	31286	68.714	41.012	68714	27702	0	0	0	23912	3572	218	27596
6	1	B	40000	34304	65.696	35.285	65696	30411	1	0	0	27674	2736	0	30410
6	1	cSpy was 5 spamed and the readout avoided!
6	2	G	40000	100000	0	0	0	0	0	0	0	0	0	0	2
6	2	A	40000	100000	0	0	0	0	0	0	0	0	0	0	1
6	2	B	40000	100000	0	0	0	0	0	0	0	0	0	0	1
6	3	G	40000	100000	0	0	0	0	0	0	0	0	0	0	2
6	3	A	40000	100000	0	0	0	0	0	0	0	0	0	0	1
6	3	B	40000	100000	0	0	0	0	0	0	0	0	0	0	1
6	4	G	40000	18793	81.207	59.341	81207	33799	787	1	0	32280	139	592	32783
6	4	A	40000	23421	76.579	59.678	76579	16901	383	1	0	16085	5	427	16213
6	4	B	40000	24098	75.902	59.004	75902	16898	404	0	0	16195	134	165	16570
6	4	cSpy was 7 spamed and the readout avoided!
6	5	G	40000	6871	93.129	78.6915	93129	18782	152	10	0	16573	1290	757	18297
6	5	A	40000	11290	88.71	79.745	88710	8965	23	4	0	7677	586	675	8597
6	5	B	40000	12545	87.455	77.638	87455	9817	129	6	0	8896	704	82	9700
6	5	cSpy was 62 spamed and the readout avoided!
6	6	G	40000	100000	0	0	0	0	0	0	0	0	0	0	2
6	6	A	40000	100000	0	0	0	0	0	0	0	0	0	0	1
6	6	B	40000	100000	0	0	0	0	0	0	0	0	0	0	1
6	7	G	40000	100000	0	0	0	0	0	0	0	0	0	0	2
6	7	A	40000	100000	0	0	0	0	0	0	0	0	0	0	1
6	7	B	40000	100000	0	0	0	0	0	0	0	0	0	0	1
7	0	G	40000	2074	97.926	47.9155	97926	3402	208	0	0	2605	58	531	2942
7	0	A	40000	2092	97.908	95.379	97908	2529	208	0	0	1732	58	531	2068
7	0	B	40000	98675	1.325	0.452	1325	873	0	0	0	873	0	0	874
7	0	cSpy was 1 spamed and the readout avoided!
7	1	G	40000	100000	0	0	0	0	0	0	0	0	0	0	2
7	1	A	40000	100000	0	0	0	0	0	0	0	0	0	0	1
7	1	B	40000	100000	0	0	0	0	0	0	0	0	0	0	1
7	2	G	40000	90287	9.713	2.392	9713	10841	12	12	0	10724	77	16	10837
7	2	A	40000	91942	8.058	2.656	8058	5402	12	12	0	5328	34	16	5397
7	2	B	40000	92433	7.567	2.128	7567	5439	0	0	0	5396	43	0	5440
7	2	cSpy was 1 spamed and the readout avoided!
7	3	G	40000	0	100	100	100000	200000	200000	200000	200000	200000	200000	200000	200002
7	3	A	40000	0	100	100	100000	100000	100000	100000	100000	100000	100000	100000	100001
7	3	B	40000	0	100	100	100000	100000	100000	100000	100000	100000	100000	100000	100001
7	4	G	40000	94036	5.964	0.356	5964	10850	0	0	0	10569	279	2	10852
7	4	A	40000	94081	5.919	0.356	5919	5563	0	0	0	5327	234	2	5564
7	4	B	40000	94357	5.643	0.356	5643	5287	0	0	0	5242	45	0	5288
7	5	G	40000	100000	0	0	0	0	0	0	0	0	0	0	2
7	5	A	40000	100000	0	0	0	0	0	0	0	0	0	0	1
7	5	B	40000	100000	0	0	0	0	0	0	0	0	0	0	1
7	6	G	40000	98730	1.27	0.262	1270	1440	0	0	0	1434	4	2	1442
7	6	A	40000	98993	1.007	0.294	1007	713	0	0	0	708	3	2	714
7	6	B	40000	99043	0.957	0.23	957	727	0	0	0	726	1	0	728
7	7	G	40000	33769	66.231	35.8545	66231	44047	11	0	0	42085	1759	192	43972
7	7	A	40000	41491	58.509	36.455	58509	22054	5	0	0	21052	806	191	21982
7	7	B	40000	42753	57.247	35.254	57247	21993	6	0	0	21033	953	1	21990
7	7	cSpy was 6 spamed and the readout avoided!
