#the gain was set to: 2	the bias was set to: 30
#Sent triggers per delay setting: 100000	and with a frequency [Hz] of: 40000
#160MHz delay setting	400MHz delay setting	Frequency	correct transmitted H+T		error rate [%]	uncertainty [%]	bad or missed events	error count	missing headers	missing trailers	flipped H/T	event nr errors	tbm missed trigger	unknown errors	event nr resets
0	0	G	40000	411	99.589	72.606	99589	19209	106	0	0	18118	354	631	18675
0	0	A	40000	630	99.37	98.222	99370	1148	77	0	0	177	276	618	630
0	0	B	40000	34949	65.051	46.99	65051	18061	29	0	0	17941	78	13	18045
0	0	cSpy was 31 spamed and the readout avoided!
0	1	G	40000	30679	69.321	50.6385	69321	25161	515	0	0	23460	566	620	24728
0	1	A	40000	39138	60.862	50.13	60862	10732	264	0	0	10026	0	442	10468
0	1	B	40000	34424	65.576	51.147	65576	14429	251	0	0	13434	566	178	14260
0	2	G	40000	5724	94.276	76.555	94276	23094	54	2	0	19850	2869	319	22898
0	2	A	40000	11968	88.032	76.423	88032	11609	20	0	0	9491	1792	306	11436
0	2	B	40000	11828	88.172	76.687	88172	11485	34	2	0	10359	1077	13	11462
0	2	cSpy was 3 spamed and the readout avoided!
0	3	G	40000	100000	0	0	0	0	0	0	0	0	0	0	2
0	3	A	40000	100000	0	0	0	0	0	0	0	0	0	0	1
0	3	B	40000	100000	0	0	0	0	0	0	0	0	0	0	1
0	4	G	40000	100000	0	0	0	0	0	0	0	0	0	0	2
0	4	A	40000	100000	0	0	0	0	0	0	0	0	0	0	1
0	4	B	40000	100000	0	0	0	0	0	0	0	0	0	0	1
0	5	G	40000	29163	70.837	51.43	70837	25513	226	0	0	24322	428	537	25341
0	5	A	40000	38271	61.729	50.807	61729	10922	125	0	0	10346	1	450	10796
0	5	B	40000	33356	66.644	52.053	66644	14591	101	0	0	13976	427	87	14545
0	6	G	40000	2562	97.438	87.498	97438	12459	190	4	0	10049	1741	475	12041
0	6	A	40000	5472	94.528	89.047	94528	5481	90	0	0	4042	1002	347	5204
0	6	B	40000	7073	92.927	85.949	92927	6978	100	4	0	6007	739	128	6837
0	6	cSpy was 34 spamed and the readout avoided!
0	7	G	40000	99961	0.0389993	0	39	78	0	0	0	78	0	0	80
0	7	A	40000	99961	0.0389993	0	39	39	0	0	0	39	0	0	40
0	7	B	40000	99961	0.0389993	0	39	39	0	0	0	39	0	0	40
1	0	G	40000	742	99.258	94.416	99258	5741	266	9	0	3606	1401	459	5260
1	0	A	40000	3385	96.615	92.987	96615	3628	193	9	0	2591	435	400	3223
1	0	B	40000	2042	97.958	95.845	97958	2113	73	0	0	1015	966	59	2037
1	0	cSpy was 25 spamed and the readout avoided!
1	1	G	40000	99963	0.0370026	0	37	74	0	0	0	74	0	0	76
1	1	A	40000	99963	0.0370026	0	37	37	0	0	0	37	0	0	38
1	1	B	40000	99963	0.0370026	0	37	37	0	0	0	37	0	0	38
1	2	G	40000	100000	0	0	0	0	0	0	0	0	0	0	2
1	2	A	40000	100000	0	0	0	0	0	0	0	0	0	0	1
1	2	B	40000	100000	0	0	0	0	0	0	0	0	0	0	1
1	3	G	40000	74267	25.733	12.6735	25733	17141	18	0	0	16793	225	105	17126
1	3	A	40000	80094	19.906	12.05	19906	7856	12	0	0	7558	190	96	7844
1	3	B	40000	77418	22.582	13.297	22582	9285	6	0	0	9235	35	9	9282
1	4	G	40000	0	100	100	100000	200000	200000	200000	200000	200000	200000	200000	200002
1	4	A	40000	0	100	100	100000	100000	100000	100000	100000	100000	100000	100000	100001
1	4	B	40000	0	100	100	100000	100000	100000	100000	100000	100000	100000	100000	100001
1	5	G	40000	95208	4.792	0.726	4792	6241	0	0	0	5996	241	4	6243
1	5	A	40000	96417	3.583	0.491	3583	3092	0	0	0	2995	93	4	3093
1	5	B	40000	95890	4.11	0.961	4110	3149	0	0	0	3001	148	0	3150
1	6	G	40000	100000	0	0	0	0	0	0	0	0	0	0	2
1	6	A	40000	100000	0	0	0	0	0	0	0	0	0	0	1
1	6	B	40000	100000	0	0	0	0	0	0	0	0	0	0	1
1	7	G	40000	99922	0.0779986	0	78	156	0	0	0	156	0	0	158
1	7	A	40000	99922	0.0779986	0	78	78	0	0	0	78	0	0	79
1	7	B	40000	99922	0.0779986	0	78	78	0	0	0	78	0	0	79
2	0	G	40000	2430	97.57	48.247	97570	4046	43	2	0	3819	110	72	3965
2	0	A	40000	2459	97.541	95.037	97541	2504	43	2	0	2277	110	72	2422
2	0	B	40000	97001	2.999	1.457	2999	1542	0	0	0	1542	0	0	1543
2	0	cSpy was 1 spamed and the readout avoided!
2	1	G	40000	99938	0.0620008	0.023	62	56	0	0	0	56	0	0	58
2	1	A	40000	99951	0.049001	0.022	49	27	0	0	0	27	0	0	28
2	1	B	40000	99947	0.0530005	0.024	53	29	0	0	0	29	0	0	30
2	2	G	40000	16880	83.12	60.957	83120	27780	840	5	0	24836	1242	857	26843
2	2	A	40000	27349	72.651	58.847	72651	13804	443	1	0	12164	644	552	13260
2	2	B	40000	22957	77.043	63.067	77043	13976	397	4	0	12672	598	305	13583
2	2	cSpy was 35 spamed and the readout avoided!
2	3	G	40000	11218	88.782	49.777	88782	46141	130	0	0	41231	4685	95	46016
2	3	A	40000	32705	67.295	38.098	67295	29197	4	0	0	25364	3806	23	29182
2	3	B	40000	21600	78.4	61.456	78400	16944	126	0	0	15867	879	72	16834
2	3	cSpy was 2 spamed and the readout avoided!
2	4	G	40000	100000	0	0	0	0	0	0	0	0	0	0	2
2	4	A	40000	100000	0	0	0	0	0	0	0	0	0	0	1
2	4	B	40000	100000	0	0	0	0	0	0	0	0	0	0	1
2	5	G	40000	98295	1.705	0.545	1705	1676	0	0	0	1659	14	3	1678
2	5	A	40000	98679	1.321	0.502	1321	819	0	0	0	808	8	3	820
2	5	B	40000	98555	1.445	0.588	1445	857	0	0	0	851	6	0	858
2	6	G	40000	27925	72.075	46.5585	72075	30082	379	4	0	27639	1512	548	29716
2	6	A	40000	42074	57.926	43.881	57926	14045	195	3	0	11982	1452	413	13820
2	6	B	40000	34727	65.273	49.236	65273	16037	184	1	0	15657	60	135	15896
2	7	G	40000	1501	98.499	91.724	98499	8232	212	4	0	6714	1023	279	7973
2	7	A	40000	5202	94.798	89.741	94798	5057	25	0	0	4133	708	191	4946
2	7	B	40000	3118	96.882	93.707	96882	3175	187	4	0	2581	315	88	3027
2	7	cSpy was 33 spamed and the readout avoided!
3	0	G	40000	744	99.256	81.075	99256	17041	276	3	0	15743	353	666	16452
3	0	A	40000	1358	98.642	96.77	98642	1872	185	0	0	1026	26	635	1345
3	0	B	40000	19451	80.549	65.38	80549	15169	91	3	0	14717	327	31	15107
3	0	cSpy was 63 spamed and the readout avoided!
3	1	G	40000	0	100	100	100000	200000	200000	200000	200000	200000	200000	200000	200002
3	1	A	40000	0	100	100	100000	100000	100000	100000	100000	100000	100000	100000	100001
3	1	B	40000	0	100	100	100000	100000	100000	100000	100000	100000	100000	100000	100001
3	2	G	40000	90663	9.337	2.4475	9337	11350	4	2	0	10612	715	17	11344
3	2	A	40000	91569	8.431	2.422	8431	6009	0	0	0	5321	684	4	6009
3	2	B	40000	92186	7.814	2.473	7814	5341	4	2	0	5291	31	13	5335
3	2	cSpy was 1 spamed and the readout avoided!
3	3	G	40000	100000	0	0	0	0	0	0	0	0	0	0	2
3	3	A	40000	100000	0	0	0	0	0	0	0	0	0	0	1
3	3	B	40000	100000	0	0	0	0	0	0	0	0	0	0	1
3	4	G	40000	86627	13.373	3.572	13373	16874	0	0	0	16853	19	2	16876
3	4	A	40000	88067	11.933	3.42	11933	8513	0	0	0	8499	12	2	8514
3	4	B	40000	87915	12.085	3.724	12085	8361	0	0	0	8354	7	0	8362
3	5	G	40000	0	100	100	100000	200000	200000	200000	200000	200000	200000	200000	200002
3	5	A	40000	0	100	100	100000	100000	100000	100000	100000	100000	100000	100000	100001
3	5	B	40000	0	100	100	100000	100000	100000	100000	100000	100000	100000	100000	100001
3	6	G	40000	92004	7.996	1.4125	7996	12692	1	0	0	12453	238	0	12694
3	6	A	40000	92081	7.919	1.412	7919	6507	0	0	0	6281	226	0	6508
3	6	B	40000	92402	7.598	1.413	7598	6185	1	0	0	6172	12	0	6186
3	7	G	40000	100000	0	0	0	0	0	0	0	0	0	0	2
3	7	A	40000	100000	0	0	0	0	0	0	0	0	0	0	1
3	7	B	40000	100000	0	0	0	0	0	0	0	0	0	0	1
4	0	G	40000	889	99.111	51.6845	99111	18931	214	0	0	17487	600	630	18363
4	0	A	40000	1102	98.898	97.23	98898	1668	211	0	0	544	284	629	1100
4	0	B	40000	76598	23.402	6.139	23402	17263	3	0	0	16943	316	1	17263
4	0	cSpy was 10 spamed and the readout avoided!
4	1	G	40000	100000	0	0	0	0	0	0	0	0	0	0	2
4	1	A	40000	100000	0	0	0	0	0	0	0	0	0	0	1
4	1	B	40000	100000	0	0	0	0	0	0	0	0	0	0	1
4	2	G	40000	99990	0.0100017	0	10	20	0	0	0	20	0	0	22
4	2	A	40000	99990	0.0100017	0	10	10	0	0	0	10	0	0	11
4	2	B	40000	99990	0.0100017	0	10	10	0	0	0	10	0	0	11
4	3	G	40000	17483	82.517	60.0715	82517	33444	772	1	0	31921	134	616	32429
4	3	A	40000	22819	77.181	60.451	77181	16730	387	1	0	15882	13	447	16040
4	3	B	40000	23594	76.406	59.692	76406	16714	385	0	0	16039	121	169	16389
4	3	cSpy was 6 spamed and the readout avoided!
4	4	G	40000	13283	86.717	63.234	86717	30785	243	2	0	27151	2902	487	30350
4	4	A	40000	21258	78.742	63.488	78742	15254	124	2	0	12940	1784	404	14936
4	4	B	40000	21489	78.511	62.98	78511	15531	119	0	0	14211	1118	83	15414
4	4	cSpy was 89 spamed and the readout avoided!
4	5	G	40000	100000	0	0	0	0	0	0	0	0	0	0	2
4	5	A	40000	100000	0	0	0	0	0	0	0	0	0	0	1
4	5	B	40000	100000	0	0	0	0	0	0	0	0	0	0	1
4	6	G	40000	100000	0	0	0	0	0	0	0	0	0	0	2
4	6	A	40000	100000	0	0	0	0	0	0	0	0	0	0	1
4	6	B	40000	100000	0	0	0	0	0	0	0	0	0	0	1
4	7	G	40000	20442	79.558	58.4585	79558	34446	774	0	0	32933	153	586	33402
4	7	A	40000	24043	75.957	58.732	75957	17225	372	0	0	16444	0	409	16537
4	7	B	40000	24594	75.406	58.185	75406	17221	402	0	0	16489	153	177	16865
4	7	cSpy was 8 spamed and the readout avoided!
5	0	G	40000	488	99.512	56.8805	99512	14905	138	0	0	13828	109	830	14366
5	0	A	40000	613	99.387	98.234	99387	1153	138	0	0	85	101	829	613
5	0	B	40000	70721	29.279	15.527	29279	13752	0	0	0	13743	8	1	13753
5	0	cSpy was 67 spamed and the readout avoided!
5	1	G	40000	37844	62.156	39.3285	62156	35783	183	0	0	35381	6	213	35562
5	1	A	40000	42747	57.253	39.458	57253	17795	90	0	0	17534	3	168	17635
5	1	B	40000	42813	57.187	39.199	57187	17988	93	0	0	17847	3	45	17927
5	1	cSpy was 5 spamed and the readout avoided!
5	2	G	40000	73	99.927	97.9275	99927	2464	139	1	0	1300	103	921	1668
5	2	A	40000	187	99.813	99.031	99813	782	3	0	0	32	1	746	185
5	2	B	40000	1494	98.506	96.824	98506	1682	136	1	0	1268	102	175	1483
5	2	cSpy was 68 spamed and the readout avoided!
5	3	G	40000	99870	0.129998	0	130	260	0	0	0	260	0	0	262
5	3	A	40000	99870	0.129998	0	130	130	0	0	0	130	0	0	131
5	3	B	40000	99870	0.129998	0	130	130	0	0	0	130	0	0	131
5	4	G	40000	100000	0	0	0	0	0	0	0	0	0	0	2
5	4	A	40000	100000	0	0	0	0	0	0	0	0	0	0	1
5	4	B	40000	100000	0	0	0	0	0	0	0	0	0	0	1
5	5	G	40000	91933	8.067	1.502	8067	11773	0	0	0	11771	0	2	11775
5	5	A	40000	92555	7.445	1.603	7445	5842	0	0	0	5840	0	2	5843
5	5	B	40000	92668	7.332	1.401	7332	5931	0	0	0	5931	0	0	5932
5	6	G	40000	6	99.994	98.291	99994	1866	159	1	0	483	936	287	1552
5	6	A	40000	9	99.991	99.853	99991	138	0	0	0	0	1	137	9
5	6	B	40000	1543	98.457	96.729	98457	1728	159	1	0	483	935	150	1543
5	6	cSpy was 35 spamed and the readout avoided!
5	7	G	40000	56623	43.377	12.1645	43377	45930	0	1	0	41468	4371	90	45900
5	7	A	40000	62926	37.074	12.458	37074	24616	0	1	0	21117	3408	90	24586
5	7	B	40000	66815	33.185	11.871	33185	21314	0	0	0	20351	963	0	21314
6	0	G	40000	601	99.399	95.3045	99399	4980	235	6	0	2657	1315	767	4397
6	0	A	40000	1315	98.685	96.865	98685	1820	125	2	0	161	804	728	1315
6	0	B	40000	3096	96.904	93.744	96904	3160	110	4	0	2496	511	39	3082
6	0	cSpy was 50 spamed and the readout avoided!
6	1	G	40000	19553	80.447	31.6765	80447	62928	0	0	0	55791	6950	187	62842
6	1	A	40000	35369	64.631	34.543	64631	30088	0	0	0	25917	3985	186	30001
6	1	B	40000	38350	61.65	28.81	61650	32840	0	0	0	29874	2965	1	32841
6	1	cSpy was 4 spamed and the readout avoided!
6	2	G	40000	100000	0	0	0	0	0	0	0	0	0	0	2
6	2	A	40000	100000	0	0	0	0	0	0	0	0	0	0	1
6	2	B	40000	100000	0	0	0	0	0	0	0	0	0	0	1
6	3	G	40000	100000	0	0	0	0	0	0	0	0	0	0	2
6	3	A	40000	100000	0	0	0	0	0	0	0	0	0	0	1
6	3	B	40000	100000	0	0	0	0	0	0	0	0	0	0	1
6	4	G	40000	17801	82.199	59.8085	82199	33409	760	1	0	31938	115	595	32388
6	4	A	40000	23109	76.891	60.208	76891	16683	380	1	0	15861	7	434	15994
6	4	B	40000	23865	76.135	59.409	76135	16726	380	0	0	16077	108	161	16394
6	4	cSpy was 5 spamed and the readout avoided!
6	5	G	40000	6910	93.09	77.8555	93090	19769	187	2	0	17285	1529	766	19278
6	5	A	40000	11586	88.414	79.063	88414	9351	18	1	0	7986	697	649	9030
6	5	B	40000	12934	87.066	76.648	87066	10418	169	1	0	9299	832	117	10248
6	5	cSpy was 73 spamed and the readout avoided!
6	6	G	40000	100000	0	0	0	0	0	0	0	0	0	0	2
6	6	A	40000	100000	0	0	0	0	0	0	0	0	0	0	1
6	6	B	40000	100000	0	0	0	0	0	0	0	0	0	0	1
6	7	G	40000	100000	0	0	0	0	0	0	0	0	0	0	2
6	7	A	40000	100000	0	0	0	0	0	0	0	0	0	0	1
6	7	B	40000	100000	0	0	0	0	0	0	0	0	0	0	1
7	0	G	40000	2077	97.923	47.9145	97923	3473	206	0	0	2641	84	542	2995
7	0	A	40000	2096	97.904	95.363	97904	2541	206	0	0	1709	84	542	2062
7	0	B	40000	98602	1.398	0.466	1398	932	0	0	0	932	0	0	933
7	1	G	40000	100000	0	0	0	0	0	0	0	0	0	0	2
7	1	A	40000	100000	0	0	0	0	0	0	0	0	0	0	1
7	1	B	40000	100000	0	0	0	0	0	0	0	0	0	0	1
7	2	G	40000	94579	5.421	1.355	5421	6205	5	7	0	6141	42	10	6202
7	2	A	40000	95436	4.564	1.49	4564	3074	5	7	0	3043	10	9	3071
7	2	B	40000	95649	4.351	1.22	4351	3131	0	0	0	3098	32	1	3131
7	2	cSpy was 1 spamed and the readout avoided!
7	3	G	40000	0	100	100	100000	200000	200000	200000	200000	200000	200000	200000	200002
7	3	A	40000	0	100	100	100000	100000	100000	100000	100000	100000	100000	100000	100001
7	3	B	40000	0	100	100	100000	100000	100000	100000	100000	100000	100000	100000	100001
7	4	G	40000	87413	12.587	2.2155	12587	18366	0	0	0	17110	1237	19	18364
7	4	A	40000	87944	12.056	2.226	12056	9830	0	0	0	8772	1039	19	9827
7	4	B	40000	89259	10.741	2.205	10741	8536	0	0	0	8338	198	0	8537
7	5	G	40000	100000	0	0	0	0	0	0	0	0	0	0	2
7	5	A	40000	100000	0	0	0	0	0	0	0	0	0	0	1
7	5	B	40000	100000	0	0	0	0	0	0	0	0	0	0	1
7	6	G	40000	96024	3.976	0.931	3976	4303	4	1	0	4283	11	4	4303
7	6	A	40000	96820	3.18	1.036	3180	2144	4	1	0	2127	8	4	2143
7	6	B	40000	97015	2.985	0.826	2985	2159	0	0	0	2156	3	0	2160
7	7	G	40000	35693	64.307	35.8075	64307	39108	21	26	0	37379	1485	197	39021
7	7	A	40000	43860	56.14	36.702	56140	19438	11	26	0	18552	656	193	19359
7	7	B	40000	45417	54.583	34.913	54583	19670	10	0	0	18827	829	4	19662
7	7	cSpy was 9 spamed and the readout avoided!
