#the gain was set to: 2	the bias was set to: 30
#Sent triggers per delay setting: 100000	and with a frequency [Hz] of: 40000
#160MHz delay setting	400MHz delay setting	Frequency	correct transmitted H+T		error rate [%]	uncertainty [%]	bad or missed events	error count	missing headers	missing trailers	flipped H/T	event nr errors	tbm missed trigger	unknown errors	event nr resets
0	0	G	40000	413	99.587	73.302	99587	19177	120	0	0	18135	311	611	18658
0	0	A	40000	631	99.369	98.233	99369	1136	99	0	0	200	238	599	631
0	0	B	40000	33588	66.412	48.371	66412	18041	21	0	0	17935	73	12	18027
0	0	cSpy was 27 spamed and the readout avoided!
0	1	G	40000	27232	72.768	53.1975	72768	25804	528	0	0	24528	0	748	25324
0	1	A	40000	36635	63.365	52.663	63365	10702	265	0	0	9936	0	501	10437
0	1	B	40000	31166	68.834	53.732	68834	15102	263	0	0	14592	0	247	14887
0	2	G	40000	5805	94.195	75.6295	94195	23931	63	0	0	20344	3234	290	23734
0	2	A	40000	12244	87.756	76.05	87756	11706	38	0	0	9494	1895	279	11534
0	2	B	40000	12566	87.434	75.209	87434	12225	25	0	0	10850	1339	11	12200
0	2	cSpy was 1 spamed and the readout avoided!
0	3	G	40000	100000	0	0	0	0	0	0	0	0	0	0	2
0	3	A	40000	100000	0	0	0	0	0	0	0	0	0	0	1
0	3	B	40000	100000	0	0	0	0	0	0	0	0	0	0	1
0	4	G	40000	99168	0.831997	0.2625	832	932	0	0	0	930	0	2	934
0	4	A	40000	99310	0.690001	0.257	690	433	0	0	0	431	0	2	434
0	4	B	40000	99233	0.766999	0.268	767	499	0	0	0	499	0	0	500
0	5	G	40000	30171	69.829	47.1225	69829	29227	122	1	0	28525	96	483	29091
0	5	A	40000	40675	59.325	46.413	59325	12912	63	0	0	12374	46	429	12810
0	5	B	40000	35853	64.147	47.832	64147	16315	59	1	0	16151	50	54	16281
0	6	G	40000	2490	97.51	87.822	97510	12160	212	7	0	9480	2127	334	11823
0	6	A	40000	4717	95.283	90.527	95283	4756	104	0	0	3415	950	287	4510
0	6	B	40000	7479	92.521	85.117	92521	7404	108	7	0	6065	1177	47	7313
0	6	cSpy was 19 spamed and the readout avoided!
0	7	G	40000	74142	25.858	10.371	25858	17598	2	0	0	14837	2748	11	17594
0	7	A	40000	83611	16.389	4.96	16389	11429	0	0	0	9157	2263	9	11428
0	7	B	40000	78049	21.951	15.782	21951	6169	2	0	0	5680	485	2	6166
1	0	G	40000	240	99.76	97.979	99760	2163	138	0	0	1584	127	314	1855
1	0	A	40000	1347	98.653	97.068	98653	1585	121	0	0	1108	96	260	1326
1	0	B	40000	532	99.468	98.89	99468	578	17	0	0	476	31	54	529
1	0	cSpy was 17 spamed and the readout avoided!
1	1	G	40000	99914	0.0859976	0	86	172	0	0	0	172	0	0	174
1	1	A	40000	99914	0.0859976	0	86	86	0	0	0	86	0	0	87
1	1	B	40000	99914	0.0859976	0	86	86	0	0	0	86	0	0	87
1	2	G	40000	100000	0	0	0	0	0	0	0	0	0	0	2
1	2	A	40000	100000	0	0	0	0	0	0	0	0	0	0	1
1	2	B	40000	100000	0	0	0	0	0	0	0	0	0	0	1
1	3	G	40000	79968	20.032	7.052	20032	18602	2	0	0	18439	104	57	18599
1	3	A	40000	84713	15.287	6.659	15287	8628	1	0	0	8483	89	55	8624
1	3	B	40000	82581	17.419	7.445	17419	9974	1	0	0	9956	15	2	9975
1	4	G	40000	926	99.074	95.1715	99074	4970	354	3	0	3109	1208	296	4555
1	4	A	40000	2925	97.075	94.121	97075	2954	96	0	0	1788	955	115	2812
1	4	B	40000	1762	98.238	96.222	98238	2016	258	3	0	1321	253	181	1743
1	4	cSpy was 34 spamed and the readout avoided!
1	5	G	40000	94286	5.714	0.889	5714	6983	0	0	0	6661	321	1	6985
1	5	A	40000	95969	4.031	0.572	4031	3459	0	0	0	3338	120	1	3460
1	5	B	40000	95270	4.73	1.206	4730	3524	0	0	0	3323	201	0	3525
1	6	G	40000	100000	0	0	0	0	0	0	0	0	0	0	2
1	6	A	40000	100000	0	0	0	0	0	0	0	0	0	0	1
1	6	B	40000	100000	0	0	0	0	0	0	0	0	0	0	1
1	7	G	40000	99691	0.309002	0.002	309	614	0	0	0	614	0	0	616
1	7	A	40000	99691	0.309002	0.002	309	307	0	0	0	307	0	0	308
1	7	B	40000	99691	0.309002	0.002	309	307	0	0	0	307	0	0	308
2	0	G	40000	2198	97.802	48.64	97802	4204	43	1	0	3979	104	77	4120
2	0	A	40000	2248	97.752	95.445	97752	2307	43	1	0	2083	104	76	2222
2	0	B	40000	96268	3.732	1.835	3732	1897	0	0	0	1896	0	1	1898
2	1	G	40000	100000	0	0	0	0	0	0	0	0	0	0	2
2	1	A	40000	100000	0	0	0	0	0	0	0	0	0	0	1
2	1	B	40000	100000	0	0	0	0	0	0	0	0	0	0	1
2	2	G	40000	19530	80.47	57.4545	80470	28502	884	10	0	25544	1248	816	27611
2	2	A	40000	30856	69.144	55.325	69144	13819	460	2	0	12067	756	534	13301
2	2	B	40000	25733	74.267	59.584	74267	14683	424	8	0	13477	492	282	14310
2	2	cSpy was 3 spamed and the readout avoided!
2	3	G	40000	9682	90.318	54.612	90318	42651	117	0	0	37944	4519	71	42548
2	3	A	40000	29502	70.498	43.474	70498	27024	4	0	0	23479	3513	28	27005
2	3	B	40000	18623	81.377	65.75	81377	15627	113	0	0	14465	1006	43	15543
2	3	cSpy was 1 spamed and the readout avoided!
2	4	G	40000	100000	0	0	0	0	0	0	0	0	0	0	2
2	4	A	40000	100000	0	0	0	0	0	0	0	0	0	0	1
2	4	B	40000	100000	0	0	0	0	0	0	0	0	0	0	1
2	5	G	40000	99224	0.775999	0.2305	776	856	0	0	0	851	3	2	858
2	5	A	40000	99366	0.634003	0.214	634	420	0	0	0	416	2	2	421
2	5	B	40000	99317	0.682998	0.247	683	436	0	0	0	435	1	0	437
2	6	G	40000	25429	74.571	49.881	74571	28784	277	3	0	26398	1538	568	28525
2	6	A	40000	39536	60.464	47.103	60464	13361	146	2	0	11233	1527	453	13190
2	6	B	40000	31918	68.082	52.659	68082	15423	131	1	0	15165	11	115	15335
2	7	G	40000	1430	98.57	91.608	98570	8540	377	4	0	4653	3055	451	8031
2	7	A	40000	5244	94.756	89.395	94756	5361	124	0	0	2734	2194	309	5090
2	7	B	40000	3000	97	93.821	97000	3179	253	4	0	1919	861	142	2941
2	7	cSpy was 75 spamed and the readout avoided!
3	0	G	40000	793	99.207	79.693	99207	16965	259	1	0	15691	351	663	16390
3	0	A	40000	1379	98.621	96.733	98621	1888	184	0	0	1042	26	636	1358
3	0	B	40000	22270	77.73	62.653	77730	15077	75	1	0	14649	325	27	15032
3	0	cSpy was 19 spamed and the readout avoided!
3	1	G	40000	0	100	100	100000	200000	200000	200000	200000	200000	200000	200000	200002
3	1	A	40000	0	100	100	100000	100000	100000	100000	100000	100000	100000	100000	100001
3	1	B	40000	0	100	100	100000	100000	100000	100000	100000	100000	100000	100000	100001
3	2	G	40000	99990	0.0100017	0	10	20	0	0	0	20	0	0	22
3	2	A	40000	99990	0.0100017	0	10	10	0	0	0	10	0	0	11
3	2	B	40000	99990	0.0100017	0	10	10	0	0	0	10	0	0	11
3	3	G	40000	100000	0	0	0	0	0	0	0	0	0	0	2
3	3	A	40000	100000	0	0	0	0	0	0	0	0	0	0	1
3	3	B	40000	100000	0	0	0	0	0	0	0	0	0	0	1
3	4	G	40000	69011	30.989	16.2715	30989	22246	123	0	0	21957	69	97	22089
3	4	A	40000	72653	27.347	16.073	27347	11274	60	0	0	11126	15	73	11165
3	4	B	40000	72558	27.442	16.47	27442	10972	63	0	0	10831	54	24	10924
3	5	G	40000	0	100	100	100000	200000	200000	200000	200000	200000	200000	200000	200002
3	5	A	40000	0	100	100	100000	100000	100000	100000	100000	100000	100000	100000	100001
3	5	B	40000	0	100	100	100000	100000	100000	100000	100000	100000	100000	100000	100001
3	6	G	40000	67103	32.897	9.073	32897	34173	9	4	0	31352	2775	33	34156
3	6	A	40000	73814	26.186	9.055	26186	17131	4	0	0	15105	1990	32	17120
3	6	B	40000	73867	26.133	9.091	26133	17042	5	4	0	16247	785	1	17036
3	6	cSpy was 6 spamed and the readout avoided!
3	7	G	40000	100000	0	0	0	0	0	0	0	0	0	0	2
3	7	A	40000	100000	0	0	0	0	0	0	0	0	0	0	1
3	7	B	40000	100000	0	0	0	0	0	0	0	0	0	0	1
4	0	G	40000	762	99.238	63.59	99238	15901	228	1	0	14221	1005	446	15464
4	0	A	40000	1027	98.973	97.571	98973	1402	151	0	0	564	268	419	1024
4	0	B	40000	55892	44.108	29.609	44108	14499	77	1	0	13657	737	27	14440
4	0	cSpy was 13 spamed and the readout avoided!
4	1	G	40000	100000	0	0	0	0	0	0	0	0	0	0	2
4	1	A	40000	100000	0	0	0	0	0	0	0	0	0	0	1
4	1	B	40000	100000	0	0	0	0	0	0	0	0	0	0	1
4	2	G	40000	100000	0	0	0	0	0	0	0	0	0	0	2
4	2	A	40000	100000	0	0	0	0	0	0	0	0	0	0	1
4	2	B	40000	100000	0	0	0	0	0	0	0	0	0	0	1
4	3	G	40000	21636	78.364	56.2005	78364	34795	711	1	0	33462	89	532	33885
4	3	A	40000	26132	73.868	56.466	73868	17402	349	1	0	16668	2	382	16788
4	3	B	40000	26672	73.328	55.935	73328	17393	362	0	0	16794	87	150	17097
4	3	cSpy was 9 spamed and the readout avoided!
4	4	G	40000	12802	87.198	55.1155	87198	42334	39	7	0	38032	3938	318	42157
4	4	A	40000	23530	76.47	55.407	76470	21063	13	3	0	18390	2354	303	20912
4	4	B	40000	23905	76.095	54.824	76095	21271	26	4	0	19642	1584	15	21245
4	4	cSpy was 16 spamed and the readout avoided!
4	5	G	40000	100000	0	0	0	0	0	0	0	0	0	0	2
4	5	A	40000	100000	0	0	0	0	0	0	0	0	0	0	1
4	5	B	40000	100000	0	0	0	0	0	0	0	0	0	0	1
4	6	G	40000	100000	0	0	0	0	0	0	0	0	0	0	2
4	6	A	40000	100000	0	0	0	0	0	0	0	0	0	0	1
4	6	B	40000	100000	0	0	0	0	0	0	0	0	0	0	1
4	7	G	40000	23670	76.33	53.0625	76330	36589	351	1	0	35915	13	309	36150
4	7	A	40000	28536	71.464	53.182	71464	18282	167	1	0	17882	2	230	17979
4	7	B	40000	28750	71.25	52.943	71250	18307	184	0	0	18033	11	79	18171
4	7	cSpy was 7 spamed and the readout avoided!
5	0	G	40000	510	99.49	57.236	99490	15275	154	0	0	14179	118	824	14724
5	0	A	40000	623	99.377	98.203	99377	1174	154	0	0	87	112	821	623
5	0	B	40000	69630	30.37	16.269	30370	14101	0	0	0	14092	6	3	14101
5	0	cSpy was 63 spamed and the readout avoided!
5	1	G	40000	32656	67.344	44.1535	67344	35990	221	0	0	35547	5	217	35751
5	1	A	40000	37851	62.149	44.235	62149	17914	106	0	0	17628	3	177	17740
5	1	B	40000	37852	62.148	44.072	62148	18076	115	0	0	17919	2	40	18011
5	1	cSpy was 4 spamed and the readout avoided!
5	2	G	40000	57	99.943	98.2725	99943	2145	75	0	0	1030	67	973	1300
5	2	A	40000	139	99.861	99.017	99861	844	3	0	0	17	0	824	139
5	2	B	40000	1171	98.829	97.528	98829	1301	72	0	0	1013	67	149	1161
5	2	cSpy was 38 spamed and the readout avoided!
5	3	G	40000	99678	0.322002	0	322	644	0	0	0	644	0	0	646
5	3	A	40000	99678	0.322002	0	322	322	0	0	0	322	0	0	323
5	3	B	40000	99678	0.322002	0	322	322	0	0	0	322	0	0	323
5	4	G	40000	100000	0	0	0	0	0	0	0	0	0	0	2
5	4	A	40000	100000	0	0	0	0	0	0	0	0	0	0	1
5	4	B	40000	100000	0	0	0	0	0	0	0	0	0	0	1
5	5	G	40000	79993	20.007	6.6495	20007	21495	2	0	0	21474	2	17	21495
5	5	A	40000	82489	17.511	6.903	17511	10608	1	0	0	10588	2	17	10607
5	5	B	40000	82717	17.283	6.396	17283	10887	1	0	0	10886	0	0	10888
5	6	G	40000	6	99.994	97.658	99994	2450	207	3	0	1056	1028	156	2225
5	6	A	40000	16	99.984	99.926	99984	58	0	0	0	7	2	49	16
5	6	B	40000	2218	97.782	95.39	97782	2392	207	3	0	1049	1026	107	2209
5	6	cSpy was 35 spamed and the readout avoided!
5	7	G	40000	50344	49.656	10.8225	49656	53425	2	8	0	48090	5228	97	53388
5	7	A	40000	60642	39.358	11.4	39358	27958	2	8	0	24075	3776	97	27921
5	7	B	40000	64288	35.712	10.245	35712	25467	0	0	0	24015	1452	0	25467
6	0	G	40000	653	99.347	95.1855	99347	5133	300	8	0	2672	1381	772	4478
6	0	A	40000	1440	98.56	96.579	98560	1981	160	2	0	193	911	715	1440
6	0	B	40000	3056	96.944	93.792	96944	3152	140	6	0	2479	470	57	3038
6	0	cSpy was 49 spamed and the readout avoided!
6	1	G	40000	17234	82.766	35.8115	82766	60875	0	0	0	54201	6400	274	60744
6	1	A	40000	32027	67.973	39.026	67973	28947	0	0	0	25044	3631	272	28817
6	1	B	40000	35475	64.525	32.597	64525	31928	0	0	0	29157	2769	2	31927
6	1	cSpy was 5 spamed and the readout avoided!
6	2	G	40000	100000	0	0	0	0	0	0	0	0	0	0	2
6	2	A	40000	100000	0	0	0	0	0	0	0	0	0	0	1
6	2	B	40000	100000	0	0	0	0	0	0	0	0	0	0	1
6	3	G	40000	100000	0	0	0	0	0	0	0	0	0	0	2
6	3	A	40000	100000	0	0	0	0	0	0	0	0	0	0	1
6	3	B	40000	100000	0	0	0	0	0	0	0	0	0	0	1
6	4	G	40000	19433	80.567	59.0535	80567	34021	805	1	0	32484	137	594	32959
6	4	A	40000	23615	76.385	59.358	76385	17027	391	1	0	16210	1	424	16314
6	4	B	40000	24257	75.743	58.749	75743	16994	414	0	0	16274	136	170	16645
6	4	cSpy was 19 spamed and the readout avoided!
6	5	G	40000	6366	93.634	83.3875	93634	13388	177	3	0	11584	860	765	12906
6	5	A	40000	9328	90.672	84.413	90672	6259	14	0	0	5200	384	661	5918
6	5	B	40000	10509	89.491	82.362	89491	7129	163	3	0	6384	476	104	6988
6	5	cSpy was 91 spamed and the readout avoided!
6	6	G	40000	100000	0	0	0	0	0	0	0	0	0	0	2
6	6	A	40000	100000	0	0	0	0	0	0	0	0	0	0	1
6	6	B	40000	100000	0	0	0	0	0	0	0	0	0	0	1
6	7	G	40000	100000	0	0	0	0	0	0	0	0	0	0	2
6	7	A	40000	100000	0	0	0	0	0	0	0	0	0	0	1
6	7	B	40000	100000	0	0	0	0	0	0	0	0	0	0	1
7	0	G	40000	1972	98.028	48.0295	98028	3503	209	0	0	2650	83	561	3000
7	0	A	40000	1996	98.004	95.524	98004	2480	209	0	0	1627	83	561	1976
7	0	B	40000	98442	1.558	0.535	1558	1023	0	0	0	1023	0	0	1024
7	0	cSpy was 2 spamed and the readout avoided!
7	1	G	40000	100000	0	0	0	0	0	0	0	0	0	0	2
7	1	A	40000	100000	0	0	0	0	0	0	0	0	0	0	1
7	1	B	40000	100000	0	0	0	0	0	0	0	0	0	0	1
7	2	G	40000	90983	9.017	1.7355	9017	11697	4	2	0	11598	84	9	11696
7	2	A	40000	92208	7.792	1.94	7792	5852	4	2	0	5777	60	9	5850
7	2	B	40000	92624	7.376	1.531	7376	5845	0	0	0	5821	24	0	5846
7	3	G	40000	0	100	100	100000	200000	200000	200000	200000	200000	200000	200000	200002
7	3	A	40000	0	100	100	100000	100000	100000	100000	100000	100000	100000	100000	100001
7	3	B	40000	0	100	100	100000	100000	100000	100000	100000	100000	100000	100000	100001
7	4	G	40000	66263	33.737	25.7695	33737	12838	71	2	1	11864	587	313	12648
7	4	A	40000	67532	32.468	26.029	32468	6439	6	0	1	5806	370	256	6310
7	4	B	40000	68091	31.909	25.51	31909	6399	65	2	0	6058	217	57	6338
7	4	cSpy was 17 spamed and the readout avoided!
7	5	G	40000	100000	0	0	0	0	0	0	0	0	0	0	2
7	5	A	40000	100000	0	0	0	0	0	0	0	0	0	0	1
7	5	B	40000	100000	0	0	0	0	0	0	0	0	0	0	1
7	6	G	40000	95889	4.111	1.2	4111	3833	6	3	0	3787	26	11	3833
7	6	A	40000	96779	3.221	1.322	3221	1899	6	3	0	1872	7	11	1898
7	6	B	40000	96988	3.012	1.078	3012	1934	0	0	0	1915	19	0	1935
7	6	cSpy was 1 spamed and the readout avoided!
7	7	G	40000	45660	54.34	26.0455	54340	41891	16	29	0	40341	1350	155	41821
7	7	A	40000	52328	47.672	26.56	47672	21112	13	29	0	20308	609	153	21044
7	7	B	40000	53690	46.31	25.531	46310	20779	3	0	0	20033	741	2	20777
7	7	cSpy was 7 spamed and the readout avoided!
