#the gain was set to: 2	the bias was set to: 30
#Sent triggers per delay setting: 100000	and with a frequency [Hz] of: 40000
#160MHz delay setting	400MHz delay setting	Frequency	correct transmitted H+T		error rate [%]	uncertainty [%]	bad or missed events	error count	missing headers	missing trailers	flipped H/T	event nr errors	tbm missed trigger	unknown errors	event nr resets
0	0	G	40000	386	99.614	73.9535	99614	18590	120	0	0	17553	266	651	18032
0	0	A	40000	611	99.389	98.25	99389	1139	84	0	0	216	206	633	611
0	0	B	40000	32892	67.108	49.657	67108	17451	36	0	0	17337	60	18	17421
0	0	cSpy was 24 spamed and the readout avoided!
0	1	G	40000	31126	68.874	45.5935	68874	30045	60	0	0	29442	103	440	29939
0	1	A	40000	41698	58.302	44.875	58302	13427	34	0	0	12931	44	418	13338
0	1	B	40000	37070	62.93	46.312	62930	16618	26	0	0	16511	59	22	16601
0	2	G	40000	3384	96.616	83.6335	96616	16176	74	1	0	13622	2186	293	15975
0	2	A	40000	7086	92.914	86.012	92914	6902	50	0	0	5419	1150	283	6719
0	2	B	40000	9471	90.529	81.255	90529	9274	24	1	0	8203	1036	10	9256
0	2	cSpy was 3 spamed and the readout avoided!
0	3	G	40000	100000	0	0	0	0	0	0	0	0	0	0	2
0	3	A	40000	100000	0	0	0	0	0	0	0	0	0	0	1
0	3	B	40000	100000	0	0	0	0	0	0	0	0	0	0	1
0	4	G	40000	100000	0	0	0	0	0	0	0	0	0	0	2
0	4	A	40000	100000	0	0	0	0	0	0	0	0	0	0	1
0	4	B	40000	100000	0	0	0	0	0	0	0	0	0	0	1
0	5	G	40000	39200	60.8	36.1585	60800	33019	26	0	0	32510	135	348	32935
0	5	A	40000	49351	50.649	35.546	50649	15103	14	0	0	14687	64	338	15028
0	5	B	40000	45313	54.687	36.771	54687	17916	12	0	0	17823	71	10	17907
0	6	G	40000	1869	98.131	90.908	98131	9200	474	16	0	6796	1569	345	8681
0	6	A	40000	5142	94.858	89.693	94858	5165	159	0	0	3708	1082	216	4907
0	6	B	40000	3842	96.158	92.123	96158	4035	315	16	0	3088	487	129	3774
0	6	cSpy was 44 spamed and the readout avoided!
0	7	G	40000	97653	2.347	0.426	2347	3655	0	0	0	3630	25	0	3657
0	7	A	40000	97773	2.227	0.4	2227	1827	0	0	0	1814	13	0	1828
0	7	B	40000	97720	2.28	0.452	2280	1828	0	0	0	1816	12	0	1829
1	0	G	40000	272	99.728	98.176	99728	2072	157	0	0	1117	205	593	1573
1	0	A	40000	805	99.195	97.962	99195	1233	123	0	0	449	150	511	803
1	0	B	40000	771	99.229	98.39	99229	839	34	0	0	668	55	82	770
1	0	cSpy was 31 spamed and the readout avoided!
1	1	G	40000	97240	2.76	0.494	2760	4133	0	0	0	4083	50	0	4135
1	1	A	40000	97500	2.5	0.44	2500	2060	0	0	0	2039	21	0	2061
1	1	B	40000	97379	2.621	0.548	2621	2073	0	0	0	2044	29	0	2074
1	2	G	40000	100000	0	0	0	0	0	0	0	0	0	0	2
1	2	A	40000	100000	0	0	0	0	0	0	0	0	0	0	1
1	2	B	40000	100000	0	0	0	0	0	0	0	0	0	0	1
1	3	G	40000	95784	4.216	0.9625	4216	5438	0	0	0	5410	21	7	5439
1	3	A	40000	96491	3.509	0.846	3509	2663	0	0	0	2641	15	7	2663
1	3	B	40000	96146	3.854	1.079	3854	2775	0	0	0	2769	6	0	2776
1	4	G	40000	0	100	100	100000	200000	200000	200000	200000	200000	200000	200000	200002
1	4	A	40000	0	100	100	100000	100000	100000	100000	100000	100000	100000	100000	100001
1	4	B	40000	0	100	100	100000	100000	100000	100000	100000	100000	100000	100000	100001
1	5	G	40000	51285	48.715	11.8185	48715	37316	0	0	0	32776	4538	2	37316
1	5	A	40000	75819	24.181	3.435	24181	20746	0	0	0	17870	2874	2	20745
1	5	B	40000	63228	36.772	20.202	36772	16570	0	0	0	14906	1664	0	16571
1	6	G	40000	100000	0	0	0	0	0	0	0	0	0	0	2
1	6	A	40000	100000	0	0	0	0	0	0	0	0	0	0	1
1	6	B	40000	100000	0	0	0	0	0	0	0	0	0	0	1
1	7	G	40000	100000	0	0	0	0	0	0	0	0	0	0	2
1	7	A	40000	100000	0	0	0	0	0	0	0	0	0	0	1
1	7	B	40000	100000	0	0	0	0	0	0	0	0	0	0	1
2	0	G	40000	2241	97.759	48.5725	97759	4181	47	0	0	3938	113	83	4097
2	0	A	40000	2283	97.717	95.382	97717	2335	47	0	0	2092	113	83	2250
2	0	B	40000	96391	3.609	1.763	3609	1846	0	0	0	1846	0	0	1847
2	1	G	40000	99555	0.445002	0.1345	445	450	0	0	0	448	1	1	451
2	1	A	40000	99656	0.344002	0.123	344	221	0	0	0	220	0	1	221
2	1	B	40000	99625	0.375003	0.146	375	229	0	0	0	228	1	0	230
2	2	G	40000	24073	75.927	52.4345	75927	28240	779	9	0	25178	1501	773	27488
2	2	A	40000	37060	62.94	49.897	62940	13043	394	3	0	10685	1464	497	12623
2	2	B	40000	29831	70.169	54.972	70169	15197	385	6	0	14493	37	276	14865
2	3	G	40000	6744	93.256	73.6935	93256	22425	94	3	0	19315	2830	183	22265
2	3	A	40000	18482	81.518	67.533	81518	13985	42	0	0	11740	2076	127	13887
2	3	B	40000	11706	88.294	79.854	88294	8440	52	3	0	7575	754	56	8378
2	3	cSpy was 5 spamed and the readout avoided!
2	4	G	40000	99561	0.439	0.0975	439	674	0	0	0	673	1	0	676
2	4	A	40000	99566	0.433999	0.097	434	337	0	0	0	337	0	0	338
2	4	B	40000	99565	0.435001	0.098	435	337	0	0	0	336	1	0	338
2	5	G	40000	100000	0	0	0	0	0	0	0	0	0	0	2
2	5	A	40000	100000	0	0	0	0	0	0	0	0	0	0	1
2	5	B	40000	100000	0	0	0	0	0	0	0	0	0	0	1
2	6	G	40000	44097	55.903	32.2805	55903	27531	37	0	0	26000	1216	278	27475
2	6	A	40000	56887	43.113	29.973	43113	13140	23	0	0	11727	1122	268	13090
2	6	B	40000	51021	48.979	34.588	48979	14391	14	0	0	14273	94	10	14385
2	7	G	40000	0	100	100	100000	200000	200000	200000	200000	200000	200000	200000	200002
2	7	A	40000	0	100	100	100000	100000	100000	100000	100000	100000	100000	100000	100001
2	7	B	40000	0	100	100	100000	100000	100000	100000	100000	100000	100000	100000	100001
3	0	G	40000	1013	98.987	69.1935	98987	19748	246	1	0	18493	387	621	19217
3	0	A	40000	1552	98.448	96.409	98448	2039	212	0	0	1189	26	612	1528
3	0	B	40000	40313	59.687	41.978	59687	17709	34	1	0	17304	361	9	17689
3	0	cSpy was 6 spamed and the readout avoided!
3	1	G	40000	0	100	100	100000	200000	200000	200000	200000	200000	200000	200000	200002
3	1	A	40000	0	100	100	100000	100000	100000	100000	100000	100000	100000	100000	100001
3	1	B	40000	0	100	100	100000	100000	100000	100000	100000	100000	100000	100000	100001
3	2	G	40000	98892	1.108	0.008	1108	2198	0	0	0	2197	1	0	2200
3	2	A	40000	98892	1.108	0.008	1108	1100	0	0	0	1099	1	0	1101
3	2	B	40000	98894	1.106	0.008	1106	1098	0	0	0	1098	0	0	1099
3	3	G	40000	100000	0	0	0	0	0	0	0	0	0	0	2
3	3	A	40000	100000	0	0	0	0	0	0	0	0	0	0	1
3	3	B	40000	100000	0	0	0	0	0	0	0	0	0	0	1
3	4	G	40000	91356	8.644	1.682	8644	12761	0	0	0	12753	7	1	12763
3	4	A	40000	92002	7.998	1.587	7998	6411	0	0	0	6404	6	1	6412
3	4	B	40000	91873	8.127	1.777	8127	6350	0	0	0	6349	1	0	6351
3	5	G	40000	0	100	100	100000	200000	200000	200000	200000	200000	200000	200000	200002
3	5	A	40000	0	100	100	100000	100000	100000	100000	100000	100000	100000	100000	100001
3	5	B	40000	0	100	100	100000	100000	100000	100000	100000	100000	100000	100000	100001
3	6	G	40000	57640	42.36	10.828	42360	45263	13	5	0	41899	3317	29	45253
3	6	A	40000	65984	34.016	10.603	34016	23413	8	0	0	20491	2897	17	23413
3	6	B	40000	67097	32.903	11.053	32903	21850	5	5	0	21408	420	12	21840
3	6	cSpy was 8 spamed and the readout avoided!
3	7	G	40000	100000	0	0	0	0	0	0	0	0	0	0	2
3	7	A	40000	100000	0	0	0	0	0	0	0	0	0	0	1
3	7	B	40000	100000	0	0	0	0	0	0	0	0	0	0	1
4	0	G	40000	1095	98.905	66.253	98905	29038	117	1	0	26203	2565	152	28865
4	0	A	40000	1865	98.135	96.139	98135	1996	74	1	0	1219	576	126	1857
4	0	B	40000	36591	63.409	36.367	63409	27042	43	0	0	24984	1989	26	27008
4	0	cSpy was 3 spamed and the readout avoided!
4	1	G	40000	100000	0	0	0	0	0	0	0	0	0	0	2
4	1	A	40000	100000	0	0	0	0	0	0	0	0	0	0	1
4	1	B	40000	100000	0	0	0	0	0	0	0	0	0	0	1
4	2	G	40000	98832	1.168	0.216	1168	1668	0	0	0	1667	1	0	1670
4	2	A	40000	98943	1.057	0.232	1057	825	0	0	0	824	1	0	826
4	2	B	40000	98957	1.043	0.2	1043	843	0	0	0	843	0	0	844
4	3	G	40000	21048	78.952	56.944	78952	34955	692	0	0	33662	91	510	34069
4	3	A	40000	25319	74.681	57.167	74681	17514	337	0	0	16801	1	375	16901
4	3	B	40000	25838	74.162	56.721	74162	17441	355	0	0	16861	90	135	17168
4	3	cSpy was 8 spamed and the readout avoided!
4	4	G	40000	4380	95.62	83.061	95620	16813	202	21	0	14835	1314	441	16429
4	4	A	40000	8240	91.76	83.514	91760	8246	109	16	0	7129	612	380	7960
4	4	B	40000	8825	91.175	82.608	91175	8567	93	5	0	7706	702	61	8469
4	4	cSpy was 37 spamed and the readout avoided!
4	5	G	40000	100000	0	0	0	0	0	0	0	0	0	0	2
4	5	A	40000	100000	0	0	0	0	0	0	0	0	0	0	1
4	5	B	40000	100000	0	0	0	0	0	0	0	0	0	0	1
4	6	G	40000	100000	0	0	0	0	0	0	0	0	0	0	2
4	6	A	40000	100000	0	0	0	0	0	0	0	0	0	0	1
4	6	B	40000	100000	0	0	0	0	0	0	0	0	0	0	1
4	7	G	40000	34461	65.539	44.252	65539	33172	274	0	0	32665	9	224	32873
4	7	A	40000	39092	60.908	44.35	60908	16558	133	0	0	16243	2	180	16341
4	7	B	40000	39232	60.768	44.154	60768	16614	141	0	0	16422	7	44	16532
4	7	cSpy was 4 spamed and the readout avoided!
5	0	G	40000	508	99.492	57.1675	99492	15061	143	0	0	13968	108	842	14514
5	0	A	40000	622	99.378	98.208	99378	1170	143	0	0	82	103	842	622
5	0	B	40000	69982	30.018	16.127	30018	13891	0	0	0	13886	5	0	13892
5	0	cSpy was 53 spamed and the readout avoided!
5	1	G	40000	62003	37.997	17.774	37997	30704	16	0	0	30625	5	58	30683
5	1	A	40000	66905	33.095	17.988	33095	15107	8	0	0	15037	5	57	15090
5	1	B	40000	66843	33.157	17.56	33157	15597	8	0	0	15588	0	1	15593
5	1	cSpy was 1 spamed and the readout avoided!
5	2	G	40000	14	99.986	98.997	99986	1223	37	0	0	483	207	496	781
5	2	A	40000	40	99.96	99.562	99960	398	0	0	0	3	0	395	40
5	2	B	40000	743	99.257	98.432	99257	825	37	0	0	480	207	101	741
5	2	cSpy was 17 spamed and the readout avoided!
5	3	G	40000	96253	3.747	0.022	3747	7376	0	0	0	7308	68	0	7378
5	3	A	40000	96254	3.746	0.022	3746	3724	0	0	0	3657	67	0	3725
5	3	B	40000	96326	3.674	0.022	3674	3652	0	0	0	3651	1	0	3653
5	4	G	40000	100000	0	0	0	0	0	0	0	0	0	0	2
5	4	A	40000	100000	0	0	0	0	0	0	0	0	0	0	1
5	4	B	40000	100000	0	0	0	0	0	0	0	0	0	0	1
5	5	G	40000	93415	6.585	2.6555	6585	6931	8	0	0	6913	0	10	6923
5	5	A	40000	93835	6.165	2.715	6165	3450	4	0	0	3438	0	8	3444
5	5	B	40000	93923	6.077	2.596	6077	3481	4	0	0	3475	0	2	3479
5	6	G	40000	0	100	100	100000	200000	200000	200000	200000	200000	200000	200000	200002
5	6	A	40000	0	100	100	100000	100000	100000	100000	100000	100000	100000	100000	100001
5	6	B	40000	0	100	100	100000	100000	100000	100000	100000	100000	100000	100000	100001
5	7	G	40000	20148	79.852	31.38	79852	62104	1	1	0	54556	7389	157	62037
5	7	A	40000	35991	64.009	34.256	64009	29753	1	1	0	25306	4288	157	29685
5	7	B	40000	39145	60.855	28.504	60855	32351	0	0	0	29250	3101	0	32352
5	7	cSpy was 5 spamed and the readout avoided!
6	0	G	40000	454	99.546	96.5275	99546	3749	329	6	0	1820	994	600	3185
6	0	A	40000	1135	98.865	97.321	98865	1544	163	3	0	199	668	511	1135
6	0	B	40000	2061	97.939	95.734	97939	2205	166	3	0	1621	326	89	2050
6	0	cSpy was 63 spamed and the readout avoided!
6	1	G	40000	9538	90.462	61.0315	90462	38027	21	1	0	34017	3576	412	37821
6	1	A	40000	18808	81.192	63.054	81192	18138	2	0	0	15934	1805	397	17949
6	1	B	40000	21102	78.898	59.009	78898	19889	19	1	0	18083	1771	15	19872
6	1	cSpy was 6 spamed and the readout avoided!
6	2	G	40000	100000	0	0	0	0	0	0	0	0	0	0	2
6	2	A	40000	100000	0	0	0	0	0	0	0	0	0	0	1
6	2	B	40000	100000	0	0	0	0	0	0	0	0	0	0	1
6	3	G	40000	100000	0	0	0	0	0	0	0	0	0	0	2
6	3	A	40000	100000	0	0	0	0	0	0	0	0	0	0	1
6	3	B	40000	100000	0	0	0	0	0	0	0	0	0	0	1
6	4	G	40000	20473	79.527	58.6795	79527	34224	815	0	0	32648	160	601	33129
6	4	A	40000	23922	76.078	58.958	76078	17120	394	0	0	16301	0	425	16392
6	4	B	40000	24495	75.505	58.401	75505	17104	421	0	0	16347	160	176	16737
6	4	cSpy was 8 spamed and the readout avoided!
6	5	G	40000	0	100	100	100000	200000	200000	200000	200000	200000	200000	200000	200002
6	5	A	40000	0	100	100	100000	100000	100000	100000	100000	100000	100000	100000	100001
6	5	B	40000	0	100	100	100000	100000	100000	100000	100000	100000	100000	100000	100001
6	6	G	40000	100000	0	0	0	0	0	0	0	0	0	0	2
6	6	A	40000	100000	0	0	0	0	0	0	0	0	0	0	1
6	6	B	40000	100000	0	0	0	0	0	0	0	0	0	0	1
6	7	G	40000	100000	0	0	0	0	0	0	0	0	0	0	2
6	7	A	40000	100000	0	0	0	0	0	0	0	0	0	0	1
6	7	B	40000	100000	0	0	0	0	0	0	0	0	0	0	1
7	0	G	40000	1931	98.069	48.0955	98069	3509	218	0	0	2656	83	552	3006
7	0	A	40000	1949	98.051	95.62	98051	2431	218	0	0	1578	83	552	1927
7	0	B	40000	98351	1.649	0.571	1649	1078	0	0	0	1078	0	0	1079
7	0	cSpy was 2 spamed and the readout avoided!
7	1	G	40000	100000	0	0	0	0	0	0	0	0	0	0	2
7	1	A	40000	100000	0	0	0	0	0	0	0	0	0	0	1
7	1	B	40000	100000	0	0	0	0	0	0	0	0	0	0	1
7	2	G	40000	98157	1.843	0.123	1843	3283	0	0	0	3270	13	0	3285
7	2	A	40000	98212	1.788	0.145	1788	1643	0	0	0	1632	11	0	1644
7	2	B	40000	98259	1.741	0.101	1741	1640	0	0	0	1638	2	0	1641
7	3	G	40000	0	100	100	100000	200000	200000	200000	200000	200000	200000	200000	200002
7	3	A	40000	0	100	100	100000	100000	100000	100000	100000	100000	100000	100000	100001
7	3	B	40000	0	100	100	100000	100000	100000	100000	100000	100000	100000	100000	100001
7	4	G	40000	58342	41.658	27.8015	41658	23107	31	0	0	20857	2136	83	23053
7	4	A	40000	59428	40.572	28.224	40572	12348	0	0	0	10695	1598	55	12324
7	4	B	40000	61862	38.138	27.379	38138	10759	31	0	0	10162	538	28	10729
7	5	G	40000	100000	0	0	0	0	0	0	0	0	0	0	2
7	5	A	40000	100000	0	0	0	0	0	0	0	0	0	0	1
7	5	B	40000	100000	0	0	0	0	0	0	0	0	0	0	1
7	6	G	40000	99988	0.0119984	0	12	24	0	0	0	24	0	0	26
7	6	A	40000	99988	0.0119984	0	12	12	0	0	0	12	0	0	13
7	6	B	40000	99988	0.0119984	0	12	12	0	0	0	12	0	0	13
7	7	G	40000	56994	43.006	16.4135	43006	38893	32	30	0	37928	678	225	38767
7	7	A	40000	63315	36.685	16.923	36685	19762	32	30	0	19196	279	225	19635
7	7	B	40000	64965	35.035	15.904	35035	19131	0	0	0	18732	399	0	19132
7	7	cSpy was 8 spamed and the readout avoided!
