#the gain was set to: 2	the bias was set to: 30
#Sent triggers per delay setting: 100000	and with a frequency [Hz] of: 40000
#160MHz delay setting	400MHz delay setting	Frequency	correct transmitted H+T		error rate [%]	uncertainty [%]	bad or missed events	error count	missing headers	missing trailers	flipped H/T	event nr errors	tbm missed trigger	unknown errors	event nr resets
0	0	G	40000	456	99.544	71.984	99544	19037	103	0	0	18031	327	576	18558
0	0	A	40000	672	99.328	98.18	99328	1148	90	0	0	208	281	569	672
0	0	B	40000	36323	63.677	45.788	63677	17889	13	0	0	17823	46	7	17886
0	0	cSpy was 29 spamed and the readout avoided!
0	1	G	40000	44996	55.004	38.1835	55004	21772	128	0	0	21204	30	410	21632
0	1	A	40000	52887	47.113	37.637	47113	9476	70	0	0	9035	13	358	9373
0	1	B	40000	48974	51.026	38.73	51026	12296	58	0	0	12169	17	52	12259
0	2	G	40000	2802	97.198	84.893	97198	15005	114	2	0	12430	2094	365	14733
0	2	A	40000	5510	94.49	88.966	94490	5524	86	0	0	4108	971	359	5269
0	2	B	40000	9699	90.301	80.82	90301	9481	28	2	0	8322	1123	6	9464
0	2	cSpy was 6 spamed and the readout avoided!
0	3	G	40000	100000	0	0	0	0	0	0	0	0	0	0	2
0	3	A	40000	100000	0	0	0	0	0	0	0	0	0	0	1
0	3	B	40000	100000	0	0	0	0	0	0	0	0	0	0	1
0	4	G	40000	100000	0	0	0	0	0	0	0	0	0	0	2
0	4	A	40000	100000	0	0	0	0	0	0	0	0	0	0	1
0	4	B	40000	100000	0	0	0	0	0	0	0	0	0	0	1
0	5	G	40000	50027	49.973	27.517	49973	31591	16	0	0	31214	117	244	31547
0	5	A	40000	58368	41.632	27.045	41632	14587	10	0	0	14279	57	241	14544
0	5	B	40000	55007	44.993	27.989	44993	17004	6	0	0	16935	60	3	17003
0	6	G	40000	3042	96.958	85.7705	96958	14251	402	18	0	11133	2270	428	13749
0	6	A	40000	6530	93.47	86.927	93470	6543	167	0	0	4768	1256	352	6226
0	6	B	40000	7678	92.322	84.614	92322	7708	235	18	0	6365	1014	76	7523
0	6	cSpy was 39 spamed and the readout avoided!
0	7	G	40000	98188	1.812	0.369	1812	2843	0	0	0	2836	7	0	2845
0	7	A	40000	98218	1.782	0.363	1782	1419	0	0	0	1417	2	0	1420
0	7	B	40000	98201	1.799	0.375	1799	1424	0	0	0	1419	5	0	1425
1	0	G	40000	292	99.708	97.8325	99708	2436	189	0	0	1413	215	619	1895
1	0	A	40000	1075	98.925	97.384	98925	1541	158	0	0	698	153	532	1072
1	0	B	40000	824	99.176	98.281	99176	895	31	0	0	715	62	87	823
1	0	cSpy was 28 spamed and the readout avoided!
1	1	G	40000	98383	1.617	0.0615	1617	3018	0	0	0	2998	20	0	3020
1	1	A	40000	98450	1.55	0.044	1550	1506	0	0	0	1500	6	0	1507
1	1	B	40000	98409	1.591	0.079	1591	1512	0	0	0	1498	14	0	1513
1	2	G	40000	100000	0	0	0	0	0	0	0	0	0	0	2
1	2	A	40000	100000	0	0	0	0	0	0	0	0	0	0	1
1	2	B	40000	100000	0	0	0	0	0	0	0	0	0	0	1
1	3	G	40000	92156	7.844	2.899	7844	7426	0	0	0	7359	49	18	7427
1	3	A	40000	93786	6.214	2.746	6214	3468	0	0	0	3408	44	16	3468
1	3	B	40000	92990	7.01	3.052	7010	3958	0	0	0	3951	5	2	3959
1	4	G	40000	0	100	100	100000	200000	200000	200000	200000	200000	200000	200000	200002
1	4	A	40000	0	100	100	100000	100000	100000	100000	100000	100000	100000	100000	100001
1	4	B	40000	0	100	100	100000	100000	100000	100000	100000	100000	100000	100000	100001
1	5	G	40000	55113	44.887	11.506	44887	33240	8	0	0	28090	5120	22	33233
1	5	A	40000	77919	22.081	4.289	22081	17792	0	0	0	14942	2828	22	17792
1	5	B	40000	65829	34.171	18.723	34171	15448	8	0	0	13148	2292	0	15441
1	6	G	40000	100000	0	0	0	0	0	0	0	0	0	0	2
1	6	A	40000	100000	0	0	0	0	0	0	0	0	0	0	1
1	6	B	40000	100000	0	0	0	0	0	0	0	0	0	0	1
1	7	G	40000	100000	0	0	0	0	0	0	0	0	0	0	2
1	7	A	40000	100000	0	0	0	0	0	0	0	0	0	0	1
1	7	B	40000	100000	0	0	0	0	0	0	0	0	0	0	1
2	0	G	40000	2288	97.712	48.465	97712	4162	53	0	0	3898	109	102	4055
2	0	A	40000	2330	97.67	95.265	97670	2405	53	0	0	2141	109	102	2297
2	0	B	40000	96578	3.422	1.665	3422	1757	0	0	0	1757	0	0	1758
2	1	G	40000	99363	0.637001	0.205	637	624	0	0	0	618	4	2	626
2	1	A	40000	99509	0.490999	0.186	491	305	0	0	0	302	2	1	306
2	1	B	40000	99457	0.542998	0.224	543	319	0	0	0	316	2	1	320
2	2	G	40000	23886	76.114	52.6965	76114	28307	833	7	0	25248	1440	779	27498
2	2	A	40000	36693	63.307	50.23	63307	13077	417	2	0	10769	1389	500	12633
2	2	B	40000	29607	70.393	55.163	70393	15230	416	5	0	14479	51	279	14865
2	3	G	40000	5462	94.538	73.0485	94538	25578	156	1	0	21818	3405	198	25352
2	3	A	40000	17448	82.552	66.484	82552	16068	21	0	0	13480	2447	120	15966
2	3	B	40000	10877	89.123	79.613	89123	9510	135	1	0	8338	958	78	9386
2	3	cSpy was 18 spamed and the readout avoided!
2	4	G	40000	99644	0.356001	0.079	356	554	0	0	0	554	0	0	556
2	4	A	40000	99644	0.356001	0.079	356	277	0	0	0	277	0	0	278
2	4	B	40000	99644	0.356001	0.079	356	277	0	0	0	277	0	0	278
2	5	G	40000	100000	0	0	0	0	0	0	0	0	0	0	2
2	5	A	40000	100000	0	0	0	0	0	0	0	0	0	0	1
2	5	B	40000	100000	0	0	0	0	0	0	0	0	0	0	1
2	6	G	40000	39928	60.072	37.844	60072	25803	72	1	0	24082	1297	351	25722
2	6	A	40000	52459	47.541	35.401	47541	12140	42	0	0	10519	1248	331	12076
2	6	B	40000	46050	53.95	40.287	53950	13663	30	1	0	13563	49	20	13646
2	7	G	40000	0	100	100	100000	200000	200000	200000	200000	200000	200000	200000	200002
2	7	A	40000	0	100	100	100000	100000	100000	100000	100000	100000	100000	100000	100001
2	7	B	40000	0	100	100	100000	100000	100000	100000	100000	100000	100000	100000	100001
3	0	G	40000	987	99.013	72.0655	99013	18305	236	0	0	17087	349	633	17772
3	0	A	40000	1508	98.492	96.496	98492	1996	185	0	0	1173	27	611	1497
3	0	B	40000	36056	63.944	47.635	63944	16309	51	0	0	15914	322	22	16275
3	0	cSpy was 9 spamed and the readout avoided!
3	1	G	40000	0	100	100	100000	200000	200000	200000	200000	200000	200000	200000	200002
3	1	A	40000	0	100	100	100000	100000	100000	100000	100000	100000	100000	100000	100001
3	1	B	40000	0	100	100	100000	100000	100000	100000	100000	100000	100000	100000	100001
3	2	G	40000	99167	0.832999	0.001	833	1664	0	0	0	1664	0	0	1666
3	2	A	40000	99167	0.832999	0.001	833	832	0	0	0	832	0	0	833
3	2	B	40000	99167	0.832999	0.001	833	832	0	0	0	832	0	0	833
3	3	G	40000	100000	0	0	0	0	0	0	0	0	0	0	2
3	3	A	40000	100000	0	0	0	0	0	0	0	0	0	0	1
3	3	B	40000	100000	0	0	0	0	0	0	0	0	0	0	1
3	4	G	40000	98011	1.989	0.143	1989	3616	0	0	0	3615	1	0	3618
3	4	A	40000	98065	1.935	0.126	1935	1809	0	0	0	1808	1	0	1810
3	4	B	40000	98033	1.967	0.16	1967	1807	0	0	0	1807	0	0	1808
3	5	G	40000	0	100	100	100000	200000	200000	200000	200000	200000	200000	200000	200002
3	5	A	40000	0	100	100	100000	100000	100000	100000	100000	100000	100000	100000	100001
3	5	B	40000	0	100	100	100000	100000	100000	100000	100000	100000	100000	100000	100001
3	6	G	40000	60072	39.928	10.1395	39928	42502	10	3	0	39362	3102	25	42492
3	6	A	40000	68052	31.948	9.935	31948	22013	5	0	0	19230	2761	17	22011
3	6	B	40000	69167	30.833	10.344	30833	20489	5	3	0	20132	341	8	20481
3	6	cSpy was 7 spamed and the readout avoided!
3	7	G	40000	100000	0	0	0	0	0	0	0	0	0	0	2
3	7	A	40000	100000	0	0	0	0	0	0	0	0	0	0	1
3	7	B	40000	100000	0	0	0	0	0	0	0	0	0	0	1
4	0	G	40000	1081	98.919	66.169	98919	29076	119	1	0	26290	2520	146	28909
4	0	A	40000	1896	98.104	96.068	98104	2036	82	1	0	1245	577	131	1887
4	0	B	40000	36690	63.31	36.27	63310	27040	37	0	0	25045	1943	15	27022
4	0	cSpy was 3 spamed and the readout avoided!
4	1	G	40000	100000	0	0	0	0	0	0	0	0	0	0	2
4	1	A	40000	100000	0	0	0	0	0	0	0	0	0	0	1
4	1	B	40000	100000	0	0	0	0	0	0	0	0	0	0	1
4	2	G	40000	98478	1.522	0.6385	1522	1369	0	0	0	1366	1	2	1371
4	2	A	40000	98674	1.326	0.654	1326	672	0	0	0	669	1	2	673
4	2	B	40000	98680	1.32	0.623	1320	697	0	0	0	697	0	0	698
4	3	G	40000	19901	80.099	58.8015	80099	34185	814	0	0	32629	144	598	33114
4	3	A	40000	23811	76.189	59.071	76189	17118	395	0	0	16296	2	425	16401
4	3	B	40000	24401	75.599	58.532	75599	17067	419	0	0	16333	142	173	16713
4	3	cSpy was 8 spamed and the readout avoided!
4	4	G	40000	6250	93.75	77.4875	93750	21221	221	21	0	18567	1893	520	20766
4	4	A	40000	11596	88.404	78.118	88404	10286	73	10	0	8808	1023	373	10021
4	4	B	40000	12208	87.792	76.857	87792	10935	148	11	0	9759	870	147	10745
4	4	cSpy was 88 spamed and the readout avoided!
4	5	G	40000	100000	0	0	0	0	0	0	0	0	0	0	2
4	5	A	40000	100000	0	0	0	0	0	0	0	0	0	0	1
4	5	B	40000	100000	0	0	0	0	0	0	0	0	0	0	1
4	6	G	40000	100000	0	0	0	0	0	0	0	0	0	0	2
4	6	A	40000	100000	0	0	0	0	0	0	0	0	0	0	1
4	6	B	40000	100000	0	0	0	0	0	0	0	0	0	0	1
4	7	G	40000	23087	76.913	53.7935	76913	36450	384	1	0	35710	22	333	35961
4	7	A	40000	27835	72.165	53.93	72165	18235	185	1	0	17794	2	253	17890
4	7	B	40000	28128	71.872	53.657	71872	18215	199	0	0	17916	20	80	18071
4	7	cSpy was 7 spamed and the readout avoided!
5	0	G	40000	467	99.533	57.313	99533	15298	152	0	0	14188	111	847	14734
5	0	A	40000	604	99.396	98.227	99396	1169	152	0	0	74	97	846	604
5	0	B	40000	69472	30.528	16.399	30528	14129	0	0	0	14114	14	1	14130
5	0	cSpy was 71 spamed and the readout avoided!
5	1	G	40000	65103	34.897	15.8415	34897	29436	14	0	0	29383	2	37	29423
5	1	A	40000	69435	30.565	16.048	30565	14517	7	0	0	14471	2	37	14504
5	1	B	40000	69446	30.554	15.635	30554	14919	7	0	0	14912	0	0	14919
5	1	cSpy was 1 spamed and the readout avoided!
5	2	G	40000	35	99.965	98.1335	99965	2063	114	1	0	1167	349	432	1654
5	2	A	40000	82	99.918	99.571	99918	347	2	0	0	28	6	311	82
5	2	B	40000	1588	98.412	96.696	98412	1716	112	1	0	1139	343	121	1572
5	2	cSpy was 50 spamed and the readout avoided!
5	3	G	40000	96316	3.684	0.028	3684	7224	0	0	0	7143	80	1	7226
5	3	A	40000	96319	3.681	0.028	3681	3653	0	0	0	3575	77	1	3654
5	3	B	40000	96401	3.599	0.028	3599	3571	0	0	0	3568	3	0	3572
5	4	G	40000	100000	0	0	0	0	0	0	0	0	0	0	2
5	4	A	40000	100000	0	0	0	0	0	0	0	0	0	0	1
5	4	B	40000	100000	0	0	0	0	0	0	0	0	0	0	1
5	5	G	40000	96211	3.789	1.6715	3789	3407	0	0	0	3407	0	0	3409
5	5	A	40000	96626	3.374	1.69	3374	1684	0	0	0	1684	0	0	1685
5	5	B	40000	96624	3.376	1.653	3376	1723	0	0	0	1723	0	0	1724
5	6	G	40000	0	100	100	100000	200000	200000	200000	200000	200000	200000	200000	200002
5	6	A	40000	0	100	100	100000	100000	100000	100000	100000	100000	100000	100000	100001
5	6	B	40000	0	100	100	100000	100000	100000	100000	100000	100000	100000	100000	100001
5	7	G	40000	20440	79.56	30.469	79560	63176	0	0	0	55562	7453	161	63109
5	7	A	40000	36346	63.654	33.397	63654	30257	0	0	0	25758	4339	160	30190
5	7	B	40000	39540	60.46	27.541	60460	32919	0	0	0	29804	3114	1	32919
5	7	cSpy was 6 spamed and the readout avoided!
6	0	G	40000	440	99.56	96.7205	99560	3573	343	2	0	1694	949	585	2973
6	0	A	40000	1060	98.94	97.408	98940	1532	183	1	0	206	625	517	1059
6	0	B	40000	1926	98.074	96.033	98074	2041	160	1	0	1488	324	68	1914
6	0	cSpy was 69 spamed and the readout avoided!
6	1	G	40000	9525	90.475	63.1405	90475	36023	15	0	0	32193	3376	439	35799
6	1	A	40000	17727	82.273	65.077	82273	17196	2	0	0	15023	1740	431	16983
6	1	B	40000	19969	80.031	61.204	80031	18827	13	0	0	17170	1636	8	18816
6	1	cSpy was 9 spamed and the readout avoided!
6	2	G	40000	100000	0	0	0	0	0	0	0	0	0	0	2
6	2	A	40000	100000	0	0	0	0	0	0	0	0	0	0	1
6	2	B	40000	100000	0	0	0	0	0	0	0	0	0	0	1
6	3	G	40000	100000	0	0	0	0	0	0	0	0	0	0	2
6	3	A	40000	100000	0	0	0	0	0	0	0	0	0	0	1
6	3	B	40000	100000	0	0	0	0	0	0	0	0	0	0	1
6	4	G	40000	20407	79.593	58.6595	79593	34242	821	0	0	32659	161	601	33149
6	4	A	40000	23926	76.074	58.94	76074	17134	395	0	0	16312	0	427	16406
6	4	B	40000	24513	75.487	58.379	75487	17108	426	0	0	16347	161	174	16743
6	4	cSpy was 8 spamed and the readout avoided!
6	5	G	40000	0	100	100	100000	200000	200000	200000	200000	200000	200000	200000	200002
6	5	A	40000	0	100	100	100000	100000	100000	100000	100000	100000	100000	100000	100001
6	5	B	40000	0	100	100	100000	100000	100000	100000	100000	100000	100000	100000	100001
6	6	G	40000	100000	0	0	0	0	0	0	0	0	0	0	2
6	6	A	40000	100000	0	0	0	0	0	0	0	0	0	0	1
6	6	B	40000	100000	0	0	0	0	0	0	0	0	0	0	1
6	7	G	40000	100000	0	0	0	0	0	0	0	0	0	0	2
6	7	A	40000	100000	0	0	0	0	0	0	0	0	0	0	1
6	7	B	40000	100000	0	0	0	0	0	0	0	0	0	0	1
7	0	G	40000	1905	98.095	53.091	98095	11360	216	0	0	10144	490	510	10870
7	0	A	40000	2329	97.671	94.896	97671	2775	202	0	0	1964	103	506	2296
7	0	B	40000	80129	19.871	11.286	19871	8585	14	0	0	8180	387	4	8574
7	0	cSpy was 4 spamed and the readout avoided!
7	1	G	40000	100000	0	0	0	0	0	0	0	0	0	0	2
7	1	A	40000	100000	0	0	0	0	0	0	0	0	0	0	1
7	1	B	40000	100000	0	0	0	0	0	0	0	0	0	0	1
7	2	G	40000	98334	1.666	0.117	1666	2980	0	0	0	2968	9	3	2982
7	2	A	40000	98377	1.623	0.133	1623	1490	0	0	0	1479	8	3	1491
7	2	B	40000	98409	1.591	0.101	1591	1490	0	0	0	1489	1	0	1491
7	3	G	40000	0	100	100	100000	200000	200000	200000	200000	200000	200000	200000	200002
7	3	A	40000	0	100	100	100000	100000	100000	100000	100000	100000	100000	100000	100001
7	3	B	40000	0	100	100	100000	100000	100000	100000	100000	100000	100000	100000	100001
7	4	G	40000	51738	48.262	30.861	48262	26987	77	2	1	24253	2312	342	26796
7	4	A	40000	54446	45.554	31.235	45554	14319	10	0	0	12256	1758	295	14190
7	4	B	40000	56845	43.155	30.487	43155	12668	67	2	1	11997	554	47	12606
7	4	cSpy was 20 spamed and the readout avoided!
7	5	G	40000	100000	0	0	0	0	0	0	0	0	0	0	2
7	5	A	40000	100000	0	0	0	0	0	0	0	0	0	0	1
7	5	B	40000	100000	0	0	0	0	0	0	0	0	0	0	1
7	6	G	40000	99110	0.889999	0.0745	890	1424	0	0	0	1420	4	0	1426
7	6	A	40000	99196	0.804001	0.09	804	714	0	0	0	711	3	0	715
7	6	B	40000	99231	0.769001	0.059	769	710	0	0	0	709	1	0	711
7	7	G	40000	59985	40.015	15.157	40015	36168	25	44	0	35284	604	211	36054
7	7	A	40000	65960	34.04	15.681	34040	18359	24	44	0	17835	246	210	18246
7	7	B	40000	67558	32.442	14.633	32442	17809	1	0	0	17449	358	1	17808
7	7	cSpy was 7 spamed and the readout avoided!
