#the gain was set to: 2	the bias was set to: 30
#Sent triggers per delay setting: 100000	and with a frequency [Hz] of: 40000
#160MHz delay setting	400MHz delay setting	Frequency	correct transmitted H+T		error rate [%]	uncertainty [%]	bad or missed events	error count	missing headers	missing trailers	flipped H/T	event nr errors	tbm missed trigger	unknown errors	event nr resets
0	0	G	40000	438	99.562	72.6045	99562	19001	96	0	0	17969	307	629	18486
0	0	A	40000	643	99.357	98.208	99357	1149	76	0	0	189	264	620	643
0	0	B	40000	35147	64.853	47.001	64853	17852	20	0	0	17780	43	9	17843
0	0	cSpy was 24 spamed and the readout avoided!
0	1	G	40000	47081	52.919	35.082	52919	25044	66	0	0	24501	153	324	24981
0	1	A	40000	54224	45.776	34.642	45776	11134	40	0	0	10779	15	300	11083
0	1	B	40000	50568	49.432	35.522	49432	13910	26	0	0	13722	138	24	13898
0	2	G	40000	2364	97.636	88.008	97636	11906	161	2	0	9864	1521	358	11599
0	2	A	40000	4534	95.466	90.892	95466	4574	85	0	0	3373	791	325	4327
0	2	B	40000	7544	92.456	85.124	92456	7332	76	2	0	6491	730	33	7272
0	2	cSpy was 16 spamed and the readout avoided!
0	3	G	40000	100000	0	0	0	0	0	0	0	0	0	0	2
0	3	A	40000	100000	0	0	0	0	0	0	0	0	0	0	1
0	3	B	40000	100000	0	0	0	0	0	0	0	0	0	0	1
0	4	G	40000	100000	0	0	0	0	0	0	0	0	0	0	2
0	4	A	40000	100000	0	0	0	0	0	0	0	0	0	0	1
0	4	B	40000	100000	0	0	0	0	0	0	0	0	0	0	1
0	5	G	40000	49011	50.989	29.476	50989	30605	7	0	0	30240	98	260	30577
0	5	A	40000	57025	42.975	29.049	42975	13926	5	0	0	13627	37	257	13898
0	5	B	40000	53418	46.582	29.903	46582	16679	2	0	0	16613	61	3	16679
0	6	G	40000	3183	96.817	86.57	96817	13375	353	12	0	10689	1884	437	12884
0	6	A	40000	6352	93.648	87.307	93648	6341	166	0	0	4644	1171	360	6003
0	6	B	40000	7133	92.867	85.833	92867	7034	187	12	0	6045	713	77	6881
0	6	cSpy was 34 spamed and the readout avoided!
0	7	G	40000	98024	1.976	0.121	1976	3546	0	0	0	3523	23	0	3548
0	7	A	40000	98127	1.873	0.098	1873	1775	0	0	0	1768	7	0	1776
0	7	B	40000	98085	1.915	0.144	1915	1771	0	0	0	1755	16	0	1772
1	0	G	40000	241	99.759	98.1435	99759	2091	134	0	0	1133	235	589	1618
1	0	A	40000	814	99.186	97.968	99186	1218	108	0	0	440	164	506	812
1	0	B	40000	808	99.192	98.319	99192	873	26	0	0	693	71	83	806
1	0	cSpy was 35 spamed and the readout avoided!
1	1	G	40000	97579	2.421	0.1875	2421	4140	0	0	0	4085	55	0	4142
1	1	A	40000	97800	2.2	0.138	2200	2062	0	0	0	2042	20	0	2063
1	1	B	40000	97685	2.315	0.237	2315	2078	0	0	0	2043	35	0	2079
1	2	G	40000	100000	0	0	0	0	0	0	0	0	0	0	2
1	2	A	40000	100000	0	0	0	0	0	0	0	0	0	0	1
1	2	B	40000	100000	0	0	0	0	0	0	0	0	0	0	1
1	3	G	40000	96101	3.899	1.1105	3899	4788	0	1	0	4768	14	5	4789
1	3	A	40000	96654	3.346	1.05	3346	2296	0	1	0	2280	11	4	2297
1	3	B	40000	96337	3.663	1.171	3663	2492	0	0	0	2488	3	1	2492
1	4	G	40000	0	100	100	100000	200000	200000	200000	200000	200000	200000	200000	200002
1	4	A	40000	0	100	100	100000	100000	100000	100000	100000	100000	100000	100000	100001
1	4	B	40000	0	100	100	100000	100000	100000	100000	100000	100000	100000	100000	100001
1	5	G	40000	49447	50.553	13.7	50553	37307	16	0	0	31431	5829	31	37290
1	5	A	40000	74409	25.591	4.963	25591	20628	0	0	0	17170	3428	30	20627
1	5	B	40000	60884	39.116	22.437	39116	16679	16	0	0	14261	2401	1	16663
1	6	G	40000	100000	0	0	0	0	0	0	0	0	0	0	2
1	6	A	40000	100000	0	0	0	0	0	0	0	0	0	0	1
1	6	B	40000	100000	0	0	0	0	0	0	0	0	0	0	1
1	7	G	40000	100000	0	0	0	0	0	0	0	0	0	0	2
1	7	A	40000	100000	0	0	0	0	0	0	0	0	0	0	1
1	7	B	40000	100000	0	0	0	0	0	0	0	0	0	0	1
2	0	G	40000	2266	97.734	48.488	97734	4082	45	1	0	3847	108	81	3986
2	0	A	40000	2304	97.696	95.333	97696	2363	45	1	0	2128	108	81	2266
2	0	B	40000	96638	3.362	1.643	3362	1719	0	0	0	1719	0	0	1720
2	1	G	40000	99502	0.498003	0.1335	498	585	0	0	0	582	3	0	587
2	1	A	40000	99595	0.405002	0.119	405	286	0	0	0	286	0	0	287
2	1	B	40000	99553	0.446999	0.148	447	299	0	0	0	296	3	0	300
2	2	G	40000	24289	75.711	52.2585	75711	28202	749	6	0	25186	1519	742	27494
2	2	A	40000	37299	62.701	49.703	62701	12998	382	2	0	10617	1508	489	12594
2	2	B	40000	29982	70.018	54.814	70018	15204	367	4	0	14569	11	253	14900
2	3	G	40000	4950	95.05	75.6935	95050	23330	154	2	0	19516	3437	222	23114
2	3	A	40000	15444	84.556	70.127	84556	14429	27	0	0	11826	2447	129	14333
2	3	B	40000	9839	90.161	81.26	90161	8901	127	2	0	7690	990	93	8781
2	3	cSpy was 26 spamed and the readout avoided!
2	4	G	40000	100000	0	0	0	0	0	0	0	0	0	0	2
2	4	A	40000	100000	0	0	0	0	0	0	0	0	0	0	1
2	4	B	40000	100000	0	0	0	0	0	0	0	0	0	0	1
2	5	G	40000	100000	0	0	0	0	0	0	0	0	0	0	2
2	5	A	40000	100000	0	0	0	0	0	0	0	0	0	0	1
2	5	B	40000	100000	0	0	0	0	0	0	0	0	0	0	1
2	6	G	40000	47092	52.908	29.441	52908	27483	19	0	0	26054	1184	226	27442
2	6	A	40000	59704	40.296	27.234	40296	13062	15	0	0	11766	1062	219	13023
2	6	B	40000	53931	46.069	31.648	46069	14421	4	0	0	14288	122	7	14419
2	7	G	40000	0	100	100	100000	200000	200000	200000	200000	200000	200000	200000	200002
2	7	A	40000	0	100	100	100000	100000	100000	100000	100000	100000	100000	100000	100001
2	7	B	40000	0	100	100	100000	100000	100000	100000	100000	100000	100000	100000	100001
3	0	G	40000	1244	98.756	66.61	98756	16583	240	2	0	15398	305	638	16015
3	0	A	40000	1687	98.313	96.102	98313	2211	206	0	0	1350	32	623	1664
3	0	B	40000	48510	51.49	37.118	51490	14372	34	2	0	14048	273	15	14351
3	0	cSpy was 12 spamed and the readout avoided!
3	1	G	40000	0	100	100	100000	200000	200000	200000	200000	200000	200000	200000	200002
3	1	A	40000	0	100	100	100000	100000	100000	100000	100000	100000	100000	100000	100001
3	1	B	40000	0	100	100	100000	100000	100000	100000	100000	100000	100000	100000	100001
3	2	G	40000	76060	23.94	6.627	23940	23015	3	3	0	20825	2156	28	23004
3	2	A	40000	81958	18.042	6.629	18042	11413	2	0	0	9904	1480	27	11403
3	2	B	40000	81773	18.227	6.625	18227	11602	1	3	0	10921	676	1	11601
3	2	cSpy was 4 spamed and the readout avoided!
3	3	G	40000	100000	0	0	0	0	0	0	0	0	0	0	2
3	3	A	40000	100000	0	0	0	0	0	0	0	0	0	0	1
3	3	B	40000	100000	0	0	0	0	0	0	0	0	0	0	1
3	4	G	40000	94923	5.077	0.7545	5077	8119	0	0	0	8108	10	1	8121
3	4	A	40000	95227	4.773	0.698	4773	4075	0	0	0	4065	9	1	4076
3	4	B	40000	95145	4.855	0.811	4855	4044	0	0	0	4043	1	0	4045
3	5	G	40000	0	100	100	100000	200000	200000	200000	200000	200000	200000	200000	200002
3	5	A	40000	0	100	100	100000	100000	100000	100000	100000	100000	100000	100000	100001
3	5	B	40000	0	100	100	100000	100000	100000	100000	100000	100000	100000	100000	100001
3	6	G	40000	0	100	100	100000	200000	200000	200000	200000	200000	200000	200000	200002
3	6	A	40000	0	100	100	100000	100000	100000	100000	100000	100000	100000	100000	100001
3	6	B	40000	0	100	100	100000	100000	100000	100000	100000	100000	100000	100000	100001
3	7	G	40000	100000	0	0	0	0	0	0	0	0	0	0	2
3	7	A	40000	100000	0	0	0	0	0	0	0	0	0	0	1
3	7	B	40000	100000	0	0	0	0	0	0	0	0	0	0	1
4	0	G	40000	1350	98.65	76.014	98650	21945	275	4	0	19070	2267	329	21556
4	0	A	40000	2512	97.488	94.682	97488	2806	160	4	0	1494	861	287	2505
4	0	B	40000	23515	76.485	57.346	76485	19139	115	0	0	17576	1406	42	19051
4	0	cSpy was 27 spamed and the readout avoided!
4	1	G	40000	100000	0	0	0	0	0	0	0	0	0	0	2
4	1	A	40000	100000	0	0	0	0	0	0	0	0	0	0	1
4	1	B	40000	100000	0	0	0	0	0	0	0	0	0	0	1
4	2	G	40000	98310	1.69	0.535	1690	1750	2	0	0	1745	0	3	1751
4	2	A	40000	98584	1.416	0.555	1416	861	1	0	0	857	0	3	861
4	2	B	40000	98596	1.404	0.515	1404	889	1	0	0	888	0	0	890
4	3	G	40000	19961	80.039	58.7985	80039	34203	829	0	0	32631	137	606	33118
4	3	A	40000	23796	76.204	59.057	76204	17147	404	0	0	16305	2	436	16410
4	3	B	40000	24404	75.596	58.54	75596	17056	425	0	0	16326	135	170	16708
4	3	cSpy was 8 spamed and the readout avoided!
4	4	G	40000	2388	97.612	89.4865	97612	10683	387	18	4	8649	939	687	10019
4	4	A	40000	4722	95.278	90.257	95278	5021	179	13	3	3985	332	509	4588
4	4	B	40000	5622	94.378	88.716	94378	5662	208	5	1	4664	607	178	5431
4	4	cSpy was 77 spamed and the readout avoided!
4	5	G	40000	100000	0	0	0	0	0	0	0	0	0	0	2
4	5	A	40000	100000	0	0	0	0	0	0	0	0	0	0	1
4	5	B	40000	100000	0	0	0	0	0	0	0	0	0	0	1
4	6	G	40000	100000	0	0	0	0	0	0	0	0	0	0	2
4	6	A	40000	100000	0	0	0	0	0	0	0	0	0	0	1
4	6	B	40000	100000	0	0	0	0	0	0	0	0	0	0	1
4	7	G	40000	30540	69.46	44.9465	69460	38200	211	0	0	37785	5	199	37978
4	7	A	40000	35929	64.071	45.05	64071	19021	103	0	0	18741	4	173	18846
4	7	B	40000	35978	64.022	44.843	64022	19179	108	0	0	19044	1	26	19132
4	7	cSpy was 7 spamed and the readout avoided!
5	0	G	40000	499	99.501	57.22	99501	15097	148	0	0	14003	103	843	14547
5	0	A	40000	617	99.383	98.215	99383	1168	148	0	0	83	94	843	617
5	0	B	40000	69846	30.154	16.225	30154	13929	0	0	0	13920	9	0	13930
5	0	cSpy was 72 spamed and the readout avoided!
5	1	G	40000	77543	22.457	8.7575	22457	21790	4	0	0	21765	3	18	21790
5	1	A	40000	80297	19.703	8.957	19703	10746	2	0	0	10723	3	18	10745
5	1	B	40000	80398	19.602	8.558	19602	11044	2	0	0	11042	0	0	11045
5	2	G	40000	24	99.976	98.2355	99976	1944	122	0	0	1051	383	388	1574
5	2	A	40000	77	99.923	99.64	99923	283	3	0	0	35	8	237	77
5	2	B	40000	1508	98.492	96.831	98492	1661	119	0	0	1016	375	151	1497
5	2	cSpy was 40 spamed and the readout avoided!
5	3	G	40000	95354	4.646	0.098	4646	8894	0	0	0	8714	180	0	8896
5	3	A	40000	95366	4.634	0.098	4634	4536	0	0	0	4370	166	0	4537
5	3	B	40000	95544	4.456	0.098	4456	4358	0	0	0	4344	14	0	4359
5	4	G	40000	100000	0	0	0	0	0	0	0	0	0	0	2
5	4	A	40000	100000	0	0	0	0	0	0	0	0	0	0	1
5	4	B	40000	100000	0	0	0	0	0	0	0	0	0	0	1
5	5	G	40000	91190	8.81	4.5745	8810	6958	20	0	0	6918	0	20	6943
5	5	A	40000	91942	8.058	4.606	8058	3452	10	0	0	3425	0	17	3440
5	5	B	40000	91951	8.049	4.543	8049	3506	10	0	0	3493	0	3	3503
5	5	cSpy was 2 spamed and the readout avoided!
5	6	G	40000	0	100	100	100000	200000	200000	200000	200000	200000	200000	200000	200002
5	6	A	40000	0	100	100	100000	100000	100000	100000	100000	100000	100000	100000	100001
5	6	B	40000	0	100	100	100000	100000	100000	100000	100000	100000	100000	100000	100001
5	7	G	40000	18666	81.334	33.534	81334	61766	0	0	0	54274	7306	186	61688
5	7	A	40000	33899	66.101	36.67	66101	29431	0	0	0	25002	4244	185	29352
5	7	B	40000	37267	62.733	30.398	62733	32335	0	0	0	29272	3062	1	32336
5	7	cSpy was 6 spamed and the readout avoided!
6	0	G	40000	390	99.61	97.118	99610	3164	330	3	0	1503	769	559	2590
6	0	A	40000	937	99.063	97.7	99063	1363	190	0	0	248	471	454	937
6	0	B	40000	1663	98.337	96.536	98337	1801	140	3	0	1255	298	105	1653
6	0	cSpy was 79 spamed and the readout avoided!
6	1	G	40000	0	100	100	100000	200000	200000	200000	200000	200000	200000	200000	200002
6	1	A	40000	0	100	100	100000	100000	100000	100000	100000	100000	100000	100000	100001
6	1	B	40000	0	100	100	100000	100000	100000	100000	100000	100000	100000	100000	100001
6	2	G	40000	100000	0	0	0	0	0	0	0	0	0	0	2
6	2	A	40000	100000	0	0	0	0	0	0	0	0	0	0	1
6	2	B	40000	100000	0	0	0	0	0	0	0	0	0	0	1
6	3	G	40000	99882	0.117999	0.0045	118	224	0	0	0	224	0	0	226
6	3	A	40000	99883	0.116998	0.005	117	112	0	0	0	112	0	0	113
6	3	B	40000	99884	0.116003	0.004	116	112	0	0	0	112	0	0	113
6	4	G	40000	21622	78.378	56.2375	78378	35296	630	11	0	34035	116	504	34454
6	4	A	40000	25887	74.113	56.462	74113	17651	295	7	0	16965	13	371	17080
6	4	B	40000	26342	73.658	56.013	73658	17645	335	4	0	17070	103	133	17374
6	4	cSpy was 68 spamed and the readout avoided!
6	5	G	40000	4856	95.144	90.0925	95144	6760	176	2	0	5221	801	560	6323
6	5	A	40000	5913	94.087	91.004	94087	3083	23	0	0	2349	316	395	2824
6	5	B	40000	7142	92.858	89.181	92858	3677	153	2	0	2872	485	165	3499
6	5	cSpy was 79 spamed and the readout avoided!
6	6	G	40000	100000	0	0	0	0	0	0	0	0	0	0	2
6	6	A	40000	100000	0	0	0	0	0	0	0	0	0	0	1
6	6	B	40000	100000	0	0	0	0	0	0	0	0	0	0	1
6	7	G	40000	100000	0	0	0	0	0	0	0	0	0	0	2
6	7	A	40000	100000	0	0	0	0	0	0	0	0	0	0	1
6	7	B	40000	100000	0	0	0	0	0	0	0	0	0	0	1
7	0	G	40000	2072	97.928	47.915	97928	3607	230	0	0	2717	87	573	3084
7	0	A	40000	2091	97.909	95.317	97909	2592	230	0	0	1702	87	573	2068
7	0	B	40000	98472	1.528	0.513	1528	1015	0	0	0	1015	0	0	1016
7	0	cSpy was 3 spamed and the readout avoided!
7	1	G	40000	100000	0	0	0	0	0	0	0	0	0	0	2
7	1	A	40000	100000	0	0	0	0	0	0	0	0	0	0	1
7	1	B	40000	100000	0	0	0	0	0	0	0	0	0	0	1
7	2	G	40000	95610	4.39	1.1455	4390	4578	4	8	0	4521	32	13	4575
7	2	A	40000	96464	3.536	1.267	3536	2269	4	8	0	2234	10	13	2265
7	2	B	40000	96667	3.333	1.024	3333	2309	0	0	0	2287	22	0	2310
7	2	cSpy was 1 spamed and the readout avoided!
7	3	G	40000	0	100	100	100000	200000	200000	200000	200000	200000	200000	200000	200002
7	3	A	40000	0	100	100	100000	100000	100000	100000	100000	100000	100000	100000	100001
7	3	B	40000	0	100	100	100000	100000	100000	100000	100000	100000	100000	100000	100001
7	4	G	40000	67610	32.39	7.6165	32390	39778	0	0	0	35947	3759	72	39753
7	4	A	40000	70593	29.407	7.696	29407	21711	0	0	0	18586	3053	72	21686
7	4	B	40000	74396	25.604	7.537	25604	18067	0	0	0	17361	706	0	18067
7	5	G	40000	100000	0	0	0	0	0	0	0	0	0	0	2
7	5	A	40000	100000	0	0	0	0	0	0	0	0	0	0	1
7	5	B	40000	100000	0	0	0	0	0	0	0	0	0	0	1
7	6	G	40000	97979	2.021	0.3965	2021	2556	0	1	0	2538	14	3	2558
7	6	A	40000	98278	1.722	0.441	1722	1281	0	1	0	1263	14	3	1282
7	6	B	40000	98373	1.627	0.352	1627	1275	0	0	0	1275	0	0	1276
7	7	G	40000	63840	36.16	12.9715	36160	32859	43	67	0	32158	460	131	32769
7	7	A	40000	69766	30.234	13.575	30234	16659	43	67	0	16239	180	130	16568
7	7	B	40000	71432	28.568	12.368	28568	16200	0	0	0	15919	280	1	16201
7	7	cSpy was 6 spamed and the readout avoided!
