#the gain was set to: 2	the bias was set to: 30
#Sent triggers per delay setting: 100000	and with a frequency [Hz] of: 40000
#160MHz delay setting	400MHz delay setting	Frequency	correct transmitted H+T		error rate [%]	uncertainty [%]	bad or missed events	error count	missing headers	missing trailers	flipped H/T	event nr errors	tbm missed trigger	unknown errors	event nr resets
0	0	G	40000	395	99.605	72.448	99605	18993	115	0	0	17981	294	603	18473
0	0	A	40000	608	99.392	98.272	99392	1120	90	0	0	175	261	594	608
0	0	B	40000	35503	64.497	46.624	64497	17873	25	0	0	17806	33	9	17865
0	0	cSpy was 35 spamed and the readout avoided!
0	1	G	40000	47555	52.445	34.983	52445	22941	72	0	0	22421	85	363	22852
0	1	A	40000	55304	44.696	34.477	44696	10219	35	0	0	9823	39	322	10161
0	1	B	40000	51789	48.211	35.489	48211	12722	37	0	0	12598	46	41	12691
0	2	G	40000	2401	97.599	87.5045	97599	12437	177	3	0	9989	1892	376	12130
0	2	A	40000	4774	95.226	90.442	95226	4784	95	0	0	3484	861	344	4534
0	2	B	40000	7780	92.22	84.567	92220	7653	82	3	0	6505	1031	32	7596
0	2	cSpy was 17 spamed and the readout avoided!
0	3	G	40000	100000	0	0	0	0	0	0	0	0	0	0	2
0	3	A	40000	100000	0	0	0	0	0	0	0	0	0	0	1
0	3	B	40000	100000	0	0	0	0	0	0	0	0	0	0	1
0	4	G	40000	100000	0	0	0	0	0	0	0	0	0	0	2
0	4	A	40000	100000	0	0	0	0	0	0	0	0	0	0	1
0	4	B	40000	100000	0	0	0	0	0	0	0	0	0	0	1
0	5	G	40000	47889	52.111	28.7115	52111	32392	11	0	0	32007	116	258	32335
0	5	A	40000	56721	43.279	28.201	43279	15078	8	0	0	14762	55	253	15021
0	5	B	40000	53464	46.536	29.222	46536	17314	3	0	0	17245	61	5	17314
0	6	G	40000	3030	96.97	87.1865	96970	12827	365	9	0	9941	2123	389	12363
0	6	A	40000	6121	93.879	87.761	93879	6118	151	1	0	4520	1141	305	5821
0	6	B	40000	6679	93.321	86.612	93321	6709	214	8	0	5421	982	84	6542
0	6	cSpy was 40 spamed and the readout avoided!
0	7	G	40000	97245	2.755	0.487	2755	4133	0	0	0	4088	45	0	4135
0	7	A	40000	97501	2.499	0.433	2499	2066	0	0	0	2048	18	0	2067
0	7	B	40000	97392	2.608	0.541	2608	2067	0	0	0	2040	27	0	2068
1	0	G	40000	280	99.72	97.9095	99720	2306	168	0	0	1454	189	495	1867
1	0	A	40000	1163	98.837	97.295	98837	1542	142	0	0	847	118	435	1157
1	0	B	40000	712	99.288	98.524	99288	764	26	0	0	607	71	60	710
1	0	cSpy was 24 spamed and the readout avoided!
1	1	G	40000	96765	3.235	0.5455	3235	4727	0	0	0	4669	58	0	4729
1	1	A	40000	97179	2.821	0.466	2821	2355	0	0	0	2332	23	0	2356
1	1	B	40000	97003	2.997	0.625	2997	2372	0	0	0	2337	35	0	2373
1	2	G	40000	100000	0	0	0	0	0	0	0	0	0	0	2
1	2	A	40000	100000	0	0	0	0	0	0	0	0	0	0	1
1	2	B	40000	100000	0	0	0	0	0	0	0	0	0	0	1
1	3	G	40000	97827	2.173	0.3605	2173	3271	0	0	0	3266	4	1	3273
1	3	A	40000	98058	1.942	0.322	1942	1620	0	0	0	1618	1	1	1621
1	3	B	40000	97950	2.05	0.399	2050	1651	0	0	0	1648	3	0	1652
1	4	G	40000	422	99.578	97.0975	99578	3073	224	0	0	1286	1237	326	2721
1	4	A	40000	1525	98.475	96.83	98475	1645	51	0	0	571	895	128	1516
1	4	B	40000	1207	98.793	97.365	98793	1428	173	0	0	715	342	198	1205
1	4	cSpy was 20 spamed and the readout avoided!
1	5	G	40000	32223	67.777	21.4575	67777	49659	5	0	0	42921	6717	16	49647
1	5	A	40000	61924	38.076	7.834	38076	30242	1	0	0	25137	5091	13	30233
1	5	B	40000	45502	54.498	35.081	54498	19417	4	0	0	17784	1626	3	19414
1	6	G	40000	100000	0	0	0	0	0	0	0	0	0	0	2
1	6	A	40000	100000	0	0	0	0	0	0	0	0	0	0	1
1	6	B	40000	100000	0	0	0	0	0	0	0	0	0	0	1
1	7	G	40000	99557	0.443	0.066	443	690	0	0	0	688	0	2	692
1	7	A	40000	99599	0.401002	0.061	401	340	0	0	0	338	0	2	341
1	7	B	40000	99579	0.421	0.071	421	350	0	0	0	350	0	0	351
2	0	G	40000	2290	97.71	48.535	97710	4254	51	1	0	4014	107	81	4153
2	0	A	40000	2324	97.676	95.286	97676	2390	51	1	0	2150	107	81	2288
2	0	B	40000	96352	3.648	1.784	3648	1864	0	0	0	1864	0	0	1865
2	1	G	40000	100000	0	0	0	0	0	0	0	0	0	0	2
2	1	A	40000	100000	0	0	0	0	0	0	0	0	0	0	1
2	1	B	40000	100000	0	0	0	0	0	0	0	0	0	0	1
2	2	G	40000	31754	68.246	47.196	68246	25595	672	0	0	23070	1231	622	25032
2	2	A	40000	43260	56.74	45.4	56740	11340	376	0	0	9836	701	427	10983
2	2	B	40000	36753	63.247	48.992	63247	14255	296	0	0	13234	530	195	14049
2	3	G	40000	6526	93.474	66.706	93474	32254	81	1	0	28467	3581	124	32149
2	3	A	40000	21871	78.129	57.252	78129	20877	8	0	0	18121	2665	83	20818
2	3	B	40000	12463	87.537	76.16	87537	11377	73	1	0	10346	916	41	11331
2	3	cSpy was 3 spamed and the readout avoided!
2	4	G	40000	100000	0	0	0	0	0	0	0	0	0	0	2
2	4	A	40000	100000	0	0	0	0	0	0	0	0	0	0	1
2	4	B	40000	100000	0	0	0	0	0	0	0	0	0	0	1
2	5	G	40000	100000	0	0	0	0	0	0	0	0	0	0	2
2	5	A	40000	100000	0	0	0	0	0	0	0	0	0	0	1
2	5	B	40000	100000	0	0	0	0	0	0	0	0	0	0	1
2	6	G	40000	36319	63.681	38.1575	63681	30024	39	0	0	28894	754	337	29976
2	6	A	40000	50171	49.829	36.253	49829	13576	26	0	0	12554	667	329	13534
2	6	B	40000	43490	56.51	40.062	56510	16448	13	0	0	16340	87	8	16442
2	7	G	40000	0	100	100	100000	200000	200000	200000	200000	200000	200000	200000	200002
2	7	A	40000	0	100	100	100000	100000	100000	100000	100000	100000	100000	100000	100001
2	7	B	40000	0	100	100	100000	100000	100000	100000	100000	100000	100000	100000	100001
3	0	G	40000	955	99.045	71.7785	99045	20732	234	1	0	19410	453	634	20189
3	0	A	40000	1553	98.447	96.382	98447	2065	195	0	0	1220	28	622	1542
3	0	B	40000	34158	65.842	47.175	65842	18667	39	1	0	18190	425	12	18647
3	0	cSpy was 37 spamed and the readout avoided!
3	1	G	40000	0	100	100	100000	200000	200000	200000	200000	200000	200000	200000	200002
3	1	A	40000	0	100	100	100000	100000	100000	100000	100000	100000	100000	100000	100001
3	1	B	40000	0	100	100	100000	100000	100000	100000	100000	100000	100000	100000	100001
3	2	G	40000	98556	1.444	0.02	1444	2846	0	0	0	2845	1	0	2848
3	2	A	40000	98556	1.444	0.02	1444	1424	0	0	0	1423	1	0	1425
3	2	B	40000	98558	1.442	0.02	1442	1422	0	0	0	1422	0	0	1423
3	3	G	40000	100000	0	0	0	0	0	0	0	0	0	0	2
3	3	A	40000	100000	0	0	0	0	0	0	0	0	0	0	1
3	3	B	40000	100000	0	0	0	0	0	0	0	0	0	0	1
3	4	G	40000	96066	3.934	0.652	3934	6078	0	0	0	6076	1	1	6080
3	4	A	40000	96344	3.656	0.607	3656	3049	0	0	0	3047	1	1	3050
3	4	B	40000	96274	3.726	0.697	3726	3029	0	0	0	3029	0	0	3030
3	5	G	40000	0	100	100	100000	200000	200000	200000	200000	200000	200000	200000	200002
3	5	A	40000	0	100	100	100000	100000	100000	100000	100000	100000	100000	100000	100001
3	5	B	40000	0	100	100	100000	100000	100000	100000	100000	100000	100000	100000	100001
3	6	G	40000	52600	47.4	11.7545	47400	50026	9	8	0	46040	3936	33	50009
3	6	A	40000	62873	37.127	11.47	37127	25657	8	0	0	22298	3326	25	25652
3	6	B	40000	63592	36.408	12.039	36408	24369	1	8	0	23742	610	8	24357
3	6	cSpy was 8 spamed and the readout avoided!
3	7	G	40000	100000	0	0	0	0	0	0	0	0	0	0	2
3	7	A	40000	100000	0	0	0	0	0	0	0	0	0	0	1
3	7	B	40000	100000	0	0	0	0	0	0	0	0	0	0	1
4	0	G	40000	1038	98.962	66.8985	98962	28788	128	1	0	25961	2558	140	28608
4	0	A	40000	1937	98.063	95.992	98063	2071	76	0	0	1304	565	126	1928
4	0	B	40000	35478	64.522	37.805	64522	26717	52	1	0	24657	1993	14	26680
4	0	cSpy was 8 spamed and the readout avoided!
4	1	G	40000	100000	0	0	0	0	0	0	0	0	0	0	2
4	1	A	40000	100000	0	0	0	0	0	0	0	0	0	0	1
4	1	B	40000	100000	0	0	0	0	0	0	0	0	0	0	1
4	2	G	40000	98756	1.244	0.24	1244	1700	0	0	0	1700	0	0	1702
4	2	A	40000	98902	1.098	0.258	1098	840	0	0	0	840	0	0	841
4	2	B	40000	98918	1.082	0.222	1082	860	0	0	0	860	0	0	861
4	3	G	40000	25593	74.407	52.4255	74407	35370	627	0	0	34145	122	476	34541
4	3	A	40000	29692	70.308	52.655	70308	17653	302	0	0	17003	1	347	17092
4	3	B	40000	30087	69.913	52.196	69913	17717	325	0	0	17142	121	129	17449
4	3	cSpy was 8 spamed and the readout avoided!
4	4	G	40000	3796	96.204	85.253	96204	14682	256	19	1	12872	1071	464	14264
4	4	A	40000	7099	92.901	85.734	92901	7167	138	9	1	6131	497	391	6861
4	4	B	40000	7713	92.287	84.772	92287	7515	118	10	0	6741	574	73	7403
4	4	cSpy was 45 spamed and the readout avoided!
4	5	G	40000	100000	0	0	0	0	0	0	0	0	0	0	2
4	5	A	40000	100000	0	0	0	0	0	0	0	0	0	0	1
4	5	B	40000	100000	0	0	0	0	0	0	0	0	0	0	1
4	6	G	40000	100000	0	0	0	0	0	0	0	0	0	0	2
4	6	A	40000	100000	0	0	0	0	0	0	0	0	0	0	1
4	6	B	40000	100000	0	0	0	0	0	0	0	0	0	0	1
4	7	G	40000	36629	63.371	43.023	63371	32344	243	0	0	31858	6	237	32059
4	7	A	40000	40730	59.27	43.126	59270	16144	117	0	0	15840	5	182	15933
4	7	B	40000	40880	59.12	42.92	59120	16200	126	0	0	16018	1	55	16126
4	7	cSpy was 5 spamed and the readout avoided!
5	0	G	40000	500	99.5	56.863	99500	14662	137	0	0	13581	101	843	14125
5	0	A	40000	600	99.4	98.262	99400	1138	137	0	0	72	88	841	600
5	0	B	40000	71012	28.988	15.464	28988	13524	0	0	0	13509	13	2	13525
5	0	cSpy was 45 spamed and the readout avoided!
5	1	G	40000	70767	29.233	12.426	29233	26077	10	0	0	26025	3	39	26062
5	1	A	40000	74494	25.506	12.638	25506	12868	5	0	0	12822	3	38	12854
5	1	B	40000	74577	25.423	12.214	25423	13209	5	0	0	13203	0	1	13208
5	2	G	40000	13	99.987	99.05	99987	1141	20	0	0	424	262	435	759
5	2	A	40000	24	99.976	99.669	99976	307	0	0	0	0	1	306	24
5	2	B	40000	735	99.265	98.431	99265	834	20	0	0	424	261	129	735
5	2	cSpy was 20 spamed and the readout avoided!
5	3	G	40000	96099	3.901	0.048	3901	7559	0	0	0	7425	134	0	7561
5	3	A	40000	96106	3.894	0.048	3894	3846	0	0	0	3719	127	0	3847
5	3	B	40000	96239	3.761	0.048	3761	3713	0	0	0	3706	7	0	3714
5	4	G	40000	100000	0	0	0	0	0	0	0	0	0	0	2
5	4	A	40000	100000	0	0	0	0	0	0	0	0	0	0	1
5	4	B	40000	100000	0	0	0	0	0	0	0	0	0	0	1
5	5	G	40000	96209	3.791	0.573	3791	6026	0	0	0	6026	0	0	6028
5	5	A	40000	96376	3.624	0.62	3624	3004	0	0	0	3004	0	0	3005
5	5	B	40000	96452	3.548	0.526	3548	3022	0	0	0	3022	0	0	3023
5	6	G	40000	22	99.978	97.807	99978	2301	194	3	0	1341	584	179	2071
5	6	A	40000	54	99.946	99.845	99946	101	0	0	0	13	8	80	54
5	6	B	40000	2031	97.969	95.769	97969	2200	194	3	0	1328	576	99	2017
5	6	cSpy was 64 spamed and the readout avoided!
5	7	G	40000	20907	79.093	27.4915	79093	66408	0	0	0	58437	7789	182	66322
5	7	A	40000	37646	62.354	30.628	62354	31726	0	0	0	27017	4528	181	31641
5	7	B	40000	40963	59.037	24.355	59037	34682	0	0	0	31420	3261	1	34681
5	7	cSpy was 5 spamed and the readout avoided!
6	0	G	40000	493	99.507	96.7615	99507	3506	307	1	0	1707	907	584	2958
6	0	A	40000	1080	98.92	97.42	98920	1500	158	0	0	232	606	504	1080
6	0	B	40000	1891	98.109	96.103	98109	2006	149	1	0	1475	301	80	1878
6	0	cSpy was 79 spamed and the readout avoided!
6	1	G	40000	7553	92.447	68.95	92447	30538	20	0	0	27468	2572	478	30285
6	1	A	40000	14830	85.17	70.586	85170	14584	1	0	0	12901	1229	453	14350
6	1	B	40000	16732	83.268	67.314	83268	15954	19	0	0	14567	1343	25	15935
6	1	cSpy was 8 spamed and the readout avoided!
6	2	G	40000	100000	0	0	0	0	0	0	0	0	0	0	2
6	2	A	40000	100000	0	0	0	0	0	0	0	0	0	0	1
6	2	B	40000	100000	0	0	0	0	0	0	0	0	0	0	1
6	3	G	40000	100000	0	0	0	0	0	0	0	0	0	0	2
6	3	A	40000	100000	0	0	0	0	0	0	0	0	0	0	1
6	3	B	40000	100000	0	0	0	0	0	0	0	0	0	0	1
6	4	G	40000	22012	77.988	57.1805	77988	34038	778	0	0	32524	156	580	32988
6	4	A	40000	25525	74.475	57.456	74475	17019	374	0	0	16238	0	407	16329
6	4	B	40000	26076	73.924	56.905	73924	17019	404	0	0	16286	156	173	16659
6	4	cSpy was 8 spamed and the readout avoided!
6	5	G	40000	0	100	100	100000	200000	200000	200000	200000	200000	200000	200000	200002
6	5	A	40000	0	100	100	100000	100000	100000	100000	100000	100000	100000	100000	100001
6	5	B	40000	0	100	100	100000	100000	100000	100000	100000	100000	100000	100000	100001
6	6	G	40000	100000	0	0	0	0	0	0	0	0	0	0	2
6	6	A	40000	100000	0	0	0	0	0	0	0	0	0	0	1
6	6	B	40000	100000	0	0	0	0	0	0	0	0	0	0	1
6	7	G	40000	100000	0	0	0	0	0	0	0	0	0	0	2
6	7	A	40000	100000	0	0	0	0	0	0	0	0	0	0	1
6	7	B	40000	100000	0	0	0	0	0	0	0	0	0	0	1
7	0	G	40000	1962	98.038	48.0615	98038	3475	226	0	0	2636	85	528	2998
7	0	A	40000	1978	98.022	95.589	98022	2433	226	0	0	1595	84	528	1955
7	0	B	40000	98424	1.576	0.534	1576	1042	0	0	0	1041	1	0	1043
7	0	cSpy was 2 spamed and the readout avoided!
7	1	G	40000	100000	0	0	0	0	0	0	0	0	0	0	2
7	1	A	40000	100000	0	0	0	0	0	0	0	0	0	0	1
7	1	B	40000	100000	0	0	0	0	0	0	0	0	0	0	1
7	2	G	40000	99141	0.858998	0.039	859	1602	0	0	0	1599	3	0	1604
7	2	A	40000	99153	0.847	0.046	847	801	0	0	0	798	3	0	802
7	2	B	40000	99167	0.832999	0.032	833	801	0	0	0	801	0	0	802
7	3	G	40000	0	100	100	100000	200000	200000	200000	200000	200000	200000	200000	200002
7	3	A	40000	0	100	100	100000	100000	100000	100000	100000	100000	100000	100000	100001
7	3	B	40000	0	100	100	100000	100000	100000	100000	100000	100000	100000	100000	100001
7	4	G	40000	49555	50.445	33.9345	50445	25466	3	0	0	22848	2411	204	25313
7	4	A	40000	52173	47.827	34.108	47827	13719	0	0	0	11653	1893	173	13590
7	4	B	40000	54492	45.508	33.761	45508	11747	3	0	0	11195	518	31	11723
7	4	cSpy was 5 spamed and the readout avoided!
7	5	G	40000	100000	0	0	0	0	0	0	0	0	0	0	2
7	5	A	40000	100000	0	0	0	0	0	0	0	0	0	0	1
7	5	B	40000	100000	0	0	0	0	0	0	0	0	0	0	1
7	6	G	40000	99999	0.00100136	0	1	2	0	0	0	2	0	0	4
7	6	A	40000	99999	0.00100136	0	1	1	0	0	0	1	0	0	2
7	6	B	40000	99999	0.00100136	0	1	1	0	0	0	1	0	0	2
7	7	G	40000	63404	36.596	13.3175	36596	32580	54	81	0	31865	448	132	32504
7	7	A	40000	69488	30.512	13.95	30512	16562	54	81	0	16130	165	132	16485
7	7	B	40000	71297	28.703	12.685	28703	16018	0	0	0	15735	283	0	16019
7	7	cSpy was 8 spamed and the readout avoided!
