#the gain was set to: 2	the bias was set to: 30
#Sent triggers per delay setting: 100000	and with a frequency [Hz] of: 40000
#160MHz delay setting	400MHz delay setting	Frequency	correct transmitted H+T		error rate [%]	uncertainty [%]	bad or missed events	error count	missing headers	missing trailers	flipped H/T	event nr errors	tbm missed trigger	unknown errors	event nr resets
0	0	G	40000	397	99.603	73.1395	99603	18759	114	0	0	17716	294	635	18231
0	0	A	40000	626	99.374	98.232	99374	1142	85	0	0	193	247	617	626
0	0	B	40000	34336	65.664	48.047	65664	17617	29	0	0	17523	47	18	17605
0	0	cSpy was 37 spamed and the readout avoided!
0	1	G	40000	26748	73.252	52.216	73252	26958	282	1	0	26051	26	598	26705
0	1	A	40000	36998	63.002	51.528	63002	11474	144	0	0	10839	9	482	11312
0	1	B	40000	31612	68.388	52.904	68388	15484	138	1	0	15212	17	116	15393
0	2	G	40000	3054	96.946	83.9855	96946	15702	104	1	0	12806	2413	378	15423
0	2	A	40000	7473	92.527	85.384	92527	7143	46	0	0	5459	1344	294	6947
0	2	B	40000	8854	91.146	82.587	91146	8559	58	1	0	7347	1069	84	8476
0	2	cSpy was 7 spamed and the readout avoided!
0	3	G	40000	86960	13.04	2.894	13040	9940	0	0	0	8683	1257	0	9942
0	3	A	40000	93791	6.209	0.914	6209	5295	0	0	0	4565	730	0	5296
0	3	B	40000	90481	9.519	4.874	9519	4645	0	0	0	4118	527	0	4646
0	4	G	40000	100000	0	0	0	0	0	0	0	0	0	0	2
0	4	A	40000	100000	0	0	0	0	0	0	0	0	0	0	1
0	4	B	40000	100000	0	0	0	0	0	0	0	0	0	0	1
0	5	G	40000	57589	42.411	21.9095	42411	28759	7	0	0	28447	105	200	28721
0	5	A	40000	65100	34.9	21.485	34900	13415	4	0	0	13164	50	197	13377
0	5	B	40000	62322	37.678	22.334	37678	15344	3	0	0	15283	55	3	15344
0	6	G	40000	2540	97.46	89.464	97460	10573	374	20	0	8002	1852	325	10127
0	6	A	40000	5464	94.536	89.079	94536	5457	140	0	0	3939	1141	237	5205
0	6	B	40000	5035	94.965	89.849	94965	5116	234	20	0	4063	711	88	4922
0	6	cSpy was 32 spamed and the readout avoided!
0	7	G	40000	97276	2.724	0.4705	2724	4074	0	0	0	4027	47	0	4076
0	7	A	40000	97555	2.445	0.413	2445	2032	0	0	0	2018	14	0	2033
0	7	B	40000	97430	2.57	0.528	2570	2042	0	0	0	2009	33	0	2043
1	0	G	40000	253	99.747	98.1505	99747	2053	133	0	0	1287	149	484	1638
1	0	A	40000	998	99.002	97.637	99002	1365	122	0	0	717	97	429	992
1	0	B	40000	648	99.352	98.664	99352	688	11	0	0	570	52	55	646
1	0	cSpy was 15 spamed and the readout avoided!
1	1	G	40000	96680	3.32	0.5745	3320	4781	0	0	0	4709	72	0	4783
1	1	A	40000	97136	2.864	0.483	2864	2381	0	0	0	2347	34	0	2382
1	1	B	40000	96934	3.066	0.666	3066	2400	0	0	0	2362	38	0	2401
1	2	G	40000	100000	0	0	0	0	0	0	0	0	0	0	2
1	2	A	40000	100000	0	0	0	0	0	0	0	0	0	0	1
1	2	B	40000	100000	0	0	0	0	0	0	0	0	0	0	1
1	3	G	40000	98020	1.98	0.305	1980	3051	0	0	0	3048	2	1	3052
1	3	A	40000	98228	1.772	0.275	1772	1497	0	0	0	1496	0	1	1497
1	3	B	40000	98111	1.889	0.335	1889	1554	0	0	0	1552	2	0	1555
1	4	G	40000	354	99.646	97.4815	99646	2654	142	0	0	980	1254	278	2376
1	4	A	40000	1311	98.689	97.278	98689	1411	38	0	0	372	888	113	1304
1	4	B	40000	1072	98.928	97.685	98928	1243	104	0	0	608	366	165	1072
1	4	cSpy was 9 spamed and the readout avoided!
1	5	G	40000	31369	68.631	29.411	68631	42598	35	1	0	36710	5815	37	42556
1	5	A	40000	55938	44.062	18.913	44062	25149	2	0	0	21150	3977	20	25134
1	5	B	40000	42642	57.358	39.909	57358	17449	33	1	0	15560	1838	17	17422
1	6	G	40000	100000	0	0	0	0	0	0	0	0	0	0	2
1	6	A	40000	100000	0	0	0	0	0	0	0	0	0	0	1
1	6	B	40000	100000	0	0	0	0	0	0	0	0	0	0	1
1	7	G	40000	100000	0	0	0	0	0	0	0	0	0	0	2
1	7	A	40000	100000	0	0	0	0	0	0	0	0	0	0	1
1	7	B	40000	100000	0	0	0	0	0	0	0	0	0	0	1
2	0	G	40000	2280	97.72	48.4465	97720	4129	58	0	0	3876	100	95	4019
2	0	A	40000	2324	97.676	95.273	97676	2403	58	0	0	2150	100	95	2292
2	0	B	40000	96654	3.346	1.62	3346	1726	0	0	0	1726	0	0	1727
2	1	G	40000	100000	0	0	0	0	0	0	0	0	0	0	2
2	1	A	40000	100000	0	0	0	0	0	0	0	0	0	0	1
2	1	B	40000	100000	0	0	0	0	0	0	0	0	0	0	1
2	2	G	40000	31855	68.145	47.306	68145	25327	632	1	0	22890	1194	610	24806
2	2	A	40000	43327	56.673	45.48	56673	11193	350	1	0	9698	705	439	10853
2	2	B	40000	36734	63.266	49.132	63266	14134	282	0	0	13192	489	171	13953
2	3	G	40000	5305	94.695	71.344	94695	27978	62	2	0	24666	3069	179	27841
2	3	A	40000	18746	81.254	63.231	81254	18023	6	0	0	15635	2246	136	17934
2	3	B	40000	10588	89.412	79.457	89412	9955	56	2	0	9031	823	43	9907
2	3	cSpy was 4 spamed and the readout avoided!
2	4	G	40000	100000	0	0	0	0	0	0	0	0	0	0	2
2	4	A	40000	100000	0	0	0	0	0	0	0	0	0	0	1
2	4	B	40000	100000	0	0	0	0	0	0	0	0	0	0	1
2	5	G	40000	100000	0	0	0	0	0	0	0	0	0	0	2
2	5	A	40000	100000	0	0	0	0	0	0	0	0	0	0	1
2	5	B	40000	100000	0	0	0	0	0	0	0	0	0	0	1
2	6	G	40000	34124	65.876	41.2005	65876	28797	91	0	0	27509	811	386	28718
2	6	A	40000	47864	52.136	39.222	52136	12914	60	0	0	11808	689	357	12847
2	6	B	40000	40938	59.062	43.179	59062	15883	31	0	0	15701	122	29	15871
2	7	G	40000	0	100	100	100000	200000	200000	200000	200000	200000	200000	200000	200002
2	7	A	40000	0	100	100	100000	100000	100000	100000	100000	100000	100000	100000	100001
2	7	B	40000	0	100	100	100000	100000	100000	100000	100000	100000	100000	100000	100001
3	0	G	40000	1070	98.93	67.3875	98930	21198	231	2	0	19935	416	614	20669
3	0	A	40000	1623	98.377	96.261	98377	2116	207	0	0	1276	25	608	1602
3	0	B	40000	42404	57.596	38.514	57596	19082	24	2	0	18659	391	6	19067
3	0	cSpy was 55 spamed and the readout avoided!
3	1	G	40000	0	100	100	100000	200000	200000	200000	200000	200000	200000	200000	200002
3	1	A	40000	0	100	100	100000	100000	100000	100000	100000	100000	100000	100000	100001
3	1	B	40000	0	100	100	100000	100000	100000	100000	100000	100000	100000	100000	100001
3	2	G	40000	97534	2.466	0.089	2466	4737	0	0	0	4732	5	0	4739
3	2	A	40000	97535	2.465	0.089	2465	2376	0	0	0	2371	5	0	2377
3	2	B	40000	97550	2.45	0.089	2450	2361	0	0	0	2361	0	0	2362
3	3	G	40000	100000	0	0	0	0	0	0	0	0	0	0	2
3	3	A	40000	100000	0	0	0	0	0	0	0	0	0	0	1
3	3	B	40000	100000	0	0	0	0	0	0	0	0	0	0	1
3	4	G	40000	96399	3.601	0.4175	3601	6150	0	0	0	6146	4	0	6152
3	4	A	40000	96536	3.464	0.387	3464	3077	0	0	0	3073	4	0	3078
3	4	B	40000	96479	3.521	0.448	3521	3073	0	0	0	3073	0	0	3074
3	5	G	40000	0	100	100	100000	200000	200000	200000	200000	200000	200000	200000	200002
3	5	A	40000	0	100	100	100000	100000	100000	100000	100000	100000	100000	100000	100001
3	5	B	40000	0	100	100	100000	100000	100000	100000	100000	100000	100000	100000	100001
3	6	G	40000	47594	52.406	12.8735	52406	52584	11	4	0	48137	4408	24	52574
3	6	A	40000	60878	39.122	12.585	39122	26537	9	1	0	23021	3484	22	26528
3	6	B	40000	60791	39.209	13.162	39209	26047	2	3	0	25116	924	2	26046
3	6	cSpy was 9 spamed and the readout avoided!
3	7	G	40000	100000	0	0	0	0	0	0	0	0	0	0	2
3	7	A	40000	100000	0	0	0	0	0	0	0	0	0	0	1
3	7	B	40000	100000	0	0	0	0	0	0	0	0	0	0	1
4	0	G	40000	1224	98.776	72.036	98776	25888	198	1	0	23310	2181	198	25628
4	0	A	40000	2280	97.72	95.26	97720	2460	104	1	0	1684	511	160	2268
4	0	B	40000	27760	72.24	48.812	72240	23428	94	0	0	21626	1670	38	23360
4	0	cSpy was 8 spamed and the readout avoided!
4	1	G	40000	100000	0	0	0	0	0	0	0	0	0	0	2
4	1	A	40000	100000	0	0	0	0	0	0	0	0	0	0	1
4	1	B	40000	100000	0	0	0	0	0	0	0	0	0	0	1
4	2	G	40000	96804	3.196	1.5395	3196	2614	2	0	0	2608	0	4	2615
4	2	A	40000	97149	2.851	1.56	2851	1291	1	0	0	1286	0	4	1291
4	2	B	40000	97158	2.842	1.519	2842	1323	1	0	0	1322	0	0	1324
4	3	G	40000	20298	79.702	58.6445	79702	34304	806	0	0	32755	147	596	33230
4	3	A	40000	23915	76.085	58.899	76085	17186	391	0	0	16371	0	424	16467
4	3	B	40000	24492	75.508	58.39	75508	17118	415	0	0	16384	147	172	16763
4	3	cSpy was 7 spamed and the readout avoided!
4	4	G	40000	1754	98.246	92.4045	98246	7866	443	16	0	5940	766	701	7164
4	4	A	40000	3305	96.695	93.011	96695	3684	191	9	0	2704	270	510	3239
4	4	B	40000	4020	95.98	91.798	95980	4182	252	7	0	3236	496	191	3925
4	4	cSpy was 74 spamed and the readout avoided!
4	5	G	40000	100000	0	0	0	0	0	0	0	0	0	0	2
4	5	A	40000	100000	0	0	0	0	0	0	0	0	0	0	1
4	5	B	40000	100000	0	0	0	0	0	0	0	0	0	0	1
4	6	G	40000	100000	0	0	0	0	0	0	0	0	0	0	2
4	6	A	40000	100000	0	0	0	0	0	0	0	0	0	0	1
4	6	B	40000	100000	0	0	0	0	0	0	0	0	0	0	1
4	7	G	40000	33581	66.419	41.1745	66419	39036	151	0	0	38725	6	154	38877
4	7	A	40000	39322	60.678	41.294	60678	19384	73	0	0	19169	6	136	19254
4	7	B	40000	39293	60.707	41.055	60707	19652	78	0	0	19556	0	18	19623
4	7	cSpy was 4 spamed and the readout avoided!
5	0	G	40000	482	99.518	56.9915	99518	14852	141	0	0	13771	110	830	14307
5	0	A	40000	607	99.393	98.24	99393	1153	141	0	0	89	95	828	607
5	0	B	40000	70558	29.442	15.743	29442	13699	0	0	0	13682	15	2	13700
5	0	cSpy was 70 spamed and the readout avoided!
5	1	G	40000	74535	25.465	9.6025	25465	25346	5	4	0	25304	2	31	25343
5	1	A	40000	77664	22.336	9.833	22336	12503	3	1	0	12467	2	30	12499
5	1	B	40000	77785	22.215	9.372	22215	12843	2	3	0	12837	0	1	12844
5	2	G	40000	12	99.988	98.0225	99988	2122	143	2	1	1095	581	300	1823
5	2	A	40000	31	99.969	99.8	99969	169	1	0	0	12	2	154	31
5	2	B	40000	1802	98.198	96.245	98198	1953	142	2	1	1083	579	146	1792
5	2	cSpy was 41 spamed and the readout avoided!
5	3	G	40000	94459	5.541	0.172	5541	10420	0	0	0	10159	261	0	10422
5	3	A	40000	94485	5.515	0.172	5515	5343	0	0	0	5108	235	0	5344
5	3	B	40000	94751	5.249	0.172	5249	5077	0	0	0	5051	26	0	5078
5	4	G	40000	100000	0	0	0	0	0	0	0	0	0	0	2
5	4	A	40000	100000	0	0	0	0	0	0	0	0	0	0	1
5	4	B	40000	100000	0	0	0	0	0	0	0	0	0	0	1
5	5	G	40000	94388	5.612	3.265	5612	4024	33	0	0	3964	2	25	3986
5	5	A	40000	94707	5.293	3.28	5293	2013	16	0	0	1979	0	18	1986
5	5	B	40000	94739	5.261	3.25	5261	2011	17	0	0	1985	2	7	2000
5	5	cSpy was 1 spamed and the readout avoided!
5	6	G	40000	0	100	100	100000	200000	200000	200000	200000	200000	200000	200000	200002
5	6	A	40000	0	100	100	100000	100000	100000	100000	100000	100000	100000	100000	100001
5	6	B	40000	0	100	100	100000	100000	100000	100000	100000	100000	100000	100000	100001
5	7	G	40000	18058	81.942	33.46	81942	62656	0	0	0	55441	6980	235	62543
5	7	A	40000	33394	66.606	36.834	66606	29772	0	0	0	25542	3997	233	29659
5	7	B	40000	37030	62.97	30.086	62970	32884	0	0	0	29899	2983	2	32884
5	7	cSpy was 3 spamed and the readout avoided!
6	0	G	40000	376	99.624	97.3115	99624	2994	357	5	0	1379	689	564	2379
6	0	A	40000	832	99.168	97.913	99168	1255	173	0	0	298	347	437	832
6	0	B	40000	1551	98.449	96.71	98449	1739	184	5	0	1081	342	127	1547
6	0	cSpy was 95 spamed and the readout avoided!
6	1	G	40000	9644	90.356	62.3395	90356	36776	67	2	0	32648	3481	578	36414
6	1	A	40000	18200	81.8	64.146	81800	17654	39	0	0	15319	1760	536	17335
6	1	B	40000	20345	79.655	60.533	79655	19122	28	2	0	17329	1721	42	19079
6	1	cSpy was 40 spamed and the readout avoided!
6	2	G	40000	100000	0	0	0	0	0	0	0	0	0	0	2
6	2	A	40000	100000	0	0	0	0	0	0	0	0	0	0	1
6	2	B	40000	100000	0	0	0	0	0	0	0	0	0	0	1
6	3	G	40000	100000	0	0	0	0	0	0	0	0	0	0	2
6	3	A	40000	100000	0	0	0	0	0	0	0	0	0	0	1
6	3	B	40000	100000	0	0	0	0	0	0	0	0	0	0	1
6	4	G	40000	23723	76.277	55.76	76277	33613	753	0	0	32165	137	558	32609
6	4	A	40000	27162	72.838	56.031	72838	16807	362	0	0	16051	0	394	16137
6	4	B	40000	27705	72.295	55.489	72295	16806	391	0	0	16114	137	164	16472
6	4	cSpy was 8 spamed and the readout avoided!
6	5	G	40000	1143	98.857	94.104	98857	6091	223	6	0	4856	280	727	5564
6	5	A	40000	2552	97.448	94.643	97448	2805	30	2	0	2087	126	561	2502
6	5	B	40000	3149	96.851	93.565	96851	3286	193	4	0	2769	154	166	3062
6	5	cSpy was 99 spamed and the readout avoided!
6	6	G	40000	100000	0	0	0	0	0	0	0	0	0	0	2
6	6	A	40000	100000	0	0	0	0	0	0	0	0	0	0	1
6	6	B	40000	100000	0	0	0	0	0	0	0	0	0	0	1
6	7	G	40000	100000	0	0	0	0	0	0	0	0	0	0	2
6	7	A	40000	100000	0	0	0	0	0	0	0	0	0	0	1
6	7	B	40000	100000	0	0	0	0	0	0	0	0	0	0	1
7	0	G	40000	1947	98.053	48.095	98053	3552	196	0	0	2738	78	540	3084
7	0	A	40000	1971	98.029	95.614	98029	2415	196	0	0	1601	78	540	1946
7	0	B	40000	98287	1.713	0.576	1713	1137	0	0	0	1137	0	0	1138
7	0	cSpy was 1 spamed and the readout avoided!
7	1	G	40000	100000	0	0	0	0	0	0	0	0	0	0	2
7	1	A	40000	100000	0	0	0	0	0	0	0	0	0	0	1
7	1	B	40000	100000	0	0	0	0	0	0	0	0	0	0	1
7	2	G	40000	99332	0.668001	0.032	668	1246	0	0	0	1243	3	0	1248
7	2	A	40000	99339	0.660998	0.038	661	623	0	0	0	620	3	0	624
7	2	B	40000	99351	0.648999	0.026	649	623	0	0	0	623	0	0	624
7	3	G	40000	0	100	100	100000	200000	200000	200000	200000	200000	200000	200000	200002
7	3	A	40000	0	100	100	100000	100000	100000	100000	100000	100000	100000	100000	100001
7	3	B	40000	0	100	100	100000	100000	100000	100000	100000	100000	100000	100000	100001
7	4	G	40000	52505	47.495	29.3015	47495	28103	12	0	0	25346	2615	130	28016
7	4	A	40000	55381	44.619	29.649	44619	14970	0	0	0	12892	1990	88	14920
7	4	B	40000	57913	42.087	28.954	42087	13133	12	0	0	12454	625	42	13096
7	4	cSpy was 4 spamed and the readout avoided!
7	5	G	40000	100000	0	0	0	0	0	0	0	0	0	0	2
7	5	A	40000	100000	0	0	0	0	0	0	0	0	0	0	1
7	5	B	40000	100000	0	0	0	0	0	0	0	0	0	0	1
7	6	G	40000	99998	0.00200272	0	2	4	0	0	0	4	0	0	6
7	6	A	40000	99998	0.00200272	0	2	2	0	0	0	2	0	0	3
7	6	B	40000	99998	0.00200272	0	2	2	0	0	0	2	0	0	3
7	7	G	40000	61709	38.291	14.326	38291	33496	69	92	0	32707	504	124	33419
7	7	A	40000	67956	32.044	15.005	32044	17039	69	92	0	16559	196	123	16962
7	7	B	40000	69896	30.104	13.647	30104	16457	0	0	0	16148	308	1	16457
7	7	cSpy was 7 spamed and the readout avoided!
