#the gain was set to: 2	the bias was set to: 30
#Sent triggers per delay setting: 100000	and with a frequency [Hz] of: 40000
#160MHz delay setting	400MHz delay setting	Frequency	correct transmitted H+T		error rate [%]	uncertainty [%]	bad or missed events	error count	missing headers	missing trailers	flipped H/T	event nr errors	tbm missed trigger	unknown errors	event nr resets
0	0	G	40000	433	99.567	70.6265	99567	19144	122	0	0	18137	296	589	18635
0	0	A	40000	641	99.359	98.217	99359	1142	107	0	0	189	268	578	641
0	0	B	40000	38962	61.038	43.036	61038	18002	15	0	0	17948	28	11	17994
0	0	cSpy was 37 spamed and the readout avoided!
0	1	G	40000	40547	59.453	38.9155	59453	27052	85	0	0	26471	99	397	26943
0	1	A	40000	49584	50.416	38.342	50416	12074	46	0	0	11625	44	359	11983
0	1	B	40000	45533	54.467	39.489	54467	14978	39	0	0	14846	55	38	14960
0	2	G	40000	3203	96.797	83.829	96797	16051	176	7	0	13257	2235	376	15745
0	2	A	40000	6640	93.36	86.811	93360	6549	82	0	0	5005	1117	345	6314
0	2	B	40000	9651	90.349	80.847	90349	9502	94	7	0	8252	1118	31	9431
0	2	cSpy was 11 spamed and the readout avoided!
0	3	G	40000	100000	0	0	0	0	0	0	0	0	0	0	2
0	3	A	40000	100000	0	0	0	0	0	0	0	0	0	0	1
0	3	B	40000	100000	0	0	0	0	0	0	0	0	0	0	1
0	4	G	40000	100000	0	0	0	0	0	0	0	0	0	0	2
0	4	A	40000	100000	0	0	0	0	0	0	0	0	0	0	1
0	4	B	40000	100000	0	0	0	0	0	0	0	0	0	0	1
0	5	G	40000	52240	47.76	24.1165	47760	33464	22	0	0	33118	110	214	33413
0	5	A	40000	60727	39.273	23.674	39273	15599	13	0	0	15326	52	208	15553
0	5	B	40000	57576	42.424	24.559	42424	17865	9	0	0	17792	58	6	17860
0	6	G	40000	2044	97.956	90.24	97956	9868	471	11	0	7301	1699	386	9316
0	6	A	40000	5377	94.623	89.253	94623	5370	146	0	0	3831	1142	251	5111
0	6	B	40000	4275	95.725	91.227	95725	4498	325	11	0	3470	557	135	4205
0	6	cSpy was 58 spamed and the readout avoided!
0	7	G	40000	97126	2.874	0.4995	2874	4290	0	0	0	4246	44	0	4292
0	7	A	40000	97409	2.591	0.446	2591	2145	0	0	0	2133	12	0	2146
0	7	B	40000	97302	2.698	0.553	2698	2145	0	0	0	2113	32	0	2146
1	0	G	40000	303	99.697	97.862	99697	2346	172	0	0	1501	189	484	1915
1	0	A	40000	1173	98.827	97.291	98827	1536	149	0	0	840	125	422	1162
1	0	B	40000	757	99.243	98.433	99243	810	23	0	0	661	64	62	753
1	0	cSpy was 19 spamed and the readout avoided!
1	1	G	40000	96807	3.193	0.316	3193	4968	0	0	0	4862	106	0	4970
1	1	A	40000	97308	2.692	0.21	2692	2482	0	0	0	2430	52	0	2483
1	1	B	40000	97092	2.908	0.422	2908	2486	0	0	0	2432	54	0	2487
1	2	G	40000	100000	0	0	0	0	0	0	0	0	0	0	2
1	2	A	40000	100000	0	0	0	0	0	0	0	0	0	0	1
1	2	B	40000	100000	0	0	0	0	0	0	0	0	0	0	1
1	3	G	40000	98434	1.566	0.176	1566	2651	0	0	0	2648	2	1	2653
1	3	A	40000	98536	1.464	0.169	1464	1295	0	0	0	1292	2	1	1296
1	3	B	40000	98461	1.539	0.183	1539	1356	0	0	0	1356	0	0	1357
1	4	G	40000	505	99.495	96.843	99495	3344	247	0	0	1644	1085	368	2950
1	4	A	40000	1635	98.365	96.573	98365	1792	78	0	0	801	750	163	1616
1	4	B	40000	1335	98.665	97.113	98665	1552	169	0	0	843	335	205	1334
1	4	cSpy was 29 spamed and the readout avoided!
1	5	G	40000	36245	63.755	18.1545	63755	46653	14	0	0	38965	7642	32	46634
1	5	A	40000	67072	32.928	6.465	32928	26463	0	0	0	21756	4675	32	26457
1	5	B	40000	49966	50.034	29.844	50034	20190	14	0	0	17209	2967	0	20177
1	6	G	40000	100000	0	0	0	0	0	0	0	0	0	0	2
1	6	A	40000	100000	0	0	0	0	0	0	0	0	0	0	1
1	6	B	40000	100000	0	0	0	0	0	0	0	0	0	0	1
1	7	G	40000	95500	4.5	1.851	4500	3541	2	0	0	3505	19	15	3540
1	7	A	40000	96601	3.399	1.762	3399	1637	1	0	0	1606	15	15	1635
1	7	B	40000	96156	3.844	1.94	3844	1904	1	0	0	1899	4	0	1905
2	0	G	40000	2506	97.494	48.107	97494	4029	50	0	0	3788	105	86	3932
2	0	A	40000	2541	97.459	94.865	97459	2594	50	0	0	2353	105	86	2496
2	0	B	40000	97216	2.784	1.349	2784	1435	0	0	0	1435	0	0	1436
2	1	G	40000	100000	0	0	0	0	0	0	0	0	0	0	2
2	1	A	40000	100000	0	0	0	0	0	0	0	0	0	0	1
2	1	B	40000	100000	0	0	0	0	0	0	0	0	0	0	1
2	2	G	40000	35328	64.672	44.674	64672	24510	556	0	0	22266	1107	581	24067
2	2	A	40000	46209	53.791	42.934	53791	10857	314	0	0	9466	669	408	10556
2	2	B	40000	39933	60.067	46.414	60067	13653	242	0	0	12800	438	173	13511
2	3	G	40000	4350	95.65	76.834	95650	22731	45	4	0	20023	2475	184	22609
2	3	A	40000	15055	84.945	70.43	84945	14515	6	0	0	12610	1741	158	14430
2	3	B	40000	8546	91.454	83.238	91454	8216	39	4	0	7413	734	26	8179
2	3	cSpy was 6 spamed and the readout avoided!
2	4	G	40000	100000	0	0	0	0	0	0	0	0	0	0	2
2	4	A	40000	100000	0	0	0	0	0	0	0	0	0	0	1
2	4	B	40000	100000	0	0	0	0	0	0	0	0	0	0	1
2	5	G	40000	100000	0	0	0	0	0	0	0	0	0	0	2
2	5	A	40000	100000	0	0	0	0	0	0	0	0	0	0	1
2	5	B	40000	100000	0	0	0	0	0	0	0	0	0	0	1
2	6	G	40000	42578	57.422	31.2835	57422	31278	18	0	0	30330	704	226	31254
2	6	A	40000	56088	43.912	29.623	43912	14289	13	0	0	13442	609	225	14266
2	6	B	40000	50067	49.933	32.944	49933	16989	5	0	0	16888	95	1	16988
2	7	G	40000	0	100	100	100000	200000	200000	200000	200000	200000	200000	200000	200002
2	7	A	40000	0	100	100	100000	100000	100000	100000	100000	100000	100000	100000	100001
2	7	B	40000	0	100	100	100000	100000	100000	100000	100000	100000	100000	100000	100001
3	0	G	40000	1092	98.908	68.527	98908	21347	231	1	0	20097	396	622	20808
3	0	A	40000	1669	98.331	96.153	98331	2178	207	0	0	1340	18	613	1651
3	0	B	40000	39930	60.07	40.901	60070	19169	24	1	0	18757	378	9	19157
3	0	cSpy was 8 spamed and the readout avoided!
3	1	G	40000	0	100	100	100000	200000	200000	200000	200000	200000	200000	200000	200002
3	1	A	40000	0	100	100	100000	100000	100000	100000	100000	100000	100000	100000	100001
3	1	B	40000	0	100	100	100000	100000	100000	100000	100000	100000	100000	100000	100001
3	2	G	40000	98239	1.761	0.022	1761	3473	0	0	0	3469	4	0	3475
3	2	A	40000	98239	1.761	0.022	1761	1739	0	0	0	1735	4	0	1740
3	2	B	40000	98244	1.756	0.022	1756	1734	0	0	0	1734	0	0	1735
3	3	G	40000	100000	0	0	0	0	0	0	0	0	0	0	2
3	3	A	40000	100000	0	0	0	0	0	0	0	0	0	0	1
3	3	B	40000	100000	0	0	0	0	0	0	0	0	0	0	1
3	4	G	40000	95813	4.187	0.553	4187	6948	0	0	0	6943	5	0	6950
3	4	A	40000	96008	3.992	0.51	3992	3482	0	0	0	3477	5	0	3483
3	4	B	40000	95938	4.062	0.596	4062	3466	0	0	0	3466	0	0	3467
3	5	G	40000	0	100	100	100000	200000	200000	200000	200000	200000	200000	200000	200002
3	5	A	40000	0	100	100	100000	100000	100000	100000	100000	100000	100000	100000	100001
3	5	B	40000	0	100	100	100000	100000	100000	100000	100000	100000	100000	100000	100001
3	6	G	40000	55057	44.943	11.1655	44943	46961	9	11	0	43290	3620	31	46949
3	6	A	40000	65030	34.97	10.928	34970	24042	7	0	0	20982	3026	27	24037
3	6	B	40000	65678	34.322	11.403	34322	22919	2	11	0	22308	594	4	22912
3	6	cSpy was 8 spamed and the readout avoided!
3	7	G	40000	100000	0	0	0	0	0	0	0	0	0	0	2
3	7	A	40000	100000	0	0	0	0	0	0	0	0	0	0	1
3	7	B	40000	100000	0	0	0	0	0	0	0	0	0	0	1
4	0	G	40000	1150	98.85	68.9975	98850	27830	145	2	0	25064	2451	168	27625
4	0	A	40000	2093	97.907	95.673	97907	2234	78	0	0	1492	529	135	2080
4	0	B	40000	32082	67.918	42.322	67918	25596	67	2	0	23572	1922	33	25545
4	0	cSpy was 5 spamed and the readout avoided!
4	1	G	40000	100000	0	0	0	0	0	0	0	0	0	0	2
4	1	A	40000	100000	0	0	0	0	0	0	0	0	0	0	1
4	1	B	40000	100000	0	0	0	0	0	0	0	0	0	0	1
4	2	G	40000	99028	0.972003	0.4885	972	751	0	0	0	751	0	0	753
4	2	A	40000	99139	0.861001	0.493	861	368	0	0	0	368	0	0	369
4	2	B	40000	99133	0.866997	0.484	867	383	0	0	0	383	0	0	384
4	3	G	40000	20365	79.635	58.635	79635	34321	809	0	0	32769	139	604	33233
4	3	A	40000	23913	76.087	58.898	76087	17189	392	0	0	16370	0	427	16462
4	3	B	40000	24496	75.504	58.372	75504	17132	417	0	0	16399	139	177	16771
4	3	cSpy was 8 spamed and the readout avoided!
4	4	G	40000	0	100	100	100000	200000	200000	200000	200000	200000	200000	200000	200002
4	4	A	40000	0	100	100	100000	100000	100000	100000	100000	100000	100000	100000	100001
4	4	B	40000	0	100	100	100000	100000	100000	100000	100000	100000	100000	100000	100001
4	5	G	40000	100000	0	0	0	0	0	0	0	0	0	0	2
4	5	A	40000	100000	0	0	0	0	0	0	0	0	0	0	1
4	5	B	40000	100000	0	0	0	0	0	0	0	0	0	0	1
4	6	G	40000	99977	0.0230014	0	23	46	0	0	0	46	0	0	48
4	6	A	40000	99977	0.0230014	0	23	23	0	0	0	23	0	0	24
4	6	B	40000	99977	0.0230014	0	23	23	0	0	0	23	0	0	24
4	7	G	40000	52285	47.715	29.942	47715	27875	135	0	0	27599	8	133	27741
4	7	A	40000	56093	43.907	30.031	43907	13876	65	0	0	13691	7	113	13774
4	7	B	40000	56148	43.852	29.853	43852	13999	70	0	0	13908	1	20	13967
4	7	cSpy was 3 spamed and the readout avoided!
5	0	G	40000	511	99.489	56.2805	99489	14155	152	0	0	13060	99	844	13612
5	0	A	40000	624	99.376	98.209	99376	1167	152	0	0	76	96	843	624
5	0	B	40000	72660	27.34	14.352	27340	12988	0	0	0	12984	3	1	12988
5	0	cSpy was 51 spamed and the readout avoided!
5	1	G	40000	76469	23.531	10.7595	23531	20262	19	0	0	20200	3	40	20243
5	1	A	40000	79082	20.918	10.904	20918	10014	10	0	0	9964	3	37	9997
5	1	B	40000	79137	20.863	10.615	20863	10248	9	0	0	10236	0	3	10246
5	2	G	40000	0	100	100	100000	200000	200000	200000	200000	200000	200000	200000	200002
5	2	A	40000	0	100	100	100000	100000	100000	100000	100000	100000	100000	100000	100001
5	2	B	40000	0	100	100	100000	100000	100000	100000	100000	100000	100000	100000	100001
5	3	G	40000	95880	4.12	0.062	4120	7929	0	0	0	7768	161	0	7931
5	3	A	40000	95883	4.117	0.062	4117	4055	0	0	0	3897	158	0	4056
5	3	B	40000	96064	3.936	0.062	3936	3874	0	0	0	3871	3	0	3875
5	4	G	40000	100000	0	0	0	0	0	0	0	0	0	0	2
5	4	A	40000	100000	0	0	0	0	0	0	0	0	0	0	1
5	4	B	40000	100000	0	0	0	0	0	0	0	0	0	0	1
5	5	G	40000	98307	1.693	0.1515	1693	2953	0	0	0	2952	0	1	2955
5	5	A	40000	98352	1.648	0.172	1648	1476	0	0	0	1475	0	1	1477
5	5	B	40000	98392	1.608	0.131	1608	1477	0	0	0	1477	0	0	1478
5	6	G	40000	7	99.993	97.9295	99993	2172	181	1	0	1106	713	171	1960
5	6	A	40000	22	99.978	99.89	99978	88	0	0	0	1	4	83	22
5	6	B	40000	1947	98.053	95.969	98053	2084	181	1	0	1105	709	88	1938
5	6	cSpy was 60 spamed and the readout avoided!
5	7	G	40000	18029	81.971	34.7625	81971	61066	1	0	0	53807	7058	200	60975
5	7	A	40000	32951	67.049	38.004	67049	29045	0	0	0	24792	4056	197	28955
5	7	B	40000	36458	63.542	31.521	63542	32021	1	0	0	29015	3002	3	32020
5	7	cSpy was 4 spamed and the readout avoided!
6	0	G	40000	393	99.607	97.2025	99607	3076	324	1	0	1429	780	542	2510
6	0	A	40000	942	99.058	97.705	99058	1353	158	0	0	263	486	446	942
6	0	B	40000	1577	98.423	96.7	98423	1723	166	1	0	1166	294	96	1568
6	0	cSpy was 76 spamed and the readout avoided!
6	1	G	40000	6709	93.291	73.1095	93291	26544	53	1	0	23521	2226	744	26082
6	1	A	40000	12819	87.181	74.374	87181	12807	16	0	0	11033	1054	705	12393
6	1	B	40000	14418	85.582	71.845	85582	13737	37	1	0	12488	1172	39	13689
6	1	cSpy was 89 spamed and the readout avoided!
6	2	G	40000	100000	0	0	0	0	0	0	0	0	0	0	2
6	2	A	40000	100000	0	0	0	0	0	0	0	0	0	0	1
6	2	B	40000	100000	0	0	0	0	0	0	0	0	0	0	1
6	3	G	40000	99826	0.173998	0.0165	174	292	0	0	0	290	2	0	294
6	3	A	40000	99834	0.165999	0.02	166	146	0	0	0	144	2	0	147
6	3	B	40000	99841	0.159001	0.013	159	146	0	0	0	146	0	0	147
6	4	G	40000	21355	78.645	57.301	78645	34755	720	0	0	33355	143	537	33794
6	4	A	40000	25073	74.927	57.558	74927	17369	347	0	0	16639	0	383	16726
6	4	B	40000	25570	74.43	57.044	74430	17386	373	0	0	16716	143	154	17068
6	4	cSpy was 8 spamed and the readout avoided!
6	5	G	40000	0	100	100	100000	200000	200000	200000	200000	200000	200000	200000	200002
6	5	A	40000	0	100	100	100000	100000	100000	100000	100000	100000	100000	100000	100001
6	5	B	40000	0	100	100	100000	100000	100000	100000	100000	100000	100000	100000	100001
6	6	G	40000	100000	0	0	0	0	0	0	0	0	0	0	2
6	6	A	40000	100000	0	0	0	0	0	0	0	0	0	0	1
6	6	B	40000	100000	0	0	0	0	0	0	0	0	0	0	1
6	7	G	40000	100000	0	0	0	0	0	0	0	0	0	0	2
6	7	A	40000	100000	0	0	0	0	0	0	0	0	0	0	1
6	7	B	40000	100000	0	0	0	0	0	0	0	0	0	0	1
7	0	G	40000	2105	97.895	47.8665	97895	3491	211	0	0	2655	66	559	2979
7	0	A	40000	2121	97.879	95.27	97879	2609	211	0	0	1773	66	559	2097
7	0	B	40000	98655	1.345	0.463	1345	882	0	0	0	882	0	0	882
7	0	cSpy was 1 spamed and the readout avoided!
7	1	G	40000	100000	0	0	0	0	0	0	0	0	0	0	2
7	1	A	40000	100000	0	0	0	0	0	0	0	0	0	0	1
7	1	B	40000	100000	0	0	0	0	0	0	0	0	0	0	1
7	2	G	40000	98842	1.158	0.067	1158	2123	0	0	0	2109	12	2	2125
7	2	A	40000	98859	1.141	0.08	1141	1061	0	0	0	1051	8	2	1062
7	2	B	40000	98884	1.116	0.054	1116	1062	0	0	0	1058	4	0	1063
7	3	G	40000	0	100	100	100000	200000	200000	200000	200000	200000	200000	200000	200002
7	3	A	40000	0	100	100	100000	100000	100000	100000	100000	100000	100000	100000	100001
7	3	B	40000	0	100	100	100000	100000	100000	100000	100000	100000	100000	100000	100001
7	4	G	40000	52233	47.767	27.129	47767	32834	56	1	0	29473	3169	135	32729
7	4	A	40000	54737	45.263	27.6	45263	17663	0	0	0	15045	2535	83	17629
7	4	B	40000	58171	41.829	26.658	41829	15171	56	1	0	14428	634	52	15100
7	4	cSpy was 12 spamed and the readout avoided!
7	5	G	40000	100000	0	0	0	0	0	0	0	0	0	0	2
7	5	A	40000	100000	0	0	0	0	0	0	0	0	0	0	1
7	5	B	40000	100000	0	0	0	0	0	0	0	0	0	0	1
7	6	G	40000	100000	0	0	0	0	0	0	0	0	0	0	2
7	6	A	40000	100000	0	0	0	0	0	0	0	0	0	0	1
7	6	B	40000	100000	0	0	0	0	0	0	0	0	0	0	1
7	7	G	40000	63123	36.877	13.7545	36877	32948	54	85	0	32214	459	136	32855
7	7	A	40000	68833	31.167	14.35	31167	16817	54	85	0	16367	175	136	16723
7	7	B	40000	70710	29.29	13.159	29290	16131	0	0	0	15847	284	0	16132
7	7	cSpy was 7 spamed and the readout avoided!
