#the gain was set to: 2	the bias was set to: 30
#Sent triggers per delay setting: 100000	and with a frequency [Hz] of: 40000
#160MHz delay setting	400MHz delay setting	Frequency	correct transmitted H+T		error rate [%]	uncertainty [%]	bad or missed events	error count	missing headers	missing trailers	flipped H/T	event nr errors	tbm missed trigger	unknown errors	event nr resets
0	0	G	40000	414	99.586	71.5815	99586	19072	105	0	0	18073	274	620	18564
0	0	A	40000	634	99.366	98.229	99366	1137	86	0	0	206	233	612	634
0	0	B	40000	37131	62.869	44.934	62869	17935	19	0	0	17867	41	8	17930
0	0	cSpy was 32 spamed and the readout avoided!
0	1	G	40000	27797	72.203	50.36	72203	27843	166	0	0	27112	33	532	27675
0	1	A	40000	38291	61.709	49.636	61709	12073	87	0	0	11511	13	462	11955
0	1	B	40000	33146	66.854	51.084	66854	15770	79	0	0	15601	20	70	15720
0	2	G	40000	3331	96.669	81.477	96669	18424	162	6	0	15155	2600	501	18030
0	2	A	40000	6656	93.344	86.655	93344	6689	102	1	0	4993	1122	471	6348
0	2	B	40000	11966	88.034	76.299	88034	11735	60	5	0	10162	1478	30	11682
0	2	cSpy was 4 spamed and the readout avoided!
0	3	G	40000	100000	0	0	0	0	0	0	0	0	0	0	2
0	3	A	40000	100000	0	0	0	0	0	0	0	0	0	0	1
0	3	B	40000	100000	0	0	0	0	0	0	0	0	0	0	1
0	4	G	40000	99996	0.00399947	0.001	4	6	0	0	0	6	0	0	8
0	4	A	40000	99996	0.00399947	0.001	4	3	0	0	0	3	0	0	4
0	4	B	40000	99996	0.00399947	0.001	4	3	0	0	0	3	0	0	4
0	5	G	40000	55215	44.785	25.533	44785	26619	13	0	0	26274	90	242	26565
0	5	A	40000	62633	37.367	25.077	37367	12290	8	0	0	12005	43	234	12239
0	5	B	40000	59682	40.318	25.989	40318	14329	5	0	0	14269	47	8	14326
0	6	G	40000	0	100	100	100000	200000	200000	200000	200000	200000	200000	200000	200002
0	6	A	40000	0	100	100	100000	100000	100000	100000	100000	100000	100000	100000	100001
0	6	B	40000	0	100	100	100000	100000	100000	100000	100000	100000	100000	100000	100001
0	7	G	40000	98135	1.865	0.3505	1865	2919	0	0	0	2905	14	0	2921
0	7	A	40000	98211	1.789	0.337	1789	1452	0	0	0	1448	4	0	1453
0	7	B	40000	98169	1.831	0.364	1831	1467	0	0	0	1457	10	0	1468
1	0	G	40000	288	99.712	97.612	99712	2568	208	2	0	1833	142	383	2180
1	0	A	40000	1553	98.447	96.571	98447	1876	190	2	0	1241	105	338	1527
1	0	B	40000	655	99.345	98.653	99345	692	18	0	0	592	37	45	653
1	0	cSpy was 22 spamed and the readout avoided!
1	1	G	40000	98251	1.749	0.092	1749	3228	0	0	0	3211	17	0	3230
1	1	A	40000	98306	1.694	0.079	1694	1615	0	0	0	1608	7	0	1616
1	1	B	40000	98282	1.718	0.105	1718	1613	0	0	0	1603	10	0	1614
1	2	G	40000	100000	0	0	0	0	0	0	0	0	0	0	2
1	2	A	40000	100000	0	0	0	0	0	0	0	0	0	0	1
1	2	B	40000	100000	0	0	0	0	0	0	0	0	0	0	1
1	3	G	40000	97224	2.776	0.5535	2776	4118	1	0	0	4114	1	2	4119
1	3	A	40000	97477	2.523	0.527	2523	1996	1	0	0	1992	1	2	1996
1	3	B	40000	97298	2.702	0.58	2702	2122	0	0	0	2122	0	0	2123
1	4	G	40000	593	99.407	96.653	99407	3549	243	0	0	1790	1096	420	3110
1	4	A	40000	1843	98.157	96.198	98157	1959	77	0	0	914	834	134	1810
1	4	B	40000	1302	98.698	97.108	98698	1590	166	0	0	876	262	286	1300
1	4	cSpy was 44 spamed and the readout avoided!
1	5	G	40000	49992	50.008	12.6365	50008	37231	11	0	0	31567	5618	35	37220
1	5	A	40000	75368	24.632	4.794	24632	19838	0	0	0	16755	3055	28	19839
1	5	B	40000	62128	37.872	20.479	37872	17393	11	0	0	14812	2563	7	17381
1	6	G	40000	100000	0	0	0	0	0	0	0	0	0	0	2
1	6	A	40000	100000	0	0	0	0	0	0	0	0	0	0	1
1	6	B	40000	100000	0	0	0	0	0	0	0	0	0	0	1
1	7	G	40000	99566	0.433999	0.1575	434	393	0	0	0	389	2	2	395
1	7	A	40000	99669	0.331002	0.147	331	184	0	0	0	181	2	1	185
1	7	B	40000	99623	0.376999	0.168	377	209	0	0	0	208	0	1	210
2	0	G	40000	2423	97.577	48.292	97577	4068	39	1	0	3856	108	64	3991
2	0	A	40000	2450	97.55	95.073	97550	2477	39	1	0	2265	108	64	2399
2	0	B	40000	96898	3.102	1.511	3102	1591	0	0	0	1591	0	0	1592
2	1	G	40000	99898	0.102001	0.006	102	190	0	0	0	190	0	0	192
2	1	A	40000	99900	0.0999987	0.006	100	94	0	0	0	94	0	0	95
2	1	B	40000	99898	0.102001	0.006	102	96	0	0	0	96	0	0	97
2	2	G	40000	37300	62.7	41.71	62700	25912	600	0	0	23653	1135	524	25446
2	2	A	40000	48321	51.679	40.047	51679	11632	336	0	0	10313	608	375	11314
2	2	B	40000	42347	57.653	43.373	57653	14280	264	0	0	13340	527	149	14132
2	3	G	40000	4841	95.159	73.721	95159	25639	48	1	0	22498	2984	108	25558
2	3	A	40000	17345	82.655	65.944	82655	16711	4	0	0	14493	2132	82	16673
2	3	B	40000	9574	90.426	81.498	90426	8928	44	1	0	8005	852	26	8885
2	3	cSpy was 1 spamed and the readout avoided!
2	4	G	40000	100000	0	0	0	0	0	0	0	0	0	0	2
2	4	A	40000	100000	0	0	0	0	0	0	0	0	0	0	1
2	4	B	40000	100000	0	0	0	0	0	0	0	0	0	0	1
2	5	G	40000	100000	0	0	0	0	0	0	0	0	0	0	2
2	5	A	40000	100000	0	0	0	0	0	0	0	0	0	0	1
2	5	B	40000	100000	0	0	0	0	0	0	0	0	0	0	1
2	6	G	40000	33080	66.92	41.9225	66920	28879	63	1	0	27623	819	373	28818
2	6	A	40000	47192	52.808	39.881	52808	12927	44	1	0	11807	717	358	12874
2	6	B	40000	40084	59.916	43.964	59916	15952	19	0	0	15816	102	15	15944
2	7	G	40000	0	100	100	100000	200000	200000	200000	200000	200000	200000	200000	200002
2	7	A	40000	0	100	100	100000	100000	100000	100000	100000	100000	100000	100000	100001
2	7	B	40000	0	100	100	100000	100000	100000	100000	100000	100000	100000	100000	100001
3	0	G	40000	1071	98.929	69.7135	98929	19087	246	1	0	17796	397	647	18523
3	0	A	40000	1614	98.386	96.266	98386	2120	190	0	0	1284	26	620	1592
3	0	B	40000	39872	60.128	43.161	60128	16967	56	1	0	16512	371	27	16931
3	0	cSpy was 6 spamed and the readout avoided!
3	1	G	40000	0	100	100	100000	200000	200000	200000	200000	200000	200000	200000	200002
3	1	A	40000	0	100	100	100000	100000	100000	100000	100000	100000	100000	100000	100001
3	1	B	40000	0	100	100	100000	100000	100000	100000	100000	100000	100000	100000	100001
3	2	G	40000	98840	1.16	0.015	1160	2289	0	0	0	2288	1	0	2291
3	2	A	40000	98840	1.16	0.015	1160	1145	0	0	0	1144	1	0	1146
3	2	B	40000	98841	1.159	0.015	1159	1144	0	0	0	1144	0	0	1145
3	3	G	40000	100000	0	0	0	0	0	0	0	0	0	0	2
3	3	A	40000	100000	0	0	0	0	0	0	0	0	0	0	1
3	3	B	40000	100000	0	0	0	0	0	0	0	0	0	0	1
3	4	G	40000	93940	6.06	1.006	6060	9489	0	0	0	9487	2	0	9491
3	4	A	40000	94297	5.703	0.943	5703	4760	0	0	0	4758	2	0	4761
3	4	B	40000	94202	5.798	1.069	5798	4729	0	0	0	4729	0	0	4730
3	5	G	40000	0	100	100	100000	200000	200000	200000	200000	200000	200000	200000	200002
3	5	A	40000	0	100	100	100000	100000	100000	100000	100000	100000	100000	100000	100001
3	5	B	40000	0	100	100	100000	100000	100000	100000	100000	100000	100000	100000	100001
3	6	G	40000	59040	40.96	10.2455	40960	43123	9	4	0	39813	3270	27	43113
3	6	A	40000	67700	32.3	10.015	32300	22285	6	0	0	19425	2831	23	22279
3	6	B	40000	68686	31.314	10.476	31314	20838	3	4	0	20388	439	4	20834
3	6	cSpy was 7 spamed and the readout avoided!
3	7	G	40000	100000	0	0	0	0	0	0	0	0	0	0	2
3	7	A	40000	100000	0	0	0	0	0	0	0	0	0	0	1
3	7	B	40000	100000	0	0	0	0	0	0	0	0	0	0	1
4	0	G	40000	1103	98.897	66.6935	98897	28982	117	1	0	26073	2645	146	28808
4	0	A	40000	1961	98.039	95.937	98039	2102	77	1	0	1331	559	134	1950
4	0	B	40000	35670	64.33	37.45	64330	26880	40	0	0	24742	2086	12	26858
4	0	cSpy was 2 spamed and the readout avoided!
4	1	G	40000	100000	0	0	0	0	0	0	0	0	0	0	2
4	1	A	40000	100000	0	0	0	0	0	0	0	0	0	0	1
4	1	B	40000	100000	0	0	0	0	0	0	0	0	0	0	1
4	2	G	40000	99180	0.819999	0.3215	820	797	0	0	0	795	0	2	799
4	2	A	40000	99277	0.722998	0.332	723	391	0	0	0	389	0	2	392
4	2	B	40000	99283	0.717002	0.311	717	406	0	0	0	406	0	0	407
4	3	G	40000	19436	80.564	58.98	80564	34117	813	0	0	32568	123	613	33021
4	3	A	40000	23653	76.347	59.272	76347	17075	398	0	0	16250	0	427	16358
4	3	B	40000	24270	75.73	58.688	75730	17042	415	0	0	16318	123	186	16663
4	3	cSpy was 8 spamed and the readout avoided!
4	4	G	40000	6559	93.441	76.569	93441	21991	256	22	1	19229	1942	541	21523
4	4	A	40000	12103	87.897	77.263	87897	10634	101	10	1	9090	1058	374	10355
4	4	B	40000	12768	87.232	75.875	87232	11357	155	12	0	10139	884	167	11168
4	4	cSpy was 73 spamed and the readout avoided!
4	5	G	40000	100000	0	0	0	0	0	0	0	0	0	0	2
4	5	A	40000	100000	0	0	0	0	0	0	0	0	0	0	1
4	5	B	40000	100000	0	0	0	0	0	0	0	0	0	0	1
4	6	G	40000	100000	0	0	0	0	0	0	0	0	0	0	2
4	6	A	40000	100000	0	0	0	0	0	0	0	0	0	0	1
4	6	B	40000	100000	0	0	0	0	0	0	0	0	0	0	1
4	7	G	40000	43676	56.324	31.3445	56324	38485	74	0	0	38300	5	106	38408
4	7	A	40000	49452	50.548	31.524	50548	19024	36	0	0	18884	5	99	18960
4	7	B	40000	49374	50.626	31.165	50626	19461	38	0	0	19416	0	7	19448
4	7	cSpy was 1 spamed and the readout avoided!
5	0	G	40000	498	99.502	56.6985	99502	14728	153	0	0	13612	120	843	14161
5	0	A	40000	614	99.386	98.204	99386	1182	153	0	0	78	109	842	614
5	0	B	40000	71261	28.739	15.193	28739	13546	0	0	0	13534	11	1	13547
5	0	cSpy was 67 spamed and the readout avoided!
5	1	G	40000	60356	39.644	18.228	39644	33046	15	0	0	32966	5	60	33030
5	1	A	40000	65256	34.744	18.456	34744	16288	7	0	0	16217	5	59	16274
5	1	B	40000	65242	34.758	18	34758	16758	8	0	0	16749	0	1	16756
5	1	cSpy was 2 spamed and the readout avoided!
5	2	G	40000	67	99.933	98.7805	99933	1481	54	0	0	588	221	618	952
5	2	A	40000	171	99.829	99.209	99829	620	21	0	0	66	14	519	168
5	2	B	40000	787	99.213	98.352	99213	861	33	0	0	522	207	99	784
5	2	cSpy was 63 spamed and the readout avoided!
5	3	G	40000	95869	4.131	0.049	4131	8056	0	0	0	7956	97	3	8058
5	3	A	40000	95872	4.128	0.049	4128	4079	0	0	0	3982	94	3	4080
5	3	B	40000	95974	4.026	0.049	4026	3977	0	0	0	3974	3	0	3978
5	4	G	40000	100000	0	0	0	0	0	0	0	0	0	0	2
5	4	A	40000	100000	0	0	0	0	0	0	0	0	0	0	1
5	4	B	40000	100000	0	0	0	0	0	0	0	0	0	0	1
5	5	G	40000	90491	9.509	4.965	9509	7675	12	0	0	7651	0	12	7667
5	5	A	40000	91165	8.835	5.018	8835	3817	6	0	0	3799	0	12	3810
5	5	B	40000	91230	8.77	4.912	8770	3858	6	0	0	3852	0	0	3857
5	5	cSpy was 1 spamed and the readout avoided!
5	6	G	40000	0	100	100	100000	200000	200000	200000	200000	200000	200000	200000	200002
5	6	A	40000	0	100	100	100000	100000	100000	100000	100000	100000	100000	100000	100001
5	6	B	40000	0	100	100	100000	100000	100000	100000	100000	100000	100000	100000	100001
5	7	G	40000	19542	80.458	32.509	80458	61371	1	1	0	53916	7306	147	61301
5	7	A	40000	35304	64.696	35.366	64696	29330	1	1	0	24930	4252	146	29260
5	7	B	40000	38307	61.693	29.652	61693	32041	0	0	0	28986	3054	1	32041
5	7	cSpy was 3 spamed and the readout avoided!
6	0	G	40000	490	99.51	96.64	99510	3666	336	1	0	1715	985	629	3044
6	0	A	40000	1109	98.891	97.323	98891	1568	171	0	0	221	651	525	1109
6	0	B	40000	1945	98.055	95.957	98055	2098	165	1	0	1494	334	104	1935
6	0	cSpy was 54 spamed and the readout avoided!
6	1	G	40000	9152	90.848	63.229	90848	35965	21	1	0	32309	3191	443	35736
6	1	A	40000	17686	82.314	65.125	82314	17189	2	0	0	15148	1609	430	16972
6	1	B	40000	19891	80.109	61.333	80109	18776	19	1	0	17161	1582	13	18764
6	1	cSpy was 7 spamed and the readout avoided!
6	2	G	40000	100000	0	0	0	0	0	0	0	0	0	0	2
6	2	A	40000	100000	0	0	0	0	0	0	0	0	0	0	1
6	2	B	40000	100000	0	0	0	0	0	0	0	0	0	0	1
6	3	G	40000	100000	0	0	0	0	0	0	0	0	0	0	2
6	3	A	40000	100000	0	0	0	0	0	0	0	0	0	0	1
6	3	B	40000	100000	0	0	0	0	0	0	0	0	0	0	1
6	4	G	40000	20472	79.528	58.648	79528	34254	815	0	0	32683	161	595	33178
6	4	A	40000	23932	76.068	58.926	76068	17142	395	0	0	16320	0	427	16416
6	4	B	40000	24518	75.482	58.37	75482	17112	420	0	0	16363	161	168	16762
6	4	cSpy was 8 spamed and the readout avoided!
6	5	G	40000	0	100	100	100000	200000	200000	200000	200000	200000	200000	200000	200002
6	5	A	40000	0	100	100	100000	100000	100000	100000	100000	100000	100000	100000	100001
6	5	B	40000	0	100	100	100000	100000	100000	100000	100000	100000	100000	100000	100001
6	6	G	40000	100000	0	0	0	0	0	0	0	0	0	0	2
6	6	A	40000	100000	0	0	0	0	0	0	0	0	0	0	1
6	6	B	40000	100000	0	0	0	0	0	0	0	0	0	0	1
6	7	G	40000	100000	0	0	0	0	0	0	0	0	0	0	2
6	7	A	40000	100000	0	0	0	0	0	0	0	0	0	0	1
6	7	B	40000	100000	0	0	0	0	0	0	0	0	0	0	1
7	0	G	40000	1944	98.056	48.075	98056	3465	210	0	0	2648	65	542	2992
7	0	A	40000	1971	98.029	95.611	98029	2418	210	0	0	1601	65	542	1944
7	0	B	40000	98414	1.586	0.539	1586	1047	0	0	0	1047	0	0	1048
7	0	cSpy was 4 spamed and the readout avoided!
7	1	G	40000	100000	0	0	0	0	0	0	0	0	0	0	2
7	1	A	40000	100000	0	0	0	0	0	0	0	0	0	0	1
7	1	B	40000	100000	0	0	0	0	0	0	0	0	0	0	1
7	2	G	40000	98513	1.487	0.085	1487	2718	0	0	0	2708	9	1	2720
7	2	A	40000	98540	1.46	0.101	1460	1359	0	0	0	1351	7	1	1360
7	2	B	40000	98572	1.428	0.069	1428	1359	0	0	0	1357	2	0	1360
7	3	G	40000	0	100	100	100000	200000	200000	200000	200000	200000	200000	200000	200002
7	3	A	40000	0	100	100	100000	100000	100000	100000	100000	100000	100000	100000	100001
7	3	B	40000	0	100	100	100000	100000	100000	100000	100000	100000	100000	100000	100001
7	4	G	40000	73852	26.148	6.0985	26148	33035	0	0	0	29922	3054	59	33023
7	4	A	40000	75751	24.249	6.149	24249	18100	0	0	0	15515	2526	59	18087
7	4	B	40000	79017	20.983	6.048	20983	14935	0	0	0	14407	528	0	14936
7	5	G	40000	100000	0	0	0	0	0	0	0	0	0	0	2
7	5	A	40000	100000	0	0	0	0	0	0	0	0	0	0	1
7	5	B	40000	100000	0	0	0	0	0	0	0	0	0	0	1
7	6	G	40000	99991	0.0090003	0	9	18	0	0	0	18	0	0	20
7	6	A	40000	99991	0.0090003	0	9	9	0	0	0	9	0	0	10
7	6	B	40000	99991	0.0090003	0	9	9	0	0	0	9	0	0	10
7	7	G	40000	57597	42.403	16.1795	42403	38474	45	54	0	37537	626	212	38352
7	7	A	40000	63701	36.299	16.713	36299	19586	45	54	0	19027	248	212	19463
7	7	B	40000	65466	34.534	15.646	34534	18888	0	0	0	18510	378	0	18889
7	7	cSpy was 8 spamed and the readout avoided!
