#the gain was set to: 2	the bias was set to: 30
#Sent triggers per delay setting: 100000	and with a frequency [Hz] of: 40000
#160MHz delay setting	400MHz delay setting	Frequency	correct transmitted H+T		error rate [%]	uncertainty [%]	bad or missed events	error count	missing headers	missing trailers	flipped H/T	event nr errors	tbm missed trigger	unknown errors	event nr resets
0	0	G	40000	439	99.561	71.8205	99561	19018	94	0	0	18010	309	605	18533
0	0	A	40000	655	99.345	98.214	99345	1131	78	0	0	182	275	596	655
0	0	B	40000	36686	63.314	45.427	63314	17887	16	0	0	17828	34	9	17878
0	0	cSpy was 27 spamed and the readout avoided!
0	1	G	40000	26248	73.752	52.963	73752	26557	326	0	0	25591	13	627	26283
0	1	A	40000	36524	63.476	52.284	63476	11192	168	0	0	10536	5	483	11015
0	1	B	40000	30993	69.007	53.642	69007	15365	158	0	0	15055	8	144	15268
0	2	G	40000	4242	95.758	79.2305	95758	20547	89	0	0	17342	2723	393	20295
0	2	A	40000	8660	91.34	82.856	91340	8484	62	0	0	6646	1392	384	8251
0	2	B	40000	12332	87.668	75.605	87668	12063	27	0	0	10696	1331	9	12044
0	2	cSpy was 4 spamed and the readout avoided!
0	3	G	40000	100000	0	0	0	0	0	0	0	0	0	0	2
0	3	A	40000	100000	0	0	0	0	0	0	0	0	0	0	1
0	3	B	40000	100000	0	0	0	0	0	0	0	0	0	0	1
0	4	G	40000	100000	0	0	0	0	0	0	0	0	0	0	2
0	4	A	40000	100000	0	0	0	0	0	0	0	0	0	0	1
0	4	B	40000	100000	0	0	0	0	0	0	0	0	0	0	1
0	5	G	40000	36302	63.698	40.096	63698	31196	36	1	0	30676	94	389	31115
0	5	A	40000	46423	53.577	39.444	53577	14133	18	0	0	13696	44	375	14062
0	5	B	40000	42189	57.811	40.748	57811	17063	18	1	0	16980	50	14	17053
0	6	G	40000	2203	97.797	90.0835	97797	9971	314	18	0	7349	1911	379	9529
0	6	A	40000	4583	95.417	90.83	95417	4587	103	1	0	3318	905	260	4345
0	6	B	40000	5279	94.721	89.337	94721	5384	211	17	0	4031	1006	119	5184
0	6	cSpy was 22 spamed and the readout avoided!
0	7	G	40000	98731	1.269	0.29	1269	1952	0	0	0	1952	0	0	1954
0	7	A	40000	98734	1.266	0.29	1266	976	0	0	0	976	0	0	977
0	7	B	40000	98734	1.266	0.29	1266	976	0	0	0	976	0	0	977
1	0	G	40000	423	99.577	97.008	99577	3261	231	0	0	1804	622	604	2706
1	0	A	40000	1443	98.557	96.672	98557	1885	168	0	0	998	206	513	1430
1	0	B	40000	1280	98.72	97.344	98720	1376	63	0	0	806	416	91	1276
1	0	cSpy was 39 spamed and the readout avoided!
1	1	G	40000	99009	0.990999	0.015	991	1948	0	0	0	1946	2	0	1950
1	1	A	40000	99012	0.988001	0.014	988	974	0	0	0	972	2	0	975
1	1	B	40000	99010	0.989997	0.016	990	974	0	0	0	974	0	0	975
1	2	G	40000	100000	0	0	0	0	0	0	0	0	0	0	2
1	2	A	40000	100000	0	0	0	0	0	0	0	0	0	0	1
1	2	B	40000	100000	0	0	0	0	0	0	0	0	0	0	1
1	3	G	40000	96231	3.769	0.986	3769	4797	0	0	0	4777	13	7	4799
1	3	A	40000	96756	3.244	0.936	3244	2308	0	0	0	2289	12	7	2309
1	3	B	40000	96475	3.525	1.036	3525	2489	0	0	0	2488	1	0	2490
1	4	G	40000	0	100	100	100000	200000	200000	200000	200000	200000	200000	200000	200002
1	4	A	40000	0	100	100	100000	100000	100000	100000	100000	100000	100000	100000	100001
1	4	B	40000	0	100	100	100000	100000	100000	100000	100000	100000	100000	100000	100001
1	5	G	40000	69469	30.531	7.047	30531	23288	5	0	0	20022	3242	19	23285
1	5	A	40000	85170	14.83	2.997	14830	11833	0	0	0	10247	1567	19	11834
1	5	B	40000	77448	22.552	11.097	22552	11455	5	0	0	9775	1675	0	11451
1	6	G	40000	100000	0	0	0	0	0	0	0	0	0	0	2
1	6	A	40000	100000	0	0	0	0	0	0	0	0	0	0	1
1	6	B	40000	100000	0	0	0	0	0	0	0	0	0	0	1
1	7	G	40000	99998	0.00200272	0	2	4	0	0	0	4	0	0	6
1	7	A	40000	99998	0.00200272	0	2	2	0	0	0	2	0	0	3
1	7	B	40000	99998	0.00200272	0	2	2	0	0	0	2	0	0	3
2	0	G	40000	2343	97.657	48.4115	97657	4139	43	0	0	3901	111	84	4051
2	0	A	40000	2377	97.623	95.197	97623	2426	43	0	0	2188	111	84	2337
2	0	B	40000	96661	3.339	1.626	3339	1713	0	0	0	1713	0	0	1714
2	1	G	40000	100000	0	0	0	0	0	0	0	0	0	0	2
2	1	A	40000	100000	0	0	0	0	0	0	0	0	0	0	1
2	1	B	40000	100000	0	0	0	0	0	0	0	0	0	0	1
2	2	G	40000	25395	74.605	51.1865	74605	28116	728	9	0	25150	1500	729	27417
2	2	A	40000	38344	61.656	48.658	61656	12998	371	3	0	10677	1470	477	12605
2	2	B	40000	31167	68.833	53.715	68833	15118	357	6	0	14473	30	252	14812
2	3	G	40000	7478	92.522	61.6085	92522	36941	92	0	0	32229	4539	81	36846
2	3	A	40000	25156	74.844	51.285	74844	23559	3	0	0	20207	3307	42	23532
2	3	B	40000	14686	85.314	71.932	85314	13382	89	0	0	12022	1232	39	13314
2	3	cSpy was 4 spamed and the readout avoided!
2	4	G	40000	100000	0	0	0	0	0	0	0	0	0	0	2
2	4	A	40000	100000	0	0	0	0	0	0	0	0	0	0	1
2	4	B	40000	100000	0	0	0	0	0	0	0	0	0	0	1
2	5	G	40000	100000	0	0	0	0	0	0	0	0	0	0	2
2	5	A	40000	100000	0	0	0	0	0	0	0	0	0	0	1
2	5	B	40000	100000	0	0	0	0	0	0	0	0	0	0	1
2	6	G	40000	25752	74.248	49.16	74248	29011	189	2	0	26769	1546	505	28828
2	6	A	40000	40199	59.801	46.3	59801	13501	103	0	0	11437	1529	432	13375
2	6	B	40000	32470	67.53	52.02	67530	15510	86	2	0	15332	17	73	15453
2	7	G	40000	0	100	100	100000	200000	200000	200000	200000	200000	200000	200000	200002
2	7	A	40000	0	100	100	100000	100000	100000	100000	100000	100000	100000	100000	100001
2	7	B	40000	0	100	100	100000	100000	100000	100000	100000	100000	100000	100000	100001
3	0	G	40000	1188	98.812	70.4825	98812	14877	267	3	0	13704	256	647	14324
3	0	A	40000	1667	98.333	96.183	98333	2150	204	0	0	1299	34	613	1646
3	0	B	40000	42491	57.509	44.782	57509	12727	63	3	0	12405	222	34	12678
3	0	cSpy was 12 spamed and the readout avoided!
3	1	G	40000	0	100	100	100000	200000	200000	200000	200000	200000	200000	200000	200002
3	1	A	40000	0	100	100	100000	100000	100000	100000	100000	100000	100000	100000	100001
3	1	B	40000	0	100	100	100000	100000	100000	100000	100000	100000	100000	100000	100001
3	2	G	40000	99815	0.185001	0	185	370	0	0	0	370	0	0	372
3	2	A	40000	99815	0.185001	0	185	185	0	0	0	185	0	0	186
3	2	B	40000	99815	0.185001	0	185	185	0	0	0	185	0	0	186
3	3	G	40000	100000	0	0	0	0	0	0	0	0	0	0	2
3	3	A	40000	100000	0	0	0	0	0	0	0	0	0	0	1
3	3	B	40000	100000	0	0	0	0	0	0	0	0	0	0	1
3	4	G	40000	93020	6.98	1.2565	6980	10555	0	0	0	10546	9	0	10557
3	4	A	40000	93519	6.481	1.182	6481	5299	0	0	0	5290	9	0	5300
3	4	B	40000	93413	6.587	1.331	6587	5256	0	0	0	5256	0	0	5257
3	5	G	40000	0	100	100	100000	200000	200000	200000	200000	200000	200000	200000	200002
3	5	A	40000	0	100	100	100000	100000	100000	100000	100000	100000	100000	100000	100001
3	5	B	40000	0	100	100	100000	100000	100000	100000	100000	100000	100000	100000	100001
3	6	G	40000	75565	24.435	6.3235	24435	28969	8	4	0	27105	1793	59	28943
3	6	A	40000	78436	21.564	6.243	21564	15321	4	0	0	13582	1720	15	15320
3	6	B	40000	79948	20.052	6.404	20052	13648	4	4	0	13523	73	44	13623
3	6	cSpy was 4 spamed and the readout avoided!
3	7	G	40000	100000	0	0	0	0	0	0	0	0	0	0	2
3	7	A	40000	100000	0	0	0	0	0	0	0	0	0	0	1
3	7	B	40000	100000	0	0	0	0	0	0	0	0	0	0	1
4	0	G	40000	1097	98.903	57.415	98903	26353	121	1	0	24159	1792	280	26081
4	0	A	40000	1582	98.418	96.577	98418	1841	116	0	0	965	487	273	1576
4	0	B	40000	57235	42.765	18.253	42765	24512	5	1	0	23194	1305	7	24505
4	0	cSpy was 3 spamed and the readout avoided!
4	1	G	40000	100000	0	0	0	0	0	0	0	0	0	0	2
4	1	A	40000	100000	0	0	0	0	0	0	0	0	0	0	1
4	1	B	40000	100000	0	0	0	0	0	0	0	0	0	0	1
4	2	G	40000	100000	0	0	0	0	0	0	0	0	0	0	2
4	2	A	40000	100000	0	0	0	0	0	0	0	0	0	0	1
4	2	B	40000	100000	0	0	0	0	0	0	0	0	0	0	1
4	3	G	40000	20875	79.125	57.6545	79125	34380	785	0	0	32899	120	576	33366
4	3	A	40000	24861	75.139	57.917	75139	17222	382	0	0	16419	3	418	16532
4	3	B	40000	25450	74.55	57.392	74550	17158	403	0	0	16480	117	158	16834
4	3	cSpy was 7 spamed and the readout avoided!
4	4	G	40000	11291	88.709	57.7505	88709	40427	87	8	0	36302	3628	403	40184
4	4	A	40000	21825	78.175	58.073	78175	20102	33	2	0	17627	2067	373	19897
4	4	B	40000	22247	77.753	57.428	77753	20325	54	6	0	18675	1561	30	20287
4	4	cSpy was 23 spamed and the readout avoided!
4	5	G	40000	100000	0	0	0	0	0	0	0	0	0	0	2
4	5	A	40000	100000	0	0	0	0	0	0	0	0	0	0	1
4	5	B	40000	100000	0	0	0	0	0	0	0	0	0	0	1
4	6	G	40000	100000	0	0	0	0	0	0	0	0	0	0	2
4	6	A	40000	100000	0	0	0	0	0	0	0	0	0	0	1
4	6	B	40000	100000	0	0	0	0	0	0	0	0	0	0	1
4	7	G	40000	27431	72.569	48.724	72569	36894	285	0	0	36336	4	269	36564
4	7	A	40000	32750	67.25	48.839	67250	18411	137	0	0	18058	3	213	18162
4	7	B	40000	32908	67.092	48.609	67092	18483	148	0	0	18278	1	56	18402
4	7	cSpy was 4 spamed and the readout avoided!
5	0	G	40000	494	99.506	56.79	99506	14689	151	0	0	13614	113	811	14155
5	0	A	40000	624	99.376	98.218	99376	1158	151	0	0	92	104	811	624
5	0	B	40000	71107	28.893	15.362	28893	13531	0	0	0	13522	9	0	13531
5	0	cSpy was 61 spamed and the readout avoided!
5	1	G	40000	63741	36.259	16.9465	36259	29426	16	0	0	29372	0	38	29414
5	1	A	40000	68333	31.667	17.176	31667	14491	8	0	0	14445	0	38	14479
5	1	B	40000	68348	31.652	16.717	31652	14935	8	0	0	14927	0	0	14935
5	1	cSpy was 1 spamed and the readout avoided!
5	2	G	40000	18	99.982	99.082	99982	1124	27	0	0	443	193	461	712
5	2	A	40000	42	99.958	99.58	99958	378	0	0	0	2	1	375	42
5	2	B	40000	670	99.33	98.584	99330	746	27	0	0	441	192	86	670
5	2	cSpy was 16 spamed and the readout avoided!
5	3	G	40000	98630	1.37	0.001	1370	2734	0	0	0	2730	4	0	2736
5	3	A	40000	98630	1.37	0.001	1370	1369	0	0	0	1365	4	0	1370
5	3	B	40000	98634	1.366	0.001	1366	1365	0	0	0	1365	0	0	1366
5	4	G	40000	100000	0	0	0	0	0	0	0	0	0	0	2
5	4	A	40000	100000	0	0	0	0	0	0	0	0	0	0	1
5	4	B	40000	100000	0	0	0	0	0	0	0	0	0	0	1
5	5	G	40000	96624	3.376	0.4825	3376	5439	0	0	0	5438	0	1	5441
5	5	A	40000	96765	3.235	0.523	3235	2712	0	0	0	2711	0	1	2713
5	5	B	40000	96831	3.169	0.442	3169	2727	0	0	0	2727	0	0	2728
5	6	G	40000	0	100	97.8275	100000	2290	228	0	0	707	1205	150	2055
5	6	A	40000	4	99.996	99.938	99996	58	0	0	0	0	1	57	4
5	6	B	40000	2051	97.949	95.717	97949	2232	228	0	0	707	1204	93	2051
5	6	cSpy was 32 spamed and the readout avoided!
5	7	G	40000	27611	72.389	23.666	72389	62115	13	23	0	54890	7037	152	62027
5	7	A	40000	44046	55.954	25.574	55954	30380	13	23	0	26052	4141	151	30291
5	7	B	40000	46507	53.493	21.758	53493	31735	0	0	0	28838	2896	1	31736
5	7	cSpy was 1 spamed and the readout avoided!
6	0	G	40000	450	99.55	96.7765	99550	3507	357	1	0	1659	905	585	2930
6	0	A	40000	1077	98.923	97.431	98923	1492	183	0	0	224	602	483	1077
6	0	B	40000	1863	98.137	96.122	98137	2015	174	1	0	1435	303	102	1853
6	0	cSpy was 73 spamed and the readout avoided!
6	1	G	40000	14010	85.99	47.1035	85990	50292	20	0	0	44544	5323	405	50045
6	1	A	40000	26409	73.591	49.519	73591	24072	18	0	0	20721	2930	403	23825
6	1	B	40000	29092	70.908	44.688	70908	26220	2	0	0	23823	2393	2	26220
6	1	cSpy was 72 spamed and the readout avoided!
6	2	G	40000	100000	0	0	0	0	0	0	0	0	0	0	2
6	2	A	40000	100000	0	0	0	0	0	0	0	0	0	0	1
6	2	B	40000	100000	0	0	0	0	0	0	0	0	0	0	1
6	3	G	40000	99805	0.195003	0.0025	195	379	0	0	0	379	0	0	381
6	3	A	40000	99807	0.193	0.004	193	189	0	0	0	189	0	0	190
6	3	B	40000	99809	0.190997	0.001	191	190	0	0	0	190	0	0	191
6	4	G	40000	24031	75.969	54.4435	75969	34888	680	0	0	33568	133	507	33989
6	4	A	40000	27877	72.123	54.712	72123	17411	327	0	0	16719	1	364	16807
6	4	B	40000	28348	71.652	54.175	71652	17477	353	0	0	16849	132	143	17182
6	4	cSpy was 7 spamed and the readout avoided!
6	5	G	40000	3020	96.98	86.8885	96980	13188	119	9	1	11302	907	851	12636
6	5	A	40000	6058	93.942	87.593	93942	6349	31	0	0	5196	351	771	5889
6	5	B	40000	6977	93.023	86.184	93023	6839	88	9	1	6106	556	80	6747
6	5	cSpy was 82 spamed and the readout avoided!
6	6	G	40000	100000	0	0	0	0	0	0	0	0	0	0	2
6	6	A	40000	100000	0	0	0	0	0	0	0	0	0	0	1
6	6	B	40000	100000	0	0	0	0	0	0	0	0	0	0	1
6	7	G	40000	100000	0	0	0	0	0	0	0	0	0	0	2
6	7	A	40000	100000	0	0	0	0	0	0	0	0	0	0	1
6	7	B	40000	100000	0	0	0	0	0	0	0	0	0	0	1
7	0	G	40000	2150	97.85	47.831	97850	3715	207	0	0	2887	60	561	3210
7	0	A	40000	2168	97.832	95.194	97832	2638	207	0	0	1810	60	561	2132
7	0	B	40000	98455	1.545	0.468	1545	1077	0	0	0	1077	0	0	1078
7	0	cSpy was 1 spamed and the readout avoided!
7	1	G	40000	100000	0	0	0	0	0	0	0	0	0	0	2
7	1	A	40000	100000	0	0	0	0	0	0	0	0	0	0	1
7	1	B	40000	100000	0	0	0	0	0	0	0	0	0	0	1
7	2	G	40000	97303	2.697	0.613	2697	3233	3	5	0	3200	17	8	3231
7	2	A	40000	97714	2.286	0.678	2286	1608	3	5	0	1583	9	8	1605
7	2	B	40000	97827	2.173	0.548	2173	1625	0	0	0	1617	8	0	1626
7	2	cSpy was 1 spamed and the readout avoided!
7	3	G	40000	543	99.457	95.4955	99457	4680	212	10	0	3065	929	464	4227
7	3	A	40000	1113	98.887	97.549	98887	1338	62	0	0	970	12	294	1085
7	3	B	40000	3216	96.784	93.442	96784	3342	150	10	0	2095	917	170	3142
7	3	cSpy was 94 spamed and the readout avoided!
7	4	G	40000	83287	16.713	3.1835	16713	24135	0	0	0	22194	1917	24	24135
7	4	A	40000	83729	16.271	3.186	16271	13085	0	0	0	11451	1610	24	13084
7	4	B	40000	85769	14.231	3.181	14231	11050	0	0	0	10743	307	0	11051
7	5	G	40000	100000	0	0	0	0	0	0	0	0	0	0	2
7	5	A	40000	100000	0	0	0	0	0	0	0	0	0	0	1
7	5	B	40000	100000	0	0	0	0	0	0	0	0	0	0	1
7	6	G	40000	99940	0.059998	0	60	120	0	0	0	120	0	0	122
7	6	A	40000	99940	0.059998	0	60	60	0	0	0	60	0	0	61
7	6	B	40000	99940	0.059998	0	60	60	0	0	0	60	0	0	61
7	7	G	40000	44039	55.961	27.115	55961	44083	3	0	0	42537	1386	157	44027
7	7	A	40000	50256	49.744	27.508	49744	22236	0	0	0	21444	636	156	22180
7	7	B	40000	51431	48.569	26.722	48569	21847	3	0	0	21093	750	1	21847
7	7	cSpy was 9 spamed and the readout avoided!
