#the gain was set to: 2	the bias was set to: 30
#Sent triggers per delay setting: 100000	and with a frequency [Hz] of: 40000
#160MHz delay setting	400MHz delay setting	Frequency	correct transmitted H+T		error rate [%]	uncertainty [%]	bad or missed events	error count	missing headers	missing trailers	flipped H/T	event nr errors	tbm missed trigger	unknown errors	event nr resets
0	0	G	40000	429	99.571	71.7855	99571	19063	117	0	0	18057	286	603	18559
0	0	A	40000	642	99.358	98.224	99358	1134	97	0	0	205	240	592	642
0	0	B	40000	36724	63.276	45.347	63276	17929	20	0	0	17852	46	11	17917
0	0	cSpy was 27 spamed and the readout avoided!
0	1	G	40000	29424	70.576	52.175	70576	24860	625	0	0	22946	640	649	24356
0	1	A	40000	37731	62.269	51.701	62269	10568	323	0	0	9790	0	455	10249
0	1	B	40000	33059	66.941	52.649	66941	14292	302	0	0	13156	640	194	14107
0	2	G	40000	4808	95.192	78.495	95192	21153	73	1	0	18123	2581	375	20926
0	2	A	40000	10296	89.704	79.736	89704	9968	38	0	0	8024	1547	359	9766
0	2	B	40000	11561	88.439	77.254	88439	11185	35	1	0	10099	1034	16	11160
0	2	cSpy was 1 spamed and the readout avoided!
0	3	G	40000	100000	0	0	0	0	0	0	0	0	0	0	2
0	3	A	40000	100000	0	0	0	0	0	0	0	0	0	0	1
0	3	B	40000	100000	0	0	0	0	0	0	0	0	0	0	1
0	4	G	40000	99716	0.283998	0.0555	284	370	0	0	0	370	0	0	372
0	4	A	40000	99784	0.216001	0.051	216	165	0	0	0	165	0	0	166
0	4	B	40000	99735	0.265002	0.06	265	205	0	0	0	205	0	0	206
0	5	G	40000	36179	63.821	43.1585	63821	28358	20	0	0	27794	168	376	28320
0	5	A	40000	44825	55.175	42.633	55175	12542	14	0	0	12125	32	371	12504
0	5	B	40000	40500	59.5	43.684	59500	15816	6	0	0	15669	136	5	15816
0	6	G	40000	0	100	100	100000	200000	200000	200000	200000	200000	200000	200000	200002
0	6	A	40000	0	100	100	100000	100000	100000	100000	100000	100000	100000	100000	100001
0	6	B	40000	0	100	100	100000	100000	100000	100000	100000	100000	100000	100000	100001
0	7	G	40000	99767	0.233001	0.001	233	464	0	0	0	464	0	0	466
0	7	A	40000	99767	0.233001	0.001	233	232	0	0	0	232	0	0	233
0	7	B	40000	99767	0.233001	0.001	233	232	0	0	0	232	0	0	233
1	0	G	40000	341	99.659	96.9085	99659	3226	187	0	0	2483	231	325	2903
1	0	A	40000	2246	97.754	95.281	97754	2473	160	0	0	1843	181	289	2193
1	0	B	40000	711	99.289	98.536	99289	753	27	0	0	640	50	36	710
1	0	cSpy was 21 spamed and the readout avoided!
1	1	G	40000	99472	0.528002	0.125	528	806	0	0	0	806	0	0	808
1	1	A	40000	99472	0.528002	0.125	528	403	0	0	0	403	0	0	404
1	1	B	40000	99472	0.528002	0.125	528	403	0	0	0	403	0	0	404
1	2	G	40000	100000	0	0	0	0	0	0	0	0	0	0	2
1	2	A	40000	100000	0	0	0	0	0	0	0	0	0	0	1
1	2	B	40000	100000	0	0	0	0	0	0	0	0	0	0	1
1	3	G	40000	92276	7.724	1.7975	7724	9234	0	0	0	9180	44	10	9234
1	3	A	40000	93927	6.073	1.575	6073	4498	0	0	0	4472	16	10	4497
1	3	B	40000	93244	6.756	2.02	6756	4736	0	0	0	4708	28	0	4737
1	4	G	40000	834	99.166	95.332	99166	4841	347	3	0	2992	1168	331	4391
1	4	A	40000	2884	97.116	94.157	97116	2959	120	0	0	1768	957	114	2799
1	4	B	40000	1611	98.389	96.507	98389	1882	227	3	0	1224	211	217	1592
1	4	cSpy was 52 spamed and the readout avoided!
1	5	G	40000	81682	18.318	3.2765	18318	15772	0	0	0	14443	1329	0	15774
1	5	A	40000	90638	9.362	1.482	9362	7880	0	0	0	7283	597	0	7881
1	5	B	40000	87037	12.963	5.071	12963	7892	0	0	0	7160	732	0	7893
1	6	G	40000	100000	0	0	0	0	0	0	0	0	0	0	2
1	6	A	40000	100000	0	0	0	0	0	0	0	0	0	0	1
1	6	B	40000	100000	0	0	0	0	0	0	0	0	0	0	1
1	7	G	40000	99954	0.0460029	0	46	91	0	0	0	91	0	0	93
1	7	A	40000	99955	0.0450015	0	45	45	0	0	0	45	0	0	46
1	7	B	40000	99954	0.0460029	0	46	46	0	0	0	46	0	0	47
2	0	G	40000	2331	97.669	48.4065	97669	4103	44	3	0	3874	103	79	4017
2	0	A	40000	2370	97.63	95.209	97630	2421	44	3	0	2194	101	79	2334
2	0	B	40000	96714	3.286	1.604	3286	1682	0	0	0	1680	2	0	1683
2	1	G	40000	98360	1.64	0.539	1640	1515	0	0	0	1497	15	3	1515
2	1	A	40000	98779	1.221	0.495	1221	726	0	0	0	715	8	3	725
2	1	B	40000	98628	1.372	0.583	1372	789	0	0	0	782	7	0	790
2	2	G	40000	23541	76.459	53.01	76459	28331	907	13	0	25254	1394	763	27460
2	2	A	40000	36259	63.741	50.6	63741	13141	459	4	0	10887	1289	502	12650
2	2	B	40000	29390	70.61	55.42	70610	15190	448	9	0	14367	105	261	14810
2	2	cSpy was 1 spamed and the readout avoided!
2	3	G	40000	7398	92.602	69.628	92602	26926	105	0	0	23377	3290	154	26760
2	3	A	40000	20640	79.36	62.471	79360	16889	13	0	0	14404	2382	90	16823
2	3	B	40000	13178	86.822	76.785	86822	10037	92	0	0	8973	908	64	9937
2	3	cSpy was 21 spamed and the readout avoided!
2	4	G	40000	100000	0	0	0	0	0	0	0	0	0	0	2
2	4	A	40000	100000	0	0	0	0	0	0	0	0	0	0	1
2	4	B	40000	100000	0	0	0	0	0	0	0	0	0	0	1
2	5	G	40000	100000	0	0	0	0	0	0	0	0	0	0	2
2	5	A	40000	100000	0	0	0	0	0	0	0	0	0	0	1
2	5	B	40000	100000	0	0	0	0	0	0	0	0	0	0	1
2	6	G	40000	38609	61.391	38.333	61391	26970	74	0	0	25246	1298	352	26889
2	6	A	40000	51481	48.519	35.836	48519	12683	45	0	0	11052	1254	332	12615
2	6	B	40000	44883	55.117	40.83	55117	14287	29	0	0	14194	44	20	14274
2	7	G	40000	0	100	100	100000	200000	200000	200000	200000	200000	200000	200000	200002
2	7	A	40000	0	100	100	100000	100000	100000	100000	100000	100000	100000	100000	100001
2	7	B	40000	0	100	100	100000	100000	100000	100000	100000	100000	100000	100000	100001
3	0	G	40000	829	99.171	76.436	99171	19374	269	1	0	18033	412	659	18794
3	0	A	40000	1472	98.528	96.53	98528	1998	212	0	0	1132	25	629	1461
3	0	B	40000	26282	73.718	56.342	73718	17376	57	1	0	16901	387	30	17333
3	0	cSpy was 11 spamed and the readout avoided!
3	1	G	40000	0	100	100	100000	200000	200000	200000	200000	200000	200000	200000	200002
3	1	A	40000	0	100	100	100000	100000	100000	100000	100000	100000	100000	100000	100001
3	1	B	40000	0	100	100	100000	100000	100000	100000	100000	100000	100000	100000	100001
3	2	G	40000	99912	0.0880003	0	88	176	0	0	0	176	0	0	178
3	2	A	40000	99912	0.0880003	0	88	88	0	0	0	88	0	0	89
3	2	B	40000	99912	0.0880003	0	88	88	0	0	0	88	0	0	89
3	3	G	40000	100000	0	0	0	0	0	0	0	0	0	0	2
3	3	A	40000	100000	0	0	0	0	0	0	0	0	0	0	1
3	3	B	40000	100000	0	0	0	0	0	0	0	0	0	0	1
3	4	G	40000	80900	19.1	9.9115	19100	14907	75	0	0	14729	34	69	14802
3	4	A	40000	82623	17.377	9.882	17377	7495	40	0	0	7385	18	52	7421
3	4	B	40000	82647	17.353	9.941	17353	7412	35	0	0	7344	16	17	7381
3	5	G	40000	0	100	100	100000	200000	200000	200000	200000	200000	200000	200000	200002
3	5	A	40000	0	100	100	100000	100000	100000	100000	100000	100000	100000	100000	100001
3	5	B	40000	0	100	100	100000	100000	100000	100000	100000	100000	100000	100000	100001
3	6	G	40000	56530	43.47	29.6175	43470	22163	209	29	3	20342	1286	294	21852
3	6	A	40000	58785	41.215	29.664	41215	11551	104	14	3	10206	986	238	11339
3	6	B	40000	59817	40.183	29.571	40183	10612	105	15	0	10136	300	56	10513
3	6	cSpy was 26 spamed and the readout avoided!
3	7	G	40000	100000	0	0	0	0	0	0	0	0	0	0	2
3	7	A	40000	100000	0	0	0	0	0	0	0	0	0	0	1
3	7	B	40000	100000	0	0	0	0	0	0	0	0	0	0	1
4	0	G	40000	0	100	100	100000	200000	200000	200000	200000	200000	200000	200000	200002
4	0	A	40000	0	100	100	100000	100000	100000	100000	100000	100000	100000	100000	100001
4	0	B	40000	0	100	100	100000	100000	100000	100000	100000	100000	100000	100000	100001
4	1	G	40000	100000	0	0	0	0	0	0	0	0	0	0	2
4	1	A	40000	100000	0	0	0	0	0	0	0	0	0	0	1
4	1	B	40000	100000	0	0	0	0	0	0	0	0	0	0	1
4	2	G	40000	96765	3.235	0.982	3235	3523	0	0	0	3520	1	2	3525
4	2	A	40000	97246	2.754	1.023	2754	1731	0	0	0	1728	1	2	1732
4	2	B	40000	97267	2.733	0.941	2733	1792	0	0	0	1792	0	0	1793
4	3	G	40000	19959	80.041	57.453	80041	34285	649	1	0	32981	105	549	33424
4	3	A	40000	25088	74.912	57.789	74912	17123	331	1	0	16374	13	404	16541
4	3	B	40000	25721	74.279	57.117	74279	17162	318	0	0	16607	92	145	16883
4	3	cSpy was 7 spamed and the readout avoided!
4	4	G	40000	8600	91.4	68.357	91400	30633	88	13	1	27452	2713	366	30368
4	4	A	40000	16095	83.905	68.686	83905	15219	45	9	0	13414	1416	335	14995
4	4	B	40000	16558	83.442	68.028	83442	15414	43	4	1	14038	1297	31	15373
4	4	cSpy was 26 spamed and the readout avoided!
4	5	G	40000	100000	0	0	0	0	0	0	0	0	0	0	2
4	5	A	40000	100000	0	0	0	0	0	0	0	0	0	0	1
4	5	B	40000	100000	0	0	0	0	0	0	0	0	0	0	1
4	6	G	40000	100000	0	0	0	0	0	0	0	0	0	0	2
4	6	A	40000	100000	0	0	0	0	0	0	0	0	0	0	1
4	6	B	40000	100000	0	0	0	0	0	0	0	0	0	0	1
4	7	G	40000	28089	71.911	48.8815	71911	36451	358	0	0	35760	25	308	36005
4	7	A	40000	32795	67.205	49.015	67205	18190	171	0	0	17786	2	231	17884
4	7	B	40000	32991	67.009	48.748	67009	18261	187	0	0	17974	23	77	18121
4	7	cSpy was 6 spamed and the readout avoided!
5	0	G	40000	500	99.5	56.9295	99500	14868	147	0	0	13796	100	825	14340
5	0	A	40000	623	99.377	98.226	99377	1151	147	0	0	85	94	825	623
5	0	B	40000	70650	29.35	15.633	29350	13717	0	0	0	13711	6	0	13717
5	0	cSpy was 62 spamed and the readout avoided!
5	1	G	40000	44723	55.277	30.7715	55277	37532	78	0	0	37338	4	112	37462
5	1	A	40000	50525	49.475	30.941	49475	18534	38	0	0	18393	4	99	18480
5	1	B	40000	50400	49.6	30.602	49600	18998	40	0	0	18945	0	13	18982
5	1	cSpy was 3 spamed and the readout avoided!
5	2	G	40000	21	99.979	98.781	99979	1588	23	0	0	646	94	825	848
5	2	A	40000	72	99.928	99.199	99928	729	0	0	0	5	0	724	72
5	2	B	40000	778	99.222	98.363	99222	859	23	0	0	641	94	101	776
5	2	cSpy was 28 spamed and the readout avoided!
5	3	G	40000	99050	0.950003	0	950	1900	0	0	0	1900	0	0	1902
5	3	A	40000	99050	0.950003	0	950	950	0	0	0	950	0	0	951
5	3	B	40000	99050	0.950003	0	950	950	0	0	0	950	0	0	951
5	4	G	40000	100000	0	0	0	0	0	0	0	0	0	0	2
5	4	A	40000	100000	0	0	0	0	0	0	0	0	0	0	1
5	4	B	40000	100000	0	0	0	0	0	0	0	0	0	0	1
5	5	G	40000	91211	8.789	2.9295	8789	10069	0	0	0	10064	0	5	10070
5	5	A	40000	91990	8.01	3.009	8010	5001	0	0	0	4996	0	5	5001
5	5	B	40000	92082	7.918	2.85	7918	5068	0	0	0	5068	0	0	5069
5	6	G	40000	0	100	100	100000	200000	200000	200000	200000	200000	200000	200000	200002
5	6	A	40000	0	100	100	100000	100000	100000	100000	100000	100000	100000	100000	100001
5	6	B	40000	0	100	100	100000	100000	100000	100000	100000	100000	100000	100000	100001
5	7	G	40000	49504	50.496	10.787	50496	52268	9	11	0	46818	5337	93	52224
5	7	A	40000	61767	38.233	11.661	38233	26572	9	11	0	22940	3519	93	26527
5	7	B	40000	64391	35.609	9.913	35609	25696	0	0	0	23878	1818	0	25697
5	7	cSpy was 1 spamed and the readout avoided!
6	0	G	40000	567	99.433	96.13	99433	4144	288	3	0	2074	1151	628	3589
6	0	A	40000	1256	98.744	97.042	98744	1702	162	2	0	159	808	571	1256
6	0	B	40000	2340	97.66	95.218	97660	2442	126	1	0	1915	343	57	2333
6	0	cSpy was 49 spamed and the readout avoided!
6	1	G	40000	12410	87.59	51.3945	87590	46873	7	0	0	41833	4733	300	46716
6	1	A	40000	23751	76.249	53.929	76249	22320	1	0	0	19488	2532	299	22168
6	1	B	40000	26587	73.413	48.86	73413	24553	6	0	0	22345	2201	1	24548
6	1	cSpy was 5 spamed and the readout avoided!
6	2	G	40000	100000	0	0	0	0	0	0	0	0	0	0	2
6	2	A	40000	100000	0	0	0	0	0	0	0	0	0	0	1
6	2	B	40000	100000	0	0	0	0	0	0	0	0	0	0	1
6	3	G	40000	100000	0	0	0	0	0	0	0	0	0	0	2
6	3	A	40000	100000	0	0	0	0	0	0	0	0	0	0	1
6	3	B	40000	100000	0	0	0	0	0	0	0	0	0	0	1
6	4	G	40000	20172	79.828	58.7075	79828	34241	822	0	0	32672	143	604	33142
6	4	A	40000	23878	76.122	58.977	76122	17145	397	0	0	16317	0	431	16410
6	4	B	40000	24466	75.534	58.438	75534	17096	425	0	0	16355	143	173	16732
6	4	cSpy was 8 spamed and the readout avoided!
6	5	G	40000	3080	96.92	86.4235	96920	13654	198	12	2	11809	798	835	13129
6	5	A	40000	6303	93.697	87.182	93697	6515	26	1	0	5424	368	696	6159
6	5	B	40000	7196	92.804	85.665	92804	7139	172	11	2	6385	430	139	6970
6	5	cSpy was 65 spamed and the readout avoided!
6	6	G	40000	100000	0	0	0	0	0	0	0	0	0	0	2
6	6	A	40000	100000	0	0	0	0	0	0	0	0	0	0	1
6	6	B	40000	100000	0	0	0	0	0	0	0	0	0	0	1
6	7	G	40000	100000	0	0	0	0	0	0	0	0	0	0	2
6	7	A	40000	100000	0	0	0	0	0	0	0	0	0	0	1
6	7	B	40000	100000	0	0	0	0	0	0	0	0	0	0	1
7	0	G	40000	1960	98.04	48.018	98040	3337	211	0	0	2499	68	559	2849
7	0	A	40000	1980	98.02	95.567	98020	2453	211	0	0	1615	68	559	1964
7	0	B	40000	98647	1.353	0.469	1353	884	0	0	0	884	0	0	885
7	0	cSpy was 1 spamed and the readout avoided!
7	1	G	40000	100000	0	0	0	0	0	0	0	0	0	0	2
7	1	A	40000	100000	0	0	0	0	0	0	0	0	0	0	1
7	1	B	40000	100000	0	0	0	0	0	0	0	0	0	0	1
7	2	G	40000	95540	4.46	0.8555	4460	5794	6	3	0	5740	39	6	5794
7	2	A	40000	96158	3.842	0.95	3842	2892	6	3	0	2853	24	6	2891
7	2	B	40000	96337	3.663	0.761	3663	2902	0	0	0	2887	15	0	2903
7	2	cSpy was 1 spamed and the readout avoided!
7	3	G	40000	0	100	100	100000	200000	200000	200000	200000	200000	200000	200000	200002
7	3	A	40000	0	100	100	100000	100000	100000	100000	100000	100000	100000	100000	100001
7	3	B	40000	0	100	100	100000	100000	100000	100000	100000	100000	100000	100000	100001
7	4	G	40000	90993	9.007	0.9745	9007	14997	0	0	0	14193	799	5	14998
7	4	A	40000	91104	8.896	0.975	8896	7921	0	0	0	7220	696	5	7921
7	4	B	40000	91950	8.05	0.974	8050	7076	0	0	0	6973	103	0	7077
7	5	G	40000	100000	0	0	0	0	0	0	0	0	0	0	2
7	5	A	40000	100000	0	0	0	0	0	0	0	0	0	0	1
7	5	B	40000	100000	0	0	0	0	0	0	0	0	0	0	1
7	6	G	40000	99937	0.0630021	0.001	63	124	0	0	0	124	0	0	126
7	6	A	40000	99937	0.0630021	0.001	63	62	0	0	0	62	0	0	63
7	6	B	40000	99937	0.0630021	0.001	63	62	0	0	0	62	0	0	63
7	7	G	40000	47881	52.119	24.4025	52119	42519	15	0	0	41180	1157	167	42452
7	7	A	40000	53688	46.312	24.818	46312	21494	2	0	0	20844	486	162	21435
7	7	B	40000	54988	45.012	23.987	45012	21025	13	0	0	20336	671	5	21017
7	7	cSpy was 12 spamed and the readout avoided!
