#the gain was set to: 2	the bias was set to: 30
#Sent triggers per delay setting: 100000	and with a frequency [Hz] of: 40000
#160MHz delay setting	400MHz delay setting	Frequency	correct transmitted H+T		error rate [%]	uncertainty [%]	bad or missed events	error count	missing headers	missing trailers	flipped H/T	event nr errors	tbm missed trigger	unknown errors	event nr resets
0	0	G	40000	426	99.574	71.7965	99574	19147	110	0	0	18126	313	598	18650
0	0	A	40000	636	99.364	98.24	99364	1124	87	0	0	189	262	586	636
0	0	B	40000	36624	63.376	45.353	63376	18023	23	0	0	17937	51	12	18014
0	0	cSpy was 20 spamed and the readout avoided!
0	1	G	40000	26276	73.724	54.3785	73724	25994	614	0	0	24605	1	774	25426
0	1	A	40000	35322	64.678	53.935	64678	10743	304	0	0	9934	0	505	10439
0	1	B	40000	29927	70.073	54.822	70073	15251	310	0	0	14671	1	269	14987
0	2	G	40000	6008	93.992	75.2205	93992	24291	59	0	0	20726	3231	275	24119
0	2	A	40000	12848	87.152	74.925	87152	12227	26	0	0	10004	1933	264	12070
0	2	B	40000	12420	87.58	75.516	87580	12064	33	0	0	10722	1298	11	12049
0	3	G	40000	100000	0	0	0	0	0	0	0	0	0	0	2
0	3	A	40000	100000	0	0	0	0	0	0	0	0	0	0	1
0	3	B	40000	100000	0	0	0	0	0	0	0	0	0	0	1
0	4	G	40000	100000	0	0	0	0	0	0	0	0	0	0	2
0	4	A	40000	100000	0	0	0	0	0	0	0	0	0	0	1
0	4	B	40000	100000	0	0	0	0	0	0	0	0	0	0	1
0	5	G	40000	50461	49.539	31.866	49539	23295	34	0	0	22853	93	315	23231
0	5	A	40000	58143	41.857	31.355	41857	10502	20	0	0	10138	41	303	10447
0	5	B	40000	54830	45.17	32.377	45170	12793	14	0	0	12715	52	12	12784
0	6	G	40000	0	100	100	100000	200000	200000	200000	200000	200000	200000	200000	200002
0	6	A	40000	0	100	100	100000	100000	100000	100000	100000	100000	100000	100000	100001
0	6	B	40000	0	100	100	100000	100000	100000	100000	100000	100000	100000	100000	100001
0	7	G	40000	99548	0.452	0.122	452	660	0	0	0	660	0	0	662
0	7	A	40000	99548	0.452	0.122	452	330	0	0	0	330	0	0	331
0	7	B	40000	99548	0.452	0.122	452	330	0	0	0	330	0	0	331
1	0	G	40000	320	99.68	97.0935	99680	3030	200	2	0	2269	239	320	2716
1	0	A	40000	2085	97.915	95.634	97915	2281	174	2	0	1675	164	266	2018
1	0	B	40000	698	99.302	98.553	99302	749	26	0	0	594	75	54	698
1	0	cSpy was 21 spamed and the readout avoided!
1	1	G	40000	99456	0.544	0.136	544	816	0	0	0	816	0	0	818
1	1	A	40000	99456	0.544	0.136	544	408	0	0	0	408	0	0	409
1	1	B	40000	99456	0.544	0.136	544	408	0	0	0	408	0	0	409
1	2	G	40000	100000	0	0	0	0	0	0	0	0	0	0	2
1	2	A	40000	100000	0	0	0	0	0	0	0	0	0	0	1
1	2	B	40000	100000	0	0	0	0	0	0	0	0	0	0	1
1	3	G	40000	90961	9.039	2.353	9039	10372	0	0	0	10313	44	15	10374
1	3	A	40000	92843	7.157	2.09	7157	5067	0	0	0	5029	23	15	5068
1	3	B	40000	92079	7.921	2.616	7921	5305	0	0	0	5284	21	0	5306
1	4	G	40000	845	99.155	95.35	99155	4834	385	2	0	3017	1086	344	4356
1	4	A	40000	2895	97.105	94.126	97105	2979	117	0	0	1856	875	131	2805
1	4	B	40000	1571	98.429	96.574	98429	1855	268	2	0	1161	211	213	1551
1	4	cSpy was 64 spamed and the readout avoided!
1	5	G	40000	85832	14.168	2.4115	14168	12800	0	0	0	11855	945	0	12802
1	5	A	40000	92413	7.587	1.168	7587	6419	0	0	0	5974	445	0	6420
1	5	B	40000	89964	10.036	3.655	10036	6381	0	0	0	5881	500	0	6382
1	6	G	40000	100000	0	0	0	0	0	0	0	0	0	0	2
1	6	A	40000	100000	0	0	0	0	0	0	0	0	0	0	1
1	6	B	40000	100000	0	0	0	0	0	0	0	0	0	0	1
1	7	G	40000	99926	0.0739992	0	74	148	0	0	0	148	0	0	150
1	7	A	40000	99926	0.0739992	0	74	74	0	0	0	74	0	0	75
1	7	B	40000	99926	0.0739992	0	74	74	0	0	0	74	0	0	75
2	0	G	40000	2526	97.474	48.127	97474	4044	36	0	0	3850	101	57	3983
2	0	A	40000	2566	97.434	94.856	97434	2578	36	0	0	2384	101	57	2516
2	0	B	40000	97136	2.864	1.398	2864	1466	0	0	0	1466	0	0	1467
2	0	cSpy was 1 spamed and the readout avoided!
2	1	G	40000	99783	0.217003	0.068	217	262	0	0	0	261	1	0	264
2	1	A	40000	99808	0.191998	0.065	192	127	0	0	0	127	0	0	128
2	1	B	40000	99794	0.206	0.071	206	135	0	0	0	134	1	0	136
2	2	G	40000	21717	78.283	55.0845	78283	28340	899	11	0	25354	1295	781	27466
2	2	A	40000	33748	66.252	52.815	66252	13437	459	4	0	11467	992	515	12927
2	2	B	40000	27743	72.257	57.354	72257	14903	440	7	0	13887	303	266	14539
2	2	cSpy was 3 spamed and the readout avoided!
2	3	G	40000	0	100	100	100000	200000	200000	200000	200000	200000	200000	200000	200002
2	3	A	40000	0	100	100	100000	100000	100000	100000	100000	100000	100000	100000	100001
2	3	B	40000	0	100	100	100000	100000	100000	100000	100000	100000	100000	100000	100001
2	4	G	40000	100000	0	0	0	0	0	0	0	0	0	0	2
2	4	A	40000	100000	0	0	0	0	0	0	0	0	0	0	1
2	4	B	40000	100000	0	0	0	0	0	0	0	0	0	0	1
2	5	G	40000	99899	0.101	0.005	101	190	0	0	0	190	0	0	192
2	5	A	40000	99901	0.0989974	0.005	99	94	0	0	0	94	0	0	95
2	5	B	40000	99899	0.101	0.005	101	96	0	0	0	96	0	0	97
2	6	G	40000	40755	59.245	37.818	59245	25631	179	1	0	23863	1193	395	25455
2	6	A	40000	52424	47.576	35.576	47576	12000	99	0	0	10404	1172	325	11886
2	6	B	40000	46309	53.691	40.06	53691	13631	80	1	0	13459	21	70	13569
2	7	G	40000	0	100	100	100000	200000	200000	200000	200000	200000	200000	200000	200002
2	7	A	40000	0	100	100	100000	100000	100000	100000	100000	100000	100000	100000	100001
2	7	B	40000	0	100	100	100000	100000	100000	100000	100000	100000	100000	100000	100001
3	0	G	40000	780	99.22	79.9015	99220	17688	280	3	0	16339	391	675	17095
3	0	A	40000	1417	98.583	96.649	98583	1934	197	0	0	1078	24	635	1400
3	0	B	40000	21092	78.908	63.154	78908	15754	83	3	0	15261	367	40	15695
3	0	cSpy was 10 spamed and the readout avoided!
3	1	G	40000	0	100	100	100000	200000	200000	200000	200000	200000	200000	200000	200002
3	1	A	40000	0	100	100	100000	100000	100000	100000	100000	100000	100000	100000	100001
3	1	B	40000	0	100	100	100000	100000	100000	100000	100000	100000	100000	100000	100001
3	2	G	40000	99970	0.029999	0	30	60	0	0	0	60	0	0	62
3	2	A	40000	99970	0.029999	0	30	30	0	0	0	30	0	0	31
3	2	B	40000	99970	0.029999	0	30	30	0	0	0	30	0	0	31
3	3	G	40000	100000	0	0	0	0	0	0	0	0	0	0	2
3	3	A	40000	100000	0	0	0	0	0	0	0	0	0	0	1
3	3	B	40000	100000	0	0	0	0	0	0	0	0	0	0	1
3	4	G	40000	76677	23.323	9.873	23323	21185	18	0	0	21041	96	30	21170
3	4	A	40000	79669	20.331	9.645	20331	10686	9	0	0	10621	30	26	10673
3	4	B	40000	79400	20.6	10.101	20600	10499	9	0	0	10420	66	4	10497
3	5	G	40000	0	100	100	100000	200000	200000	200000	200000	200000	200000	200000	200002
3	5	A	40000	0	100	100	100000	100000	100000	100000	100000	100000	100000	100000	100001
3	5	B	40000	0	100	100	100000	100000	100000	100000	100000	100000	100000	100000	100001
3	6	G	40000	62861	37.139	28.973	37139	14755	40	1	0	13821	651	242	14532
3	6	A	40000	63216	36.784	29.165	36784	7619	0	0	0	6893	580	146	7482
3	6	B	40000	64083	35.917	28.781	35917	7136	40	1	0	6928	71	96	7050
3	6	cSpy was 99 spamed and the readout avoided!
3	7	G	40000	100000	0	0	0	0	0	0	0	0	0	0	2
3	7	A	40000	100000	0	0	0	0	0	0	0	0	0	0	1
3	7	B	40000	100000	0	0	0	0	0	0	0	0	0	0	1
4	0	G	40000	1144	98.856	59.9525	98856	26477	137	6	0	24323	1765	246	26209
4	0	A	40000	1694	98.306	96.366	98306	1940	115	0	0	1075	515	235	1687
4	0	B	40000	51924	48.076	23.539	48076	24537	22	6	0	23248	1250	11	24522
4	0	cSpy was 2 spamed and the readout avoided!
4	1	G	40000	100000	0	0	0	0	0	0	0	0	0	0	2
4	1	A	40000	100000	0	0	0	0	0	0	0	0	0	0	1
4	1	B	40000	100000	0	0	0	0	0	0	0	0	0	0	1
4	2	G	40000	99029	0.971001	0.1265	971	1569	0	0	0	1569	0	0	1571
4	2	A	40000	99081	0.919002	0.138	919	781	0	0	0	781	0	0	782
4	2	B	40000	99097	0.902998	0.115	903	788	0	0	0	788	0	0	789
4	3	G	40000	19515	80.485	57.508	80485	34402	634	2	0	33132	92	542	33552
4	3	A	40000	24985	75.015	57.824	75015	17191	324	2	0	16462	7	396	16619
4	3	B	40000	25597	74.403	57.192	74403	17211	310	0	0	16670	85	146	16933
4	3	cSpy was 9 spamed and the readout avoided!
4	4	G	40000	8981	91.019	67.288	91019	31502	65	11	0	28360	2700	366	31276
4	4	A	40000	16710	83.29	67.625	83290	15665	25	2	0	13790	1520	328	15485
4	4	B	40000	17212	82.788	66.951	82788	15837	40	9	0	14570	1180	38	15791
4	4	cSpy was 19 spamed and the readout avoided!
4	5	G	40000	100000	0	0	0	0	0	0	0	0	0	0	2
4	5	A	40000	100000	0	0	0	0	0	0	0	0	0	0	1
4	5	B	40000	100000	0	0	0	0	0	0	0	0	0	0	1
4	6	G	40000	100000	0	0	0	0	0	0	0	0	0	0	2
4	6	A	40000	100000	0	0	0	0	0	0	0	0	0	0	1
4	6	B	40000	100000	0	0	0	0	0	0	0	0	0	0	1
4	7	G	40000	25300	74.7	53.7665	74700	33681	551	0	0	32632	71	427	32942
4	7	A	40000	29203	70.797	53.954	70797	16843	266	0	0	16270	0	307	16347
4	7	B	40000	29583	70.417	53.579	70417	16838	285	0	0	16362	71	120	16595
4	7	cSpy was 5 spamed and the readout avoided!
5	0	G	40000	516	99.484	56.2845	99484	14240	137	0	0	13155	97	851	13709
5	0	A	40000	630	99.37	98.209	99370	1161	137	0	0	83	90	851	630
5	0	B	40000	72561	27.439	14.36	27439	13079	0	0	0	13072	7	0	13079
5	0	cSpy was 59 spamed and the readout avoided!
5	1	G	40000	40357	59.643	35.5805	59643	36794	105	0	0	36563	1	125	36692
5	1	A	40000	46043	53.957	35.703	53957	18254	51	0	0	18086	1	116	18171
5	1	B	40000	46002	53.998	35.458	53998	18540	54	0	0	18477	0	9	18521
5	1	cSpy was 2 spamed and the readout avoided!
5	2	G	40000	42	99.958	98.469	99958	1961	56	0	0	823	86	996	1093
5	2	A	40000	121	99.879	99.024	99879	855	1	0	0	10	0	844	121
5	2	B	40000	980	99.02	97.914	99020	1106	55	0	0	813	86	152	972
5	2	cSpy was 33 spamed and the readout avoided!
5	3	G	40000	99487	0.512999	0	513	1026	0	0	0	1026	0	0	1028
5	3	A	40000	99487	0.512999	0	513	513	0	0	0	513	0	0	514
5	3	B	40000	99487	0.512999	0	513	513	0	0	0	513	0	0	514
5	4	G	40000	100000	0	0	0	0	0	0	0	0	0	0	2
5	4	A	40000	100000	0	0	0	0	0	0	0	0	0	0	1
5	4	B	40000	100000	0	0	0	0	0	0	0	0	0	0	1
5	5	G	40000	84104	15.896	4.627	15896	18276	0	0	0	18271	2	3	18276
5	5	A	40000	86146	13.854	4.839	13854	9015	0	0	0	9010	2	3	9015
5	5	B	40000	86324	13.676	4.415	13676	9261	0	0	0	9261	0	0	9261
5	6	G	40000	49	99.951	98.159	99951	2010	183	0	0	812	688	327	1668
5	6	A	40000	112	99.888	99.648	99888	240	1	0	0	58	10	171	112
5	6	B	40000	1560	98.44	96.67	98440	1770	182	0	0	754	678	156	1556
5	6	cSpy was 76 spamed and the readout avoided!
5	7	G	40000	49695	50.305	10.864	50305	53625	2	6	0	48227	5287	103	53587
5	7	A	40000	60560	39.44	11.444	39440	27996	2	6	0	24102	3785	101	27957
5	7	B	40000	64087	35.913	10.284	35913	25629	0	0	0	24125	1502	2	25630
5	7	cSpy was 1 spamed and the readout avoided!
6	0	G	40000	696	99.304	95.2105	99304	5109	311	5	0	2618	1406	769	4460
6	0	A	40000	1469	98.531	96.491	98531	2040	189	2	0	173	946	730	1469
6	0	B	40000	3001	96.999	93.93	96999	3069	122	3	0	2445	460	39	2991
6	0	cSpy was 44 spamed and the readout avoided!
6	1	G	40000	17431	82.569	34.454	82569	62201	3	0	0	55226	6691	281	62069
6	1	A	40000	32705	67.295	37.673	67295	29622	1	0	0	25549	3794	278	29493
6	1	B	40000	36186	63.814	31.235	63814	32579	2	0	0	29677	2897	3	32576
6	1	cSpy was 6 spamed and the readout avoided!
6	2	G	40000	100000	0	0	0	0	0	0	0	0	0	0	2
6	2	A	40000	100000	0	0	0	0	0	0	0	0	0	0	1
6	2	B	40000	100000	0	0	0	0	0	0	0	0	0	0	1
6	3	G	40000	100000	0	0	0	0	0	0	0	0	0	0	2
6	3	A	40000	100000	0	0	0	0	0	0	0	0	0	0	1
6	3	B	40000	100000	0	0	0	0	0	0	0	0	0	0	1
6	4	G	40000	19819	80.181	58.8815	80181	34096	810	0	0	32552	138	596	33037
6	4	A	40000	23763	76.237	59.166	76237	17071	395	0	0	16250	0	426	16353
6	4	B	40000	24378	75.622	58.597	75622	17025	415	0	0	16302	138	170	16684
6	4	cSpy was 27 spamed and the readout avoided!
6	5	G	40000	7508	92.492	83.304	92492	11932	132	8	2	10092	767	931	11230
6	5	A	40000	10131	89.869	84.272	89869	5597	10	1	0	4469	313	804	5046
6	5	B	40000	11329	88.671	82.336	88671	6335	122	7	2	5623	454	127	6184
6	5	cSpy was 34 spamed and the readout avoided!
6	6	G	40000	100000	0	0	0	0	0	0	0	0	0	0	2
6	6	A	40000	100000	0	0	0	0	0	0	0	0	0	0	1
6	6	B	40000	100000	0	0	0	0	0	0	0	0	0	0	1
6	7	G	40000	100000	0	0	0	0	0	0	0	0	0	0	2
6	7	A	40000	100000	0	0	0	0	0	0	0	0	0	0	1
6	7	B	40000	100000	0	0	0	0	0	0	0	0	0	0	1
7	0	G	40000	2020	97.98	48.0545	97980	7935	187	0	0	7112	118	518	7488
7	0	A	40000	2133	97.867	95.314	97867	2553	187	0	0	1772	76	518	2105
7	0	B	40000	93823	6.177	0.795	6177	5382	0	0	0	5340	42	0	5383
7	0	cSpy was 3 spamed and the readout avoided!
7	1	G	40000	100000	0	0	0	0	0	0	0	0	0	0	2
7	1	A	40000	100000	0	0	0	0	0	0	0	0	0	0	1
7	1	B	40000	100000	0	0	0	0	0	0	0	0	0	0	1
7	2	G	40000	94500	5.5	0.788	5500	8174	0	0	0	8115	52	7	8176
7	2	A	40000	95024	4.976	0.894	4976	4082	0	0	0	4035	40	7	4083
7	2	B	40000	95226	4.774	0.682	4774	4092	0	0	0	4080	12	0	4093
7	3	G	40000	0	100	100	100000	200000	200000	200000	200000	200000	200000	200000	200002
7	3	A	40000	0	100	100	100000	100000	100000	100000	100000	100000	100000	100000	100001
7	3	B	40000	0	100	100	100000	100000	100000	100000	100000	100000	100000	100000	100001
7	4	G	40000	65790	34.21	15.1515	34210	27543	1	0	0	25078	2322	142	27483
7	4	A	40000	70270	29.73	16.202	29730	13528	0	0	0	11977	1410	141	13468
7	4	B	40000	71884	28.116	14.101	28116	14015	1	0	0	13101	912	1	14015
7	4	cSpy was 3 spamed and the readout avoided!
7	5	G	40000	100000	0	0	0	0	0	0	0	0	0	0	2
7	5	A	40000	100000	0	0	0	0	0	0	0	0	0	0	1
7	5	B	40000	100000	0	0	0	0	0	0	0	0	0	0	1
7	6	G	40000	99930	0.0699997	0	70	140	0	0	0	140	0	0	142
7	6	A	40000	99930	0.0699997	0	70	70	0	0	0	70	0	0	71
7	6	B	40000	99930	0.0699997	0	70	70	0	0	0	70	0	0	71
7	7	G	40000	48972	51.028	23.61	51028	40947	13	13	0	39578	1196	147	40894
7	7	A	40000	55294	44.706	24.11	44706	20596	10	13	0	19904	526	143	20545
7	7	B	40000	56539	43.461	23.11	43461	20351	3	0	0	19674	670	4	20349
7	7	cSpy was 7 spamed and the readout avoided!
