#the gain was set to: 2	the bias was set to: 30
#Sent triggers per delay setting: 100000	and with a frequency [Hz] of: 40000
#160MHz delay setting	400MHz delay setting	Frequency	correct transmitted H+T		error rate [%]	uncertainty [%]	bad or missed events	error count	missing headers	missing trailers	flipped H/T	event nr errors	tbm missed trigger	unknown errors	event nr resets
0	0	G	40000	460	99.54	70.6155	99540	19112	99	0	0	18096	288	629	18588
0	0	A	40000	644	99.356	98.199	99356	1157	80	0	0	206	254	617	644
0	0	B	40000	39013	60.987	43.032	60987	17955	19	0	0	17890	34	12	17944
0	0	cSpy was 28 spamed and the readout avoided!
0	1	G	40000	27536	72.464	50.8085	72464	27663	143	0	0	26964	36	520	27515
0	1	A	40000	37964	62.036	50.089	62036	11947	76	0	0	11406	14	451	11837
0	1	B	40000	32756	67.244	51.528	67244	15716	67	0	0	15558	22	69	15678
0	2	G	40000	3754	96.246	80.846	96246	19029	132	5	0	15748	2680	464	18689
0	2	A	40000	7338	92.662	85.373	92662	7289	92	0	0	5522	1229	446	6987
0	2	B	40000	11941	88.059	76.319	88059	11740	40	5	0	10226	1451	18	11702
0	2	cSpy was 10 spamed and the readout avoided!
0	3	G	40000	100000	0	0	0	0	0	0	0	0	0	0	2
0	3	A	40000	100000	0	0	0	0	0	0	0	0	0	0	1
0	3	B	40000	100000	0	0	0	0	0	0	0	0	0	0	1
0	4	G	40000	99997	0.00299811	0	3	6	0	0	0	6	0	0	8
0	4	A	40000	99997	0.00299811	0	3	3	0	0	0	3	0	0	4
0	4	B	40000	99997	0.00299811	0	3	3	0	0	0	3	0	0	4
0	5	G	40000	59999	40.001	20.535	40001	28090	4	0	0	27835	67	184	28063
0	5	A	40000	66763	33.237	20.134	33237	13103	3	0	0	12888	33	179	13075
0	5	B	40000	64077	35.923	20.936	35923	14987	1	0	0	14947	34	5	14988
0	6	G	40000	0	100	100	100000	200000	200000	200000	200000	200000	200000	200000	200002
0	6	A	40000	0	100	100	100000	100000	100000	100000	100000	100000	100000	100000	100001
0	6	B	40000	0	100	100	100000	100000	100000	100000	100000	100000	100000	100000	100001
0	7	G	40000	96277	3.723	0.6355	3723	5244	0	0	0	5143	101	0	5246
0	7	A	40000	96860	3.14	0.518	3140	2622	0	0	0	2577	45	0	2623
0	7	B	40000	96625	3.375	0.753	3375	2622	0	0	0	2566	56	0	2623
1	0	G	40000	278	99.722	97.9635	99722	2254	177	1	0	1397	192	487	1816
1	0	A	40000	1087	98.913	97.442	98913	1471	146	0	0	776	120	429	1084
1	0	B	40000	732	99.268	98.485	99268	783	31	1	0	621	72	58	732
1	0	cSpy was 32 spamed and the readout avoided!
1	1	G	40000	96151	3.849	0.6445	3849	5322	0	0	0	5200	122	0	5324
1	1	A	40000	96842	3.158	0.506	3158	2652	0	0	0	2597	55	0	2653
1	1	B	40000	96547	3.453	0.783	3453	2670	0	0	0	2603	67	0	2671
1	2	G	40000	100000	0	0	0	0	0	0	0	0	0	0	2
1	2	A	40000	100000	0	0	0	0	0	0	0	0	0	0	1
1	2	B	40000	100000	0	0	0	0	0	0	0	0	0	0	1
1	3	G	40000	98829	1.171	0.099	1171	2031	0	0	0	2030	1	0	2033
1	3	A	40000	98913	1.087	0.085	1087	1002	0	0	0	1002	0	0	1003
1	3	B	40000	98858	1.142	0.113	1142	1029	0	0	0	1028	1	0	1030
1	4	G	40000	0	100	100	100000	200000	200000	200000	200000	200000	200000	200000	200002
1	4	A	40000	0	100	100	100000	100000	100000	100000	100000	100000	100000	100000	100001
1	4	B	40000	0	100	100	100000	100000	100000	100000	100000	100000	100000	100000	100001
1	5	G	40000	29323	70.677	30.5085	70677	41542	0	0	0	36377	5158	7	41541
1	5	A	40000	55668	44.332	20.149	44332	24183	0	0	0	20537	3640	6	24182
1	5	B	40000	41773	58.227	40.868	58227	17359	0	0	0	15840	1518	1	17359
1	6	G	40000	100000	0	0	0	0	0	0	0	0	0	0	2
1	6	A	40000	100000	0	0	0	0	0	0	0	0	0	0	1
1	6	B	40000	100000	0	0	0	0	0	0	0	0	0	0	1
1	7	G	40000	100000	0	0	0	0	0	0	0	0	0	0	2
1	7	A	40000	100000	0	0	0	0	0	0	0	0	0	0	1
1	7	B	40000	100000	0	0	0	0	0	0	0	0	0	0	1
2	0	G	40000	2455	97.545	48.095	97545	3868	45	1	0	3618	124	80	3772
2	0	A	40000	2503	97.497	94.942	97497	2555	45	1	0	2305	124	80	2458
2	0	B	40000	97439	2.561	1.248	2561	1313	0	0	0	1313	0	0	1314
2	1	G	40000	100000	0	0	0	0	0	0	0	0	0	0	2
2	1	A	40000	100000	0	0	0	0	0	0	0	0	0	0	1
2	1	B	40000	100000	0	0	0	0	0	0	0	0	0	0	1
2	2	G	40000	27226	72.774	51.212	72774	26018	667	0	0	23395	1293	663	25481
2	2	A	40000	39227	60.773	49.29	60773	11483	376	0	0	9884	751	472	11126
2	2	B	40000	32331	67.669	53.134	67669	14535	291	0	0	13511	542	191	14355
2	2	cSpy was 1 spamed and the readout avoided!
2	3	G	40000	8261	91.739	69.5255	91739	25848	291	0	0	22471	2773	313	25488
2	3	A	40000	21640	78.36	62.056	78360	16304	99	0	0	13937	2094	174	16133
2	3	B	40000	13461	86.539	76.995	86539	9544	192	0	0	8534	679	139	9355
2	3	cSpy was 52 spamed and the readout avoided!
2	4	G	40000	100000	0	0	0	0	0	0	0	0	0	0	2
2	4	A	40000	100000	0	0	0	0	0	0	0	0	0	0	1
2	4	B	40000	100000	0	0	0	0	0	0	0	0	0	0	1
2	5	G	40000	99998	0.00200272	0	2	4	0	0	0	4	0	0	6
2	5	A	40000	99998	0.00200272	0	2	2	0	0	0	2	0	0	3
2	5	B	40000	99998	0.00200272	0	2	2	0	0	0	2	0	0	3
2	6	G	40000	41160	58.84	32.8615	58840	31049	32	0	0	30074	691	252	31010
2	6	A	40000	54726	45.274	31.155	45274	14119	23	0	0	13240	615	241	14080
2	6	B	40000	48502	51.498	34.568	51498	16930	9	0	0	16834	76	11	16930
2	7	G	40000	0	100	100	100000	200000	200000	200000	200000	200000	200000	200000	200002
2	7	A	40000	0	100	100	100000	100000	100000	100000	100000	100000	100000	100000	100001
2	7	B	40000	0	100	100	100000	100000	100000	100000	100000	100000	100000	100000	100001
3	0	G	40000	958	99.042	71.8435	99042	20285	235	0	0	18942	451	657	19715
3	0	A	40000	1538	98.462	96.399	98462	2063	191	0	0	1210	28	634	1525
3	0	B	40000	34490	65.51	47.288	65510	18222	44	0	0	17732	423	23	18190
3	0	cSpy was 45 spamed and the readout avoided!
3	1	G	40000	0	100	100	100000	200000	200000	200000	200000	200000	200000	200000	200002
3	1	A	40000	0	100	100	100000	100000	100000	100000	100000	100000	100000	100000	100001
3	1	B	40000	0	100	100	100000	100000	100000	100000	100000	100000	100000	100000	100001
3	2	G	40000	78243	21.757	5.0215	21757	22793	2	3	0	20897	1874	17	22787
3	2	A	40000	83606	16.394	4.946	16394	11448	2	0	0	10013	1416	17	11443
3	2	B	40000	83558	16.442	5.097	16442	11345	0	3	0	10884	458	0	11344
3	2	cSpy was 2 spamed and the readout avoided!
3	3	G	40000	100000	0	0	0	0	0	0	0	0	0	0	2
3	3	A	40000	100000	0	0	0	0	0	0	0	0	0	0	1
3	3	B	40000	100000	0	0	0	0	0	0	0	0	0	0	1
3	4	G	40000	96960	3.04	0.3395	3040	5247	0	0	0	5243	4	0	5249
3	4	A	40000	97058	2.942	0.311	2942	2631	0	0	0	2627	4	0	2632
3	4	B	40000	97016	2.984	0.368	2984	2616	0	0	0	2616	0	0	2617
3	5	G	40000	0	100	100	100000	200000	200000	200000	200000	200000	200000	200000	200002
3	5	A	40000	0	100	100	100000	100000	100000	100000	100000	100000	100000	100000	100001
3	5	B	40000	0	100	100	100000	100000	100000	100000	100000	100000	100000	100000	100001
3	6	G	40000	39173	60.827	32.6075	60827	39213	55	4	0	35899	3084	171	39068
3	6	A	40000	47382	52.618	32.628	52618	19990	4	0	0	17339	2567	80	19938
3	6	B	40000	48190	51.81	32.587	51810	19223	51	4	0	18560	517	91	19130
3	6	cSpy was 35 spamed and the readout avoided!
3	7	G	40000	100000	0	0	0	0	0	0	0	0	0	0	2
3	7	A	40000	100000	0	0	0	0	0	0	0	0	0	0	1
3	7	B	40000	100000	0	0	0	0	0	0	0	0	0	0	1
4	0	G	40000	0	100	100	100000	200000	200000	200000	200000	200000	200000	200000	200002
4	0	A	40000	0	100	100	100000	100000	100000	100000	100000	100000	100000	100000	100001
4	0	B	40000	0	100	100	100000	100000	100000	100000	100000	100000	100000	100000	100001
4	1	G	40000	100000	0	0	0	0	0	0	0	0	0	0	2
4	1	A	40000	100000	0	0	0	0	0	0	0	0	0	0	1
4	1	B	40000	100000	0	0	0	0	0	0	0	0	0	0	1
4	2	G	40000	98684	1.316	0.383	1316	1520	0	0	0	1519	1	0	1522
4	2	A	40000	98852	1.148	0.401	1148	747	0	0	0	746	1	0	748
4	2	B	40000	98862	1.138	0.365	1138	773	0	0	0	773	0	0	774
4	3	G	40000	20444	79.556	58.4985	79556	34429	791	0	0	32903	145	590	33374
4	3	A	40000	24005	75.995	58.77	75995	17225	383	0	0	16424	0	418	16516
4	3	B	40000	24569	75.431	58.227	75431	17204	408	0	0	16479	145	172	16858
4	3	cSpy was 8 spamed and the readout avoided!
4	4	G	40000	1928	98.072	91.9065	98072	8397	495	11	1	6114	1081	695	7628
4	4	A	40000	3737	96.263	92.078	96263	4185	263	6	1	2855	547	513	3672
4	4	B	40000	4053	95.947	91.735	95947	4212	232	5	0	3259	534	182	3956
4	4	cSpy was 75 spamed and the readout avoided!
4	5	G	40000	100000	0	0	0	0	0	0	0	0	0	0	2
4	5	A	40000	100000	0	0	0	0	0	0	0	0	0	0	1
4	5	B	40000	100000	0	0	0	0	0	0	0	0	0	0	1
4	6	G	40000	100000	0	0	0	0	0	0	0	0	0	0	2
4	6	A	40000	100000	0	0	0	0	0	0	0	0	0	0	1
4	6	B	40000	100000	0	0	0	0	0	0	0	0	0	0	1
4	7	G	40000	34072	65.928	40.4925	65928	39085	134	0	0	38783	8	160	38945
4	7	A	40000	39996	60.004	40.612	60004	19392	66	0	0	19174	7	145	19280
4	7	B	40000	39934	60.066	40.373	60066	19693	68	0	0	19609	1	15	19665
4	7	cSpy was 4 spamed and the readout avoided!
5	0	G	40000	510	99.49	56.242	99490	14225	144	0	0	13142	101	838	13658
5	0	A	40000	610	99.39	98.213	99390	1177	144	0	0	102	95	836	610
5	0	B	40000	72681	27.319	14.271	27319	13048	0	0	0	13040	6	2	13048
5	0	cSpy was 48 spamed and the readout avoided!
5	1	G	40000	83885	16.115	6.213	16115	16132	3	0	0	16116	3	10	16130
5	1	A	40000	85679	14.321	6.355	14321	7966	2	0	0	7952	3	9	7964
5	1	B	40000	85763	14.237	6.071	14237	8166	1	0	0	8164	0	1	8166
5	2	G	40000	0	100	100	100000	200000	200000	200000	200000	200000	200000	200000	200002
5	2	A	40000	0	100	100	100000	100000	100000	100000	100000	100000	100000	100000	100001
5	2	B	40000	0	100	100	100000	100000	100000	100000	100000	100000	100000	100000	100001
5	3	G	40000	95566	4.434	0.09	4434	8440	0	0	0	8228	212	0	8442
5	3	A	40000	95579	4.421	0.09	4421	4331	0	0	0	4132	199	0	4332
5	3	B	40000	95801	4.199	0.09	4199	4109	0	0	0	4096	13	0	4110
5	4	G	40000	100000	0	0	0	0	0	0	0	0	0	0	2
5	4	A	40000	100000	0	0	0	0	0	0	0	0	0	0	1
5	4	B	40000	100000	0	0	0	0	0	0	0	0	0	0	1
5	5	G	40000	98758	1.242	0.0835	1242	2256	0	0	0	2256	0	0	2258
5	5	A	40000	98780	1.22	0.094	1220	1126	0	0	0	1126	0	0	1127
5	5	B	40000	98797	1.203	0.073	1203	1130	0	0	0	1130	0	0	1131
5	6	G	40000	23	99.977	97.983	99977	2126	178	2	0	1318	414	214	1892
5	6	A	40000	47	99.953	99.808	99953	145	0	0	0	6	5	134	47
5	6	B	40000	1861	98.139	96.158	98139	1981	178	2	0	1312	409	80	1845
5	6	cSpy was 67 spamed and the readout avoided!
5	7	G	40000	16792	83.208	37.323	83208	58956	1	0	0	52004	6718	233	58834
5	7	A	40000	31411	68.589	40.553	68589	28036	0	0	0	23958	3848	230	27916
5	7	B	40000	34987	65.013	34.093	65013	30920	1	0	0	28046	2870	3	30918
5	7	cSpy was 5 spamed and the readout avoided!
6	0	G	40000	330	99.67	97.6285	99670	2628	309	2	0	1162	657	499	2105
6	0	A	40000	779	99.221	98.083	99221	1138	153	1	0	247	354	383	779
6	0	B	40000	1336	98.664	97.174	98664	1490	156	1	0	915	303	116	1326
6	0	cSpy was 92 spamed and the readout avoided!
6	1	G	40000	11409	88.591	56.526	88591	41753	36	0	0	37074	4152	491	41441
6	1	A	40000	21324	78.676	58.786	78676	19890	16	0	0	17235	2209	430	19635
6	1	B	40000	23871	76.129	54.266	76129	21863	20	0	0	19839	1943	61	21806
6	1	cSpy was 47 spamed and the readout avoided!
6	2	G	40000	100000	0	0	0	0	0	0	0	0	0	0	2
6	2	A	40000	100000	0	0	0	0	0	0	0	0	0	0	1
6	2	B	40000	100000	0	0	0	0	0	0	0	0	0	0	1
6	3	G	40000	100000	0	0	0	0	0	0	0	0	0	0	2
6	3	A	40000	100000	0	0	0	0	0	0	0	0	0	0	1
6	3	B	40000	100000	0	0	0	0	0	0	0	0	0	0	1
6	4	G	40000	35714	64.286	46.214	64286	29780	642	0	0	28548	122	468	28933
6	4	A	40000	38647	61.353	46.46	61353	14893	310	0	0	14249	0	334	14325
6	4	B	40000	39145	60.855	45.968	60855	14887	332	0	0	14299	122	134	14608
6	4	cSpy was 6 spamed and the readout avoided!
6	5	G	40000	1128	98.872	94.204	98872	5960	199	4	0	4814	307	637	5517
6	5	A	40000	2548	97.452	94.669	97452	2783	31	0	0	2127	134	492	2504
6	5	B	40000	3084	96.916	93.739	96916	3177	168	4	0	2687	173	145	3013
6	5	cSpy was 69 spamed and the readout avoided!
6	6	G	40000	97478	2.522	0.152	2522	4435	0	0	0	4186	248	1	4437
6	6	A	40000	97490	2.51	0.152	2510	2358	0	0	0	2123	234	1	2359
6	6	B	40000	97771	2.229	0.152	2229	2077	0	0	0	2063	14	0	2078
6	7	G	40000	100000	0	0	0	0	0	0	0	0	0	0	2
6	7	A	40000	100000	0	0	0	0	0	0	0	0	0	0	1
6	7	B	40000	100000	0	0	0	0	0	0	0	0	0	0	1
7	0	G	40000	2118	97.882	47.8335	97882	3561	208	0	0	2728	64	561	3049
7	0	A	40000	2138	97.862	95.239	97862	2623	208	0	0	1790	64	561	2110
7	0	B	40000	98634	1.366	0.428	1366	938	0	0	0	938	0	0	939
7	0	cSpy was 1 spamed and the readout avoided!
7	1	G	40000	100000	0	0	0	0	0	0	0	0	0	0	2
7	1	A	40000	100000	0	0	0	0	0	0	0	0	0	0	1
7	1	B	40000	100000	0	0	0	0	0	0	0	0	0	0	1
7	2	G	40000	99493	0.506997	0.0205	507	962	0	0	0	958	3	1	964
7	2	A	40000	99495	0.505	0.024	505	481	0	0	0	478	2	1	482
7	2	B	40000	99502	0.498003	0.017	498	481	0	0	0	480	1	0	482
7	3	G	40000	0	100	100	100000	200000	200000	200000	200000	200000	200000	200000	200002
7	3	A	40000	0	100	100	100000	100000	100000	100000	100000	100000	100000	100000	100001
7	3	B	40000	0	100	100	100000	100000	100000	100000	100000	100000	100000	100000	100001
7	4	G	40000	50911	49.089	30.948	49089	28081	11	0	0	25315	2641	114	28009
7	4	A	40000	53766	46.234	31.302	46234	14932	1	0	0	12859	1981	91	14878
7	4	B	40000	56257	43.743	30.594	43743	13149	10	0	0	12456	660	23	13131
7	4	cSpy was 3 spamed and the readout avoided!
7	5	G	40000	100000	0	0	0	0	0	0	0	0	0	0	2
7	5	A	40000	100000	0	0	0	0	0	0	0	0	0	0	1
7	5	B	40000	100000	0	0	0	0	0	0	0	0	0	0	1
7	6	G	40000	100000	0	0	0	0	0	0	0	0	0	0	2
7	6	A	40000	100000	0	0	0	0	0	0	0	0	0	0	1
7	6	B	40000	100000	0	0	0	0	0	0	0	0	0	0	1
7	7	G	40000	57342	42.658	17.1785	42658	38647	13	20	0	37678	732	204	38558
7	7	A	40000	62738	37.262	17.583	37262	19679	12	20	0	19136	308	203	19589
7	7	B	40000	64258	35.742	16.774	35742	18968	1	0	0	18542	424	1	18969
7	7	cSpy was 7 spamed and the readout avoided!
