#the gain was set to: 2	the bias was set to: 30
#Sent triggers per delay setting: 100000	and with a frequency [Hz] of: 40000
#160MHz delay setting	400MHz delay setting	Frequency	correct transmitted H+T		error rate [%]	uncertainty [%]	bad or missed events	error count	missing headers	missing trailers	flipped H/T	event nr errors	tbm missed trigger	unknown errors	event nr resets
0	0	G	40000	427	99.573	72.0755	99573	18907	114	0	0	17841	299	653	18347
0	0	A	40000	637	99.363	98.179	99363	1184	89	0	0	200	256	639	637
0	0	B	40000	36305	63.695	45.972	63695	17723	25	0	0	17641	43	14	17710
0	0	cSpy was 30 spamed and the readout avoided!
0	1	G	40000	30560	69.44	49.838	69440	26143	148	0	0	25215	305	475	26015
0	1	A	40000	39457	60.543	49.267	60543	11276	83	0	0	10769	11	413	11181
0	1	B	40000	34724	65.276	50.409	65276	14867	65	0	0	14446	294	62	14834
0	2	G	40000	2701	97.299	86.278	97299	13619	94	2	0	11284	1883	356	13352
0	2	A	40000	5455	94.545	89.078	94545	5467	47	0	0	4068	1028	324	5242
0	2	B	40000	8370	91.63	83.478	91630	8152	47	2	0	7216	855	32	8110
0	2	cSpy was 6 spamed and the readout avoided!
0	3	G	40000	100000	0	0	0	0	0	0	0	0	0	0	2
0	3	A	40000	100000	0	0	0	0	0	0	0	0	0	0	1
0	3	B	40000	100000	0	0	0	0	0	0	0	0	0	0	1
0	4	G	40000	100000	0	0	0	0	0	0	0	0	0	0	2
0	4	A	40000	100000	0	0	0	0	0	0	0	0	0	0	1
0	4	B	40000	100000	0	0	0	0	0	0	0	0	0	0	1
0	5	G	40000	62881	37.119	19.0945	37119	26563	4	0	0	26341	58	160	26545
0	5	A	40000	68982	31.018	18.796	31018	12222	3	0	0	12034	26	159	12204
0	5	B	40000	66266	33.734	19.393	33734	14341	1	0	0	14307	32	1	14341
0	6	G	40000	2212	97.788	89.845	97788	10140	378	11	0	7916	1512	323	9710
0	6	A	40000	5306	94.694	89.446	94694	5248	126	0	0	3871	1026	225	5019
0	6	B	40000	4864	95.136	90.244	95136	4892	252	11	0	4045	486	98	4691
0	6	cSpy was 45 spamed and the readout avoided!
0	7	G	40000	97662	2.338	0.2105	2338	3855	0	0	0	3794	61	0	3857
0	7	A	40000	97925	2.075	0.152	2075	1923	0	0	0	1904	19	0	1924
0	7	B	40000	97799	2.201	0.269	2201	1932	0	0	0	1890	42	0	1933
1	0	G	40000	258	99.742	98.1425	99742	2042	136	1	0	1307	159	439	1669
1	0	A	40000	1039	98.961	97.604	98961	1357	121	0	0	752	105	379	1036
1	0	B	40000	634	99.366	98.681	99366	685	15	1	0	555	54	60	633
1	0	cSpy was 28 spamed and the readout avoided!
1	1	G	40000	97009	2.991	0.276	2991	4639	0	0	0	4526	113	0	4641
1	1	A	40000	97510	2.49	0.172	2490	2318	0	0	0	2274	44	0	2319
1	1	B	40000	97299	2.701	0.38	2701	2321	0	0	0	2252	69	0	2322
1	2	G	40000	100000	0	0	0	0	0	0	0	0	0	0	2
1	2	A	40000	100000	0	0	0	0	0	0	0	0	0	0	1
1	2	B	40000	100000	0	0	0	0	0	0	0	0	0	0	1
1	3	G	40000	98319	1.681	0.184	1681	2861	0	0	0	2858	3	0	2863
1	3	A	40000	98426	1.574	0.171	1574	1403	0	0	0	1400	3	0	1404
1	3	B	40000	98345	1.655	0.197	1655	1458	0	0	0	1458	0	0	1459
1	4	G	40000	625	99.375	96.351	99375	3862	312	0	0	1745	1410	395	3400
1	4	A	40000	2003	97.997	95.869	97997	2128	95	0	0	872	1038	123	1967
1	4	B	40000	1433	98.567	96.833	98567	1734	217	0	0	873	372	272	1433
1	4	cSpy was 17 spamed and the readout avoided!
1	5	G	40000	36891	63.109	17.782	63109	46459	15	0	0	38977	7429	38	46437
1	5	A	40000	67398	32.602	6.339	32602	26263	0	0	0	21710	4519	34	26256
1	5	B	40000	50579	49.421	29.225	49421	20196	15	0	0	17267	2910	4	20181
1	6	G	40000	100000	0	0	0	0	0	0	0	0	0	0	2
1	6	A	40000	100000	0	0	0	0	0	0	0	0	0	0	1
1	6	B	40000	100000	0	0	0	0	0	0	0	0	0	0	1
1	7	G	40000	96906	3.094	1.311	3094	2354	0	0	0	2326	18	10	2355
1	7	A	40000	97679	2.321	1.25	2321	1071	0	0	0	1048	13	10	1071
1	7	B	40000	97345	2.655	1.372	2655	1283	0	0	0	1278	5	0	1284
2	0	G	40000	2414	97.586	48.262	97586	4009	42	1	0	3795	105	66	3929
2	0	A	40000	2449	97.551	95.072	97551	2479	42	1	0	2265	105	66	2398
2	0	B	40000	97018	2.982	1.452	2982	1530	0	0	0	1530	0	0	1531
2	1	G	40000	100000	0	0	0	0	0	0	0	0	0	0	2
2	1	A	40000	100000	0	0	0	0	0	0	0	0	0	0	1
2	1	B	40000	100000	0	0	0	0	0	0	0	0	0	0	1
2	2	G	40000	35275	64.725	44.486	64725	24699	552	0	0	22455	1129	563	24260
2	2	A	40000	46314	53.686	42.752	53686	10934	313	0	0	9545	672	404	10635
2	2	B	40000	40015	59.985	46.22	59985	13765	239	0	0	12910	457	159	13625
2	3	G	40000	7073	92.927	64.8555	92927	34019	79	0	0	30039	3797	104	33928
2	3	A	40000	23071	76.929	54.846	76929	22083	5	0	0	19129	2888	61	22052
2	3	B	40000	13199	86.801	74.865	86801	11936	74	0	0	10910	909	43	11876
2	4	G	40000	100000	0	0	0	0	0	0	0	0	0	0	2
2	4	A	40000	100000	0	0	0	0	0	0	0	0	0	0	1
2	4	B	40000	100000	0	0	0	0	0	0	0	0	0	0	1
2	5	G	40000	100000	0	0	0	0	0	0	0	0	0	0	2
2	5	A	40000	100000	0	0	0	0	0	0	0	0	0	0	1
2	5	B	40000	100000	0	0	0	0	0	0	0	0	0	0	1
2	6	G	40000	39556	60.444	35.1465	60444	30122	45	1	0	29030	742	304	30070
2	6	A	40000	52960	47.04	33.423	47040	13617	32	1	0	12668	621	295	13570
2	6	B	40000	46625	53.375	36.87	53375	16505	13	0	0	16362	121	9	16500
2	7	G	40000	0	100	100	100000	200000	200000	200000	200000	200000	200000	200000	200002
2	7	A	40000	0	100	100	100000	100000	100000	100000	100000	100000	100000	100000	100001
2	7	B	40000	0	100	100	100000	100000	100000	100000	100000	100000	100000	100000	100001
3	0	G	40000	923	99.077	73.042	99077	19915	272	1	0	18596	378	668	19310
3	0	A	40000	1516	98.484	96.414	98484	2070	218	0	0	1173	28	651	1503
3	0	B	40000	32485	67.515	49.67	67515	17845	54	1	0	17423	350	17	17807
3	0	cSpy was 51 spamed and the readout avoided!
3	1	G	40000	0	100	100	100000	200000	200000	200000	200000	200000	200000	200000	200002
3	1	A	40000	0	100	100	100000	100000	100000	100000	100000	100000	100000	100000	100001
3	1	B	40000	0	100	100	100000	100000	100000	100000	100000	100000	100000	100000	100001
3	2	G	40000	98079	1.921	0.024	1921	3788	0	0	0	3787	1	0	3790
3	2	A	40000	98079	1.921	0.024	1921	1897	0	0	0	1896	1	0	1898
3	2	B	40000	98085	1.915	0.024	1915	1891	0	0	0	1891	0	0	1892
3	3	G	40000	100000	0	0	0	0	0	0	0	0	0	0	2
3	3	A	40000	100000	0	0	0	0	0	0	0	0	0	0	1
3	3	B	40000	100000	0	0	0	0	0	0	0	0	0	0	1
3	4	G	40000	97027	2.973	0.3665	2973	4999	0	0	0	4997	2	0	5001
3	4	A	40000	97160	2.84	0.336	2840	2504	0	0	0	2502	2	0	2505
3	4	B	40000	97108	2.892	0.397	2892	2495	0	0	0	2495	0	0	2496
3	5	G	40000	0	100	100	100000	200000	200000	200000	200000	200000	200000	200000	200002
3	5	A	40000	0	100	100	100000	100000	100000	100000	100000	100000	100000	100000	100001
3	5	B	40000	0	100	100	100000	100000	100000	100000	100000	100000	100000	100000	100001
3	6	G	40000	39398	60.602	19.7465	60602	54913	16	6	0	49873	4931	87	54868
3	6	A	40000	52553	47.447	19.721	47447	27726	10	1	0	23993	3639	83	27688
3	6	B	40000	53041	46.959	19.772	46959	27187	6	5	0	25880	1292	4	27180
3	6	cSpy was 14 spamed and the readout avoided!
3	7	G	40000	100000	0	0	0	0	0	0	0	0	0	0	2
3	7	A	40000	100000	0	0	0	0	0	0	0	0	0	0	1
3	7	B	40000	100000	0	0	0	0	0	0	0	0	0	0	1
4	0	G	40000	840	99.16	75.822	99160	17497	184	2	0	15415	1625	271	17225
4	0	A	40000	1504	98.496	96.81	98496	1686	69	0	0	998	398	221	1496
4	0	B	40000	29355	70.645	54.834	70645	15811	115	2	0	14417	1227	50	15729
4	0	cSpy was 19 spamed and the readout avoided!
4	1	G	40000	100000	0	0	0	0	0	0	0	0	0	0	2
4	1	A	40000	100000	0	0	0	0	0	0	0	0	0	0	1
4	1	B	40000	100000	0	0	0	0	0	0	0	0	0	0	1
4	2	G	40000	99998	0.00200272	0	2	4	0	0	0	4	0	0	6
4	2	A	40000	99998	0.00200272	0	2	2	0	0	0	2	0	0	3
4	2	B	40000	99998	0.00200272	0	2	2	0	0	0	2	0	0	3
4	3	G	40000	27523	72.477	51.2145	72477	34380	670	0	0	33089	118	503	33491
4	3	A	40000	31372	68.628	51.452	68628	17176	323	0	0	16495	1	357	16587
4	3	B	40000	31819	68.181	50.977	68181	17204	347	0	0	16594	117	146	16904
4	3	cSpy was 7 spamed and the readout avoided!
4	4	G	40000	2393	97.607	90.7805	97607	9401	398	28	0	7790	648	540	8821
4	4	A	40000	4243	95.757	91.201	95757	4556	209	17	0	3593	321	418	4157
4	4	B	40000	4795	95.205	90.36	95205	4845	189	11	0	4197	327	122	4664
4	4	cSpy was 58 spamed and the readout avoided!
4	5	G	40000	99778	0.221997	0.001	222	442	0	0	0	442	0	0	444
4	5	A	40000	99778	0.221997	0.001	222	221	0	0	0	221	0	0	222
4	5	B	40000	99778	0.221997	0.001	222	221	0	0	0	221	0	0	222
4	6	G	40000	100000	0	0	0	0	0	0	0	0	0	0	2
4	6	A	40000	100000	0	0	0	0	0	0	0	0	0	0	1
4	6	B	40000	100000	0	0	0	0	0	0	0	0	0	0	1
4	7	G	40000	44951	55.049	34.562	55049	31823	145	0	0	31539	4	135	31679
4	7	A	40000	49541	50.459	34.648	50459	15811	70	0	0	15617	4	120	15699
4	7	B	40000	49512	50.488	34.476	50488	16012	75	0	0	15922	0	15	15980
4	7	cSpy was 4 spamed and the readout avoided!
5	0	G	40000	501	99.499	56.3515	99499	14222	144	0	0	13130	114	834	13643
5	0	A	40000	602	99.398	98.216	99398	1182	144	0	0	99	106	833	602
5	0	B	40000	72473	27.527	14.487	27527	13040	0	0	0	13031	8	1	13041
5	0	cSpy was 55 spamed and the readout avoided!
5	1	G	40000	75055	24.945	10.0365	24945	23326	4	0	0	23289	4	29	23321
5	1	A	40000	78268	21.732	10.238	21732	11494	2	0	0	11461	4	27	11490
5	1	B	40000	78333	21.667	9.835	21667	11832	2	0	0	11828	0	2	11831
5	1	cSpy was 1 spamed and the readout avoided!
5	2	G	40000	14	99.986	99.103	99986	1093	22	0	0	416	230	425	700
5	2	A	40000	24	99.976	99.642	99976	334	0	0	0	3	0	331	24
5	2	B	40000	677	99.323	98.564	99323	759	22	0	0	413	230	94	676
5	2	cSpy was 11 spamed and the readout avoided!
5	3	G	40000	96151	3.849	0.043	3849	7469	0	0	0	7340	129	0	7471
5	3	A	40000	96155	3.845	0.043	3845	3802	0	0	0	3678	124	0	3803
5	3	B	40000	96290	3.71	0.043	3710	3667	0	0	0	3662	5	0	3668
5	4	G	40000	100000	0	0	0	0	0	0	0	0	0	0	2
5	4	A	40000	100000	0	0	0	0	0	0	0	0	0	0	1
5	4	B	40000	100000	0	0	0	0	0	0	0	0	0	0	1
5	5	G	40000	97680	2.32	0.233	2320	4038	0	0	0	4038	0	0	4040
5	5	A	40000	97728	2.272	0.255	2272	2017	0	0	0	2017	0	0	2018
5	5	B	40000	97768	2.232	0.211	2232	2021	0	0	0	2021	0	0	2022
5	6	G	40000	12	99.988	97.7855	99988	2323	194	2	0	1394	549	184	2098
5	6	A	40000	30	99.97	99.87	99970	100	0	0	0	8	4	88	30
5	6	B	40000	2076	97.924	95.701	97924	2223	194	2	0	1386	545	96	2068
5	6	cSpy was 72 spamed and the readout avoided!
5	7	G	40000	19271	80.729	31.9755	80729	62932	0	0	0	55334	7414	184	62850
5	7	A	40000	34862	65.138	35.129	65138	30009	0	0	0	25606	4219	184	29927
5	7	B	40000	38255	61.745	28.822	61745	32923	0	0	0	29728	3195	0	32923
5	7	cSpy was 8 spamed and the readout avoided!
6	0	G	40000	421	99.579	97.001	99579	3297	357	0	0	1496	870	574	2693
6	0	A	40000	1001	98.999	97.565	98999	1434	182	0	0	242	543	467	1001
6	0	B	40000	1700	98.3	96.437	98300	1863	175	0	0	1254	327	107	1692
6	0	cSpy was 76 spamed and the readout avoided!
6	1	G	40000	7494	92.506	70.126	92506	29374	26	4	0	26383	2461	500	29112
6	1	A	40000	14294	85.706	71.688	85706	14018	2	0	0	12382	1155	479	13780
6	1	B	40000	16080	83.92	68.564	83920	15356	24	4	0	14001	1306	21	15332
6	1	cSpy was 11 spamed and the readout avoided!
6	2	G	40000	100000	0	0	0	0	0	0	0	0	0	0	2
6	2	A	40000	100000	0	0	0	0	0	0	0	0	0	0	1
6	2	B	40000	100000	0	0	0	0	0	0	0	0	0	0	1
6	3	G	40000	100000	0	0	0	0	0	0	0	0	0	0	2
6	3	A	40000	100000	0	0	0	0	0	0	0	0	0	0	1
6	3	B	40000	100000	0	0	0	0	0	0	0	0	0	0	1
6	4	G	40000	20422	79.578	58.62	79578	34288	791	0	0	32760	154	583	33234
6	4	A	40000	23950	76.05	58.906	76050	17144	381	0	0	16352	0	411	16444
6	4	B	40000	24522	75.478	58.334	75478	17144	410	0	0	16408	154	172	16790
6	4	cSpy was 7 spamed and the readout avoided!
6	5	G	40000	1769	98.231	91.2315	98231	8929	237	11	0	7415	467	800	8390
6	5	A	40000	3930	96.07	91.886	96070	4184	33	0	0	3304	201	646	3843
6	5	B	40000	4678	95.322	90.577	95322	4745	204	11	0	4111	266	154	4547
6	5	cSpy was 99 spamed and the readout avoided!
6	6	G	40000	100000	0	0	0	0	0	0	0	0	0	0	2
6	6	A	40000	100000	0	0	0	0	0	0	0	0	0	0	1
6	6	B	40000	100000	0	0	0	0	0	0	0	0	0	0	1
6	7	G	40000	100000	0	0	0	0	0	0	0	0	0	0	2
6	7	A	40000	100000	0	0	0	0	0	0	0	0	0	0	1
6	7	B	40000	100000	0	0	0	0	0	0	0	0	0	0	1
7	0	G	40000	2041	97.959	47.947	97959	3520	212	0	0	2674	75	559	3029
7	0	A	40000	2059	97.941	95.41	97941	2531	212	0	0	1685	75	559	2040
7	0	B	40000	98527	1.473	0.484	1473	989	0	0	0	989	0	0	989
7	1	G	40000	100000	0	0	0	0	0	0	0	0	0	0	2
7	1	A	40000	100000	0	0	0	0	0	0	0	0	0	0	1
7	1	B	40000	100000	0	0	0	0	0	0	0	0	0	0	1
7	2	G	40000	97953	2.047	0.367	2047	2783	3	0	0	2763	13	4	2784
7	2	A	40000	98211	1.789	0.407	1789	1382	3	0	0	1369	6	4	1382
7	2	B	40000	98272	1.728	0.327	1728	1401	0	0	0	1394	7	0	1402
7	3	G	40000	4320	95.68	84.645	95680	14180	88	2	0	12856	807	427	13868
7	3	A	40000	7196	92.804	86.591	92804	6213	25	2	0	5699	194	293	6020
7	3	B	40000	9334	90.666	82.699	90666	7967	63	0	0	7157	613	134	7848
7	3	cSpy was 94 spamed and the readout avoided!
7	4	G	40000	65133	34.867	8.045	34867	42336	0	0	0	38204	4054	78	42310
7	4	A	40000	68856	31.144	8.17	31144	22974	0	0	0	19628	3268	78	22948
7	4	B	40000	72718	27.282	7.92	27282	19362	0	0	0	18576	786	0	19362
7	5	G	40000	100000	0	0	0	0	0	0	0	0	0	0	2
7	5	A	40000	100000	0	0	0	0	0	0	0	0	0	0	1
7	5	B	40000	100000	0	0	0	0	0	0	0	0	0	0	1
7	6	G	40000	98852	1.148	0.2955	1148	1227	0	2	0	1215	6	4	1227
7	6	A	40000	99060	0.940001	0.326	940	614	0	2	0	603	5	4	613
7	6	B	40000	99122	0.878	0.265	878	613	0	0	0	612	1	0	614
7	7	G	40000	60378	39.622	14.9285	39622	34783	53	90	0	33953	537	150	34682
7	7	A	40000	66693	33.307	15.55	33307	17757	53	90	0	17258	206	150	17655
7	7	B	40000	68667	31.333	14.307	31333	17026	0	0	0	16695	331	0	17027
7	7	cSpy was 8 spamed and the readout avoided!
