#the gain was set to: 2	the bias was set to: 30
#Sent triggers per delay setting: 100000	and with a frequency [Hz] of: 40000
#160MHz delay setting	400MHz delay setting	Frequency	correct transmitted H+T		error rate [%]	uncertainty [%]	bad or missed events	error count	missing headers	missing trailers	flipped H/T	event nr errors	tbm missed trigger	unknown errors	event nr resets
0	0	G	40000	415	99.585	72.1545	99585	18991	109	0	0	17989	292	601	18484
0	0	A	40000	629	99.371	98.24	99371	1131	93	0	0	182	264	592	629
0	0	B	40000	36071	63.929	46.069	63929	17860	16	0	0	17807	28	9	17855
0	0	cSpy was 27 spamed and the readout avoided!
0	1	G	40000	44366	55.634	35.879	55634	25827	44	0	0	25370	91	322	25738
0	1	A	40000	53061	46.939	35.312	46939	11627	25	0	0	11260	37	305	11548
0	1	B	40000	49354	50.646	36.446	50646	14200	19	0	0	14110	54	17	14190
0	2	G	40000	2767	97.233	86.324	97233	13614	203	8	0	10930	2072	401	13276
0	2	A	40000	5413	94.587	89.186	94587	5401	105	0	0	3957	981	358	5146
0	2	B	40000	8325	91.675	83.462	91675	8213	98	8	0	6973	1091	43	8130
0	2	cSpy was 17 spamed and the readout avoided!
0	3	G	40000	100000	0	0	0	0	0	0	0	0	0	0	2
0	3	A	40000	100000	0	0	0	0	0	0	0	0	0	0	1
0	3	B	40000	100000	0	0	0	0	0	0	0	0	0	0	1
0	4	G	40000	100000	0	0	0	0	0	0	0	0	0	0	2
0	4	A	40000	100000	0	0	0	0	0	0	0	0	0	0	1
0	4	B	40000	100000	0	0	0	0	0	0	0	0	0	0	1
0	5	G	40000	46536	53.464	28.5645	53464	34004	15	0	0	33617	90	282	33953
0	5	A	40000	56214	43.786	28.026	43786	15760	9	0	0	15435	43	273	15710
0	5	B	40000	52653	47.347	29.103	47347	18244	6	0	0	18182	47	9	18243
0	6	G	40000	2321	97.679	89.3	97679	10777	447	11	0	8091	1841	387	10252
0	6	A	40000	5647	94.353	88.711	94353	5642	143	0	0	4049	1191	259	5381
0	6	B	40000	4976	95.024	89.889	95024	5135	304	11	0	4042	650	128	4871
0	6	cSpy was 53 spamed and the readout avoided!
0	7	G	40000	97614	2.386	0.4195	2386	3689	0	0	0	3660	29	0	3691
0	7	A	40000	97770	2.23	0.389	2230	1841	0	0	0	1830	11	0	1842
0	7	B	40000	97702	2.298	0.45	2298	1848	0	0	0	1830	18	0	1849
1	0	G	40000	263	99.737	97.9345	99737	2277	159	0	0	1393	210	515	1846
1	0	A	40000	1098	98.902	97.42	98902	1482	140	0	0	757	123	462	1091
1	0	B	40000	756	99.244	98.449	99244	795	19	0	0	636	87	53	755
1	0	cSpy was 28 spamed and the readout avoided!
1	1	G	40000	96822	3.178	0.5205	3178	4735	0	0	0	4677	58	0	4737
1	1	A	40000	97188	2.812	0.447	2812	2365	0	0	0	2342	23	0	2366
1	1	B	40000	97036	2.964	0.594	2964	2370	0	0	0	2335	35	0	2371
1	2	G	40000	100000	0	0	0	0	0	0	0	0	0	0	2
1	2	A	40000	100000	0	0	0	0	0	0	0	0	0	0	1
1	2	B	40000	100000	0	0	0	0	0	0	0	0	0	0	1
1	3	G	40000	96960	3.04	0.6305	3040	4038	0	0	0	4019	12	7	4039
1	3	A	40000	97458	2.542	0.566	2542	1976	0	0	0	1961	8	7	1976
1	3	B	40000	97243	2.757	0.695	2757	2062	0	0	0	2058	4	0	2063
1	4	G	40000	0	100	100	100000	200000	200000	200000	200000	200000	200000	200000	200002
1	4	A	40000	0	100	100	100000	100000	100000	100000	100000	100000	100000	100000	100001
1	4	B	40000	0	100	100	100000	100000	100000	100000	100000	100000	100000	100000	100001
1	5	G	40000	48814	51.186	12.6955	51186	39180	0	0	0	34341	4835	4	39181
1	5	A	40000	74384	25.616	3.618	25616	21998	0	0	0	18882	3114	2	21998
1	5	B	40000	61045	38.955	21.773	38955	17182	0	0	0	15459	1721	2	17183
1	6	G	40000	100000	0	0	0	0	0	0	0	0	0	0	2
1	6	A	40000	100000	0	0	0	0	0	0	0	0	0	0	1
1	6	B	40000	100000	0	0	0	0	0	0	0	0	0	0	1
1	7	G	40000	100000	0	0	0	0	0	0	0	0	0	0	2
1	7	A	40000	100000	0	0	0	0	0	0	0	0	0	0	1
1	7	B	40000	100000	0	0	0	0	0	0	0	0	0	0	1
2	0	G	40000	2252	97.748	48.479	97748	4034	40	1	0	3812	106	75	3953
2	0	A	40000	2301	97.699	95.339	97699	2360	40	1	0	2138	106	75	2278
2	0	B	40000	96707	3.293	1.619	3293	1674	0	0	0	1674	0	0	1675
2	1	G	40000	99458	0.542003	0.1585	542	639	0	0	0	636	1	2	640
2	1	A	40000	99546	0.454003	0.149	454	305	0	0	0	302	1	2	305
2	1	B	40000	99498	0.502002	0.168	502	334	0	0	0	334	0	0	335
2	2	G	40000	27221	72.779	51.258	72779	25947	687	0	0	23290	1308	662	25394
2	2	A	40000	39228	60.772	49.315	60772	11457	392	0	0	9842	751	472	11084
2	2	B	40000	32309	67.691	53.201	67691	14490	295	0	0	13448	557	190	14310
2	3	G	40000	4335	95.665	76.3045	95665	23189	106	23	1	19557	3288	214	22976
2	3	A	40000	15194	84.806	70.139	84806	14667	42	0	0	12493	1992	140	14546
2	3	B	40000	9008	90.992	82.47	90992	8522	64	23	1	7064	1296	74	8430
2	3	cSpy was 14 spamed and the readout avoided!
2	4	G	40000	100000	0	0	0	0	0	0	0	0	0	0	2
2	4	A	40000	100000	0	0	0	0	0	0	0	0	0	0	1
2	4	B	40000	100000	0	0	0	0	0	0	0	0	0	0	1
2	5	G	40000	100000	0	0	0	0	0	0	0	0	0	0	2
2	5	A	40000	100000	0	0	0	0	0	0	0	0	0	0	1
2	5	B	40000	100000	0	0	0	0	0	0	0	0	0	0	1
2	6	G	40000	45221	54.779	31.238	54779	27822	24	0	0	26874	669	255	27793
2	6	A	40000	57787	42.213	29.613	42213	12600	18	0	0	11741	591	250	12572
2	6	B	40000	51915	48.085	32.863	48085	15222	6	0	0	15133	78	5	15221
2	7	G	40000	0	100	100	100000	200000	200000	200000	200000	200000	200000	200000	200002
2	7	A	40000	0	100	100	100000	100000	100000	100000	100000	100000	100000	100000	100001
2	7	B	40000	0	100	100	100000	100000	100000	100000	100000	100000	100000	100000	100001
3	0	G	40000	1077	98.923	68.408	98923	20672	215	1	0	19436	412	608	20181
3	0	A	40000	1642	98.358	96.264	98358	2094	182	0	0	1293	21	598	1625
3	0	B	40000	40870	59.13	40.552	59130	18578	33	1	0	18143	391	10	18556
3	0	cSpy was 6 spamed and the readout avoided!
3	1	G	40000	0	100	100	100000	200000	200000	200000	200000	200000	200000	200000	200002
3	1	A	40000	0	100	100	100000	100000	100000	100000	100000	100000	100000	100000	100001
3	1	B	40000	0	100	100	100000	100000	100000	100000	100000	100000	100000	100000	100001
3	2	G	40000	98527	1.473	0.024	1473	2894	0	0	0	2893	1	0	2896
3	2	A	40000	98527	1.473	0.024	1473	1449	0	0	0	1448	1	0	1450
3	2	B	40000	98531	1.469	0.024	1469	1445	0	0	0	1445	0	0	1446
3	3	G	40000	100000	0	0	0	0	0	0	0	0	0	0	2
3	3	A	40000	100000	0	0	0	0	0	0	0	0	0	0	1
3	3	B	40000	100000	0	0	0	0	0	0	0	0	0	0	1
3	4	G	40000	95189	4.811	0.596	4811	8075	0	0	0	8070	4	1	8077
3	4	A	40000	95401	4.599	0.551	4599	4048	0	0	0	4043	4	1	4049
3	4	B	40000	95332	4.668	0.641	4668	4027	0	0	0	4027	0	0	4028
3	5	G	40000	0	100	100	100000	200000	200000	200000	200000	200000	200000	200000	200002
3	5	A	40000	0	100	100	100000	100000	100000	100000	100000	100000	100000	100000	100001
3	5	B	40000	0	100	100	100000	100000	100000	100000	100000	100000	100000	100000	100001
3	6	G	40000	53989	46.011	11.469	46011	48578	11	4	0	44893	3642	28	48573
3	6	A	40000	63731	36.269	11.232	36269	25037	8	0	0	21876	3130	23	25035
3	6	B	40000	64753	35.247	11.706	35247	23541	3	4	0	23017	512	5	23538
3	6	cSpy was 7 spamed and the readout avoided!
3	7	G	40000	100000	0	0	0	0	0	0	0	0	0	0	2
3	7	A	40000	100000	0	0	0	0	0	0	0	0	0	0	1
3	7	B	40000	100000	0	0	0	0	0	0	0	0	0	0	1
4	0	G	40000	1137	98.863	67.467	98863	28584	134	0	0	25753	2537	160	28379
4	0	A	40000	1956	98.044	95.933	98044	2111	73	0	0	1378	523	137	1950
4	0	B	40000	34526	65.474	39.001	65474	26473	61	0	0	24375	2014	23	26429
4	0	cSpy was 5 spamed and the readout avoided!
4	1	G	40000	100000	0	0	0	0	0	0	0	0	0	0	2
4	1	A	40000	100000	0	0	0	0	0	0	0	0	0	0	1
4	1	B	40000	100000	0	0	0	0	0	0	0	0	0	0	1
4	2	G	40000	99138	0.862002	0.1175	862	1357	0	0	0	1357	0	0	1359
4	2	A	40000	99195	0.805002	0.13	805	675	0	0	0	675	0	0	676
4	2	B	40000	99213	0.787002	0.105	787	682	0	0	0	682	0	0	683
4	3	G	40000	26949	73.051	51.1455	73051	35095	634	0	0	33880	96	485	34241
4	3	A	40000	31092	68.908	51.381	68908	17527	307	0	0	16876	2	342	16962
4	3	B	40000	31522	68.478	50.91	68478	17568	327	0	0	17004	94	143	17279
4	3	cSpy was 6 spamed and the readout avoided!
4	4	G	40000	2962	97.038	88.276	97038	11797	324	25	4	10170	791	484	11292
4	4	A	40000	5570	94.43	88.662	94430	5768	175	17	3	4812	371	391	5402
4	4	B	40000	6081	93.919	87.89	93919	6029	149	8	1	5358	420	93	5890
4	4	cSpy was 50 spamed and the readout avoided!
4	5	G	40000	99406	0.594002	0.02	594	1145	0	0	0	1145	0	0	1147
4	5	A	40000	99407	0.593001	0.02	593	573	0	0	0	573	0	0	574
4	5	B	40000	99408	0.591999	0.02	592	572	0	0	0	572	0	0	573
4	6	G	40000	100000	0	0	0	0	0	0	0	0	0	0	2
4	6	A	40000	100000	0	0	0	0	0	0	0	0	0	0	1
4	6	B	40000	100000	0	0	0	0	0	0	0	0	0	0	1
4	7	G	40000	41468	58.532	37.8325	58532	32196	196	0	0	31797	8	195	31985
4	7	A	40000	46044	53.956	37.92	53956	16036	95	0	0	15773	7	161	15880
4	7	B	40000	46095	53.905	37.745	53905	16160	101	0	0	16024	1	34	16105
4	7	cSpy was 7 spamed and the readout avoided!
5	0	G	40000	503	99.497	56.629	99497	14402	134	0	0	13318	115	835	13869
5	0	A	40000	618	99.382	98.23	99382	1152	134	0	0	77	108	833	618
5	0	B	40000	71722	28.278	15.028	28278	13250	0	0	0	13241	7	2	13251
5	0	cSpy was 63 spamed and the readout avoided!
5	1	G	40000	80663	19.337	7.4635	19337	19126	4	0	0	19094	6	22	19120
5	1	A	40000	82928	17.072	7.632	17072	9440	2	0	0	9413	6	19	9435
5	1	B	40000	83019	16.981	7.295	16981	9686	2	0	0	9681	0	3	9685
5	2	G	40000	14	99.986	99.097	99986	1088	31	0	0	402	241	414	718
5	2	A	40000	27	99.973	99.677	99973	296	0	0	0	1	2	293	27
5	2	B	40000	691	99.309	98.517	99309	792	31	0	0	401	239	121	691
5	2	cSpy was 15 spamed and the readout avoided!
5	3	G	40000	96234	3.766	0.024	3766	7372	0	0	0	7274	98	0	7374
5	3	A	40000	96236	3.764	0.024	3764	3740	0	0	0	3644	96	0	3741
5	3	B	40000	96344	3.656	0.024	3656	3632	0	0	0	3630	2	0	3633
5	4	G	40000	100000	0	0	0	0	0	0	0	0	0	0	2
5	4	A	40000	100000	0	0	0	0	0	0	0	0	0	0	1
5	4	B	40000	100000	0	0	0	0	0	0	0	0	0	0	1
5	5	G	40000	97677	2.323	0.2315	2323	4017	0	0	0	4016	0	1	4019
5	5	A	40000	97737	2.263	0.257	2263	2006	0	0	0	2005	0	1	2007
5	5	B	40000	97783	2.217	0.206	2217	2011	0	0	0	2011	0	0	2012
5	6	G	40000	4	99.996	97.7085	99996	2404	202	1	0	1375	656	170	2166
5	6	A	40000	16	99.984	99.882	99984	102	0	0	0	6	0	96	16
5	6	B	40000	2163	97.837	95.535	97837	2302	202	1	0	1369	656	74	2150
5	6	cSpy was 67 spamed and the readout avoided!
5	7	G	40000	21291	78.709	27.777	78709	66148	0	0	0	58096	7860	192	66060
5	7	A	40000	37373	62.627	31.027	62627	31600	0	0	0	26812	4599	189	31511
5	7	B	40000	40925	59.075	24.527	59075	34548	0	0	0	31284	3261	3	34549
5	7	cSpy was 5 spamed and the readout avoided!
6	0	G	40000	488	99.512	96.775	99512	3535	363	1	1	1648	904	618	2904
6	0	A	40000	1100	98.9	97.341	98900	1559	189	0	0	263	584	523	1100
6	0	B	40000	1815	98.185	96.209	98185	1976	174	1	1	1385	320	95	1804
6	0	cSpy was 77 spamed and the readout avoided!
6	1	G	40000	12474	87.526	51.6	87526	46517	7	0	0	41429	4728	353	46331
6	1	A	40000	23741	76.259	54.084	76259	22175	0	0	0	19253	2582	340	21999
6	1	B	40000	26542	73.458	49.116	73458	24342	7	0	0	22176	2146	13	24332
6	1	cSpy was 6 spamed and the readout avoided!
6	2	G	40000	100000	0	0	0	0	0	0	0	0	0	0	2
6	2	A	40000	100000	0	0	0	0	0	0	0	0	0	0	1
6	2	B	40000	100000	0	0	0	0	0	0	0	0	0	0	1
6	3	G	40000	100000	0	0	0	0	0	0	0	0	0	0	2
6	3	A	40000	100000	0	0	0	0	0	0	0	0	0	0	1
6	3	B	40000	100000	0	0	0	0	0	0	0	0	0	0	1
6	4	G	40000	20412	79.588	58.6485	79588	34254	797	0	0	32710	162	585	33199
6	4	A	40000	23935	76.065	58.924	76065	17141	383	0	0	16342	0	416	16431
6	4	B	40000	24514	75.486	58.373	75486	17113	414	0	0	16368	162	169	16768
6	4	cSpy was 8 spamed and the readout avoided!
6	5	G	40000	2327	97.673	88.68	97673	11446	228	8	2	9722	703	783	10880
6	5	A	40000	5114	94.886	89.51	94886	5376	28	2	0	4384	312	650	5002
6	5	B	40000	6080	93.92	87.85	93920	6070	200	6	2	5338	391	133	5878
6	5	cSpy was 95 spamed and the readout avoided!
6	6	G	40000	100000	0	0	0	0	0	0	0	0	0	0	2
6	6	A	40000	100000	0	0	0	0	0	0	0	0	0	0	1
6	6	B	40000	100000	0	0	0	0	0	0	0	0	0	0	1
6	7	G	40000	100000	0	0	0	0	0	0	0	0	0	0	2
6	7	A	40000	100000	0	0	0	0	0	0	0	0	0	0	1
6	7	B	40000	100000	0	0	0	0	0	0	0	0	0	0	1
7	0	G	40000	1985	98.015	47.997	98015	3459	219	0	0	2590	81	569	2938
7	0	A	40000	2006	97.994	95.492	97994	2502	219	0	0	1633	81	569	1980
7	0	B	40000	98541	1.459	0.502	1459	957	0	0	0	957	0	0	958
7	1	G	40000	100000	0	0	0	0	0	0	0	0	0	0	2
7	1	A	40000	100000	0	0	0	0	0	0	0	0	0	0	1
7	1	B	40000	100000	0	0	0	0	0	0	0	0	0	0	1
7	2	G	40000	97764	2.236	0.353	2236	3287	1	1	0	3263	18	4	3288
7	2	A	40000	97967	2.033	0.392	2033	1641	1	1	0	1622	14	3	1642
7	2	B	40000	98040	1.96	0.314	1960	1646	0	0	0	1641	4	1	1646
7	3	G	40000	3450	96.55	86.6215	96550	12649	117	1	0	11363	744	424	12312
7	3	A	40000	5898	94.102	88.774	94102	5328	38	1	0	4856	151	282	5133
7	3	B	40000	8210	91.79	84.469	91790	7321	79	0	0	6507	593	142	7179
7	3	cSpy was 97 spamed and the readout avoided!
7	4	G	40000	68693	31.307	7.269	31307	39133	0	0	0	35368	3696	69	39115
7	4	A	40000	71264	28.736	7.35	28736	21386	0	0	0	18288	3029	69	21368
7	4	B	40000	75065	24.935	7.188	24935	17747	0	0	0	17080	667	0	17747
7	5	G	40000	100000	0	0	0	0	0	0	0	0	0	0	2
7	5	A	40000	100000	0	0	0	0	0	0	0	0	0	0	1
7	5	B	40000	100000	0	0	0	0	0	0	0	0	0	0	1
7	6	G	40000	97820	2.18	0.757	2180	1744	1	7	0	1707	25	4	1744
7	6	A	40000	98316	1.684	0.835	1684	849	1	7	0	832	5	4	848
7	6	B	40000	98426	1.574	0.679	1574	895	0	0	0	875	20	0	896
7	7	G	40000	59323	40.677	15.608	40677	36601	48	74	0	35670	624	185	36486
7	7	A	40000	65172	34.828	16.139	34828	18689	48	74	0	18132	250	185	18573
7	7	B	40000	67011	32.989	15.077	32989	17912	0	0	0	17538	374	0	17913
7	7	cSpy was 8 spamed and the readout avoided!
