#the gain was set to: 2	the bias was set to: 30
#Sent triggers per delay setting: 100000	and with a frequency [Hz] of: 40000
#160MHz delay setting	400MHz delay setting	Frequency	correct transmitted H+T		error rate [%]	uncertainty [%]	bad or missed events	error count	missing headers	missing trailers	flipped H/T	event nr errors	tbm missed trigger	unknown errors	event nr resets
0	0	G	40000	415	99.585	71.5535	99585	19070	114	0	0	17999	294	663	18517
0	0	A	40000	617	99.383	98.22	99383	1163	93	0	0	168	249	653	617
0	0	B	40000	37206	62.794	44.887	62794	17907	21	0	0	17831	45	10	17900
0	0	cSpy was 34 spamed and the readout avoided!
0	1	G	40000	27238	72.762	52.402	72762	26116	337	0	0	25137	8	634	25826
0	1	A	40000	37278	62.722	51.748	62722	10974	170	0	0	10315	3	486	10787
0	1	B	40000	31802	68.198	53.056	68198	15142	167	0	0	14822	5	148	15039
0	2	G	40000	4790	95.21	78.387	95210	21373	84	1	0	18060	2844	384	21101
0	2	A	40000	9485	90.515	81.257	90515	9258	51	0	0	7310	1530	367	9019
0	2	B	40000	12368	87.632	75.517	87632	12115	33	1	0	10750	1314	17	12082
0	2	cSpy was 2 spamed and the readout avoided!
0	3	G	40000	100000	0	0	0	0	0	0	0	0	0	0	2
0	3	A	40000	100000	0	0	0	0	0	0	0	0	0	0	1
0	3	B	40000	100000	0	0	0	0	0	0	0	0	0	0	1
0	4	G	40000	99940	0.059998	0.006	60	100	0	0	0	100	0	0	102
0	4	A	40000	99947	0.0530005	0.006	53	47	0	0	0	47	0	0	48
0	4	B	40000	99941	0.0590026	0.006	59	53	0	0	0	53	0	0	54
0	5	G	40000	44638	55.362	30.755	55362	33686	14	0	0	33241	135	296	33622
0	5	A	40000	54148	45.852	30.204	45852	15648	8	0	0	15284	64	292	15588
0	5	B	40000	50656	49.344	31.306	49344	18038	6	0	0	17957	71	4	18034
0	6	G	40000	0	100	100	100000	200000	200000	200000	200000	200000	200000	200000	200002
0	6	A	40000	0	100	100	100000	100000	100000	100000	100000	100000	100000	100000	100001
0	6	B	40000	0	100	100	100000	100000	100000	100000	100000	100000	100000	100000	100001
0	7	G	40000	99099	0.901002	0.204	901	1393	0	0	0	1393	0	0	1395
0	7	A	40000	99100	0.9	0.204	900	696	0	0	0	696	0	0	697
0	7	B	40000	99099	0.901002	0.204	901	697	0	0	0	697	0	0	698
1	0	G	40000	314	99.686	97.671	99686	2513	173	1	0	1739	176	424	2127
1	0	A	40000	1416	98.584	96.849	98584	1735	150	1	0	1097	117	370	1400
1	0	B	40000	729	99.271	98.493	99271	778	23	0	0	642	59	54	727
1	0	cSpy was 34 spamed and the readout avoided!
1	1	G	40000	99246	0.753999	0.0085	754	1485	0	0	0	1483	2	0	1487
1	1	A	40000	99251	0.748998	0.007	749	742	0	0	0	741	1	0	743
1	1	B	40000	99247	0.752997	0.01	753	743	0	0	0	742	1	0	744
1	2	G	40000	100000	0	0	0	0	0	0	0	0	0	0	2
1	2	A	40000	100000	0	0	0	0	0	0	0	0	0	0	1
1	2	B	40000	100000	0	0	0	0	0	0	0	0	0	0	1
1	3	G	40000	96675	3.325	0.601	3325	5071	0	0	0	5068	2	1	5073
1	3	A	40000	96968	3.032	0.573	3032	2459	0	0	0	2456	2	1	2460
1	3	B	40000	96759	3.241	0.629	3241	2612	0	0	0	2612	0	0	2613
1	4	G	40000	503	99.497	96.803	99497	3447	237	1	0	1655	1058	496	2921
1	4	A	40000	1729	98.271	96.389	98271	1882	68	0	0	788	856	170	1705
1	4	B	40000	1218	98.782	97.217	98782	1565	169	1	0	867	202	326	1216
1	4	cSpy was 54 spamed and the readout avoided!
1	5	G	40000	67011	32.989	7.314	32989	25458	2	0	0	22075	3364	17	25457
1	5	A	40000	84030	15.97	3.109	15970	12861	0	0	0	11210	1635	16	12862
1	5	B	40000	75884	24.116	11.519	24116	12597	2	0	0	10865	1729	1	12595
1	6	G	40000	100000	0	0	0	0	0	0	0	0	0	0	2
1	6	A	40000	100000	0	0	0	0	0	0	0	0	0	0	1
1	6	B	40000	100000	0	0	0	0	0	0	0	0	0	0	1
1	7	G	40000	98401	1.599	0.7325	1599	1065	0	0	0	1049	9	7	1065
1	7	A	40000	98825	1.175	0.692	1175	483	0	0	0	468	8	7	482
1	7	B	40000	98645	1.355	0.773	1355	582	0	0	0	581	1	0	583
2	0	G	40000	2568	97.432	48.0335	97432	4051	55	0	0	3806	107	83	3953
2	0	A	40000	2612	97.388	94.734	97388	2654	55	0	0	2409	107	83	2555
2	0	B	40000	97270	2.73	1.333	2730	1397	0	0	0	1397	0	0	1398
2	1	G	40000	99993	0.00699759	0	7	14	0	0	0	14	0	0	16
2	1	A	40000	99993	0.00699759	0	7	7	0	0	0	7	0	0	8
2	1	B	40000	99993	0.00699759	0	7	7	0	0	0	7	0	0	8
2	2	G	40000	37180	62.82	42.851	62820	25266	655	1	0	22944	1097	569	24695
2	2	A	40000	47292	52.708	41.276	52708	11432	363	1	0	10216	479	373	11077
2	2	B	40000	41740	58.26	44.426	58260	13834	292	0	0	12728	618	196	13618
2	3	G	40000	6518	93.482	66.81	93482	31982	76	0	0	28286	3526	94	31892
2	3	A	40000	21726	78.274	57.548	78274	20726	3	0	0	17990	2688	45	20693
2	3	B	40000	12672	87.328	76.072	87328	11256	73	0	0	10296	838	49	11199
2	3	cSpy was 1 spamed and the readout avoided!
2	4	G	40000	100000	0	0	0	0	0	0	0	0	0	0	2
2	4	A	40000	100000	0	0	0	0	0	0	0	0	0	0	1
2	4	B	40000	100000	0	0	0	0	0	0	0	0	0	0	1
2	5	G	40000	100000	0	0	0	0	0	0	0	0	0	0	2
2	5	A	40000	100000	0	0	0	0	0	0	0	0	0	0	1
2	5	B	40000	100000	0	0	0	0	0	0	0	0	0	0	1
2	6	G	40000	31466	68.534	44.4655	68534	27999	164	0	0	26489	906	440	27862
2	6	A	40000	45096	54.904	42.434	54904	12470	102	0	0	11227	737	404	12355
2	6	B	40000	37974	62.026	46.497	62026	15529	62	0	0	15262	169	36	15507
2	7	G	40000	0	100	100	100000	200000	200000	200000	200000	200000	200000	200000	200002
2	7	A	40000	0	100	100	100000	100000	100000	100000	100000	100000	100000	100000	100001
2	7	B	40000	0	100	100	100000	100000	100000	100000	100000	100000	100000	100000	100001
3	0	G	40000	934	99.066	75.6975	99066	16521	257	2	0	15296	309	657	15973
3	0	A	40000	1511	98.489	96.486	98489	2003	196	0	0	1147	29	631	1494
3	0	B	40000	30573	69.427	54.909	69427	14518	61	2	0	14149	280	26	14479
3	0	cSpy was 15 spamed and the readout avoided!
3	1	G	40000	0	100	100	100000	200000	200000	200000	200000	200000	200000	200000	200002
3	1	A	40000	0	100	100	100000	100000	100000	100000	100000	100000	100000	100000	100001
3	1	B	40000	0	100	100	100000	100000	100000	100000	100000	100000	100000	100000	100001
3	2	G	40000	99770	0.230002	0.001	230	458	0	0	0	458	0	0	460
3	2	A	40000	99770	0.230002	0.001	230	229	0	0	0	229	0	0	230
3	2	B	40000	99770	0.230002	0.001	230	229	0	0	0	229	0	0	230
3	3	G	40000	100000	0	0	0	0	0	0	0	0	0	0	2
3	3	A	40000	100000	0	0	0	0	0	0	0	0	0	0	1
3	3	B	40000	100000	0	0	0	0	0	0	0	0	0	0	1
3	4	G	40000	92816	7.184	1.307	7184	10826	0	0	0	10816	9	1	10828
3	4	A	40000	93343	6.657	1.22	6657	5437	0	0	0	5427	9	1	5438
3	4	B	40000	93217	6.783	1.394	6783	5389	0	0	0	5389	0	0	5390
3	5	G	40000	0	100	100	100000	200000	200000	200000	200000	200000	200000	200000	200002
3	5	A	40000	0	100	100	100000	100000	100000	100000	100000	100000	100000	100000	100001
3	5	B	40000	0	100	100	100000	100000	100000	100000	100000	100000	100000	100000	100001
3	6	G	40000	69807	30.193	7.9675	30193	35835	7	7	0	33451	2321	49	35810
3	6	A	40000	73183	26.817	7.885	26817	18932	1	0	0	16732	2186	13	18931
3	6	B	40000	75047	24.953	8.05	24953	16903	6	7	0	16719	135	36	16879
3	6	cSpy was 3 spamed and the readout avoided!
3	7	G	40000	100000	0	0	0	0	0	0	0	0	0	0	2
3	7	A	40000	100000	0	0	0	0	0	0	0	0	0	0	1
3	7	B	40000	100000	0	0	0	0	0	0	0	0	0	0	1
4	0	G	40000	1257	98.743	66.29	98743	25856	153	3	0	23537	1953	210	25608
4	0	A	40000	2123	97.877	95.549	97877	2328	111	2	0	1421	603	191	2115
4	0	B	40000	39441	60.559	37.031	60559	23528	42	1	0	22116	1350	19	23493
4	0	cSpy was 5 spamed and the readout avoided!
4	1	G	40000	100000	0	0	0	0	0	0	0	0	0	0	2
4	1	A	40000	100000	0	0	0	0	0	0	0	0	0	0	1
4	1	B	40000	100000	0	0	0	0	0	0	0	0	0	0	1
4	2	G	40000	99659	0.340998	0.021	341	626	0	0	0	626	0	0	628
4	2	A	40000	99662	0.338	0.025	338	313	0	0	0	313	0	0	314
4	2	B	40000	99670	0.330001	0.017	330	313	0	0	0	313	0	0	314
4	3	G	40000	23930	76.07	53.745	76070	35217	662	0	0	33954	92	509	34349
4	3	A	40000	28405	71.595	53.983	71595	17612	322	0	0	16918	2	370	17017
4	3	B	40000	28888	71.112	53.507	71112	17605	340	0	0	17036	90	139	17332
4	3	cSpy was 7 spamed and the readout avoided!
4	4	G	40000	4628	95.372	81.7075	95372	18114	232	19	0	16079	1344	440	17713
4	4	A	40000	8952	91.048	82.129	91048	8919	125	10	0	7748	650	386	8617
4	4	B	40000	9519	90.481	81.286	90481	9195	107	9	0	8331	694	54	9096
4	4	cSpy was 40 spamed and the readout avoided!
4	5	G	40000	100000	0	0	0	0	0	0	0	0	0	0	2
4	5	A	40000	100000	0	0	0	0	0	0	0	0	0	0	1
4	5	B	40000	100000	0	0	0	0	0	0	0	0	0	0	1
4	6	G	40000	100000	0	0	0	0	0	0	0	0	0	0	2
4	6	A	40000	100000	0	0	0	0	0	0	0	0	0	0	1
4	6	B	40000	100000	0	0	0	0	0	0	0	0	0	0	1
4	7	G	40000	33475	66.525	45.5685	66525	32720	298	0	0	32141	15	266	32350
4	7	A	40000	37982	62.018	45.658	62018	16360	144	0	0	16007	2	207	16095
4	7	B	40000	38161	61.839	45.479	61839	16360	154	0	0	16134	13	59	16255
4	7	cSpy was 5 spamed and the readout avoided!
5	0	G	40000	515	99.485	56.2935	99485	14312	144	0	0	13234	100	834	13767
5	0	A	40000	615	99.385	98.224	99385	1161	144	0	0	90	94	833	615
5	0	B	40000	72486	27.514	14.363	27514	13151	0	0	0	13144	6	1	13152
5	0	cSpy was 56 spamed and the readout avoided!
5	1	G	40000	62748	37.252	17.7195	37252	29948	13	1	0	29855	7	72	29930
5	1	A	40000	67314	32.686	17.934	32686	14752	6	0	0	14673	7	66	14736
5	1	B	40000	67299	32.701	17.505	32701	15196	7	1	0	15182	0	6	15194
5	1	cSpy was 1 spamed and the readout avoided!
5	2	G	40000	33	99.967	98.752	99967	1531	43	1	0	675	145	667	960
5	2	A	40000	95	99.905	99.327	99905	578	1	0	0	5	2	570	94
5	2	B	40000	870	99.13	98.177	99130	953	42	1	0	670	143	97	866
5	2	cSpy was 37 spamed and the readout avoided!
5	3	G	40000	98651	1.349	0.002	1349	2689	0	0	0	2684	5	0	2691
5	3	A	40000	98651	1.349	0.002	1349	1347	0	0	0	1342	5	0	1348
5	3	B	40000	98656	1.344	0.002	1344	1342	0	0	0	1342	0	0	1343
5	4	G	40000	100000	0	0	0	0	0	0	0	0	0	0	2
5	4	A	40000	100000	0	0	0	0	0	0	0	0	0	0	1
5	4	B	40000	100000	0	0	0	0	0	0	0	0	0	0	1
5	5	G	40000	84771	15.229	4.416	15229	17907	1	0	0	17897	1	8	17908
5	5	A	40000	86538	13.462	4.623	13462	8839	0	0	0	8830	1	8	8839
5	5	B	40000	86723	13.277	4.209	13277	9068	1	0	0	9067	0	0	9069
5	6	G	40000	44	99.956	98.0895	99956	2094	200	0	0	766	768	360	1724
5	6	A	40000	107	99.893	99.639	99893	254	3	0	0	37	9	205	107
5	6	B	40000	1620	98.38	96.54	98380	1840	197	0	0	729	759	155	1617
5	6	cSpy was 60 spamed and the readout avoided!
5	7	G	40000	31187	68.813	17.2955	68813	65937	21	15	0	58460	7304	137	65862
5	7	A	40000	48403	51.597	19.179	51597	32418	21	15	0	27897	4349	136	32343
5	7	B	40000	51069	48.931	15.412	48931	33519	0	0	0	30563	2955	1	33519
5	7	cSpy was 2 spamed and the readout avoided!
6	0	G	40000	519	99.481	96.3495	99481	3942	337	5	0	1911	1061	628	3351
6	0	A	40000	1201	98.799	97.144	98799	1655	177	2	0	205	728	543	1201
6	0	B	40000	2158	97.842	95.555	97842	2287	160	3	0	1706	333	85	2150
6	0	cSpy was 77 spamed and the readout avoided!
6	1	G	40000	14431	85.569	46.4035	85569	50982	7	0	0	45464	5211	300	50825
6	1	A	40000	26645	73.355	49.01	73355	24345	2	0	0	21132	2917	294	24194
6	1	B	40000	29566	70.434	43.797	70434	26637	5	0	0	24332	2294	6	26631
6	1	cSpy was 2 spamed and the readout avoided!
6	2	G	40000	100000	0	0	0	0	0	0	0	0	0	0	2
6	2	A	40000	100000	0	0	0	0	0	0	0	0	0	0	1
6	2	B	40000	100000	0	0	0	0	0	0	0	0	0	0	1
6	3	G	40000	100000	0	0	0	0	0	0	0	0	0	0	2
6	3	A	40000	100000	0	0	0	0	0	0	0	0	0	0	1
6	3	B	40000	100000	0	0	0	0	0	0	0	0	0	0	1
6	4	G	40000	19575	80.425	58.944	80425	34036	796	0	0	32510	138	592	32977
6	4	A	40000	23736	76.264	59.232	76264	17032	392	0	0	16216	1	423	16323
6	4	B	40000	24340	75.66	58.656	75660	17004	404	0	0	16294	137	169	16654
6	4	cSpy was 7 spamed and the readout avoided!
6	5	G	40000	2952	97.048	86.8535	97048	13249	228	8	0	11364	801	848	12667
6	5	A	40000	6075	93.925	87.611	93925	6314	38	0	0	5214	374	688	5942
6	5	B	40000	6969	93.031	86.096	93031	6935	190	8	0	6150	427	160	6725
6	5	cSpy was 64 spamed and the readout avoided!
6	6	G	40000	100000	0	0	0	0	0	0	0	0	0	0	2
6	6	A	40000	100000	0	0	0	0	0	0	0	0	0	0	1
6	6	B	40000	100000	0	0	0	0	0	0	0	0	0	0	1
6	7	G	40000	100000	0	0	0	0	0	0	0	0	0	0	2
6	7	A	40000	100000	0	0	0	0	0	0	0	0	0	0	1
6	7	B	40000	100000	0	0	0	0	0	0	0	0	0	0	1
7	0	G	40000	2099	97.901	47.865	97901	3403	202	0	0	2580	74	547	2932
7	0	A	40000	2121	97.879	95.309	97879	2570	202	0	0	1747	74	547	2098
7	0	B	40000	98746	1.254	0.421	1254	833	0	0	0	833	0	0	834
7	0	cSpy was 1 spamed and the readout avoided!
7	1	G	40000	100000	0	0	0	0	0	0	0	0	0	0	2
7	1	A	40000	100000	0	0	0	0	0	0	0	0	0	0	1
7	1	B	40000	100000	0	0	0	0	0	0	0	0	0	0	1
7	2	G	40000	97299	2.701	0.5935	2701	3288	5	5	0	3242	31	5	3289
7	2	A	40000	97715	2.285	0.661	2285	1624	5	5	0	1592	17	5	1624
7	2	B	40000	97810	2.19	0.526	2190	1664	0	0	0	1650	14	0	1665
7	3	G	40000	3058	96.942	87.98	96942	11485	126	3	0	10168	685	503	11073
7	3	A	40000	5145	94.855	90.092	94855	4763	55	2	0	4264	128	314	4524
7	3	B	40000	7410	92.59	85.868	92590	6722	71	1	0	5904	557	189	6549
7	3	cSpy was 99 spamed and the readout avoided!
7	4	G	40000	84354	15.646	2.675	15646	23298	0	0	0	21473	1805	20	23300
7	4	A	40000	84693	15.307	2.676	15307	12631	0	0	0	11045	1566	20	12632
7	4	B	40000	86659	13.341	2.674	13341	10667	0	0	0	10428	239	0	10668
7	5	G	40000	100000	0	0	0	0	0	0	0	0	0	0	2
7	5	A	40000	100000	0	0	0	0	0	0	0	0	0	0	1
7	5	B	40000	100000	0	0	0	0	0	0	0	0	0	0	1
7	6	G	40000	99144	0.856	0.1595	856	1044	0	0	0	1039	3	2	1045
7	6	A	40000	99295	0.704998	0.184	705	521	0	0	0	516	3	2	521
7	6	B	40000	99342	0.658	0.135	658	523	0	0	0	523	0	0	524
7	7	G	40000	47982	52.018	23.9725	52018	42022	14	16	0	40665	1118	209	41929
7	7	A	40000	54312	45.688	24.446	45688	21242	11	16	0	20532	476	207	21152
7	7	B	40000	55721	44.279	23.499	44279	20780	3	0	0	20133	642	2	20777
7	7	cSpy was 7 spamed and the readout avoided!
