#the gain was set to: 2	the bias was set to: 30
#Sent triggers per delay setting: 100000	and with a frequency [Hz] of: 40000
#160MHz delay setting	400MHz delay setting	Frequency	correct transmitted H+T		error rate [%]	uncertainty [%]	bad or missed events	error count	missing headers	missing trailers	flipped H/T	event nr errors	tbm missed trigger	unknown errors	event nr resets
0	0	G	40000	454	99.546	70.5305	99546	19136	116	0	0	18096	340	584	18629
0	0	A	40000	661	99.339	98.176	99339	1163	104	0	0	183	298	578	661
0	0	B	40000	39142	60.858	42.885	60858	17973	12	0	0	17913	42	6	17968
0	0	cSpy was 31 spamed and the readout avoided!
0	1	G	40000	27885	72.115	52.605	72115	25551	494	0	0	24367	0	690	25127
0	1	A	40000	37307	62.693	52.076	62693	10617	246	0	0	9886	0	485	10373
0	1	B	40000	31932	68.068	53.134	68068	14934	248	0	0	14481	0	205	14754
0	2	G	40000	5575	94.425	76.2755	94425	23329	73	0	0	19764	3166	326	23121
0	2	A	40000	11576	88.424	77.323	88424	11101	37	0	0	8891	1861	312	10912
0	2	B	40000	12544	87.456	75.228	87456	12228	36	0	0	10873	1305	14	12209
0	2	cSpy was 1 spamed and the readout avoided!
0	3	G	40000	100000	0	0	0	0	0	0	0	0	0	0	2
0	3	A	40000	100000	0	0	0	0	0	0	0	0	0	0	1
0	3	B	40000	100000	0	0	0	0	0	0	0	0	0	0	1
0	4	G	40000	99973	0.0270009	0.001	27	44	0	0	0	44	0	0	46
0	4	A	40000	99981	0.019002	0.001	19	18	0	0	0	18	0	0	19
0	4	B	40000	99973	0.0270009	0.001	27	26	0	0	0	26	0	0	27
0	5	G	40000	52648	47.352	28.1375	47352	26569	14	0	0	26197	100	258	26513
0	5	A	40000	60149	39.851	27.659	39851	12192	9	0	0	11881	49	253	12139
0	5	B	40000	57007	42.993	28.616	42993	14377	5	0	0	14316	51	5	14374
0	6	G	40000	0	100	100	100000	200000	200000	200000	200000	200000	200000	200000	200002
0	6	A	40000	0	100	100	100000	100000	100000	100000	100000	100000	100000	100000	100001
0	6	B	40000	0	100	100	100000	100000	100000	100000	100000	100000	100000	100000	100001
0	7	G	40000	99307	0.692999	0.184	693	1018	0	0	0	1018	0	0	1020
0	7	A	40000	99307	0.692999	0.184	693	509	0	0	0	509	0	0	510
0	7	B	40000	99307	0.692999	0.184	693	509	0	0	0	509	0	0	510
1	0	G	40000	272	99.728	97.6295	99728	2558	172	2	0	1833	155	396	2157
1	0	A	40000	1545	98.455	96.577	98455	1878	152	2	0	1262	113	349	1521
1	0	B	40000	638	99.362	98.682	99362	680	20	0	0	571	42	47	636
1	0	cSpy was 22 spamed and the readout avoided!
1	1	G	40000	99431	0.568998	0.003	569	1132	0	0	0	1132	0	0	1134
1	1	A	40000	99431	0.568998	0.003	569	566	0	0	0	566	0	0	567
1	1	B	40000	99431	0.568998	0.003	569	566	0	0	0	566	0	0	567
1	2	G	40000	100000	0	0	0	0	0	0	0	0	0	0	2
1	2	A	40000	100000	0	0	0	0	0	0	0	0	0	0	1
1	2	B	40000	100000	0	0	0	0	0	0	0	0	0	0	1
1	3	G	40000	95788	4.212	0.8935	4212	6048	0	0	0	6040	3	5	6050
1	3	A	40000	96225	3.775	0.85	3775	2925	0	0	0	2917	3	5	2926
1	3	B	40000	95940	4.06	0.937	4060	3123	0	0	0	3123	0	0	3124
1	4	G	40000	829	99.171	95.4885	99171	4722	400	3	0	2719	1253	347	4214
1	4	A	40000	2611	97.389	94.682	97389	2707	111	0	0	1463	1007	126	2530
1	4	B	40000	1690	98.31	96.295	98310	2015	289	3	0	1256	246	221	1684
1	4	cSpy was 40 spamed and the readout avoided!
1	5	G	40000	75935	24.065	4.954	24065	19311	0	0	0	17084	2219	8	19313
1	5	A	40000	88074	11.926	2.305	11926	9621	0	0	0	8613	1000	8	9622
1	5	B	40000	82707	17.293	7.603	17293	9690	0	0	0	8471	1219	0	9691
1	6	G	40000	100000	0	0	0	0	0	0	0	0	0	0	2
1	6	A	40000	100000	0	0	0	0	0	0	0	0	0	0	1
1	6	B	40000	100000	0	0	0	0	0	0	0	0	0	0	1
1	7	G	40000	99984	0.0159979	0	16	32	0	0	0	32	0	0	34
1	7	A	40000	99984	0.0159979	0	16	16	0	0	0	16	0	0	17
1	7	B	40000	99984	0.0159979	0	16	16	0	0	0	16	0	0	17
2	0	G	40000	2659	97.341	47.9125	97341	4036	48	2	0	3803	105	78	3950
2	0	A	40000	2696	97.304	94.583	97304	2721	48	2	0	2488	105	78	2634
2	0	B	40000	97443	2.557	1.242	2557	1315	0	0	0	1315	0	0	1316
2	1	G	40000	98251	1.749	0.5595	1749	1623	0	0	0	1600	16	7	1625
2	1	A	40000	98697	1.303	0.508	1303	795	0	0	0	777	11	7	796
2	1	B	40000	98561	1.439	0.611	1439	828	0	0	0	823	5	0	829
2	2	G	40000	23522	76.478	53.017	76478	28320	885	8	0	25268	1383	776	27490
2	2	A	40000	36254	63.746	50.6	63746	13146	446	4	0	10899	1293	504	12674
2	2	B	40000	29392	70.608	55.434	70608	15174	439	4	0	14369	90	272	14816
2	3	G	40000	6493	93.507	69.7105	93507	28308	98	0	0	24135	3936	139	28174
2	3	A	40000	19635	80.365	62.646	80365	17719	19	0	0	15044	2575	81	17648
2	3	B	40000	12636	87.364	76.775	87364	10589	79	0	0	9091	1361	58	10526
2	3	cSpy was 21 spamed and the readout avoided!
2	4	G	40000	100000	0	0	0	0	0	0	0	0	0	0	2
2	4	A	40000	100000	0	0	0	0	0	0	0	0	0	0	1
2	4	B	40000	100000	0	0	0	0	0	0	0	0	0	0	1
2	5	G	40000	100000	0	0	0	0	0	0	0	0	0	0	2
2	5	A	40000	100000	0	0	0	0	0	0	0	0	0	0	1
2	5	B	40000	100000	0	0	0	0	0	0	0	0	0	0	1
2	6	G	40000	38739	61.261	36.6545	61261	28571	58	0	0	26870	1319	324	28499
2	6	A	40000	52300	47.7	34.164	47700	13536	34	0	0	11955	1242	305	13478
2	6	B	40000	45820	54.18	39.145	54180	15035	24	0	0	14915	77	19	15021
2	7	G	40000	0	100	100	100000	200000	200000	200000	200000	200000	200000	200000	200002
2	7	A	40000	0	100	100	100000	100000	100000	100000	100000	100000	100000	100000	100001
2	7	B	40000	0	100	100	100000	100000	100000	100000	100000	100000	100000	100000	100001
3	0	G	40000	898	99.102	77.6735	99102	16815	298	4	1	15537	323	652	16212
3	0	A	40000	1499	98.501	96.479	98501	2022	210	0	0	1167	30	615	1485
3	0	B	40000	26339	73.661	58.868	73661	14793	88	4	1	14370	293	37	14727
3	0	cSpy was 11 spamed and the readout avoided!
3	1	G	40000	0	100	100	100000	200000	200000	200000	200000	200000	200000	200000	200002
3	1	A	40000	0	100	100	100000	100000	100000	100000	100000	100000	100000	100000	100001
3	1	B	40000	0	100	100	100000	100000	100000	100000	100000	100000	100000	100000	100001
3	2	G	40000	99880	0.120002	0	120	240	0	0	0	240	0	0	242
3	2	A	40000	99880	0.120002	0	120	120	0	0	0	120	0	0	121
3	2	B	40000	99880	0.120002	0	120	120	0	0	0	120	0	0	121
3	3	G	40000	100000	0	0	0	0	0	0	0	0	0	0	2
3	3	A	40000	100000	0	0	0	0	0	0	0	0	0	0	1
3	3	B	40000	100000	0	0	0	0	0	0	0	0	0	0	1
3	4	G	40000	91824	8.176	1.9055	8176	11226	0	0	0	11202	20	4	11228
3	4	A	40000	92536	7.464	1.816	7464	5648	0	0	0	5627	17	4	5649
3	4	B	40000	92427	7.573	1.995	7573	5578	0	0	0	5575	3	0	5579
3	5	G	40000	0	100	100	100000	200000	200000	200000	200000	200000	200000	200000	200002
3	5	A	40000	0	100	100	100000	100000	100000	100000	100000	100000	100000	100000	100001
3	5	B	40000	0	100	100	100000	100000	100000	100000	100000	100000	100000	100000	100001
3	6	G	40000	76796	23.204	5.8225	23204	30033	13	13	0	28351	1626	30	30021
3	6	A	40000	78356	21.644	5.782	21644	15862	1	0	0	14285	1566	10	15863
3	6	B	40000	79966	20.034	5.863	20034	14171	12	13	0	14066	60	20	14158
3	6	cSpy was 4 spamed and the readout avoided!
3	7	G	40000	100000	0	0	0	0	0	0	0	0	0	0	2
3	7	A	40000	100000	0	0	0	0	0	0	0	0	0	0	1
3	7	B	40000	100000	0	0	0	0	0	0	0	0	0	0	1
4	0	G	40000	0	100	100	100000	200000	200000	200000	200000	200000	200000	200000	200002
4	0	A	40000	0	100	100	100000	100000	100000	100000	100000	100000	100000	100000	100001
4	0	B	40000	0	100	100	100000	100000	100000	100000	100000	100000	100000	100000	100001
4	1	G	40000	100000	0	0	0	0	0	0	0	0	0	0	2
4	1	A	40000	100000	0	0	0	0	0	0	0	0	0	0	1
4	1	B	40000	100000	0	0	0	0	0	0	0	0	0	0	1
4	2	G	40000	100000	0	0	0	0	0	0	0	0	0	0	2
4	2	A	40000	100000	0	0	0	0	0	0	0	0	0	0	1
4	2	B	40000	100000	0	0	0	0	0	0	0	0	0	0	1
4	3	G	40000	21042	78.958	56.585	78958	34726	695	0	0	33383	105	543	33793
4	3	A	40000	25774	74.226	56.86	74226	17366	341	0	0	16635	3	387	16742
4	3	B	40000	26330	73.67	56.31	73670	17360	354	0	0	16748	102	156	17051
4	3	cSpy was 7 spamed and the readout avoided!
4	4	G	40000	7214	92.786	72.496	92786	26922	187	20	0	24033	2225	457	26579
4	4	A	40000	13715	86.285	72.959	86285	13326	100	13	0	11691	1109	413	13047
4	4	B	40000	14371	85.629	72.033	85629	13596	87	7	0	12342	1116	44	13532
4	4	cSpy was 27 spamed and the readout avoided!
4	5	G	40000	100000	0	0	0	0	0	0	0	0	0	0	2
4	5	A	40000	100000	0	0	0	0	0	0	0	0	0	0	1
4	5	B	40000	100000	0	0	0	0	0	0	0	0	0	0	1
4	6	G	40000	100000	0	0	0	0	0	0	0	0	0	0	2
4	6	A	40000	100000	0	0	0	0	0	0	0	0	0	0	1
4	6	B	40000	100000	0	0	0	0	0	0	0	0	0	0	1
4	7	G	40000	25985	74.015	51.7485	74015	35159	390	0	0	34409	14	346	34677
4	7	A	40000	30542	69.458	51.87	69458	17588	188	0	0	17145	0	255	17254
4	7	B	40000	30802	69.198	51.627	69198	17571	202	0	0	17264	14	91	17423
4	7	cSpy was 6 spamed and the readout avoided!
5	0	G	40000	517	99.483	56.2675	99483	14164	144	0	0	13069	102	849	13627
5	0	A	40000	627	99.373	98.208	99373	1165	144	0	0	80	92	849	627
5	0	B	40000	72674	27.326	14.327	27326	12999	0	0	0	12989	10	0	13000
5	0	cSpy was 35 spamed and the readout avoided!
5	1	G	40000	48511	51.489	26.7525	51489	37207	52	0	0	37054	7	94	37156
5	1	A	40000	54679	45.321	26.961	45321	18360	26	0	0	18240	7	87	18314
5	1	B	40000	54609	45.391	26.544	45391	18847	26	0	0	18814	0	7	18842
5	1	cSpy was 3 spamed and the readout avoided!
5	2	G	40000	28	99.972	98.8045	99972	1541	35	0	0	614	121	771	849
5	2	A	40000	72	99.928	99.267	99928	661	0	0	0	8	0	653	72
5	2	B	40000	778	99.222	98.342	99222	880	35	0	0	606	121	118	777
5	2	cSpy was 32 spamed and the readout avoided!
5	3	G	40000	98919	1.081	0.001	1081	2159	0	0	0	2158	1	0	2161
5	3	A	40000	98919	1.081	0.001	1081	1080	0	0	0	1079	1	0	1081
5	3	B	40000	98920	1.08	0.001	1080	1079	0	0	0	1079	0	0	1080
5	4	G	40000	100000	0	0	0	0	0	0	0	0	0	0	2
5	4	A	40000	100000	0	0	0	0	0	0	0	0	0	0	1
5	4	B	40000	100000	0	0	0	0	0	0	0	0	0	0	1
5	5	G	40000	91123	8.877	2.675	8877	10773	2	0	0	10763	1	7	10772
5	5	A	40000	91873	8.127	2.777	8127	5350	1	0	0	5341	1	7	5349
5	5	B	40000	92004	7.996	2.573	7996	5423	1	0	0	5422	0	0	5423
5	6	G	40000	0	100	100	100000	200000	200000	200000	200000	200000	200000	200000	200002
5	6	A	40000	0	100	100	100000	100000	100000	100000	100000	100000	100000	100000	100001
5	6	B	40000	0	100	100	100000	100000	100000	100000	100000	100000	100000	100000	100001
5	7	G	40000	31181	68.819	25.8605	68819	55510	13	18	0	49378	5989	112	55456
5	7	A	40000	45205	54.795	27.099	54795	27696	13	18	0	23848	3705	112	27642
5	7	B	40000	47564	52.436	24.622	52436	27814	0	0	0	25530	2284	0	27814
6	0	G	40000	502	99.498	96.3615	99498	3900	310	5	0	1920	1078	587	3364
6	0	A	40000	1166	98.834	97.232	98834	1602	174	2	0	171	722	533	1166
6	0	B	40000	2211	97.789	95.491	97789	2298	136	3	0	1749	356	54	2198
6	0	cSpy was 62 spamed and the readout avoided!
6	1	G	40000	11131	88.869	57.609	88869	41244	33	2	0	36763	3922	524	40945
6	1	A	40000	20476	79.524	59.838	79524	19686	23	2	0	17133	2020	508	19399
6	1	B	40000	23062	76.938	55.38	76938	21558	10	0	0	19630	1902	16	21546
6	1	cSpy was 36 spamed and the readout avoided!
6	2	G	40000	100000	0	0	0	0	0	0	0	0	0	0	2
6	2	A	40000	100000	0	0	0	0	0	0	0	0	0	0	1
6	2	B	40000	100000	0	0	0	0	0	0	0	0	0	0	1
6	3	G	40000	100000	0	0	0	0	0	0	0	0	0	0	2
6	3	A	40000	100000	0	0	0	0	0	0	0	0	0	0	1
6	3	B	40000	100000	0	0	0	0	0	0	0	0	0	0	1
6	4	G	40000	25546	74.454	53.64	74454	34039	723	0	0	32638	137	541	33078
6	4	A	40000	29092	70.908	53.898	70908	17010	349	0	0	16278	1	382	16371
6	4	B	40000	29589	70.411	53.382	70411	17029	374	0	0	16360	136	159	16707
6	4	cSpy was 6 spamed and the readout avoided!
6	5	G	40000	6323	93.677	73.95	93677	25738	65	4	0	23121	1928	620	25406
6	5	A	40000	12384	87.616	75.326	87616	12290	10	0	0	10815	889	576	12008
6	5	B	40000	13978	86.022	72.574	86022	13448	55	4	0	12306	1039	44	13398
6	5	cSpy was 12 spamed and the readout avoided!
6	6	G	40000	100000	0	0	0	0	0	0	0	0	0	0	2
6	6	A	40000	100000	0	0	0	0	0	0	0	0	0	0	1
6	6	B	40000	100000	0	0	0	0	0	0	0	0	0	0	1
6	7	G	40000	100000	0	0	0	0	0	0	0	0	0	0	2
6	7	A	40000	100000	0	0	0	0	0	0	0	0	0	0	1
6	7	B	40000	100000	0	0	0	0	0	0	0	0	0	0	1
7	0	G	40000	2184	97.816	47.781	97816	3511	226	0	0	2669	70	546	3006
7	0	A	40000	2202	97.798	95.123	97798	2675	226	0	0	1833	70	546	2169
7	0	B	40000	98725	1.275	0.439	1275	836	0	0	0	836	0	0	837
7	1	G	40000	100000	0	0	0	0	0	0	0	0	0	0	2
7	1	A	40000	100000	0	0	0	0	0	0	0	0	0	0	1
7	1	B	40000	100000	0	0	0	0	0	0	0	0	0	0	1
7	2	G	40000	96037	3.963	0.9075	3963	4694	5	2	0	4635	46	6	4694
7	2	A	40000	96662	3.338	1.011	3338	2327	5	2	0	2294	20	6	2326
7	2	B	40000	96829	3.171	0.804	3171	2367	0	0	0	2341	26	0	2368
7	3	G	40000	1960	98.04	90.48	98040	9365	130	3	0	7984	720	528	8905
7	3	A	40000	3658	96.342	92.705	96342	3637	52	1	0	3154	76	354	3339
7	3	B	40000	6017	93.983	88.255	93983	5728	78	2	0	4830	644	174	5566
7	3	cSpy was 94 spamed and the readout avoided!
7	4	G	40000	87014	12.986	1.9005	12986	20209	0	0	0	18793	1397	19	20211
7	4	A	40000	87233	12.767	1.901	12767	10866	0	0	0	9620	1227	19	10867
7	4	B	40000	88757	11.243	1.9	11243	9343	0	0	0	9173	170	0	9344
7	5	G	40000	100000	0	0	0	0	0	0	0	0	0	0	2
7	5	A	40000	100000	0	0	0	0	0	0	0	0	0	0	1
7	5	B	40000	100000	0	0	0	0	0	0	0	0	0	0	1
7	6	G	40000	98308	1.692	0.495	1692	1490	2	4	0	1465	15	4	1489
7	6	A	40000	98717	1.283	0.545	1283	738	2	4	0	724	4	4	736
7	6	B	40000	98803	1.197	0.445	1197	752	0	0	0	741	11	0	753
7	7	G	40000	42916	57.084	28.3985	57084	43780	11	2	0	42182	1407	178	43716
7	7	A	40000	49138	50.862	28.815	50862	22047	6	2	0	21230	631	178	21987
7	7	B	40000	50285	49.715	27.982	49715	21733	5	0	0	20952	776	0	21729
7	7	cSpy was 10 spamed and the readout avoided!
