#the gain was set to: 2	the bias was set to: 30
#Sent triggers per delay setting: 100000	and with a frequency [Hz] of: 40000
#160MHz delay setting	400MHz delay setting	Frequency	correct transmitted H+T		error rate [%]	uncertainty [%]	bad or missed events	error count	missing headers	missing trailers	flipped H/T	event nr errors	tbm missed trigger	unknown errors	event nr resets
0	0	G	40000	426	99.574	70.625	99574	19181	98	0	0	18146	312	625	18667
0	0	A	40000	630	99.37	98.229	99370	1141	88	0	0	173	264	616	630
0	0	B	40000	38939	61.061	43.021	61061	18040	10	0	0	17973	48	9	18037
0	0	cSpy was 26 spamed and the readout avoided!
0	1	G	40000	27583	72.417	52.934	72417	25685	592	0	0	24349	0	744	25135
0	1	A	40000	36895	63.105	52.455	63105	10650	291	0	0	9864	0	495	10357
0	1	B	40000	31552	68.448	53.413	68448	15035	301	0	0	14485	0	249	14778
0	2	G	40000	6033	93.967	75.5705	93967	23960	56	0	0	20317	3315	272	23773
0	2	A	40000	12560	87.44	75.448	87440	11992	31	0	0	9703	1990	268	11822
0	2	B	40000	12339	87.661	75.693	87661	11968	25	0	0	10614	1325	4	11951
0	3	G	40000	100000	0	0	0	0	0	0	0	0	0	0	2
0	3	A	40000	100000	0	0	0	0	0	0	0	0	0	0	1
0	3	B	40000	100000	0	0	0	0	0	0	0	0	0	0	1
0	4	G	40000	99976	0.0240028	0.001	24	41	0	0	0	41	0	0	43
0	4	A	40000	99981	0.019002	0.001	19	18	0	0	0	18	0	0	19
0	4	B	40000	99976	0.0240028	0.001	24	23	0	0	0	23	0	0	24
0	5	G	40000	52555	47.445	28.513	47445	25837	36	0	0	25440	95	266	25774
0	5	A	40000	60169	39.831	28.043	39831	11788	18	0	0	11473	44	253	11733
0	5	B	40000	56968	43.032	28.983	43032	14049	18	0	0	13967	51	13	14041
0	6	G	40000	2366	97.634	88.9305	97634	11042	198	9	0	8740	1793	302	10740
0	6	A	40000	4619	95.381	90.754	95381	4627	106	0	0	3343	911	267	4393
0	6	B	40000	6478	93.522	87.107	93522	6415	92	9	0	5397	882	35	6347
0	6	cSpy was 13 spamed and the readout avoided!
0	7	G	40000	75982	24.018	19.1825	24018	6331	10	0	0	5454	801	66	6295
0	7	A	40000	77723	22.277	19.068	22277	3209	6	0	0	2640	498	65	3175
0	7	B	40000	77581	22.419	19.297	22419	3122	4	0	0	2814	303	1	3120
1	0	G	40000	270	99.73	97.52	99730	2619	168	1	0	1932	180	338	2307
1	0	A	40000	1733	98.267	96.302	98267	1965	148	1	0	1393	136	287	1700
1	0	B	40000	608	99.392	98.738	99392	654	20	0	0	539	44	51	607
1	0	cSpy was 18 spamed and the readout avoided!
1	1	G	40000	99576	0.423998	0.003	424	842	0	0	0	842	0	0	844
1	1	A	40000	99576	0.423998	0.003	424	421	0	0	0	421	0	0	422
1	1	B	40000	99576	0.423998	0.003	424	421	0	0	0	421	0	0	422
1	2	G	40000	100000	0	0	0	0	0	0	0	0	0	0	2
1	2	A	40000	100000	0	0	0	0	0	0	0	0	0	0	1
1	2	B	40000	100000	0	0	0	0	0	0	0	0	0	0	1
1	3	G	40000	95523	4.477	0.886	4477	6529	0	0	0	6520	5	4	6530
1	3	A	40000	96016	3.984	0.843	3984	3141	0	0	0	3132	5	4	3141
1	3	B	40000	95683	4.317	0.929	4317	3388	0	0	0	3388	0	0	3389
1	4	G	40000	811	99.189	95.655	99189	4540	322	1	0	2513	1354	350	4098
1	4	A	40000	2495	97.505	94.919	97505	2586	88	0	0	1297	1077	124	2445
1	4	B	40000	1655	98.345	96.391	98345	1954	234	1	0	1216	277	226	1653
1	4	cSpy was 31 spamed and the readout avoided!
1	5	G	40000	73350	26.65	5.6005	26650	21261	0	0	0	18679	2570	12	21262
1	5	A	40000	86814	13.186	2.582	13186	10604	0	0	0	9459	1133	12	10605
1	5	B	40000	80724	19.276	8.619	19276	10657	0	0	0	9220	1437	0	10657
1	6	G	40000	100000	0	0	0	0	0	0	0	0	0	0	2
1	6	A	40000	100000	0	0	0	0	0	0	0	0	0	0	1
1	6	B	40000	100000	0	0	0	0	0	0	0	0	0	0	1
1	7	G	40000	99629	0.370997	0.125	371	345	0	0	0	342	1	2	347
1	7	A	40000	99726	0.274003	0.117	274	157	0	0	0	155	1	1	158
1	7	B	40000	99679	0.321001	0.133	321	188	0	0	0	187	0	1	189
2	0	G	40000	2570	97.43	47.965	97430	3871	45	0	0	3653	107	66	3795
2	0	A	40000	2606	97.394	94.759	97394	2635	45	0	0	2417	107	66	2558
2	0	B	40000	97593	2.407	1.171	2407	1236	0	0	0	1236	0	0	1237
2	1	G	40000	99860	0.139999	0.0045	140	267	0	0	0	267	0	0	269
2	1	A	40000	99863	0.137001	0.004	137	133	0	0	0	133	0	0	134
2	1	B	40000	99861	0.138998	0.005	139	134	0	0	0	134	0	0	135
2	2	G	40000	33064	66.936	43.186	66936	28729	648	8	0	26192	1269	612	28102
2	2	A	40000	45588	54.412	40.931	54412	13481	329	6	0	11552	1189	405	13128
2	2	B	40000	39311	60.689	45.441	60689	15248	319	2	0	14640	80	207	14974
2	3	G	40000	5182	94.818	73.228	94818	25893	55	0	0	22299	3462	77	25817
2	3	A	40000	17601	82.399	65.896	82399	16503	0	0	0	13941	2508	54	16477
2	3	B	40000	10050	89.95	80.56	89950	9390	55	0	0	8358	954	23	9340
2	3	cSpy was 9 spamed and the readout avoided!
2	4	G	40000	100000	0	0	0	0	0	0	0	0	0	0	2
2	4	A	40000	100000	0	0	0	0	0	0	0	0	0	0	1
2	4	B	40000	100000	0	0	0	0	0	0	0	0	0	0	1
2	5	G	40000	100000	0	0	0	0	0	0	0	0	0	0	2
2	5	A	40000	100000	0	0	0	0	0	0	0	0	0	0	1
2	5	B	40000	100000	0	0	0	0	0	0	0	0	0	0	1
2	6	G	40000	26609	73.391	47.8165	73391	29684	227	1	0	27407	1547	502	29448
2	6	A	40000	41187	58.813	44.993	58813	13820	120	0	0	11773	1507	420	13663
2	6	B	40000	33496	66.504	50.64	66504	15864	107	1	0	15634	40	82	15785
2	7	G	40000	0	100	100	100000	200000	200000	200000	200000	200000	200000	200000	200002
2	7	A	40000	0	100	100	100000	100000	100000	100000	100000	100000	100000	100000	100001
2	7	B	40000	0	100	100	100000	100000	100000	100000	100000	100000	100000	100000	100001
3	0	G	40000	878	99.122	78.179	99122	18556	299	0	0	17235	360	662	17978
3	0	A	40000	1557	98.443	96.372	98443	2071	223	0	0	1188	25	635	1537
3	0	B	40000	23529	76.471	59.986	76471	16485	76	0	0	16047	335	27	16441
3	0	cSpy was 18 spamed and the readout avoided!
3	1	G	40000	0	100	100	100000	200000	200000	200000	200000	200000	200000	200000	200002
3	1	A	40000	0	100	100	100000	100000	100000	100000	100000	100000	100000	100000	100001
3	1	B	40000	0	100	100	100000	100000	100000	100000	100000	100000	100000	100000	100001
3	2	G	40000	99912	0.0880003	0	88	176	0	0	0	176	0	0	178
3	2	A	40000	99912	0.0880003	0	88	88	0	0	0	88	0	0	89
3	2	B	40000	99912	0.0880003	0	88	88	0	0	0	88	0	0	89
3	3	G	40000	100000	0	0	0	0	0	0	0	0	0	0	2
3	3	A	40000	100000	0	0	0	0	0	0	0	0	0	0	1
3	3	B	40000	100000	0	0	0	0	0	0	0	0	0	0	1
3	4	G	40000	92360	7.64	1.6165	7640	10905	0	0	0	10896	9	0	10907
3	4	A	40000	92989	7.011	1.528	7011	5483	0	0	0	5475	8	0	5484
3	4	B	40000	92873	7.127	1.705	7127	5422	0	0	0	5421	1	0	5423
3	5	G	40000	0	100	100	100000	200000	200000	200000	200000	200000	200000	200000	200002
3	5	A	40000	0	100	100	100000	100000	100000	100000	100000	100000	100000	100000	100001
3	5	B	40000	0	100	100	100000	100000	100000	100000	100000	100000	100000	100000	100001
3	6	G	40000	71005	28.995	7.3885	28995	34527	15	7	0	32257	2222	26	34510
3	6	A	40000	74501	25.499	7.309	25499	18190	5	0	0	16107	2065	13	18188
3	6	B	40000	76195	23.805	7.468	23805	16337	10	7	0	16150	157	13	16322
3	6	cSpy was 4 spamed and the readout avoided!
3	7	G	40000	100000	0	0	0	0	0	0	0	0	0	0	2
3	7	A	40000	100000	0	0	0	0	0	0	0	0	0	0	1
3	7	B	40000	100000	0	0	0	0	0	0	0	0	0	0	1
4	0	G	40000	0	100	100	100000	200000	200000	200000	200000	200000	200000	200000	200002
4	0	A	40000	0	100	100	100000	100000	100000	100000	100000	100000	100000	100000	100001
4	0	B	40000	0	100	100	100000	100000	100000	100000	100000	100000	100000	100000	100001
4	1	G	40000	100000	0	0	0	0	0	0	0	0	0	0	2
4	1	A	40000	100000	0	0	0	0	0	0	0	0	0	0	1
4	1	B	40000	100000	0	0	0	0	0	0	0	0	0	0	1
4	2	G	40000	95312	4.688	1.9305	4688	4030	2	0	0	4024	0	4	4031
4	2	A	40000	96045	3.955	1.985	3955	1970	1	0	0	1965	0	4	1970
4	2	B	40000	96064	3.936	1.876	3936	2060	1	0	0	2059	0	0	2061
4	3	G	40000	19421	80.579	58.622	80579	34314	732	0	0	32920	96	566	33325
4	3	A	40000	23927	76.073	58.889	76073	17184	363	0	0	16414	0	407	16517
4	3	B	40000	24515	75.485	58.355	75485	17130	369	0	0	16506	96	159	16808
4	3	cSpy was 5 spamed and the readout avoided!
4	4	G	40000	6461	93.539	74.9575	93539	24526	148	23	0	21917	2017	422	24205
4	4	A	40000	12473	87.527	75.415	87527	12112	78	16	0	10629	1014	376	11854
4	4	B	40000	13086	86.914	74.5	86914	12414	70	7	0	11288	1003	46	12351
4	4	cSpy was 30 spamed and the readout avoided!
4	5	G	40000	100000	0	0	0	0	0	0	0	0	0	0	2
4	5	A	40000	100000	0	0	0	0	0	0	0	0	0	0	1
4	5	B	40000	100000	0	0	0	0	0	0	0	0	0	0	1
4	6	G	40000	100000	0	0	0	0	0	0	0	0	0	0	2
4	6	A	40000	100000	0	0	0	0	0	0	0	0	0	0	1
4	6	B	40000	100000	0	0	0	0	0	0	0	0	0	0	1
4	7	G	40000	23116	76.884	53.8555	76884	36231	398	0	0	35480	22	331	35743
4	7	A	40000	27892	72.108	53.997	72108	18111	192	0	0	17664	1	254	17766
4	7	B	40000	28166	71.834	53.714	71834	18120	206	0	0	17816	21	77	17977
4	7	cSpy was 5 spamed and the readout avoided!
5	0	G	40000	521	99.479	56.131	99479	14039	158	0	0	12945	104	832	13492
5	0	A	40000	622	99.378	98.208	99378	1170	158	0	0	84	97	831	622
5	0	B	40000	73077	26.923	14.054	26923	12869	0	0	0	12861	7	1	12870
5	0	cSpy was 48 spamed and the readout avoided!
5	1	G	40000	46874	53.126	28.8045	53126	37521	52	0	0	37363	6	100	37469
5	1	A	40000	52480	47.52	28.983	47520	18537	25	0	0	18408	6	98	18490
5	1	B	40000	52390	47.61	28.626	47610	18984	27	0	0	18955	0	2	18979
5	1	cSpy was 4 spamed and the readout avoided!
5	2	G	40000	30	99.97	98.7265	99970	1654	29	0	0	668	86	871	889
5	2	A	40000	79	99.921	99.175	99921	746	0	0	0	9	0	737	79
5	2	B	40000	814	99.186	98.278	99186	908	29	0	0	659	86	134	810
5	2	cSpy was 21 spamed and the readout avoided!
5	3	G	40000	99082	0.918001	0	918	1836	0	0	0	1836	0	0	1838
5	3	A	40000	99082	0.918001	0	918	918	0	0	0	918	0	0	919
5	3	B	40000	99082	0.918001	0	918	918	0	0	0	918	0	0	919
5	4	G	40000	100000	0	0	0	0	0	0	0	0	0	0	2
5	4	A	40000	100000	0	0	0	0	0	0	0	0	0	0	1
5	4	B	40000	100000	0	0	0	0	0	0	0	0	0	0	1
5	5	G	40000	92538	7.462	2.594	7462	8498	4	0	0	8481	1	12	8495
5	5	A	40000	93123	6.877	2.658	6877	4219	2	0	0	4205	1	11	4215
5	5	B	40000	93191	6.809	2.53	6809	4279	2	0	0	4276	0	1	4280
5	5	cSpy was 1 spamed and the readout avoided!
5	6	G	40000	0	100	100	100000	200000	200000	200000	200000	200000	200000	200000	200002
5	6	A	40000	0	100	100	100000	100000	100000	100000	100000	100000	100000	100000	100001
5	6	B	40000	0	100	100	100000	100000	100000	100000	100000	100000	100000	100000	100001
5	7	G	40000	32070	67.93	24.9575	67930	55469	12	16	0	49434	5897	110	55429
5	7	A	40000	46060	53.94	26.155	53940	27785	12	16	0	23952	3695	110	27745
5	7	B	40000	48556	51.444	23.76	51444	27684	0	0	0	25482	2202	0	27684
5	7	cSpy was 2 spamed and the readout avoided!
6	0	G	40000	529	99.471	96.4755	99471	3798	288	0	0	1926	988	596	3245
6	0	A	40000	1122	98.878	97.311	98878	1567	160	0	0	182	695	530	1122
6	0	B	40000	2129	97.871	95.64	97871	2231	128	0	0	1744	293	66	2123
6	0	cSpy was 63 spamed and the readout avoided!
6	1	G	40000	14862	85.138	45.3065	85138	51526	19	0	0	45586	5510	411	51285
6	1	A	40000	27638	72.362	47.661	72362	24701	17	0	0	21177	3102	405	24462
6	1	B	40000	30223	69.777	42.952	69777	26825	2	0	0	24409	2408	6	26823
6	1	cSpy was 65 spamed and the readout avoided!
6	2	G	40000	100000	0	0	0	0	0	0	0	0	0	0	2
6	2	A	40000	100000	0	0	0	0	0	0	0	0	0	0	1
6	2	B	40000	100000	0	0	0	0	0	0	0	0	0	0	1
6	3	G	40000	100000	0	0	0	0	0	0	0	0	0	0	2
6	3	A	40000	100000	0	0	0	0	0	0	0	0	0	0	1
6	3	B	40000	100000	0	0	0	0	0	0	0	0	0	0	1
6	4	G	40000	25349	74.651	53.2015	74651	33762	677	0	0	32460	114	511	32868
6	4	A	40000	29650	70.35	53.493	70350	16857	329	0	0	16163	0	365	16261
6	4	B	40000	30185	69.815	52.91	69815	16905	348	0	0	16297	114	146	16607
6	4	cSpy was 6 spamed and the readout avoided!
6	5	G	40000	5022	94.978	78.3705	94978	21469	82	6	0	19223	1524	634	21093
6	5	A	40000	10228	89.772	79.513	89772	10259	9	0	0	8998	674	578	9950
6	5	B	40000	11562	88.438	77.228	88438	11210	73	6	0	10225	850	56	11143
6	5	cSpy was 27 spamed and the readout avoided!
6	6	G	40000	100000	0	0	0	0	0	0	0	0	0	0	2
6	6	A	40000	100000	0	0	0	0	0	0	0	0	0	0	1
6	6	B	40000	100000	0	0	0	0	0	0	0	0	0	0	1
6	7	G	40000	100000	0	0	0	0	0	0	0	0	0	0	2
6	7	A	40000	100000	0	0	0	0	0	0	0	0	0	0	1
6	7	B	40000	100000	0	0	0	0	0	0	0	0	0	0	1
7	0	G	40000	2138	97.862	47.8465	97862	3377	182	0	0	2614	69	512	2936
7	0	A	40000	2159	97.841	95.275	97841	2566	182	0	0	1803	69	512	2124
7	0	B	40000	98771	1.229	0.418	1229	811	0	0	0	811	0	0	812
7	1	G	40000	100000	0	0	0	0	0	0	0	0	0	0	2
7	1	A	40000	100000	0	0	0	0	0	0	0	0	0	0	1
7	1	B	40000	100000	0	0	0	0	0	0	0	0	0	0	1
7	2	G	40000	95841	4.159	1.059	4159	4654	5	6	0	4591	42	10	4652
7	2	A	40000	96514	3.486	1.168	3486	2318	5	6	0	2282	15	10	2315
7	2	B	40000	96714	3.286	0.95	3286	2336	0	0	0	2309	27	0	2337
7	3	G	40000	0	100	100	100000	200000	200000	200000	200000	200000	200000	200000	200002
7	3	A	40000	0	100	100	100000	100000	100000	100000	100000	100000	100000	100000	100001
7	3	B	40000	0	100	100	100000	100000	100000	100000	100000	100000	100000	100000	100001
7	4	G	40000	86453	13.547	2.132	13547	20732	0	0	0	19279	1431	22	20731
7	4	A	40000	86726	13.274	2.133	13274	11141	0	0	0	9893	1226	22	11139
7	4	B	40000	88278	11.722	2.131	11722	9591	0	0	0	9386	205	0	9592
7	5	G	40000	100000	0	0	0	0	0	0	0	0	0	0	2
7	5	A	40000	100000	0	0	0	0	0	0	0	0	0	0	1
7	5	B	40000	100000	0	0	0	0	0	0	0	0	0	0	1
7	6	G	40000	97378	2.622	0.779	2622	2369	3	2	0	2334	22	8	2367
7	6	A	40000	97970	2.03	0.86	2030	1170	3	2	0	1148	9	8	1167
7	6	B	40000	98103	1.897	0.698	1897	1199	0	0	0	1186	13	0	1200
7	7	G	40000	40778	59.222	30.0595	59222	43636	11	3	0	41876	1533	213	43546
7	7	A	40000	47488	52.512	30.553	52512	21959	1	3	0	21049	694	212	21874
7	7	B	40000	48757	51.243	29.566	51243	21677	10	0	0	20827	839	1	21672
7	7	cSpy was 4 spamed and the readout avoided!
