#the gain was set to: 2	the bias was set to: 30
#Sent triggers per delay setting: 100000	and with a frequency [Hz] of: 40000
#160MHz delay setting	400MHz delay setting	Frequency	correct transmitted H+T		error rate [%]	uncertainty [%]	bad or missed events	error count	missing headers	missing trailers	flipped H/T	event nr errors	tbm missed trigger	unknown errors	event nr resets
0	0	G	40000	450	99.55	71.3245	99550	19226	110	0	0	18186	333	597	18737
0	0	A	40000	662	99.338	98.197	99338	1141	93	0	0	178	284	586	662
0	0	B	40000	37463	62.537	44.452	62537	18085	17	0	0	18008	49	11	18075
0	0	cSpy was 32 spamed and the readout avoided!
0	1	G	40000	26066	73.934	54.2375	73934	26028	598	0	0	24652	1	777	25472
0	1	A	40000	35496	64.504	53.732	64504	10772	293	0	0	9969	0	510	10480
0	1	B	40000	30001	69.999	54.743	69999	15256	305	0	0	14683	1	267	14992
0	2	G	40000	5676	94.324	75.7095	94324	23812	53	0	0	20314	3180	265	23661
0	2	A	40000	12378	87.622	75.854	87622	11768	20	0	0	9608	1882	258	11638
0	2	B	40000	12391	87.609	75.565	87609	12044	33	0	0	10706	1298	7	12023
0	3	G	40000	100000	0	0	0	0	0	0	0	0	0	0	2
0	3	A	40000	100000	0	0	0	0	0	0	0	0	0	0	1
0	3	B	40000	100000	0	0	0	0	0	0	0	0	0	0	1
0	4	G	40000	100000	0	0	0	0	0	0	0	0	0	0	2
0	4	A	40000	100000	0	0	0	0	0	0	0	0	0	0	1
0	4	B	40000	100000	0	0	0	0	0	0	0	0	0	0	1
0	5	G	40000	50368	49.632	30.909	49632	24980	13	0	0	24563	113	291	24921
0	5	A	40000	58179	41.821	30.417	41821	11404	6	0	0	11059	55	284	11350
0	5	B	40000	55023	44.977	31.401	44977	13576	7	0	0	13504	58	7	13571
0	6	G	40000	0	100	100	100000	200000	200000	200000	200000	200000	200000	200000	200002
0	6	A	40000	0	100	100	100000	100000	100000	100000	100000	100000	100000	100000	100001
0	6	B	40000	0	100	100	100000	100000	100000	100000	100000	100000	100000	100000	100001
0	7	G	40000	99419	0.581002	0.16	581	841	0	0	0	841	0	0	843
0	7	A	40000	99420	0.580001	0.16	580	420	0	0	0	420	0	0	421
0	7	B	40000	99419	0.581002	0.16	581	421	0	0	0	421	0	0	422
1	0	G	40000	340	99.66	97.327	99660	2827	185	0	0	2084	208	350	2478
1	0	A	40000	1856	98.144	96.023	98144	2121	167	0	0	1494	156	304	1817
1	0	B	40000	663	99.337	98.631	99337	706	18	0	0	590	52	46	661
1	0	cSpy was 21 spamed and the readout avoided!
1	1	G	40000	99276	0.724	0.169	724	1109	0	0	0	1109	0	0	1111
1	1	A	40000	99277	0.722998	0.169	723	554	0	0	0	554	0	0	555
1	1	B	40000	99276	0.724	0.169	724	555	0	0	0	555	0	0	556
1	2	G	40000	100000	0	0	0	0	0	0	0	0	0	0	2
1	2	A	40000	100000	0	0	0	0	0	0	0	0	0	0	1
1	2	B	40000	100000	0	0	0	0	0	0	0	0	0	0	1
1	3	G	40000	94423	5.577	1.179	5577	7206	0	0	0	7179	18	9	7207
1	3	A	40000	95451	4.549	1.02	4549	3529	0	0	0	3511	9	9	3529
1	3	B	40000	94985	5.015	1.338	5015	3677	0	0	0	3668	9	0	3678
1	4	G	40000	727	99.273	95.7985	99273	4381	327	0	0	2469	1233	352	3941
1	4	A	40000	2601	97.399	94.712	97399	2687	111	0	0	1441	1016	119	2533
1	4	B	40000	1421	98.579	96.885	98579	1694	216	0	0	1028	217	233	1408
1	4	cSpy was 55 spamed and the readout avoided!
1	5	G	40000	80249	19.751	3.52	19751	16793	0	0	0	15312	1481	0	16795
1	5	A	40000	90026	9.974	1.551	9974	8423	0	0	0	7720	703	0	8424
1	5	B	40000	86141	13.859	5.489	13859	8370	0	0	0	7592	778	0	8371
1	6	G	40000	100000	0	0	0	0	0	0	0	0	0	0	2
1	6	A	40000	100000	0	0	0	0	0	0	0	0	0	0	1
1	6	B	40000	100000	0	0	0	0	0	0	0	0	0	0	1
1	7	G	40000	99982	0.0180006	0	18	36	0	0	0	36	0	0	38
1	7	A	40000	99982	0.0180006	0	18	18	0	0	0	18	0	0	19
1	7	B	40000	99982	0.0180006	0	18	18	0	0	0	18	0	0	19
2	0	G	40000	2516	97.484	48.1095	97484	4000	37	1	0	3790	107	65	3932
2	0	A	40000	2546	97.454	94.873	97454	2581	37	1	0	2371	107	65	2512
2	0	B	40000	97235	2.765	1.346	2765	1419	0	0	0	1419	0	0	1420
2	1	G	40000	98548	1.452	0.5325	1452	1426	0	0	0	1419	4	3	1428
2	1	A	40000	98821	1.179	0.51	1179	669	0	0	0	662	4	3	670
2	1	B	40000	98688	1.312	0.555	1312	757	0	0	0	757	0	0	758
2	2	G	40000	26658	73.342	51.993	73342	26191	834	0	0	23238	1404	715	25499
2	2	A	40000	38195	61.805	50.116	61805	11689	465	0	0	10107	642	475	11249
2	2	B	40000	31628	68.372	53.87	68372	14502	369	0	0	13131	762	240	14250
2	3	G	40000	7337	92.663	68.392	92663	28327	115	2	0	24973	3062	177	28155
2	3	A	40000	21402	78.598	60.759	78598	17839	8	0	0	15632	2112	87	17776
2	3	B	40000	13487	86.513	76.025	86513	10488	107	2	0	9341	950	90	10379
2	3	cSpy was 36 spamed and the readout avoided!
2	4	G	40000	100000	0	0	0	0	0	0	0	0	0	0	2
2	4	A	40000	100000	0	0	0	0	0	0	0	0	0	0	1
2	4	B	40000	100000	0	0	0	0	0	0	0	0	0	0	1
2	5	G	40000	100000	0	0	0	0	0	0	0	0	0	0	2
2	5	A	40000	100000	0	0	0	0	0	0	0	0	0	0	1
2	5	B	40000	100000	0	0	0	0	0	0	0	0	0	0	1
2	6	G	40000	44272	55.728	38.0765	55728	21196	260	0	0	19669	829	438	21000
2	6	A	40000	54113	45.887	36.497	45887	9390	155	0	0	8289	591	355	9242
2	6	B	40000	48538	51.462	39.656	51462	11806	105	0	0	11380	238	83	11758
2	7	G	40000	781	99.219	95.0395	99219	5029	274	3	0	4014	467	271	4696
2	7	A	40000	3235	96.765	93.58	96765	3185	19	0	0	2641	358	167	3071
2	7	B	40000	1657	98.343	96.499	98343	1844	255	3	0	1373	109	104	1625
2	7	cSpy was 82 spamed and the readout avoided!
3	0	G	40000	916	99.084	76.962	99084	19011	272	2	0	17613	463	661	18445
3	0	A	40000	1556	98.444	96.387	98444	2057	207	0	0	1187	30	633	1535
3	0	B	40000	25509	74.491	57.537	74491	16954	65	2	0	16426	433	28	16910
3	0	cSpy was 32 spamed and the readout avoided!
3	1	G	40000	0	100	100	100000	200000	200000	200000	200000	200000	200000	200000	200002
3	1	A	40000	0	100	100	100000	100000	100000	100000	100000	100000	100000	100000	100001
3	1	B	40000	0	100	100	100000	100000	100000	100000	100000	100000	100000	100000	100001
3	2	G	40000	99936	0.0639975	0	64	128	0	0	0	128	0	0	130
3	2	A	40000	99936	0.0639975	0	64	64	0	0	0	64	0	0	65
3	2	B	40000	99936	0.0639975	0	64	64	0	0	0	64	0	0	65
3	3	G	40000	100000	0	0	0	0	0	0	0	0	0	0	2
3	3	A	40000	100000	0	0	0	0	0	0	0	0	0	0	1
3	3	B	40000	100000	0	0	0	0	0	0	0	0	0	0	1
3	4	G	40000	80790	19.21	10.569	19210	14274	111	0	0	14044	30	89	14130
3	4	A	40000	82295	17.705	10.486	17705	7219	57	0	0	7080	15	67	7119
3	4	B	40000	82293	17.707	10.652	17707	7055	54	0	0	6964	15	22	7011
3	5	G	40000	0	100	100	100000	200000	200000	200000	200000	200000	200000	200000	200002
3	5	A	40000	0	100	100	100000	100000	100000	100000	100000	100000	100000	100000	100001
3	5	B	40000	0	100	100	100000	100000	100000	100000	100000	100000	100000	100000	100001
3	6	G	40000	58502	41.498	11.5155	41498	42831	14	10	0	39264	3493	50	42804
3	6	A	40000	66757	33.243	11.476	33243	21767	6	0	0	19038	2680	43	21749
3	6	B	40000	67381	32.619	11.555	32619	21064	8	10	0	20226	813	7	21055
3	6	cSpy was 7 spamed and the readout avoided!
3	7	G	40000	100000	0	0	0	0	0	0	0	0	0	0	2
3	7	A	40000	100000	0	0	0	0	0	0	0	0	0	0	1
3	7	B	40000	100000	0	0	0	0	0	0	0	0	0	0	1
4	0	G	40000	811	99.189	66.8185	99189	17445	171	4	0	15519	1401	350	17110
4	0	A	40000	1172	98.828	97.386	98828	1442	105	0	0	705	316	316	1166
4	0	B	40000	47746	52.254	36.251	52254	16003	66	4	0	14814	1085	34	15944
4	0	cSpy was 15 spamed and the readout avoided!
4	1	G	40000	100000	0	0	0	0	0	0	0	0	0	0	2
4	1	A	40000	100000	0	0	0	0	0	0	0	0	0	0	1
4	1	B	40000	100000	0	0	0	0	0	0	0	0	0	0	1
4	2	G	40000	99997	0.00299811	0	3	6	0	0	0	6	0	0	8
4	2	A	40000	99997	0.00299811	0	3	3	0	0	0	3	0	0	4
4	2	B	40000	99997	0.00299811	0	3	3	0	0	0	3	0	0	4
4	3	G	40000	20892	79.108	56.5425	79108	34829	659	1	0	33559	93	517	33960
4	3	A	40000	25787	74.213	56.808	74213	17405	326	1	0	16704	4	370	16824
4	3	B	40000	26299	73.701	56.277	73701	17424	333	0	0	16855	89	147	17136
4	3	cSpy was 6 spamed and the readout avoided!
4	4	G	40000	7029	92.971	72.589	92971	26868	154	13	0	24070	2161	470	26535
4	4	A	40000	13669	86.331	73.079	86331	13252	72	12	0	11697	1057	414	12998
4	4	B	40000	14285	85.715	72.099	85715	13616	82	1	0	12373	1104	56	13537
4	4	cSpy was 25 spamed and the readout avoided!
4	5	G	40000	100000	0	0	0	0	0	0	0	0	0	0	2
4	5	A	40000	100000	0	0	0	0	0	0	0	0	0	0	1
4	5	B	40000	100000	0	0	0	0	0	0	0	0	0	0	1
4	6	G	40000	100000	0	0	0	0	0	0	0	0	0	0	2
4	6	A	40000	100000	0	0	0	0	0	0	0	0	0	0	1
4	6	B	40000	100000	0	0	0	0	0	0	0	0	0	0	1
4	7	G	40000	23588	76.412	52.8185	76412	36701	364	0	0	35999	14	324	36267
4	7	A	40000	28717	71.283	52.929	71283	18354	174	0	0	17933	3	244	18046
4	7	B	40000	28945	71.055	52.708	71055	18347	190	0	0	18066	11	80	18221
4	7	cSpy was 7 spamed and the readout avoided!
5	0	G	40000	496	99.504	56.543	99504	14484	136	0	0	13405	107	836	13941
5	0	A	40000	614	99.386	98.228	99386	1158	136	0	0	85	103	834	614
5	0	B	40000	71816	28.184	14.858	28184	13326	0	0	0	13320	4	2	13327
5	0	cSpy was 56 spamed and the readout avoided!
5	1	G	40000	52633	47.367	23.477	47367	36225	28	0	0	36109	5	83	36198
5	1	A	40000	58430	41.57	23.705	41570	17865	14	0	0	17763	5	83	17841
5	1	B	40000	58391	41.609	23.249	41609	18360	14	0	0	18346	0	0	18357
5	1	cSpy was 2 spamed and the readout avoided!
5	2	G	40000	26	99.974	98.8265	99974	1489	40	0	0	609	160	680	855
5	2	A	40000	47	99.953	99.367	99953	586	0	0	0	8	0	578	47
5	2	B	40000	811	99.189	98.286	99189	903	40	0	0	601	160	102	808
5	2	cSpy was 24 spamed and the readout avoided!
5	3	G	40000	98779	1.221	0	1221	2442	0	0	0	2442	0	0	2444
5	3	A	40000	98779	1.221	0	1221	1221	0	0	0	1221	0	0	1222
5	3	B	40000	98779	1.221	0	1221	1221	0	0	0	1221	0	0	1222
5	4	G	40000	100000	0	0	0	0	0	0	0	0	0	0	2
5	4	A	40000	100000	0	0	0	0	0	0	0	0	0	0	1
5	4	B	40000	100000	0	0	0	0	0	0	0	0	0	0	1
5	5	G	40000	90840	9.16	4.085	9160	8773	20	0	0	8729	1	23	8752
5	5	A	40000	91487	8.513	4.146	8513	4367	9	0	0	4338	1	19	4350
5	5	B	40000	91570	8.43	4.024	8430	4406	11	0	0	4391	0	4	4402
5	6	G	40000	0	100	100	100000	200000	200000	200000	200000	200000	200000	200000	200002
5	6	A	40000	0	100	100	100000	100000	100000	100000	100000	100000	100000	100000	100001
5	6	B	40000	0	100	100	100000	100000	100000	100000	100000	100000	100000	100000	100001
5	7	G	40000	32233	67.767	24.6115	67767	55787	17	15	0	49569	6077	109	55738
5	7	A	40000	46263	53.737	25.837	53737	27900	17	15	0	23953	3806	109	27850
5	7	B	40000	48727	51.273	23.386	51273	27887	0	0	0	25616	2271	0	27888
6	0	G	40000	532	99.468	96.284	99468	3997	302	2	0	2003	1077	613	3428
6	0	A	40000	1195	98.805	97.147	98805	1658	177	0	0	186	747	548	1195
6	0	B	40000	2240	97.76	95.421	97760	2339	125	2	0	1817	330	65	2233
6	0	cSpy was 58 spamed and the readout avoided!
6	1	G	40000	16454	83.546	41.4615	83546	54814	0	0	0	48619	5993	202	54720
6	1	A	40000	29758	70.242	44.068	70242	26174	0	0	0	22600	3375	199	26081
6	1	B	40000	32505	67.495	38.855	67495	28640	0	0	0	26019	2618	3	28639
6	1	cSpy was 4 spamed and the readout avoided!
6	2	G	40000	100000	0	0	0	0	0	0	0	0	0	0	2
6	2	A	40000	100000	0	0	0	0	0	0	0	0	0	0	1
6	2	B	40000	100000	0	0	0	0	0	0	0	0	0	0	1
6	3	G	40000	100000	0	0	0	0	0	0	0	0	0	0	2
6	3	A	40000	100000	0	0	0	0	0	0	0	0	0	0	1
6	3	B	40000	100000	0	0	0	0	0	0	0	0	0	0	1
6	4	G	40000	20289	79.711	58.391	79711	34021	792	1	0	32495	145	588	32970
6	4	A	40000	24285	75.715	58.691	75715	17024	384	1	0	16222	1	416	16324
6	4	B	40000	24912	75.088	58.091	75088	16997	408	0	0	16273	144	172	16646
6	4	cSpy was 8 spamed and the readout avoided!
6	5	G	40000	1309	98.691	93.048	98691	7164	303	6	0	5701	355	800	6570
6	5	A	40000	3106	96.894	93.511	96894	3383	47	1	0	2553	172	611	3038
6	5	B	40000	3634	96.366	92.585	96366	3781	256	5	0	3148	183	189	3532
6	5	cSpy was 84 spamed and the readout avoided!
6	6	G	40000	100000	0	0	0	0	0	0	0	0	0	0	2
6	6	A	40000	100000	0	0	0	0	0	0	0	0	0	0	1
6	6	B	40000	100000	0	0	0	0	0	0	0	0	0	0	1
6	7	G	40000	100000	0	0	0	0	0	0	0	0	0	0	2
6	7	A	40000	100000	0	0	0	0	0	0	0	0	0	0	1
6	7	B	40000	100000	0	0	0	0	0	0	0	0	0	0	1
7	0	G	40000	2076	97.924	47.875	97924	3390	223	0	0	2569	59	539	2884
7	0	A	40000	2091	97.909	95.343	97909	2566	223	0	0	1745	59	539	2059
7	0	B	40000	98769	1.231	0.407	1231	824	0	0	0	824	0	0	825
7	0	cSpy was 1 spamed and the readout avoided!
7	1	G	40000	100000	0	0	0	0	0	0	0	0	0	0	2
7	1	A	40000	100000	0	0	0	0	0	0	0	0	0	0	1
7	1	B	40000	100000	0	0	0	0	0	0	0	0	0	0	1
7	2	G	40000	97470	2.53	0.199	2530	4393	0	0	0	4370	20	3	4394
7	2	A	40000	97570	2.43	0.234	2430	2196	0	0	0	2177	16	3	2196
7	2	B	40000	97639	2.361	0.164	2361	2197	0	0	0	2193	4	0	2198
7	3	G	40000	0	100	100	100000	200000	200000	200000	200000	200000	200000	200000	200002
7	3	A	40000	0	100	100	100000	100000	100000	100000	100000	100000	100000	100000	100001
7	3	B	40000	0	100	100	100000	100000	100000	100000	100000	100000	100000	100000	100001
7	4	G	40000	88738	11.262	1.66	11262	17430	0	0	0	16133	1282	15	17428
7	4	A	40000	88920	11.08	1.66	11080	9420	0	0	0	8277	1128	15	9417
7	4	B	40000	90330	9.67	1.66	9670	8010	0	0	0	7856	154	0	8011
7	5	G	40000	100000	0	0	0	0	0	0	0	0	0	0	2
7	5	A	40000	100000	0	0	0	0	0	0	0	0	0	0	1
7	5	B	40000	100000	0	0	0	0	0	0	0	0	0	0	1
7	6	G	40000	99973	0.0270009	0	27	54	0	0	0	54	0	0	56
7	6	A	40000	99973	0.0270009	0	27	27	0	0	0	27	0	0	28
7	6	B	40000	99973	0.0270009	0	27	27	0	0	0	27	0	0	28
7	7	G	40000	45603	54.397	25.531	54397	42467	8	15	0	41007	1208	229	42362
7	7	A	40000	52501	47.499	26.03	47499	21469	5	15	0	20707	516	226	21363
7	7	B	40000	53970	46.03	25.032	46030	20998	3	0	0	20300	692	3	20999
7	7	cSpy was 8 spamed and the readout avoided!
