#the gain was set to: 2	the bias was set to: 30
#Sent triggers per delay setting: 100000	and with a frequency [Hz] of: 40000
#160MHz delay setting	400MHz delay setting	Frequency	correct transmitted H+T		error rate [%]	uncertainty [%]	bad or missed events	error count	missing headers	missing trailers	flipped H/T	event nr errors	tbm missed trigger	unknown errors	event nr resets
0	0	G	40000	442	99.558	70.8115	99558	19253	97	0	0	18219	342	595	18758
0	0	A	40000	659	99.341	98.195	99341	1146	83	0	0	182	295	586	659
0	0	B	40000	38465	61.535	43.428	61535	18107	14	0	0	18037	47	9	18099
0	0	cSpy was 26 spamed and the readout avoided!
0	1	G	40000	30874	69.126	50.862	69126	24477	486	0	0	22803	570	618	24090
0	1	A	40000	39241	60.759	50.357	60759	10402	254	0	0	9696	1	451	10153
0	1	B	40000	34558	65.442	51.367	65442	14075	232	0	0	13107	569	167	13937
0	2	G	40000	5484	94.516	77.1505	94516	22521	55	1	0	19413	2746	306	22324
0	2	A	40000	11327	88.673	77.66	88673	11013	28	0	0	8956	1733	296	10835
0	2	B	40000	11851	88.149	76.641	88149	11508	27	1	0	10457	1013	10	11489
0	2	cSpy was 3 spamed and the readout avoided!
0	3	G	40000	100000	0	0	0	0	0	0	0	0	0	0	2
0	3	A	40000	100000	0	0	0	0	0	0	0	0	0	0	1
0	3	B	40000	100000	0	0	0	0	0	0	0	0	0	0	1
0	4	G	40000	99626	0.374001	0.1185	374	443	0	0	0	440	2	1	445
0	4	A	40000	99685	0.314999	0.117	315	198	0	0	0	196	1	1	199
0	4	B	40000	99635	0.365001	0.12	365	245	0	0	0	244	1	0	246
0	5	G	40000	39089	60.911	39.546	60911	29289	19	0	0	28780	140	350	29245
0	5	A	40000	47877	52.123	39.015	52123	13108	12	0	0	12719	38	339	13066
0	5	B	40000	43742	56.258	40.077	56258	16181	7	0	0	16061	102	11	16179
0	6	G	40000	2320	97.68	89.015	97680	10973	255	7	0	8648	1652	411	10569
0	6	A	40000	4627	95.373	90.698	95373	4675	130	0	0	3293	926	326	4396
0	6	B	40000	6370	93.63	87.332	93630	6298	125	7	0	5355	726	85	6173
0	6	cSpy was 21 spamed and the readout avoided!
0	7	G	40000	72600	27.4	11.1205	27400	18667	4	3	0	15570	3062	28	18651
0	7	A	40000	82736	17.264	5.408	17264	11856	0	0	0	9556	2281	19	11844
0	7	B	40000	76356	23.644	16.833	23644	6811	4	3	0	6014	781	9	6807
0	7	cSpy was 2 spamed and the readout avoided!
1	0	G	40000	408	99.592	96.8355	99592	3333	205	2	0	2238	515	373	2964
1	0	A	40000	1719	98.281	96.292	98281	1989	141	2	0	1330	192	324	1689
1	0	B	40000	1277	98.723	97.379	98723	1344	64	0	0	908	323	49	1275
1	0	cSpy was 22 spamed and the readout avoided!
1	1	G	40000	74111	25.889	12.2995	25889	16272	12	0	0	13596	2641	23	16249
1	1	A	40000	81867	18.133	7.827	18133	10306	1	0	0	8221	2072	12	10298
1	1	B	40000	77262	22.738	16.772	22738	5966	11	0	0	5375	569	11	5951
1	2	G	40000	100000	0	0	0	0	0	0	0	0	0	0	2
1	2	A	40000	100000	0	0	0	0	0	0	0	0	0	0	1
1	2	B	40000	100000	0	0	0	0	0	0	0	0	0	0	1
1	3	G	40000	95119	4.881	1.073	4881	6145	0	0	0	6118	19	8	6146
1	3	A	40000	96060	3.94	0.941	3940	2999	0	0	0	2984	7	8	2999
1	3	B	40000	95649	4.351	1.205	4351	3146	0	0	0	3134	12	0	3147
1	4	G	40000	610	99.39	96.4505	99390	3700	274	1	0	2083	1032	310	3326
1	4	A	40000	2180	97.82	95.545	97820	2275	110	0	0	1224	826	115	2118
1	4	B	40000	1219	98.781	97.356	98781	1425	164	1	0	859	206	195	1208
1	4	cSpy was 45 spamed and the readout avoided!
1	5	G	40000	61059	38.941	23.606	38941	15758	23	0	0	14156	1513	66	15693
1	5	A	40000	70379	29.621	21.746	29621	7875	2	0	0	7134	710	29	7851
1	5	B	40000	66651	33.349	25.466	33349	7883	21	0	0	7022	803	37	7842
1	5	cSpy was 1 spamed and the readout avoided!
1	6	G	40000	100000	0	0	0	0	0	0	0	0	0	0	2
1	6	A	40000	100000	0	0	0	0	0	0	0	0	0	0	1
1	6	B	40000	100000	0	0	0	0	0	0	0	0	0	0	1
1	7	G	40000	99977	0.0230014	0	23	46	0	0	0	46	0	0	48
1	7	A	40000	99977	0.0230014	0	23	23	0	0	0	23	0	0	24
1	7	B	40000	99977	0.0230014	0	23	23	0	0	0	23	0	0	24
2	0	G	40000	2415	97.585	48.233	97585	4012	53	0	0	3782	101	76	3920
2	0	A	40000	2455	97.545	95.037	97545	2508	53	0	0	2278	101	76	2415
2	0	B	40000	97067	2.933	1.429	2933	1504	0	0	0	1504	0	0	1505
2	1	G	40000	100000	0	0	0	0	0	0	0	0	0	0	2
2	1	A	40000	100000	0	0	0	0	0	0	0	0	0	0	1
2	1	B	40000	100000	0	0	0	0	0	0	0	0	0	0	1
2	2	G	40000	23708	76.292	52.899	76292	28256	904	10	0	25158	1435	749	27427
2	2	A	40000	36428	63.572	50.454	63572	13118	458	4	0	10808	1347	501	12629
2	2	B	40000	29518	70.482	55.344	70482	15138	446	6	0	14350	88	248	14798
2	2	cSpy was 1 spamed and the readout avoided!
2	3	G	40000	9368	90.632	54.751	90632	42611	132	0	0	37835	4546	98	42474
2	3	A	40000	29380	70.62	43.664	70620	26956	6	0	0	23463	3456	31	26929
2	3	B	40000	18507	81.493	65.838	81493	15655	126	0	0	14372	1090	67	15545
2	3	cSpy was 2 spamed and the readout avoided!
2	4	G	40000	100000	0	0	0	0	0	0	0	0	0	0	2
2	4	A	40000	100000	0	0	0	0	0	0	0	0	0	0	1
2	4	B	40000	100000	0	0	0	0	0	0	0	0	0	0	1
2	5	G	40000	99953	0.0469983	0	47	94	0	0	0	94	0	0	96
2	5	A	40000	99953	0.0469983	0	47	47	0	0	0	47	0	0	48
2	5	B	40000	99953	0.0469983	0	47	47	0	0	0	47	0	0	48
2	6	G	40000	45931	54.069	35.4485	54069	22566	271	2	0	20783	1085	425	22321
2	6	A	40000	55988	44.012	33.482	44012	10530	143	0	0	8998	1068	321	10369
2	6	B	40000	50549	49.451	37.415	49451	12036	128	2	0	11785	17	104	11952
2	7	G	40000	0	100	100	100000	200000	200000	200000	200000	200000	200000	200000	200002
2	7	A	40000	0	100	100	100000	100000	100000	100000	100000	100000	100000	100000	100001
2	7	B	40000	0	100	100	100000	100000	100000	100000	100000	100000	100000	100000	100001
3	0	G	40000	1077	98.923	72.6095	98923	17863	250	2	0	16570	387	654	17297
3	0	A	40000	1655	98.345	96.17	98345	2175	206	0	0	1307	32	630	1635
3	0	B	40000	35263	64.737	49.049	64737	15688	44	2	0	15263	355	24	15662
3	0	cSpy was 7 spamed and the readout avoided!
3	1	G	40000	0	100	100	100000	200000	200000	200000	200000	200000	200000	200000	200002
3	1	A	40000	0	100	100	100000	100000	100000	100000	100000	100000	100000	100000	100001
3	1	B	40000	0	100	100	100000	100000	100000	100000	100000	100000	100000	100000	100001
3	2	G	40000	99880	0.120002	0	120	240	0	0	0	240	0	0	242
3	2	A	40000	99880	0.120002	0	120	120	0	0	0	120	0	0	121
3	2	B	40000	99880	0.120002	0	120	120	0	0	0	120	0	0	121
3	3	G	40000	100000	0	0	0	0	0	0	0	0	0	0	2
3	3	A	40000	100000	0	0	0	0	0	0	0	0	0	0	1
3	3	B	40000	100000	0	0	0	0	0	0	0	0	0	0	1
3	4	G	40000	93525	6.475	1.456	6475	8941	0	0	0	8933	6	2	8943
3	4	A	40000	94120	5.88	1.381	5880	4499	0	0	0	4492	5	2	4500
3	4	B	40000	94027	5.973	1.531	5973	4442	0	0	0	4441	1	0	4443
3	5	G	40000	0	100	100	100000	200000	200000	200000	200000	200000	200000	200000	200002
3	5	A	40000	0	100	100	100000	100000	100000	100000	100000	100000	100000	100000	100001
3	5	B	40000	0	100	100	100000	100000	100000	100000	100000	100000	100000	100000	100001
3	6	G	40000	74443	25.557	6.569	25557	32037	16	12	0	30115	1847	47	32013
3	6	A	40000	76530	23.47	6.517	23470	16953	3	0	0	15173	1766	11	16954
3	6	B	40000	78295	21.705	6.621	21705	15084	13	12	0	14942	81	36	15059
3	6	cSpy was 3 spamed and the readout avoided!
3	7	G	40000	100000	0	0	0	0	0	0	0	0	0	0	2
3	7	A	40000	100000	0	0	0	0	0	0	0	0	0	0	1
3	7	B	40000	100000	0	0	0	0	0	0	0	0	0	0	1
4	0	G	40000	0	100	100	100000	200000	200000	200000	200000	200000	200000	200000	200002
4	0	A	40000	0	100	100	100000	100000	100000	100000	100000	100000	100000	100000	100001
4	0	B	40000	0	100	100	100000	100000	100000	100000	100000	100000	100000	100000	100001
4	1	G	40000	100000	0	0	0	0	0	0	0	0	0	0	2
4	1	A	40000	100000	0	0	0	0	0	0	0	0	0	0	1
4	1	B	40000	100000	0	0	0	0	0	0	0	0	0	0	1
4	2	G	40000	100000	0	0	0	0	0	0	0	0	0	0	2
4	2	A	40000	100000	0	0	0	0	0	0	0	0	0	0	1
4	2	B	40000	100000	0	0	0	0	0	0	0	0	0	0	1
4	3	G	40000	21025	78.975	56.8505	78975	34599	716	1	0	33242	95	545	33640
4	3	A	40000	25574	74.426	57.124	74426	17302	350	1	0	16561	1	389	16663
4	3	B	40000	26126	73.874	56.577	73874	17297	366	0	0	16681	94	156	16977
4	3	cSpy was 6 spamed and the readout avoided!
4	4	G	40000	7249	92.751	72.4135	92751	27051	172	25	2	24176	2161	515	26680
4	4	A	40000	13724	86.276	72.901	86276	13375	91	17	1	11712	1093	461	13073
4	4	B	40000	14398	85.602	71.926	85602	13676	81	8	1	12464	1068	54	13607
4	4	cSpy was 36 spamed and the readout avoided!
4	5	G	40000	100000	0	0	0	0	0	0	0	0	0	0	2
4	5	A	40000	100000	0	0	0	0	0	0	0	0	0	0	1
4	5	B	40000	100000	0	0	0	0	0	0	0	0	0	0	1
4	6	G	40000	100000	0	0	0	0	0	0	0	0	0	0	2
4	6	A	40000	100000	0	0	0	0	0	0	0	0	0	0	1
4	6	B	40000	100000	0	0	0	0	0	0	0	0	0	0	1
4	7	G	40000	25557	74.443	51.7	74443	35736	351	1	0	35071	16	297	35316
4	7	A	40000	30306	69.694	51.822	69694	17872	169	0	0	17474	0	229	17571
4	7	B	40000	30558	69.442	51.578	69442	17864	182	1	0	17597	16	68	17745
4	7	cSpy was 6 spamed and the readout avoided!
5	0	G	40000	514	99.486	56.163	99486	14053	155	0	0	12957	107	834	13490
5	0	A	40000	621	99.379	98.195	99379	1184	155	0	0	98	99	832	621
5	0	B	40000	73000	27	14.131	27000	12869	0	0	0	12859	8	2	12869
5	0	cSpy was 49 spamed and the readout avoided!
5	1	G	40000	52561	47.439	24.0905	47439	35895	37	0	0	35773	6	79	35865
5	1	A	40000	57982	42.018	24.321	42018	17697	19	0	0	17598	6	74	17668
5	1	B	40000	57942	42.058	23.86	42058	18198	18	0	0	18175	0	5	18197
5	1	cSpy was 2 spamed and the readout avoided!
5	2	G	40000	37	99.963	98.799	99963	1512	43	0	0	624	147	698	889
5	2	A	40000	76	99.924	99.317	99924	607	0	0	0	8	1	598	76
5	2	B	40000	814	99.186	98.281	99186	905	43	0	0	616	146	100	813
5	2	cSpy was 28 spamed and the readout avoided!
5	3	G	40000	98804	1.196	0	1196	2391	0	0	0	2390	1	0	2393
5	3	A	40000	98804	1.196	0	1196	1196	0	0	0	1195	1	0	1197
5	3	B	40000	98805	1.195	0	1195	1195	0	0	0	1195	0	0	1196
5	4	G	40000	100000	0	0	0	0	0	0	0	0	0	0	2
5	4	A	40000	100000	0	0	0	0	0	0	0	0	0	0	1
5	4	B	40000	100000	0	0	0	0	0	0	0	0	0	0	1
5	5	G	40000	91530	8.47	3.3825	8470	9053	2	0	0	9043	1	7	9050
5	5	A	40000	92039	7.961	3.458	7961	4503	1	0	0	4494	1	7	4500
5	5	B	40000	92143	7.857	3.307	7857	4550	1	0	0	4549	0	0	4550
5	5	cSpy was 1 spamed and the readout avoided!
5	6	G	40000	0	100	100	100000	200000	200000	200000	200000	200000	200000	200000	200002
5	6	A	40000	0	100	100	100000	100000	100000	100000	100000	100000	100000	100000	100001
5	6	B	40000	0	100	100	100000	100000	100000	100000	100000	100000	100000	100000	100001
5	7	G	40000	29291	70.709	25.501	70709	58266	20	17	0	51669	6435	125	58194
5	7	A	40000	44148	55.852	27.027	55852	28825	20	17	0	24779	3884	125	28752
5	7	B	40000	46584	53.416	23.975	53416	29441	0	0	0	26890	2551	0	29442
5	7	cSpy was 2 spamed and the readout avoided!
6	0	G	40000	520	99.48	96.695	99480	3564	300	1	0	1742	961	560	3032
6	0	A	40000	1111	98.889	97.373	98889	1516	154	0	0	202	669	491	1111
6	0	B	40000	1935	98.065	96.017	98065	2048	146	1	0	1540	292	69	1921
6	0	cSpy was 73 spamed and the readout avoided!
6	1	G	40000	14947	85.053	45.666	85053	51326	22	0	0	45457	5436	411	51066
6	1	A	40000	27352	72.648	48.044	72648	24604	21	0	0	21049	3128	406	24345
6	1	B	40000	29990	70.01	43.288	70010	26722	1	0	0	24408	2308	5	26721
6	1	cSpy was 76 spamed and the readout avoided!
6	2	G	40000	100000	0	0	0	0	0	0	0	0	0	0	2
6	2	A	40000	100000	0	0	0	0	0	0	0	0	0	0	1
6	2	B	40000	100000	0	0	0	0	0	0	0	0	0	0	1
6	3	G	40000	99971	0.0289977	0	29	58	0	0	0	58	0	0	60
6	3	A	40000	99971	0.0289977	0	29	29	0	0	0	29	0	0	30
6	3	B	40000	99971	0.0289977	0	29	29	0	0	0	29	0	0	30
6	4	G	40000	21320	78.68	56.903	78680	34970	633	11	0	33689	128	509	34124
6	4	A	40000	25388	74.612	57.126	74612	17486	297	11	0	16777	27	374	16909
6	4	B	40000	25836	74.164	56.68	74164	17484	336	0	0	16912	101	135	17215
6	4	cSpy was 77 spamed and the readout avoided!
6	5	G	40000	8979	91.021	80.694	91021	13736	68	1	0	12025	994	649	13290
6	5	A	40000	11883	88.117	81.518	88117	6599	3	0	0	5553	466	577	6226
6	5	B	40000	12993	87.007	79.87	87007	7137	65	1	0	6472	528	72	7064
6	5	cSpy was 25 spamed and the readout avoided!
6	6	G	40000	100000	0	0	0	0	0	0	0	0	0	0	2
6	6	A	40000	100000	0	0	0	0	0	0	0	0	0	0	1
6	6	B	40000	100000	0	0	0	0	0	0	0	0	0	0	1
6	7	G	40000	100000	0	0	0	0	0	0	0	0	0	0	2
6	7	A	40000	100000	0	0	0	0	0	0	0	0	0	0	1
6	7	B	40000	100000	0	0	0	0	0	0	0	0	0	0	1
7	0	G	40000	1937	98.063	57.4665	98063	5983	238	2	0	5023	161	559	5505
7	0	A	40000	2224	97.776	95.127	97776	2649	204	1	0	1839	63	542	2198
7	0	B	40000	76860	23.14	19.806	23140	3334	34	1	0	3184	98	17	3307
7	0	cSpy was 15 spamed and the readout avoided!
7	1	G	40000	100000	0	0	0	0	0	0	0	0	0	0	2
7	1	A	40000	100000	0	0	0	0	0	0	0	0	0	0	1
7	1	B	40000	100000	0	0	0	0	0	0	0	0	0	0	1
7	2	G	40000	98416	1.584	0.1105	1584	2832	0	0	0	2809	21	2	2834
7	2	A	40000	98455	1.545	0.13	1545	1415	0	0	0	1397	16	2	1416
7	2	B	40000	98492	1.508	0.091	1508	1417	0	0	0	1412	5	0	1418
7	3	G	40000	0	100	100	100000	200000	200000	200000	200000	200000	200000	200000	200002
7	3	A	40000	0	100	100	100000	100000	100000	100000	100000	100000	100000	100000	100001
7	3	B	40000	0	100	100	100000	100000	100000	100000	100000	100000	100000	100000	100001
7	4	G	40000	63744	36.256	28.3375	36256	13817	76	1	0	12405	985	350	13560
7	4	A	40000	64033	35.967	28.726	35967	7241	3	0	0	6142	822	274	7076
7	4	B	40000	65475	34.525	27.949	34525	6576	73	1	0	6263	163	76	6484
7	4	cSpy was 44 spamed and the readout avoided!
7	5	G	40000	100000	0	0	0	0	0	0	0	0	0	0	2
7	5	A	40000	100000	0	0	0	0	0	0	0	0	0	0	1
7	5	B	40000	100000	0	0	0	0	0	0	0	0	0	0	1
7	6	G	40000	97368	2.632	0.5655	2632	2933	1	0	0	2922	2	8	2933
7	6	A	40000	97896	2.104	0.639	2104	1465	1	0	0	1455	1	8	1464
7	6	B	40000	98040	1.96	0.492	1960	1468	0	0	0	1467	1	0	1469
7	7	G	40000	57659	42.341	16.8285	42341	37009	20	33	0	36033	733	190	36930
7	7	A	40000	63886	36.114	17.395	36114	18719	19	33	0	18181	296	190	18640
7	7	B	40000	65448	34.552	16.262	34552	18290	1	0	0	17852	437	0	18290
7	7	cSpy was 7 spamed and the readout avoided!
