#the gain was set to: 2	the bias was set to: 30
#Sent triggers per delay setting: 100000	and with a frequency [Hz] of: 40000
#160MHz delay setting	400MHz delay setting	Frequency	correct transmitted H+T		error rate [%]	uncertainty [%]	bad or missed events	error count	missing headers	missing trailers	flipped H/T	event nr errors	tbm missed trigger	unknown errors	event nr resets
0	0	G	40000	451	99.549	71.0025	99549	19351	107	0	0	18326	314	604	18836
0	0	A	40000	644	99.356	98.199	99356	1157	98	0	0	201	259	599	644
0	0	B	40000	38000	62	43.806	62000	18194	9	0	0	18125	55	5	18192
0	0	cSpy was 25 spamed and the readout avoided!
0	1	G	40000	26743	73.257	54.0515	73257	25884	695	0	0	24397	0	792	25229
0	1	A	40000	35657	64.343	53.665	64343	10678	332	0	0	9845	0	501	10347
0	1	B	40000	30356	69.644	54.438	69644	15206	363	0	0	14552	0	291	14882
0	2	G	40000	4146	95.854	79.6085	95854	20186	112	1	0	16828	2804	441	19877
0	2	A	40000	8204	91.796	83.728	91796	8068	75	1	0	6186	1378	428	7783
0	2	B	40000	12393	87.607	75.489	87607	12118	37	0	0	10642	1426	13	12094
0	2	cSpy was 5 spamed and the readout avoided!
0	3	G	40000	100000	0	0	0	0	0	0	0	0	0	0	2
0	3	A	40000	100000	0	0	0	0	0	0	0	0	0	0	1
0	3	B	40000	100000	0	0	0	0	0	0	0	0	0	0	1
0	4	G	40000	99985	0.0150025	0	15	26	0	0	0	26	0	0	28
0	4	A	40000	99989	0.0109971	0	11	11	0	0	0	11	0	0	12
0	4	B	40000	99985	0.0150025	0	15	15	0	0	0	15	0	0	16
0	5	G	40000	44989	55.011	34.9985	55011	27127	41	0	0	26665	63	358	27055
0	5	A	40000	53295	46.705	34.455	46705	12250	23	0	0	11865	28	334	12189
0	5	B	40000	49581	50.419	35.542	50419	14877	18	0	0	14800	35	24	14866
0	6	G	40000	2593	97.407	86.8495	97407	13061	117	3	0	10675	1914	352	12801
0	6	A	40000	4918	95.082	90.187	95082	4895	75	0	0	3615	871	334	4668
0	6	B	40000	8322	91.678	83.512	91678	8166	42	3	0	7060	1043	18	8133
0	6	cSpy was 7 spamed and the readout avoided!
0	7	G	40000	99710	0.29	0.083	290	414	0	0	0	414	0	0	416
0	7	A	40000	99710	0.29	0.083	290	207	0	0	0	207	0	0	208
0	7	B	40000	99710	0.29	0.083	290	207	0	0	0	207	0	0	208
1	0	G	40000	338	99.662	96.498	99662	3613	212	5	0	2812	301	283	3304
1	0	A	40000	2653	97.347	94.513	97347	2834	188	5	0	2163	244	234	2566
1	0	B	40000	738	99.262	98.483	99262	779	24	0	0	649	57	49	738
1	0	cSpy was 15 spamed and the readout avoided!
1	1	G	40000	99584	0.415999	0.11	416	612	0	0	0	612	0	0	614
1	1	A	40000	99584	0.415999	0.11	416	306	0	0	0	306	0	0	307
1	1	B	40000	99584	0.415999	0.11	416	306	0	0	0	306	0	0	307
1	2	G	40000	100000	0	0	0	0	0	0	0	0	0	0	2
1	2	A	40000	100000	0	0	0	0	0	0	0	0	0	0	1
1	2	B	40000	100000	0	0	0	0	0	0	0	0	0	0	1
1	3	G	40000	90041	9.959	2.505	9959	11205	2	0	0	11117	76	10	11206
1	3	A	40000	92334	7.666	2.187	7666	5479	1	0	0	5422	46	10	5479
1	3	B	40000	91451	8.549	2.823	8549	5726	1	0	0	5695	30	0	5727
1	4	G	40000	778	99.222	95.288	99222	4892	399	3	0	3046	1084	360	4381
1	4	A	40000	2998	97.002	93.974	97002	3028	115	0	0	1889	898	126	2866
1	4	B	40000	1534	98.466	96.602	98466	1864	284	3	0	1157	186	234	1515
1	4	cSpy was 77 spamed and the readout avoided!
1	5	G	40000	86055	13.945	2.396	13945	12548	0	0	0	11578	970	0	12550
1	5	A	40000	92582	7.418	1.155	7418	6263	0	0	0	5838	425	0	6264
1	5	B	40000	90078	9.922	3.637	9922	6285	0	0	0	5740	545	0	6286
1	6	G	40000	100000	0	0	0	0	0	0	0	0	0	0	2
1	6	A	40000	100000	0	0	0	0	0	0	0	0	0	0	1
1	6	B	40000	100000	0	0	0	0	0	0	0	0	0	0	1
1	7	G	40000	99960	0.0400007	0	40	80	0	0	0	80	0	0	82
1	7	A	40000	99960	0.0400007	0	40	40	0	0	0	40	0	0	41
1	7	B	40000	99960	0.0400007	0	40	40	0	0	0	40	0	0	41
2	0	G	40000	2534	97.466	48.1065	97466	4081	47	1	0	3853	98	82	3989
2	0	A	40000	2563	97.437	94.823	97437	2614	47	1	0	2386	98	82	2521
2	0	B	40000	97143	2.857	1.39	2857	1467	0	0	0	1467	0	0	1468
2	0	cSpy was 1 spamed and the readout avoided!
2	1	G	40000	100000	0	0	0	0	0	0	0	0	0	0	2
2	1	A	40000	100000	0	0	0	0	0	0	0	0	0	0	1
2	1	B	40000	100000	0	0	0	0	0	0	0	0	0	0	1
2	2	G	40000	25894	74.106	52.7995	74106	26457	882	1	0	23433	1407	734	25677
2	2	A	40000	37158	62.842	50.934	62842	11908	490	1	0	10377	562	478	11436
2	2	B	40000	30786	69.214	54.665	69214	14549	392	0	0	13056	845	256	14241
2	2	cSpy was 3 spamed and the readout avoided!
2	3	G	40000	8106	91.894	70.0655	91894	26464	175	5	0	23184	2847	253	26240
2	3	A	40000	20303	79.697	62.908	79697	16789	9	0	0	14532	2078	170	16692
2	3	B	40000	13102	86.898	77.223	86898	9675	166	5	0	8652	769	83	9548
2	3	cSpy was 25 spamed and the readout avoided!
2	4	G	40000	100000	0	0	0	0	0	0	0	0	0	0	2
2	4	A	40000	100000	0	0	0	0	0	0	0	0	0	0	1
2	4	B	40000	100000	0	0	0	0	0	0	0	0	0	0	1
2	5	G	40000	99938	0.0620008	0.01	62	95	0	0	0	93	0	2	97
2	5	A	40000	99943	0.0569999	0.009	57	48	0	0	0	46	0	2	49
2	5	B	40000	99942	0.0580013	0.011	58	47	0	0	0	47	0	0	48
2	6	G	40000	27462	72.538	50.7395	72538	26052	522	3	0	23714	1195	618	25631
2	6	A	40000	39780	60.22	48.76	60220	11460	299	3	0	9928	766	464	11171
2	6	B	40000	32689	67.311	52.719	67311	14592	223	0	0	13786	429	154	14460
2	7	G	40000	0	100	100	100000	200000	200000	200000	200000	200000	200000	200000	200002
2	7	A	40000	0	100	100	100000	100000	100000	100000	100000	100000	100000	100000	100001
2	7	B	40000	0	100	100	100000	100000	100000	100000	100000	100000	100000	100000	100001
3	0	G	40000	811	99.189	79.099	99189	18111	271	2	0	16802	383	654	17532
3	0	A	40000	1471	98.529	96.539	98529	1990	192	0	0	1143	32	623	1464
3	0	B	40000	22220	77.78	61.659	77780	16121	79	2	0	15659	351	31	16068
3	0	cSpy was 5 spamed and the readout avoided!
3	1	G	40000	0	100	100	100000	200000	200000	200000	200000	200000	200000	200000	200002
3	1	A	40000	0	100	100	100000	100000	100000	100000	100000	100000	100000	100000	100001
3	1	B	40000	0	100	100	100000	100000	100000	100000	100000	100000	100000	100000	100001
3	2	G	40000	99925	0.0750005	0	75	150	0	0	0	150	0	0	152
3	2	A	40000	99925	0.0750005	0	75	75	0	0	0	75	0	0	76
3	2	B	40000	99925	0.0750005	0	75	75	0	0	0	75	0	0	76
3	3	G	40000	100000	0	0	0	0	0	0	0	0	0	0	2
3	3	A	40000	100000	0	0	0	0	0	0	0	0	0	0	1
3	3	B	40000	100000	0	0	0	0	0	0	0	0	0	0	1
3	4	G	40000	79721	20.279	10.7205	20279	15678	115	0	0	15442	28	93	15524
3	4	A	40000	81437	18.563	10.636	18563	7927	57	0	0	7793	10	67	7825
3	4	B	40000	81444	18.556	10.805	18556	7751	58	0	0	7649	18	26	7699
3	5	G	40000	0	100	100	100000	200000	200000	200000	200000	200000	200000	200000	200002
3	5	A	40000	0	100	100	100000	100000	100000	100000	100000	100000	100000	100000	100001
3	5	B	40000	0	100	100	100000	100000	100000	100000	100000	100000	100000	100000	100001
3	6	G	40000	77840	22.16	5.6835	22160	28792	12	7	0	27317	1422	34	28778
3	6	A	40000	79218	20.782	5.651	20782	15131	0	0	0	13782	1341	8	15132
3	6	B	40000	80623	19.377	5.716	19377	13661	12	7	0	13535	81	26	13646
3	6	cSpy was 1 spamed and the readout avoided!
3	7	G	40000	100000	0	0	0	0	0	0	0	0	0	0	2
3	7	A	40000	100000	0	0	0	0	0	0	0	0	0	0	1
3	7	B	40000	100000	0	0	0	0	0	0	0	0	0	0	1
4	0	G	40000	800	99.2	67.2745	99200	17944	175	5	0	15158	2165	441	17536
4	0	A	40000	1159	98.841	97.337	98841	1504	112	0	0	674	311	407	1153
4	0	B	40000	46348	53.652	37.212	53652	16440	63	5	0	14484	1854	34	16383
4	0	cSpy was 37 spamed and the readout avoided!
4	1	G	40000	100000	0	0	0	0	0	0	0	0	0	0	2
4	1	A	40000	100000	0	0	0	0	0	0	0	0	0	0	1
4	1	B	40000	100000	0	0	0	0	0	0	0	0	0	0	1
4	2	G	40000	94675	5.325	2.6825	5325	3829	4	0	0	3812	3	10	3829
4	2	A	40000	95403	4.597	2.719	4597	1878	2	0	0	1863	3	10	1877
4	2	B	40000	95403	4.597	2.646	4597	1951	2	0	0	1949	0	0	1952
4	2	cSpy was 1 spamed and the readout avoided!
4	3	G	40000	19937	80.063	58.776	80063	34275	818	0	0	32719	133	605	33183
4	3	A	40000	23777	76.223	59.046	76223	17177	396	0	0	16351	1	429	16449
4	3	B	40000	24396	75.604	58.506	75604	17098	422	0	0	16368	132	176	16734
4	3	cSpy was 8 spamed and the readout avoided!
4	4	G	40000	8613	91.387	67.57	91387	31274	116	14	0	27659	3018	467	30932
4	4	A	40000	16532	83.468	67.941	83468	15527	49	10	0	13479	1613	376	15280
4	4	B	40000	17054	82.946	67.199	82946	15747	67	4	0	14180	1405	91	15652
4	4	cSpy was 20 spamed and the readout avoided!
4	5	G	40000	100000	0	0	0	0	0	0	0	0	0	0	2
4	5	A	40000	100000	0	0	0	0	0	0	0	0	0	0	1
4	5	B	40000	100000	0	0	0	0	0	0	0	0	0	0	1
4	6	G	40000	100000	0	0	0	0	0	0	0	0	0	0	2
4	6	A	40000	100000	0	0	0	0	0	0	0	0	0	0	1
4	6	B	40000	100000	0	0	0	0	0	0	0	0	0	0	1
4	7	G	40000	36443	63.557	42.2715	63557	33140	219	0	0	32707	8	206	32890
4	7	A	40000	41090	58.91	42.388	58910	16522	107	0	0	16245	4	166	16337
4	7	B	40000	41227	58.773	42.155	58773	16618	112	0	0	16462	4	40	16553
4	7	cSpy was 4 spamed and the readout avoided!
5	0	G	40000	527	99.473	56.091	99473	14153	144	0	0	13060	108	841	13610
5	0	A	40000	634	99.366	98.188	99366	1178	144	0	0	91	102	841	634
5	0	B	40000	73031	26.969	13.994	26969	12975	0	0	0	12969	6	0	12976
5	0	cSpy was 50 spamed and the readout avoided!
5	1	G	40000	43836	56.164	35.1145	56164	32525	164	1	0	32170	4	186	32356
5	1	A	40000	48627	51.373	35.209	51373	16164	82	1	0	15922	4	155	16028
5	1	B	40000	48619	51.381	35.02	51381	16361	82	0	0	16248	0	31	16328
5	1	cSpy was 3 spamed and the readout avoided!
5	2	G	40000	46	99.954	98.5685	99954	1816	78	0	0	802	73	863	1045
5	2	A	40000	105	99.895	99.158	99895	737	3	0	0	10	0	724	104
5	2	B	40000	942	99.058	97.979	99058	1079	75	0	0	792	73	139	941
5	2	cSpy was 35 spamed and the readout avoided!
5	3	G	40000	99635	0.365001	0	365	730	0	0	0	730	0	0	732
5	3	A	40000	99635	0.365001	0	365	365	0	0	0	365	0	0	366
5	3	B	40000	99635	0.365001	0	365	365	0	0	0	365	0	0	366
5	4	G	40000	100000	0	0	0	0	0	0	0	0	0	0	2
5	4	A	40000	100000	0	0	0	0	0	0	0	0	0	0	1
5	4	B	40000	100000	0	0	0	0	0	0	0	0	0	0	1
5	5	G	40000	85753	14.247	4.074	14247	16847	0	0	0	16831	3	13	16849
5	5	A	40000	87412	12.588	4.259	12588	8329	0	0	0	8313	3	13	8330
5	5	B	40000	87593	12.407	3.889	12407	8518	0	0	0	8518	0	0	8519
5	6	G	40000	6	99.994	97.8035	99994	2293	166	0	0	847	1128	152	2094
5	6	A	40000	11	99.989	99.934	99989	55	0	0	0	0	1	54	11
5	6	B	40000	2089	97.911	95.673	97911	2238	166	0	0	847	1127	98	2083
5	6	cSpy was 26 spamed and the readout avoided!
5	7	G	40000	46861	53.139	11.502	53139	56055	5	5	0	50311	5632	102	56024
5	7	A	40000	58729	41.271	12.212	41271	29059	5	5	0	25002	3945	102	29027
5	7	B	40000	62212	37.788	10.792	37788	26996	0	0	0	25309	1687	0	26997
6	0	G	40000	648	99.352	95.277	99352	5024	305	3	0	2518	1429	769	4406
6	0	A	40000	1492	98.508	96.51	98508	1998	171	1	0	160	954	712	1492
6	0	B	40000	2930	97.07	94.044	97070	3026	134	2	0	2358	475	57	2914
6	0	cSpy was 55 spamed and the readout avoided!
6	1	G	40000	16573	83.427	38.0405	83427	59136	1	0	0	52642	6193	300	58988
6	1	A	40000	30588	69.412	41.314	69412	28098	0	0	0	24355	3446	297	27951
6	1	B	40000	34195	65.805	34.767	65805	31038	1	0	0	28287	2747	3	31037
6	1	cSpy was 4 spamed and the readout avoided!
6	2	G	40000	100000	0	0	0	0	0	0	0	0	0	0	2
6	2	A	40000	100000	0	0	0	0	0	0	0	0	0	0	1
6	2	B	40000	100000	0	0	0	0	0	0	0	0	0	0	1
6	3	G	40000	100000	0	0	0	0	0	0	0	0	0	0	2
6	3	A	40000	100000	0	0	0	0	0	0	0	0	0	0	1
6	3	B	40000	100000	0	0	0	0	0	0	0	0	0	0	1
6	4	G	40000	19891	80.109	58.8575	80109	34148	810	0	0	32596	141	601	33071
6	4	A	40000	23771	76.229	59.133	76229	17096	393	0	0	16276	2	425	16376
6	4	B	40000	24366	75.634	58.582	75634	17052	417	0	0	16320	139	176	16695
6	4	cSpy was 25 spamed and the readout avoided!
6	5	G	40000	7211	92.789	84.5945	92789	10981	149	4	0	9239	647	944	10239
6	5	A	40000	9366	90.634	85.426	90634	5208	18	1	0	4081	293	815	4634
6	5	B	40000	10464	89.536	83.763	89536	5773	131	3	0	5158	354	129	5605
6	5	cSpy was 45 spamed and the readout avoided!
6	6	G	40000	100000	0	0	0	0	0	0	0	0	0	0	2
6	6	A	40000	100000	0	0	0	0	0	0	0	0	0	0	1
6	6	B	40000	100000	0	0	0	0	0	0	0	0	0	0	1
6	7	G	40000	99999	0.00100136	0	1	2	0	0	0	2	0	0	4
6	7	A	40000	99999	0.00100136	0	1	1	0	0	0	1	0	0	2
6	7	B	40000	99999	0.00100136	0	1	1	0	0	0	1	0	0	2
7	0	G	40000	2164	97.836	47.9745	97836	4974	207	0	0	4102	113	552	4497
7	0	A	40000	2214	97.786	95.121	97786	2665	207	0	0	1834	72	552	2187
7	0	B	40000	96863	3.137	0.828	3137	2309	0	0	0	2268	41	0	2310
7	0	cSpy was 1 spamed and the readout avoided!
7	1	G	40000	100000	0	0	0	0	0	0	0	0	0	0	2
7	1	A	40000	100000	0	0	0	0	0	0	0	0	0	0	1
7	1	B	40000	100000	0	0	0	0	0	0	0	0	0	0	1
7	2	G	40000	91434	8.566	2.112	8566	9559	7	10	0	9459	61	22	9552
7	2	A	40000	92907	7.093	2.342	7093	4751	7	10	0	4683	29	22	4743
7	2	B	40000	93310	6.69	1.882	6690	4808	0	0	0	4776	32	0	4809
7	2	cSpy was 2 spamed and the readout avoided!
7	3	G	40000	0	100	100	100000	200000	200000	200000	200000	200000	200000	200000	200002
7	3	A	40000	0	100	100	100000	100000	100000	100000	100000	100000	100000	100000	100001
7	3	B	40000	0	100	100	100000	100000	100000	100000	100000	100000	100000	100000	100001
7	4	G	40000	91275	8.725	0.876	8725	14788	0	0	0	14080	696	12	14790
7	4	A	40000	91367	8.633	0.876	8633	7757	0	0	0	7134	611	12	7758
7	4	B	40000	92093	7.907	0.876	7907	7031	0	0	0	6946	85	0	7032
7	5	G	40000	100000	0	0	0	0	0	0	0	0	0	0	2
7	5	A	40000	100000	0	0	0	0	0	0	0	0	0	0	1
7	5	B	40000	100000	0	0	0	0	0	0	0	0	0	0	1
7	6	G	40000	96755	3.245	1.116	3245	2648	10	3	0	2591	33	11	2647
7	6	A	40000	97472	2.528	1.232	2528	1296	10	3	0	1270	2	11	1294
7	6	B	40000	97648	2.352	1	2352	1352	0	0	0	1321	31	0	1353
7	6	cSpy was 1 spamed and the readout avoided!
7	7	G	40000	48312	51.688	23.8085	51688	43589	6	0	0	42211	1206	166	43535
7	7	A	40000	53792	46.208	24.141	46208	22067	3	0	0	21369	531	164	22014
7	7	B	40000	55002	44.998	23.476	44998	21522	3	0	0	20842	675	2	21521
7	7	cSpy was 5 spamed and the readout avoided!
