#the gain was set to: 2	the bias was set to: 30
#Sent triggers per delay setting: 100000	and with a frequency [Hz] of: 40000
#160MHz delay setting	400MHz delay setting	Frequency	correct transmitted H+T		error rate [%]	uncertainty [%]	bad or missed events	error count	missing headers	missing trailers	flipped H/T	event nr errors	tbm missed trigger	unknown errors	event nr resets
0	0	G	40000	430	99.57	71.09	99570	19306	134	0	0	18246	317	609	18767
0	0	A	40000	625	99.375	98.219	99375	1156	115	0	0	191	253	597	625
0	0	B	40000	37889	62.111	43.961	62111	18150	19	0	0	18055	64	12	18142
0	0	cSpy was 26 spamed and the readout avoided!
0	1	G	40000	33427	66.573	47.1335	66573	25636	338	0	0	24701	0	597	25339
0	1	A	40000	42569	57.431	46.557	57431	10874	168	0	0	10272	0	434	10698
0	1	B	40000	37528	62.472	47.71	62472	14762	170	0	0	14429	0	163	14641
0	2	G	40000	6071	93.929	74.689	93929	24660	49	0	0	20988	3444	179	24536
0	2	A	40000	14349	85.651	72.162	85651	13489	14	0	0	11099	2211	165	13393
0	2	B	40000	11613	88.387	77.216	88387	11171	35	0	0	9889	1233	14	11143
0	3	G	40000	100000	0	0	0	0	0	0	0	0	0	0	2
0	3	A	40000	100000	0	0	0	0	0	0	0	0	0	0	1
0	3	B	40000	100000	0	0	0	0	0	0	0	0	0	0	1
0	4	G	40000	100000	0	0	0	0	0	0	0	0	0	0	2
0	4	A	40000	100000	0	0	0	0	0	0	0	0	0	0	1
0	4	B	40000	100000	0	0	0	0	0	0	0	0	0	0	1
0	5	G	40000	29518	70.482	47.9585	70482	29045	71	0	0	28406	81	487	28932
0	5	A	40000	39887	60.113	47.227	60113	12886	39	0	0	12367	34	446	12797
0	5	B	40000	35151	64.849	48.69	64849	16159	32	0	0	16039	47	41	16135
0	6	G	40000	2112	97.888	88.4595	97888	11597	262	0	0	8742	2168	425	11174
0	6	A	40000	4827	95.173	90.25	95173	4923	137	0	0	3207	1263	316	4648
0	6	B	40000	6657	93.343	86.669	93343	6674	125	0	0	5535	905	109	6526
0	6	cSpy was 23 spamed and the readout avoided!
0	7	G	40000	99477	0.523001	0.143	523	760	0	0	0	760	0	0	762
0	7	A	40000	99477	0.523001	0.143	523	380	0	0	0	380	0	0	381
0	7	B	40000	99477	0.523001	0.143	523	380	0	0	0	380	0	0	381
1	0	G	40000	406	99.594	96.4805	99594	3728	243	3	0	2424	567	491	3250
1	0	A	40000	2132	97.868	95.408	97868	2460	195	1	0	1590	274	400	2077
1	0	B	40000	1179	98.821	97.553	98821	1268	48	2	0	834	293	91	1173
1	0	cSpy was 39 spamed and the readout avoided!
1	1	G	40000	99592	0.408	0.002	408	812	0	0	0	812	0	0	814
1	1	A	40000	99592	0.408	0.002	408	406	0	0	0	406	0	0	407
1	1	B	40000	99592	0.408	0.002	408	406	0	0	0	406	0	0	407
1	2	G	40000	100000	0	0	0	0	0	0	0	0	0	0	2
1	2	A	40000	100000	0	0	0	0	0	0	0	0	0	0	1
1	2	B	40000	100000	0	0	0	0	0	0	0	0	0	0	1
1	3	G	40000	90604	9.396	3.9105	9396	8127	0	0	0	8039	54	34	8127
1	3	A	40000	92474	7.526	3.705	7526	3821	0	0	0	3739	48	34	3820
1	3	B	40000	91578	8.422	4.116	8422	4306	0	0	0	4300	6	0	4307
1	4	G	40000	0	100	100	100000	200000	200000	200000	200000	200000	200000	200000	200002
1	4	A	40000	0	100	100	100000	100000	100000	100000	100000	100000	100000	100000	100001
1	4	B	40000	0	100	100	100000	100000	100000	100000	100000	100000	100000	100000	100001
1	5	G	40000	79835	20.165	4.0475	20165	16511	0	0	0	14644	1853	14	16513
1	5	A	40000	89849	10.151	1.956	10151	8195	0	0	0	7365	816	14	8196
1	5	B	40000	85545	14.455	6.139	14455	8316	0	0	0	7279	1037	0	8317
1	6	G	40000	100000	0	0	0	0	0	0	0	0	0	0	2
1	6	A	40000	100000	0	0	0	0	0	0	0	0	0	0	1
1	6	B	40000	100000	0	0	0	0	0	0	0	0	0	0	1
1	7	G	40000	99970	0.029999	0	30	60	0	0	0	60	0	0	62
1	7	A	40000	99970	0.029999	0	30	30	0	0	0	30	0	0	31
1	7	B	40000	99970	0.029999	0	30	30	0	0	0	30	0	0	31
2	0	G	40000	2413	97.587	48.232	97587	4044	56	0	0	3785	112	91	3937
2	0	A	40000	2455	97.545	95.017	97545	2528	56	0	0	2271	110	91	2420
2	0	B	40000	97037	2.963	1.447	2963	1516	0	0	0	1514	2	0	1517
2	0	cSpy was 1 spamed and the readout avoided!
2	1	G	40000	99810	0.190002	0.041	190	253	0	0	0	253	0	0	255
2	1	A	40000	99836	0.164002	0.038	164	126	0	0	0	126	0	0	127
2	1	B	40000	99829	0.171	0.044	171	127	0	0	0	127	0	0	128
2	2	G	40000	23811	76.189	52.7355	76189	28321	878	9	0	25214	1449	771	27492
2	2	A	40000	36608	63.392	50.281	63392	13111	441	3	0	10772	1391	504	12642
2	2	B	40000	29600	70.4	55.19	70400	15210	437	6	0	14442	58	267	14850
2	3	G	40000	6843	93.157	64.84	93157	33984	74	0	0	29250	4554	106	33887
2	3	A	40000	23086	76.914	55.258	76914	21656	4	0	0	18266	3315	71	21624
2	3	B	40000	13250	86.75	74.422	86750	12328	70	0	0	10984	1239	35	12263
2	3	cSpy was 4 spamed and the readout avoided!
2	4	G	40000	100000	0	0	0	0	0	0	0	0	0	0	2
2	4	A	40000	100000	0	0	0	0	0	0	0	0	0	0	1
2	4	B	40000	100000	0	0	0	0	0	0	0	0	0	0	1
2	5	G	40000	99801	0.199002	0.0295	199	321	0	0	0	320	1	0	323
2	5	A	40000	99812	0.187999	0.028	188	160	0	0	0	160	0	0	161
2	5	B	40000	99808	0.191998	0.031	192	161	0	0	0	160	1	0	162
2	6	G	40000	45022	54.978	34.267	54978	24448	81	0	0	22923	1133	311	24364
2	6	A	40000	56411	43.589	32.059	43589	11530	50	0	0	10101	1093	286	11458
2	6	B	40000	50607	49.393	36.475	49393	12918	31	0	0	12822	40	25	12906
2	7	G	40000	0	100	100	100000	200000	200000	200000	200000	200000	200000	200000	200002
2	7	A	40000	0	100	100	100000	100000	100000	100000	100000	100000	100000	100000	100001
2	7	B	40000	0	100	100	100000	100000	100000	100000	100000	100000	100000	100000	100001
3	0	G	40000	1137	98.863	70.1815	98863	15801	258	3	0	14556	331	653	15209
3	0	A	40000	1637	98.363	96.206	98363	2157	206	0	0	1302	23	626	1610
3	0	B	40000	42199	57.801	44.157	57801	13644	52	3	0	13254	308	27	13599
3	0	cSpy was 10 spamed and the readout avoided!
3	1	G	40000	0	100	100	100000	200000	200000	200000	200000	200000	200000	200000	200002
3	1	A	40000	0	100	100	100000	100000	100000	100000	100000	100000	100000	100000	100001
3	1	B	40000	0	100	100	100000	100000	100000	100000	100000	100000	100000	100000	100001
3	2	G	40000	99931	0.0689983	0	69	138	0	0	0	138	0	0	140
3	2	A	40000	99931	0.0689983	0	69	69	0	0	0	69	0	0	70
3	2	B	40000	99931	0.0689983	0	69	69	0	0	0	69	0	0	70
3	3	G	40000	100000	0	0	0	0	0	0	0	0	0	0	2
3	3	A	40000	100000	0	0	0	0	0	0	0	0	0	0	1
3	3	B	40000	100000	0	0	0	0	0	0	0	0	0	0	1
3	4	G	40000	84655	15.345	4.5505	15345	17936	0	0	0	17893	36	7	17938
3	4	A	40000	86605	13.395	4.348	13395	9047	0	0	0	9013	27	7	9048
3	4	B	40000	86358	13.642	4.753	13642	8889	0	0	0	8880	9	0	8890
3	5	G	40000	0	100	100	100000	200000	200000	200000	200000	200000	200000	200000	200002
3	5	A	40000	0	100	100	100000	100000	100000	100000	100000	100000	100000	100000	100001
3	5	B	40000	0	100	100	100000	100000	100000	100000	100000	100000	100000	100000	100001
3	6	G	40000	79731	20.269	5.1105	20269	26636	6	7	0	25250	1348	25	26624
3	6	A	40000	80884	19.116	5.083	19116	14033	0	0	0	12726	1301	6	14034
3	6	B	40000	82259	17.741	5.138	17741	12603	6	7	0	12524	47	19	12590
3	6	cSpy was 2 spamed and the readout avoided!
3	7	G	40000	100000	0	0	0	0	0	0	0	0	0	0	2
3	7	A	40000	100000	0	0	0	0	0	0	0	0	0	0	1
3	7	B	40000	100000	0	0	0	0	0	0	0	0	0	0	1
4	0	G	40000	1157	98.843	55.7325	98843	26761	141	5	0	24829	1530	256	26502
4	0	A	40000	1584	98.416	96.587	98416	1829	136	0	0	975	468	250	1572
4	0	B	40000	60190	39.81	14.878	39810	24932	5	5	0	23854	1062	6	24930
4	0	cSpy was 4 spamed and the readout avoided!
4	1	G	40000	100000	0	0	0	0	0	0	0	0	0	0	2
4	1	A	40000	100000	0	0	0	0	0	0	0	0	0	0	1
4	1	B	40000	100000	0	0	0	0	0	0	0	0	0	0	1
4	2	G	40000	96999	3.001	1.454	3001	2322	2	0	0	2319	0	1	2322
4	2	A	40000	97386	2.614	1.478	2614	1136	1	0	0	1134	0	1	1136
4	2	B	40000	97384	2.616	1.43	2616	1186	1	0	0	1185	0	0	1186
4	3	G	40000	18331	81.669	59.6305	81669	33732	805	0	0	32206	108	613	32668
4	3	A	40000	23165	76.835	59.95	76835	16885	401	0	0	16044	3	437	16169
4	3	B	40000	23842	76.158	59.311	76158	16847	404	0	0	16162	105	176	16499
4	3	cSpy was 7 spamed and the readout avoided!
4	4	G	40000	12259	87.741	59.141	87741	37486	110	7	0	33433	3556	380	37214
4	4	A	40000	21876	78.124	59.682	78124	18442	9	2	0	16039	2129	263	18296
4	4	B	40000	22356	77.644	58.6	77644	19044	101	5	0	17394	1427	117	18918
4	4	cSpy was 75 spamed and the readout avoided!
4	5	G	40000	100000	0	0	0	0	0	0	0	0	0	0	2
4	5	A	40000	100000	0	0	0	0	0	0	0	0	0	0	1
4	5	B	40000	100000	0	0	0	0	0	0	0	0	0	0	1
4	6	G	40000	99925	0.0750005	0.0065	75	132	0	0	0	132	0	0	134
4	6	A	40000	99926	0.0739992	0.008	74	66	0	0	0	66	0	0	67
4	6	B	40000	99929	0.0710011	0.005	71	66	0	0	0	66	0	0	67
4	7	G	40000	21798	78.202	55.7865	78202	35702	505	0	0	34732	50	415	35041
4	7	A	40000	26192	73.808	55.943	73808	17865	245	0	0	17310	3	307	17408
4	7	B	40000	26533	73.467	55.63	73467	17837	260	0	0	17422	47	108	17633
4	7	cSpy was 4 spamed and the readout avoided!
5	0	G	40000	519	99.481	56.689	99481	14692	144	1	0	13611	109	827	14160
5	0	A	40000	623	99.377	98.221	99377	1156	144	0	0	85	100	827	623
5	0	B	40000	71307	28.693	15.157	28693	13536	0	1	0	13526	9	0	13537
5	0	cSpy was 57 spamed and the readout avoided!
5	1	G	40000	54726	45.274	23.477	45274	33619	44	1	0	33491	2	81	33578
5	1	A	40000	59715	40.285	23.676	40285	16609	21	1	0	16511	2	74	16574
5	1	B	40000	59712	40.288	23.278	40288	17010	23	0	0	16980	0	7	17004
5	1	cSpy was 1 spamed and the readout avoided!
5	2	G	40000	0	100	100	100000	200000	200000	200000	200000	200000	200000	200000	200002
5	2	A	40000	0	100	100	100000	100000	100000	100000	100000	100000	100000	100000	100001
5	2	B	40000	0	100	100	100000	100000	100000	100000	100000	100000	100000	100000	100001
5	3	G	40000	99114	0.885999	0	886	1772	0	0	0	1772	0	0	1774
5	3	A	40000	99114	0.885999	0	886	886	0	0	0	886	0	0	887
5	3	B	40000	99114	0.885999	0	886	886	0	0	0	886	0	0	887
5	4	G	40000	100000	0	0	0	0	0	0	0	0	0	0	2
5	4	A	40000	100000	0	0	0	0	0	0	0	0	0	0	1
5	4	B	40000	100000	0	0	0	0	0	0	0	0	0	0	1
5	5	G	40000	88003	11.997	5.223	11997	10965	13	0	0	10931	1	20	10950
5	5	A	40000	89253	10.747	5.317	10747	5430	7	0	0	5403	1	19	5418
5	5	B	40000	89336	10.664	5.129	10664	5535	6	0	0	5528	0	1	5532
5	6	G	40000	0	100	100	100000	200000	200000	200000	200000	200000	200000	200000	200002
5	6	A	40000	0	100	100	100000	100000	100000	100000	100000	100000	100000	100000	100001
5	6	B	40000	0	100	100	100000	100000	100000	100000	100000	100000	100000	100000	100001
5	7	G	40000	36077	63.923	22.605	63923	53875	10	12	0	48273	5486	94	53837
5	7	A	40000	49119	50.881	23.553	50881	27328	10	12	0	23592	3620	94	27289
5	7	B	40000	51796	48.204	21.657	48204	26547	0	0	0	24681	1866	0	26548
5	7	cSpy was 1 spamed and the readout avoided!
6	0	G	40000	556	99.444	95.912	99444	4371	262	6	0	2230	1193	680	3791
6	0	A	40000	1274	98.726	96.976	98726	1750	146	1	0	174	798	631	1274
6	0	B	40000	2531	97.469	94.848	97469	2621	116	5	0	2056	395	49	2517
6	0	cSpy was 50 spamed and the readout avoided!
6	1	G	40000	12817	87.183	49.204	87183	49003	5	0	0	43733	4925	340	48819
6	1	A	40000	24797	75.203	51.88	75203	23323	0	0	0	20343	2642	338	23143
6	1	B	40000	27792	72.208	46.528	72208	25680	5	0	0	23390	2283	2	25676
6	1	cSpy was 5 spamed and the readout avoided!
6	2	G	40000	100000	0	0	0	0	0	0	0	0	0	0	2
6	2	A	40000	100000	0	0	0	0	0	0	0	0	0	0	1
6	2	B	40000	100000	0	0	0	0	0	0	0	0	0	0	1
6	3	G	40000	100000	0	0	0	0	0	0	0	0	0	0	2
6	3	A	40000	100000	0	0	0	0	0	0	0	0	0	0	1
6	3	B	40000	100000	0	0	0	0	0	0	0	0	0	0	1
6	4	G	40000	20377	79.623	58.7005	79623	34221	820	0	0	32646	154	601	33133
6	4	A	40000	23896	76.104	58.973	76104	17131	396	0	0	16304	1	430	16397
6	4	B	40000	24482	75.518	58.428	75518	17090	424	0	0	16342	153	171	16736
6	4	cSpy was 8 spamed and the readout avoided!
6	5	G	40000	4529	95.471	80.497	95471	19444	188	9	0	17073	1382	792	18946
6	5	A	40000	9125	90.875	81.623	90875	9252	32	0	0	7889	641	690	8893
6	5	B	40000	10437	89.563	79.371	89563	10192	156	9	0	9184	741	102	10053
6	5	cSpy was 51 spamed and the readout avoided!
6	6	G	40000	100000	0	0	0	0	0	0	0	0	0	0	2
6	6	A	40000	100000	0	0	0	0	0	0	0	0	0	0	1
6	6	B	40000	100000	0	0	0	0	0	0	0	0	0	0	1
6	7	G	40000	100000	0	0	0	0	0	0	0	0	0	0	2
6	7	A	40000	100000	0	0	0	0	0	0	0	0	0	0	1
6	7	B	40000	100000	0	0	0	0	0	0	0	0	0	0	1
7	0	G	40000	2031	97.969	47.9405	97969	3442	214	0	0	2590	70	568	2953
7	0	A	40000	2047	97.953	95.432	97953	2521	214	0	0	1669	70	568	2031
7	0	B	40000	98630	1.37	0.449	1370	921	0	0	0	921	0	0	922
7	1	G	40000	100000	0	0	0	0	0	0	0	0	0	0	2
7	1	A	40000	100000	0	0	0	0	0	0	0	0	0	0	1
7	1	B	40000	100000	0	0	0	0	0	0	0	0	0	0	1
7	2	G	40000	95558	4.442	0.931	4442	5438	5	2	0	5397	25	9	5436
7	2	A	40000	96246	3.754	1.046	3754	2708	5	2	0	2672	20	9	2705
7	2	B	40000	96454	3.546	0.816	3546	2730	0	0	0	2725	5	0	2731
7	3	G	40000	0	100	100	100000	200000	200000	200000	200000	200000	200000	200000	200002
7	3	A	40000	0	100	100	100000	100000	100000	100000	100000	100000	100000	100000	100001
7	3	B	40000	0	100	100	100000	100000	100000	100000	100000	100000	100000	100000	100001
7	4	G	40000	88464	11.536	1.609	11536	18364	0	0	0	17247	1108	9	18365
7	4	A	40000	88635	11.365	1.609	11365	9756	0	0	0	8798	949	9	9756
7	4	B	40000	89783	10.217	1.609	10217	8608	0	0	0	8449	159	0	8609
7	5	G	40000	100000	0	0	0	0	0	0	0	0	0	0	2
7	5	A	40000	100000	0	0	0	0	0	0	0	0	0	0	1
7	5	B	40000	100000	0	0	0	0	0	0	0	0	0	0	1
7	6	G	40000	98016	1.984	0.648	1984	1612	7	1	0	1573	21	10	1610
7	6	A	40000	98492	1.508	0.714	1508	794	7	1	0	773	4	9	791
7	6	B	40000	98600	1.4	0.582	1400	818	0	0	0	800	17	1	819
7	6	cSpy was 1 spamed and the readout avoided!
7	7	G	40000	51147	48.853	21.204	48853	42449	0	1	0	41255	1020	173	42390
7	7	A	40000	56913	43.087	21.565	43087	21522	0	1	0	20914	434	173	21462
7	7	B	40000	58230	41.77	20.843	41770	20927	0	0	0	20341	586	0	20928
7	7	cSpy was 8 spamed and the readout avoided!
