#the gain was set to: 2	the bias was set to: 30
#Sent triggers per delay setting: 100000	and with a frequency [Hz] of: 40000
#160MHz delay setting	400MHz delay setting	Frequency	correct transmitted H+T		error rate [%]	uncertainty [%]	bad or missed events	error count	missing headers	missing trailers	flipped H/T	event nr errors	tbm missed trigger	unknown errors	event nr resets
0	0	G	40000	422	99.578	72.358	99578	19087	115	0	0	18058	292	622	18565
0	0	A	40000	637	99.363	98.218	99363	1145	92	0	0	193	253	607	637
0	0	B	40000	35560	64.44	46.498	64440	17942	23	0	0	17865	39	15	17928
0	0	cSpy was 40 spamed and the readout avoided!
0	1	G	40000	30957	69.043	50.2575	69043	24932	250	0	0	23759	417	506	24749
0	1	A	40000	39642	60.358	49.683	60358	10675	135	0	0	10113	1	426	10532
0	1	B	40000	34911	65.089	50.832	65089	14257	115	0	0	13646	416	80	14217
0	2	G	40000	2994	97.006	84.2315	97006	15649	195	13	0	12953	1989	499	15245
0	2	A	40000	5883	94.117	88.199	94117	5918	108	0	0	4325	1039	446	5591
0	2	B	40000	10005	89.995	80.264	89995	9731	87	13	0	8628	950	53	9654
0	2	cSpy was 21 spamed and the readout avoided!
0	3	G	40000	100000	0	0	0	0	0	0	0	0	0	0	2
0	3	A	40000	100000	0	0	0	0	0	0	0	0	0	0	1
0	3	B	40000	100000	0	0	0	0	0	0	0	0	0	0	1
0	4	G	40000	100000	0	0	0	0	0	0	0	0	0	0	2
0	4	A	40000	100000	0	0	0	0	0	0	0	0	0	0	1
0	4	B	40000	100000	0	0	0	0	0	0	0	0	0	0	1
0	5	G	40000	45563	54.437	32.8745	54437	30578	8	0	0	30178	96	296	30547
0	5	A	40000	53707	46.293	32.431	46293	13862	7	0	0	13523	36	296	13830
0	5	B	40000	49966	50.034	33.318	50034	16716	1	0	0	16655	60	0	16717
0	6	G	40000	0	100	100	100000	200000	200000	200000	200000	200000	200000	200000	200002
0	6	A	40000	0	100	100	100000	100000	100000	100000	100000	100000	100000	100000	100001
0	6	B	40000	0	100	100	100000	100000	100000	100000	100000	100000	100000	100000	100001
0	7	G	40000	98182	1.818	0.117	1818	3289	0	0	0	3269	20	0	3291
0	7	A	40000	98258	1.742	0.098	1742	1644	0	0	0	1636	8	0	1645
0	7	B	40000	98219	1.781	0.136	1781	1645	0	0	0	1633	12	0	1646
1	0	G	40000	286	99.714	98.0295	99714	2175	149	1	0	1345	189	491	1761
1	0	A	40000	1070	98.93	97.508	98930	1422	122	1	0	743	129	427	1065
1	0	B	40000	696	99.304	98.551	99304	753	27	0	0	602	60	64	696
1	0	cSpy was 34 spamed and the readout avoided!
1	1	G	40000	97659	2.341	0.1865	2341	3941	0	0	0	3875	65	1	3943
1	1	A	40000	97907	2.093	0.132	2093	1961	0	0	0	1937	23	1	1962
1	1	B	40000	97779	2.221	0.241	2221	1980	0	0	0	1938	42	0	1981
1	2	G	40000	100000	0	0	0	0	0	0	0	0	0	0	2
1	2	A	40000	100000	0	0	0	0	0	0	0	0	0	0	1
1	2	B	40000	100000	0	0	0	0	0	0	0	0	0	0	1
1	3	G	40000	96989	3.011	0.531	3011	4658	0	0	0	4658	0	0	4660
1	3	A	40000	97243	2.757	0.509	2757	2248	0	0	0	2248	0	0	2249
1	3	B	40000	97037	2.963	0.553	2963	2410	0	0	0	2410	0	0	2411
1	4	G	40000	507	99.493	96.863	99493	3359	219	0	0	1534	1164	442	2900
1	4	A	40000	1685	98.315	96.489	98315	1826	60	0	0	685	925	156	1670
1	4	B	40000	1230	98.77	97.237	98770	1533	159	0	0	849	239	286	1230
1	4	cSpy was 50 spamed and the readout avoided!
1	5	G	40000	42393	57.607	15.4745	57607	42457	17	0	0	35689	6718	33	42441
1	5	A	40000	71014	28.986	5.626	28986	23360	0	0	0	19429	3900	31	23360
1	5	B	40000	55580	44.42	25.323	44420	19097	17	0	0	16260	2818	2	19081
1	6	G	40000	100000	0	0	0	0	0	0	0	0	0	0	2
1	6	A	40000	100000	0	0	0	0	0	0	0	0	0	0	1
1	6	B	40000	100000	0	0	0	0	0	0	0	0	0	0	1
1	7	G	40000	97832	2.168	0.761	2168	2114	0	0	0	2107	6	1	2116
1	7	A	40000	98289	1.711	0.721	1711	990	0	0	0	984	5	1	991
1	7	B	40000	98075	1.925	0.801	1925	1124	0	0	0	1123	1	0	1125
2	0	G	40000	2278	97.722	48.482	97722	4114	48	1	0	3864	118	83	4023
2	0	A	40000	2325	97.675	95.302	97675	2373	48	1	0	2123	118	83	2281
2	0	B	40000	96597	3.403	1.662	3403	1741	0	0	0	1741	0	0	1742
2	1	G	40000	100000	0	0	0	0	0	0	0	0	0	0	2
2	1	A	40000	100000	0	0	0	0	0	0	0	0	0	0	1
2	1	B	40000	100000	0	0	0	0	0	0	0	0	0	0	1
2	2	G	40000	32454	67.546	46.579	67546	25722	664	0	0	23233	1208	617	25183
2	2	A	40000	43775	56.225	44.806	56225	11419	372	0	0	9959	662	426	11064
2	2	B	40000	37345	62.655	48.352	62655	14303	292	0	0	13274	546	191	14119
2	3	G	40000	5351	94.649	72.5155	94649	26934	60	2	0	23553	3161	158	26821
2	3	A	40000	17983	82.017	64.687	82017	17330	5	0	0	15040	2158	127	17264
2	3	B	40000	10052	89.948	80.344	89948	9604	55	2	0	8513	1003	31	9557
2	3	cSpy was 6 spamed and the readout avoided!
2	4	G	40000	100000	0	0	0	0	0	0	0	0	0	0	2
2	4	A	40000	100000	0	0	0	0	0	0	0	0	0	0	1
2	4	B	40000	100000	0	0	0	0	0	0	0	0	0	0	1
2	5	G	40000	100000	0	0	0	0	0	0	0	0	0	0	2
2	5	A	40000	100000	0	0	0	0	0	0	0	0	0	0	1
2	5	B	40000	100000	0	0	0	0	0	0	0	0	0	0	1
2	6	G	40000	35284	64.716	39.3215	64716	29598	43	0	0	28416	790	349	29549
2	6	A	40000	49321	50.679	37.327	50679	13352	32	0	0	12292	688	340	13305
2	6	B	40000	42438	57.562	41.316	57562	16246	11	0	0	16124	102	9	16244
2	7	G	40000	0	100	100	100000	200000	200000	200000	200000	200000	200000	200000	200002
2	7	A	40000	0	100	100	100000	100000	100000	100000	100000	100000	100000	100000	100001
2	7	B	40000	0	100	100	100000	100000	100000	100000	100000	100000	100000	100000	100001
3	0	G	40000	951	99.049	73.4115	99049	20202	277	3	0	18807	457	658	19636
3	0	A	40000	1589	98.411	96.323	98411	2088	209	1	0	1219	36	623	1572
3	0	B	40000	31386	68.614	50.5	68614	18114	68	2	0	17588	421	35	18064
3	0	cSpy was 16 spamed and the readout avoided!
3	1	G	40000	0	100	100	100000	200000	200000	200000	200000	200000	200000	200000	200002
3	1	A	40000	0	100	100	100000	100000	100000	100000	100000	100000	100000	100000	100001
3	1	B	40000	0	100	100	100000	100000	100000	100000	100000	100000	100000	100000	100001
3	2	G	40000	72366	27.634	16.4525	27634	15118	28	7	0	13755	1205	123	15034
3	2	A	40000	75937	24.063	16.485	24063	7578	15	5	0	6785	659	114	7505
3	2	B	40000	76040	23.96	16.42	23960	7540	13	2	0	6970	546	9	7529
3	2	cSpy was 3 spamed and the readout avoided!
3	3	G	40000	100000	0	0	0	0	0	0	0	0	0	0	2
3	3	A	40000	100000	0	0	0	0	0	0	0	0	0	0	1
3	3	B	40000	100000	0	0	0	0	0	0	0	0	0	0	1
3	4	G	40000	97058	2.942	0.417	2942	4815	0	0	0	4809	4	2	4817
3	4	A	40000	97191	2.809	0.394	2809	2415	0	0	0	2410	3	2	2416
3	4	B	40000	97160	2.84	0.44	2840	2400	0	0	0	2399	1	0	2401
3	5	G	40000	0	100	100	100000	200000	200000	200000	200000	200000	200000	200000	200002
3	5	A	40000	0	100	100	100000	100000	100000	100000	100000	100000	100000	100000	100001
3	5	B	40000	0	100	100	100000	100000	100000	100000	100000	100000	100000	100000	100001
3	6	G	40000	43258	56.742	29.6015	56742	38408	56	0	0	35383	2861	108	38307
3	6	A	40000	50619	49.381	29.665	49381	19716	3	0	0	17204	2442	67	19674
3	6	B	40000	51770	48.23	29.538	48230	18692	53	0	0	18179	419	41	18633
3	6	cSpy was 35 spamed and the readout avoided!
3	7	G	40000	100000	0	0	0	0	0	0	0	0	0	0	2
3	7	A	40000	100000	0	0	0	0	0	0	0	0	0	0	1
3	7	B	40000	100000	0	0	0	0	0	0	0	0	0	0	1
4	0	G	40000	897	99.103	71.5055	99103	24470	91	0	0	22068	2204	107	24342
4	0	A	40000	1572	98.428	96.764	98428	1664	47	0	0	1027	507	83	1569
4	0	B	40000	30947	69.053	46.247	69053	22806	44	0	0	21041	1697	24	22773
4	0	cSpy was 3 spamed and the readout avoided!
4	1	G	40000	100000	0	0	0	0	0	0	0	0	0	0	2
4	1	A	40000	100000	0	0	0	0	0	0	0	0	0	0	1
4	1	B	40000	100000	0	0	0	0	0	0	0	0	0	0	1
4	2	G	40000	100000	0	0	0	0	0	0	0	0	0	0	2
4	2	A	40000	100000	0	0	0	0	0	0	0	0	0	0	1
4	2	B	40000	100000	0	0	0	0	0	0	0	0	0	0	1
4	3	G	40000	19732	80.268	58.8725	80268	34205	817	0	0	32664	121	603	33119
4	3	A	40000	23724	76.276	59.131	76276	17145	397	0	0	16318	0	430	16419
4	3	B	40000	24326	75.674	58.614	75674	17060	420	0	0	16346	121	173	16700
4	3	cSpy was 8 spamed and the readout avoided!
4	4	G	40000	0	100	100	100000	200000	200000	200000	200000	200000	200000	200000	200002
4	4	A	40000	0	100	100	100000	100000	100000	100000	100000	100000	100000	100000	100001
4	4	B	40000	0	100	100	100000	100000	100000	100000	100000	100000	100000	100000	100001
4	5	G	40000	98587	1.413	0.168	1413	2463	0	0	0	2445	18	0	2465
4	5	A	40000	98590	1.41	0.168	1410	1242	0	0	0	1226	16	0	1243
4	5	B	40000	98611	1.389	0.168	1389	1221	0	0	0	1219	2	0	1222
4	6	G	40000	100000	0	0	0	0	0	0	0	0	0	0	2
4	6	A	40000	100000	0	0	0	0	0	0	0	0	0	0	1
4	6	B	40000	100000	0	0	0	0	0	0	0	0	0	0	1
4	7	G	40000	36838	63.162	42.644	63162	31979	286	0	0	31437	4	252	31647
4	7	A	40000	41280	58.72	42.758	58720	15962	139	0	0	15632	0	191	15720
4	7	B	40000	41453	58.547	42.53	58547	16017	147	0	0	15805	4	61	15927
4	7	cSpy was 6 spamed and the readout avoided!
5	0	G	40000	512	99.488	56.927	99488	14772	137	0	0	13694	93	848	14241
5	0	A	40000	618	99.382	98.232	99382	1150	137	0	0	78	87	848	618
5	0	B	40000	70756	29.244	15.622	29244	13622	0	0	0	13616	6	0	13623
5	0	cSpy was 50 spamed and the readout avoided!
5	1	G	40000	71556	28.444	12.57	28444	24702	13	1	0	24638	10	40	24690
5	1	A	40000	75061	24.939	12.758	24939	12181	7	0	0	12127	10	37	12170
5	1	B	40000	75097	24.903	12.382	24903	12521	6	1	0	12511	0	3	12520
5	1	cSpy was 1 spamed and the readout avoided!
5	2	G	40000	12	99.988	99.047	99988	1170	26	0	0	452	208	484	735
5	2	A	40000	31	99.969	99.597	99969	372	0	0	0	5	0	367	31
5	2	B	40000	705	99.295	98.497	99295	798	26	0	0	447	208	117	704
5	2	cSpy was 21 spamed and the readout avoided!
5	3	G	40000	96359	3.641	0.039	3641	7110	0	0	0	7032	78	0	7112
5	3	A	40000	96365	3.635	0.039	3635	3596	0	0	0	3524	72	0	3597
5	3	B	40000	96447	3.553	0.039	3553	3514	0	0	0	3508	6	0	3515
5	4	G	40000	100000	0	0	0	0	0	0	0	0	0	0	2
5	4	A	40000	100000	0	0	0	0	0	0	0	0	0	0	1
5	4	B	40000	100000	0	0	0	0	0	0	0	0	0	0	1
5	5	G	40000	95797	4.203	0.6315	4203	6671	0	0	0	6668	0	3	6673
5	5	A	40000	95981	4.019	0.691	4019	3328	0	0	0	3325	0	3	3329
5	5	B	40000	96085	3.915	0.572	3915	3343	0	0	0	3343	0	0	3344
5	6	G	40000	24	99.976	97.768	99976	2355	193	3	0	1348	573	238	2094
5	6	A	40000	62	99.938	99.796	99938	142	0	0	0	25	6	111	61
5	6	B	40000	2047	97.953	95.74	97953	2213	193	3	0	1323	567	127	2033
5	6	cSpy was 62 spamed and the readout avoided!
5	7	G	40000	22170	77.83	24.766	77830	68489	0	0	0	60118	8190	181	68410
5	7	A	40000	39328	60.672	27.938	60672	32734	0	0	0	27884	4669	181	32654
5	7	B	40000	42651	57.349	21.594	57349	35755	0	0	0	32234	3521	0	35756
5	7	cSpy was 3 spamed and the readout avoided!
6	0	G	40000	493	99.507	96.6115	99507	3674	351	1	0	1768	972	582	3086
6	0	A	40000	1129	98.871	97.319	98871	1552	181	0	0	231	648	492	1129
6	0	B	40000	1974	98.026	95.904	98026	2122	170	1	0	1537	324	90	1957
6	0	cSpy was 94 spamed and the readout avoided!
6	1	G	40000	8752	91.248	64.6845	91248	34612	20	1	0	30983	3148	460	34354
6	1	A	40000	16980	83.02	66.505	83020	16515	1	0	0	14521	1544	449	16272
6	1	B	40000	19039	80.961	62.864	80961	18097	19	1	0	16462	1604	11	18082
6	1	cSpy was 8 spamed and the readout avoided!
6	2	G	40000	100000	0	0	0	0	0	0	0	0	0	0	2
6	2	A	40000	100000	0	0	0	0	0	0	0	0	0	0	1
6	2	B	40000	100000	0	0	0	0	0	0	0	0	0	0	1
6	3	G	40000	100000	0	0	0	0	0	0	0	0	0	0	2
6	3	A	40000	100000	0	0	0	0	0	0	0	0	0	0	1
6	3	B	40000	100000	0	0	0	0	0	0	0	0	0	0	1
6	4	G	40000	20452	79.548	58.6555	79548	34231	802	0	0	32667	162	600	33151
6	4	A	40000	23944	76.056	58.939	76056	17117	386	0	0	16310	0	421	16406
6	4	B	40000	24514	75.486	58.372	75486	17114	416	0	0	16357	162	179	16745
6	4	cSpy was 8 spamed and the readout avoided!
6	5	G	40000	0	100	100	100000	200000	200000	200000	200000	200000	200000	200000	200002
6	5	A	40000	0	100	100	100000	100000	100000	100000	100000	100000	100000	100000	100001
6	5	B	40000	0	100	100	100000	100000	100000	100000	100000	100000	100000	100000	100001
6	6	G	40000	90948	9.052	2.0935	9052	11154	0	0	0	10051	1083	20	11153
6	6	A	40000	91766	8.234	2.121	8234	6113	0	0	0	5198	895	20	6111
6	6	B	40000	92893	7.107	2.066	7107	5041	0	0	0	4853	188	0	5042
6	7	G	40000	100000	0	0	0	0	0	0	0	0	0	0	2
6	7	A	40000	100000	0	0	0	0	0	0	0	0	0	0	1
6	7	B	40000	100000	0	0	0	0	0	0	0	0	0	0	1
7	0	G	40000	1986	98.014	48	98014	3502	228	0	0	2650	70	554	2987
7	0	A	40000	2000	98	95.503	98000	2497	228	0	0	1645	70	554	1981
7	0	B	40000	98498	1.502	0.497	1502	1005	0	0	0	1005	0	0	1006
7	1	G	40000	100000	0	0	0	0	0	0	0	0	0	0	2
7	1	A	40000	100000	0	0	0	0	0	0	0	0	0	0	1
7	1	B	40000	100000	0	0	0	0	0	0	0	0	0	0	1
7	2	G	40000	98452	1.548	0.1055	1548	2787	0	0	0	2770	17	0	2789
7	2	A	40000	98487	1.513	0.12	1513	1393	0	0	0	1377	16	0	1394
7	2	B	40000	98515	1.485	0.091	1485	1394	0	0	0	1393	1	0	1395
7	3	G	40000	0	100	100	100000	200000	200000	200000	200000	200000	200000	200000	200002
7	3	A	40000	0	100	100	100000	100000	100000	100000	100000	100000	100000	100000	100001
7	3	B	40000	0	100	100	100000	100000	100000	100000	100000	100000	100000	100000	100001
7	4	G	40000	73774	26.226	6.2615	26226	32435	0	0	0	29317	3060	58	32418
7	4	A	40000	75993	24.007	6.323	24007	17684	0	0	0	15144	2483	57	17666
7	4	B	40000	79049	20.951	6.2	20951	14751	0	0	0	14173	577	1	14752
7	5	G	40000	100000	0	0	0	0	0	0	0	0	0	0	2
7	5	A	40000	100000	0	0	0	0	0	0	0	0	0	0	1
7	5	B	40000	100000	0	0	0	0	0	0	0	0	0	0	1
7	6	G	40000	99998	0.00200272	0	2	4	0	0	0	4	0	0	6
7	6	A	40000	99998	0.00200272	0	2	2	0	0	0	2	0	0	3
7	6	B	40000	99998	0.00200272	0	2	2	0	0	0	2	0	0	3
7	7	G	40000	58333	41.667	15.7535	41667	37926	38	74	0	36946	659	209	37796
7	7	A	40000	64389	35.611	16.284	35611	19327	38	74	0	18738	268	209	19197
7	7	B	40000	66178	33.822	15.223	33822	18599	0	0	0	18208	391	0	18599
7	7	cSpy was 8 spamed and the readout avoided!
