#the gain was set to: 2	the bias was set to: 30
#Sent triggers per delay setting: 100000	and with a frequency [Hz] of: 40000
#160MHz delay setting	400MHz delay setting	Frequency	correct transmitted H+T		error rate [%]	uncertainty [%]	bad or missed events	error count	missing headers	missing trailers	flipped H/T	event nr errors	tbm missed trigger	unknown errors	event nr resets
0	0	G	40000	407	99.593	72.957	99593	18822	113	0	0	17783	259	667	18245
0	0	A	40000	596	99.404	98.239	99404	1165	92	0	0	188	227	658	596
0	0	B	40000	34668	65.332	47.675	65332	17657	21	0	0	17595	32	9	17649
0	0	cSpy was 28 spamed and the readout avoided!
0	1	G	40000	35534	64.466	44.5565	64466	25641	99	0	0	25036	48	458	25515
0	1	A	40000	44820	55.18	43.918	55180	11262	55	0	0	10775	17	415	11163
0	1	B	40000	40426	59.574	45.195	59574	14379	44	0	0	14261	31	43	14352
0	2	G	40000	4834	95.166	78.662	95166	21037	77	0	0	17921	2704	335	20806
0	2	A	40000	9754	90.246	80.772	90246	9474	49	0	0	7573	1524	328	9261
0	2	B	40000	11885	88.115	76.552	88115	11563	28	0	0	10348	1180	7	11545
0	3	G	40000	100000	0	0	0	0	0	0	0	0	0	0	2
0	3	A	40000	100000	0	0	0	0	0	0	0	0	0	0	1
0	3	B	40000	100000	0	0	0	0	0	0	0	0	0	0	1
0	4	G	40000	100000	0	0	0	0	0	0	0	0	0	0	2
0	4	A	40000	100000	0	0	0	0	0	0	0	0	0	0	1
0	4	B	40000	100000	0	0	0	0	0	0	0	0	0	0	1
0	5	G	40000	36761	63.239	38.8885	63239	32310	12	0	0	31751	155	392	32234
0	5	A	40000	46974	53.026	38.241	53026	14785	7	0	0	14328	69	381	14713
0	5	B	40000	42939	57.061	39.536	57061	17525	5	0	0	17423	86	11	17521
0	6	G	40000	2396	97.604	88.829	97604	11152	204	4	0	8607	1941	396	10785
0	6	A	40000	4886	95.114	90.245	95114	4869	93	0	0	3457	1027	292	4624
0	6	B	40000	6304	93.696	87.413	93696	6283	111	4	0	5150	914	104	6161
0	6	cSpy was 14 spamed and the readout avoided!
0	7	G	40000	74333	25.667	6.9775	25667	20308	0	0	0	17867	2440	1	20308
0	7	A	40000	85914	14.086	2.217	14086	11869	0	0	0	10110	1758	1	11869
0	7	B	40000	79823	20.177	11.738	20177	8439	0	0	0	7757	682	0	8439
1	0	G	40000	275	99.725	97.4925	99725	2718	176	0	0	1515	539	488	2278
1	0	A	40000	1153	98.847	97.316	98847	1531	143	0	0	825	124	439	1136
1	0	B	40000	1144	98.856	97.669	98856	1187	33	0	0	690	415	49	1142
1	0	cSpy was 29 spamed and the readout avoided!
1	1	G	40000	70790	29.21	9.597	29210	22591	0	0	0	19898	2686	7	22588
1	1	A	40000	82574	17.426	3.221	17426	14205	0	0	0	12023	2175	7	14202
1	1	B	40000	75641	24.359	15.973	24359	8386	0	0	0	7875	511	0	8386
1	2	G	40000	100000	0	0	0	0	0	0	0	0	0	0	2
1	2	A	40000	100000	0	0	0	0	0	0	0	0	0	0	1
1	2	B	40000	100000	0	0	0	0	0	0	0	0	0	0	1
1	3	G	40000	97107	2.893	0.6045	2893	3923	0	0	0	3916	4	3	3924
1	3	A	40000	97532	2.468	0.536	2468	1932	0	0	0	1926	3	3	1932
1	3	B	40000	97336	2.664	0.673	2664	1991	0	0	0	1990	1	0	1992
1	4	G	40000	444	99.556	97.1625	99556	2966	189	0	0	1264	1294	219	2678
1	4	A	40000	1749	98.251	96.406	98251	1845	85	0	0	656	1017	87	1720
1	4	B	40000	960	99.04	97.919	99040	1121	104	0	0	608	277	132	958
1	4	cSpy was 22 spamed and the readout avoided!
1	5	G	40000	52104	47.896	11.573	47896	36567	0	0	0	32108	4457	2	36568
1	5	A	40000	76361	23.639	3.333	23639	20306	0	0	0	17502	2804	0	20307
1	5	B	40000	63926	36.074	19.813	36074	16261	0	0	0	14606	1653	2	16261
1	6	G	40000	100000	0	0	0	0	0	0	0	0	0	0	2
1	6	A	40000	100000	0	0	0	0	0	0	0	0	0	0	1
1	6	B	40000	100000	0	0	0	0	0	0	0	0	0	0	1
1	7	G	40000	99999	0.00100136	0	1	2	0	0	0	2	0	0	4
1	7	A	40000	99999	0.00100136	0	1	1	0	0	0	1	0	0	2
1	7	B	40000	99999	0.00100136	0	1	1	0	0	0	1	0	0	2
2	0	G	40000	2259	97.741	48.5265	97741	4099	45	0	0	3874	109	71	4019
2	0	A	40000	2299	97.701	95.355	97701	2346	45	0	0	2121	109	71	2265
2	0	B	40000	96549	3.451	1.698	3451	1753	0	0	0	1753	0	0	1754
2	1	G	40000	100000	0	0	0	0	0	0	0	0	0	0	2
2	1	A	40000	100000	0	0	0	0	0	0	0	0	0	0	1
2	1	B	40000	100000	0	0	0	0	0	0	0	0	0	0	1
2	2	G	40000	23612	76.388	53.0815	76388	28238	837	3	0	25175	1453	770	27423
2	2	A	40000	36276	63.724	50.62	63724	13104	424	2	0	10797	1386	495	12646
2	2	B	40000	29323	70.677	55.543	70677	15134	413	1	0	14378	67	275	14777
2	3	G	40000	0	100	100	100000	200000	200000	200000	200000	200000	200000	200000	200002
2	3	A	40000	0	100	100	100000	100000	100000	100000	100000	100000	100000	100000	100001
2	3	B	40000	0	100	100	100000	100000	100000	100000	100000	100000	100000	100000	100001
2	4	G	40000	100000	0	0	0	0	0	0	0	0	0	0	2
2	4	A	40000	100000	0	0	0	0	0	0	0	0	0	0	1
2	4	B	40000	100000	0	0	0	0	0	0	0	0	0	0	1
2	5	G	40000	100000	0	0	0	0	0	0	0	0	0	0	2
2	5	A	40000	100000	0	0	0	0	0	0	0	0	0	0	1
2	5	B	40000	100000	0	0	0	0	0	0	0	0	0	0	1
2	6	G	40000	45981	54.019	33.455	54019	23903	44	0	0	22389	1182	288	23848
2	6	A	40000	57428	42.572	31.256	42572	11316	24	0	0	9899	1116	277	11271
2	6	B	40000	51759	48.241	35.654	48241	12587	20	0	0	12490	66	11	12577
2	7	G	40000	0	100	100	100000	200000	200000	200000	200000	200000	200000	200000	200002
2	7	A	40000	0	100	100	100000	100000	100000	100000	100000	100000	100000	100000	100001
2	7	B	40000	0	100	100	100000	100000	100000	100000	100000	100000	100000	100000	100001
3	0	G	40000	1058	98.942	69.1155	98942	17205	265	4	0	15979	306	651	16619
3	0	A	40000	1548	98.452	96.359	98452	2093	217	1	0	1214	29	632	1538
3	0	B	40000	43016	56.984	41.872	56984	15112	48	3	0	14765	277	19	15081
3	0	cSpy was 12 spamed and the readout avoided!
3	1	G	40000	0	100	100	100000	200000	200000	200000	200000	200000	200000	200000	200002
3	1	A	40000	0	100	100	100000	100000	100000	100000	100000	100000	100000	100000	100001
3	1	B	40000	0	100	100	100000	100000	100000	100000	100000	100000	100000	100000	100001
3	2	G	40000	0	100	100	100000	200000	200000	200000	200000	200000	200000	200000	200002
3	2	A	40000	0	100	100	100000	100000	100000	100000	100000	100000	100000	100000	100001
3	2	B	40000	0	100	100	100000	100000	100000	100000	100000	100000	100000	100000	100001
3	3	G	40000	100000	0	0	0	0	0	0	0	0	0	0	2
3	3	A	40000	100000	0	0	0	0	0	0	0	0	0	0	1
3	3	B	40000	100000	0	0	0	0	0	0	0	0	0	0	1
3	4	G	40000	81338	18.662	8.803	18662	15894	25	0	0	15774	57	38	15868
3	4	A	40000	83325	16.675	8.666	16675	8009	12	0	0	7945	18	34	7987
3	4	B	40000	83175	16.825	8.94	16825	7885	13	0	0	7829	39	4	7881
3	5	G	40000	0	100	100	100000	200000	200000	200000	200000	200000	200000	200000	200002
3	5	A	40000	0	100	100	100000	100000	100000	100000	100000	100000	100000	100000	100001
3	5	B	40000	0	100	100	100000	100000	100000	100000	100000	100000	100000	100000	100001
3	6	G	40000	47529	52.471	31.2835	52471	30926	81	2	0	28342	2318	183	30746
3	6	A	40000	52641	47.359	31.555	47359	15804	3	0	0	13873	1825	103	15731
3	6	B	40000	53866	46.134	31.012	46134	15122	78	2	0	14469	493	80	15015
3	6	cSpy was 61 spamed and the readout avoided!
3	7	G	40000	100000	0	0	0	0	0	0	0	0	0	0	2
3	7	A	40000	100000	0	0	0	0	0	0	0	0	0	0	1
3	7	B	40000	100000	0	0	0	0	0	0	0	0	0	0	1
4	0	G	40000	833	99.167	72.4705	99167	19770	150	1	0	16762	2603	254	19527
4	0	A	40000	1338	98.662	97.142	98662	1520	70	0	0	844	377	229	1332
4	0	B	40000	33951	66.049	47.799	66049	18250	80	1	0	15918	2226	25	18195
4	0	cSpy was 13 spamed and the readout avoided!
4	1	G	40000	100000	0	0	0	0	0	0	0	0	0	0	2
4	1	A	40000	100000	0	0	0	0	0	0	0	0	0	0	1
4	1	B	40000	100000	0	0	0	0	0	0	0	0	0	0	1
4	2	G	40000	100000	0	0	0	0	0	0	0	0	0	0	2
4	2	A	40000	100000	0	0	0	0	0	0	0	0	0	0	1
4	2	B	40000	100000	0	0	0	0	0	0	0	0	0	0	1
4	3	G	40000	27099	72.901	52.356	72901	33612	698	0	0	32248	142	524	32677
4	3	A	40000	30595	69.405	52.611	69405	16794	338	0	0	16088	0	368	16176
4	3	B	40000	31081	68.919	52.101	68919	16818	360	0	0	16160	142	156	16501
4	3	cSpy was 7 spamed and the readout avoided!
4	4	G	40000	4602	95.398	81.5915	95398	18268	249	23	3	16066	1452	475	17863
4	4	A	40000	9007	90.993	81.97	90993	9023	131	13	1	7770	689	419	8707
4	4	B	40000	9542	90.458	81.213	90458	9245	118	10	2	8296	763	56	9156
4	4	cSpy was 47 spamed and the readout avoided!
4	5	G	40000	100000	0	0	0	0	0	0	0	0	0	0	2
4	5	A	40000	100000	0	0	0	0	0	0	0	0	0	0	1
4	5	B	40000	100000	0	0	0	0	0	0	0	0	0	0	1
4	6	G	40000	100000	0	0	0	0	0	0	0	0	0	0	2
4	6	A	40000	100000	0	0	0	0	0	0	0	0	0	0	1
4	6	B	40000	100000	0	0	0	0	0	0	0	0	0	0	1
4	7	G	40000	44272	55.728	31.5595	55728	36598	68	0	0	36420	5	105	36530
4	7	A	40000	50181	49.819	31.713	49819	18106	34	0	0	17968	4	100	18046
4	7	B	40000	50102	49.898	31.406	49898	18492	34	0	0	18452	1	5	18484
4	7	cSpy was 6 spamed and the readout avoided!
5	0	G	40000	497	99.503	57.237	99503	15193	152	0	0	14098	109	834	14648
5	0	A	40000	623	99.377	98.208	99377	1169	152	0	0	80	103	834	623
5	0	B	40000	69710	30.29	16.266	30290	14024	0	0	0	14018	6	0	14025
5	0	cSpy was 63 spamed and the readout avoided!
5	1	G	40000	57750	42.25	20.9595	42250	32865	31	0	0	32777	2	55	32840
5	1	A	40000	62626	37.374	21.171	37374	16203	16	0	0	16135	2	50	16180
5	1	B	40000	62590	37.41	20.748	37410	16662	15	0	0	16642	0	5	16660
5	1	cSpy was 2 spamed and the readout avoided!
5	2	G	40000	25	99.975	98.9445	99975	1322	36	0	0	523	158	605	789
5	2	A	40000	64	99.936	99.433	99936	503	0	0	0	5	3	495	64
5	2	B	40000	725	99.275	98.456	99275	819	36	0	0	518	155	110	725
5	2	cSpy was 24 spamed and the readout avoided!
5	3	G	40000	96692	3.308	0.017	3308	6521	0	0	0	6466	55	0	6521
5	3	A	40000	96695	3.305	0.017	3305	3288	0	0	0	3236	52	0	3288
5	3	B	40000	96750	3.25	0.017	3250	3233	0	0	0	3230	3	0	3233
5	4	G	40000	100000	0	0	0	0	0	0	0	0	0	0	2
5	4	A	40000	100000	0	0	0	0	0	0	0	0	0	0	1
5	4	B	40000	100000	0	0	0	0	0	0	0	0	0	0	1
5	5	G	40000	91720	8.28	2.3555	8280	10238	2	0	0	10231	0	5	10239
5	5	A	40000	92459	7.541	2.468	7541	5073	1	0	0	5067	0	5	5073
5	5	B	40000	92592	7.408	2.243	7408	5165	1	0	0	5164	0	0	5166
5	6	G	40000	0	100	100	100000	200000	200000	200000	200000	200000	200000	200000	200002
5	6	A	40000	0	100	100	100000	100000	100000	100000	100000	100000	100000	100000	100001
5	6	B	40000	0	100	100	100000	100000	100000	100000	100000	100000	100000	100000	100001
5	7	G	40000	22761	77.239	22.715	77239	69626	0	0	0	61149	8282	195	69534
5	7	A	40000	40900	59.1	25.738	59100	33362	0	0	0	28362	4808	192	33269
5	7	B	40000	44044	55.956	19.692	55956	36264	0	0	0	32787	3474	3	36265
5	7	cSpy was 4 spamed and the readout avoided!
6	0	G	40000	559	99.441	96.179	99441	4112	365	3	0	2001	1112	631	3520
6	0	A	40000	1253	98.747	97.031	98747	1716	186	0	0	222	745	563	1253
6	0	B	40000	2277	97.723	95.327	97723	2396	179	3	0	1779	367	68	2267
6	0	cSpy was 77 spamed and the readout avoided!
6	1	G	40000	10087	89.913	59.6135	89913	39426	23	2	0	35247	3709	445	39200
6	1	A	40000	19459	80.541	61.711	80541	18830	0	0	0	16543	1863	424	18624
6	1	B	40000	21888	78.112	57.516	78112	20596	23	2	0	18704	1846	21	20576
6	1	cSpy was 3 spamed and the readout avoided!
6	2	G	40000	100000	0	0	0	0	0	0	0	0	0	0	2
6	2	A	40000	100000	0	0	0	0	0	0	0	0	0	0	1
6	2	B	40000	100000	0	0	0	0	0	0	0	0	0	0	1
6	3	G	40000	100000	0	0	0	0	0	0	0	0	0	0	2
6	3	A	40000	100000	0	0	0	0	0	0	0	0	0	0	1
6	3	B	40000	100000	0	0	0	0	0	0	0	0	0	0	1
6	4	G	40000	20515	79.485	58.639	79485	34272	820	0	0	32686	161	605	33178
6	4	A	40000	23935	76.065	58.911	76065	17154	396	0	0	16329	0	429	16424
6	4	B	40000	24515	75.485	58.367	75485	17118	424	0	0	16357	161	176	16754
6	4	cSpy was 8 spamed and the readout avoided!
6	5	G	40000	4796	95.204	91.3225	95204	5360	168	4	0	4083	355	750	4759
6	5	A	40000	5640	94.36	91.701	94360	2659	23	1	0	1822	210	603	2227
6	5	B	40000	6355	93.645	90.944	93645	2701	145	3	0	2261	145	147	2532
6	5	cSpy was 69 spamed and the readout avoided!
6	6	G	40000	100000	0	0	0	0	0	0	0	0	0	0	2
6	6	A	40000	100000	0	0	0	0	0	0	0	0	0	0	1
6	6	B	40000	100000	0	0	0	0	0	0	0	0	0	0	1
6	7	G	40000	100000	0	0	0	0	0	0	0	0	0	0	2
6	7	A	40000	100000	0	0	0	0	0	0	0	0	0	0	1
6	7	B	40000	100000	0	0	0	0	0	0	0	0	0	0	1
7	0	G	40000	1893	98.107	48.1535	98107	4170	180	0	0	3369	85	536	3718
7	0	A	40000	1919	98.081	95.734	98081	2347	180	0	0	1553	78	536	1894
7	0	B	40000	97604	2.396	0.573	2396	1823	0	0	0	1816	7	0	1824
7	0	cSpy was 1 spamed and the readout avoided!
7	1	G	40000	100000	0	0	0	0	0	0	0	0	0	0	2
7	1	A	40000	100000	0	0	0	0	0	0	0	0	0	0	1
7	1	B	40000	100000	0	0	0	0	0	0	0	0	0	0	1
7	2	G	40000	96485	3.515	0.4815	3515	5199	0	0	0	5158	38	3	5200
7	2	A	40000	96854	3.146	0.544	3146	2602	0	0	0	2566	33	3	2602
7	2	B	40000	96984	3.016	0.419	3016	2597	0	0	0	2592	5	0	2598
7	3	G	40000	0	100	100	100000	200000	200000	200000	200000	200000	200000	200000	200002
7	3	A	40000	0	100	100	100000	100000	100000	100000	100000	100000	100000	100000	100001
7	3	B	40000	0	100	100	100000	100000	100000	100000	100000	100000	100000	100000	100001
7	4	G	40000	55514	44.486	11.2895	44486	47189	0	0	0	42048	5045	96	47159
7	4	A	40000	63519	36.481	12.443	36481	24038	0	0	0	20505	3437	96	24008
7	4	B	40000	66713	33.287	10.136	33287	23151	0	0	0	21543	1608	0	23151
7	4	cSpy was 1 spamed and the readout avoided!
7	5	G	40000	100000	0	0	0	0	0	0	0	0	0	0	2
7	5	A	40000	100000	0	0	0	0	0	0	0	0	0	0	1
7	5	B	40000	100000	0	0	0	0	0	0	0	0	0	0	1
7	6	G	40000	99650	0.349998	0.022	350	635	0	0	0	633	2	0	637
7	6	A	40000	99657	0.343001	0.025	343	318	0	0	0	316	2	0	319
7	6	B	40000	99664	0.335997	0.019	336	317	0	0	0	317	0	0	318
7	7	G	40000	60222	39.778	14.9315	39778	36079	38	46	0	35229	558	208	35955
7	7	A	40000	66187	33.813	15.451	33813	18362	38	46	0	17846	224	208	18237
7	7	B	40000	67871	32.129	14.412	32129	17717	0	0	0	17383	334	0	17718
7	7	cSpy was 8 spamed and the readout avoided!
