#the gain was set to: 2	the bias was set to: 30
#Sent triggers per delay setting: 100000	and with a frequency [Hz] of: 40000
#160MHz delay setting	400MHz delay setting	Frequency	correct transmitted H+T		error rate [%]	uncertainty [%]	bad or missed events	error count	missing headers	missing trailers	flipped H/T	event nr errors	tbm missed trigger	unknown errors	event nr resets
0	0	G	40000	379	99.621	73.6695	99621	18801	108	0	0	17780	274	639	18270
0	0	A	40000	592	99.408	98.295	99408	1113	92	0	0	161	228	632	592
0	0	B	40000	33268	66.732	49.044	66732	17688	16	0	0	17619	46	7	17678
0	0	cSpy was 28 spamed and the readout avoided!
0	1	G	40000	28561	71.439	49.601	71439	28160	114	0	0	27509	37	500	28019
0	1	A	40000	38742	61.258	48.895	61258	12363	59	0	0	11841	12	451	12255
0	1	B	40000	33896	66.104	50.307	66104	15797	55	0	0	15668	25	49	15764
0	2	G	40000	2228	97.772	88.403	97772	11643	241	4	0	8985	1987	426	11228
0	2	A	40000	4731	95.269	90.442	95269	4827	116	0	0	3281	1125	305	4562
0	2	B	40000	6820	93.18	86.364	93180	6816	125	4	0	5704	862	121	6666
0	2	cSpy was 29 spamed and the readout avoided!
0	3	G	40000	100000	0	0	0	0	0	0	0	0	0	0	2
0	3	A	40000	100000	0	0	0	0	0	0	0	0	0	0	1
0	3	B	40000	100000	0	0	0	0	0	0	0	0	0	0	1
0	4	G	40000	99987	0.0129998	0.002	13	18	0	0	0	18	0	0	20
0	4	A	40000	99991	0.0090003	0.002	9	7	0	0	0	7	0	0	8
0	4	B	40000	99987	0.0129998	0.002	13	11	0	0	0	11	0	0	12
0	5	G	40000	52873	47.127	27.8135	47127	26420	9	0	0	26013	137	261	26375
0	5	A	40000	60483	39.517	27.334	39517	12183	6	0	0	11854	66	257	12139
0	5	B	40000	57470	42.53	28.293	42530	14237	3	0	0	14159	71	4	14236
0	6	G	40000	0	100	100	100000	200000	200000	200000	200000	200000	200000	200000	200002
0	6	A	40000	0	100	100	100000	100000	100000	100000	100000	100000	100000	100000	100001
0	6	B	40000	0	100	100	100000	100000	100000	100000	100000	100000	100000	100000	100001
0	7	G	40000	98076	1.924	0.3595	1924	3040	0	0	0	3027	13	0	3042
0	7	A	40000	98138	1.862	0.346	1862	1516	0	0	0	1513	3	0	1517
0	7	B	40000	98103	1.897	0.373	1897	1524	0	0	0	1514	10	0	1525
1	0	G	40000	226	99.774	98.346	99774	1863	106	1	0	1036	197	523	1443
1	0	A	40000	750	99.25	98.126	99250	1124	86	0	0	438	125	475	750
1	0	B	40000	695	99.305	98.566	99305	739	20	1	0	598	72	48	693
1	0	cSpy was 42 spamed and the readout avoided!
1	1	G	40000	98171	1.829	0.1045	1829	3314	0	0	0	3295	19	0	3316
1	1	A	40000	98259	1.741	0.086	1741	1655	0	0	0	1650	5	0	1656
1	1	B	40000	98218	1.782	0.123	1782	1659	0	0	0	1645	14	0	1660
1	2	G	40000	100000	0	0	0	0	0	0	0	0	0	0	2
1	2	A	40000	100000	0	0	0	0	0	0	0	0	0	0	1
1	2	B	40000	100000	0	0	0	0	0	0	0	0	0	0	1
1	3	G	40000	95898	4.102	0.8145	4102	5931	0	0	0	5922	4	5	5933
1	3	A	40000	96378	3.622	0.766	3622	2856	0	0	0	2848	3	5	2857
1	3	B	40000	96062	3.938	0.863	3938	3075	0	0	0	3074	1	0	3076
1	4	G	40000	556	99.444	96.645	99444	3586	255	0	0	1715	1166	450	3097
1	4	A	40000	1854	98.146	96.147	98146	1999	77	0	0	887	882	153	1830
1	4	B	40000	1270	98.73	97.143	98730	1587	178	0	0	828	284	297	1267
1	4	cSpy was 48 spamed and the readout avoided!
1	5	G	40000	47218	52.782	13.703	52782	39038	9	0	0	33041	5960	28	39027
1	5	A	40000	73858	26.142	5.119	26142	21023	0	0	0	17722	3274	27	21022
1	5	B	40000	59698	40.302	22.287	40302	18015	9	0	0	15319	2686	1	18005
1	6	G	40000	100000	0	0	0	0	0	0	0	0	0	0	2
1	6	A	40000	100000	0	0	0	0	0	0	0	0	0	0	1
1	6	B	40000	100000	0	0	0	0	0	0	0	0	0	0	1
1	7	G	40000	98091	1.909	0.757	1909	1737	0	0	0	1730	6	1	1739
1	7	A	40000	98459	1.541	0.725	1541	816	0	0	0	809	6	1	817
1	7	B	40000	98290	1.71	0.789	1710	921	0	0	0	921	0	0	922
2	0	G	40000	2047	97.953	48.8985	97953	4332	45	0	0	4065	129	93	4238
2	0	A	40000	2101	97.899	95.731	97899	2168	45	0	0	1901	129	93	2073
2	0	B	40000	95770	4.23	2.066	4230	2164	0	0	0	2164	0	0	2165
2	0	cSpy was 1 spamed and the readout avoided!
2	1	G	40000	100000	0	0	0	0	0	0	0	0	0	0	2
2	1	A	40000	100000	0	0	0	0	0	0	0	0	0	0	1
2	1	B	40000	100000	0	0	0	0	0	0	0	0	0	0	1
2	2	G	40000	34801	65.199	44.4355	65199	25920	670	0	0	23467	1187	596	25360
2	2	A	40000	45654	54.346	42.766	54346	11580	370	0	0	10195	609	406	11229
2	2	B	40000	39555	60.445	46.105	60445	14340	300	0	0	13272	578	190	14131
2	3	G	40000	4854	95.146	73.299	95146	26111	51	4	0	22970	2953	133	26016
2	3	A	40000	17716	82.284	65.248	82284	17036	7	0	0	14831	2089	109	16976
2	3	B	40000	9575	90.425	81.35	90425	9075	44	4	0	8139	864	24	9040
2	3	cSpy was 1 spamed and the readout avoided!
2	4	G	40000	100000	0	0	0	0	0	0	0	0	0	0	2
2	4	A	40000	100000	0	0	0	0	0	0	0	0	0	0	1
2	4	B	40000	100000	0	0	0	0	0	0	0	0	0	0	1
2	5	G	40000	100000	0	0	0	0	0	0	0	0	0	0	2
2	5	A	40000	100000	0	0	0	0	0	0	0	0	0	0	1
2	5	B	40000	100000	0	0	0	0	0	0	0	0	0	0	1
2	6	G	40000	32048	67.952	43.5405	67952	28255	75	0	0	26938	833	409	28185
2	6	A	40000	45896	54.104	41.454	54104	12650	58	0	0	11466	732	394	12583
2	6	B	40000	38768	61.232	45.627	61232	15605	17	0	0	15472	101	15	15602
2	7	G	40000	0	100	100	100000	200000	200000	200000	200000	200000	200000	200000	200002
2	7	A	40000	0	100	100	100000	100000	100000	100000	100000	100000	100000	100000	100001
2	7	B	40000	0	100	100	100000	100000	100000	100000	100000	100000	100000	100000	100001
3	0	G	40000	837	99.163	75.2885	99163	19716	255	0	0	18353	428	680	19121
3	0	A	40000	1353	98.647	96.739	98647	1908	205	0	0	1021	27	655	1340
3	0	B	40000	28354	71.646	53.838	71646	17808	50	0	0	17332	401	25	17781
3	0	cSpy was 16 spamed and the readout avoided!
3	1	G	40000	0	100	100	100000	200000	200000	200000	200000	200000	200000	200000	200002
3	1	A	40000	0	100	100	100000	100000	100000	100000	100000	100000	100000	100000	100001
3	1	B	40000	0	100	100	100000	100000	100000	100000	100000	100000	100000	100000	100001
3	2	G	40000	98962	1.038	0.005	1038	2066	0	0	0	2066	0	0	2068
3	2	A	40000	98962	1.038	0.005	1038	1033	0	0	0	1033	0	0	1034
3	2	B	40000	98962	1.038	0.005	1038	1033	0	0	0	1033	0	0	1034
3	3	G	40000	100000	0	0	0	0	0	0	0	0	0	0	2
3	3	A	40000	100000	0	0	0	0	0	0	0	0	0	0	1
3	3	B	40000	100000	0	0	0	0	0	0	0	0	0	0	1
3	4	G	40000	89329	10.671	6.776	10671	6161	86	0	0	5985	19	71	6047
3	4	A	40000	90111	9.889	6.805	9889	3084	43	0	0	2990	4	47	3011
3	4	B	40000	90176	9.824	6.747	9824	3077	43	0	0	2995	15	24	3036
3	5	G	40000	0	100	100	100000	200000	200000	200000	200000	200000	200000	200000	200002
3	5	A	40000	0	100	100	100000	100000	100000	100000	100000	100000	100000	100000	100001
3	5	B	40000	0	100	100	100000	100000	100000	100000	100000	100000	100000	100000	100001
3	6	G	40000	43754	56.246	21.61	56246	47783	21	10	0	43508	4131	113	47712
3	6	A	40000	54012	45.988	21.609	45988	24379	11	4	0	21201	3061	102	24323
3	6	B	40000	54985	45.015	21.611	45015	23404	10	6	0	22307	1070	11	23389
3	6	cSpy was 12 spamed and the readout avoided!
3	7	G	40000	100000	0	0	0	0	0	0	0	0	0	0	2
3	7	A	40000	100000	0	0	0	0	0	0	0	0	0	0	1
3	7	B	40000	100000	0	0	0	0	0	0	0	0	0	0	1
4	0	G	40000	858	99.142	71.3405	99142	19507	164	0	0	17333	1734	276	19247
4	0	A	40000	1427	98.573	96.966	98573	1607	73	0	0	889	418	227	1423
4	0	B	40000	36385	63.615	45.715	63615	17900	91	0	0	16444	1316	49	17824
4	0	cSpy was 15 spamed and the readout avoided!
4	1	G	40000	100000	0	0	0	0	0	0	0	0	0	0	2
4	1	A	40000	100000	0	0	0	0	0	0	0	0	0	0	1
4	1	B	40000	100000	0	0	0	0	0	0	0	0	0	0	1
4	2	G	40000	100000	0	0	0	0	0	0	0	0	0	0	2
4	2	A	40000	100000	0	0	0	0	0	0	0	0	0	0	1
4	2	B	40000	100000	0	0	0	0	0	0	0	0	0	0	1
4	3	G	40000	25506	74.494	53.065	74494	33472	708	0	0	32136	99	529	32545
4	3	A	40000	29919	70.081	53.335	70081	16746	343	0	0	16018	3	382	16114
4	3	B	40000	30479	69.521	52.795	69521	16726	365	0	0	16118	96	147	16431
4	3	cSpy was 6 spamed and the readout avoided!
4	4	G	40000	5360	94.64	78.1915	94640	21554	233	22	0	19062	1729	508	21119
4	4	A	40000	10740	89.26	78.589	89260	10671	123	13	0	9241	852	442	10335
4	4	B	40000	11323	88.677	77.794	88677	10883	110	9	0	9821	877	66	10784
4	4	cSpy was 38 spamed and the readout avoided!
4	5	G	40000	100000	0	0	0	0	0	0	0	0	0	0	2
4	5	A	40000	100000	0	0	0	0	0	0	0	0	0	0	1
4	5	B	40000	100000	0	0	0	0	0	0	0	0	0	0	1
4	6	G	40000	100000	0	0	0	0	0	0	0	0	0	0	2
4	6	A	40000	100000	0	0	0	0	0	0	0	0	0	0	1
4	6	B	40000	100000	0	0	0	0	0	0	0	0	0	0	1
4	7	G	40000	23742	76.258	52.945	76258	36528	369	1	0	35824	15	319	36073
4	7	A	40000	28667	71.333	53.082	71333	18251	179	1	0	17825	2	244	17920
4	7	B	40000	28915	71.085	52.808	71085	18277	190	0	0	17999	13	75	18153
4	7	cSpy was 6 spamed and the readout avoided!
5	0	G	40000	480	99.52	57.5185	99520	15384	129	0	0	14334	98	823	14868
5	0	A	40000	598	99.402	98.287	99402	1115	129	0	0	75	88	823	598
5	0	B	40000	68981	31.019	16.75	31019	14269	0	0	0	14259	10	0	14270
5	0	cSpy was 56 spamed and the readout avoided!
5	1	G	40000	55728	44.272	21.548	44272	34909	21	0	0	34824	4	60	34885
5	1	A	40000	60992	39.008	21.798	39008	17210	10	0	0	17138	4	58	17189
5	1	B	40000	61003	38.997	21.298	38997	17699	11	0	0	17686	0	2	17696
5	1	cSpy was 2 spamed and the readout avoided!
5	2	G	40000	20	99.98	98.8965	99980	1387	32	0	0	549	175	631	818
5	2	A	40000	54	99.946	99.414	99946	532	0	0	0	6	0	526	54
5	2	B	40000	766	99.234	98.379	99234	855	32	0	0	543	175	105	764
5	2	cSpy was 23 spamed and the readout avoided!
5	3	G	40000	96687	3.313	0.021	3313	6536	0	0	0	6492	44	0	6538
5	3	A	40000	96689	3.311	0.021	3311	3290	0	0	0	3248	42	0	3291
5	3	B	40000	96733	3.267	0.021	3267	3246	0	0	0	3244	2	0	3247
5	4	G	40000	100000	0	0	0	0	0	0	0	0	0	0	2
5	4	A	40000	100000	0	0	0	0	0	0	0	0	0	0	1
5	4	B	40000	100000	0	0	0	0	0	0	0	0	0	0	1
5	5	G	40000	90982	9.018	3.608	9018	8927	10	0	0	8901	0	16	8920
5	5	A	40000	91886	8.114	3.691	8114	4423	5	0	0	4404	0	14	4417
5	5	B	40000	91971	8.029	3.525	8029	4504	5	0	0	4497	0	2	4503
5	5	cSpy was 1 spamed and the readout avoided!
5	6	G	40000	0	100	100	100000	200000	200000	200000	200000	200000	200000	200000	200002
5	6	A	40000	0	100	100	100000	100000	100000	100000	100000	100000	100000	100000	100001
5	6	B	40000	0	100	100	100000	100000	100000	100000	100000	100000	100000	100000	100001
5	7	G	40000	20400	79.6	31.4075	79600	62370	1	0	0	54893	7321	155	62287
5	7	A	40000	35931	64.069	34.235	64069	29834	0	0	0	25372	4311	151	29754
5	7	B	40000	38884	61.116	28.58	61116	32536	1	0	0	29521	3010	4	32533
5	7	cSpy was 4 spamed and the readout avoided!
6	0	G	40000	437	99.563	96.657	99563	3628	342	1	0	1788	909	588	3047
6	0	A	40000	1068	98.932	97.431	98932	1501	179	0	0	217	615	490	1068
6	0	B	40000	1990	98.01	95.883	98010	2127	163	1	0	1571	294	98	1979
6	0	cSpy was 64 spamed and the readout avoided!
6	1	G	40000	9677	90.323	61.6605	90323	37422	22	0	0	33484	3498	418	37211
6	1	A	40000	18549	81.451	63.58	81451	17871	1	0	0	15754	1711	405	17671
6	1	B	40000	20708	79.292	59.741	79292	19551	21	0	0	17730	1787	13	19540
6	1	cSpy was 8 spamed and the readout avoided!
6	2	G	40000	100000	0	0	0	0	0	0	0	0	0	0	2
6	2	A	40000	100000	0	0	0	0	0	0	0	0	0	0	1
6	2	B	40000	100000	0	0	0	0	0	0	0	0	0	0	1
6	3	G	40000	100000	0	0	0	0	0	0	0	0	0	0	2
6	3	A	40000	100000	0	0	0	0	0	0	0	0	0	0	1
6	3	B	40000	100000	0	0	0	0	0	0	0	0	0	0	1
6	4	G	40000	20354	79.646	58.6485	79646	34249	811	0	0	32687	162	589	33183
6	4	A	40000	23934	76.066	58.917	76066	17149	393	0	0	16332	0	424	16427
6	4	B	40000	24520	75.48	58.38	75480	17100	418	0	0	16355	162	165	16756
6	4	cSpy was 7 spamed and the readout avoided!
6	5	G	40000	0	100	100	100000	200000	200000	200000	200000	200000	200000	200000	200002
6	5	A	40000	0	100	100	100000	100000	100000	100000	100000	100000	100000	100000	100001
6	5	B	40000	0	100	100	100000	100000	100000	100000	100000	100000	100000	100000	100001
6	6	G	40000	100000	0	0	0	0	0	0	0	0	0	0	2
6	6	A	40000	100000	0	0	0	0	0	0	0	0	0	0	1
6	6	B	40000	100000	0	0	0	0	0	0	0	0	0	0	1
6	7	G	40000	100000	0	0	0	0	0	0	0	0	0	0	2
6	7	A	40000	100000	0	0	0	0	0	0	0	0	0	0	1
6	7	B	40000	100000	0	0	0	0	0	0	0	0	0	0	1
7	0	G	40000	1609	98.391	58.728	98391	5670	257	5	0	4646	161	601	5126
7	0	A	40000	1873	98.127	95.76	98127	2367	216	0	0	1509	62	580	1851
7	0	B	40000	75001	24.999	21.696	24999	3303	41	5	0	3137	99	21	3275
7	0	cSpy was 19 spamed and the readout avoided!
7	1	G	40000	100000	0	0	0	0	0	0	0	0	0	0	2
7	1	A	40000	100000	0	0	0	0	0	0	0	0	0	0	1
7	1	B	40000	100000	0	0	0	0	0	0	0	0	0	0	1
7	2	G	40000	98587	1.413	0.0915	1413	2561	0	0	0	2552	7	2	2563
7	2	A	40000	98612	1.388	0.106	1388	1282	0	0	0	1274	6	2	1283
7	2	B	40000	98644	1.356	0.077	1356	1279	0	0	0	1278	1	0	1280
7	3	G	40000	0	100	100	100000	200000	200000	200000	200000	200000	200000	200000	200002
7	3	A	40000	0	100	100	100000	100000	100000	100000	100000	100000	100000	100000	100001
7	3	B	40000	0	100	100	100000	100000	100000	100000	100000	100000	100000	100000	100001
7	4	G	40000	51394	48.606	31.592	48606	26301	70	3	0	23625	2246	357	26097
7	4	A	40000	54092	45.908	31.959	45908	13949	5	0	0	11941	1687	316	13811
7	4	B	40000	56423	43.577	31.225	43577	12352	65	3	0	11684	559	41	12286
7	4	cSpy was 16 spamed and the readout avoided!
7	5	G	40000	100000	0	0	0	0	0	0	0	0	0	0	2
7	5	A	40000	100000	0	0	0	0	0	0	0	0	0	0	1
7	5	B	40000	100000	0	0	0	0	0	0	0	0	0	0	1
7	6	G	40000	97180	2.82	0.6695	2820	3084	2	1	0	3058	13	10	3085
7	6	A	40000	97719	2.281	0.746	2281	1535	2	1	0	1513	9	10	1535
7	6	B	40000	97858	2.142	0.593	2142	1549	0	0	0	1545	4	0	1550
7	6	cSpy was 1 spamed and the readout avoided!
7	7	G	40000	58852	41.148	15.9625	41148	36865	26	24	0	35981	607	227	36752
7	7	A	40000	64808	35.192	16.472	35192	18720	26	24	0	18196	247	227	18606
7	7	B	40000	66402	33.598	15.453	33598	18145	0	0	0	17785	360	0	18146
7	7	cSpy was 7 spamed and the readout avoided!
