#the gain was set to: 2	the bias was set to: 30
#Sent triggers per delay setting: 100000	and with a frequency [Hz] of: 40000
#160MHz delay setting	400MHz delay setting	Frequency	correct transmitted H+T		error rate [%]	uncertainty [%]	bad or missed events	error count	missing headers	missing trailers	flipped H/T	event nr errors	tbm missed trigger	unknown errors	event nr resets
0	0	G	40000	416	99.584	73.823	99584	18540	127	0	0	17483	289	641	17993
0	0	A	40000	628	99.372	98.214	99372	1158	103	0	0	190	241	624	628
0	0	B	40000	33186	66.814	49.432	66814	17382	24	0	0	17293	48	17	17365
0	0	cSpy was 27 spamed and the readout avoided!
0	1	G	40000	26001	73.999	53.652	73999	26207	418	4	0	25103	4	678	25842
0	1	A	40000	36054	63.946	53.008	63946	10938	216	0	0	10218	2	502	10720
0	1	B	40000	30435	69.565	54.296	69565	15269	202	4	0	14885	2	176	15122
0	2	G	40000	3442	96.558	83.206	96558	16571	173	1	0	13632	2382	383	16243
0	2	A	40000	7849	92.151	84.583	92151	7568	46	0	0	5971	1273	278	7381
0	2	B	40000	9168	90.832	81.829	90832	9003	127	1	0	7661	1109	105	8862
0	2	cSpy was 12 spamed and the readout avoided!
0	3	G	40000	94200	5.8	1.0295	5800	5061	0	0	0	4652	409	0	5063
0	3	A	40000	96993	3.007	0.467	3007	2540	0	0	0	2335	205	0	2541
0	3	B	40000	95887	4.113	1.592	4113	2521	0	0	0	2317	204	0	2522
0	4	G	40000	100000	0	0	0	0	0	0	0	0	0	0	2
0	4	A	40000	100000	0	0	0	0	0	0	0	0	0	0	1
0	4	B	40000	100000	0	0	0	0	0	0	0	0	0	0	1
0	5	G	40000	52758	47.242	27.952	47242	26489	23	0	0	26080	93	293	26418
0	5	A	40000	60295	39.705	27.483	39705	12222	13	0	0	11893	43	273	12159
0	5	B	40000	57312	42.688	28.421	42688	14267	10	0	0	14187	50	20	14259
0	6	G	40000	2469	97.531	88.9105	97531	11069	307	14	0	8556	1893	299	10694
0	6	A	40000	5327	94.673	89.374	94673	5299	132	0	0	3862	1074	231	5057
0	6	B	40000	5783	94.217	88.447	94217	5770	175	14	0	4694	819	68	5637
0	6	cSpy was 31 spamed and the readout avoided!
0	7	G	40000	98962	1.038	0.2335	1038	1598	0	0	0	1597	1	0	1600
0	7	A	40000	98969	1.031	0.232	1031	799	0	0	0	798	1	0	800
0	7	B	40000	98966	1.034	0.235	1034	799	0	0	0	799	0	0	800
1	0	G	40000	301	99.699	97.5535	99699	2613	174	3	0	1840	203	393	2239
1	0	A	40000	1607	98.393	96.494	98393	1899	154	3	0	1248	146	348	1568
1	0	B	40000	673	99.327	98.613	99327	714	20	0	0	592	57	45	671
1	0	cSpy was 18 spamed and the readout avoided!
1	1	G	40000	98909	1.091	0.2295	1091	1716	0	0	0	1715	1	0	1718
1	1	A	40000	98913	1.087	0.229	1087	858	0	0	0	858	0	0	859
1	1	B	40000	98912	1.088	0.23	1088	858	0	0	0	857	1	0	859
1	2	G	40000	100000	0	0	0	0	0	0	0	0	0	0	2
1	2	A	40000	100000	0	0	0	0	0	0	0	0	0	0	1
1	2	B	40000	100000	0	0	0	0	0	0	0	0	0	0	1
1	3	G	40000	87239	12.761	3.526	12761	13529	0	0	0	13409	109	11	13527
1	3	A	40000	90233	9.767	3.127	9767	6640	0	0	0	6566	63	11	6637
1	3	B	40000	89186	10.814	3.925	10814	6889	0	0	0	6843	46	0	6890
1	4	G	40000	482	99.518	96.7085	99518	3446	196	0	0	1341	1632	277	3122
1	4	A	40000	1993	98.007	95.884	98007	2123	96	0	0	660	1267	100	1979
1	4	B	40000	1144	98.856	97.533	98856	1323	100	0	0	681	365	177	1143
1	4	cSpy was 18 spamed and the readout avoided!
1	5	G	40000	66918	33.082	6.619	33082	26127	0	0	0	23289	2836	2	26129
1	5	A	40000	84178	15.822	2.4	15822	13422	0	0	0	11976	1445	1	13423
1	5	B	40000	76457	23.543	10.838	23543	12705	0	0	0	11313	1391	1	12706
1	6	G	40000	100000	0	0	0	0	0	0	0	0	0	0	2
1	6	A	40000	100000	0	0	0	0	0	0	0	0	0	0	1
1	6	B	40000	100000	0	0	0	0	0	0	0	0	0	0	1
1	7	G	40000	93499	6.501	2.984	6501	4292	0	0	0	4183	83	26	4288
1	7	A	40000	95168	4.832	2.756	4832	2076	0	0	0	1978	72	26	2071
1	7	B	40000	94572	5.428	3.212	5428	2216	0	0	0	2205	11	0	2217
2	0	G	40000	2214	97.786	48.6095	97786	4222	50	1	0	3969	123	79	4131
2	0	A	40000	2259	97.741	95.426	97741	2315	50	1	0	2062	123	79	2223
2	0	B	40000	96300	3.7	1.793	3700	1907	0	0	0	1907	0	0	1908
2	1	G	40000	100000	0	0	0	0	0	0	0	0	0	0	2
2	1	A	40000	100000	0	0	0	0	0	0	0	0	0	0	1
2	1	B	40000	100000	0	0	0	0	0	0	0	0	0	0	1
2	2	G	40000	27009	72.991	48.871	72991	29021	667	10	0	26201	1478	665	28379
2	2	A	40000	40142	59.858	46.38	59858	13478	337	5	0	11240	1444	452	13117
2	2	B	40000	33095	66.905	51.362	66905	15543	330	5	0	14961	34	213	15262
2	3	G	40000	7091	92.909	64.093	92909	34472	80	0	0	30011	4293	88	34393
2	3	A	40000	23610	76.39	54.369	76390	22021	5	0	0	18790	3171	55	21989
2	3	B	40000	13732	86.268	73.817	86268	12451	75	0	0	11221	1122	33	12404
2	3	cSpy was 4 spamed and the readout avoided!
2	4	G	40000	100000	0	0	0	0	0	0	0	0	0	0	2
2	4	A	40000	100000	0	0	0	0	0	0	0	0	0	0	1
2	4	B	40000	100000	0	0	0	0	0	0	0	0	0	0	1
2	5	G	40000	100000	0	0	0	0	0	0	0	0	0	0	2
2	5	A	40000	100000	0	0	0	0	0	0	0	0	0	0	1
2	5	B	40000	100000	0	0	0	0	0	0	0	0	0	0	1
2	6	G	40000	24838	75.162	50.688	75162	28404	265	2	0	26048	1551	538	28156
2	6	A	40000	38947	61.053	47.882	61053	13171	142	1	0	11029	1546	453	12996
2	6	B	40000	31273	68.727	53.494	68727	15233	123	1	0	15019	5	85	15160
2	7	G	40000	0	100	100	100000	200000	200000	200000	200000	200000	200000	200000	200002
2	7	A	40000	0	100	100	100000	100000	100000	100000	100000	100000	100000	100000	100001
2	7	B	40000	0	100	100	100000	100000	100000	100000	100000	100000	100000	100000	100001
3	0	G	40000	796	99.204	78.199	99204	18283	291	3	0	16893	444	652	17677
3	0	A	40000	1406	98.594	96.656	98594	1938	206	0	0	1071	44	617	1396
3	0	B	40000	23913	76.087	59.742	76087	16345	85	3	0	15822	400	35	16281
3	0	cSpy was 23 spamed and the readout avoided!
3	1	G	40000	0	100	100	100000	200000	200000	200000	200000	200000	200000	200000	200002
3	1	A	40000	0	100	100	100000	100000	100000	100000	100000	100000	100000	100000	100001
3	1	B	40000	0	100	100	100000	100000	100000	100000	100000	100000	100000	100000	100001
3	2	G	40000	87466	12.534	3.178	12534	14357	3	2	0	13307	1033	12	14352
3	2	A	40000	89282	10.718	3.132	10718	7586	2	0	0	6637	939	8	7584
3	2	B	40000	90005	9.995	3.224	9995	6771	1	2	0	6670	94	4	6768
3	2	cSpy was 2 spamed and the readout avoided!
3	3	G	40000	100000	0	0	0	0	0	0	0	0	0	0	2
3	3	A	40000	100000	0	0	0	0	0	0	0	0	0	0	1
3	3	B	40000	100000	0	0	0	0	0	0	0	0	0	0	1
3	4	G	40000	93974	6.026	1.158	6026	9043	0	0	0	9031	8	4	9045
3	4	A	40000	94369	5.631	1.092	5631	4539	0	0	0	4527	8	4	4540
3	4	B	40000	94272	5.728	1.224	5728	4504	0	0	0	4504	0	0	4505
3	5	G	40000	0	100	100	100000	200000	200000	200000	200000	200000	200000	200000	200002
3	5	A	40000	0	100	100	100000	100000	100000	100000	100000	100000	100000	100000	100001
3	5	B	40000	0	100	100	100000	100000	100000	100000	100000	100000	100000	100000	100001
3	6	G	40000	58003	41.997	28.5195	41997	21947	63	5	0	20162	1585	132	21831
3	6	A	40000	59692	40.308	29.029	40308	11279	2	0	0	10076	1160	41	11244
3	6	B	40000	61322	38.678	28.01	38678	10668	61	5	0	10086	425	91	10587
3	6	cSpy was 85 spamed and the readout avoided!
3	7	G	40000	100000	0	0	0	0	0	0	0	0	0	0	2
3	7	A	40000	100000	0	0	0	0	0	0	0	0	0	0	1
3	7	B	40000	100000	0	0	0	0	0	0	0	0	0	0	1
4	0	G	40000	0	100	100	100000	200000	200000	200000	200000	200000	200000	200000	200002
4	0	A	40000	0	100	100	100000	100000	100000	100000	100000	100000	100000	100000	100001
4	0	B	40000	0	100	100	100000	100000	100000	100000	100000	100000	100000	100000	100001
4	1	G	40000	100000	0	0	0	0	0	0	0	0	0	0	2
4	1	A	40000	100000	0	0	0	0	0	0	0	0	0	0	1
4	1	B	40000	100000	0	0	0	0	0	0	0	0	0	0	1
4	2	G	40000	99993	0.00699759	0	7	14	0	0	0	14	0	0	16
4	2	A	40000	99993	0.00699759	0	7	7	0	0	0	7	0	0	8
4	2	B	40000	99993	0.00699759	0	7	7	0	0	0	7	0	0	8
4	3	G	40000	28710	71.29	50.675	71290	32938	691	2	0	31628	105	512	32033
4	3	A	40000	32596	67.404	50.923	67404	16481	337	2	0	15774	2	366	15868
4	3	B	40000	33116	66.884	50.427	66884	16457	354	0	0	15854	103	146	16165
4	3	cSpy was 6 spamed and the readout avoided!
4	4	G	40000	8966	91.034	67.1505	91034	31577	126	15	0	28181	2859	396	31290
4	4	A	40000	16845	83.155	67.475	83155	15680	57	10	0	13686	1577	350	15456
4	4	B	40000	17277	82.723	66.826	82723	15897	69	5	0	14495	1282	46	15834
4	4	cSpy was 29 spamed and the readout avoided!
4	5	G	40000	100000	0	0	0	0	0	0	0	0	0	0	2
4	5	A	40000	100000	0	0	0	0	0	0	0	0	0	0	1
4	5	B	40000	100000	0	0	0	0	0	0	0	0	0	0	1
4	6	G	40000	100000	0	0	0	0	0	0	0	0	0	0	2
4	6	A	40000	100000	0	0	0	0	0	0	0	0	0	0	1
4	6	B	40000	100000	0	0	0	0	0	0	0	0	0	0	1
4	7	G	40000	24215	75.785	52.886	75785	36086	397	0	0	35328	18	343	35578
4	7	A	40000	28937	71.063	53.036	71063	18027	194	0	0	17576	4	253	17681
4	7	B	40000	29205	70.795	52.736	70795	18059	203	0	0	17752	14	90	17897
4	7	cSpy was 6 spamed and the readout avoided!
5	0	G	40000	472	99.528	57.3245	99528	15322	141	0	0	14240	102	839	14761
5	0	A	40000	593	99.407	98.252	99407	1155	141	0	0	81	95	838	593
5	0	B	40000	69436	30.564	16.397	30564	14167	0	0	0	14159	7	1	14168
5	0	cSpy was 57 spamed and the readout avoided!
5	1	G	40000	46139	53.861	29.3975	53861	37480	46	1	0	37344	3	86	37435
5	1	A	40000	51899	48.101	29.586	48101	18515	23	0	0	18409	3	80	18475
5	1	B	40000	51826	48.174	29.209	48174	18965	23	1	0	18935	0	6	18960
5	1	cSpy was 3 spamed and the readout avoided!
5	2	G	40000	29	99.971	98.797	99971	1557	40	0	0	629	100	788	844
5	2	A	40000	64	99.936	99.277	99936	659	0	0	0	5	1	653	64
5	2	B	40000	785	99.215	98.317	99215	898	40	0	0	624	99	135	780
5	2	cSpy was 18 spamed and the readout avoided!
5	3	G	40000	99052	0.948	0	948	1896	0	0	0	1896	0	0	1898
5	3	A	40000	99052	0.948	0	948	948	0	0	0	948	0	0	949
5	3	B	40000	99052	0.948	0	948	948	0	0	0	948	0	0	949
5	4	G	40000	100000	0	0	0	0	0	0	0	0	0	0	2
5	4	A	40000	100000	0	0	0	0	0	0	0	0	0	0	1
5	4	B	40000	100000	0	0	0	0	0	0	0	0	0	0	1
5	5	G	40000	83219	16.781	8.598	16781	13503	51	0	0	13405	4	43	13435
5	5	A	40000	84589	15.411	8.721	15411	6690	25	0	0	6634	0	31	6644
5	5	B	40000	84712	15.288	8.475	15288	6813	26	0	0	6771	4	12	6791
5	5	cSpy was 1 spamed and the readout avoided!
5	6	G	40000	0	100	100	100000	200000	200000	200000	200000	200000	200000	200000	200002
5	6	A	40000	0	100	100	100000	100000	100000	100000	100000	100000	100000	100000	100001
5	6	B	40000	0	100	100	100000	100000	100000	100000	100000	100000	100000	100000	100001
5	7	G	40000	44055	55.945	22.961	55945	45506	1	4	0	41063	4347	91	45476
5	7	A	40000	52692	47.308	23.433	47308	23875	1	4	0	20609	3171	90	23844
5	7	B	40000	55880	44.12	22.489	44120	21631	0	0	0	20454	1176	1	21632
6	0	G	40000	598	99.402	95.6945	99402	4577	249	4	0	2328	1316	680	4026
6	0	A	40000	1302	98.698	96.93	98698	1768	132	0	0	145	848	643	1302
6	0	B	40000	2732	97.268	94.459	97268	2809	117	4	0	2183	468	37	2724
6	0	cSpy was 54 spamed and the readout avoided!
6	1	G	40000	15405	84.595	41.547	84595	55436	2	1	0	49356	5845	232	55330
6	1	A	40000	29177	70.823	44.399	70823	26424	0	1	0	22933	3260	230	26319
6	1	B	40000	32293	67.707	38.695	67707	29012	2	0	0	26423	2585	2	29011
6	1	cSpy was 7 spamed and the readout avoided!
6	2	G	40000	100000	0	0	0	0	0	0	0	0	0	0	2
6	2	A	40000	100000	0	0	0	0	0	0	0	0	0	0	1
6	2	B	40000	100000	0	0	0	0	0	0	0	0	0	0	1
6	3	G	40000	100000	0	0	0	0	0	0	0	0	0	0	2
6	3	A	40000	100000	0	0	0	0	0	0	0	0	0	0	1
6	3	B	40000	100000	0	0	0	0	0	0	0	0	0	0	1
6	4	G	40000	18702	81.298	59.6615	81298	33556	801	1	0	31989	137	628	32472
6	4	A	40000	23203	76.797	60.035	76797	16762	394	1	0	15909	7	451	16033
6	4	B	40000	23918	76.082	59.288	76082	16794	407	0	0	16080	130	177	16439
6	4	cSpy was 10 spamed and the readout avoided!
6	5	G	40000	7982	92.018	74.818	92018	22556	158	4	0	19913	1785	696	22065
6	5	A	40000	13151	86.849	76.146	86849	10703	21	0	0	9266	816	600	10363
6	5	B	40000	14657	85.343	73.49	85343	11853	137	4	0	10647	969	96	11702
6	5	cSpy was 76 spamed and the readout avoided!
6	6	G	40000	100000	0	0	0	0	0	0	0	0	0	0	2
6	6	A	40000	100000	0	0	0	0	0	0	0	0	0	0	1
6	6	B	40000	100000	0	0	0	0	0	0	0	0	0	0	1
6	7	G	40000	100000	0	0	0	0	0	0	0	0	0	0	2
6	7	A	40000	100000	0	0	0	0	0	0	0	0	0	0	1
6	7	B	40000	100000	0	0	0	0	0	0	0	0	0	0	1
7	0	G	40000	1793	98.207	48.2265	98207	3450	228	1	0	2560	93	568	2914
7	0	A	40000	1818	98.182	95.845	98182	2337	228	1	0	1447	93	568	1800
7	0	B	40000	98279	1.721	0.608	1721	1113	0	0	0	1113	0	0	1114
7	0	cSpy was 1 spamed and the readout avoided!
7	1	G	40000	100000	0	0	0	0	0	0	0	0	0	0	2
7	1	A	40000	100000	0	0	0	0	0	0	0	0	0	0	1
7	1	B	40000	100000	0	0	0	0	0	0	0	0	0	0	1
7	2	G	40000	93639	6.361	1.4535	6361	7548	7	3	0	7480	47	11	7547
7	2	A	40000	94634	5.366	1.618	5366	3748	7	3	0	3700	27	11	3746
7	2	B	40000	94911	5.089	1.289	5089	3800	0	0	0	3780	20	0	3801
7	3	G	40000	0	100	100	100000	200000	200000	200000	200000	200000	200000	200000	200002
7	3	A	40000	0	100	100	100000	100000	100000	100000	100000	100000	100000	100000	100001
7	3	B	40000	0	100	100	100000	100000	100000	100000	100000	100000	100000	100000	100001
7	4	G	40000	92404	7.596	0.725	7596	13092	0	0	0	12564	522	6	13094
7	4	A	40000	92459	7.541	0.725	7541	6816	0	0	0	6345	465	6	6817
7	4	B	40000	92999	7.001	0.725	7001	6276	0	0	0	6219	57	0	6277
7	5	G	40000	100000	0	0	0	0	0	0	0	0	0	0	2
7	5	A	40000	100000	0	0	0	0	0	0	0	0	0	0	1
7	5	B	40000	100000	0	0	0	0	0	0	0	0	0	0	1
7	6	G	40000	99862	0.138003	0.001	138	274	0	0	0	274	0	0	276
7	6	A	40000	99862	0.138003	0.001	138	137	0	0	0	137	0	0	138
7	6	B	40000	99862	0.138003	0.001	138	137	0	0	0	137	0	0	138
7	7	G	40000	41922	58.078	29.8545	58078	43013	13	1	0	41285	1522	192	42934
7	7	A	40000	48011	51.989	30.343	51989	21646	1	1	0	20801	661	182	21584
7	7	B	40000	49267	50.733	29.366	50733	21367	12	0	0	20484	861	10	21350
7	7	cSpy was 12 spamed and the readout avoided!
