#the gain was set to: 2	the bias was set to: 30
#Sent triggers per delay setting: 100000	and with a frequency [Hz] of: 40000
#160MHz delay setting	400MHz delay setting	Frequency	correct transmitted H+T		error rate [%]	uncertainty [%]	bad or missed events	error count	missing headers	missing trailers	flipped H/T	event nr errors	tbm missed trigger	unknown errors	event nr resets
0	0	G	40000	387	99.613	74.119	99613	18694	118	0	0	17607	301	668	18130
0	0	A	40000	603	99.397	98.245	99397	1152	96	0	0	156	245	655	603
0	0	B	40000	32465	67.535	49.993	67535	17542	22	0	0	17451	56	13	17527
0	0	cSpy was 21 spamed and the readout avoided!
0	1	G	40000	44934	55.066	38.689	55066	22624	188	0	0	21804	250	382	22467
0	1	A	40000	51904	48.096	38.263	48096	9833	97	0	0	9407	7	322	9725
0	1	B	40000	48094	51.906	39.115	51906	12791	91	0	0	12397	243	60	12742
0	2	G	40000	4719	95.281	80.2465	95281	19414	38	0	0	16797	2338	241	19264
0	2	A	40000	10588	89.412	79.199	89412	10213	15	0	0	8438	1533	227	10082
0	2	B	40000	9505	90.495	81.294	90495	9201	23	0	0	8359	805	14	9182
0	2	cSpy was 2 spamed and the readout avoided!
0	3	G	40000	100000	0	0	0	0	0	0	0	0	0	0	2
0	3	A	40000	100000	0	0	0	0	0	0	0	0	0	0	1
0	3	B	40000	100000	0	0	0	0	0	0	0	0	0	0	1
0	4	G	40000	100000	0	0	0	0	0	0	0	0	0	0	2
0	4	A	40000	100000	0	0	0	0	0	0	0	0	0	0	1
0	4	B	40000	100000	0	0	0	0	0	0	0	0	0	0	1
0	5	G	40000	37947	62.053	40.9165	62053	29011	24	0	0	28470	152	365	28967
0	5	A	40000	46633	53.367	40.408	53367	12959	15	0	0	12552	40	352	12917
0	5	B	40000	42523	57.477	41.425	57477	16052	9	0	0	15918	112	13	16050
0	6	G	40000	3054	96.946	85.2825	96946	14656	337	8	0	11741	2112	458	14174
0	6	A	40000	6802	93.198	86.412	93198	6786	142	0	0	4959	1316	369	6463
0	6	B	40000	7977	92.023	84.153	92023	7870	195	8	0	6782	796	89	7711
0	6	cSpy was 29 spamed and the readout avoided!
0	7	G	40000	99744	0.256002	0	256	512	0	0	0	512	0	0	514
0	7	A	40000	99744	0.256002	0	256	256	0	0	0	256	0	0	257
0	7	B	40000	99744	0.256002	0	256	256	0	0	0	256	0	0	257
1	0	G	40000	406	99.594	96.2865	99594	3896	245	7	0	2925	258	461	3448
1	0	A	40000	2682	97.318	94.344	97318	2974	210	7	0	2179	196	382	2601
1	0	B	40000	849	99.151	98.229	99151	922	35	0	0	746	62	79	847
1	0	cSpy was 24 spamed and the readout avoided!
1	1	G	40000	99521	0.479001	0.128	479	702	0	0	0	702	0	0	704
1	1	A	40000	99521	0.479001	0.128	479	351	0	0	0	351	0	0	352
1	1	B	40000	99521	0.479001	0.128	479	351	0	0	0	351	0	0	352
1	2	G	40000	100000	0	0	0	0	0	0	0	0	0	0	2
1	2	A	40000	100000	0	0	0	0	0	0	0	0	0	0	1
1	2	B	40000	100000	0	0	0	0	0	0	0	0	0	0	1
1	3	G	40000	89634	10.366	5.0485	10366	7394	10	0	0	7181	160	43	7387
1	3	A	40000	91768	8.232	4.687	8232	3545	4	0	0	3357	146	38	3539
1	3	B	40000	90741	9.259	5.41	9259	3849	6	0	0	3824	14	5	3848
1	4	G	40000	0	100	100	100000	200000	200000	200000	200000	200000	200000	200000	200002
1	4	A	40000	0	100	100	100000	100000	100000	100000	100000	100000	100000	100000	100001
1	4	B	40000	0	100	100	100000	100000	100000	100000	100000	100000	100000	100000	100001
1	5	G	40000	83399	16.601	2.8805	16601	14684	0	0	0	13580	1104	0	14686
1	5	A	40000	91225	8.775	1.397	8775	7378	0	0	0	6849	529	0	7379
1	5	B	40000	88330	11.67	4.364	11670	7306	0	0	0	6731	575	0	7307
1	6	G	40000	100000	0	0	0	0	0	0	0	0	0	0	2
1	6	A	40000	100000	0	0	0	0	0	0	0	0	0	0	1
1	6	B	40000	100000	0	0	0	0	0	0	0	0	0	0	1
1	7	G	40000	99969	0.0310004	0	31	62	0	0	0	62	0	0	64
1	7	A	40000	99969	0.0310004	0	31	31	0	0	0	31	0	0	32
1	7	B	40000	99969	0.0310004	0	31	31	0	0	0	31	0	0	32
2	0	G	40000	2047	97.953	48.852	97953	4181	45	1	1	3917	123	94	4084
2	0	A	40000	2087	97.913	95.75	97913	2163	45	1	1	1899	123	94	2065
2	0	B	40000	96028	3.972	1.954	3972	2018	0	0	0	2018	0	0	2019
2	1	G	40000	98059	1.941	0.645	1941	1738	0	0	0	1719	16	3	1739
2	1	A	40000	98562	1.438	0.589	1438	849	0	0	0	837	9	3	849
2	1	B	40000	98410	1.59	0.701	1590	889	0	0	0	882	7	0	890
2	2	G	40000	23699	76.301	52.813	76301	28311	897	6	0	25178	1489	741	27473
2	2	A	40000	36561	63.439	50.325	63439	13114	453	2	0	10735	1429	495	12631
2	2	B	40000	29502	70.498	55.301	70498	15197	444	4	0	14443	60	246	14842
2	3	G	40000	7812	92.188	63.933	92188	33708	143	0	0	29376	4037	152	33542
2	3	A	40000	23061	76.939	55.881	76939	21058	17	0	0	18156	2820	65	20994
2	3	B	40000	15365	84.635	71.985	84635	12650	126	0	0	11220	1217	87	12548
2	3	cSpy was 16 spamed and the readout avoided!
2	4	G	40000	100000	0	0	0	0	0	0	0	0	0	0	2
2	4	A	40000	100000	0	0	0	0	0	0	0	0	0	0	1
2	4	B	40000	100000	0	0	0	0	0	0	0	0	0	0	1
2	5	G	40000	100000	0	0	0	0	0	0	0	0	0	0	2
2	5	A	40000	100000	0	0	0	0	0	0	0	0	0	0	1
2	5	B	40000	100000	0	0	0	0	0	0	0	0	0	0	1
2	6	G	40000	32387	67.613	46.052	67613	25507	376	4	0	23191	1387	549	25171
2	6	A	40000	44572	55.428	43.621	55428	11807	194	1	0	9807	1385	420	11589
2	6	B	40000	37817	62.183	48.483	62183	13700	182	3	0	13384	2	129	13582
2	7	G	40000	0	100	100	100000	200000	200000	200000	200000	200000	200000	200000	200002
2	7	A	40000	0	100	100	100000	100000	100000	100000	100000	100000	100000	100000	100001
2	7	B	40000	0	100	100	100000	100000	100000	100000	100000	100000	100000	100000	100001
3	0	G	40000	826	99.174	74.0915	99174	18071	255	3	0	16766	371	676	17496
3	0	A	40000	1362	98.638	96.747	98638	1891	200	0	0	1012	29	650	1352
3	0	B	40000	32384	67.616	51.436	67616	16180	55	3	0	15754	342	26	16144
3	0	cSpy was 14 spamed and the readout avoided!
3	1	G	40000	0	100	100	100000	200000	200000	200000	200000	200000	200000	200000	200002
3	1	A	40000	0	100	100	100000	100000	100000	100000	100000	100000	100000	100000	100001
3	1	B	40000	0	100	100	100000	100000	100000	100000	100000	100000	100000	100000	100001
3	2	G	40000	99937	0.0630021	0	63	126	0	0	0	126	0	0	128
3	2	A	40000	99937	0.0630021	0	63	63	0	0	0	63	0	0	64
3	2	B	40000	99937	0.0630021	0	63	63	0	0	0	63	0	0	64
3	3	G	40000	100000	0	0	0	0	0	0	0	0	0	0	2
3	3	A	40000	100000	0	0	0	0	0	0	0	0	0	0	1
3	3	B	40000	100000	0	0	0	0	0	0	0	0	0	0	1
3	4	G	40000	85793	14.207	3.8415	14207	17995	0	0	0	17955	35	5	17997
3	4	A	40000	87259	12.741	3.669	12741	9072	0	0	0	9041	26	5	9073
3	4	B	40000	87063	12.937	4.014	12937	8923	0	0	0	8914	9	0	8924
3	5	G	40000	0	100	100	100000	200000	200000	200000	200000	200000	200000	200000	200002
3	5	A	40000	0	100	100	100000	100000	100000	100000	100000	100000	100000	100000	100001
3	5	B	40000	0	100	100	100000	100000	100000	100000	100000	100000	100000	100000	100001
3	6	G	40000	80486	19.514	4.4935	19514	26776	13	14	0	25403	1338	8	26774
3	6	A	40000	81304	18.696	4.474	18696	14222	2	0	0	12929	1285	6	14223
3	6	B	40000	82933	17.067	4.513	17067	12554	11	14	0	12474	53	2	12551
3	6	cSpy was 4 spamed and the readout avoided!
3	7	G	40000	100000	0	0	0	0	0	0	0	0	0	0	2
3	7	A	40000	100000	0	0	0	0	0	0	0	0	0	0	1
3	7	B	40000	100000	0	0	0	0	0	0	0	0	0	0	1
4	0	G	40000	1089	98.911	61.973	98911	26541	147	2	0	24278	1891	223	26283
4	0	A	40000	1722	98.278	96.326	98278	1952	110	0	0	1109	524	209	1720
4	0	B	40000	47791	52.209	27.62	52209	24589	37	2	0	23169	1367	14	24563
4	0	cSpy was 1 spamed and the readout avoided!
4	1	G	40000	100000	0	0	0	0	0	0	0	0	0	0	2
4	1	A	40000	100000	0	0	0	0	0	0	0	0	0	0	1
4	1	B	40000	100000	0	0	0	0	0	0	0	0	0	0	1
4	2	G	40000	99342	0.658	0.0805	658	1075	0	0	0	1075	0	0	1077
4	2	A	40000	99376	0.624001	0.089	624	535	0	0	0	535	0	0	536
4	2	B	40000	99388	0.612003	0.072	612	540	0	0	0	540	0	0	541
4	3	G	40000	22120	77.88	55.7785	77880	35080	664	0	0	33798	111	507	34201
4	3	A	40000	26451	73.549	56.023	73549	17526	321	0	0	16838	5	362	16940
4	3	B	40000	26912	73.088	55.534	73088	17554	343	0	0	16960	106	145	17261
4	3	cSpy was 7 spamed and the readout avoided!
4	4	G	40000	7672	92.328	70.8825	92328	28273	114	18	1	25313	2417	410	28006
4	4	A	40000	14650	85.35	71.395	85350	13955	46	11	1	12262	1262	373	13743
4	4	B	40000	15312	84.688	70.37	84688	14318	68	7	0	13051	1155	37	14263
4	4	cSpy was 20 spamed and the readout avoided!
4	5	G	40000	100000	0	0	0	0	0	0	0	0	0	0	2
4	5	A	40000	100000	0	0	0	0	0	0	0	0	0	0	1
4	5	B	40000	100000	0	0	0	0	0	0	0	0	0	0	1
4	6	G	40000	100000	0	0	0	0	0	0	0	0	0	0	2
4	6	A	40000	100000	0	0	0	0	0	0	0	0	0	0	1
4	6	B	40000	100000	0	0	0	0	0	0	0	0	0	0	1
4	7	G	40000	28246	71.754	48.6295	71754	36491	384	0	0	35752	27	328	36004
4	7	A	40000	33023	66.977	48.77	66977	18207	187	0	0	17768	2	250	17867
4	7	B	40000	33227	66.773	48.489	66773	18284	197	0	0	17984	25	78	18137
4	7	cSpy was 6 spamed and the readout avoided!
5	0	G	40000	487	99.513	57.8275	99513	15737	141	0	0	14672	101	823	15192
5	0	A	40000	593	99.407	98.268	99407	1139	141	0	0	82	93	823	593
5	0	B	40000	68015	31.985	17.387	31985	14598	0	0	0	14590	8	0	14599
5	0	cSpy was 67 spamed and the readout avoided!
5	1	G	40000	45312	54.688	31.421	54688	35839	83	0	0	35637	4	115	35750
5	1	A	40000	50693	49.307	31.558	49307	17749	41	0	0	17596	4	108	17675
5	1	B	40000	50626	49.374	31.284	49374	18090	42	0	0	18041	0	7	18075
5	1	cSpy was 9 spamed and the readout avoided!
5	2	G	40000	31	99.969	98.747	99969	1644	29	0	0	644	83	888	857
5	2	A	40000	77	99.923	99.156	99923	767	1	0	0	5	0	761	77
5	2	B	40000	785	99.215	98.338	99215	877	28	0	0	639	83	127	780
5	2	cSpy was 28 spamed and the readout avoided!
5	3	G	40000	99470	0.529999	0	530	1059	0	0	0	1058	1	0	1061
5	3	A	40000	99470	0.529999	0	530	530	0	0	0	529	1	0	531
5	3	B	40000	99471	0.528997	0	529	529	0	0	0	529	0	0	530
5	4	G	40000	100000	0	0	0	0	0	0	0	0	0	0	2
5	4	A	40000	100000	0	0	0	0	0	0	0	0	0	0	1
5	4	B	40000	100000	0	0	0	0	0	0	0	0	0	0	1
5	5	G	40000	92339	7.661	1.9925	7661	9753	1	0	0	9752	0	0	9755
5	5	A	40000	93073	6.927	2.094	6927	4833	0	0	0	4833	0	0	4834
5	5	B	40000	93189	6.811	1.891	6811	4920	1	0	0	4919	0	0	4921
5	6	G	40000	0	100	100	100000	200000	200000	200000	200000	200000	200000	200000	200002
5	6	A	40000	0	100	100	100000	100000	100000	100000	100000	100000	100000	100000	100001
5	6	B	40000	0	100	100	100000	100000	100000	100000	100000	100000	100000	100000	100001
5	7	G	40000	55200	44.8	9.4605	44800	47524	5	4	0	42650	4782	83	47491
5	7	A	40000	65361	34.639	10.051	34639	24588	5	4	0	21247	3249	83	24554
5	7	B	40000	68194	31.806	8.87	31806	22936	0	0	0	21403	1533	0	22937
5	7	cSpy was 1 spamed and the readout avoided!
6	0	G	40000	561	99.439	96.2935	99439	3967	287	2	0	1891	1162	625	3432
6	0	A	40000	1193	98.807	97.175	98807	1632	158	0	0	118	785	571	1193
6	0	B	40000	2253	97.747	95.412	97747	2335	129	2	0	1773	377	54	2239
6	0	cSpy was 46 spamed and the readout avoided!
6	1	G	40000	11724	88.276	54.293	88276	44210	41	0	0	39446	4214	509	43916
6	1	A	40000	22291	77.709	56.537	77709	21172	36	0	0	18325	2314	497	20886
6	1	B	40000	24913	75.087	52.049	75087	23038	5	0	0	21121	1900	12	23030
6	1	cSpy was 47 spamed and the readout avoided!
6	2	G	40000	100000	0	0	0	0	0	0	0	0	0	0	2
6	2	A	40000	100000	0	0	0	0	0	0	0	0	0	0	1
6	2	B	40000	100000	0	0	0	0	0	0	0	0	0	0	1
6	3	G	40000	100000	0	0	0	0	0	0	0	0	0	0	2
6	3	A	40000	100000	0	0	0	0	0	0	0	0	0	0	1
6	3	B	40000	100000	0	0	0	0	0	0	0	0	0	0	1
6	4	G	40000	24645	75.355	54.06	75355	34427	715	0	0	33056	120	536	33476
6	4	A	40000	28485	71.515	54.323	71515	17192	347	0	0	16461	0	384	16552
6	4	B	40000	28968	71.032	53.797	71032	17235	368	0	0	16595	120	152	16924
6	4	cSpy was 8 spamed and the readout avoided!
6	5	G	40000	7168	92.832	70.0025	92832	29584	42	1	1	26598	2330	612	29263
6	5	A	40000	14307	85.693	71.548	85693	14145	2	0	0	12509	1049	585	13864
6	5	B	40000	16104	83.896	68.457	83896	15439	40	1	1	14089	1281	27	15399
6	5	cSpy was 12 spamed and the readout avoided!
6	6	G	40000	100000	0	0	0	0	0	0	0	0	0	0	2
6	6	A	40000	100000	0	0	0	0	0	0	0	0	0	0	1
6	6	B	40000	100000	0	0	0	0	0	0	0	0	0	0	1
6	7	G	40000	100000	0	0	0	0	0	0	0	0	0	0	2
6	7	A	40000	100000	0	0	0	0	0	0	0	0	0	0	1
6	7	B	40000	100000	0	0	0	0	0	0	0	0	0	0	1
7	0	G	40000	1861	98.139	48.188	98139	3522	200	0	0	2650	93	579	3025
7	0	A	40000	1882	98.118	95.76	98118	2358	200	0	0	1486	93	579	1860
7	0	B	40000	98220	1.78	0.616	1780	1164	0	0	0	1164	0	0	1165
7	1	G	40000	100000	0	0	0	0	0	0	0	0	0	0	2
7	1	A	40000	100000	0	0	0	0	0	0	0	0	0	0	1
7	1	B	40000	100000	0	0	0	0	0	0	0	0	0	0	1
7	2	G	40000	95125	4.875	1.1025	4875	5605	2	4	0	5554	41	4	5605
7	2	A	40000	95976	4.024	1.231	4024	2793	2	4	0	2757	26	4	2792
7	2	B	40000	96214	3.786	0.974	3786	2812	0	0	0	2797	15	0	2813
7	2	cSpy was 1 spamed and the readout avoided!
7	3	G	40000	0	100	100	100000	200000	200000	200000	200000	200000	200000	200000	200002
7	3	A	40000	0	100	100	100000	100000	100000	100000	100000	100000	100000	100000	100001
7	3	B	40000	0	100	100	100000	100000	100000	100000	100000	100000	100000	100000	100001
7	4	G	40000	91064	8.936	0.827	8936	15251	0	0	0	14506	739	6	15253
7	4	A	40000	91129	8.871	0.827	8871	8044	0	0	0	7368	670	6	8045
7	4	B	40000	91966	8.034	0.827	8034	7207	0	0	0	7138	69	0	7208
7	5	G	40000	100000	0	0	0	0	0	0	0	0	0	0	2
7	5	A	40000	100000	0	0	0	0	0	0	0	0	0	0	1
7	5	B	40000	100000	0	0	0	0	0	0	0	0	0	0	1
7	6	G	40000	95776	4.224	1.4205	4224	3333	8	10	0	3256	45	14	3330
7	6	A	40000	96798	3.202	1.571	3202	1631	8	10	0	1593	7	13	1627
7	6	B	40000	97028	2.972	1.27	2972	1702	0	0	0	1663	38	1	1703
7	6	cSpy was 1 spamed and the readout avoided!
7	7	G	40000	52768	47.232	20.8965	47232	39361	9	36	0	38293	877	146	39301
7	7	A	40000	58672	41.328	21.401	41328	19927	5	36	0	19379	362	145	19869
7	7	B	40000	60174	39.826	20.392	39826	19434	4	0	0	18914	515	1	19432
7	7	cSpy was 6 spamed and the readout avoided!
